0,678,600,3,2
2,678,602,3,3
3,678,603,3,3
4,678,604,3,3
5,678,605,3,3
5,722,30,2,0
6,678,606,3,3
6,722,31,2,0
7,678,607,3,3
7,722,32,2,0
8,678,608,3,3
9,678,8,0,1
9,722,8,0,1
10,678,9,0,1
10,722,9,0,1
11,678,10,0,1
12,678,11,0,1
13,678,12,0,1
15,678,16,1,0
16,678,17,1,0
17,678,18,1,0
18,678,19,1,0
18,722,19,1,0
19,678,20,1,0
19,722,20,1,0
20,678,620,3,3
21,678,621,3,3
21,722,46,2,0
22,678,622,3,3
22,722,47,2,0
23,678,623,3,3
24,678,624,3,3
25,678,0,0,1
27,678,2,0,2
28,678,3,0,2
29,678,4,0,2
30,678,5,0,2
30,722,55,3,0
31,678,6,0,2
31,722,56,3,0
32,678,7,0,2
32,722,57,3,0
33,629,58,3,0
33,678,8,0,2
34,629,59,3,0
34,678,33,1,2
34,722,33,1,2
35,629,60,3,0
35,678,34,1,2
35,722,34,1,2
36,678,35,1,2
37,678,36,1,2
38,678,37,1,2
40,678,41,2,1
41,678,42,2,1
42,629,67,3,0
42,678,43,2,1
43,629,68,3,0
43,678,44,2,1
43,722,44,2,1
44,629,69,3,0
44,678,45,2,1
44,722,45,2,1
45,629,70,3,0
45,678,20,0,2
46,678,21,0,2
46,722,71,3,0
47,678,22,0,2
47,722,72,3,0
48,678,23,0,2
49,678,24,0,2
50,678,25,0,2
52,678,27,0,3
53,678,28,0,3
54,678,29,0,3
55,678,30,0,3
55,722,80,3,0
56,678,31,0,3
56,722,81,3,0
57,678,32,0,3
57,722,82,3,0
58,678,33,0,3
59,678,58,1,2
59,722,58,1,2
60,678,59,1,2
60,722,59,1,2
61,678,60,1,2
62,678,61,1,2
63,678,62,1,2
65,678,66,2,1
66,678,67,2,1
67,678,68,2,1
68,678,69,2,1
68,722,69,2,1
69,678,70,2,1
69,722,70,2,1
70,678,45,0,3
71,678,46,0,3
71,722,96,3,0
72,678,47,0,3
72,722,97,3,0
73,678,48,0,3
74,678,49,0,3
75,678,50,0,2
77,678,52,0,3
78,678,53,0,3
79,678,54,0,3
80,678,55,0,3
80,722,105,3,0
81,678,56,0,3
81,722,106,3,0
82,678,57,0,3
82,722,107,3,0
83,678,58,0,3
83,722,108,3,0
84,678,83,1,2
84,722,83,1,2
85,678,84,1,2
85,722,84,1,2
86,678,85,1,2
87,678,86,1,2
88,678,87,1,2
90,678,91,2,1
91,678,92,2,1
92,678,93,2,1
93,678,94,2,1
93,722,94,2,1
94,678,95,2,1
94,722,95,2,1
95,678,70,0,3
95,722,120,3,0
96,678,71,0,3
96,722,121,3,0
97,678,72,0,3
97,722,122,3,0
98,678,73,0,3
99,678,74,0,3
100,678,125,2,0
102,678,127,3,0
103,678,128,3,0
104,678,129,3,0
105,678,130,3,0
105,722,130,3,0
106,678,131,3,0
106,722,131,3,0
107,678,132,3,0
107,722,132,3,0
108,722,133,3,0
109,678,108,1,2
109,722,108,1,2
110,678,109,1,2
110,722,109,1,2
111,678,110,1,2
112,678,111,1,2
113,678,112,1,2
115,678,116,2,1
116,678,117,2,1
117,678,118,2,1
118,678,119,2,1
118,722,119,2,1
119,678,120,2,1
119,722,120,2,1
120,722,145,3,0
121,678,146,3,0
121,722,146,3,0
122,678,147,3,0
122,722,147,3,0
123,678,148,3,0
124,678,149,3,0
125,678,150,2,0
127,678,152,3,0
128,678,153,3,0
129,678,154,3,0
130,678,155,3,0
130,722,155,3,0
131,678,156,3,0
131,722,156,3,0
132,678,157,3,0
132,722,157,3,0
133,678,158,3,0
133,722,158,3,0
134,678,133,1,2
134,722,133,1,2
135,678,134,1,2
135,722,134,1,2
136,678,135,1,2
137,678,136,1,2
138,678,137,1,2
140,678,141,2,1
141,678,142,2,1
142,678,143,2,1
143,678,144,2,1
143,722,144,2,1
144,678,145,2,1
144,722,145,2,1
145,678,170,3,0
145,722,170,3,0
146,678,171,3,0
146,722,171,3,0
147,678,172,3,0
147,722,172,3,0
148,678,173,3,0
149,678,174,3,0
150,678,175,2,0
152,678,177,3,0
153,678,178,3,0
154,678,179,3,0
155,678,180,3,0
155,722,180,3,0
156,678,181,3,0
156,722,181,3,0
157,678,182,3,0
157,722,182,3,0
158,678,183,3,0
158,722,183,3,0
159,678,158,1,2
159,722,158,1,2
160,678,159,1,2
160,722,159,1,2
161,678,160,1,2
162,678,161,1,2
163,678,162,1,2
165,678,166,2,1
166,678,167,2,1
167,678,168,2,1
168,678,169,2,1
168,722,169,2,1
169,678,170,2,1
169,722,170,2,1
170,678,195,3,0
170,722,195,3,0
171,678,196,3,0
171,722,196,3,0
172,678,197,3,0
172,722,197,3,0
173,678,198,3,0
174,678,199,3,0
175,678,200,2,0
177,678,202,3,0
178,678,203,3,0
179,678,204,3,0
180,678,205,3,0
180,722,205,3,0
181,678,206,3,0
181,722,206,3,0
182,678,207,3,0
182,722,207,3,0
183,678,208,3,0
183,722,208,3,0
184,678,183,1,2
184,722,183,1,2
185,678,184,1,2
185,722,184,1,2
186,678,185,1,2
187,678,186,1,2
188,678,187,1,2
190,678,191,2,1
191,678,192,2,1
192,678,193,2,1
193,678,194,2,1
193,722,194,2,1
194,678,195,2,1
194,722,195,2,1
195,678,220,3,0
195,722,220,3,0
196,678,221,3,0
196,722,221,3,0
197,678,222,3,0
197,722,222,3,0
198,678,223,3,0
199,678,224,3,0
200,678,225,2,0
202,678,227,3,0
203,678,228,3,0
204,678,229,3,0
205,678,230,3,0
205,722,230,3,0
206,678,231,3,0
206,722,231,3,0
207,678,232,3,0
207,722,232,3,0
208,678,233,3,0
208,722,233,3,0
209,678,208,1,2
209,722,208,1,2
210,678,209,1,2
210,722,209,1,2
211,678,210,1,2
212,678,211,1,2
213,678,212,1,2
215,678,216,2,1
216,678,217,2,1
217,678,218,2,1
218,678,219,2,1
218,722,219,2,1
219,678,220,2,1
219,722,220,2,1
220,678,245,3,0
220,722,245,3,0
221,678,246,3,0
221,722,246,3,0
222,678,247,3,0
222,722,247,3,0
223,678,248,3,0
224,678,249,3,0
225,678,250,2,0
227,678,252,3,0
228,678,253,3,0
229,678,254,3,0
230,678,255,3,0
230,722,255,3,0
231,678,256,3,0
231,722,256,3,0
232,678,257,3,0
232,722,257,3,0
233,678,258,3,0
233,722,258,3,0
234,678,233,1,2
234,722,233,1,2
235,678,234,1,2
235,722,234,1,2
236,678,235,1,2
237,678,236,1,2
238,678,237,1,2
240,678,241,2,1
241,678,242,2,1
242,678,243,2,1
243,678,244,2,1
243,722,244,2,1
244,678,245,2,1
244,722,245,2,1
245,678,270,3,0
245,722,270,3,0
246,678,271,3,0
246,722,271,3,0
247,678,272,3,0
247,722,272,3,0
248,678,273,3,0
249,678,274,3,0
250,678,275,2,0
252,678,277,3,0
253,678,278,3,0
254,678,279,3,0
255,678,280,3,0
255,722,722,101,0
256,678,281,3,0
256,722,255,1,2
257,678,282,3,0
257,722,256,1,2
258,678,283,3,0
258,722,257,1,2
259,678,258,1,2
259,722,258,1,2
260,678,259,1,2
260,722,259,1,2
261,678,260,1,2
262,678,261,1,2
263,678,262,1,2
265,678,266,2,1
266,678,267,2,1
267,678,268,2,1
268,678,269,2,1
268,722,269,2,1
269,678,270,2,1
269,722,270,2,1
270,678,295,3,0
270,722,271,2,1
271,678,296,3,0
271,722,272,2,1
272,678,297,3,0
272,722,273,2,1
273,678,298,3,0
274,678,299,3,0
275,678,300,2,0
277,678,302,3,0
278,678,303,3,0
279,678,304,3,0
280,678,305,3,0
280,722,255,0,3
281,678,306,3,0
281,722,256,0,3
282,678,307,3,0
282,722,257,0,3
283,678,308,3,0
284,678,283,1,2
284,722,283,1,2
285,678,284,1,2
285,722,284,1,2
286,678,285,1,2
287,678,286,1,2
288,678,287,1,2
290,678,291,2,1
291,678,292,2,1
292,678,293,2,1
293,678,294,2,1
293,722,294,2,1
294,678,295,2,1
294,722,295,2,1
295,678,320,3,0
296,678,321,3,0
296,722,271,0,3
297,678,322,3,0
297,722,272,0,3
298,678,323,3,0
299,678,324,3,0
300,678,325,2,0
302,678,327,3,0
303,678,328,3,0
304,678,329,3,0
305,678,330,3,0
305,722,280,0,3
306,678,331,3,0
306,722,281,0,3
307,678,332,3,0
307,722,282,0,3
308,678,333,3,0
309,678,308,1,2
309,722,308,1,2
310,678,309,1,2
310,722,309,1,2
311,678,310,1,2
312,678,311,1,2
313,678,312,1,2
315,678,316,2,1
316,678,317,2,1
317,678,318,2,1
318,678,319,2,1
318,722,319,2,1
319,678,320,2,1
319,722,320,2,1
320,678,345,3,0
321,678,346,3,0
321,722,296,0,3
322,678,347,3,0
322,722,297,0,3
323,678,348,3,0
324,678,349,3,0
325,678,350,2,0
327,678,352,3,0
328,678,353,3,0
329,678,354,3,0
330,678,355,3,0
330,722,305,0,3
331,678,356,3,0
331,722,306,0,3
332,678,357,3,0
332,722,307,0,3
333,629,334,2,1
333,678,358,3,0
334,629,335,2,1
334,678,333,1,2
334,722,333,1,2
335,629,336,2,1
335,678,334,1,2
335,722,334,1,2
336,678,335,1,2
337,678,336,1,2
338,678,337,1,2
340,678,341,2,1
341,678,342,2,1
342,629,629,8,0
342,678,343,2,1
343,629,342,1,2
343,678,344,2,1
343,722,344,2,1
344,629,343,1,2
344,678,345,2,1
344,722,345,2,1
345,629,344,1,2
345,678,370,3,0
346,678,371,3,0
346,722,321,0,3
347,678,372,3,0
347,722,322,0,3
348,678,373,3,0
349,678,374,3,0
350,678,375,2,0
352,678,377,3,0
353,678,378,3,0
354,678,379,3,0
355,678,380,3,0
355,722,330,0,3
356,678,381,3,0
356,722,331,0,3
357,678,382,3,0
357,722,332,0,3
358,629,333,0,3
358,678,383,3,0
359,629,334,0,3
359,678,358,1,2
359,722,358,1,2
360,629,335,0,3
360,678,359,1,2
360,722,359,1,2
361,678,360,1,2
362,678,361,1,2
363,678,362,1,2
365,678,366,2,1
366,678,367,2,1
367,629,342,0,3
367,678,368,2,1
368,629,343,0,3
368,678,369,2,1
368,722,369,2,1
369,629,344,0,3
369,678,370,2,1
369,722,370,2,1
370,629,345,0,3
370,678,395,3,0
371,678,396,3,0
371,722,346,0,3
372,678,397,3,0
372,722,347,0,3
373,678,398,3,0
374,678,399,3,0
375,678,400,2,0
377,678,402,3,0
378,678,403,3,0
379,678,404,3,0
380,678,405,3,0
380,722,355,0,3
381,678,406,3,0
381,722,356,0,3
382,678,407,3,0
382,722,357,0,3
383,678,408,3,0
384,678,383,1,2
384,722,383,1,2
385,678,384,1,2
385,722,384,1,2
386,678,385,1,2
387,678,386,1,2
388,678,387,1,2
390,678,391,2,1
391,678,392,2,1
392,678,393,2,1
393,678,394,2,1
393,722,394,2,1
394,678,395,2,1
394,722,395,2,1
395,678,420,3,0
396,678,421,3,0
396,722,371,0,3
397,678,422,3,0
397,722,372,0,3
398,678,423,3,0
399,678,424,3,0
400,678,401,1,1
402,678,678,57,0
403,678,402,1,2
404,678,403,1,2
405,678,404,1,2
405,722,380,0,3
406,678,405,1,2
406,722,381,0,3
407,678,406,1,2
407,722,382,0,3
408,678,407,1,2
408,722,383,0,3
409,678,408,1,2
409,722,408,1,2
410,678,409,1,2
410,722,409,1,2
411,678,410,1,2
412,678,411,1,2
413,678,412,1,2
415,678,416,2,1
416,678,417,2,1
417,678,418,2,1
418,678,419,2,1
418,722,419,2,1
419,678,420,2,1
419,722,420,2,1
420,678,421,2,1
420,722,395,0,3
421,678,422,2,1
421,722,396,0,3
422,678,423,2,1
422,722,397,0,3
423,678,424,2,1
424,678,400,2,3
425,678,400,0,2
427,678,402,0,3
428,678,403,0,3
429,678,404,0,3
430,678,405,0,3
430,722,405,0,3
431,678,406,0,3
431,722,406,0,3
432,678,407,0,3
432,722,407,0,3
433,722,408,0,3
434,678,433,1,2
434,722,433,1,2
435,678,434,1,2
435,722,434,1,2
436,678,435,1,2
437,678,436,1,2
438,678,437,1,2
440,678,441,2,1
441,678,442,2,1
442,678,443,2,1
443,678,444,2,1
443,722,444,2,1
444,678,445,2,1
444,722,445,2,1
445,722,420,0,3
446,678,421,0,3
446,722,421,0,3
447,678,422,0,3
447,722,422,0,3
448,678,423,0,3
449,678,424,0,3
450,678,425,0,2
452,678,427,0,3
453,678,428,0,3
454,678,429,0,3
455,678,430,0,3
455,722,430,0,3
456,678,431,0,3
456,722,431,0,3
457,678,432,0,3
457,722,432,0,3
458,678,433,0,3
458,722,433,0,3
459,678,458,1,2
459,722,458,1,2
460,678,459,1,2
460,722,459,1,2
461,678,460,1,2
462,678,461,1,2
463,678,462,1,2
465,678,466,2,1
466,678,467,2,1
467,678,468,2,1
468,678,469,2,1
468,722,469,2,1
469,678,470,2,1
469,722,470,2,1
470,678,445,0,3
470,722,445,0,3
471,678,446,0,3
471,722,446,0,3
472,678,447,0,3
472,722,447,0,3
473,678,448,0,3
474,678,449,0,3
475,678,450,0,2
477,678,452,0,3
478,678,453,0,3
479,678,454,0,3
480,678,455,0,3
480,722,455,0,3
481,678,456,0,3
481,722,456,0,3
482,678,457,0,3
482,722,457,0,3
483,678,458,0,3
483,722,458,0,3
484,678,483,1,2
484,722,483,1,2
485,678,484,1,2
485,722,484,1,2
486,678,485,1,2
487,678,486,1,2
488,678,487,1,2
490,678,491,2,1
491,678,492,2,1
492,678,493,2,1
493,678,494,2,1
493,722,494,2,1
494,678,495,2,1
494,722,495,2,1
495,678,470,0,3
495,722,470,0,3
496,678,471,0,3
496,722,471,0,3
497,678,472,0,3
497,722,472,0,3
498,678,473,0,3
499,678,474,0,3
500,678,475,0,2
502,678,477,0,3
503,678,478,0,3
504,678,479,0,3
505,678,480,0,3
505,722,480,0,3
506,678,481,0,3
506,722,481,0,3
507,678,482,0,3
507,722,482,0,3
508,678,483,0,3
508,722,483,0,3
509,678,508,1,2
509,722,508,1,2
510,678,509,1,2
510,722,509,1,2
511,678,510,1,2
512,678,511,1,2
513,678,512,1,2
515,678,516,2,1
516,678,517,2,1
517,678,518,2,1
518,678,519,2,1
518,722,519,2,1
519,678,520,2,1
519,722,520,2,1
520,678,495,0,3
520,722,495,0,3
521,678,496,0,3
521,722,496,0,3
522,678,497,0,3
522,722,497,0,3
523,678,498,0,3
524,678,499,0,3
525,678,500,0,2
527,678,502,0,3
528,678,503,0,3
529,678,504,0,3
530,678,505,0,3
530,722,505,0,3
531,678,506,0,3
531,722,506,0,3
532,678,507,0,3
532,722,507,0,3
533,678,508,0,3
533,722,508,0,3
534,678,533,1,2
534,722,533,1,2
535,678,534,1,2
535,722,534,1,2
536,678,535,1,2
537,678,536,1,2
538,678,537,1,2
540,678,541,2,1
541,678,542,2,1
542,678,543,2,1
543,678,544,2,1
543,722,544,2,1
544,678,545,2,1
544,722,545,2,1
545,678,520,0,3
545,722,520,0,3
546,678,521,0,3
546,722,521,0,3
547,678,522,0,3
547,722,522,0,3
548,678,523,0,3
549,678,524,0,3
550,678,525,0,2
552,678,527,0,3
553,678,528,0,3
554,678,529,0,3
555,678,530,0,3
555,722,530,0,3
556,678,531,0,3
556,722,531,0,3
557,678,532,0,3
557,722,532,0,3
558,678,533,0,3
558,722,533,0,3
559,678,558,1,2
559,722,558,1,2
560,678,559,1,2
560,722,559,1,2
561,678,560,1,2
562,678,561,1,2
563,678,562,1,2
565,678,566,2,1
566,678,567,2,1
567,678,568,2,1
568,678,569,2,1
568,722,569,2,1
569,678,570,2,1
569,722,570,2,1
570,678,545,0,3
570,722,545,0,3
571,678,546,0,3
571,722,546,0,3
572,678,547,0,3
572,722,547,0,3
573,678,548,0,3
574,678,549,0,3
575,678,550,0,2
577,678,552,0,3
578,678,553,0,3
579,678,554,0,3
580,678,555,0,3
580,722,605,3,0
581,678,556,0,3
581,722,606,3,0
582,678,557,0,3
582,722,607,3,0
583,678,558,0,3
584,678,583,1,2
584,722,583,1,2
585,678,584,1,2
585,722,584,1,2
586,678,585,1,2
587,678,586,1,2
588,678,587,1,2
590,678,591,2,1
591,678,592,2,1
592,678,593,2,1
593,678,594,2,1
593,722,594,2,1
594,678,595,2,1
594,722,595,2,1
595,678,570,0,3
596,678,571,0,3
596,722,621,3,0
597,678,572,0,3
597,722,622,3,0
598,678,573,0,3
599,678,574,0,3
600,678,575,0,2
602,678,577,0,3
603,678,578,0,3
604,678,579,0,3
605,678,580,0,3
605,722,5,3,3
606,678,581,0,3
606,722,6,3,3
607,678,582,0,3
607,722,7,3,3
608,678,583,0,3
609,678,608,1,2
609,722,608,1,2
610,678,609,1,2
610,722,609,1,2
611,678,610,1,2
612,678,611,1,2
613,678,612,1,2
615,678,616,2,1
616,678,617,2,1
617,678,618,2,1
618,678,619,2,1
618,722,619,2,1
619,678,620,2,1
619,722,620,2,1
620,678,595,0,3
621,678,596,0,3
621,722,21,3,3
622,678,597,0,3
622,722,22,3,3
623,678,598,0,3
624,678,599,0,3
629,625,342,0,8
629,626,342,0,8
629,627,342,0,8
629,628,342,0,8
629,630,342,0,8
629,631,342,0,8
629,632,342,0,8
629,633,342,0,8
629,634,342,0,8
629,635,342,0,8
629,636,342,0,8
629,637,342,0,8
629,638,342,0,8
629,639,342,0,8
629,640,342,0,8
629,641,342,0,8
629,642,342,0,8
629,643,342,0,8
629,644,342,0,8
629,645,342,0,8
629,646,342,0,8
629,647,342,0,8
629,648,342,0,8
629,649,342,0,8
629,650,342,0,8
629,651,342,0,8
629,652,342,0,8
629,653,342,0,8
629,654,342,0,8
629,655,342,0,8
629,656,342,0,8
629,657,342,0,8
629,658,342,0,8
629,659,342,0,8
629,660,342,0,8
629,661,342,0,8
629,662,342,0,8
629,663,342,0,8
629,664,342,0,8
629,665,342,0,8
629,666,342,0,8
629,667,342,0,8
629,668,342,0,8
629,669,342,0,8
629,670,342,0,8
629,671,342,0,8
629,672,342,0,8
629,673,342,0,8
629,674,342,0,8
629,675,342,0,8
629,676,342,0,8
629,677,342,0,8
629,678,342,0,8
629,679,342,0,8
629,680,342,0,8
629,681,342,0,8
629,682,342,0,8
629,683,342,0,8
629,684,342,0,8
629,685,342,0,8
629,686,342,0,8
629,687,342,0,8
629,688,342,0,8
629,689,342,0,8
629,690,342,0,8
629,691,342,0,8
629,692,342,0,8
629,693,342,0,8
629,694,342,0,8
629,695,342,0,8
629,696,342,0,8
629,697,342,0,8
629,698,342,0,8
629,699,342,0,8
629,700,342,0,8
629,701,342,0,8
629,702,342,0,8
629,703,342,0,8
629,704,342,0,8
629,705,342,0,8
629,706,342,0,8
629,707,342,0,8
629,708,342,0,8
629,709,342,0,8
629,710,342,0,8
629,711,342,0,8
629,712,342,0,8
629,713,342,0,8
629,714,342,0,8
629,715,342,0,8
629,716,342,0,8
629,717,342,0,8
629,718,342,0,8
629,719,342,0,8
629,720,342,0,8
629,721,342,0,8
629,722,342,0,8
629,723,342,0,8
629,724,342,0,8
678,625,402,0,57
678,626,402,0,57
678,627,402,0,57
678,628,402,0,57
678,629,402,0,57
678,630,402,0,57
678,631,402,0,57
678,632,402,0,57
678,633,402,0,57
678,634,402,0,57
678,635,402,0,57
678,636,402,0,57
678,637,402,0,57
678,638,402,0,57
678,639,402,0,57
678,640,402,0,57
678,641,402,0,57
678,642,402,0,57
678,643,402,0,57
678,644,402,0,57
678,645,402,0,57
678,646,402,0,57
678,647,402,0,57
678,648,402,0,57
678,649,402,0,57
678,650,402,0,57
678,651,402,0,57
678,652,402,0,57
678,653,402,0,57
678,654,402,0,57
678,655,402,0,57
678,656,402,0,57
678,657,402,0,57
678,658,402,0,57
678,659,402,0,57
678,660,402,0,57
678,661,402,0,57
678,662,402,0,57
678,663,402,0,57
678,664,402,0,57
678,665,402,0,57
678,666,402,0,57
678,667,402,0,57
678,668,402,0,57
678,669,402,0,57
678,670,402,0,57
678,671,402,0,57
678,672,402,0,57
678,673,402,0,57
678,674,402,0,57
678,675,402,0,57
678,676,402,0,57
678,677,402,0,57
678,679,402,0,57
678,680,402,0,57
678,681,402,0,57
678,682,402,0,57
678,683,402,0,57
678,684,402,0,57
678,685,402,0,57
678,686,402,0,57
678,687,402,0,57
678,688,402,0,57
678,689,402,0,57
678,690,402,0,57
678,691,402,0,57
678,692,402,0,57
678,693,402,0,57
678,694,402,0,57
678,695,402,0,57
678,696,402,0,57
678,697,402,0,57
678,698,402,0,57
678,699,402,0,57
678,700,402,0,57
678,701,402,0,57
678,702,402,0,57
678,703,402,0,57
678,704,402,0,57
678,705,402,0,57
678,706,402,0,57
678,707,402,0,57
678,708,402,0,57
678,709,402,0,57
678,710,402,0,57
678,711,402,0,57
678,712,402,0,57
678,713,402,0,57
678,714,402,0,57
678,715,402,0,57
678,716,402,0,57
678,717,402,0,57
678,718,402,0,57
678,719,402,0,57
678,720,402,0,57
678,721,402,0,57
678,722,402,0,57
678,723,402,0,57
678,724,402,0,57
722,625,255,0,101
722,626,255,0,101
722,627,255,0,101
722,628,255,0,101
722,629,255,0,101
722,630,255,0,101
722,631,255,0,101
722,632,255,0,101
722,633,255,0,101
722,634,255,0,101
722,635,255,0,101
722,636,255,0,101
722,637,255,0,101
722,638,255,0,101
722,639,255,0,101
722,640,255,0,101
722,641,255,0,101
722,642,255,0,101
722,643,255,0,101
722,644,255,0,101
722,645,255,0,101
722,646,255,0,101
722,647,255,0,101
722,648,255,0,101
722,649,255,0,101
722,650,255,0,101
722,651,255,0,101
722,652,255,0,101
722,653,255,0,101
722,654,255,0,101
722,655,255,0,101
722,656,255,0,101
722,657,255,0,101
722,658,255,0,101
722,659,255,0,101
722,660,255,0,101
722,661,255,0,101
722,662,255,0,101
722,663,255,0,101
722,664,255,0,101
722,665,255,0,101
722,666,255,0,101
722,667,255,0,101
722,668,255,0,101
722,669,255,0,101
722,670,255,0,101
722,671,255,0,101
722,672,255,0,101
722,673,255,0,101
722,674,255,0,101
722,675,255,0,101
722,676,255,0,101
722,677,255,0,101
722,678,255,0,101
722,679,255,0,101
722,680,255,0,101
722,681,255,0,101
722,682,255,0,101
722,683,255,0,101
722,684,255,0,101
722,685,255,0,101
722,686,255,0,101
722,687,255,0,101
722,688,255,0,101
722,689,255,0,101
722,690,255,0,101
722,691,255,0,101
722,692,255,0,101
722,693,255,0,101
722,694,255,0,101
722,695,255,0,101
722,696,255,0,101
722,697,255,0,101
722,698,255,0,101
722,699,255,0,101
722,700,255,0,101
722,701,255,0,101
722,702,255,0,101
722,703,255,0,101
722,704,255,0,101
722,705,255,0,101
722,706,255,0,101
722,707,255,0,101
722,708,255,0,101
722,709,255,0,101
722,710,255,0,101
722,711,255,0,101
722,712,255,0,101
722,713,255,0,101
722,714,255,0,101
722,715,255,0,101
722,716,255,0,101
722,717,255,0,101
722,718,255,0,101
722,719,255,0,101
722,720,255,0,101
722,721,255,0,101
722,723,255,0,101
722,724,255,0,101
