0,629,24,2,1
0,662,25,1,0
0,670,24,2,1
0,681,24,2,1
0,687,24,2,1
0,693,600,3,2
0,709,1,0,0
1,662,26,2,0
1,670,0,0,0
1,681,0,0,0
1,693,601,3,3
2,662,27,2,0
2,670,1,0,1
2,681,1,0,1
3,670,4,1,0
4,662,29,2,0
4,670,5,1,0
4,681,5,1,0
4,693,604,3,3
5,662,30,2,0
5,670,6,1,0
5,681,6,1,0
5,693,605,3,3
5,709,6,1,0
6,629,7,1,0
6,633,606,3,3
6,660,7,1,0
6,662,31,2,0
6,670,7,1,0
6,681,7,1,0
6,687,5,0,1
6,693,606,3,3
6,709,7,1,0
7,629,8,1,0
7,633,607,3,3
7,644,607,3,3
7,660,8,1,0
7,662,32,2,0
7,670,8,1,0
7,681,8,1,0
7,693,607,3,3
7,709,8,1,0
8,629,9,1,0
8,633,608,3,3
8,644,608,3,3
8,660,9,1,0
8,662,33,2,0
8,670,9,1,0
8,681,9,1,0
8,693,608,3,3
8,709,9,1,0
9,629,609,3,3
9,633,609,3,3
9,644,609,3,3
9,660,609,3,3
9,662,34,2,0
9,670,609,3,3
9,681,609,3,3
9,693,609,3,3
9,709,34,2,0
10,629,610,3,3
10,633,9,0,1
10,644,9,0,1
10,660,610,3,3
10,662,9,0,1
10,670,610,3,3
10,681,610,3,3
10,693,9,0,1
10,709,35,2,0
11,629,611,3,3
11,633,10,0,1
11,644,10,0,1
11,660,611,3,3
11,662,10,0,1
11,670,611,3,3
11,681,611,3,3
11,693,10,0,1
11,709,36,2,0
12,629,612,3,3
12,633,11,0,1
12,660,612,3,3
12,662,11,0,1
12,670,612,3,3
12,681,612,3,3
12,687,13,1,0
12,693,11,0,1
12,709,37,2,0
13,662,12,0,1
13,670,613,3,3
13,681,613,3,3
13,693,12,0,1
14,662,13,0,1
14,670,614,3,3
14,681,614,3,3
14,693,13,0,1
15,670,615,3,3
16,662,17,1,0
16,670,616,3,3
16,681,616,3,3
17,662,18,1,0
17,670,617,3,3
17,681,617,3,3
17,693,18,1,0
18,629,618,3,3
18,662,19,1,0
18,670,618,3,3
18,681,618,3,3
18,693,19,1,0
18,709,17,0,1
19,629,619,3,3
19,633,20,1,0
19,660,619,3,3
19,662,20,1,0
19,670,619,3,3
19,681,619,3,3
19,693,20,1,0
19,709,44,2,0
20,629,620,3,3
20,633,21,1,0
20,644,21,1,0
20,660,620,3,3
20,662,21,1,0
20,670,620,3,3
20,681,620,3,3
20,693,21,1,0
20,709,45,2,0
21,629,621,3,3
21,633,621,3,3
21,644,621,3,3
21,660,621,3,3
21,662,46,2,0
21,670,621,3,3
21,681,621,3,3
21,693,621,3,3
21,709,46,2,0
22,629,21,0,1
22,633,622,3,3
22,644,622,3,3
22,660,21,0,1
22,662,47,2,0
22,670,21,0,1
22,681,21,0,1
22,693,622,3,3
22,709,21,0,1
23,629,22,0,1
23,633,623,3,3
23,644,623,3,3
23,660,22,0,1
23,662,48,2,0
23,670,22,0,1
23,681,22,0,1
23,693,623,3,3
23,709,22,0,1
24,629,23,0,1
24,633,624,3,3
24,660,23,0,1
24,662,49,2,0
24,670,23,0,1
24,681,23,0,1
24,693,624,3,3
24,709,23,0,1
25,629,49,3,2
25,662,50,2,0
25,670,49,3,2
25,681,49,3,2
25,687,49,3,2
25,693,50,2,0
25,709,26,1,1
26,662,51,3,0
26,670,25,1,1
26,681,25,1,1
26,693,51,3,0
27,662,52,3,0
27,670,26,1,2
27,681,26,1,2
28,670,29,2,1
29,662,54,3,0
29,670,30,2,1
29,681,30,2,1
29,693,54,3,0
30,662,55,3,0
30,670,31,2,1
30,681,31,2,1
30,693,55,3,0
30,709,31,2,1
31,629,32,2,1
31,633,6,0,2
31,660,32,2,1
31,662,56,3,0
31,670,32,2,1
31,681,32,2,1
31,687,30,1,2
31,693,56,3,0
31,709,32,2,1
32,629,33,2,1
32,633,7,0,2
32,644,7,0,2
32,660,33,2,1
32,662,57,3,0
32,670,33,2,1
32,681,33,2,1
32,693,57,3,0
32,709,33,2,1
33,629,34,2,1
33,633,8,0,2
33,644,8,0,2
33,660,34,2,1
33,662,58,3,0
33,670,34,2,1
33,681,34,2,1
33,693,58,3,0
33,709,34,2,1
34,629,9,0,2
34,633,9,0,2
34,644,9,0,2
34,662,59,3,0
34,670,9,0,2
34,681,9,0,2
34,709,59,3,0
35,629,10,0,2
35,633,34,1,2
35,644,34,1,2
35,660,10,0,2
35,662,34,1,2
35,670,10,0,2
35,681,10,0,2
35,693,34,1,2
35,709,60,3,0
36,629,11,0,2
36,633,35,1,2
36,644,35,1,2
36,660,11,0,2
36,662,35,1,2
36,670,11,0,2
36,681,11,0,2
36,693,35,1,2
36,709,61,3,0
37,629,12,0,2
37,633,36,1,2
37,660,12,0,2
37,662,36,1,2
37,670,12,0,2
37,681,12,0,2
37,687,38,2,1
37,693,36,1,2
37,709,62,3,0
38,662,37,1,2
38,670,13,0,2
38,681,13,0,2
38,693,37,1,2
39,662,38,1,2
39,670,14,0,2
39,681,14,0,2
39,693,38,1,2
40,670,15,0,2
41,662,42,2,1
41,670,16,0,2
41,681,16,0,2
42,662,43,2,1
42,670,17,0,2
42,681,17,0,2
42,693,43,2,1
43,629,18,0,2
43,662,44,2,1
43,670,18,0,2
43,681,18,0,2
43,693,44,2,1
43,709,42,1,2
44,629,19,0,2
44,633,45,2,1
44,660,19,0,2
44,662,45,2,1
44,670,19,0,2
44,681,19,0,2
44,693,45,2,1
44,709,69,3,0
45,629,20,0,2
45,633,46,2,1
45,644,46,2,1
45,660,20,0,2
45,662,46,2,1
45,670,20,0,2
45,681,20,0,2
45,693,46,2,1
45,709,70,3,0
46,629,21,0,2
46,633,21,0,2
46,644,21,0,2
46,662,71,3,0
46,670,21,0,2
46,681,21,0,2
46,709,71,3,0
47,629,46,1,2
47,633,22,0,2
47,644,22,0,2
47,660,46,1,2
47,662,72,3,0
47,670,46,1,2
47,681,46,1,2
47,693,72,3,0
47,709,46,1,2
48,629,47,1,2
48,633,23,0,2
48,644,23,0,2
48,660,47,1,2
48,662,73,3,0
48,670,47,1,2
48,681,47,1,2
48,693,73,3,0
48,709,47,1,2
49,629,48,1,2
49,633,24,0,2
49,660,48,1,2
49,662,74,3,0
49,670,48,1,2
49,681,48,1,2
49,693,74,3,0
49,709,48,1,2
50,629,74,3,2
50,662,75,2,0
50,670,74,3,2
50,681,74,3,2
50,687,74,3,2
50,693,75,2,0
50,709,51,1,1
51,662,76,3,0
51,670,50,1,1
51,681,50,1,1
51,693,76,3,0
52,662,77,3,0
52,670,51,1,2
52,681,51,1,2
53,670,54,2,1
54,662,79,3,0
54,670,55,2,1
54,681,55,2,1
54,693,79,3,0
55,662,80,3,0
55,670,56,2,1
55,681,56,2,1
55,693,80,3,0
55,709,56,2,1
56,629,57,2,1
56,633,81,3,0
56,660,57,2,1
56,662,81,3,0
56,670,57,2,1
56,681,57,2,1
56,687,55,1,2
56,693,81,3,0
56,709,57,2,1
57,629,58,2,1
57,633,82,3,0
57,644,82,3,0
57,660,58,2,1
57,662,82,3,0
57,670,58,2,1
57,681,58,2,1
57,693,82,3,0
57,709,58,2,1
58,629,59,2,1
58,633,83,3,0
58,644,83,3,0
58,660,59,2,1
58,662,83,3,0
58,670,59,2,1
58,681,59,2,1
58,693,83,3,0
58,709,59,2,1
59,662,84,3,0
59,670,34,0,3
59,681,34,0,3
59,693,84,3,0
60,629,85,3,0
60,633,59,1,2
60,644,59,1,2
60,660,35,0,3
60,662,59,1,2
60,670,35,0,3
60,681,35,0,3
60,693,59,1,2
60,709,85,3,0
61,629,86,3,0
61,633,60,1,2
61,644,60,1,2
61,660,36,0,3
61,662,60,1,2
61,670,36,0,3
61,681,36,0,3
61,693,60,1,2
61,709,86,3,0
62,629,87,3,0
62,633,61,1,2
62,660,37,0,3
62,662,61,1,2
62,670,37,0,3
62,681,37,0,3
62,687,63,2,1
62,693,61,1,2
62,709,87,3,0
63,662,62,1,2
63,670,38,0,3
63,681,38,0,3
63,693,62,1,2
64,662,63,1,2
64,670,39,0,3
64,681,39,0,3
64,693,63,1,2
65,670,40,0,3
66,662,67,2,1
66,670,41,0,3
66,681,41,0,3
67,662,68,2,1
67,670,42,0,3
67,681,42,0,3
67,693,68,2,1
68,629,93,3,0
68,662,69,2,1
68,670,43,0,3
68,681,43,0,3
68,693,69,2,1
68,709,67,1,2
69,629,94,3,0
69,633,70,2,1
69,660,44,0,3
69,662,70,2,1
69,670,44,0,3
69,681,44,0,3
69,693,70,2,1
69,709,94,3,0
70,629,95,3,0
70,633,71,2,1
70,644,71,2,1
70,660,45,0,3
70,662,71,2,1
70,670,45,0,3
70,681,45,0,3
70,693,71,2,1
70,709,95,3,0
71,662,96,3,0
71,670,46,0,3
71,681,46,0,3
71,693,96,3,0
72,629,71,1,2
72,633,97,3,0
72,644,97,3,0
72,660,71,1,2
72,662,97,3,0
72,670,71,1,2
72,681,71,1,2
72,693,97,3,0
72,709,71,1,2
73,629,72,1,2
73,633,98,3,0
73,644,98,3,0
73,660,72,1,2
73,662,98,3,0
73,670,72,1,2
73,681,72,1,2
73,693,98,3,0
73,709,72,1,2
74,629,73,1,2
74,633,99,3,0
74,660,73,1,2
74,662,99,3,0
74,670,73,1,2
74,681,73,1,2
74,693,99,3,0
74,709,73,1,2
75,629,99,3,2
75,662,100,2,0
75,670,99,3,2
75,681,99,3,2
75,687,99,3,2
75,693,100,2,0
75,709,76,1,1
76,662,101,3,0
76,670,75,1,1
76,681,75,1,1
76,693,101,3,0
77,662,102,3,0
77,670,76,1,2
77,681,76,1,2
78,670,79,2,1
79,662,104,3,0
79,670,80,2,1
79,681,80,2,1
79,693,104,3,0
80,662,105,3,0
80,670,81,2,1
80,681,81,2,1
80,693,105,3,0
80,709,81,2,1
81,629,82,2,1
81,633,106,3,0
81,660,82,2,1
81,662,106,3,0
81,670,82,2,1
81,681,82,2,1
81,687,80,1,2
81,693,106,3,0
81,709,82,2,1
82,629,83,2,1
82,633,107,3,0
82,644,107,3,0
82,660,83,2,1
82,662,107,3,0
82,670,83,2,1
82,681,83,2,1
82,693,107,3,0
82,709,83,2,1
83,629,84,2,1
83,633,108,3,0
83,644,108,3,0
83,660,84,2,1
83,662,108,3,0
83,670,84,2,1
83,681,84,2,1
83,693,108,3,0
83,709,84,2,1
84,662,109,3,0
84,670,59,0,3
84,681,59,0,3
84,693,109,3,0
85,629,110,3,0
85,633,84,1,2
85,644,84,1,2
85,660,60,0,3
85,662,84,1,2
85,670,60,0,3
85,681,60,0,3
85,693,84,1,2
85,709,110,3,0
86,629,111,3,0
86,633,85,1,2
86,644,85,1,2
86,660,61,0,3
86,662,85,1,2
86,670,61,0,3
86,681,61,0,3
86,693,85,1,2
86,709,111,3,0
87,629,112,3,0
87,633,86,1,2
87,660,62,0,3
87,662,86,1,2
87,670,62,0,3
87,681,62,0,3
87,687,88,2,1
87,693,86,1,2
87,709,112,3,0
88,662,87,1,2
88,670,63,0,3
88,681,63,0,3
88,693,87,1,2
89,662,88,1,2
89,670,64,0,3
89,681,64,0,3
89,693,88,1,2
90,670,65,0,3
91,662,92,2,1
91,670,66,0,3
91,681,66,0,3
92,662,93,2,1
92,670,67,0,3
92,681,67,0,3
92,693,93,2,1
93,629,118,3,0
93,662,94,2,1
93,670,68,0,3
93,681,68,0,3
93,693,94,2,1
93,709,92,1,2
94,629,119,3,0
94,633,95,2,1
94,660,69,0,3
94,662,95,2,1
94,670,69,0,3
94,681,69,0,3
94,693,95,2,1
94,709,119,3,0
95,629,120,3,0
95,633,96,2,1
95,644,96,2,1
95,660,70,0,3
95,662,96,2,1
95,670,70,0,3
95,681,70,0,3
95,693,96,2,1
95,709,120,3,0
96,662,121,3,0
96,670,71,0,3
96,681,71,0,3
96,693,121,3,0
97,629,96,1,2
97,633,122,3,0
97,644,122,3,0
97,660,96,1,2
97,662,122,3,0
97,670,96,1,2
97,681,96,1,2
97,693,122,3,0
97,709,96,1,2
98,629,97,1,2
98,633,123,3,0
98,644,123,3,0
98,660,97,1,2
98,662,123,3,0
98,670,97,1,2
98,681,97,1,2
98,693,123,3,0
98,709,97,1,2
99,629,98,1,2
99,633,124,3,0
99,660,98,1,2
99,662,124,3,0
99,670,98,1,2
99,681,98,1,2
99,693,124,3,0
99,709,98,1,2
100,629,124,3,2
100,662,125,2,0
100,670,124,3,2
100,681,124,3,2
100,687,124,3,2
100,693,125,2,0
100,709,101,1,1
101,662,126,3,0
101,670,100,1,1
101,681,100,1,1
101,693,126,3,0
102,662,127,3,0
102,670,101,1,2
102,681,101,1,2
103,670,104,2,1
104,662,129,3,0
104,670,105,2,1
104,681,105,2,1
104,693,129,3,0
105,662,130,3,0
105,670,106,2,1
105,681,106,2,1
105,693,130,3,0
105,709,106,2,1
106,629,107,2,1
106,633,131,3,0
106,660,107,2,1
106,662,131,3,0
106,670,107,2,1
106,681,107,2,1
106,687,105,1,2
106,693,131,3,0
106,709,107,2,1
107,629,108,2,1
107,633,132,3,0
107,644,132,3,0
107,660,108,2,1
107,662,132,3,0
107,670,108,2,1
107,681,108,2,1
107,693,132,3,0
107,709,108,2,1
108,629,109,2,1
108,633,133,3,0
108,644,133,3,0
108,660,109,2,1
108,662,133,3,0
108,670,109,2,1
108,681,109,2,1
108,693,133,3,0
108,709,109,2,1
109,662,134,3,0
109,670,84,0,3
109,681,84,0,3
109,693,134,3,0
110,629,135,3,0
110,633,109,1,2
110,644,109,1,2
110,660,85,0,3
110,662,109,1,2
110,670,85,0,3
110,681,85,0,3
110,693,109,1,2
110,709,135,3,0
111,629,136,3,0
111,633,110,1,2
111,644,110,1,2
111,660,86,0,3
111,662,110,1,2
111,670,86,0,3
111,681,86,0,3
111,693,110,1,2
111,709,136,3,0
112,629,137,3,0
112,633,111,1,2
112,660,87,0,3
112,662,111,1,2
112,670,87,0,3
112,681,87,0,3
112,687,113,2,1
112,693,111,1,2
112,709,137,3,0
113,662,112,1,2
113,670,88,0,3
113,681,88,0,3
113,693,112,1,2
114,662,113,1,2
114,670,89,0,3
114,681,89,0,3
114,693,113,1,2
115,670,90,0,3
116,662,117,2,1
116,670,91,0,3
116,681,91,0,3
117,662,118,2,1
117,670,92,0,3
117,681,92,0,3
117,693,118,2,1
118,629,143,3,0
118,662,119,2,1
118,670,93,0,3
118,681,93,0,3
118,693,119,2,1
118,709,117,1,2
119,629,144,3,0
119,633,120,2,1
119,660,94,0,3
119,662,120,2,1
119,670,94,0,3
119,681,94,0,3
119,693,120,2,1
119,709,144,3,0
120,629,145,3,0
120,633,121,2,1
120,644,121,2,1
120,660,95,0,3
120,662,121,2,1
120,670,95,0,3
120,681,95,0,3
120,693,121,2,1
120,709,145,3,0
121,662,146,3,0
121,670,96,0,3
121,681,96,0,3
121,693,146,3,0
122,629,121,1,2
122,633,147,3,0
122,644,147,3,0
122,660,121,1,2
122,662,147,3,0
122,670,121,1,2
122,681,121,1,2
122,693,147,3,0
122,709,121,1,2
123,629,122,1,2
123,633,148,3,0
123,644,148,3,0
123,660,122,1,2
123,662,148,3,0
123,670,122,1,2
123,681,122,1,2
123,693,148,3,0
123,709,122,1,2
124,629,123,1,2
124,633,149,3,0
124,660,123,1,2
124,662,149,3,0
124,670,123,1,2
124,681,123,1,2
124,693,149,3,0
124,709,123,1,2
125,629,149,3,2
125,662,126,1,1
125,670,149,3,2
125,681,149,3,2
125,687,149,3,2
125,693,150,2,0
125,709,126,1,1
126,662,127,2,1
126,670,125,1,1
126,681,125,1,1
126,693,151,3,0
127,662,662,41,0
127,670,126,1,2
127,681,126,1,2
128,670,129,2,1
129,662,128,1,2
129,670,130,2,1
129,681,130,2,1
129,693,154,3,0
130,662,129,1,2
130,670,131,2,1
130,681,131,2,1
130,693,155,3,0
130,709,131,2,1
131,629,132,2,1
131,633,156,3,0
131,660,132,2,1
131,662,130,1,2
131,670,132,2,1
131,681,132,2,1
131,687,130,1,2
131,693,156,3,0
131,709,132,2,1
132,629,133,2,1
132,633,157,3,0
132,644,157,3,0
132,660,133,2,1
132,662,131,1,2
132,670,133,2,1
132,681,133,2,1
132,693,157,3,0
132,709,133,2,1
133,629,134,2,1
133,633,158,3,0
133,644,158,3,0
133,660,134,2,1
133,662,132,1,2
133,670,134,2,1
133,681,134,2,1
133,693,158,3,0
133,709,134,2,1
134,629,159,3,0
134,660,159,3,0
134,662,133,1,2
134,670,109,0,3
134,681,109,0,3
134,693,159,3,0
134,709,135,2,1
135,629,160,3,0
135,633,134,1,2
135,644,134,1,2
135,660,160,3,0
135,662,134,1,2
135,670,110,0,3
135,681,110,0,3
135,693,134,1,2
135,709,136,2,1
136,629,161,3,0
136,633,135,1,2
136,644,135,1,2
136,660,161,3,0
136,662,135,1,2
136,670,111,0,3
136,681,111,0,3
136,693,135,1,2
136,709,137,2,1
137,629,162,3,0
137,633,136,1,2
137,660,162,3,0
137,662,136,1,2
137,670,112,0,3
137,681,112,0,3
137,687,138,2,1
137,693,136,1,2
137,709,709,88,0
138,662,137,1,2
138,670,113,0,3
138,681,113,0,3
138,693,137,1,2
139,662,138,1,2
139,670,114,0,3
139,681,114,0,3
139,693,138,1,2
140,670,115,0,3
141,662,142,2,1
141,670,116,0,3
141,681,116,0,3
142,662,143,2,1
142,670,117,0,3
142,681,117,0,3
142,693,143,2,1
143,629,168,3,0
143,662,144,2,1
143,670,118,0,3
143,681,118,0,3
143,693,144,2,1
143,709,142,1,2
144,629,169,3,0
144,633,145,2,1
144,660,169,3,0
144,662,145,2,1
144,670,119,0,3
144,681,119,0,3
144,693,145,2,1
144,709,143,1,2
145,629,170,3,0
145,633,146,2,1
145,644,146,2,1
145,660,170,3,0
145,662,146,2,1
145,670,120,0,3
145,681,120,0,3
145,693,146,2,1
145,709,144,1,2
146,629,171,3,0
146,660,171,3,0
146,662,147,2,1
146,670,121,0,3
146,681,121,0,3
146,693,171,3,0
146,709,145,1,2
147,629,146,1,2
147,633,172,3,0
147,644,172,3,0
147,660,146,1,2
147,662,148,2,1
147,670,146,1,2
147,681,146,1,2
147,693,172,3,0
147,709,146,1,2
148,629,147,1,2
148,633,173,3,0
148,644,173,3,0
148,660,147,1,2
148,662,149,2,1
148,670,147,1,2
148,681,147,1,2
148,693,173,3,0
148,709,147,1,2
149,629,148,1,2
149,633,174,3,0
149,660,148,1,2
149,662,125,2,3
149,670,148,1,2
149,681,148,1,2
149,693,174,3,0
149,709,148,1,2
150,629,174,3,2
150,662,125,0,2
150,670,174,3,2
150,681,174,3,2
150,687,174,3,2
150,693,175,2,0
150,709,151,1,1
151,662,126,0,3
151,670,150,1,1
151,681,150,1,1
151,693,176,3,0
152,662,127,0,3
152,670,151,1,2
152,681,151,1,2
153,670,154,2,1
154,662,129,0,3
154,670,155,2,1
154,681,155,2,1
154,693,179,3,0
155,662,130,0,3
155,670,156,2,1
155,681,156,2,1
155,693,180,3,0
155,709,156,2,1
156,629,157,2,1
156,633,181,3,0
156,660,157,2,1
156,662,131,0,3
156,670,157,2,1
156,681,157,2,1
156,693,181,3,0
156,709,157,2,1
157,629,158,2,1
157,633,182,3,0
157,644,182,3,0
157,660,158,2,1
157,662,132,0,3
157,670,158,2,1
157,681,158,2,1
157,687,182,3,0
157,693,182,3,0
157,709,158,2,1
158,629,159,2,1
158,633,183,3,0
158,644,183,3,0
158,660,159,2,1
158,662,133,0,3
158,670,159,2,1
158,681,159,2,1
158,687,183,3,0
158,693,183,3,0
158,709,159,2,1
159,629,184,3,0
159,633,184,3,0
159,660,184,3,0
159,662,134,0,3
159,670,134,0,3
159,681,134,0,3
159,687,184,3,0
159,693,184,3,0
159,709,134,0,3
160,629,185,3,0
160,633,159,1,2
160,644,159,1,2
160,660,185,3,0
160,662,159,1,2
160,670,135,0,3
160,681,135,0,3
160,693,159,1,2
160,709,135,0,3
161,629,186,3,0
161,633,160,1,2
161,644,160,1,2
161,660,186,3,0
161,662,160,1,2
161,670,136,0,3
161,681,136,0,3
161,693,160,1,2
161,709,136,0,3
162,629,187,3,0
162,633,161,1,2
162,660,187,3,0
162,662,161,1,2
162,670,137,0,3
162,681,137,0,3
162,687,163,2,1
162,693,161,1,2
162,709,137,0,3
163,662,162,1,2
163,670,138,0,3
163,681,138,0,3
163,693,162,1,2
164,662,163,1,2
164,670,139,0,3
164,681,139,0,3
164,693,163,1,2
165,670,140,0,3
166,662,167,2,1
166,670,141,0,3
166,681,141,0,3
167,662,168,2,1
167,670,142,0,3
167,681,142,0,3
167,693,168,2,1
168,629,193,3,0
168,662,169,2,1
168,670,143,0,3
168,681,143,0,3
168,693,169,2,1
168,709,167,1,2
169,629,194,3,0
169,633,170,2,1
169,660,194,3,0
169,662,170,2,1
169,670,144,0,3
169,681,144,0,3
169,693,170,2,1
169,709,144,0,3
170,629,195,3,0
170,633,171,2,1
170,644,171,2,1
170,660,195,3,0
170,662,171,2,1
170,670,145,0,3
170,681,145,0,3
170,693,171,2,1
170,709,145,0,3
171,629,196,3,0
171,633,196,3,0
171,660,196,3,0
171,662,146,0,3
171,670,146,0,3
171,681,146,0,3
171,687,196,3,0
171,693,196,3,0
171,709,146,0,3
172,629,171,1,2
172,633,197,3,0
172,644,197,3,0
172,660,171,1,2
172,662,147,0,3
172,670,171,1,2
172,681,171,1,2
172,687,197,3,0
172,693,197,3,0
172,709,171,1,2
173,629,172,1,2
173,633,198,3,0
173,644,198,3,0
173,660,172,1,2
173,662,148,0,3
173,670,172,1,2
173,681,172,1,2
173,687,198,3,0
173,693,198,3,0
173,709,172,1,2
174,629,173,1,2
174,633,199,3,0
174,660,173,1,2
174,662,149,0,3
174,670,173,1,2
174,681,173,1,2
174,687,199,3,0
174,693,199,3,0
174,709,173,1,2
175,629,199,3,2
175,662,150,0,2
175,670,199,3,2
175,681,199,3,2
175,687,199,3,2
175,693,200,2,0
175,709,176,1,1
176,662,151,0,3
176,670,175,1,1
176,681,175,1,1
176,693,201,3,0
177,662,152,0,3
177,670,176,1,2
177,681,176,1,2
178,670,179,2,1
179,662,154,0,3
179,670,180,2,1
179,681,180,2,1
179,693,204,3,0
180,662,155,0,3
180,670,181,2,1
180,681,181,2,1
180,693,205,3,0
180,709,181,2,1
181,629,182,2,1
181,633,206,3,0
181,660,182,2,1
181,662,156,0,3
181,670,182,2,1
181,681,182,2,1
181,687,180,1,2
181,693,206,3,0
181,709,182,2,1
182,629,183,2,1
182,633,207,3,0
182,644,207,3,0
182,660,183,2,1
182,662,157,0,3
182,670,183,2,1
182,681,183,2,1
182,687,181,1,2
182,693,207,3,0
182,709,183,2,1
183,629,184,2,1
183,633,208,3,0
183,644,208,3,0
183,660,184,2,1
183,662,158,0,3
183,670,184,2,1
183,681,184,2,1
183,687,182,1,2
183,693,208,3,0
183,709,184,2,1
184,629,209,3,0
184,633,209,3,0
184,660,209,3,0
184,662,159,0,3
184,670,159,0,3
184,681,159,0,3
184,687,183,1,2
184,693,209,3,0
184,709,159,0,3
185,629,210,3,0
185,633,184,1,2
185,644,184,1,2
185,660,210,3,0
185,662,184,1,2
185,670,160,0,3
185,681,160,0,3
185,693,184,1,2
185,709,160,0,3
186,629,211,3,0
186,633,185,1,2
186,644,185,1,2
186,660,211,3,0
186,662,185,1,2
186,670,161,0,3
186,681,161,0,3
186,693,185,1,2
186,709,161,0,3
187,629,212,3,0
187,633,186,1,2
187,660,212,3,0
187,662,186,1,2
187,670,162,0,3
187,681,162,0,3
187,687,188,2,1
187,693,186,1,2
187,709,162,0,3
188,662,187,1,2
188,670,163,0,3
188,681,163,0,3
188,693,187,1,2
189,662,188,1,2
189,670,164,0,3
189,681,164,0,3
189,693,188,1,2
190,670,165,0,3
191,662,192,2,1
191,670,166,0,3
191,681,166,0,3
192,662,193,2,1
192,670,167,0,3
192,681,167,0,3
192,693,193,2,1
193,629,218,3,0
193,662,194,2,1
193,670,168,0,3
193,681,168,0,3
193,693,194,2,1
193,709,192,1,2
194,629,219,3,0
194,633,195,2,1
194,660,219,3,0
194,662,195,2,1
194,670,169,0,3
194,681,169,0,3
194,693,195,2,1
194,709,169,0,3
195,629,220,3,0
195,633,196,2,1
195,644,196,2,1
195,660,220,3,0
195,662,196,2,1
195,670,170,0,3
195,681,170,0,3
195,693,196,2,1
195,709,170,0,3
196,629,221,3,0
196,633,221,3,0
196,660,221,3,0
196,662,171,0,3
196,670,171,0,3
196,681,171,0,3
196,687,197,2,1
196,693,221,3,0
196,709,171,0,3
197,629,196,1,2
197,633,222,3,0
197,644,222,3,0
197,660,196,1,2
197,662,172,0,3
197,670,196,1,2
197,681,196,1,2
197,687,198,2,1
197,693,222,3,0
197,709,196,1,2
198,629,197,1,2
198,633,223,3,0
198,644,223,3,0
198,660,197,1,2
198,662,173,0,3
198,670,197,1,2
198,681,197,1,2
198,687,199,2,1
198,693,223,3,0
198,709,197,1,2
199,629,198,1,2
199,633,224,3,0
199,660,198,1,2
199,662,174,0,3
199,670,198,1,2
199,681,198,1,2
199,687,687,66,0
199,693,224,3,0
199,709,198,1,2
200,629,224,3,2
200,662,175,0,2
200,670,224,3,2
200,681,224,3,2
200,687,224,3,2
200,693,225,2,0
200,709,201,1,1
201,662,176,0,3
201,670,200,1,1
201,681,200,1,1
201,693,226,3,0
202,662,177,0,3
202,670,201,1,2
202,681,201,1,2
203,670,204,2,1
204,662,179,0,3
204,670,205,2,1
204,681,205,2,1
204,693,229,3,0
205,662,180,0,3
205,670,206,2,1
205,681,206,2,1
205,693,230,3,0
205,709,206,2,1
206,629,207,2,1
206,633,231,3,0
206,660,207,2,1
206,662,181,0,3
206,670,207,2,1
206,681,207,2,1
206,687,205,1,2
206,693,231,3,0
206,709,207,2,1
207,629,208,2,1
207,633,232,3,0
207,644,232,3,0
207,660,208,2,1
207,662,182,0,3
207,670,208,2,1
207,681,208,2,1
207,693,232,3,0
207,709,208,2,1
208,629,209,2,1
208,633,233,3,0
208,644,233,3,0
208,660,209,2,1
208,662,183,0,3
208,670,209,2,1
208,681,209,2,1
208,693,233,3,0
208,709,209,2,1
209,629,234,3,0
209,633,234,3,0
209,660,234,3,0
209,662,184,0,3
209,670,184,0,3
209,681,184,0,3
209,693,234,3,0
209,709,184,0,3
210,629,235,3,0
210,633,209,1,2
210,644,209,1,2
210,660,235,3,0
210,662,209,1,2
210,670,185,0,3
210,681,185,0,3
210,693,209,1,2
210,709,185,0,3
211,629,236,3,0
211,633,210,1,2
211,644,210,1,2
211,660,236,3,0
211,662,210,1,2
211,670,186,0,3
211,681,186,0,3
211,693,210,1,2
211,709,186,0,3
212,629,237,3,0
212,633,211,1,2
212,660,237,3,0
212,662,211,1,2
212,670,187,0,3
212,681,187,0,3
212,687,213,2,1
212,693,211,1,2
212,709,187,0,3
213,662,212,1,2
213,670,188,0,3
213,681,188,0,3
213,693,212,1,2
214,662,213,1,2
214,670,189,0,3
214,681,189,0,3
214,693,213,1,2
215,670,190,0,3
216,662,217,2,1
216,670,191,0,3
216,681,191,0,3
217,662,218,2,1
217,670,192,0,3
217,681,192,0,3
217,693,218,2,1
218,629,243,3,0
218,662,219,2,1
218,670,193,0,3
218,681,193,0,3
218,693,219,2,1
218,709,217,1,2
219,629,244,3,0
219,633,220,2,1
219,660,244,3,0
219,662,220,2,1
219,670,194,0,3
219,681,194,0,3
219,693,220,2,1
219,709,194,0,3
220,629,245,3,0
220,633,221,2,1
220,644,221,2,1
220,660,245,3,0
220,662,221,2,1
220,670,195,0,3
220,681,195,0,3
220,693,221,2,1
220,709,195,0,3
221,629,246,3,0
221,633,246,3,0
221,660,246,3,0
221,662,196,0,3
221,670,196,0,3
221,681,196,0,3
221,693,246,3,0
221,709,196,0,3
222,629,221,1,2
222,633,247,3,0
222,644,247,3,0
222,660,221,1,2
222,662,197,0,3
222,670,221,1,2
222,681,221,1,2
222,693,247,3,0
222,709,221,1,2
223,629,222,1,2
223,633,248,3,0
223,644,248,3,0
223,660,222,1,2
223,662,198,0,3
223,670,222,1,2
223,681,222,1,2
223,693,248,3,0
223,709,222,1,2
224,629,223,1,2
224,633,249,3,0
224,660,223,1,2
224,662,199,0,3
224,670,223,1,2
224,681,223,1,2
224,693,249,3,0
224,709,223,1,2
225,629,249,3,2
225,662,200,0,2
225,670,249,3,2
225,681,249,3,2
225,687,249,3,2
225,693,250,2,0
225,709,226,1,1
226,662,201,0,3
226,670,225,1,1
226,681,225,1,1
226,693,251,3,0
227,662,202,0,3
227,670,226,1,2
227,681,226,1,2
228,670,229,2,1
229,662,204,0,3
229,670,230,2,1
229,681,230,2,1
229,693,254,3,0
230,662,205,0,3
230,670,231,2,1
230,681,231,2,1
230,693,255,3,0
230,709,231,2,1
231,629,232,2,1
231,633,256,3,0
231,660,232,2,1
231,662,206,0,3
231,670,232,2,1
231,681,232,2,1
231,687,230,1,2
231,693,256,3,0
231,709,232,2,1
232,629,233,2,1
232,633,257,3,0
232,644,257,3,0
232,660,233,2,1
232,662,207,0,3
232,670,233,2,1
232,681,233,2,1
232,693,257,3,0
232,709,233,2,1
233,629,234,2,1
233,633,258,3,0
233,644,258,3,0
233,660,234,2,1
233,662,208,0,3
233,670,234,2,1
233,681,234,2,1
233,693,258,3,0
233,709,234,2,1
234,629,259,3,0
234,633,259,3,0
234,644,259,3,0
234,660,259,3,0
234,662,209,0,3
234,670,209,0,3
234,681,209,0,3
234,693,259,3,0
234,709,209,0,3
235,629,260,3,0
235,633,234,1,2
235,644,234,1,2
235,660,260,3,0
235,662,234,1,2
235,670,210,0,3
235,681,210,0,3
235,693,234,1,2
235,709,210,0,3
236,629,261,3,0
236,633,235,1,2
236,644,235,1,2
236,660,261,3,0
236,662,235,1,2
236,670,211,0,3
236,681,211,0,3
236,693,235,1,2
236,709,211,0,3
237,629,262,3,0
237,633,236,1,2
237,660,262,3,0
237,662,236,1,2
237,670,212,0,3
237,681,212,0,3
237,687,238,2,1
237,693,236,1,2
237,709,212,0,3
238,662,237,1,2
238,670,213,0,3
238,681,213,0,3
238,693,237,1,2
239,662,238,1,2
239,670,214,0,3
239,681,214,0,3
239,693,238,1,2
240,670,215,0,3
241,662,242,2,1
241,670,216,0,3
241,681,216,0,3
242,662,243,2,1
242,670,217,0,3
242,681,217,0,3
242,693,243,2,1
243,629,268,3,0
243,662,244,2,1
243,670,218,0,3
243,681,218,0,3
243,693,244,2,1
243,709,242,1,2
244,629,269,3,0
244,633,245,2,1
244,660,269,3,0
244,662,245,2,1
244,670,219,0,3
244,681,219,0,3
244,693,245,2,1
244,709,219,0,3
245,629,270,3,0
245,633,246,2,1
245,644,246,2,1
245,660,270,3,0
245,662,246,2,1
245,670,220,0,3
245,681,220,0,3
245,693,246,2,1
245,709,220,0,3
246,629,271,3,0
246,633,271,3,0
246,644,271,3,0
246,660,271,3,0
246,662,221,0,3
246,670,221,0,3
246,681,221,0,3
246,693,271,3,0
246,709,221,0,3
247,629,246,1,2
247,633,272,3,0
247,644,272,3,0
247,660,246,1,2
247,662,222,0,3
247,670,246,1,2
247,681,246,1,2
247,693,272,3,0
247,709,246,1,2
248,629,247,1,2
248,633,273,3,0
248,644,273,3,0
248,660,247,1,2
248,662,223,0,3
248,670,247,1,2
248,681,247,1,2
248,693,273,3,0
248,709,247,1,2
249,629,248,1,2
249,633,274,3,0
249,660,248,1,2
249,662,224,0,3
249,670,248,1,2
249,681,248,1,2
249,693,274,3,0
249,709,248,1,2
250,629,274,3,2
250,662,225,0,2
250,670,274,3,2
250,681,274,3,2
250,687,274,3,2
250,693,275,2,0
250,709,251,1,1
251,662,226,0,3
251,670,250,1,1
251,681,250,1,1
251,693,276,3,0
252,662,227,0,3
252,670,251,1,2
252,681,251,1,2
253,670,254,2,1
254,662,229,0,3
254,670,255,2,1
254,681,255,2,1
254,693,279,3,0
255,662,230,0,3
255,670,256,2,1
255,681,256,2,1
255,693,280,3,0
255,709,256,2,1
256,629,257,2,1
256,633,281,3,0
256,660,257,2,1
256,662,231,0,3
256,670,257,2,1
256,681,257,2,1
256,687,255,1,2
256,693,281,3,0
256,709,257,2,1
257,629,258,2,1
257,633,282,3,0
257,644,282,3,0
257,660,258,2,1
257,662,232,0,3
257,670,258,2,1
257,681,258,2,1
257,693,282,3,0
257,709,258,2,1
258,629,259,2,1
258,633,283,3,0
258,644,283,3,0
258,660,259,2,1
258,662,233,0,3
258,670,259,2,1
258,681,259,2,1
258,693,283,3,0
258,709,259,2,1
259,629,284,3,0
259,633,284,3,0
259,644,284,3,0
259,660,284,3,0
259,662,234,0,3
259,670,234,0,3
259,693,284,3,0
259,709,234,0,3
260,629,285,3,0
260,633,259,1,2
260,644,259,1,2
260,660,285,3,0
260,662,259,1,2
260,670,235,0,3
260,681,285,3,0
260,693,259,1,2
260,709,235,0,3
261,629,286,3,0
261,633,260,1,2
261,644,260,1,2
261,660,286,3,0
261,662,260,1,2
261,670,236,0,3
261,681,286,3,0
261,693,260,1,2
261,709,236,0,3
262,629,287,3,0
262,633,261,1,2
262,660,287,3,0
262,662,261,1,2
262,670,237,0,3
262,681,287,3,0
262,687,263,2,1
262,693,261,1,2
262,709,237,0,3
263,662,262,1,2
263,670,238,0,3
263,681,288,3,0
263,693,262,1,2
264,662,263,1,2
264,670,239,0,3
264,681,289,3,0
264,693,263,1,2
265,670,240,0,3
266,662,267,2,1
266,670,241,0,3
266,681,291,3,0
267,662,268,2,1
267,670,242,0,3
267,681,292,3,0
267,693,268,2,1
268,629,293,3,0
268,662,269,2,1
268,670,243,0,3
268,681,293,3,0
268,693,269,2,1
268,709,267,1,2
269,629,294,3,0
269,633,270,2,1
269,660,294,3,0
269,662,270,2,1
269,670,244,0,3
269,681,294,3,0
269,693,270,2,1
269,709,244,0,3
270,629,295,3,0
270,633,271,2,1
270,644,271,2,1
270,660,295,3,0
270,662,271,2,1
270,670,245,0,3
270,681,295,3,0
270,693,271,2,1
270,709,245,0,3
271,629,296,3,0
271,633,296,3,0
271,644,296,3,0
271,660,296,3,0
271,662,246,0,3
271,670,246,0,3
271,693,296,3,0
271,709,246,0,3
272,629,271,1,2
272,633,297,3,0
272,644,297,3,0
272,660,271,1,2
272,662,247,0,3
272,670,271,1,2
272,681,271,1,2
272,693,297,3,0
272,709,271,1,2
273,629,272,1,2
273,633,298,3,0
273,644,298,3,0
273,660,272,1,2
273,662,248,0,3
273,670,272,1,2
273,681,272,1,2
273,693,298,3,0
273,709,272,1,2
274,629,273,1,2
274,633,299,3,0
274,660,273,1,2
274,662,249,0,3
274,670,273,1,2
274,681,273,1,2
274,693,299,3,0
274,709,273,1,2
275,629,299,3,2
275,662,250,0,2
275,670,299,3,2
275,681,299,3,2
275,687,299,3,2
275,693,300,2,0
275,709,276,1,1
276,662,251,0,3
276,670,275,1,1
276,681,275,1,1
276,693,301,3,0
277,662,252,0,3
277,670,276,1,2
277,681,276,1,2
278,670,279,2,1
279,662,254,0,3
279,670,280,2,1
279,681,280,2,1
279,693,304,3,0
280,662,255,0,3
280,670,281,2,1
280,681,281,2,1
280,693,305,3,0
280,709,281,2,1
281,629,282,2,1
281,633,306,3,0
281,660,282,2,1
281,662,256,0,3
281,670,282,2,1
281,681,282,2,1
281,687,280,1,2
281,693,306,3,0
281,709,282,2,1
282,629,283,2,1
282,633,307,3,0
282,644,307,3,0
282,660,283,2,1
282,662,257,0,3
282,670,283,2,1
282,681,283,2,1
282,693,307,3,0
282,709,283,2,1
283,629,284,2,1
283,633,308,3,0
283,644,308,3,0
283,660,284,2,1
283,662,258,0,3
283,670,284,2,1
283,681,284,2,1
283,693,308,3,0
283,709,284,2,1
284,629,309,3,0
284,633,309,3,0
284,644,309,3,0
284,660,309,3,0
284,662,259,0,3
284,670,309,3,0
284,681,309,3,0
284,693,309,3,0
284,709,259,0,3
285,629,310,3,0
285,633,284,1,2
285,644,284,1,2
285,660,310,3,0
285,662,284,1,2
285,670,310,3,0
285,681,310,3,0
285,693,284,1,2
285,709,260,0,3
286,629,311,3,0
286,633,285,1,2
286,644,285,1,2
286,660,311,3,0
286,662,285,1,2
286,670,311,3,0
286,681,311,3,0
286,693,285,1,2
286,709,261,0,3
287,629,312,3,0
287,633,286,1,2
287,660,312,3,0
287,662,286,1,2
287,670,312,3,0
287,681,312,3,0
287,687,288,2,1
287,693,286,1,2
287,709,262,0,3
288,662,287,1,2
288,670,313,3,0
288,681,313,3,0
288,693,287,1,2
289,662,288,1,2
289,670,314,3,0
289,681,314,3,0
289,693,288,1,2
290,670,315,3,0
291,662,292,2,1
291,670,316,3,0
291,681,316,3,0
292,662,293,2,1
292,670,317,3,0
292,681,317,3,0
292,693,293,2,1
293,629,318,3,0
293,662,294,2,1
293,670,318,3,0
293,681,318,3,0
293,693,294,2,1
293,709,292,1,2
294,629,319,3,0
294,633,295,2,1
294,660,319,3,0
294,662,295,2,1
294,670,319,3,0
294,681,319,3,0
294,693,295,2,1
294,709,269,0,3
295,629,320,3,0
295,633,296,2,1
295,644,296,2,1
295,660,320,3,0
295,662,296,2,1
295,670,320,3,0
295,681,320,3,0
295,693,296,2,1
295,709,270,0,3
296,629,321,3,0
296,633,321,3,0
296,644,321,3,0
296,660,321,3,0
296,662,271,0,3
296,670,321,3,0
296,681,321,3,0
296,693,321,3,0
296,709,271,0,3
297,629,296,1,2
297,633,322,3,0
297,644,322,3,0
297,660,296,1,2
297,662,272,0,3
297,670,296,1,2
297,681,296,1,2
297,693,322,3,0
297,709,296,1,2
298,629,297,1,2
298,633,323,3,0
298,644,323,3,0
298,660,297,1,2
298,662,273,0,3
298,670,297,1,2
298,681,297,1,2
298,693,323,3,0
298,709,297,1,2
299,629,298,1,2
299,633,324,3,0
299,660,298,1,2
299,662,274,0,3
299,670,298,1,2
299,681,298,1,2
299,693,324,3,0
299,709,298,1,2
300,629,324,3,2
300,662,275,0,2
300,670,324,3,2
300,681,324,3,2
300,687,324,3,2
300,693,325,2,0
300,709,301,1,1
301,662,276,0,3
301,670,300,1,1
301,681,300,1,1
301,693,326,3,0
302,662,277,0,3
302,670,301,1,2
302,681,301,1,2
303,670,304,2,1
304,662,279,0,3
304,670,305,2,1
304,681,305,2,1
304,693,329,3,0
305,662,280,0,3
305,670,306,2,1
305,681,306,2,1
305,693,330,3,0
305,709,306,2,1
306,629,307,2,1
306,633,331,3,0
306,660,307,2,1
306,662,281,0,3
306,670,307,2,1
306,681,307,2,1
306,687,305,1,2
306,693,331,3,0
306,709,307,2,1
307,629,308,2,1
307,633,332,3,0
307,644,332,3,0
307,660,308,2,1
307,662,282,0,3
307,670,308,2,1
307,681,308,2,1
307,693,332,3,0
307,709,308,2,1
308,629,309,2,1
308,633,333,3,0
308,644,333,3,0
308,660,309,2,1
308,662,283,0,3
308,670,309,2,1
308,681,309,2,1
308,693,333,3,0
308,709,309,2,1
309,629,334,3,0
309,633,334,3,0
309,644,334,3,0
309,660,334,3,0
309,662,284,0,3
309,670,334,3,0
309,681,334,3,0
309,693,334,3,0
309,709,284,0,3
310,629,335,3,0
310,633,309,1,2
310,644,309,1,2
310,660,335,3,0
310,662,309,1,2
310,670,335,3,0
310,681,335,3,0
310,693,309,1,2
310,709,285,0,3
311,629,336,3,0
311,633,310,1,2
311,644,310,1,2
311,660,336,3,0
311,662,310,1,2
311,670,336,3,0
311,681,336,3,0
311,693,310,1,2
311,709,286,0,3
312,629,337,3,0
312,633,311,1,2
312,660,337,3,0
312,662,311,1,2
312,670,337,3,0
312,681,337,3,0
312,687,313,2,1
312,693,311,1,2
312,709,287,0,3
313,662,312,1,2
313,670,338,3,0
313,681,338,3,0
313,693,312,1,2
314,662,313,1,2
314,670,339,3,0
314,681,339,3,0
314,693,313,1,2
315,670,340,3,0
316,662,317,2,1
316,670,341,3,0
316,681,341,3,0
317,662,318,2,1
317,670,342,3,0
317,681,342,3,0
317,693,318,2,1
318,629,343,3,0
318,662,319,2,1
318,670,343,3,0
318,681,343,3,0
318,693,319,2,1
318,709,317,1,2
319,629,344,3,0
319,633,320,2,1
319,660,344,3,0
319,662,320,2,1
319,670,344,3,0
319,681,344,3,0
319,693,320,2,1
319,709,294,0,3
320,629,345,3,0
320,633,321,2,1
320,644,321,2,1
320,660,345,3,0
320,662,321,2,1
320,670,345,3,0
320,681,345,3,0
320,693,321,2,1
320,709,295,0,3
321,629,346,3,0
321,633,346,3,0
321,644,346,3,0
321,660,346,3,0
321,662,296,0,3
321,670,346,3,0
321,681,346,3,0
321,693,346,3,0
321,709,296,0,3
322,629,321,1,2
322,633,347,3,0
322,644,347,3,0
322,660,321,1,2
322,662,297,0,3
322,670,321,1,2
322,681,321,1,2
322,693,347,3,0
322,709,321,1,2
323,629,322,1,2
323,633,348,3,0
323,644,348,3,0
323,660,322,1,2
323,662,298,0,3
323,670,322,1,2
323,681,322,1,2
323,693,348,3,0
323,709,322,1,2
324,629,323,1,2
324,633,349,3,0
324,660,323,1,2
324,662,299,0,3
324,670,323,1,2
324,681,323,1,2
324,693,349,3,0
324,709,323,1,2
325,629,349,3,2
325,662,300,0,2
325,670,349,3,2
325,681,349,3,2
325,687,349,3,2
325,693,326,1,1
325,709,326,1,1
326,662,301,0,3
326,670,325,1,1
326,681,325,1,1
326,693,327,2,1
327,662,302,0,3
327,670,326,1,2
327,681,326,1,2
328,670,329,2,1
329,662,304,0,3
329,670,330,2,1
329,681,330,2,1
329,693,693,72,0
330,662,305,0,3
330,670,331,2,1
330,681,331,2,1
330,693,329,1,2
330,709,331,2,1
331,629,332,2,1
331,633,356,3,0
331,660,332,2,1
331,662,306,0,3
331,670,332,2,1
331,681,332,2,1
331,687,330,1,2
331,693,330,1,2
331,709,332,2,1
332,629,333,2,1
332,633,357,3,0
332,644,357,3,0
332,660,333,2,1
332,662,307,0,3
332,670,333,2,1
332,681,333,2,1
332,693,331,1,2
332,709,333,2,1
333,629,334,2,1
333,633,358,3,0
333,644,358,3,0
333,660,334,2,1
333,662,308,0,3
333,670,334,2,1
333,681,334,2,1
333,693,332,1,2
333,709,334,2,1
334,629,359,3,0
334,633,359,3,0
334,644,359,3,0
334,662,309,0,3
334,670,359,3,0
334,681,359,3,0
334,693,333,1,2
334,709,309,0,3
335,629,360,3,0
335,633,334,1,2
335,644,334,1,2
335,660,360,3,0
335,662,334,1,2
335,670,360,3,0
335,681,360,3,0
335,693,334,1,2
335,709,310,0,3
336,629,361,3,0
336,633,335,1,2
336,644,335,1,2
336,660,361,3,0
336,662,335,1,2
336,670,361,3,0
336,681,361,3,0
336,693,335,1,2
336,709,311,0,3
337,629,362,3,0
337,633,336,1,2
337,660,362,3,0
337,662,336,1,2
337,670,362,3,0
337,681,362,3,0
337,687,338,2,1
337,693,336,1,2
337,709,312,0,3
338,662,337,1,2
338,670,363,3,0
338,681,363,3,0
338,693,337,1,2
339,662,338,1,2
339,670,364,3,0
339,681,364,3,0
339,693,338,1,2
340,670,365,3,0
341,662,342,2,1
341,670,366,3,0
341,681,366,3,0
342,662,343,2,1
342,670,367,3,0
342,681,367,3,0
342,693,343,2,1
343,629,368,3,0
343,662,344,2,1
343,670,368,3,0
343,681,368,3,0
343,693,344,2,1
343,709,342,1,2
344,629,369,3,0
344,633,345,2,1
344,660,369,3,0
344,662,345,2,1
344,670,369,3,0
344,681,369,3,0
344,693,345,2,1
344,709,319,0,3
345,629,370,3,0
345,633,346,2,1
345,644,346,2,1
345,660,370,3,0
345,662,346,2,1
345,670,370,3,0
345,681,370,3,0
345,693,346,2,1
345,709,320,0,3
346,629,371,3,0
346,633,371,3,0
346,644,371,3,0
346,662,321,0,3
346,670,371,3,0
346,681,371,3,0
346,693,347,2,1
346,709,321,0,3
347,629,346,1,2
347,633,372,3,0
347,644,372,3,0
347,660,346,1,2
347,662,322,0,3
347,670,346,1,2
347,681,346,1,2
347,693,348,2,1
347,709,346,1,2
348,629,347,1,2
348,633,373,3,0
348,644,373,3,0
348,660,347,1,2
348,662,323,0,3
348,670,347,1,2
348,681,347,1,2
348,693,349,2,1
348,709,347,1,2
349,629,348,1,2
349,633,374,3,0
349,660,348,1,2
349,662,324,0,3
349,670,348,1,2
349,681,348,1,2
349,693,325,2,3
349,709,348,1,2
350,629,374,3,2
350,662,325,0,2
350,670,374,3,2
350,681,374,3,2
350,687,374,3,2
350,693,325,0,2
351,662,326,0,3
351,670,350,1,1
351,681,350,1,1
351,693,326,0,3
352,662,327,0,3
352,670,351,1,2
352,681,351,1,2
353,670,354,2,1
354,662,329,0,3
354,670,355,2,1
354,681,355,2,1
354,693,329,0,3
355,662,330,0,3
355,670,356,2,1
355,681,356,2,1
355,693,330,0,3
355,709,356,2,1
356,629,357,2,1
356,633,633,12,0
356,660,357,2,1
356,662,331,0,3
356,670,357,2,1
356,681,357,2,1
356,687,355,1,2
356,693,331,0,3
356,709,357,2,1
357,629,358,2,1
357,633,356,1,2
357,644,644,23,0
357,660,358,2,1
357,662,332,0,3
357,670,358,2,1
357,681,358,2,1
357,693,332,0,3
357,709,358,2,1
358,629,359,2,1
358,633,357,1,2
358,644,357,1,2
358,660,359,2,1
358,662,333,0,3
358,670,359,2,1
358,681,359,2,1
358,693,333,0,3
358,709,359,2,1
359,629,360,2,1
359,633,358,1,2
359,644,358,1,2
359,662,334,0,3
359,670,384,3,0
359,681,384,3,0
359,709,334,0,3
360,629,361,2,1
360,633,359,1,2
360,644,359,1,2
360,660,385,3,0
360,662,359,1,2
360,670,385,3,0
360,681,385,3,0
360,693,359,1,2
360,709,335,0,3
361,629,362,2,1
361,633,360,1,2
361,644,360,1,2
361,660,386,3,0
361,662,360,1,2
361,670,386,3,0
361,681,386,3,0
361,693,360,1,2
361,709,336,0,3
362,629,363,2,1
362,633,361,1,2
362,660,387,3,0
362,662,361,1,2
362,670,387,3,0
362,681,387,3,0
362,687,363,2,1
362,693,361,1,2
362,709,337,0,3
363,662,362,1,2
363,670,388,3,0
363,681,388,3,0
363,693,362,1,2
364,662,363,1,2
364,670,389,3,0
364,681,389,3,0
364,693,363,1,2
365,670,390,3,0
366,662,367,2,1
366,670,391,3,0
366,681,391,3,0
367,662,368,2,1
367,670,392,3,0
367,681,392,3,0
367,693,368,2,1
368,629,629,8,0
368,662,369,2,1
368,670,393,3,0
368,681,393,3,0
368,693,369,2,1
368,709,367,1,2
369,629,368,1,2
369,633,370,2,1
369,660,394,3,0
369,662,370,2,1
369,670,394,3,0
369,681,394,3,0
369,693,370,2,1
369,709,344,0,3
370,629,369,1,2
370,633,371,2,1
370,644,371,2,1
370,660,395,3,0
370,662,371,2,1
370,670,395,3,0
370,681,395,3,0
370,693,371,2,1
370,709,345,0,3
371,629,370,1,2
371,633,372,2,1
371,644,372,2,1
371,662,346,0,3
371,670,396,3,0
371,681,396,3,0
371,709,346,0,3
372,629,371,1,2
372,633,373,2,1
372,644,373,2,1
372,660,371,1,2
372,662,347,0,3
372,670,371,1,2
372,681,371,1,2
372,693,347,0,3
372,709,371,1,2
373,629,372,1,2
373,633,374,2,1
373,644,374,2,1
373,660,372,1,2
373,662,348,0,3
373,670,372,1,2
373,681,372,1,2
373,693,348,0,3
373,709,372,1,2
374,629,373,1,2
374,633,350,2,3
374,660,373,1,2
374,662,349,0,3
374,670,373,1,2
374,681,373,1,2
374,693,349,0,3
374,709,373,1,2
375,629,399,3,2
375,662,350,0,2
375,670,399,3,2
375,681,399,3,2
375,687,399,3,2
375,693,350,0,2
375,709,376,1,1
376,662,351,0,3
376,670,375,1,1
376,681,375,1,1
376,693,351,0,3
377,662,352,0,3
377,670,376,1,2
377,681,376,1,2
378,670,379,2,1
379,662,354,0,3
379,670,380,2,1
379,681,380,2,1
379,693,354,0,3
380,662,355,0,3
380,670,381,2,1
380,681,381,2,1
380,693,355,0,3
380,709,381,2,1
381,629,382,2,1
381,633,356,0,3
381,660,382,2,1
381,662,356,0,3
381,670,382,2,1
381,681,382,2,1
381,687,380,1,2
381,693,356,0,3
381,709,382,2,1
382,629,383,2,1
382,633,357,0,3
382,644,357,0,3
382,660,383,2,1
382,662,357,0,3
382,670,383,2,1
382,681,383,2,1
382,693,357,0,3
382,709,383,2,1
383,629,384,2,1
383,633,358,0,3
383,644,358,0,3
383,660,384,2,1
383,662,358,0,3
383,670,384,2,1
383,681,384,2,1
383,693,358,0,3
383,709,384,2,1
384,662,359,0,3
384,670,409,3,0
384,681,409,3,0
384,693,359,0,3
385,629,360,0,3
385,633,384,1,2
385,644,384,1,2
385,660,410,3,0
385,662,384,1,2
385,670,410,3,0
385,681,410,3,0
385,693,384,1,2
385,709,360,0,3
386,629,361,0,3
386,633,385,1,2
386,644,385,1,2
386,660,411,3,0
386,662,385,1,2
386,670,411,3,0
386,681,411,3,0
386,693,385,1,2
386,709,361,0,3
387,629,362,0,3
387,633,386,1,2
387,660,412,3,0
387,662,386,1,2
387,670,412,3,0
387,681,412,3,0
387,687,388,2,1
387,693,386,1,2
387,709,362,0,3
388,662,387,1,2
388,670,413,3,0
388,681,413,3,0
388,693,387,1,2
389,662,388,1,2
389,670,414,3,0
389,681,414,3,0
389,693,388,1,2
390,670,415,3,0
391,662,392,2,1
391,670,416,3,0
391,681,416,3,0
392,662,393,2,1
392,670,417,3,0
392,681,417,3,0
392,693,393,2,1
393,629,368,0,3
393,662,394,2,1
393,670,418,3,0
393,681,418,3,0
393,693,394,2,1
393,709,392,1,2
394,629,369,0,3
394,633,395,2,1
394,660,419,3,0
394,662,395,2,1
394,670,419,3,0
394,681,419,3,0
394,693,395,2,1
394,709,369,0,3
395,629,370,0,3
395,633,396,2,1
395,644,396,2,1
395,660,420,3,0
395,662,396,2,1
395,670,420,3,0
395,681,420,3,0
395,693,396,2,1
395,709,370,0,3
396,662,371,0,3
396,670,421,3,0
396,681,421,3,0
396,693,371,0,3
397,629,396,1,2
397,633,372,0,3
397,644,372,0,3
397,660,396,1,2
397,662,372,0,3
397,670,396,1,2
397,681,396,1,2
397,693,372,0,3
397,709,396,1,2
398,629,397,1,2
398,633,373,0,3
398,644,373,0,3
398,660,397,1,2
398,662,373,0,3
398,670,397,1,2
398,681,397,1,2
398,693,373,0,3
398,709,397,1,2
399,629,398,1,2
399,633,374,0,3
399,660,398,1,2
399,662,374,0,3
399,670,398,1,2
399,681,398,1,2
399,693,374,0,3
399,709,398,1,2
400,629,424,3,2
400,662,375,0,2
400,670,424,3,2
400,681,424,3,2
400,687,424,3,2
400,693,375,0,2
400,709,401,1,1
401,662,376,0,3
401,670,400,1,1
401,681,400,1,1
401,693,376,0,3
402,662,377,0,3
402,670,401,1,2
402,681,401,1,2
403,670,404,2,1
404,662,379,0,3
404,670,405,2,1
404,681,405,2,1
404,693,379,0,3
405,662,380,0,3
405,670,406,2,1
405,681,406,2,1
405,693,380,0,3
405,709,406,2,1
406,629,407,2,1
406,633,381,0,3
406,660,407,2,1
406,662,381,0,3
406,670,407,2,1
406,681,407,2,1
406,687,405,1,2
406,693,381,0,3
406,709,407,2,1
407,629,408,2,1
407,633,382,0,3
407,644,382,0,3
407,660,408,2,1
407,662,382,0,3
407,670,408,2,1
407,681,408,2,1
407,693,382,0,3
407,709,408,2,1
408,629,409,2,1
408,633,383,0,3
408,644,383,0,3
408,660,409,2,1
408,662,383,0,3
408,670,409,2,1
408,681,409,2,1
408,693,383,0,3
408,709,409,2,1
409,662,384,0,3
409,670,434,3,0
409,681,434,3,0
409,693,384,0,3
410,629,385,0,3
410,633,409,1,2
410,644,409,1,2
410,660,435,3,0
410,662,409,1,2
410,670,435,3,0
410,681,435,3,0
410,693,409,1,2
410,709,385,0,3
411,629,386,0,3
411,633,410,1,2
411,644,410,1,2
411,660,436,3,0
411,662,410,1,2
411,670,436,3,0
411,681,436,3,0
411,693,410,1,2
411,709,386,0,3
412,629,387,0,3
412,633,411,1,2
412,660,437,3,0
412,662,411,1,2
412,670,437,3,0
412,681,437,3,0
412,687,413,2,1
412,693,411,1,2
412,709,387,0,3
413,662,412,1,2
413,670,438,3,0
413,681,438,3,0
413,693,412,1,2
414,662,413,1,2
414,670,439,3,0
414,681,439,3,0
414,693,413,1,2
415,670,440,3,0
416,662,417,2,1
416,670,441,3,0
416,681,441,3,0
417,662,418,2,1
417,670,442,3,0
417,681,442,3,0
417,693,418,2,1
418,629,393,0,3
418,662,419,2,1
418,670,443,3,0
418,681,443,3,0
418,693,419,2,1
418,709,417,1,2
419,629,394,0,3
419,633,420,2,1
419,660,444,3,0
419,662,420,2,1
419,670,444,3,0
419,681,444,3,0
419,693,420,2,1
419,709,394,0,3
420,629,395,0,3
420,633,421,2,1
420,644,421,2,1
420,660,445,3,0
420,662,421,2,1
420,670,445,3,0
420,681,445,3,0
420,693,421,2,1
420,709,395,0,3
421,662,396,0,3
421,670,446,3,0
421,681,446,3,0
421,693,396,0,3
422,629,421,1,2
422,633,397,0,3
422,644,397,0,3
422,660,421,1,2
422,662,397,0,3
422,670,421,1,2
422,681,421,1,2
422,693,397,0,3
422,709,421,1,2
423,629,422,1,2
423,633,398,0,3
423,644,398,0,3
423,660,422,1,2
423,662,398,0,3
423,670,422,1,2
423,681,422,1,2
423,693,398,0,3
423,709,422,1,2
424,629,423,1,2
424,633,399,0,3
424,660,423,1,2
424,662,399,0,3
424,670,423,1,2
424,681,423,1,2
424,693,399,0,3
424,709,423,1,2
425,629,449,3,2
425,662,400,0,2
425,670,449,3,2
425,681,449,3,2
425,687,449,3,2
425,693,400,0,2
425,709,426,1,1
426,662,401,0,3
426,670,425,1,1
426,681,425,1,1
426,693,401,0,3
427,662,402,0,3
427,670,426,1,2
427,681,426,1,2
428,670,429,2,1
429,662,404,0,3
429,670,430,2,1
429,681,430,2,1
429,693,404,0,3
430,662,405,0,3
430,670,431,2,1
430,681,431,2,1
430,693,405,0,3
430,709,431,2,1
431,629,432,2,1
431,633,406,0,3
431,660,432,2,1
431,662,406,0,3
431,670,432,2,1
431,681,432,2,1
431,687,430,1,2
431,693,406,0,3
431,709,432,2,1
432,629,433,2,1
432,633,407,0,3
432,644,407,0,3
432,660,433,2,1
432,662,407,0,3
432,670,433,2,1
432,681,433,2,1
432,693,407,0,3
432,709,433,2,1
433,629,434,2,1
433,633,408,0,3
433,644,408,0,3
433,660,434,2,1
433,662,408,0,3
433,670,434,2,1
433,681,434,2,1
433,693,408,0,3
433,709,434,2,1
434,660,435,2,1
434,662,409,0,3
434,670,459,3,0
434,681,459,3,0
434,693,409,0,3
435,629,410,0,3
435,633,434,1,2
435,644,434,1,2
435,660,436,2,1
435,662,434,1,2
435,670,460,3,0
435,681,460,3,0
435,693,434,1,2
435,709,410,0,3
436,629,411,0,3
436,633,435,1,2
436,644,435,1,2
436,660,437,2,1
436,662,435,1,2
436,670,461,3,0
436,681,461,3,0
436,693,435,1,2
436,709,411,0,3
437,629,412,0,3
437,633,436,1,2
437,660,660,39,0
437,662,436,1,2
437,670,462,3,0
437,681,462,3,0
437,687,438,2,1
437,693,436,1,2
437,709,412,0,3
438,662,437,1,2
438,670,463,3,0
438,681,463,3,0
438,693,437,1,2
439,662,438,1,2
439,670,464,3,0
439,681,464,3,0
439,693,438,1,2
440,670,465,3,0
441,662,442,2,1
441,670,466,3,0
441,681,466,3,0
442,662,443,2,1
442,670,467,3,0
442,681,467,3,0
442,693,443,2,1
443,629,418,0,3
443,662,444,2,1
443,670,468,3,0
443,681,468,3,0
443,693,444,2,1
443,709,442,1,2
444,629,419,0,3
444,633,445,2,1
444,660,443,1,2
444,662,445,2,1
444,670,469,3,0
444,681,469,3,0
444,693,445,2,1
444,709,419,0,3
445,629,420,0,3
445,633,446,2,1
445,644,446,2,1
445,660,444,1,2
445,662,446,2,1
445,670,470,3,0
445,681,470,3,0
445,693,446,2,1
445,709,420,0,3
446,660,445,1,2
446,662,421,0,3
446,670,471,3,0
446,681,471,3,0
446,693,421,0,3
447,629,446,1,2
447,633,422,0,3
447,644,422,0,3
447,660,446,1,2
447,662,422,0,3
447,670,446,1,2
447,681,446,1,2
447,693,422,0,3
447,709,446,1,2
448,629,447,1,2
448,633,423,0,3
448,644,423,0,3
448,660,447,1,2
448,662,423,0,3
448,670,447,1,2
448,681,447,1,2
448,693,423,0,3
448,709,447,1,2
449,629,448,1,2
449,633,424,0,3
449,660,448,1,2
449,662,424,0,3
449,670,448,1,2
449,681,448,1,2
449,693,424,0,3
449,709,448,1,2
450,629,474,3,2
450,662,475,2,0
450,670,474,3,2
450,681,474,3,2
450,687,474,3,2
450,693,425,0,2
450,709,451,1,1
451,662,476,3,0
451,670,450,1,1
451,681,450,1,1
451,693,426,0,3
452,662,477,3,0
452,670,451,1,2
452,681,451,1,2
453,670,454,2,1
454,662,479,3,0
454,670,455,2,1
454,681,455,2,1
454,693,429,0,3
455,662,480,3,0
455,670,456,2,1
455,681,456,2,1
455,693,430,0,3
455,709,456,2,1
456,629,457,2,1
456,633,431,0,3
456,660,457,2,1
456,662,481,3,0
456,670,457,2,1
456,681,457,2,1
456,687,455,1,2
456,693,431,0,3
456,709,457,2,1
457,629,458,2,1
457,633,432,0,3
457,644,432,0,3
457,660,458,2,1
457,662,482,3,0
457,670,458,2,1
457,681,458,2,1
457,693,432,0,3
457,709,458,2,1
458,629,459,2,1
458,633,433,0,3
458,644,433,0,3
458,660,459,2,1
458,662,483,3,0
458,670,459,2,1
458,681,459,2,1
458,693,433,0,3
458,709,459,2,1
459,629,434,0,3
459,660,434,0,3
459,662,484,3,0
459,670,484,3,0
459,681,484,3,0
459,693,434,0,3
459,709,484,3,0
460,629,435,0,3
460,633,459,1,2
460,644,459,1,2
460,660,435,0,3
460,662,459,1,2
460,670,485,3,0
460,681,485,3,0
460,693,459,1,2
460,709,485,3,0
461,629,436,0,3
461,633,460,1,2
461,644,460,1,2
461,660,436,0,3
461,662,460,1,2
461,670,486,3,0
461,681,486,3,0
461,693,460,1,2
461,709,486,3,0
462,629,437,0,3
462,633,461,1,2
462,660,437,0,3
462,662,461,1,2
462,670,487,3,0
462,681,487,3,0
462,687,463,2,1
462,693,461,1,2
462,709,487,3,0
463,662,462,1,2
463,670,488,3,0
463,681,488,3,0
463,693,462,1,2
464,662,463,1,2
464,670,489,3,0
464,681,489,3,0
464,693,463,1,2
465,670,490,3,0
466,662,467,2,1
466,670,491,3,0
466,681,491,3,0
467,662,468,2,1
467,670,492,3,0
467,681,492,3,0
467,693,468,2,1
468,629,443,0,3
468,662,469,2,1
468,670,493,3,0
468,681,493,3,0
468,693,469,2,1
468,709,467,1,2
469,629,444,0,3
469,633,470,2,1
469,660,444,0,3
469,662,470,2,1
469,670,494,3,0
469,681,494,3,0
469,693,470,2,1
469,709,494,3,0
470,629,445,0,3
470,633,471,2,1
470,644,471,2,1
470,660,445,0,3
470,662,471,2,1
470,670,495,3,0
470,681,495,3,0
470,693,471,2,1
470,709,495,3,0
471,629,446,0,3
471,660,446,0,3
471,662,496,3,0
471,670,496,3,0
471,681,496,3,0
471,693,446,0,3
471,709,496,3,0
472,629,471,1,2
472,633,447,0,3
472,644,447,0,3
472,660,471,1,2
472,662,497,3,0
472,670,471,1,2
472,681,471,1,2
472,693,447,0,3
472,709,471,1,2
473,629,472,1,2
473,633,448,0,3
473,644,448,0,3
473,660,472,1,2
473,662,498,3,0
473,670,472,1,2
473,681,472,1,2
473,693,448,0,3
473,709,472,1,2
474,629,473,1,2
474,633,449,0,3
474,660,473,1,2
474,662,499,3,0
474,670,473,1,2
474,681,473,1,2
474,693,449,0,3
474,709,473,1,2
475,629,499,3,2
475,662,500,2,0
475,670,499,3,2
475,681,499,3,2
475,687,499,3,2
475,693,450,0,2
475,709,476,1,1
476,662,501,3,0
476,670,475,1,1
476,681,475,1,1
476,693,451,0,3
477,662,502,3,0
477,670,476,1,2
477,681,476,1,2
478,670,479,2,1
479,662,504,3,0
479,670,480,2,1
479,681,480,2,1
479,693,454,0,3
480,662,505,3,0
480,670,481,2,1
480,681,481,2,1
480,693,455,0,3
480,709,481,2,1
481,629,482,2,1
481,633,456,0,3
481,660,482,2,1
481,662,506,3,0
481,670,482,2,1
481,681,482,2,1
481,687,480,1,2
481,693,456,0,3
481,709,482,2,1
482,629,483,2,1
482,633,457,0,3
482,644,457,0,3
482,660,483,2,1
482,662,507,3,0
482,670,483,2,1
482,681,483,2,1
482,687,457,0,3
482,693,457,0,3
482,709,483,2,1
483,629,484,2,1
483,633,458,0,3
483,644,458,0,3
483,660,484,2,1
483,662,508,3,0
483,670,484,2,1
483,681,484,2,1
483,687,458,0,3
483,693,458,0,3
483,709,484,2,1
484,629,459,0,3
484,633,459,0,3
484,660,459,0,3
484,662,509,3,0
484,670,509,3,0
484,681,509,3,0
484,687,459,0,3
484,693,459,0,3
484,709,509,3,0
485,629,460,0,3
485,633,484,1,2
485,644,484,1,2
485,660,460,0,3
485,662,484,1,2
485,670,510,3,0
485,681,510,3,0
485,693,484,1,2
485,709,510,3,0
486,629,461,0,3
486,633,485,1,2
486,644,485,1,2
486,660,461,0,3
486,662,485,1,2
486,670,511,3,0
486,681,511,3,0
486,693,485,1,2
486,709,511,3,0
487,629,462,0,3
487,633,486,1,2
487,660,462,0,3
487,662,486,1,2
487,670,512,3,0
487,681,512,3,0
487,687,488,2,1
487,693,486,1,2
487,709,512,3,0
488,662,487,1,2
488,670,513,3,0
488,681,513,3,0
488,693,487,1,2
489,662,488,1,2
489,670,514,3,0
489,681,514,3,0
489,693,488,1,2
490,670,515,3,0
491,662,492,2,1
491,670,516,3,0
491,681,516,3,0
492,662,493,2,1
492,670,517,3,0
492,681,517,3,0
492,693,493,2,1
493,629,468,0,3
493,662,494,2,1
493,670,518,3,0
493,681,518,3,0
493,693,494,2,1
493,709,492,1,2
494,629,469,0,3
494,633,495,2,1
494,660,469,0,3
494,662,495,2,1
494,670,519,3,0
494,681,519,3,0
494,693,495,2,1
494,709,519,3,0
495,629,470,0,3
495,633,496,2,1
495,644,496,2,1
495,660,470,0,3
495,662,496,2,1
495,670,520,3,0
495,681,520,3,0
495,693,496,2,1
495,709,520,3,0
496,629,471,0,3
496,633,471,0,3
496,660,471,0,3
496,662,521,3,0
496,670,521,3,0
496,681,521,3,0
496,687,471,0,3
496,693,471,0,3
496,709,521,3,0
497,629,496,1,2
497,633,472,0,3
497,644,472,0,3
497,660,496,1,2
497,662,522,3,0
497,670,496,1,2
497,681,496,1,2
497,687,472,0,3
497,693,472,0,3
497,709,496,1,2
498,629,497,1,2
498,633,473,0,3
498,644,473,0,3
498,660,497,1,2
498,662,523,3,0
498,670,497,1,2
498,681,497,1,2
498,687,473,0,3
498,693,473,0,3
498,709,497,1,2
499,629,498,1,2
499,633,474,0,3
499,660,498,1,2
499,662,524,3,0
499,670,498,1,2
499,681,498,1,2
499,687,474,0,3
499,693,474,0,3
499,709,498,1,2
500,629,524,3,2
500,662,525,2,0
500,670,524,3,2
500,681,524,3,2
500,687,524,3,2
500,693,475,0,2
500,709,501,1,1
501,662,526,3,0
501,670,500,1,1
501,681,500,1,1
501,693,476,0,3
502,662,527,3,0
502,670,501,1,2
502,681,501,1,2
503,670,504,2,1
504,662,529,3,0
504,670,505,2,1
504,681,505,2,1
504,693,479,0,3
505,662,530,3,0
505,670,506,2,1
505,681,506,2,1
505,693,480,0,3
505,709,506,2,1
506,629,507,2,1
506,633,481,0,3
506,660,507,2,1
506,662,531,3,0
506,670,507,2,1
506,681,507,2,1
506,687,505,1,2
506,693,481,0,3
506,709,507,2,1
507,629,508,2,1
507,633,482,0,3
507,644,482,0,3
507,660,508,2,1
507,662,532,3,0
507,670,508,2,1
507,681,508,2,1
507,693,482,0,3
507,709,508,2,1
508,629,509,2,1
508,633,483,0,3
508,644,483,0,3
508,660,509,2,1
508,662,533,3,0
508,670,509,2,1
508,681,509,2,1
508,693,483,0,3
508,709,509,2,1
509,629,484,0,3
509,633,484,0,3
509,660,484,0,3
509,662,534,3,0
509,670,534,3,0
509,681,534,3,0
509,693,484,0,3
509,709,534,3,0
510,629,485,0,3
510,633,509,1,2
510,644,509,1,2
510,660,485,0,3
510,662,509,1,2
510,670,535,3,0
510,681,535,3,0
510,693,509,1,2
510,709,535,3,0
511,629,486,0,3
511,633,510,1,2
511,644,510,1,2
511,660,486,0,3
511,662,510,1,2
511,670,536,3,0
511,681,536,3,0
511,693,510,1,2
511,709,536,3,0
512,629,487,0,3
512,633,511,1,2
512,660,487,0,3
512,662,511,1,2
512,670,537,3,0
512,681,537,3,0
512,687,513,2,1
512,693,511,1,2
512,709,537,3,0
513,662,512,1,2
513,670,538,3,0
513,681,538,3,0
513,693,512,1,2
514,662,513,1,2
514,670,539,3,0
514,681,539,3,0
514,693,513,1,2
515,670,540,3,0
516,662,517,2,1
516,670,541,3,0
516,681,541,3,0
517,662,518,2,1
517,670,542,3,0
517,681,542,3,0
517,693,518,2,1
518,629,493,0,3
518,662,519,2,1
518,670,543,3,0
518,681,543,3,0
518,693,519,2,1
518,709,517,1,2
519,629,494,0,3
519,633,520,2,1
519,660,494,0,3
519,662,520,2,1
519,670,544,3,0
519,681,544,3,0
519,693,520,2,1
519,709,544,3,0
520,629,495,0,3
520,633,521,2,1
520,644,521,2,1
520,660,495,0,3
520,662,521,2,1
520,670,545,3,0
520,681,545,3,0
520,693,521,2,1
520,709,545,3,0
521,629,496,0,3
521,633,496,0,3
521,660,496,0,3
521,662,546,3,0
521,670,546,3,0
521,681,546,3,0
521,693,496,0,3
521,709,546,3,0
522,629,521,1,2
522,633,497,0,3
522,644,497,0,3
522,660,521,1,2
522,662,547,3,0
522,670,521,1,2
522,681,521,1,2
522,693,497,0,3
522,709,521,1,2
523,629,522,1,2
523,633,498,0,3
523,644,498,0,3
523,660,522,1,2
523,662,548,3,0
523,670,522,1,2
523,681,522,1,2
523,693,498,0,3
523,709,522,1,2
524,629,523,1,2
524,633,499,0,3
524,660,523,1,2
524,662,549,3,0
524,670,523,1,2
524,681,523,1,2
524,693,499,0,3
524,709,523,1,2
525,629,549,3,2
525,662,550,2,0
525,670,549,3,2
525,681,549,3,2
525,687,549,3,2
525,693,500,0,2
525,709,526,1,1
526,662,551,3,0
526,670,525,1,1
526,681,525,1,1
526,693,501,0,3
527,662,552,3,0
527,670,526,1,2
527,681,526,1,2
528,670,529,2,1
529,662,554,3,0
529,670,530,2,1
529,681,530,2,1
529,693,504,0,3
530,662,555,3,0
530,670,531,2,1
530,681,531,2,1
530,693,505,0,3
530,709,531,2,1
531,629,532,2,1
531,633,506,0,3
531,660,532,2,1
531,662,556,3,0
531,670,532,2,1
531,681,532,2,1
531,687,530,1,2
531,693,506,0,3
531,709,532,2,1
532,629,533,2,1
532,633,507,0,3
532,644,507,0,3
532,660,533,2,1
532,662,557,3,0
532,670,533,2,1
532,681,533,2,1
532,693,507,0,3
532,709,533,2,1
533,629,534,2,1
533,633,508,0,3
533,644,508,0,3
533,660,534,2,1
533,662,558,3,0
533,670,534,2,1
533,681,534,2,1
533,693,508,0,3
533,709,534,2,1
534,629,509,0,3
534,633,509,0,3
534,660,509,0,3
534,662,559,3,0
534,670,559,3,0
534,681,559,3,0
534,693,509,0,3
534,709,559,3,0
535,629,510,0,3
535,633,534,1,2
535,644,534,1,2
535,660,510,0,3
535,662,534,1,2
535,670,560,3,0
535,681,560,3,0
535,693,534,1,2
535,709,560,3,0
536,629,511,0,3
536,633,535,1,2
536,644,535,1,2
536,660,511,0,3
536,662,535,1,2
536,670,561,3,0
536,681,561,3,0
536,693,535,1,2
536,709,561,3,0
537,629,512,0,3
537,633,536,1,2
537,660,512,0,3
537,662,536,1,2
537,670,562,3,0
537,681,562,3,0
537,687,538,2,1
537,693,536,1,2
537,709,562,3,0
538,662,537,1,2
538,670,563,3,0
538,681,563,3,0
538,693,537,1,2
539,662,538,1,2
539,670,564,3,0
539,681,564,3,0
539,693,538,1,2
540,670,565,3,0
541,662,542,2,1
541,670,566,3,0
541,681,566,3,0
542,662,543,2,1
542,670,567,3,0
542,681,567,3,0
542,693,543,2,1
543,629,518,0,3
543,662,544,2,1
543,670,568,3,0
543,681,568,3,0
543,693,544,2,1
543,709,542,1,2
544,629,519,0,3
544,633,545,2,1
544,660,519,0,3
544,662,545,2,1
544,670,569,3,0
544,681,569,3,0
544,693,545,2,1
544,709,569,3,0
545,629,520,0,3
545,633,546,2,1
545,644,546,2,1
545,660,520,0,3
545,662,546,2,1
545,670,570,3,0
545,681,570,3,0
545,693,546,2,1
545,709,570,3,0
546,629,521,0,3
546,633,521,0,3
546,660,521,0,3
546,662,571,3,0
546,670,571,3,0
546,681,571,3,0
546,693,521,0,3
546,709,571,3,0
547,629,546,1,2
547,633,522,0,3
547,644,522,0,3
547,660,546,1,2
547,662,572,3,0
547,670,546,1,2
547,681,546,1,2
547,693,522,0,3
547,709,546,1,2
548,629,547,1,2
548,633,523,0,3
548,644,523,0,3
548,660,547,1,2
548,662,573,3,0
548,670,547,1,2
548,681,547,1,2
548,693,523,0,3
548,709,547,1,2
549,629,548,1,2
549,633,524,0,3
549,660,548,1,2
549,662,574,3,0
549,670,548,1,2
549,681,548,1,2
549,693,524,0,3
549,709,548,1,2
550,629,574,3,2
550,662,575,2,0
550,670,574,3,2
550,681,574,3,2
550,687,574,3,2
550,693,525,0,2
550,709,551,1,1
551,662,576,3,0
551,670,550,1,1
551,681,550,1,1
551,693,526,0,3
552,662,577,3,0
552,670,551,1,2
552,681,551,1,2
553,670,554,2,1
554,662,579,3,0
554,670,555,2,1
554,681,555,2,1
554,693,529,0,3
555,662,580,3,0
555,670,556,2,1
555,681,556,2,1
555,693,530,0,3
555,709,556,2,1
556,629,557,2,1
556,633,531,0,3
556,660,557,2,1
556,662,581,3,0
556,670,557,2,1
556,681,557,2,1
556,687,555,1,2
556,693,531,0,3
556,709,557,2,1
557,629,558,2,1
557,633,532,0,3
557,644,532,0,3
557,660,558,2,1
557,662,582,3,0
557,670,558,2,1
557,681,558,2,1
557,693,532,0,3
557,709,558,2,1
558,629,559,2,1
558,633,533,0,3
558,644,533,0,3
558,660,559,2,1
558,662,583,3,0
558,670,559,2,1
558,681,559,2,1
558,693,533,0,3
558,709,559,2,1
559,629,534,0,3
559,633,534,0,3
559,644,534,0,3
559,660,534,0,3
559,662,584,3,0
559,670,584,3,0
559,681,560,2,1
559,693,534,0,3
559,709,584,3,0
560,629,535,0,3
560,633,559,1,2
560,644,559,1,2
560,660,535,0,3
560,662,559,1,2
560,670,585,3,0
560,681,561,2,1
560,693,559,1,2
560,709,585,3,0
561,629,536,0,3
561,633,560,1,2
561,644,560,1,2
561,660,536,0,3
561,662,560,1,2
561,670,586,3,0
561,681,562,2,1
561,693,560,1,2
561,709,586,3,0
562,629,537,0,3
562,633,561,1,2
562,660,537,0,3
562,662,561,1,2
562,670,587,3,0
562,681,563,2,1
562,687,563,2,1
562,693,561,1,2
562,709,587,3,0
563,662,562,1,2
563,670,588,3,0
563,681,564,2,1
563,693,562,1,2
564,662,563,1,2
564,670,589,3,0
564,681,565,2,1
564,693,563,1,2
565,670,590,3,0
566,662,567,2,1
566,670,591,3,0
566,681,681,60,0
567,662,568,2,1
567,670,592,3,0
567,681,566,1,2
567,693,568,2,1
568,629,543,0,3
568,662,569,2,1
568,670,593,3,0
568,681,567,1,2
568,693,569,2,1
568,709,567,1,2
569,629,544,0,3
569,633,570,2,1
569,660,544,0,3
569,662,570,2,1
569,670,594,3,0
569,681,568,1,2
569,693,570,2,1
569,709,594,3,0
570,629,545,0,3
570,633,571,2,1
570,644,571,2,1
570,660,545,0,3
570,662,571,2,1
570,670,595,3,0
570,681,569,1,2
570,693,571,2,1
570,709,595,3,0
571,629,546,0,3
571,633,546,0,3
571,644,546,0,3
571,660,546,0,3
571,662,596,3,0
571,670,596,3,0
571,681,570,1,2
571,693,546,0,3
571,709,596,3,0
572,629,571,1,2
572,633,547,0,3
572,644,547,0,3
572,660,571,1,2
572,662,597,3,0
572,670,571,1,2
572,681,571,1,2
572,693,547,0,3
572,709,571,1,2
573,629,572,1,2
573,633,548,0,3
573,644,548,0,3
573,660,572,1,2
573,662,598,3,0
573,670,572,1,2
573,681,572,1,2
573,693,548,0,3
573,709,572,1,2
574,629,573,1,2
574,633,549,0,3
574,660,573,1,2
574,662,599,3,0
574,670,573,1,2
574,681,573,1,2
574,693,549,0,3
574,709,573,1,2
575,629,599,3,2
575,662,600,2,0
575,670,599,3,2
575,681,599,3,2
575,687,599,3,2
575,693,550,0,2
575,709,576,1,1
576,662,601,3,0
576,670,575,1,1
576,681,575,1,1
576,693,551,0,3
577,662,602,3,0
577,670,576,1,2
577,681,576,1,2
578,670,579,2,1
579,662,604,3,0
579,670,580,2,1
579,681,580,2,1
579,693,554,0,3
580,662,605,3,0
580,670,581,2,1
580,681,581,2,1
580,693,555,0,3
580,709,581,2,1
581,629,582,2,1
581,633,556,0,3
581,660,582,2,1
581,662,606,3,0
581,670,582,2,1
581,681,582,2,1
581,687,580,1,2
581,693,556,0,3
581,709,582,2,1
582,629,583,2,1
582,633,557,0,3
582,644,557,0,3
582,660,583,2,1
582,662,607,3,0
582,670,583,2,1
582,681,583,2,1
582,693,557,0,3
582,709,583,2,1
583,629,584,2,1
583,633,558,0,3
583,644,558,0,3
583,660,584,2,1
583,662,608,3,0
583,670,584,2,1
583,681,584,2,1
583,693,558,0,3
583,709,584,2,1
584,629,559,0,3
584,633,559,0,3
584,644,559,0,3
584,660,559,0,3
584,662,609,3,0
584,670,585,2,1
584,693,559,0,3
584,709,609,3,0
585,629,560,0,3
585,633,584,1,2
585,644,584,1,2
585,660,560,0,3
585,662,584,1,2
585,670,586,2,1
585,681,560,0,3
585,693,584,1,2
585,709,610,3,0
586,629,561,0,3
586,633,585,1,2
586,644,585,1,2
586,660,561,0,3
586,662,585,1,2
586,670,587,2,1
586,681,561,0,3
586,693,585,1,2
586,709,611,3,0
587,629,562,0,3
587,633,586,1,2
587,660,562,0,3
587,662,586,1,2
587,670,588,2,1
587,681,562,0,3
587,687,588,2,1
587,693,586,1,2
587,709,612,3,0
588,662,587,1,2
588,670,589,2,1
588,681,563,0,3
588,693,587,1,2
589,662,588,1,2
589,670,590,2,1
589,681,564,0,3
589,693,588,1,2
590,670,670,49,0
591,662,592,2,1
591,670,590,1,2
591,681,566,0,3
592,662,593,2,1
592,670,591,1,2
592,681,567,0,3
592,693,593,2,1
593,629,568,0,3
593,662,594,2,1
593,670,592,1,2
593,681,568,0,3
593,693,594,2,1
593,709,592,1,2
594,629,569,0,3
594,633,595,2,1
594,660,569,0,3
594,662,595,2,1
594,670,593,1,2
594,681,569,0,3
594,693,595,2,1
594,709,619,3,0
595,629,570,0,3
595,633,596,2,1
595,644,596,2,1
595,660,570,0,3
595,662,596,2,1
595,670,594,1,2
595,681,570,0,3
595,693,596,2,1
595,709,620,3,0
596,629,571,0,3
596,633,571,0,3
596,644,571,0,3
596,660,571,0,3
596,662,621,3,0
596,670,595,1,2
596,693,571,0,3
596,709,621,3,0
597,629,596,1,2
597,633,572,0,3
597,644,572,0,3
597,660,596,1,2
597,662,622,3,0
597,670,596,1,2
597,681,596,1,2
597,693,572,0,3
597,709,596,1,2
598,629,597,1,2
598,633,573,0,3
598,644,573,0,3
598,660,597,1,2
598,662,623,3,0
598,670,597,1,2
598,681,597,1,2
598,693,573,0,3
598,709,597,1,2
599,629,598,1,2
599,633,574,0,3
599,660,598,1,2
599,662,624,3,0
599,670,598,1,2
599,681,598,1,2
599,693,574,0,3
599,709,598,1,2
600,629,624,3,2
600,662,0,2,3
600,670,624,3,2
600,681,624,3,2
600,687,624,3,2
600,693,575,0,2
600,709,601,1,1
601,662,1,3,3
601,670,600,1,1
601,681,600,1,1
601,693,576,0,3
602,662,2,3,3
602,670,601,1,2
602,681,601,1,2
603,670,604,2,1
604,662,4,3,3
604,670,605,2,1
604,681,605,2,1
604,693,579,0,3
605,662,5,3,3
605,670,606,2,1
605,681,606,2,1
605,693,580,0,3
605,709,606,2,1
606,629,607,2,1
606,633,581,0,3
606,660,607,2,1
606,662,6,3,3
606,670,607,2,1
606,681,607,2,1
606,687,605,1,2
606,693,581,0,3
606,709,607,2,1
607,629,608,2,1
607,633,582,0,3
607,644,582,0,3
607,660,608,2,1
607,662,7,3,3
607,670,608,2,1
607,681,608,2,1
607,693,582,0,3
607,709,608,2,1
608,629,609,2,1
608,633,583,0,3
608,644,583,0,3
608,660,609,2,1
608,662,8,3,3
608,670,609,2,1
608,681,609,2,1
608,693,583,0,3
608,709,609,2,1
609,629,584,0,3
609,633,584,0,3
609,644,584,0,3
609,660,584,0,3
609,662,9,3,3
609,670,584,0,3
609,681,584,0,3
609,693,584,0,3
609,709,9,3,3
610,629,585,0,3
610,633,609,1,2
610,644,609,1,2
610,660,585,0,3
610,662,609,1,2
610,670,585,0,3
610,681,585,0,3
610,693,609,1,2
610,709,10,3,3
611,629,586,0,3
611,633,610,1,2
611,644,610,1,2
611,660,586,0,3
611,662,610,1,2
611,670,586,0,3
611,681,586,0,3
611,693,610,1,2
611,709,11,3,3
612,629,587,0,3
612,633,611,1,2
612,660,587,0,3
612,662,611,1,2
612,670,587,0,3
612,681,587,0,3
612,687,613,2,1
612,693,611,1,2
612,709,12,3,3
613,662,612,1,2
613,670,588,0,3
613,681,588,0,3
613,693,612,1,2
614,662,613,1,2
614,670,589,0,3
614,681,589,0,3
614,693,613,1,2
615,670,590,0,3
616,662,617,2,1
616,670,591,0,3
616,681,591,0,3
617,662,618,2,1
617,670,592,0,3
617,681,592,0,3
617,693,618,2,1
618,629,593,0,3
618,662,619,2,1
618,670,593,0,3
618,681,593,0,3
618,693,619,2,1
618,709,617,1,2
619,629,594,0,3
619,633,620,2,1
619,660,594,0,3
619,662,620,2,1
619,670,594,0,3
619,681,594,0,3
619,693,620,2,1
619,709,19,3,3
620,629,595,0,3
620,633,621,2,1
620,644,621,2,1
620,660,595,0,3
620,662,621,2,1
620,670,595,0,3
620,681,595,0,3
620,693,621,2,1
620,709,20,3,3
621,629,596,0,3
621,633,596,0,3
621,644,596,0,3
621,660,596,0,3
621,662,21,3,3
621,670,596,0,3
621,681,596,0,3
621,693,596,0,3
621,709,21,3,3
622,629,621,1,2
622,633,597,0,3
622,644,597,0,3
622,660,621,1,2
622,662,22,3,3
622,670,621,1,2
622,681,621,1,2
622,693,597,0,3
622,709,621,1,2
623,629,622,1,2
623,633,598,0,3
623,644,598,0,3
623,660,622,1,2
623,662,23,3,3
623,670,622,1,2
623,681,622,1,2
623,693,598,0,3
623,709,622,1,2
624,629,623,1,2
624,633,599,0,3
624,660,623,1,2
624,662,24,3,3
624,670,623,1,2
624,681,623,1,2
624,693,599,0,3
624,709,623,1,2
629,625,368,0,8
629,626,368,0,8
629,627,368,0,8
629,628,368,0,8
629,630,368,0,8
629,631,368,0,8
629,632,368,0,8
629,633,368,0,8
629,634,368,0,8
629,635,368,0,8
629,636,368,0,8
629,637,368,0,8
629,638,368,0,8
629,639,368,0,8
629,640,368,0,8
629,641,368,0,8
629,642,368,0,8
629,643,368,0,8
629,644,368,0,8
629,645,368,0,8
629,646,368,0,8
629,647,368,0,8
629,648,368,0,8
629,649,368,0,8
629,650,368,0,8
629,651,368,0,8
629,652,368,0,8
629,653,368,0,8
629,654,368,0,8
629,655,368,0,8
629,656,368,0,8
629,657,368,0,8
629,658,368,0,8
629,659,368,0,8
629,660,368,0,8
629,661,368,0,8
629,662,368,0,8
629,663,368,0,8
629,664,368,0,8
629,665,368,0,8
629,666,368,0,8
629,667,368,0,8
629,668,368,0,8
629,669,368,0,8
629,670,368,0,8
629,671,368,0,8
629,672,368,0,8
629,673,368,0,8
629,674,368,0,8
629,675,368,0,8
629,676,368,0,8
629,677,368,0,8
629,678,368,0,8
629,679,368,0,8
629,680,368,0,8
629,681,368,0,8
629,682,368,0,8
629,683,368,0,8
629,684,368,0,8
629,685,368,0,8
629,686,368,0,8
629,687,368,0,8
629,688,368,0,8
629,689,368,0,8
629,690,368,0,8
629,691,368,0,8
629,692,368,0,8
629,693,368,0,8
629,694,368,0,8
629,695,368,0,8
629,696,368,0,8
629,697,368,0,8
629,698,368,0,8
629,699,368,0,8
629,700,368,0,8
629,701,368,0,8
629,702,368,0,8
629,703,368,0,8
629,704,368,0,8
629,705,368,0,8
629,706,368,0,8
629,707,368,0,8
629,708,368,0,8
629,709,368,0,8
629,710,368,0,8
629,711,368,0,8
629,712,368,0,8
629,713,368,0,8
629,714,368,0,8
629,715,368,0,8
629,716,368,0,8
629,717,368,0,8
629,718,368,0,8
629,719,368,0,8
629,720,368,0,8
629,721,368,0,8
629,722,368,0,8
629,723,368,0,8
629,724,368,0,8
633,625,356,0,12
633,626,356,0,12
633,627,356,0,12
633,628,356,0,12
633,629,356,0,12
633,630,356,0,12
633,631,356,0,12
633,632,356,0,12
633,634,356,0,12
633,635,356,0,12
633,636,356,0,12
633,637,356,0,12
633,638,356,0,12
633,639,356,0,12
633,640,356,0,12
633,641,356,0,12
633,642,356,0,12
633,643,356,0,12
633,644,356,0,12
633,645,356,0,12
633,646,356,0,12
633,647,356,0,12
633,648,356,0,12
633,649,356,0,12
633,650,356,0,12
633,651,356,0,12
633,652,356,0,12
633,653,356,0,12
633,654,356,0,12
633,655,356,0,12
633,656,356,0,12
633,657,356,0,12
633,658,356,0,12
633,659,356,0,12
633,660,356,0,12
633,661,356,0,12
633,662,356,0,12
633,663,356,0,12
633,664,356,0,12
633,665,356,0,12
633,666,356,0,12
633,667,356,0,12
633,668,356,0,12
633,669,356,0,12
633,670,356,0,12
633,671,356,0,12
633,672,356,0,12
633,673,356,0,12
633,674,356,0,12
633,675,356,0,12
633,676,356,0,12
633,677,356,0,12
633,678,356,0,12
633,679,356,0,12
633,680,356,0,12
633,681,356,0,12
633,682,356,0,12
633,683,356,0,12
633,684,356,0,12
633,685,356,0,12
633,686,356,0,12
633,687,356,0,12
633,688,356,0,12
633,689,356,0,12
633,690,356,0,12
633,691,356,0,12
633,692,356,0,12
633,693,356,0,12
633,694,356,0,12
633,695,356,0,12
633,696,356,0,12
633,697,356,0,12
633,698,356,0,12
633,699,356,0,12
633,700,356,0,12
633,701,356,0,12
633,702,356,0,12
633,703,356,0,12
633,704,356,0,12
633,705,356,0,12
633,706,356,0,12
633,707,356,0,12
633,708,356,0,12
633,709,356,0,12
633,710,356,0,12
633,711,356,0,12
633,712,356,0,12
633,713,356,0,12
633,714,356,0,12
633,715,356,0,12
633,716,356,0,12
633,717,356,0,12
633,718,356,0,12
633,719,356,0,12
633,720,356,0,12
633,721,356,0,12
633,722,356,0,12
633,723,356,0,12
633,724,356,0,12
644,625,357,0,23
644,626,357,0,23
644,627,357,0,23
644,628,357,0,23
644,629,357,0,23
644,630,357,0,23
644,631,357,0,23
644,632,357,0,23
644,633,357,0,23
644,634,357,0,23
644,635,357,0,23
644,636,357,0,23
644,637,357,0,23
644,638,357,0,23
644,639,357,0,23
644,640,357,0,23
644,641,357,0,23
644,642,357,0,23
644,643,357,0,23
644,645,357,0,23
644,646,357,0,23
644,647,357,0,23
644,648,357,0,23
644,649,357,0,23
644,650,357,0,23
644,651,357,0,23
644,652,357,0,23
644,653,357,0,23
644,654,357,0,23
644,655,357,0,23
644,656,357,0,23
644,657,357,0,23
644,658,357,0,23
644,659,357,0,23
644,660,357,0,23
644,661,357,0,23
644,662,357,0,23
644,663,357,0,23
644,664,357,0,23
644,665,357,0,23
644,666,357,0,23
644,667,357,0,23
644,668,357,0,23
644,669,357,0,23
644,670,357,0,23
644,671,357,0,23
644,672,357,0,23
644,673,357,0,23
644,674,357,0,23
644,675,357,0,23
644,676,357,0,23
644,677,357,0,23
644,678,357,0,23
644,679,357,0,23
644,680,357,0,23
644,681,357,0,23
644,682,357,0,23
644,683,357,0,23
644,684,357,0,23
644,685,357,0,23
644,686,357,0,23
644,687,357,0,23
644,688,357,0,23
644,689,357,0,23
644,690,357,0,23
644,691,357,0,23
644,692,357,0,23
644,693,357,0,23
644,694,357,0,23
644,695,357,0,23
644,696,357,0,23
644,697,357,0,23
644,698,357,0,23
644,699,357,0,23
644,700,357,0,23
644,701,357,0,23
644,702,357,0,23
644,703,357,0,23
644,704,357,0,23
644,705,357,0,23
644,706,357,0,23
644,707,357,0,23
644,708,357,0,23
644,709,357,0,23
644,710,357,0,23
644,711,357,0,23
644,712,357,0,23
644,713,357,0,23
644,714,357,0,23
644,715,357,0,23
644,716,357,0,23
644,717,357,0,23
644,718,357,0,23
644,719,357,0,23
644,720,357,0,23
644,721,357,0,23
644,722,357,0,23
644,723,357,0,23
644,724,357,0,23
660,625,437,0,39
660,626,437,0,39
660,627,437,0,39
660,628,437,0,39
660,629,437,0,39
660,630,437,0,39
660,631,437,0,39
660,632,437,0,39
660,633,437,0,39
660,634,437,0,39
660,635,437,0,39
660,636,437,0,39
660,637,437,0,39
660,638,437,0,39
660,639,437,0,39
660,640,437,0,39
660,641,437,0,39
660,642,437,0,39
660,643,437,0,39
660,644,437,0,39
660,645,437,0,39
660,646,437,0,39
660,647,437,0,39
660,648,437,0,39
660,649,437,0,39
660,650,437,0,39
660,651,437,0,39
660,652,437,0,39
660,653,437,0,39
660,654,437,0,39
660,655,437,0,39
660,656,437,0,39
660,657,437,0,39
660,658,437,0,39
660,659,437,0,39
660,661,437,0,39
660,662,437,0,39
660,663,437,0,39
660,664,437,0,39
660,665,437,0,39
660,666,437,0,39
660,667,437,0,39
660,668,437,0,39
660,669,437,0,39
660,670,437,0,39
660,671,437,0,39
660,672,437,0,39
660,673,437,0,39
660,674,437,0,39
660,675,437,0,39
660,676,437,0,39
660,677,437,0,39
660,678,437,0,39
660,679,437,0,39
660,680,437,0,39
660,681,437,0,39
660,682,437,0,39
660,683,437,0,39
660,684,437,0,39
660,685,437,0,39
660,686,437,0,39
660,687,437,0,39
660,688,437,0,39
660,689,437,0,39
660,690,437,0,39
660,691,437,0,39
660,692,437,0,39
660,693,437,0,39
660,694,437,0,39
660,695,437,0,39
660,696,437,0,39
660,697,437,0,39
660,698,437,0,39
660,699,437,0,39
660,700,437,0,39
660,701,437,0,39
660,702,437,0,39
660,703,437,0,39
660,704,437,0,39
660,705,437,0,39
660,706,437,0,39
660,707,437,0,39
660,708,437,0,39
660,709,437,0,39
660,710,437,0,39
660,711,437,0,39
660,712,437,0,39
660,713,437,0,39
660,714,437,0,39
660,715,437,0,39
660,716,437,0,39
660,717,437,0,39
660,718,437,0,39
660,719,437,0,39
660,720,437,0,39
660,721,437,0,39
660,722,437,0,39
660,723,437,0,39
660,724,437,0,39
662,625,127,0,41
662,626,127,0,41
662,627,127,0,41
662,628,127,0,41
662,629,127,0,41
662,630,127,0,41
662,631,127,0,41
662,632,127,0,41
662,633,127,0,41
662,634,127,0,41
662,635,127,0,41
662,636,127,0,41
662,637,127,0,41
662,638,127,0,41
662,639,127,0,41
662,640,127,0,41
662,641,127,0,41
662,642,127,0,41
662,643,127,0,41
662,644,127,0,41
662,645,127,0,41
662,646,127,0,41
662,647,127,0,41
662,648,127,0,41
662,649,127,0,41
662,650,127,0,41
662,651,127,0,41
662,652,127,0,41
662,653,127,0,41
662,654,127,0,41
662,655,127,0,41
662,656,127,0,41
662,657,127,0,41
662,658,127,0,41
662,659,127,0,41
662,660,127,0,41
662,661,127,0,41
662,663,127,0,41
662,664,127,0,41
662,665,127,0,41
662,666,127,0,41
662,667,127,0,41
662,668,127,0,41
662,669,127,0,41
662,670,127,0,41
662,671,127,0,41
662,672,127,0,41
662,673,127,0,41
662,674,127,0,41
662,675,127,0,41
662,676,127,0,41
662,677,127,0,41
662,678,127,0,41
662,679,127,0,41
662,680,127,0,41
662,681,127,0,41
662,682,127,0,41
662,683,127,0,41
662,684,127,0,41
662,685,127,0,41
662,686,127,0,41
662,687,127,0,41
662,688,127,0,41
662,689,127,0,41
662,690,127,0,41
662,691,127,0,41
662,692,127,0,41
662,693,127,0,41
662,694,127,0,41
662,695,127,0,41
662,696,127,0,41
662,697,127,0,41
662,698,127,0,41
662,699,127,0,41
662,700,127,0,41
662,701,127,0,41
662,702,127,0,41
662,703,127,0,41
662,704,127,0,41
662,705,127,0,41
662,706,127,0,41
662,707,127,0,41
662,708,127,0,41
662,709,127,0,41
662,710,127,0,41
662,711,127,0,41
662,712,127,0,41
662,713,127,0,41
662,714,127,0,41
662,715,127,0,41
662,716,127,0,41
662,717,127,0,41
662,718,127,0,41
662,719,127,0,41
662,720,127,0,41
662,721,127,0,41
662,722,127,0,41
662,723,127,0,41
662,724,127,0,41
670,625,590,0,49
670,626,590,0,49
670,627,590,0,49
670,628,590,0,49
670,629,590,0,49
670,630,590,0,49
670,631,590,0,49
670,632,590,0,49
670,633,590,0,49
670,634,590,0,49
670,635,590,0,49
670,636,590,0,49
670,637,590,0,49
670,638,590,0,49
670,639,590,0,49
670,640,590,0,49
670,641,590,0,49
670,642,590,0,49
670,643,590,0,49
670,644,590,0,49
670,645,590,0,49
670,646,590,0,49
670,647,590,0,49
670,648,590,0,49
670,649,590,0,49
670,650,590,0,49
670,651,590,0,49
670,652,590,0,49
670,653,590,0,49
670,654,590,0,49
670,655,590,0,49
670,656,590,0,49
670,657,590,0,49
670,658,590,0,49
670,659,590,0,49
670,660,590,0,49
670,661,590,0,49
670,662,590,0,49
670,663,590,0,49
670,664,590,0,49
670,665,590,0,49
670,666,590,0,49
670,667,590,0,49
670,668,590,0,49
670,669,590,0,49
670,671,590,0,49
670,672,590,0,49
670,673,590,0,49
670,674,590,0,49
670,675,590,0,49
670,676,590,0,49
670,677,590,0,49
670,678,590,0,49
670,679,590,0,49
670,680,590,0,49
670,681,590,0,49
670,682,590,0,49
670,683,590,0,49
670,684,590,0,49
670,685,590,0,49
670,686,590,0,49
670,687,590,0,49
670,688,590,0,49
670,689,590,0,49
670,690,590,0,49
670,691,590,0,49
670,692,590,0,49
670,693,590,0,49
670,694,590,0,49
670,695,590,0,49
670,696,590,0,49
670,697,590,0,49
670,698,590,0,49
670,699,590,0,49
670,700,590,0,49
670,701,590,0,49
670,702,590,0,49
670,703,590,0,49
670,704,590,0,49
670,705,590,0,49
670,706,590,0,49
670,707,590,0,49
670,708,590,0,49
670,709,590,0,49
670,710,590,0,49
670,711,590,0,49
670,712,590,0,49
670,713,590,0,49
670,714,590,0,49
670,715,590,0,49
670,716,590,0,49
670,717,590,0,49
670,718,590,0,49
670,719,590,0,49
670,720,590,0,49
670,721,590,0,49
670,722,590,0,49
670,723,590,0,49
670,724,590,0,49
681,625,566,0,60
681,626,566,0,60
681,627,566,0,60
681,628,566,0,60
681,629,566,0,60
681,630,566,0,60
681,631,566,0,60
681,632,566,0,60
681,633,566,0,60
681,634,566,0,60
681,635,566,0,60
681,636,566,0,60
681,637,566,0,60
681,638,566,0,60
681,639,566,0,60
681,640,566,0,60
681,641,566,0,60
681,642,566,0,60
681,643,566,0,60
681,644,566,0,60
681,645,566,0,60
681,646,566,0,60
681,647,566,0,60
681,648,566,0,60
681,649,566,0,60
681,650,566,0,60
681,651,566,0,60
681,652,566,0,60
681,653,566,0,60
681,654,566,0,60
681,655,566,0,60
681,656,566,0,60
681,657,566,0,60
681,658,566,0,60
681,659,566,0,60
681,660,566,0,60
681,661,566,0,60
681,662,566,0,60
681,663,566,0,60
681,664,566,0,60
681,665,566,0,60
681,666,566,0,60
681,667,566,0,60
681,668,566,0,60
681,669,566,0,60
681,670,566,0,60
681,671,566,0,60
681,672,566,0,60
681,673,566,0,60
681,674,566,0,60
681,675,566,0,60
681,676,566,0,60
681,677,566,0,60
681,678,566,0,60
681,679,566,0,60
681,680,566,0,60
681,682,566,0,60
681,683,566,0,60
681,684,566,0,60
681,685,566,0,60
681,686,566,0,60
681,687,566,0,60
681,688,566,0,60
681,689,566,0,60
681,690,566,0,60
681,691,566,0,60
681,692,566,0,60
681,693,566,0,60
681,694,566,0,60
681,695,566,0,60
681,696,566,0,60
681,697,566,0,60
681,698,566,0,60
681,699,566,0,60
681,700,566,0,60
681,701,566,0,60
681,702,566,0,60
681,703,566,0,60
681,704,566,0,60
681,705,566,0,60
681,706,566,0,60
681,707,566,0,60
681,708,566,0,60
681,709,566,0,60
681,710,566,0,60
681,711,566,0,60
681,712,566,0,60
681,713,566,0,60
681,714,566,0,60
681,715,566,0,60
681,716,566,0,60
681,717,566,0,60
681,718,566,0,60
681,719,566,0,60
681,720,566,0,60
681,721,566,0,60
681,722,566,0,60
681,723,566,0,60
681,724,566,0,60
687,625,199,0,66
687,626,199,0,66
687,627,199,0,66
687,628,199,0,66
687,629,199,0,66
687,630,199,0,66
687,631,199,0,66
687,632,199,0,66
687,633,199,0,66
687,634,199,0,66
687,635,199,0,66
687,636,199,0,66
687,637,199,0,66
687,638,199,0,66
687,639,199,0,66
687,640,199,0,66
687,641,199,0,66
687,642,199,0,66
687,643,199,0,66
687,644,199,0,66
687,645,199,0,66
687,646,199,0,66
687,647,199,0,66
687,648,199,0,66
687,649,199,0,66
687,650,199,0,66
687,651,199,0,66
687,652,199,0,66
687,653,199,0,66
687,654,199,0,66
687,655,199,0,66
687,656,199,0,66
687,657,199,0,66
687,658,199,0,66
687,659,199,0,66
687,660,199,0,66
687,661,199,0,66
687,662,199,0,66
687,663,199,0,66
687,664,199,0,66
687,665,199,0,66
687,666,199,0,66
687,667,199,0,66
687,668,199,0,66
687,669,199,0,66
687,670,199,0,66
687,671,199,0,66
687,672,199,0,66
687,673,199,0,66
687,674,199,0,66
687,675,199,0,66
687,676,199,0,66
687,677,199,0,66
687,678,199,0,66
687,679,199,0,66
687,680,199,0,66
687,681,199,0,66
687,682,199,0,66
687,683,199,0,66
687,684,199,0,66
687,685,199,0,66
687,686,199,0,66
687,688,199,0,66
687,689,199,0,66
687,690,199,0,66
687,691,199,0,66
687,692,199,0,66
687,693,199,0,66
687,694,199,0,66
687,695,199,0,66
687,696,199,0,66
687,697,199,0,66
687,698,199,0,66
687,699,199,0,66
687,700,199,0,66
687,701,199,0,66
687,702,199,0,66
687,703,199,0,66
687,704,199,0,66
687,705,199,0,66
687,706,199,0,66
687,707,199,0,66
687,708,199,0,66
687,709,199,0,66
687,710,199,0,66
687,711,199,0,66
687,712,199,0,66
687,713,199,0,66
687,714,199,0,66
687,715,199,0,66
687,716,199,0,66
687,717,199,0,66
687,718,199,0,66
687,719,199,0,66
687,720,199,0,66
687,721,199,0,66
687,722,199,0,66
687,723,199,0,66
687,724,199,0,66
693,625,329,0,72
693,626,329,0,72
693,627,329,0,72
693,628,329,0,72
693,629,329,0,72
693,630,329,0,72
693,631,329,0,72
693,632,329,0,72
693,633,329,0,72
693,634,329,0,72
693,635,329,0,72
693,636,329,0,72
693,637,329,0,72
693,638,329,0,72
693,639,329,0,72
693,640,329,0,72
693,641,329,0,72
693,642,329,0,72
693,643,329,0,72
693,644,329,0,72
693,645,329,0,72
693,646,329,0,72
693,647,329,0,72
693,648,329,0,72
693,649,329,0,72
693,650,329,0,72
693,651,329,0,72
693,652,329,0,72
693,653,329,0,72
693,654,329,0,72
693,655,329,0,72
693,656,329,0,72
693,657,329,0,72
693,658,329,0,72
693,659,329,0,72
693,660,329,0,72
693,661,329,0,72
693,662,329,0,72
693,663,329,0,72
693,664,329,0,72
693,665,329,0,72
693,666,329,0,72
693,667,329,0,72
693,668,329,0,72
693,669,329,0,72
693,670,329,0,72
693,671,329,0,72
693,672,329,0,72
693,673,329,0,72
693,674,329,0,72
693,675,329,0,72
693,676,329,0,72
693,677,329,0,72
693,678,329,0,72
693,679,329,0,72
693,680,329,0,72
693,681,329,0,72
693,682,329,0,72
693,683,329,0,72
693,684,329,0,72
693,685,329,0,72
693,686,329,0,72
693,687,329,0,72
693,688,329,0,72
693,689,329,0,72
693,690,329,0,72
693,691,329,0,72
693,692,329,0,72
693,694,329,0,72
693,695,329,0,72
693,696,329,0,72
693,697,329,0,72
693,698,329,0,72
693,699,329,0,72
693,700,329,0,72
693,701,329,0,72
693,702,329,0,72
693,703,329,0,72
693,704,329,0,72
693,705,329,0,72
693,706,329,0,72
693,707,329,0,72
693,708,329,0,72
693,709,329,0,72
693,710,329,0,72
693,711,329,0,72
693,712,329,0,72
693,713,329,0,72
693,714,329,0,72
693,715,329,0,72
693,716,329,0,72
693,717,329,0,72
693,718,329,0,72
693,719,329,0,72
693,720,329,0,72
693,721,329,0,72
693,722,329,0,72
693,723,329,0,72
693,724,329,0,72
709,625,137,0,88
709,626,137,0,88
709,627,137,0,88
709,628,137,0,88
709,629,137,0,88
709,630,137,0,88
709,631,137,0,88
709,632,137,0,88
709,633,137,0,88
709,634,137,0,88
709,635,137,0,88
709,636,137,0,88
709,637,137,0,88
709,638,137,0,88
709,639,137,0,88
709,640,137,0,88
709,641,137,0,88
709,642,137,0,88
709,643,137,0,88
709,644,137,0,88
709,645,137,0,88
709,646,137,0,88
709,647,137,0,88
709,648,137,0,88
709,649,137,0,88
709,650,137,0,88
709,651,137,0,88
709,652,137,0,88
709,653,137,0,88
709,654,137,0,88
709,655,137,0,88
709,656,137,0,88
709,657,137,0,88
709,658,137,0,88
709,659,137,0,88
709,660,137,0,88
709,661,137,0,88
709,662,137,0,88
709,663,137,0,88
709,664,137,0,88
709,665,137,0,88
709,666,137,0,88
709,667,137,0,88
709,668,137,0,88
709,669,137,0,88
709,670,137,0,88
709,671,137,0,88
709,672,137,0,88
709,673,137,0,88
709,674,137,0,88
709,675,137,0,88
709,676,137,0,88
709,677,137,0,88
709,678,137,0,88
709,679,137,0,88
709,680,137,0,88
709,681,137,0,88
709,682,137,0,88
709,683,137,0,88
709,684,137,0,88
709,685,137,0,88
709,686,137,0,88
709,687,137,0,88
709,688,137,0,88
709,689,137,0,88
709,690,137,0,88
709,691,137,0,88
709,692,137,0,88
709,693,137,0,88
709,694,137,0,88
709,695,137,0,88
709,696,137,0,88
709,697,137,0,88
709,698,137,0,88
709,699,137,0,88
709,700,137,0,88
709,701,137,0,88
709,702,137,0,88
709,703,137,0,88
709,704,137,0,88
709,705,137,0,88
709,706,137,0,88
709,707,137,0,88
709,708,137,0,88
709,710,137,0,88
709,711,137,0,88
709,712,137,0,88
709,713,137,0,88
709,714,137,0,88
709,715,137,0,88
709,716,137,0,88
709,717,137,0,88
709,718,137,0,88
709,719,137,0,88
709,720,137,0,88
709,721,137,0,88
709,722,137,0,88
709,723,137,0,88
709,724,137,0,88
