0,626,600,3,2
0,677,600,3,2
1,626,601,3,3
1,677,601,3,3
2,626,602,3,3
4,626,604,3,3
5,626,605,3,3
5,677,605,3,3
6,626,606,3,3
6,677,606,3,3
7,626,607,3,3
7,652,607,3,3
7,677,607,3,3
8,626,608,3,3
8,652,608,3,3
8,677,608,3,3
8,692,33,2,0
8,694,33,2,0
9,626,609,3,3
9,652,609,3,3
9,677,609,3,3
10,626,9,0,1
10,652,9,0,1
10,677,9,0,1
10,692,9,0,1
10,694,9,0,1
11,626,10,0,1
11,652,10,0,1
11,677,10,0,1
11,694,10,0,1
12,626,11,0,1
12,652,11,0,1
12,677,11,0,1
13,626,12,0,1
13,677,12,0,1
14,626,13,0,1
14,677,13,0,1
15,626,14,0,1
17,626,18,1,0
18,626,19,1,0
18,677,19,1,0
19,626,20,1,0
19,677,20,1,0
20,626,21,1,0
20,652,21,1,0
20,677,21,1,0
21,626,22,1,0
21,652,22,1,0
21,677,22,1,0
21,692,22,1,0
21,694,22,1,0
22,626,622,3,3
22,652,622,3,3
22,677,622,3,3
23,626,623,3,3
23,652,623,3,3
23,677,623,3,3
23,692,48,2,0
23,694,48,2,0
24,626,624,3,3
24,652,624,3,3
24,677,624,3,3
25,626,0,0,1
25,677,0,0,1
26,626,1,0,2
26,677,1,0,2
27,626,2,0,2
29,626,4,0,2
30,626,5,0,2
30,677,5,0,2
31,626,6,0,2
31,677,6,0,2
32,626,7,0,2
32,652,57,3,0
32,677,7,0,2
33,626,8,0,2
33,652,58,3,0
33,677,8,0,2
33,692,58,3,0
33,694,58,3,0
34,626,9,0,2
34,677,9,0,2
35,626,34,1,2
35,652,34,1,2
35,677,34,1,2
35,692,34,1,2
35,694,34,1,2
36,626,35,1,2
36,652,35,1,2
36,677,35,1,2
36,694,35,1,2
37,626,36,1,2
37,652,36,1,2
37,677,36,1,2
38,626,37,1,2
38,677,37,1,2
39,626,38,1,2
39,677,38,1,2
40,626,39,1,2
42,626,43,2,1
43,626,44,2,1
43,677,44,2,1
44,626,45,2,1
44,677,45,2,1
45,626,46,2,1
45,652,46,2,1
45,677,46,2,1
46,626,47,2,1
46,652,47,2,1
46,677,47,2,1
46,692,47,2,1
46,694,47,2,1
47,626,22,0,2
47,677,22,0,2
48,626,23,0,2
48,652,73,3,0
48,677,23,0,2
48,692,73,3,0
48,694,73,3,0
49,626,24,0,2
49,652,74,3,0
49,677,24,0,2
50,626,75,2,0
50,677,75,2,0
51,626,76,3,0
51,677,76,3,0
52,626,77,3,0
54,626,79,3,0
55,626,80,3,0
55,677,80,3,0
56,626,81,3,0
56,677,81,3,0
57,626,82,3,0
57,652,82,3,0
57,677,82,3,0
58,626,83,3,0
58,652,83,3,0
58,677,83,3,0
58,692,83,3,0
58,694,83,3,0
59,692,84,3,0
59,694,84,3,0
60,626,59,1,2
60,652,59,1,2
60,677,59,1,2
60,692,59,1,2
60,694,59,1,2
61,626,60,1,2
61,652,60,1,2
61,677,60,1,2
61,694,60,1,2
62,626,61,1,2
62,652,61,1,2
62,677,61,1,2
63,626,62,1,2
63,677,62,1,2
64,626,63,1,2
64,677,63,1,2
65,626,64,1,2
67,626,68,2,1
68,626,69,2,1
68,677,69,2,1
69,626,70,2,1
69,677,70,2,1
70,626,71,2,1
70,652,71,2,1
70,677,71,2,1
71,626,72,2,1
71,652,72,2,1
71,677,72,2,1
71,692,72,2,1
71,694,72,2,1
72,692,97,3,0
72,694,97,3,0
73,626,98,3,0
73,652,98,3,0
73,677,98,3,0
73,692,98,3,0
73,694,98,3,0
74,626,99,3,0
74,652,99,3,0
74,677,99,3,0
75,626,100,2,0
75,677,100,2,0
76,626,101,3,0
76,677,101,3,0
77,626,102,3,0
79,626,104,3,0
80,626,105,3,0
80,677,105,3,0
81,626,106,3,0
81,677,106,3,0
82,626,107,3,0
82,652,107,3,0
82,677,107,3,0
83,626,108,3,0
83,652,108,3,0
83,677,108,3,0
83,692,108,3,0
83,694,108,3,0
84,626,109,3,0
84,692,109,3,0
84,694,109,3,0
85,626,84,1,2
85,652,84,1,2
85,677,84,1,2
85,692,84,1,2
85,694,84,1,2
86,626,85,1,2
86,652,85,1,2
86,677,85,1,2
86,694,85,1,2
87,626,86,1,2
87,652,86,1,2
87,677,86,1,2
88,626,87,1,2
88,677,87,1,2
89,626,88,1,2
89,677,88,1,2
90,626,89,1,2
92,626,93,2,1
93,626,94,2,1
93,677,94,2,1
94,626,95,2,1
94,677,95,2,1
95,626,96,2,1
95,652,96,2,1
95,677,96,2,1
96,626,97,2,1
96,652,97,2,1
96,677,97,2,1
96,692,97,2,1
96,694,97,2,1
97,626,122,3,0
97,692,122,3,0
97,694,122,3,0
98,626,123,3,0
98,652,123,3,0
98,677,123,3,0
98,692,123,3,0
98,694,123,3,0
99,626,124,3,0
99,652,124,3,0
99,677,124,3,0
100,626,125,2,0
100,677,125,2,0
101,626,126,3,0
101,677,126,3,0
102,626,127,3,0
104,626,129,3,0
105,626,130,3,0
105,677,130,3,0
106,626,131,3,0
106,677,131,3,0
107,626,132,3,0
107,652,132,3,0
107,677,132,3,0
108,626,133,3,0
108,652,133,3,0
108,677,133,3,0
108,692,133,3,0
108,694,133,3,0
109,626,134,3,0
109,677,134,3,0
109,692,134,3,0
109,694,134,3,0
110,626,109,1,2
110,652,109,1,2
110,677,109,1,2
110,692,109,1,2
110,694,109,1,2
111,626,110,1,2
111,652,110,1,2
111,677,110,1,2
111,694,110,1,2
112,626,111,1,2
112,652,111,1,2
112,677,111,1,2
113,626,112,1,2
113,677,112,1,2
114,626,113,1,2
114,677,113,1,2
115,626,114,1,2
117,626,118,2,1
118,626,119,2,1
118,677,119,2,1
119,626,120,2,1
119,677,120,2,1
120,626,121,2,1
120,652,121,2,1
120,677,121,2,1
121,626,122,2,1
121,652,122,2,1
121,677,122,2,1
121,692,122,2,1
121,694,122,2,1
122,626,147,3,0
122,677,147,3,0
122,692,147,3,0
122,694,147,3,0
123,626,148,3,0
123,652,148,3,0
123,677,148,3,0
123,692,148,3,0
123,694,148,3,0
124,626,149,3,0
124,652,149,3,0
124,677,149,3,0
125,626,150,2,0
125,677,150,2,0
126,626,151,3,0
126,677,151,3,0
127,626,152,3,0
129,626,154,3,0
130,626,155,3,0
130,677,155,3,0
131,626,156,3,0
131,677,156,3,0
132,626,157,3,0
132,652,157,3,0
132,677,157,3,0
133,626,158,3,0
133,652,158,3,0
133,677,158,3,0
133,692,692,71,0
133,694,158,3,0
134,626,159,3,0
134,677,159,3,0
134,692,133,1,2
134,694,159,3,0
135,626,134,1,2
135,652,134,1,2
135,677,134,1,2
135,692,134,1,2
135,694,134,1,2
136,626,135,1,2
136,652,135,1,2
136,677,135,1,2
136,694,135,1,2
137,626,136,1,2
137,652,136,1,2
137,677,136,1,2
138,626,137,1,2
138,677,137,1,2
139,626,138,1,2
139,677,138,1,2
140,626,139,1,2
142,626,143,2,1
143,626,144,2,1
143,677,144,2,1
144,626,145,2,1
144,677,145,2,1
145,626,146,2,1
145,652,146,2,1
145,677,146,2,1
146,626,147,2,1
146,652,147,2,1
146,677,147,2,1
146,692,147,2,1
146,694,147,2,1
147,626,172,3,0
147,677,172,3,0
147,692,148,2,1
147,694,172,3,0
148,626,173,3,0
148,652,173,3,0
148,677,173,3,0
148,694,173,3,0
149,626,174,3,0
149,652,174,3,0
149,677,174,3,0
150,626,175,2,0
150,677,175,2,0
151,626,176,3,0
151,677,176,3,0
152,626,177,3,0
154,626,179,3,0
155,626,180,3,0
155,677,180,3,0
156,626,181,3,0
156,677,181,3,0
157,626,182,3,0
157,652,182,3,0
157,677,182,3,0
158,626,183,3,0
158,652,183,3,0
158,677,183,3,0
158,692,133,0,3
158,694,694,73,0
159,626,184,3,0
159,652,184,3,0
159,677,184,3,0
159,694,158,1,2
160,626,159,1,2
160,652,159,1,2
160,677,159,1,2
160,692,159,1,2
160,694,159,1,2
161,626,160,1,2
161,652,160,1,2
161,677,160,1,2
161,694,160,1,2
162,626,161,1,2
162,652,161,1,2
162,677,161,1,2
163,626,162,1,2
163,677,162,1,2
164,626,163,1,2
164,677,163,1,2
165,626,164,1,2
167,626,168,2,1
168,626,169,2,1
168,677,169,2,1
169,626,170,2,1
169,677,170,2,1
170,626,171,2,1
170,652,171,2,1
170,677,171,2,1
171,626,172,2,1
171,652,172,2,1
171,677,172,2,1
171,692,172,2,1
171,694,172,2,1
172,626,197,3,0
172,652,197,3,0
172,677,197,3,0
172,694,173,2,1
173,626,198,3,0
173,652,198,3,0
173,677,198,3,0
173,692,148,0,3
173,694,174,2,1
174,626,199,3,0
174,652,199,3,0
174,677,199,3,0
175,626,200,2,0
175,677,200,2,0
176,626,201,3,0
176,677,201,3,0
177,626,202,3,0
179,626,204,3,0
180,626,205,3,0
180,677,205,3,0
181,626,206,3,0
181,677,206,3,0
182,626,207,3,0
182,652,207,3,0
182,677,207,3,0
183,626,208,3,0
183,652,208,3,0
183,677,208,3,0
183,692,158,0,3
183,694,158,0,3
184,626,209,3,0
184,652,209,3,0
184,677,209,3,0
185,626,184,1,2
185,652,184,1,2
185,677,184,1,2
185,692,184,1,2
185,694,184,1,2
186,626,185,1,2
186,652,185,1,2
186,677,185,1,2
186,694,185,1,2
187,626,186,1,2
187,652,186,1,2
187,677,186,1,2
188,626,187,1,2
188,677,187,1,2
189,626,188,1,2
189,677,188,1,2
190,626,189,1,2
192,626,193,2,1
193,626,194,2,1
193,677,194,2,1
194,626,195,2,1
194,677,195,2,1
195,626,196,2,1
195,652,196,2,1
195,677,196,2,1
196,626,197,2,1
196,652,197,2,1
196,677,197,2,1
196,692,197,2,1
196,694,197,2,1
197,626,222,3,0
197,652,222,3,0
197,677,222,3,0
198,626,223,3,0
198,652,223,3,0
198,677,223,3,0
198,692,173,0,3
198,694,173,0,3
199,626,224,3,0
199,652,224,3,0
199,677,224,3,0
200,626,225,2,0
200,677,225,2,0
201,626,226,3,0
201,677,226,3,0
202,626,227,3,0
204,626,229,3,0
205,626,230,3,0
205,677,230,3,0
206,626,231,3,0
206,677,231,3,0
207,626,232,3,0
207,652,232,3,0
207,677,232,3,0
208,626,233,3,0
208,652,233,3,0
208,677,233,3,0
208,692,183,0,3
208,694,183,0,3
209,626,234,3,0
209,652,234,3,0
209,677,234,3,0
210,626,209,1,2
210,652,209,1,2
210,677,209,1,2
210,692,209,1,2
210,694,209,1,2
211,626,210,1,2
211,652,210,1,2
211,677,210,1,2
211,694,210,1,2
212,626,211,1,2
212,652,211,1,2
212,677,211,1,2
213,626,212,1,2
213,677,212,1,2
214,626,213,1,2
214,677,213,1,2
215,626,214,1,2
217,626,218,2,1
218,626,219,2,1
218,677,219,2,1
219,626,220,2,1
219,677,220,2,1
220,626,221,2,1
220,652,221,2,1
220,677,221,2,1
221,626,222,2,1
221,652,222,2,1
221,677,222,2,1
221,692,222,2,1
221,694,222,2,1
222,626,247,3,0
222,652,247,3,0
222,677,247,3,0
223,626,248,3,0
223,652,248,3,0
223,677,248,3,0
223,692,198,0,3
223,694,198,0,3
224,626,249,3,0
224,652,249,3,0
224,677,249,3,0
225,626,250,2,0
225,677,250,2,0
226,626,251,3,0
226,677,251,3,0
227,626,252,3,0
229,626,254,3,0
230,626,255,3,0
230,677,255,3,0
231,626,256,3,0
231,677,256,3,0
232,626,257,3,0
232,652,257,3,0
232,677,257,3,0
233,626,258,3,0
233,652,258,3,0
233,677,258,3,0
233,692,208,0,3
233,694,208,0,3
234,626,259,3,0
234,652,259,3,0
234,677,259,3,0
235,626,234,1,2
235,652,234,1,2
235,677,234,1,2
235,692,234,1,2
235,694,234,1,2
236,626,235,1,2
236,652,235,1,2
236,677,235,1,2
236,694,235,1,2
237,626,236,1,2
237,652,236,1,2
237,677,236,1,2
238,626,237,1,2
238,677,237,1,2
239,626,238,1,2
239,677,238,1,2
240,626,239,1,2
242,626,243,2,1
243,626,244,2,1
243,677,244,2,1
244,626,245,2,1
244,677,245,2,1
245,626,246,2,1
245,652,246,2,1
245,677,246,2,1
246,626,247,2,1
246,652,247,2,1
246,677,247,2,1
246,692,247,2,1
246,694,247,2,1
247,626,272,3,0
247,652,272,3,0
247,677,272,3,0
248,626,273,3,0
248,652,273,3,0
248,677,273,3,0
248,692,223,0,3
248,694,223,0,3
249,626,274,3,0
249,652,274,3,0
249,677,274,3,0
250,626,275,2,0
250,677,275,2,0
251,626,276,3,0
251,677,276,3,0
252,626,277,3,0
254,626,279,3,0
255,626,280,3,0
255,677,280,3,0
256,626,281,3,0
256,677,281,3,0
257,626,282,3,0
257,652,282,3,0
257,677,282,3,0
258,626,283,3,0
258,652,283,3,0
258,677,283,3,0
258,692,233,0,3
258,694,233,0,3
259,626,284,3,0
259,652,284,3,0
259,677,284,3,0
260,626,259,1,2
260,652,259,1,2
260,677,259,1,2
260,692,259,1,2
260,694,259,1,2
261,626,260,1,2
261,652,260,1,2
261,677,260,1,2
261,694,260,1,2
262,626,261,1,2
262,652,261,1,2
262,677,261,1,2
263,626,262,1,2
263,677,262,1,2
264,626,263,1,2
264,677,263,1,2
265,626,264,1,2
267,626,268,2,1
268,626,269,2,1
268,677,269,2,1
269,626,270,2,1
269,677,270,2,1
270,626,271,2,1
270,652,271,2,1
270,677,271,2,1
271,626,272,2,1
271,652,272,2,1
271,677,272,2,1
271,692,272,2,1
271,694,272,2,1
272,626,297,3,0
272,652,297,3,0
272,677,297,3,0
273,626,298,3,0
273,652,298,3,0
273,677,298,3,0
273,692,248,0,3
273,694,248,0,3
274,626,299,3,0
274,652,299,3,0
274,677,299,3,0
275,626,300,2,0
275,677,300,2,0
276,626,301,3,0
276,677,301,3,0
277,626,302,3,0
279,626,304,3,0
280,626,305,3,0
280,677,305,3,0
281,626,306,3,0
281,677,306,3,0
282,626,307,3,0
282,652,307,3,0
282,677,307,3,0
283,626,308,3,0
283,652,308,3,0
283,677,308,3,0
283,692,258,0,3
283,694,258,0,3
284,626,309,3,0
284,652,309,3,0
284,677,309,3,0
285,626,284,1,2
285,652,284,1,2
285,677,284,1,2
285,692,284,1,2
285,694,284,1,2
286,626,285,1,2
286,652,285,1,2
286,677,285,1,2
286,694,285,1,2
287,626,286,1,2
287,652,286,1,2
287,677,286,1,2
288,626,287,1,2
288,677,287,1,2
289,626,288,1,2
289,677,288,1,2
290,626,289,1,2
292,626,293,2,1
293,626,294,2,1
293,677,294,2,1
294,626,295,2,1
294,677,295,2,1
295,626,296,2,1
295,652,296,2,1
295,677,296,2,1
296,626,297,2,1
296,652,297,2,1
296,677,297,2,1
296,692,297,2,1
296,694,297,2,1
297,626,322,3,0
297,652,322,3,0
297,677,322,3,0
298,626,323,3,0
298,652,323,3,0
298,677,323,3,0
298,692,273,0,3
298,694,273,0,3
299,626,324,3,0
299,652,324,3,0
299,677,324,3,0
300,626,325,2,0
300,677,325,2,0
301,626,326,3,0
301,677,326,3,0
302,626,327,3,0
304,626,329,3,0
305,626,330,3,0
305,677,330,3,0
306,626,331,3,0
306,677,331,3,0
307,626,332,3,0
307,652,332,3,0
307,677,332,3,0
308,626,333,3,0
308,652,333,3,0
308,677,333,3,0
308,692,283,0,3
308,694,283,0,3
309,626,334,3,0
309,652,334,3,0
309,677,334,3,0
310,626,309,1,2
310,652,309,1,2
310,677,309,1,2
310,692,309,1,2
310,694,309,1,2
311,626,310,1,2
311,652,310,1,2
311,677,310,1,2
311,694,310,1,2
312,626,311,1,2
312,652,311,1,2
312,677,311,1,2
313,626,312,1,2
313,677,312,1,2
314,626,313,1,2
314,677,313,1,2
315,626,314,1,2
317,626,318,2,1
318,626,319,2,1
318,677,319,2,1
319,626,320,2,1
319,677,320,2,1
320,626,321,2,1
320,652,321,2,1
320,677,321,2,1
321,626,322,2,1
321,652,322,2,1
321,677,322,2,1
321,692,322,2,1
321,694,322,2,1
322,626,347,3,0
322,652,347,3,0
322,677,347,3,0
323,626,348,3,0
323,652,348,3,0
323,677,348,3,0
323,692,298,0,3
323,694,298,0,3
324,626,349,3,0
324,652,349,3,0
324,677,349,3,0
325,626,350,2,0
325,677,350,2,0
326,626,351,3,0
326,677,351,3,0
327,626,352,3,0
329,626,354,3,0
330,626,355,3,0
330,677,355,3,0
331,626,356,3,0
331,677,356,3,0
332,626,357,3,0
332,652,652,31,0
332,677,357,3,0
333,626,358,3,0
333,652,332,1,2
333,677,358,3,0
333,692,308,0,3
333,694,308,0,3
334,626,359,3,0
334,652,333,1,2
334,677,359,3,0
335,626,334,1,2
335,652,334,1,2
335,677,334,1,2
335,692,334,1,2
335,694,334,1,2
336,626,335,1,2
336,652,335,1,2
336,677,335,1,2
336,694,335,1,2
337,626,336,1,2
337,652,336,1,2
337,677,336,1,2
338,626,337,1,2
338,677,337,1,2
339,626,338,1,2
339,677,338,1,2
340,626,339,1,2
342,626,343,2,1
343,626,344,2,1
343,677,344,2,1
344,626,345,2,1
344,677,345,2,1
345,626,346,2,1
345,652,346,2,1
345,677,346,2,1
346,626,347,2,1
346,652,347,2,1
346,677,347,2,1
346,692,347,2,1
346,694,347,2,1
347,626,372,3,0
347,652,348,2,1
347,677,372,3,0
348,626,373,3,0
348,652,349,2,1
348,677,373,3,0
348,692,323,0,3
348,694,323,0,3
349,626,374,3,0
349,652,325,2,3
349,677,374,3,0
350,626,351,1,1
350,677,351,1,1
351,626,352,2,1
351,677,352,2,1
352,626,353,2,1
354,626,626,5,0
355,626,354,1,2
355,677,677,56,0
356,626,355,1,2
356,677,355,1,2
357,626,356,1,2
357,652,332,0,3
357,677,356,1,2
358,626,357,1,2
358,652,333,0,3
358,677,357,1,2
358,692,333,0,3
358,694,333,0,3
359,626,358,1,2
359,677,358,1,2
360,626,359,1,2
360,652,359,1,2
360,677,359,1,2
360,692,359,1,2
360,694,359,1,2
361,626,360,1,2
361,652,360,1,2
361,677,360,1,2
361,694,360,1,2
362,626,361,1,2
362,652,361,1,2
362,677,361,1,2
363,626,362,1,2
363,677,362,1,2
364,626,363,1,2
364,677,363,1,2
365,626,364,1,2
367,626,368,2,1
368,626,369,2,1
368,677,369,2,1
369,626,370,2,1
369,677,370,2,1
370,626,371,2,1
370,652,371,2,1
370,677,371,2,1
371,626,372,2,1
371,652,372,2,1
371,677,372,2,1
371,692,372,2,1
371,694,372,2,1
372,626,373,2,1
372,677,373,2,1
373,626,374,2,1
373,652,348,0,3
373,677,374,2,1
373,692,348,0,3
373,694,348,0,3
374,626,350,2,3
374,652,349,0,3
374,677,350,2,3
375,626,350,0,2
375,677,350,0,2
376,626,351,0,3
376,677,351,0,3
377,626,352,0,3
379,626,354,0,3
380,626,355,0,3
380,677,355,0,3
381,626,356,0,3
381,677,356,0,3
382,626,357,0,3
382,652,357,0,3
382,677,357,0,3
383,626,358,0,3
383,652,358,0,3
383,677,358,0,3
383,692,358,0,3
383,694,358,0,3
384,692,359,0,3
384,694,359,0,3
385,626,384,1,2
385,652,384,1,2
385,677,384,1,2
385,692,384,1,2
385,694,384,1,2
386,626,385,1,2
386,652,385,1,2
386,677,385,1,2
386,694,385,1,2
387,626,386,1,2
387,652,386,1,2
387,677,386,1,2
388,626,387,1,2
388,677,387,1,2
389,626,388,1,2
389,677,388,1,2
390,626,389,1,2
392,626,393,2,1
393,626,394,2,1
393,677,394,2,1
394,626,395,2,1
394,677,395,2,1
395,626,396,2,1
395,652,396,2,1
395,677,396,2,1
396,626,397,2,1
396,652,397,2,1
396,677,397,2,1
396,692,397,2,1
396,694,397,2,1
397,692,372,0,3
397,694,372,0,3
398,626,373,0,3
398,652,373,0,3
398,677,373,0,3
398,692,373,0,3
398,694,373,0,3
399,626,374,0,3
399,652,374,0,3
399,677,374,0,3
400,626,375,0,2
400,677,375,0,2
401,626,376,0,3
401,677,376,0,3
402,626,377,0,3
404,626,379,0,3
405,626,380,0,3
405,677,380,0,3
406,626,381,0,3
406,677,381,0,3
407,626,382,0,3
407,652,382,0,3
407,677,382,0,3
408,626,383,0,3
408,652,383,0,3
408,677,383,0,3
408,692,383,0,3
408,694,383,0,3
409,626,384,0,3
409,692,384,0,3
409,694,384,0,3
410,626,409,1,2
410,652,409,1,2
410,677,409,1,2
410,692,409,1,2
410,694,409,1,2
411,626,410,1,2
411,652,410,1,2
411,677,410,1,2
411,694,410,1,2
412,626,411,1,2
412,652,411,1,2
412,677,411,1,2
413,626,412,1,2
413,677,412,1,2
414,626,413,1,2
414,677,413,1,2
415,626,414,1,2
417,626,418,2,1
418,626,419,2,1
418,677,419,2,1
419,626,420,2,1
419,677,420,2,1
420,626,421,2,1
420,652,421,2,1
420,677,421,2,1
421,626,422,2,1
421,652,422,2,1
421,677,422,2,1
421,692,422,2,1
421,694,422,2,1
422,626,397,0,3
422,692,397,0,3
422,694,397,0,3
423,626,398,0,3
423,652,398,0,3
423,677,398,0,3
423,692,398,0,3
423,694,398,0,3
424,626,399,0,3
424,652,399,0,3
424,677,399,0,3
425,626,400,0,2
425,677,400,0,2
426,626,401,0,3
426,677,401,0,3
427,626,402,0,3
429,626,404,0,3
430,626,405,0,3
430,677,405,0,3
431,626,406,0,3
431,677,406,0,3
432,626,407,0,3
432,652,407,0,3
432,677,407,0,3
433,626,408,0,3
433,652,408,0,3
433,677,408,0,3
433,692,408,0,3
433,694,408,0,3
434,626,409,0,3
434,677,409,0,3
434,692,409,0,3
434,694,409,0,3
435,626,434,1,2
435,652,434,1,2
435,677,434,1,2
435,692,434,1,2
435,694,434,1,2
436,626,435,1,2
436,652,435,1,2
436,677,435,1,2
436,694,435,1,2
437,626,436,1,2
437,652,436,1,2
437,677,436,1,2
438,626,437,1,2
438,677,437,1,2
439,626,438,1,2
439,677,438,1,2
440,626,439,1,2
442,626,443,2,1
443,626,444,2,1
443,677,444,2,1
444,626,445,2,1
444,677,445,2,1
445,626,446,2,1
445,652,446,2,1
445,677,446,2,1
446,626,447,2,1
446,652,447,2,1
446,677,447,2,1
446,692,447,2,1
446,694,447,2,1
447,626,422,0,3
447,677,422,0,3
447,692,422,0,3
447,694,422,0,3
448,626,423,0,3
448,652,423,0,3
448,677,423,0,3
448,692,423,0,3
448,694,423,0,3
449,626,424,0,3
449,652,424,0,3
449,677,424,0,3
450,626,425,0,2
450,677,425,0,2
451,626,426,0,3
451,677,426,0,3
452,626,427,0,3
454,626,429,0,3
455,626,430,0,3
455,677,430,0,3
456,626,431,0,3
456,677,431,0,3
457,626,432,0,3
457,652,432,0,3
457,677,432,0,3
458,626,433,0,3
458,652,433,0,3
458,677,433,0,3
458,692,483,3,0
458,694,433,0,3
459,626,434,0,3
459,677,434,0,3
459,694,434,0,3
460,626,459,1,2
460,652,459,1,2
460,677,459,1,2
460,692,459,1,2
460,694,459,1,2
461,626,460,1,2
461,652,460,1,2
461,677,460,1,2
461,694,460,1,2
462,626,461,1,2
462,652,461,1,2
462,677,461,1,2
463,626,462,1,2
463,677,462,1,2
464,626,463,1,2
464,677,463,1,2
465,626,464,1,2
467,626,468,2,1
468,626,469,2,1
468,677,469,2,1
469,626,470,2,1
469,677,470,2,1
470,626,471,2,1
470,652,471,2,1
470,677,471,2,1
471,626,472,2,1
471,652,472,2,1
471,677,472,2,1
471,692,472,2,1
471,694,472,2,1
472,626,447,0,3
472,677,447,0,3
472,694,447,0,3
473,626,448,0,3
473,652,448,0,3
473,677,448,0,3
473,692,498,3,0
473,694,448,0,3
474,626,449,0,3
474,652,449,0,3
474,677,449,0,3
475,626,450,0,2
475,677,450,0,2
476,626,451,0,3
476,677,451,0,3
477,626,452,0,3
479,626,454,0,3
480,626,455,0,3
480,677,455,0,3
481,626,456,0,3
481,677,456,0,3
482,626,457,0,3
482,652,457,0,3
482,677,457,0,3
483,626,458,0,3
483,652,458,0,3
483,677,458,0,3
483,692,508,3,0
483,694,508,3,0
484,626,459,0,3
484,652,459,0,3
484,677,459,0,3
485,626,484,1,2
485,652,484,1,2
485,677,484,1,2
485,692,484,1,2
485,694,484,1,2
486,626,485,1,2
486,652,485,1,2
486,677,485,1,2
486,694,485,1,2
487,626,486,1,2
487,652,486,1,2
487,677,486,1,2
488,626,487,1,2
488,677,487,1,2
489,626,488,1,2
489,677,488,1,2
490,626,489,1,2
492,626,493,2,1
493,626,494,2,1
493,677,494,2,1
494,626,495,2,1
494,677,495,2,1
495,626,496,2,1
495,652,496,2,1
495,677,496,2,1
496,626,497,2,1
496,652,497,2,1
496,677,497,2,1
496,692,497,2,1
496,694,497,2,1
497,626,472,0,3
497,652,472,0,3
497,677,472,0,3
498,626,473,0,3
498,652,473,0,3
498,677,473,0,3
498,692,523,3,0
498,694,523,3,0
499,626,474,0,3
499,652,474,0,3
499,677,474,0,3
500,626,475,0,2
500,677,475,0,2
501,626,476,0,3
501,677,476,0,3
502,626,477,0,3
504,626,479,0,3
505,626,480,0,3
505,677,480,0,3
506,626,481,0,3
506,677,481,0,3
507,626,482,0,3
507,652,482,0,3
507,677,482,0,3
508,626,483,0,3
508,652,483,0,3
508,677,483,0,3
508,692,533,3,0
508,694,533,3,0
509,626,484,0,3
509,652,484,0,3
509,677,484,0,3
510,626,509,1,2
510,652,509,1,2
510,677,509,1,2
510,692,509,1,2
510,694,509,1,2
511,626,510,1,2
511,652,510,1,2
511,677,510,1,2
511,694,510,1,2
512,626,511,1,2
512,652,511,1,2
512,677,511,1,2
513,626,512,1,2
513,677,512,1,2
514,626,513,1,2
514,677,513,1,2
515,626,514,1,2
517,626,518,2,1
518,626,519,2,1
518,677,519,2,1
519,626,520,2,1
519,677,520,2,1
520,626,521,2,1
520,652,521,2,1
520,677,521,2,1
521,626,522,2,1
521,652,522,2,1
521,677,522,2,1
521,692,522,2,1
521,694,522,2,1
522,626,497,0,3
522,652,497,0,3
522,677,497,0,3
523,626,498,0,3
523,652,498,0,3
523,677,498,0,3
523,692,548,3,0
523,694,548,3,0
524,626,499,0,3
524,652,499,0,3
524,677,499,0,3
525,626,500,0,2
525,677,500,0,2
526,626,501,0,3
526,677,501,0,3
527,626,502,0,3
529,626,504,0,3
530,626,505,0,3
530,677,505,0,3
531,626,506,0,3
531,677,506,0,3
532,626,507,0,3
532,652,507,0,3
532,677,507,0,3
533,626,508,0,3
533,652,508,0,3
533,677,508,0,3
533,692,558,3,0
533,694,558,3,0
534,626,509,0,3
534,652,509,0,3
534,677,509,0,3
535,626,534,1,2
535,652,534,1,2
535,677,534,1,2
535,692,534,1,2
535,694,534,1,2
536,626,535,1,2
536,652,535,1,2
536,677,535,1,2
536,694,535,1,2
537,626,536,1,2
537,652,536,1,2
537,677,536,1,2
538,626,537,1,2
538,677,537,1,2
539,626,538,1,2
539,677,538,1,2
540,626,539,1,2
542,626,543,2,1
543,626,544,2,1
543,677,544,2,1
544,626,545,2,1
544,677,545,2,1
545,626,546,2,1
545,652,546,2,1
545,677,546,2,1
546,626,547,2,1
546,652,547,2,1
546,677,547,2,1
546,692,547,2,1
546,694,547,2,1
547,626,522,0,3
547,652,522,0,3
547,677,522,0,3
548,626,523,0,3
548,652,523,0,3
548,677,523,0,3
548,692,573,3,0
548,694,573,3,0
549,626,524,0,3
549,652,524,0,3
549,677,524,0,3
550,626,525,0,2
550,677,525,0,2
551,626,526,0,3
551,677,526,0,3
552,626,527,0,3
554,626,529,0,3
555,626,530,0,3
555,677,530,0,3
556,626,531,0,3
556,677,531,0,3
557,626,532,0,3
557,652,532,0,3
557,677,532,0,3
558,626,533,0,3
558,652,533,0,3
558,677,533,0,3
558,692,583,3,0
558,694,583,3,0
559,626,534,0,3
559,652,534,0,3
559,677,534,0,3
560,626,559,1,2
560,652,559,1,2
560,677,559,1,2
560,692,559,1,2
560,694,559,1,2
561,626,560,1,2
561,652,560,1,2
561,677,560,1,2
561,694,560,1,2
562,626,561,1,2
562,652,561,1,2
562,677,561,1,2
563,626,562,1,2
563,677,562,1,2
564,626,563,1,2
564,677,563,1,2
565,626,564,1,2
567,626,568,2,1
568,626,569,2,1
568,677,569,2,1
569,626,570,2,1
569,677,570,2,1
570,626,571,2,1
570,652,571,2,1
570,677,571,2,1
571,626,572,2,1
571,652,572,2,1
571,677,572,2,1
571,692,572,2,1
571,694,572,2,1
572,626,547,0,3
572,652,547,0,3
572,677,547,0,3
573,626,548,0,3
573,652,548,0,3
573,677,548,0,3
573,692,598,3,0
573,694,598,3,0
574,626,549,0,3
574,652,549,0,3
574,677,549,0,3
575,626,550,0,2
575,677,550,0,2
576,626,551,0,3
576,677,551,0,3
577,626,552,0,3
579,626,554,0,3
580,626,555,0,3
580,677,555,0,3
581,626,556,0,3
581,677,556,0,3
582,626,557,0,3
582,652,557,0,3
582,677,557,0,3
583,626,558,0,3
583,652,558,0,3
583,677,558,0,3
583,692,608,3,0
583,694,608,3,0
584,626,559,0,3
584,652,559,0,3
584,677,559,0,3
585,626,584,1,2
585,652,584,1,2
585,677,584,1,2
585,692,584,1,2
585,694,584,1,2
586,626,585,1,2
586,652,585,1,2
586,677,585,1,2
586,694,585,1,2
587,626,586,1,2
587,652,586,1,2
587,677,586,1,2
588,626,587,1,2
588,677,587,1,2
589,626,588,1,2
589,677,588,1,2
590,626,589,1,2
592,626,593,2,1
593,626,594,2,1
593,677,594,2,1
594,626,595,2,1
594,677,595,2,1
595,626,596,2,1
595,652,596,2,1
595,677,596,2,1
596,626,597,2,1
596,652,597,2,1
596,677,597,2,1
596,692,597,2,1
596,694,597,2,1
597,626,572,0,3
597,652,572,0,3
597,677,572,0,3
598,626,573,0,3
598,652,573,0,3
598,677,573,0,3
598,692,623,3,0
598,694,623,3,0
599,626,574,0,3
599,652,574,0,3
599,677,574,0,3
600,626,575,0,2
600,677,575,0,2
601,626,576,0,3
601,677,576,0,3
602,626,577,0,3
604,626,579,0,3
605,626,580,0,3
605,677,580,0,3
606,626,581,0,3
606,677,581,0,3
607,626,582,0,3
607,652,582,0,3
607,677,582,0,3
608,626,583,0,3
608,652,583,0,3
608,677,583,0,3
608,692,8,3,3
608,694,8,3,3
609,626,584,0,3
609,652,584,0,3
609,677,584,0,3
610,626,609,1,2
610,652,609,1,2
610,677,609,1,2
610,692,609,1,2
610,694,609,1,2
611,626,610,1,2
611,652,610,1,2
611,677,610,1,2
611,694,610,1,2
612,626,611,1,2
612,652,611,1,2
612,677,611,1,2
613,626,612,1,2
613,677,612,1,2
614,626,613,1,2
614,677,613,1,2
615,626,614,1,2
617,626,618,2,1
618,626,619,2,1
618,677,619,2,1
619,626,620,2,1
619,677,620,2,1
620,626,621,2,1
620,652,621,2,1
620,677,621,2,1
621,626,622,2,1
621,652,622,2,1
621,677,622,2,1
621,692,622,2,1
621,694,622,2,1
622,626,597,0,3
622,652,597,0,3
622,677,597,0,3
623,626,598,0,3
623,652,598,0,3
623,677,598,0,3
623,692,23,3,3
623,694,23,3,3
624,626,599,0,3
624,652,599,0,3
624,677,599,0,3
626,625,354,0,5
626,627,354,0,5
626,628,354,0,5
626,629,354,0,5
626,630,354,0,5
626,631,354,0,5
626,632,354,0,5
626,633,354,0,5
626,634,354,0,5
626,635,354,0,5
626,636,354,0,5
626,637,354,0,5
626,638,354,0,5
626,639,354,0,5
626,640,354,0,5
626,641,354,0,5
626,642,354,0,5
626,643,354,0,5
626,644,354,0,5
626,645,354,0,5
626,646,354,0,5
626,647,354,0,5
626,648,354,0,5
626,649,354,0,5
626,650,354,0,5
626,651,354,0,5
626,652,354,0,5
626,653,354,0,5
626,654,354,0,5
626,655,354,0,5
626,656,354,0,5
626,657,354,0,5
626,658,354,0,5
626,659,354,0,5
626,660,354,0,5
626,661,354,0,5
626,662,354,0,5
626,663,354,0,5
626,664,354,0,5
626,665,354,0,5
626,666,354,0,5
626,667,354,0,5
626,668,354,0,5
626,669,354,0,5
626,670,354,0,5
626,671,354,0,5
626,672,354,0,5
626,673,354,0,5
626,674,354,0,5
626,675,354,0,5
626,676,354,0,5
626,677,354,0,5
626,678,354,0,5
626,679,354,0,5
626,680,354,0,5
626,681,354,0,5
626,682,354,0,5
626,683,354,0,5
626,684,354,0,5
626,685,354,0,5
626,686,354,0,5
626,687,354,0,5
626,688,354,0,5
626,689,354,0,5
626,690,354,0,5
626,691,354,0,5
626,692,354,0,5
626,693,354,0,5
626,694,354,0,5
626,695,354,0,5
626,696,354,0,5
626,697,354,0,5
626,698,354,0,5
626,699,354,0,5
626,700,354,0,5
626,701,354,0,5
626,702,354,0,5
626,703,354,0,5
626,704,354,0,5
626,705,354,0,5
626,706,354,0,5
626,707,354,0,5
626,708,354,0,5
626,709,354,0,5
626,710,354,0,5
626,711,354,0,5
626,712,354,0,5
626,713,354,0,5
626,714,354,0,5
626,715,354,0,5
626,716,354,0,5
626,717,354,0,5
626,718,354,0,5
626,719,354,0,5
626,720,354,0,5
626,721,354,0,5
626,722,354,0,5
626,723,354,0,5
626,724,354,0,5
652,625,332,0,31
652,626,332,0,31
652,627,332,0,31
652,628,332,0,31
652,629,332,0,31
652,630,332,0,31
652,631,332,0,31
652,632,332,0,31
652,633,332,0,31
652,634,332,0,31
652,635,332,0,31
652,636,332,0,31
652,637,332,0,31
652,638,332,0,31
652,639,332,0,31
652,640,332,0,31
652,641,332,0,31
652,642,332,0,31
652,643,332,0,31
652,644,332,0,31
652,645,332,0,31
652,646,332,0,31
652,647,332,0,31
652,648,332,0,31
652,649,332,0,31
652,650,332,0,31
652,651,332,0,31
652,653,332,0,31
652,654,332,0,31
652,655,332,0,31
652,656,332,0,31
652,657,332,0,31
652,658,332,0,31
652,659,332,0,31
652,660,332,0,31
652,661,332,0,31
652,662,332,0,31
652,663,332,0,31
652,664,332,0,31
652,665,332,0,31
652,666,332,0,31
652,667,332,0,31
652,668,332,0,31
652,669,332,0,31
652,670,332,0,31
652,671,332,0,31
652,672,332,0,31
652,673,332,0,31
652,674,332,0,31
652,675,332,0,31
652,676,332,0,31
652,677,332,0,31
652,678,332,0,31
652,679,332,0,31
652,680,332,0,31
652,681,332,0,31
652,682,332,0,31
652,683,332,0,31
652,684,332,0,31
652,685,332,0,31
652,686,332,0,31
652,687,332,0,31
652,688,332,0,31
652,689,332,0,31
652,690,332,0,31
652,691,332,0,31
652,692,332,0,31
652,693,332,0,31
652,694,332,0,31
652,695,332,0,31
652,696,332,0,31
652,697,332,0,31
652,698,332,0,31
652,699,332,0,31
652,700,332,0,31
652,701,332,0,31
652,702,332,0,31
652,703,332,0,31
652,704,332,0,31
652,705,332,0,31
652,706,332,0,31
652,707,332,0,31
652,708,332,0,31
652,709,332,0,31
652,710,332,0,31
652,711,332,0,31
652,712,332,0,31
652,713,332,0,31
652,714,332,0,31
652,715,332,0,31
652,716,332,0,31
652,717,332,0,31
652,718,332,0,31
652,719,332,0,31
652,720,332,0,31
652,721,332,0,31
652,722,332,0,31
652,723,332,0,31
652,724,332,0,31
677,625,355,0,56
677,626,355,0,56
677,627,355,0,56
677,628,355,0,56
677,629,355,0,56
677,630,355,0,56
677,631,355,0,56
677,632,355,0,56
677,633,355,0,56
677,634,355,0,56
677,635,355,0,56
677,636,355,0,56
677,637,355,0,56
677,638,355,0,56
677,639,355,0,56
677,640,355,0,56
677,641,355,0,56
677,642,355,0,56
677,643,355,0,56
677,644,355,0,56
677,645,355,0,56
677,646,355,0,56
677,647,355,0,56
677,648,355,0,56
677,649,355,0,56
677,650,355,0,56
677,651,355,0,56
677,652,355,0,56
677,653,355,0,56
677,654,355,0,56
677,655,355,0,56
677,656,355,0,56
677,657,355,0,56
677,658,355,0,56
677,659,355,0,56
677,660,355,0,56
677,661,355,0,56
677,662,355,0,56
677,663,355,0,56
677,664,355,0,56
677,665,355,0,56
677,666,355,0,56
677,667,355,0,56
677,668,355,0,56
677,669,355,0,56
677,670,355,0,56
677,671,355,0,56
677,672,355,0,56
677,673,355,0,56
677,674,355,0,56
677,675,355,0,56
677,676,355,0,56
677,678,355,0,56
677,679,355,0,56
677,680,355,0,56
677,681,355,0,56
677,682,355,0,56
677,683,355,0,56
677,684,355,0,56
677,685,355,0,56
677,686,355,0,56
677,687,355,0,56
677,688,355,0,56
677,689,355,0,56
677,690,355,0,56
677,691,355,0,56
677,692,355,0,56
677,693,355,0,56
677,694,355,0,56
677,695,355,0,56
677,696,355,0,56
677,697,355,0,56
677,698,355,0,56
677,699,355,0,56
677,700,355,0,56
677,701,355,0,56
677,702,355,0,56
677,703,355,0,56
677,704,355,0,56
677,705,355,0,56
677,706,355,0,56
677,707,355,0,56
677,708,355,0,56
677,709,355,0,56
677,710,355,0,56
677,711,355,0,56
677,712,355,0,56
677,713,355,0,56
677,714,355,0,56
677,715,355,0,56
677,716,355,0,56
677,717,355,0,56
677,718,355,0,56
677,719,355,0,56
677,720,355,0,56
677,721,355,0,56
677,722,355,0,56
677,723,355,0,56
677,724,355,0,56
692,625,133,0,71
692,626,133,0,71
692,627,133,0,71
692,628,133,0,71
692,629,133,0,71
692,630,133,0,71
692,631,133,0,71
692,632,133,0,71
692,633,133,0,71
692,634,133,0,71
692,635,133,0,71
692,636,133,0,71
692,637,133,0,71
692,638,133,0,71
692,639,133,0,71
692,640,133,0,71
692,641,133,0,71
692,642,133,0,71
692,643,133,0,71
692,644,133,0,71
692,645,133,0,71
692,646,133,0,71
692,647,133,0,71
692,648,133,0,71
692,649,133,0,71
692,650,133,0,71
692,651,133,0,71
692,652,133,0,71
692,653,133,0,71
692,654,133,0,71
692,655,133,0,71
692,656,133,0,71
692,657,133,0,71
692,658,133,0,71
692,659,133,0,71
692,660,133,0,71
692,661,133,0,71
692,662,133,0,71
692,663,133,0,71
692,664,133,0,71
692,665,133,0,71
692,666,133,0,71
692,667,133,0,71
692,668,133,0,71
692,669,133,0,71
692,670,133,0,71
692,671,133,0,71
692,672,133,0,71
692,673,133,0,71
692,674,133,0,71
692,675,133,0,71
692,676,133,0,71
692,677,133,0,71
692,678,133,0,71
692,679,133,0,71
692,680,133,0,71
692,681,133,0,71
692,682,133,0,71
692,683,133,0,71
692,684,133,0,71
692,685,133,0,71
692,686,133,0,71
692,687,133,0,71
692,688,133,0,71
692,689,133,0,71
692,690,133,0,71
692,691,133,0,71
692,693,133,0,71
692,694,133,0,71
692,695,133,0,71
692,696,133,0,71
692,697,133,0,71
692,698,133,0,71
692,699,133,0,71
692,700,133,0,71
692,701,133,0,71
692,702,133,0,71
692,703,133,0,71
692,704,133,0,71
692,705,133,0,71
692,706,133,0,71
692,707,133,0,71
692,708,133,0,71
692,709,133,0,71
692,710,133,0,71
692,711,133,0,71
692,712,133,0,71
692,713,133,0,71
692,714,133,0,71
692,715,133,0,71
692,716,133,0,71
692,717,133,0,71
692,718,133,0,71
692,719,133,0,71
692,720,133,0,71
692,721,133,0,71
692,722,133,0,71
692,723,133,0,71
692,724,133,0,71
694,625,158,0,73
694,626,158,0,73
694,627,158,0,73
694,628,158,0,73
694,629,158,0,73
694,630,158,0,73
694,631,158,0,73
694,632,158,0,73
694,633,158,0,73
694,634,158,0,73
694,635,158,0,73
694,636,158,0,73
694,637,158,0,73
694,638,158,0,73
694,639,158,0,73
694,640,158,0,73
694,641,158,0,73
694,642,158,0,73
694,643,158,0,73
694,644,158,0,73
694,645,158,0,73
694,646,158,0,73
694,647,158,0,73
694,648,158,0,73
694,649,158,0,73
694,650,158,0,73
694,651,158,0,73
694,652,158,0,73
694,653,158,0,73
694,654,158,0,73
694,655,158,0,73
694,656,158,0,73
694,657,158,0,73
694,658,158,0,73
694,659,158,0,73
694,660,158,0,73
694,661,158,0,73
694,662,158,0,73
694,663,158,0,73
694,664,158,0,73
694,665,158,0,73
694,666,158,0,73
694,667,158,0,73
694,668,158,0,73
694,669,158,0,73
694,670,158,0,73
694,671,158,0,73
694,672,158,0,73
694,673,158,0,73
694,674,158,0,73
694,675,158,0,73
694,676,158,0,73
694,677,158,0,73
694,678,158,0,73
694,679,158,0,73
694,680,158,0,73
694,681,158,0,73
694,682,158,0,73
694,683,158,0,73
694,684,158,0,73
694,685,158,0,73
694,686,158,0,73
694,687,158,0,73
694,688,158,0,73
694,689,158,0,73
694,690,158,0,73
694,691,158,0,73
694,692,158,0,73
694,693,158,0,73
694,695,158,0,73
694,696,158,0,73
694,697,158,0,73
694,698,158,0,73
694,699,158,0,73
694,700,158,0,73
694,701,158,0,73
694,702,158,0,73
694,703,158,0,73
694,704,158,0,73
694,705,158,0,73
694,706,158,0,73
694,707,158,0,73
694,708,158,0,73
694,709,158,0,73
694,710,158,0,73
694,711,158,0,73
694,712,158,0,73
694,713,158,0,73
694,714,158,0,73
694,715,158,0,73
694,716,158,0,73
694,717,158,0,73
694,718,158,0,73
694,719,158,0,73
694,720,158,0,73
694,721,158,0,73
694,722,158,0,73
694,723,158,0,73
694,724,158,0,73
