1,645,2,1,0
2,645,3,1,0
3,633,603,3,3
3,645,4,1,0
3,649,4,1,0
3,717,4,1,0
4,633,604,3,3
4,645,5,1,0
4,649,5,1,0
4,717,5,1,0
5,633,605,3,3
5,645,6,1,0
5,649,6,1,0
5,717,6,1,0
6,633,606,3,3
6,645,31,2,0
6,649,31,2,0
7,633,6,0,1
7,645,32,2,0
7,649,32,2,0
7,655,32,2,0
7,717,32,2,0
8,633,7,0,1
8,645,33,2,0
8,649,33,2,0
8,717,33,2,0
9,633,8,0,1
9,645,34,2,0
9,649,34,2,0
9,717,34,2,0
10,645,35,2,0
11,645,36,2,0
14,645,39,2,0
15,645,40,2,0
16,633,17,1,0
16,645,41,2,0
16,649,41,2,0
16,717,41,2,0
17,633,18,1,0
17,645,42,2,0
17,649,42,2,0
17,717,42,2,0
18,633,19,1,0
18,645,43,2,0
18,649,43,2,0
18,655,43,2,0
18,717,43,2,0
19,633,619,3,3
19,645,44,2,0
19,649,44,2,0
19,655,44,2,0
20,633,620,3,3
20,645,19,0,1
20,649,19,0,1
20,717,19,0,1
21,633,621,3,3
21,645,20,0,1
21,649,20,0,1
21,717,20,0,1
22,645,21,0,1
23,645,22,0,1
26,645,27,2,1
27,645,28,2,1
28,633,3,0,2
28,645,29,2,1
28,649,29,2,1
28,717,29,2,1
29,633,4,0,2
29,645,30,2,1
29,649,30,2,1
29,717,30,2,1
30,633,5,0,2
30,645,31,2,1
30,649,31,2,1
30,717,31,2,1
31,633,6,0,2
31,649,56,3,0
31,655,32,2,1
32,633,31,1,2
32,645,57,3,0
32,649,57,3,0
32,655,655,34,0
32,717,57,3,0
33,633,32,1,2
33,645,58,3,0
33,649,58,3,0
33,717,58,3,0
34,633,33,1,2
34,645,59,3,0
34,649,59,3,0
34,717,59,3,0
35,645,60,3,0
36,645,61,3,0
39,645,64,3,0
40,645,65,3,0
41,633,42,2,1
41,645,66,3,0
41,649,66,3,0
41,717,66,3,0
42,633,43,2,1
42,645,67,3,0
42,649,67,3,0
42,717,67,3,0
43,633,44,2,1
43,645,68,3,0
43,649,68,3,0
43,717,68,3,0
44,633,19,0,2
44,649,69,3,0
44,655,43,1,2
45,633,20,0,2
45,645,44,1,2
45,649,44,1,2
45,717,44,1,2
46,633,21,0,2
46,645,45,1,2
46,649,45,1,2
46,717,45,1,2
47,645,46,1,2
48,645,47,1,2
51,645,52,2,1
52,645,53,2,1
53,633,78,3,0
53,645,54,2,1
53,649,54,2,1
53,717,54,2,1
54,633,79,3,0
54,645,55,2,1
54,649,55,2,1
54,717,55,2,1
55,633,80,3,0
55,645,56,2,1
55,649,56,2,1
55,717,56,2,1
56,645,57,2,1
56,655,31,0,3
56,717,57,2,1
57,633,56,1,2
57,645,58,2,1
57,649,82,3,0
57,655,32,0,3
57,717,58,2,1
58,633,57,1,2
58,645,59,2,1
58,649,83,3,0
58,717,59,2,1
59,633,58,1,2
59,645,60,2,1
59,649,84,3,0
59,717,717,96,0
60,645,61,2,1
61,645,645,24,0
64,645,63,1,2
65,645,64,1,2
66,633,67,2,1
66,645,65,1,2
66,649,91,3,0
66,717,65,1,2
67,633,68,2,1
67,645,66,1,2
67,649,92,3,0
67,717,66,1,2
68,633,69,2,1
68,645,67,1,2
68,649,93,3,0
68,655,43,0,3
68,717,67,1,2
69,645,68,1,2
69,655,44,0,3
69,717,68,1,2
70,633,95,3,0
70,645,69,1,2
70,649,69,1,2
70,717,69,1,2
71,633,96,3,0
71,645,70,1,2
71,649,70,1,2
71,717,70,1,2
72,645,71,1,2
73,645,72,1,2
76,645,77,2,1
77,645,78,2,1
78,633,103,3,0
78,645,79,2,1
78,649,79,2,1
78,717,79,2,1
79,633,104,3,0
79,645,80,2,1
79,649,80,2,1
79,717,80,2,1
80,633,105,3,0
80,645,81,2,1
80,649,81,2,1
80,717,81,2,1
81,645,56,0,3
81,655,56,0,3
81,717,56,0,3
82,633,81,1,2
82,645,57,0,3
82,649,107,3,0
82,655,57,0,3
82,717,57,0,3
83,633,82,1,2
83,645,58,0,3
83,649,108,3,0
83,717,58,0,3
84,633,83,1,2
84,645,59,0,3
84,649,109,3,0
84,717,59,0,3
85,645,60,0,3
86,645,61,0,3
89,645,64,0,3
90,645,65,0,3
91,633,92,2,1
91,645,66,0,3
91,649,116,3,0
91,717,66,0,3
92,633,93,2,1
92,645,67,0,3
92,649,117,3,0
92,717,67,0,3
93,633,94,2,1
93,645,68,0,3
93,649,118,3,0
93,655,68,0,3
93,717,68,0,3
94,645,69,0,3
94,655,69,0,3
94,717,69,0,3
95,633,120,3,0
95,645,94,1,2
95,649,94,1,2
95,717,94,1,2
96,633,121,3,0
96,645,95,1,2
96,649,95,1,2
96,717,95,1,2
97,645,96,1,2
98,645,97,1,2
101,645,102,2,1
102,645,103,2,1
103,633,128,3,0
103,645,104,2,1
103,649,104,2,1
103,717,104,2,1
104,633,129,3,0
104,645,105,2,1
104,649,105,2,1
104,717,105,2,1
105,633,130,3,0
105,645,106,2,1
105,649,106,2,1
105,717,106,2,1
106,645,81,0,3
106,717,81,0,3
107,633,106,1,2
107,645,82,0,3
107,649,132,3,0
107,655,82,0,3
107,717,82,0,3
108,633,107,1,2
108,645,83,0,3
108,649,133,3,0
108,717,83,0,3
109,633,108,1,2
109,645,84,0,3
109,649,134,3,0
109,717,84,0,3
110,645,85,0,3
111,645,86,0,3
114,645,89,0,3
115,645,90,0,3
116,633,117,2,1
116,645,91,0,3
116,649,141,3,0
116,717,91,0,3
117,633,118,2,1
117,645,92,0,3
117,649,142,3,0
117,717,92,0,3
118,633,119,2,1
118,645,93,0,3
118,649,143,3,0
118,655,93,0,3
118,717,93,0,3
119,645,94,0,3
119,655,94,0,3
119,717,94,0,3
120,633,145,3,0
120,645,119,1,2
120,649,119,1,2
120,717,119,1,2
121,633,146,3,0
121,645,120,1,2
121,649,120,1,2
121,717,120,1,2
122,645,121,1,2
123,645,122,1,2
126,645,127,2,1
127,645,128,2,1
128,633,153,3,0
128,645,129,2,1
128,649,129,2,1
128,717,129,2,1
129,633,154,3,0
129,645,130,2,1
129,649,130,2,1
129,717,130,2,1
130,633,155,3,0
130,645,131,2,1
130,649,131,2,1
130,717,131,2,1
131,645,106,0,3
131,717,106,0,3
132,633,131,1,2
132,645,107,0,3
132,649,157,3,0
132,655,107,0,3
132,717,107,0,3
133,633,132,1,2
133,645,108,0,3
133,649,158,3,0
133,717,108,0,3
134,633,133,1,2
134,645,109,0,3
134,649,159,3,0
134,717,109,0,3
135,645,110,0,3
136,645,111,0,3
139,645,114,0,3
140,645,115,0,3
141,633,142,2,1
141,645,116,0,3
141,649,166,3,0
141,717,116,0,3
142,633,143,2,1
142,645,117,0,3
142,649,167,3,0
142,717,117,0,3
143,633,144,2,1
143,645,118,0,3
143,649,168,3,0
143,655,118,0,3
143,717,118,0,3
144,645,119,0,3
144,655,119,0,3
144,717,119,0,3
145,633,170,3,0
145,645,144,1,2
145,649,144,1,2
145,717,144,1,2
146,633,171,3,0
146,645,145,1,2
146,649,145,1,2
146,717,145,1,2
147,645,146,1,2
148,645,147,1,2
151,645,152,2,1
152,645,153,2,1
153,633,178,3,0
153,645,154,2,1
153,649,154,2,1
153,717,154,2,1
154,633,179,3,0
154,645,155,2,1
154,649,155,2,1
154,717,155,2,1
155,633,180,3,0
155,645,156,2,1
155,649,156,2,1
155,717,156,2,1
156,633,181,3,0
156,645,131,0,3
156,649,157,2,1
156,717,131,0,3
157,633,156,1,2
157,645,132,0,3
157,649,158,2,1
157,655,132,0,3
157,717,132,0,3
158,633,157,1,2
158,645,133,0,3
158,649,159,2,1
158,717,133,0,3
159,633,158,1,2
159,645,134,0,3
159,649,649,28,0
159,717,134,0,3
160,645,135,0,3
161,645,136,0,3
164,645,139,0,3
165,645,140,0,3
166,633,167,2,1
166,645,141,0,3
166,649,165,1,2
166,717,141,0,3
167,633,168,2,1
167,645,142,0,3
167,649,166,1,2
167,717,142,0,3
168,633,169,2,1
168,645,143,0,3
168,649,167,1,2
168,655,143,0,3
168,717,143,0,3
169,633,194,3,0
169,645,144,0,3
169,649,168,1,2
169,655,144,0,3
169,717,144,0,3
170,633,195,3,0
170,645,169,1,2
170,649,169,1,2
170,717,169,1,2
171,633,196,3,0
171,645,170,1,2
171,649,170,1,2
171,717,170,1,2
172,645,171,1,2
173,645,172,1,2
176,645,177,2,1
177,645,178,2,1
178,633,203,3,0
178,645,179,2,1
178,649,179,2,1
178,717,179,2,1
179,633,204,3,0
179,645,180,2,1
179,649,180,2,1
179,717,180,2,1
180,633,205,3,0
180,645,181,2,1
180,649,181,2,1
180,717,181,2,1
181,633,206,3,0
181,645,156,0,3
181,649,156,0,3
181,717,156,0,3
182,633,181,1,2
182,645,157,0,3
182,649,157,0,3
182,655,157,0,3
182,717,157,0,3
183,633,182,1,2
183,645,158,0,3
183,649,158,0,3
183,717,158,0,3
184,633,183,1,2
184,645,159,0,3
184,649,159,0,3
184,717,159,0,3
185,645,160,0,3
186,645,161,0,3
189,645,164,0,3
190,645,165,0,3
191,633,192,2,1
191,645,166,0,3
191,649,166,0,3
191,717,166,0,3
192,633,193,2,1
192,645,167,0,3
192,649,167,0,3
192,717,167,0,3
193,633,194,2,1
193,645,168,0,3
193,649,168,0,3
193,655,168,0,3
193,717,168,0,3
194,633,219,3,0
194,645,169,0,3
194,649,169,0,3
194,655,169,0,3
194,717,169,0,3
195,633,220,3,0
195,645,194,1,2
195,649,194,1,2
195,717,194,1,2
196,633,221,3,0
196,645,195,1,2
196,649,195,1,2
196,717,195,1,2
197,645,196,1,2
198,645,197,1,2
201,645,202,2,1
202,645,203,2,1
203,633,228,3,0
203,645,204,2,1
203,649,204,2,1
203,717,204,2,1
204,633,229,3,0
204,645,205,2,1
204,649,205,2,1
204,717,205,2,1
205,633,230,3,0
205,645,206,2,1
205,649,206,2,1
205,717,206,2,1
206,633,231,3,0
206,645,181,0,3
206,649,181,0,3
206,717,181,0,3
207,633,206,1,2
207,645,182,0,3
207,649,182,0,3
207,655,182,0,3
207,717,182,0,3
208,633,207,1,2
208,645,183,0,3
208,649,183,0,3
208,717,183,0,3
209,633,208,1,2
209,645,184,0,3
209,649,184,0,3
209,717,184,0,3
210,645,185,0,3
211,645,186,0,3
214,645,189,0,3
215,645,190,0,3
216,633,217,2,1
216,645,191,0,3
216,649,191,0,3
216,717,191,0,3
217,633,218,2,1
217,645,192,0,3
217,649,192,0,3
217,717,192,0,3
218,633,219,2,1
218,645,193,0,3
218,649,193,0,3
218,655,193,0,3
218,717,193,0,3
219,633,244,3,0
219,645,194,0,3
219,649,194,0,3
219,655,194,0,3
219,717,194,0,3
220,633,245,3,0
220,645,219,1,2
220,649,219,1,2
220,717,219,1,2
221,633,246,3,0
221,645,220,1,2
221,649,220,1,2
221,717,220,1,2
222,645,221,1,2
223,645,222,1,2
226,645,227,2,1
227,645,228,2,1
228,633,253,3,0
228,645,229,2,1
228,649,229,2,1
228,717,229,2,1
229,633,254,3,0
229,645,230,2,1
229,649,230,2,1
229,717,230,2,1
230,633,255,3,0
230,645,231,2,1
230,649,231,2,1
230,717,231,2,1
231,633,256,3,0
231,645,206,0,3
231,649,206,0,3
231,717,206,0,3
232,633,231,1,2
232,645,207,0,3
232,649,207,0,3
232,655,207,0,3
232,717,207,0,3
233,633,232,1,2
233,645,208,0,3
233,649,208,0,3
233,717,208,0,3
234,633,233,1,2
234,645,209,0,3
234,649,209,0,3
234,717,209,0,3
235,645,210,0,3
236,645,211,0,3
239,645,214,0,3
240,645,215,0,3
241,633,242,2,1
241,645,216,0,3
241,649,216,0,3
241,717,216,0,3
242,633,243,2,1
242,645,217,0,3
242,649,217,0,3
242,717,217,0,3
243,633,244,2,1
243,645,218,0,3
243,649,218,0,3
243,655,218,0,3
243,717,218,0,3
244,633,269,3,0
244,645,219,0,3
244,649,219,0,3
244,655,219,0,3
244,717,219,0,3
245,633,270,3,0
245,645,244,1,2
245,649,244,1,2
245,717,244,1,2
246,633,271,3,0
246,645,245,1,2
246,649,245,1,2
246,717,245,1,2
247,645,246,1,2
248,645,247,1,2
251,645,252,2,1
252,645,253,2,1
253,633,278,3,0
253,645,254,2,1
253,649,254,2,1
253,717,254,2,1
254,633,279,3,0
254,645,255,2,1
254,649,255,2,1
254,717,255,2,1
255,633,280,3,0
255,645,256,2,1
255,649,256,2,1
255,717,256,2,1
256,633,281,3,0
256,645,231,0,3
256,649,231,0,3
256,717,231,0,3
257,633,256,1,2
257,645,232,0,3
257,649,232,0,3
257,655,232,0,3
257,717,232,0,3
258,633,257,1,2
258,645,233,0,3
258,649,233,0,3
258,717,233,0,3
259,633,258,1,2
259,645,234,0,3
259,649,234,0,3
259,717,234,0,3
260,645,235,0,3
261,645,236,0,3
264,645,239,0,3
265,645,240,0,3
266,633,267,2,1
266,645,241,0,3
266,649,241,0,3
266,717,241,0,3
267,633,268,2,1
267,645,242,0,3
267,649,242,0,3
267,717,242,0,3
268,633,269,2,1
268,645,243,0,3
268,649,243,0,3
268,655,243,0,3
268,717,243,0,3
269,633,294,3,0
269,645,244,0,3
269,649,244,0,3
269,655,244,0,3
269,717,244,0,3
270,633,295,3,0
270,645,269,1,2
270,649,269,1,2
270,717,269,1,2
271,633,296,3,0
271,645,270,1,2
271,649,270,1,2
271,717,270,1,2
272,645,271,1,2
273,645,272,1,2
276,645,277,2,1
277,645,278,2,1
278,633,303,3,0
278,645,279,2,1
278,649,279,2,1
278,717,279,2,1
279,633,304,3,0
279,645,280,2,1
279,649,280,2,1
279,717,280,2,1
280,633,305,3,0
280,645,281,2,1
280,649,281,2,1
280,717,281,2,1
281,633,306,3,0
281,645,256,0,3
281,649,256,0,3
282,633,281,1,2
282,645,257,0,3
282,649,257,0,3
282,655,257,0,3
282,717,257,0,3
283,633,282,1,2
283,645,258,0,3
283,649,258,0,3
283,717,258,0,3
284,633,283,1,2
284,645,259,0,3
284,649,259,0,3
284,717,259,0,3
285,645,260,0,3
286,645,261,0,3
289,645,264,0,3
290,645,265,0,3
291,633,292,2,1
291,645,266,0,3
291,649,266,0,3
291,717,266,0,3
292,633,293,2,1
292,645,267,0,3
292,649,267,0,3
292,717,267,0,3
293,633,294,2,1
293,645,268,0,3
293,649,268,0,3
293,655,268,0,3
293,717,268,0,3
294,633,319,3,0
294,645,269,0,3
294,649,269,0,3
294,655,269,0,3
295,633,320,3,0
295,645,294,1,2
295,649,294,1,2
295,717,294,1,2
296,633,321,3,0
296,645,295,1,2
296,649,295,1,2
296,717,295,1,2
297,645,296,1,2
298,645,297,1,2
301,645,302,2,1
302,645,303,2,1
303,633,328,3,0
303,645,304,2,1
303,649,304,2,1
303,717,304,2,1
304,633,329,3,0
304,645,305,2,1
304,649,305,2,1
304,717,305,2,1
305,633,330,3,0
305,645,306,2,1
305,649,306,2,1
305,717,306,2,1
306,633,331,3,0
306,645,281,0,3
306,649,281,0,3
307,633,306,1,2
307,645,282,0,3
307,649,282,0,3
307,655,282,0,3
307,717,282,0,3
308,633,307,1,2
308,645,283,0,3
308,649,283,0,3
308,717,283,0,3
309,633,308,1,2
309,645,284,0,3
309,649,284,0,3
309,717,284,0,3
310,645,285,0,3
311,645,286,0,3
314,645,289,0,3
315,645,290,0,3
316,633,317,2,1
316,645,291,0,3
316,649,291,0,3
316,717,291,0,3
317,633,318,2,1
317,645,292,0,3
317,649,292,0,3
317,717,292,0,3
318,633,319,2,1
318,645,293,0,3
318,649,293,0,3
318,655,293,0,3
318,717,293,0,3
319,633,344,3,0
319,645,294,0,3
319,649,294,0,3
319,655,294,0,3
320,633,345,3,0
320,645,319,1,2
320,649,319,1,2
320,717,319,1,2
321,633,346,3,0
321,645,320,1,2
321,649,320,1,2
321,717,320,1,2
322,645,321,1,2
323,645,322,1,2
326,645,327,2,1
327,645,328,2,1
328,633,353,3,0
328,645,329,2,1
328,649,329,2,1
328,717,329,2,1
329,633,354,3,0
329,645,330,2,1
329,649,330,2,1
329,717,330,2,1
330,633,355,3,0
330,645,331,2,1
330,649,331,2,1
330,717,331,2,1
331,633,356,3,0
331,645,306,0,3
331,649,306,0,3
332,633,331,1,2
332,645,307,0,3
332,649,307,0,3
332,655,307,0,3
332,717,307,0,3
333,633,332,1,2
333,645,308,0,3
333,649,308,0,3
333,717,308,0,3
334,633,333,1,2
334,645,309,0,3
334,649,309,0,3
334,717,309,0,3
335,645,310,0,3
336,645,311,0,3
339,645,314,0,3
340,645,315,0,3
341,633,342,2,1
341,645,316,0,3
341,649,316,0,3
341,717,316,0,3
342,633,343,2,1
342,645,317,0,3
342,649,317,0,3
342,717,317,0,3
343,633,344,2,1
343,645,318,0,3
343,649,318,0,3
343,655,318,0,3
343,717,318,0,3
344,633,369,3,0
344,645,319,0,3
344,649,319,0,3
344,655,319,0,3
345,633,370,3,0
345,645,344,1,2
345,649,344,1,2
345,717,344,1,2
346,633,371,3,0
346,645,345,1,2
346,649,345,1,2
346,717,345,1,2
347,645,346,1,2
348,645,347,1,2
351,645,352,2,1
352,645,353,2,1
353,633,633,12,0
353,645,354,2,1
353,649,354,2,1
353,717,354,2,1
354,633,353,1,2
354,645,355,2,1
354,649,355,2,1
354,717,355,2,1
355,633,354,1,2
355,645,356,2,1
355,649,356,2,1
355,717,356,2,1
356,633,355,1,2
356,649,331,0,3
356,655,381,3,0
357,633,356,1,2
357,645,332,0,3
357,649,332,0,3
357,655,382,3,0
357,717,332,0,3
358,633,357,1,2
358,645,333,0,3
358,649,333,0,3
358,717,333,0,3
359,633,358,1,2
359,645,334,0,3
359,649,334,0,3
359,717,334,0,3
360,645,335,0,3
361,645,336,0,3
364,645,339,0,3
365,645,340,0,3
366,633,367,2,1
366,645,341,0,3
366,649,341,0,3
366,717,341,0,3
367,633,368,2,1
367,645,342,0,3
367,649,342,0,3
367,717,342,0,3
368,633,369,2,1
368,645,343,0,3
368,649,343,0,3
368,655,393,3,0
368,717,343,0,3
369,633,370,2,1
369,649,344,0,3
369,655,394,3,0
370,633,371,2,1
370,645,369,1,2
370,649,369,1,2
370,717,369,1,2
371,633,372,2,1
371,645,370,1,2
371,649,370,1,2
371,717,370,1,2
372,645,371,1,2
373,645,372,1,2
376,645,377,2,1
377,645,378,2,1
378,633,353,0,3
378,645,379,2,1
378,649,379,2,1
378,717,379,2,1
379,633,354,0,3
379,645,380,2,1
379,649,380,2,1
379,717,380,2,1
380,633,355,0,3
380,645,381,2,1
380,649,381,2,1
380,717,381,2,1
381,645,406,3,0
381,655,406,3,0
381,717,406,3,0
382,633,381,1,2
382,645,407,3,0
382,649,357,0,3
382,655,407,3,0
382,717,407,3,0
383,633,382,1,2
383,645,408,3,0
383,649,358,0,3
383,717,408,3,0
384,633,383,1,2
384,645,409,3,0
384,649,359,0,3
384,717,409,3,0
385,645,410,3,0
386,645,411,3,0
389,645,414,3,0
390,645,415,3,0
391,633,392,2,1
391,645,416,3,0
391,649,366,0,3
391,717,416,3,0
392,633,393,2,1
392,645,417,3,0
392,649,367,0,3
392,717,417,3,0
393,633,394,2,1
393,645,418,3,0
393,649,368,0,3
393,655,418,3,0
393,717,418,3,0
394,645,419,3,0
394,655,419,3,0
394,717,419,3,0
395,633,370,0,3
395,645,394,1,2
395,649,394,1,2
395,717,394,1,2
396,633,371,0,3
396,645,395,1,2
396,649,395,1,2
396,717,395,1,2
397,645,396,1,2
398,645,397,1,2
401,645,402,2,1
402,645,403,2,1
403,633,378,0,3
403,645,404,2,1
403,649,404,2,1
403,717,404,2,1
404,633,379,0,3
404,645,405,2,1
404,649,405,2,1
404,717,405,2,1
405,633,380,0,3
405,645,406,2,1
405,649,406,2,1
405,717,406,2,1
406,645,431,3,0
406,717,431,3,0
407,633,406,1,2
407,645,432,3,0
407,649,382,0,3
407,655,432,3,0
407,717,432,3,0
408,633,407,1,2
408,645,433,3,0
408,649,383,0,3
408,717,433,3,0
409,633,408,1,2
409,645,434,3,0
409,649,384,0,3
409,717,434,3,0
410,645,435,3,0
411,645,436,3,0
414,645,439,3,0
415,645,440,3,0
416,633,417,2,1
416,645,441,3,0
416,649,391,0,3
416,717,441,3,0
417,633,418,2,1
417,645,442,3,0
417,649,392,0,3
417,717,442,3,0
418,633,419,2,1
418,645,443,3,0
418,649,393,0,3
418,655,443,3,0
418,717,443,3,0
419,645,444,3,0
419,655,444,3,0
419,717,444,3,0
420,633,395,0,3
420,645,419,1,2
420,649,419,1,2
420,717,419,1,2
421,633,396,0,3
421,645,420,1,2
421,649,420,1,2
421,717,420,1,2
422,645,421,1,2
423,645,422,1,2
426,645,427,2,1
427,645,428,2,1
428,633,403,0,3
428,645,429,2,1
428,649,429,2,1
428,717,429,2,1
429,633,404,0,3
429,645,430,2,1
429,649,430,2,1
429,717,430,2,1
430,633,405,0,3
430,645,431,2,1
430,649,431,2,1
430,717,431,2,1
431,645,456,3,0
431,717,456,3,0
432,633,431,1,2
432,645,457,3,0
432,649,407,0,3
432,655,457,3,0
432,717,457,3,0
433,633,432,1,2
433,645,458,3,0
433,649,408,0,3
433,717,458,3,0
434,633,433,1,2
434,645,459,3,0
434,649,409,0,3
434,717,459,3,0
435,645,460,3,0
436,645,461,3,0
439,645,464,3,0
440,645,465,3,0
441,633,442,2,1
441,645,466,3,0
441,649,416,0,3
441,717,466,3,0
442,633,443,2,1
442,645,467,3,0
442,649,417,0,3
442,717,467,3,0
443,633,444,2,1
443,645,468,3,0
443,649,418,0,3
443,655,468,3,0
443,717,468,3,0
444,645,469,3,0
444,655,469,3,0
444,717,469,3,0
445,633,420,0,3
445,645,444,1,2
445,649,444,1,2
445,717,444,1,2
446,633,421,0,3
446,645,445,1,2
446,649,445,1,2
446,717,445,1,2
447,645,446,1,2
448,645,447,1,2
451,645,452,2,1
452,645,453,2,1
453,633,428,0,3
453,645,454,2,1
453,649,454,2,1
453,717,454,2,1
454,633,429,0,3
454,645,455,2,1
454,649,455,2,1
454,717,455,2,1
455,633,430,0,3
455,645,456,2,1
455,649,456,2,1
455,717,456,2,1
456,645,481,3,0
456,717,481,3,0
457,633,456,1,2
457,645,482,3,0
457,649,432,0,3
457,655,482,3,0
457,717,482,3,0
458,633,457,1,2
458,645,483,3,0
458,649,433,0,3
458,717,483,3,0
459,633,458,1,2
459,645,484,3,0
459,649,434,0,3
459,717,484,3,0
460,645,485,3,0
461,645,486,3,0
464,645,489,3,0
465,645,490,3,0
466,633,467,2,1
466,645,491,3,0
466,649,441,0,3
466,717,491,3,0
467,633,468,2,1
467,645,492,3,0
467,649,442,0,3
467,717,492,3,0
468,633,469,2,1
468,645,493,3,0
468,649,443,0,3
468,655,493,3,0
468,717,493,3,0
469,645,494,3,0
469,655,494,3,0
469,717,494,3,0
470,633,445,0,3
470,645,469,1,2
470,649,469,1,2
470,717,469,1,2
471,633,446,0,3
471,645,470,1,2
471,649,470,1,2
471,717,470,1,2
472,645,471,1,2
473,645,472,1,2
476,645,477,2,1
477,645,478,2,1
478,633,453,0,3
478,645,479,2,1
478,649,479,2,1
478,717,479,2,1
479,633,454,0,3
479,645,480,2,1
479,649,480,2,1
479,717,480,2,1
480,633,455,0,3
480,645,481,2,1
480,649,481,2,1
480,717,481,2,1
481,633,456,0,3
481,645,506,3,0
481,649,506,3,0
481,717,506,3,0
482,633,481,1,2
482,645,507,3,0
482,649,507,3,0
482,655,507,3,0
482,717,507,3,0
483,633,482,1,2
483,645,508,3,0
483,649,508,3,0
483,717,508,3,0
484,633,483,1,2
484,645,509,3,0
484,649,509,3,0
484,717,509,3,0
485,645,510,3,0
486,645,511,3,0
489,645,514,3,0
490,645,515,3,0
491,633,492,2,1
491,645,516,3,0
491,649,516,3,0
491,717,516,3,0
492,633,493,2,1
492,645,517,3,0
492,649,517,3,0
492,717,517,3,0
493,633,494,2,1
493,645,518,3,0
493,649,518,3,0
493,655,518,3,0
493,717,518,3,0
494,633,469,0,3
494,645,519,3,0
494,649,519,3,0
494,655,519,3,0
494,717,519,3,0
495,633,470,0,3
495,645,494,1,2
495,649,494,1,2
495,717,494,1,2
496,633,471,0,3
496,645,495,1,2
496,649,495,1,2
496,717,495,1,2
497,645,496,1,2
498,645,497,1,2
501,645,502,2,1
502,645,503,2,1
503,633,478,0,3
503,645,504,2,1
503,649,504,2,1
503,717,504,2,1
504,633,479,0,3
504,645,505,2,1
504,649,505,2,1
504,717,505,2,1
505,633,480,0,3
505,645,506,2,1
505,649,506,2,1
505,717,506,2,1
506,633,481,0,3
506,645,531,3,0
506,649,531,3,0
506,717,531,3,0
507,633,506,1,2
507,645,532,3,0
507,649,532,3,0
507,655,532,3,0
507,717,532,3,0
508,633,507,1,2
508,645,533,3,0
508,649,533,3,0
508,717,533,3,0
509,633,508,1,2
509,645,534,3,0
509,649,534,3,0
509,717,534,3,0
510,645,535,3,0
511,645,536,3,0
514,645,539,3,0
515,645,540,3,0
516,633,517,2,1
516,645,541,3,0
516,649,541,3,0
516,717,541,3,0
517,633,518,2,1
517,645,542,3,0
517,649,542,3,0
517,717,542,3,0
518,633,519,2,1
518,645,543,3,0
518,649,543,3,0
518,655,543,3,0
518,717,543,3,0
519,633,494,0,3
519,645,544,3,0
519,649,544,3,0
519,655,544,3,0
519,717,544,3,0
520,633,495,0,3
520,645,519,1,2
520,649,519,1,2
520,717,519,1,2
521,633,496,0,3
521,645,520,1,2
521,649,520,1,2
521,717,520,1,2
522,645,521,1,2
523,645,522,1,2
526,645,527,2,1
527,645,528,2,1
528,633,503,0,3
528,645,529,2,1
528,649,529,2,1
528,717,529,2,1
529,633,504,0,3
529,645,530,2,1
529,649,530,2,1
529,717,530,2,1
530,633,505,0,3
530,645,531,2,1
530,649,531,2,1
530,717,531,2,1
531,633,506,0,3
531,645,556,3,0
531,649,556,3,0
531,717,556,3,0
532,633,531,1,2
532,645,557,3,0
532,649,557,3,0
532,655,557,3,0
532,717,557,3,0
533,633,532,1,2
533,645,558,3,0
533,649,558,3,0
533,717,558,3,0
534,633,533,1,2
534,645,559,3,0
534,649,559,3,0
534,717,559,3,0
535,645,560,3,0
536,645,561,3,0
539,645,564,3,0
540,645,565,3,0
541,633,542,2,1
541,645,566,3,0
541,649,566,3,0
541,717,566,3,0
542,633,543,2,1
542,645,567,3,0
542,649,567,3,0
542,717,567,3,0
543,633,544,2,1
543,645,568,3,0
543,649,568,3,0
543,655,568,3,0
543,717,568,3,0
544,633,519,0,3
544,645,569,3,0
544,649,569,3,0
544,655,569,3,0
544,717,569,3,0
545,633,520,0,3
545,645,544,1,2
545,649,544,1,2
545,717,544,1,2
546,633,521,0,3
546,645,545,1,2
546,649,545,1,2
546,717,545,1,2
547,645,546,1,2
548,645,547,1,2
551,645,552,2,1
552,645,553,2,1
553,633,528,0,3
553,645,554,2,1
553,649,554,2,1
553,717,554,2,1
554,633,529,0,3
554,645,555,2,1
554,649,555,2,1
554,717,555,2,1
555,633,530,0,3
555,645,556,2,1
555,649,556,2,1
555,717,556,2,1
556,633,531,0,3
556,645,581,3,0
556,649,581,3,0
556,717,581,3,0
557,633,556,1,2
557,645,582,3,0
557,649,582,3,0
557,655,582,3,0
557,717,582,3,0
558,633,557,1,2
558,645,583,3,0
558,649,583,3,0
558,717,583,3,0
559,633,558,1,2
559,645,584,3,0
559,649,584,3,0
559,717,584,3,0
560,645,585,3,0
561,645,586,3,0
564,645,589,3,0
565,645,590,3,0
566,633,567,2,1
566,645,591,3,0
566,649,591,3,0
566,717,591,3,0
567,633,568,2,1
567,645,592,3,0
567,649,592,3,0
567,717,592,3,0
568,633,569,2,1
568,645,593,3,0
568,649,593,3,0
568,655,593,3,0
568,717,593,3,0
569,633,544,0,3
569,645,594,3,0
569,649,594,3,0
569,655,594,3,0
569,717,594,3,0
570,633,545,0,3
570,645,569,1,2
570,649,569,1,2
570,717,569,1,2
571,633,546,0,3
571,645,570,1,2
571,649,570,1,2
571,717,570,1,2
572,645,571,1,2
573,645,572,1,2
576,645,577,2,1
577,645,578,2,1
578,633,553,0,3
578,645,579,2,1
578,649,579,2,1
578,717,579,2,1
579,633,554,0,3
579,645,580,2,1
579,649,580,2,1
579,717,580,2,1
580,633,555,0,3
580,645,581,2,1
580,649,581,2,1
580,717,581,2,1
581,633,556,0,3
581,645,606,3,0
581,649,606,3,0
582,633,581,1,2
582,645,607,3,0
582,649,607,3,0
582,655,607,3,0
582,717,607,3,0
583,633,582,1,2
583,645,608,3,0
583,649,608,3,0
583,717,608,3,0
584,633,583,1,2
584,645,609,3,0
584,649,609,3,0
584,717,609,3,0
585,645,610,3,0
586,645,611,3,0
589,645,614,3,0
590,645,615,3,0
591,633,592,2,1
591,645,616,3,0
591,649,616,3,0
591,717,616,3,0
592,633,593,2,1
592,645,617,3,0
592,649,617,3,0
592,717,617,3,0
593,633,594,2,1
593,645,618,3,0
593,649,618,3,0
593,655,618,3,0
593,717,618,3,0
594,633,569,0,3
594,645,619,3,0
594,649,619,3,0
594,655,619,3,0
595,633,570,0,3
595,645,594,1,2
595,649,594,1,2
595,717,594,1,2
596,633,571,0,3
596,645,595,1,2
596,649,595,1,2
596,717,595,1,2
597,645,596,1,2
598,645,597,1,2
601,645,602,2,1
602,645,603,2,1
603,633,578,0,3
603,645,604,2,1
603,649,604,2,1
603,717,604,2,1
604,633,579,0,3
604,645,605,2,1
604,649,605,2,1
604,717,605,2,1
605,633,580,0,3
605,645,606,2,1
605,649,606,2,1
605,717,606,2,1
606,633,581,0,3
606,645,6,3,3
606,649,6,3,3
607,633,606,1,2
607,645,7,3,3
607,649,7,3,3
607,655,7,3,3
607,717,7,3,3
608,633,607,1,2
608,645,8,3,3
608,649,8,3,3
608,717,8,3,3
609,633,608,1,2
609,645,9,3,3
609,649,9,3,3
609,717,9,3,3
610,645,10,3,3
611,645,11,3,3
614,645,14,3,3
615,645,15,3,3
616,633,617,2,1
616,645,16,3,3
616,649,16,3,3
616,717,16,3,3
617,633,618,2,1
617,645,17,3,3
617,649,17,3,3
617,717,17,3,3
618,633,619,2,1
618,645,18,3,3
618,649,18,3,3
618,655,18,3,3
618,717,18,3,3
619,633,594,0,3
619,645,19,3,3
619,649,19,3,3
619,655,19,3,3
620,633,595,0,3
620,645,619,1,2
620,649,619,1,2
620,717,619,1,2
621,633,596,0,3
621,645,620,1,2
621,649,620,1,2
621,717,620,1,2
622,645,621,1,2
623,645,622,1,2
633,625,353,0,12
633,626,353,0,12
633,627,353,0,12
633,628,353,0,12
633,629,353,0,12
633,630,353,0,12
633,631,353,0,12
633,632,353,0,12
633,634,353,0,12
633,635,353,0,12
633,636,353,0,12
633,637,353,0,12
633,638,353,0,12
633,639,353,0,12
633,640,353,0,12
633,641,353,0,12
633,642,353,0,12
633,643,353,0,12
633,644,353,0,12
633,645,353,0,12
633,646,353,0,12
633,647,353,0,12
633,648,353,0,12
633,649,353,0,12
633,650,353,0,12
633,651,353,0,12
633,652,353,0,12
633,653,353,0,12
633,654,353,0,12
633,655,353,0,12
633,656,353,0,12
633,657,353,0,12
633,658,353,0,12
633,659,353,0,12
633,660,353,0,12
633,661,353,0,12
633,662,353,0,12
633,663,353,0,12
633,664,353,0,12
633,665,353,0,12
633,666,353,0,12
633,667,353,0,12
633,668,353,0,12
633,669,353,0,12
633,670,353,0,12
633,671,353,0,12
633,672,353,0,12
633,673,353,0,12
633,674,353,0,12
633,675,353,0,12
633,676,353,0,12
633,677,353,0,12
633,678,353,0,12
633,679,353,0,12
633,680,353,0,12
633,681,353,0,12
633,682,353,0,12
633,683,353,0,12
633,684,353,0,12
633,685,353,0,12
633,686,353,0,12
633,687,353,0,12
633,688,353,0,12
633,689,353,0,12
633,690,353,0,12
633,691,353,0,12
633,692,353,0,12
633,693,353,0,12
633,694,353,0,12
633,695,353,0,12
633,696,353,0,12
633,697,353,0,12
633,698,353,0,12
633,699,353,0,12
633,700,353,0,12
633,701,353,0,12
633,702,353,0,12
633,703,353,0,12
633,704,353,0,12
633,705,353,0,12
633,706,353,0,12
633,707,353,0,12
633,708,353,0,12
633,709,353,0,12
633,710,353,0,12
633,711,353,0,12
633,712,353,0,12
633,713,353,0,12
633,714,353,0,12
633,715,353,0,12
633,716,353,0,12
633,717,353,0,12
633,718,353,0,12
633,719,353,0,12
633,720,353,0,12
633,721,353,0,12
633,722,353,0,12
633,723,353,0,12
633,724,353,0,12
645,625,61,0,24
645,626,61,0,24
645,627,61,0,24
645,628,61,0,24
645,629,61,0,24
645,630,61,0,24
645,631,61,0,24
645,632,61,0,24
645,633,61,0,24
645,634,61,0,24
645,635,61,0,24
645,636,61,0,24
645,637,61,0,24
645,638,61,0,24
645,639,61,0,24
645,640,61,0,24
645,641,61,0,24
645,642,61,0,24
645,643,61,0,24
645,644,61,0,24
645,646,61,0,24
645,647,61,0,24
645,648,61,0,24
645,649,61,0,24
645,650,61,0,24
645,651,61,0,24
645,652,61,0,24
645,653,61,0,24
645,654,61,0,24
645,655,61,0,24
645,656,61,0,24
645,657,61,0,24
645,658,61,0,24
645,659,61,0,24
645,660,61,0,24
645,661,61,0,24
645,662,61,0,24
645,663,61,0,24
645,664,61,0,24
645,665,61,0,24
645,666,61,0,24
645,667,61,0,24
645,668,61,0,24
645,669,61,0,24
645,670,61,0,24
645,671,61,0,24
645,672,61,0,24
645,673,61,0,24
645,674,61,0,24
645,675,61,0,24
645,676,61,0,24
645,677,61,0,24
645,678,61,0,24
645,679,61,0,24
645,680,61,0,24
645,681,61,0,24
645,682,61,0,24
645,683,61,0,24
645,684,61,0,24
645,685,61,0,24
645,686,61,0,24
645,687,61,0,24
645,688,61,0,24
645,689,61,0,24
645,690,61,0,24
645,691,61,0,24
645,692,61,0,24
645,693,61,0,24
645,694,61,0,24
645,695,61,0,24
645,696,61,0,24
645,697,61,0,24
645,698,61,0,24
645,699,61,0,24
645,700,61,0,24
645,701,61,0,24
645,702,61,0,24
645,703,61,0,24
645,704,61,0,24
645,705,61,0,24
645,706,61,0,24
645,707,61,0,24
645,708,61,0,24
645,709,61,0,24
645,710,61,0,24
645,711,61,0,24
645,712,61,0,24
645,713,61,0,24
645,714,61,0,24
645,715,61,0,24
645,716,61,0,24
645,717,61,0,24
645,718,61,0,24
645,719,61,0,24
645,720,61,0,24
645,721,61,0,24
645,722,61,0,24
645,723,61,0,24
645,724,61,0,24
649,625,159,0,28
649,626,159,0,28
649,627,159,0,28
649,628,159,0,28
649,629,159,0,28
649,630,159,0,28
649,631,159,0,28
649,632,159,0,28
649,633,159,0,28
649,634,159,0,28
649,635,159,0,28
649,636,159,0,28
649,637,159,0,28
649,638,159,0,28
649,639,159,0,28
649,640,159,0,28
649,641,159,0,28
649,642,159,0,28
649,643,159,0,28
649,644,159,0,28
649,645,159,0,28
649,646,159,0,28
649,647,159,0,28
649,648,159,0,28
649,650,159,0,28
649,651,159,0,28
649,652,159,0,28
649,653,159,0,28
649,654,159,0,28
649,655,159,0,28
649,656,159,0,28
649,657,159,0,28
649,658,159,0,28
649,659,159,0,28
649,660,159,0,28
649,661,159,0,28
649,662,159,0,28
649,663,159,0,28
649,664,159,0,28
649,665,159,0,28
649,666,159,0,28
649,667,159,0,28
649,668,159,0,28
649,669,159,0,28
649,670,159,0,28
649,671,159,0,28
649,672,159,0,28
649,673,159,0,28
649,674,159,0,28
649,675,159,0,28
649,676,159,0,28
649,677,159,0,28
649,678,159,0,28
649,679,159,0,28
649,680,159,0,28
649,681,159,0,28
649,682,159,0,28
649,683,159,0,28
649,684,159,0,28
649,685,159,0,28
649,686,159,0,28
649,687,159,0,28
649,688,159,0,28
649,689,159,0,28
649,690,159,0,28
649,691,159,0,28
649,692,159,0,28
649,693,159,0,28
649,694,159,0,28
649,695,159,0,28
649,696,159,0,28
649,697,159,0,28
649,698,159,0,28
649,699,159,0,28
649,700,159,0,28
649,701,159,0,28
649,702,159,0,28
649,703,159,0,28
649,704,159,0,28
649,705,159,0,28
649,706,159,0,28
649,707,159,0,28
649,708,159,0,28
649,709,159,0,28
649,710,159,0,28
649,711,159,0,28
649,712,159,0,28
649,713,159,0,28
649,714,159,0,28
649,715,159,0,28
649,716,159,0,28
649,717,159,0,28
649,718,159,0,28
649,719,159,0,28
649,720,159,0,28
649,721,159,0,28
649,722,159,0,28
649,723,159,0,28
649,724,159,0,28
655,625,32,0,34
655,626,32,0,34
655,627,32,0,34
655,628,32,0,34
655,629,32,0,34
655,630,32,0,34
655,631,32,0,34
655,632,32,0,34
655,633,32,0,34
655,634,32,0,34
655,635,32,0,34
655,636,32,0,34
655,637,32,0,34
655,638,32,0,34
655,639,32,0,34
655,640,32,0,34
655,641,32,0,34
655,642,32,0,34
655,643,32,0,34
655,644,32,0,34
655,645,32,0,34
655,646,32,0,34
655,647,32,0,34
655,648,32,0,34
655,649,32,0,34
655,650,32,0,34
655,651,32,0,34
655,652,32,0,34
655,653,32,0,34
655,654,32,0,34
655,656,32,0,34
655,657,32,0,34
655,658,32,0,34
655,659,32,0,34
655,660,32,0,34
655,661,32,0,34
655,662,32,0,34
655,663,32,0,34
655,664,32,0,34
655,665,32,0,34
655,666,32,0,34
655,667,32,0,34
655,668,32,0,34
655,669,32,0,34
655,670,32,0,34
655,671,32,0,34
655,672,32,0,34
655,673,32,0,34
655,674,32,0,34
655,675,32,0,34
655,676,32,0,34
655,677,32,0,34
655,678,32,0,34
655,679,32,0,34
655,680,32,0,34
655,681,32,0,34
655,682,32,0,34
655,683,32,0,34
655,684,32,0,34
655,685,32,0,34
655,686,32,0,34
655,687,32,0,34
655,688,32,0,34
655,689,32,0,34
655,690,32,0,34
655,691,32,0,34
655,692,32,0,34
655,693,32,0,34
655,694,32,0,34
655,695,32,0,34
655,696,32,0,34
655,697,32,0,34
655,698,32,0,34
655,699,32,0,34
655,700,32,0,34
655,701,32,0,34
655,702,32,0,34
655,703,32,0,34
655,704,32,0,34
655,705,32,0,34
655,706,32,0,34
655,707,32,0,34
655,708,32,0,34
655,709,32,0,34
655,710,32,0,34
655,711,32,0,34
655,712,32,0,34
655,713,32,0,34
655,714,32,0,34
655,715,32,0,34
655,716,32,0,34
655,717,32,0,34
655,718,32,0,34
655,719,32,0,34
655,720,32,0,34
655,721,32,0,34
655,722,32,0,34
655,723,32,0,34
655,724,32,0,34
717,625,59,0,96
717,626,59,0,96
717,627,59,0,96
717,628,59,0,96
717,629,59,0,96
717,630,59,0,96
717,631,59,0,96
717,632,59,0,96
717,633,59,0,96
717,634,59,0,96
717,635,59,0,96
717,636,59,0,96
717,637,59,0,96
717,638,59,0,96
717,639,59,0,96
717,640,59,0,96
717,641,59,0,96
717,642,59,0,96
717,643,59,0,96
717,644,59,0,96
717,645,59,0,96
717,646,59,0,96
717,647,59,0,96
717,648,59,0,96
717,649,59,0,96
717,650,59,0,96
717,651,59,0,96
717,652,59,0,96
717,653,59,0,96
717,654,59,0,96
717,655,59,0,96
717,656,59,0,96
717,657,59,0,96
717,658,59,0,96
717,659,59,0,96
717,660,59,0,96
717,661,59,0,96
717,662,59,0,96
717,663,59,0,96
717,664,59,0,96
717,665,59,0,96
717,666,59,0,96
717,667,59,0,96
717,668,59,0,96
717,669,59,0,96
717,670,59,0,96
717,671,59,0,96
717,672,59,0,96
717,673,59,0,96
717,674,59,0,96
717,675,59,0,96
717,676,59,0,96
717,677,59,0,96
717,678,59,0,96
717,679,59,0,96
717,680,59,0,96
717,681,59,0,96
717,682,59,0,96
717,683,59,0,96
717,684,59,0,96
717,685,59,0,96
717,686,59,0,96
717,687,59,0,96
717,688,59,0,96
717,689,59,0,96
717,690,59,0,96
717,691,59,0,96
717,692,59,0,96
717,693,59,0,96
717,694,59,0,96
717,695,59,0,96
717,696,59,0,96
717,697,59,0,96
717,698,59,0,96
717,699,59,0,96
717,700,59,0,96
717,701,59,0,96
717,702,59,0,96
717,703,59,0,96
717,704,59,0,96
717,705,59,0,96
717,706,59,0,96
717,707,59,0,96
717,708,59,0,96
717,709,59,0,96
717,710,59,0,96
717,711,59,0,96
717,712,59,0,96
717,713,59,0,96
717,714,59,0,96
717,715,59,0,96
717,716,59,0,96
717,718,59,0,96
717,719,59,0,96
717,720,59,0,96
717,721,59,0,96
717,722,59,0,96
717,723,59,0,96
717,724,59,0,96
