0,635,24,2,1
0,684,25,1,0
0,688,25,1,0
3,635,4,1,0
3,684,28,2,0
4,625,5,1,0
4,635,5,1,0
4,684,29,2,0
4,688,29,2,0
5,625,6,1,0
5,635,6,1,0
5,647,30,2,0
5,674,6,1,0
5,684,30,2,0
5,688,30,2,0
6,625,7,1,0
6,632,606,3,3
6,635,7,1,0
6,647,31,2,0
6,674,7,1,0
6,684,31,2,0
6,688,31,2,0
7,625,8,1,0
7,632,607,3,3
7,635,8,1,0
7,647,32,2,0
7,674,8,1,0
7,684,32,2,0
7,688,32,2,0
8,625,608,3,3
8,632,608,3,3
8,635,608,3,3
8,647,33,2,0
8,674,608,3,3
8,684,33,2,0
8,688,33,2,0
9,625,609,3,3
9,632,8,0,1
9,635,609,3,3
9,647,8,0,1
9,674,609,3,3
9,684,8,0,1
9,688,8,0,1
10,625,610,3,3
10,632,9,0,1
10,635,610,3,3
10,647,9,0,1
10,674,610,3,3
10,684,9,0,1
10,688,9,0,1
11,625,611,3,3
11,635,611,3,3
11,647,10,0,1
11,674,611,3,3
11,684,10,0,1
11,688,10,0,1
12,625,612,3,3
12,635,612,3,3
12,684,11,0,1
12,688,11,0,1
13,635,613,3,3
13,684,12,0,1
16,635,616,3,3
16,684,17,1,0
16,688,17,1,0
17,625,617,3,3
17,635,617,3,3
17,647,18,1,0
17,684,18,1,0
17,688,18,1,0
18,625,618,3,3
18,632,19,1,0
18,635,618,3,3
18,647,19,1,0
18,674,618,3,3
18,684,19,1,0
18,688,19,1,0
19,625,619,3,3
19,632,20,1,0
19,635,619,3,3
19,647,20,1,0
19,674,619,3,3
19,684,20,1,0
19,688,20,1,0
20,625,620,3,3
20,632,21,1,0
20,635,620,3,3
20,647,21,1,0
20,674,620,3,3
20,684,21,1,0
20,688,21,1,0
21,625,621,3,3
21,632,621,3,3
21,635,621,3,3
21,647,46,2,0
21,674,621,3,3
21,684,46,2,0
21,688,46,2,0
22,625,21,0,1
22,632,622,3,3
22,635,21,0,1
22,647,47,2,0
22,674,21,0,1
22,684,47,2,0
22,688,47,2,0
23,625,22,0,1
23,632,623,3,3
23,635,22,0,1
23,647,48,2,0
23,674,22,0,1
23,684,48,2,0
23,688,48,2,0
24,625,23,0,1
24,635,23,0,1
24,647,49,2,0
24,684,49,2,0
24,688,49,2,0
25,635,49,3,2
25,684,26,1,1
25,688,50,2,0
28,635,29,2,1
28,684,684,63,0
29,625,30,2,1
29,635,30,2,1
29,684,28,1,2
29,688,54,3,0
30,625,31,2,1
30,635,31,2,1
30,647,55,3,0
30,674,31,2,1
30,684,29,1,2
30,688,55,3,0
31,625,32,2,1
31,632,6,0,2
31,635,32,2,1
31,647,56,3,0
31,674,32,2,1
31,684,30,1,2
31,688,56,3,0
32,625,33,2,1
32,632,7,0,2
32,635,33,2,1
32,647,57,3,0
32,674,33,2,1
32,684,31,1,2
32,688,57,3,0
33,632,8,0,2
33,635,8,0,2
33,647,58,3,0
33,674,8,0,2
33,684,32,1,2
33,688,58,3,0
34,625,9,0,2
34,632,33,1,2
34,635,9,0,2
34,647,33,1,2
34,674,9,0,2
34,684,33,1,2
34,688,33,1,2
35,625,10,0,2
35,632,34,1,2
35,635,10,0,2
35,647,34,1,2
35,674,10,0,2
35,684,34,1,2
35,688,34,1,2
36,625,11,0,2
36,635,11,0,2
36,647,35,1,2
36,674,11,0,2
36,684,35,1,2
36,688,35,1,2
37,625,12,0,2
37,635,12,0,2
37,684,36,1,2
37,688,36,1,2
38,635,13,0,2
38,684,37,1,2
41,635,16,0,2
41,684,42,2,1
41,688,42,2,1
42,625,17,0,2
42,635,17,0,2
42,647,43,2,1
42,684,43,2,1
42,688,43,2,1
43,625,18,0,2
43,632,44,2,1
43,635,18,0,2
43,647,44,2,1
43,674,18,0,2
43,684,44,2,1
43,688,44,2,1
44,625,19,0,2
44,632,45,2,1
44,635,19,0,2
44,647,45,2,1
44,674,19,0,2
44,684,45,2,1
44,688,45,2,1
45,625,20,0,2
45,632,46,2,1
45,635,20,0,2
45,647,46,2,1
45,674,20,0,2
45,684,46,2,1
45,688,46,2,1
46,632,21,0,2
46,635,21,0,2
46,647,71,3,0
46,674,21,0,2
46,684,47,2,1
46,688,71,3,0
47,625,46,1,2
47,632,22,0,2
47,635,46,1,2
47,647,72,3,0
47,674,46,1,2
47,684,48,2,1
47,688,72,3,0
48,625,47,1,2
48,632,23,0,2
48,635,47,1,2
48,647,73,3,0
48,674,47,1,2
48,684,49,2,1
48,688,73,3,0
49,625,48,1,2
49,635,48,1,2
49,647,74,3,0
49,684,25,2,3
49,688,74,3,0
50,635,74,3,2
50,684,25,0,2
50,688,75,2,0
53,635,54,2,1
53,684,28,0,3
54,625,55,2,1
54,635,55,2,1
54,684,29,0,3
54,688,79,3,0
55,625,56,2,1
55,635,56,2,1
55,647,80,3,0
55,674,56,2,1
55,684,30,0,3
55,688,80,3,0
56,625,57,2,1
56,632,31,0,3
56,635,57,2,1
56,647,81,3,0
56,674,57,2,1
56,684,31,0,3
56,688,81,3,0
57,625,58,2,1
57,632,32,0,3
57,635,58,2,1
57,647,82,3,0
57,674,58,2,1
57,684,32,0,3
57,688,82,3,0
58,632,33,0,3
58,635,33,0,3
58,647,83,3,0
58,674,33,0,3
58,688,83,3,0
59,625,34,0,3
59,632,58,1,2
59,635,34,0,3
59,647,58,1,2
59,674,34,0,3
59,684,58,1,2
59,688,58,1,2
60,625,35,0,3
60,632,59,1,2
60,635,35,0,3
60,647,59,1,2
60,674,35,0,3
60,684,59,1,2
60,688,59,1,2
61,625,36,0,3
61,635,36,0,3
61,647,60,1,2
61,674,36,0,3
61,684,60,1,2
61,688,60,1,2
62,625,37,0,3
62,635,37,0,3
62,684,61,1,2
62,688,61,1,2
63,635,38,0,3
63,684,62,1,2
66,635,41,0,3
66,684,67,2,1
66,688,67,2,1
67,625,42,0,3
67,635,42,0,3
67,647,68,2,1
67,684,68,2,1
67,688,68,2,1
68,625,43,0,3
68,632,69,2,1
68,635,43,0,3
68,647,69,2,1
68,674,43,0,3
68,684,69,2,1
68,688,69,2,1
69,625,44,0,3
69,632,70,2,1
69,635,44,0,3
69,647,70,2,1
69,674,44,0,3
69,684,70,2,1
69,688,70,2,1
70,625,45,0,3
70,632,71,2,1
70,635,45,0,3
70,647,71,2,1
70,674,45,0,3
70,684,71,2,1
70,688,71,2,1
71,632,46,0,3
71,635,46,0,3
71,647,96,3,0
71,674,46,0,3
71,688,96,3,0
72,625,71,1,2
72,632,47,0,3
72,635,71,1,2
72,647,97,3,0
72,674,71,1,2
72,684,47,0,3
72,688,97,3,0
73,625,72,1,2
73,632,48,0,3
73,635,72,1,2
73,647,98,3,0
73,674,72,1,2
73,684,48,0,3
73,688,98,3,0
74,625,73,1,2
74,635,73,1,2
74,647,99,3,0
74,684,49,0,3
74,688,99,3,0
75,635,99,3,2
75,684,50,0,2
75,688,100,2,0
78,635,79,2,1
78,684,53,0,3
79,625,80,2,1
79,635,80,2,1
79,684,54,0,3
79,688,104,3,0
80,625,81,2,1
80,635,81,2,1
80,647,105,3,0
80,674,81,2,1
80,684,55,0,3
80,688,105,3,0
81,625,82,2,1
81,632,56,0,3
81,635,82,2,1
81,647,106,3,0
81,674,82,2,1
81,684,56,0,3
81,688,106,3,0
82,625,83,2,1
82,632,57,0,3
82,635,83,2,1
82,647,107,3,0
82,674,83,2,1
82,684,57,0,3
82,688,107,3,0
83,625,108,3,0
83,632,58,0,3
83,635,58,0,3
83,647,108,3,0
83,674,58,0,3
83,684,58,0,3
83,688,108,3,0
83,706,706,85,0
84,625,109,3,0
84,632,83,1,2
84,635,59,0,3
84,647,83,1,2
84,674,59,0,3
84,684,83,1,2
84,688,83,1,2
85,625,110,3,0
85,632,84,1,2
85,635,60,0,3
85,647,84,1,2
85,674,60,0,3
85,684,84,1,2
85,688,84,1,2
86,625,111,3,0
86,635,61,0,3
86,647,85,1,2
86,674,61,0,3
86,684,85,1,2
86,688,85,1,2
87,625,112,3,0
87,635,62,0,3
87,684,86,1,2
87,688,86,1,2
88,635,63,0,3
88,684,87,1,2
91,635,66,0,3
91,684,92,2,1
91,688,92,2,1
92,625,117,3,0
92,635,67,0,3
92,647,93,2,1
92,684,93,2,1
92,688,93,2,1
93,625,118,3,0
93,632,94,2,1
93,635,68,0,3
93,647,94,2,1
93,674,68,0,3
93,684,94,2,1
93,688,94,2,1
94,625,119,3,0
94,632,95,2,1
94,635,69,0,3
94,647,95,2,1
94,674,69,0,3
94,684,95,2,1
94,688,95,2,1
95,625,120,3,0
95,632,96,2,1
95,635,70,0,3
95,647,96,2,1
95,674,70,0,3
95,684,96,2,1
95,688,96,2,1
96,625,121,3,0
96,632,71,0,3
96,635,71,0,3
96,647,121,3,0
96,674,71,0,3
96,684,71,0,3
96,688,121,3,0
97,625,96,1,2
97,632,72,0,3
97,635,96,1,2
97,647,122,3,0
97,674,96,1,2
97,684,72,0,3
97,688,122,3,0
98,625,97,1,2
98,632,73,0,3
98,635,97,1,2
98,647,123,3,0
98,674,97,1,2
98,684,73,0,3
98,688,123,3,0
99,625,98,1,2
99,635,98,1,2
99,647,124,3,0
99,684,74,0,3
99,688,124,3,0
100,635,124,3,2
100,684,75,0,2
100,688,125,2,0
103,635,104,2,1
103,684,78,0,3
104,625,105,2,1
104,635,105,2,1
104,684,79,0,3
104,688,129,3,0
105,625,106,2,1
105,635,106,2,1
105,647,130,3,0
105,674,106,2,1
105,684,80,0,3
105,688,130,3,0
106,625,107,2,1
106,632,81,0,3
106,635,107,2,1
106,647,131,3,0
106,674,107,2,1
106,684,81,0,3
106,688,131,3,0
107,625,108,2,1
107,632,82,0,3
107,635,108,2,1
107,647,132,3,0
107,674,108,2,1
107,684,82,0,3
107,688,132,3,0
108,625,133,3,0
108,635,83,0,3
108,647,133,3,0
108,674,83,0,3
108,684,83,0,3
108,706,83,0,3
109,625,134,3,0
109,632,108,1,2
109,635,84,0,3
109,647,108,1,2
109,674,84,0,3
109,684,108,1,2
109,688,108,1,2
110,625,135,3,0
110,632,109,1,2
110,635,85,0,3
110,647,109,1,2
110,674,85,0,3
110,684,109,1,2
110,688,109,1,2
111,625,136,3,0
111,635,86,0,3
111,647,110,1,2
111,674,86,0,3
111,684,110,1,2
111,688,110,1,2
112,625,137,3,0
112,635,87,0,3
112,684,111,1,2
112,688,111,1,2
113,635,88,0,3
113,684,112,1,2
116,635,91,0,3
116,684,117,2,1
116,688,117,2,1
117,625,142,3,0
117,635,92,0,3
117,647,118,2,1
117,684,118,2,1
117,688,118,2,1
118,625,143,3,0
118,632,119,2,1
118,635,93,0,3
118,647,119,2,1
118,674,93,0,3
118,684,119,2,1
118,688,119,2,1
119,625,144,3,0
119,632,120,2,1
119,635,94,0,3
119,647,120,2,1
119,674,94,0,3
119,684,120,2,1
119,688,120,2,1
120,625,145,3,0
120,632,121,2,1
120,635,95,0,3
120,647,121,2,1
120,674,95,0,3
120,684,121,2,1
120,688,121,2,1
121,625,146,3,0
121,635,96,0,3
121,647,146,3,0
121,674,96,0,3
121,684,96,0,3
122,625,121,1,2
122,632,97,0,3
122,635,121,1,2
122,647,147,3,0
122,674,121,1,2
122,684,97,0,3
122,688,147,3,0
123,625,122,1,2
123,632,98,0,3
123,635,122,1,2
123,647,148,3,0
123,674,122,1,2
123,684,98,0,3
123,688,148,3,0
124,625,123,1,2
124,635,123,1,2
124,647,149,3,0
124,684,99,0,3
124,688,149,3,0
125,635,149,3,2
125,684,100,0,2
125,688,688,67,0
128,635,129,2,1
128,684,103,0,3
129,625,130,2,1
129,635,130,2,1
129,684,104,0,3
129,688,128,1,2
130,625,131,2,1
130,635,131,2,1
130,647,155,3,0
130,674,131,2,1
130,684,105,0,3
130,688,129,1,2
131,625,132,2,1
131,632,106,0,3
131,635,132,2,1
131,647,156,3,0
131,674,132,2,1
131,684,106,0,3
131,688,130,1,2
132,625,133,2,1
132,632,107,0,3
132,635,133,2,1
132,647,157,3,0
132,674,133,2,1
132,684,107,0,3
132,688,131,1,2
133,625,158,3,0
133,635,108,0,3
133,647,158,3,0
133,674,108,0,3
133,684,108,0,3
133,688,132,1,2
134,625,159,3,0
134,632,133,1,2
134,635,109,0,3
134,647,133,1,2
134,674,109,0,3
134,684,133,1,2
134,688,133,1,2
135,625,160,3,0
135,632,134,1,2
135,635,110,0,3
135,647,134,1,2
135,674,110,0,3
135,684,134,1,2
135,688,134,1,2
136,625,161,3,0
136,635,111,0,3
136,647,135,1,2
136,674,111,0,3
136,684,135,1,2
136,688,135,1,2
137,625,162,3,0
137,635,112,0,3
137,684,136,1,2
137,688,136,1,2
138,635,113,0,3
138,684,137,1,2
141,635,116,0,3
141,684,142,2,1
141,688,142,2,1
142,625,167,3,0
142,635,117,0,3
142,647,143,2,1
142,684,143,2,1
142,688,143,2,1
143,625,168,3,0
143,632,144,2,1
143,635,118,0,3
143,647,144,2,1
143,674,118,0,3
143,684,144,2,1
143,688,144,2,1
144,625,169,3,0
144,632,145,2,1
144,635,119,0,3
144,647,145,2,1
144,674,119,0,3
144,684,145,2,1
144,688,145,2,1
145,625,170,3,0
145,632,146,2,1
145,635,120,0,3
145,647,146,2,1
145,674,120,0,3
145,684,146,2,1
145,688,146,2,1
146,625,171,3,0
146,635,121,0,3
146,647,171,3,0
146,674,121,0,3
146,684,121,0,3
146,688,147,2,1
147,625,146,1,2
147,632,122,0,3
147,635,146,1,2
147,647,172,3,0
147,674,146,1,2
147,684,122,0,3
147,688,148,2,1
148,625,147,1,2
148,632,123,0,3
148,635,147,1,2
148,647,173,3,0
148,674,147,1,2
148,684,123,0,3
148,688,149,2,1
149,625,148,1,2
149,635,148,1,2
149,647,174,3,0
149,684,124,0,3
149,688,125,2,3
150,635,174,3,2
150,684,125,0,2
150,688,125,0,2
153,635,154,2,1
153,684,128,0,3
154,625,155,2,1
154,635,155,2,1
154,684,129,0,3
154,688,129,0,3
155,625,156,2,1
155,635,156,2,1
155,647,180,3,0
155,674,156,2,1
155,684,130,0,3
155,688,130,0,3
156,625,157,2,1
156,632,131,0,3
156,635,157,2,1
156,647,181,3,0
156,674,157,2,1
156,684,131,0,3
156,688,131,0,3
157,625,158,2,1
157,632,132,0,3
157,635,158,2,1
157,647,182,3,0
157,674,158,2,1
157,684,132,0,3
157,688,132,0,3
158,625,183,3,0
158,635,133,0,3
158,647,183,3,0
158,674,133,0,3
158,684,133,0,3
158,688,133,0,3
159,625,184,3,0
159,632,158,1,2
159,635,134,0,3
159,647,158,1,2
159,674,134,0,3
159,684,158,1,2
159,688,158,1,2
160,625,185,3,0
160,632,159,1,2
160,635,135,0,3
160,647,159,1,2
160,674,135,0,3
160,684,159,1,2
160,688,159,1,2
161,625,186,3,0
161,635,136,0,3
161,647,160,1,2
161,674,136,0,3
161,684,160,1,2
161,688,160,1,2
162,625,187,3,0
162,635,137,0,3
162,684,161,1,2
162,688,161,1,2
163,635,138,0,3
163,684,162,1,2
166,635,141,0,3
166,684,167,2,1
166,688,167,2,1
167,625,192,3,0
167,635,142,0,3
167,647,168,2,1
167,684,168,2,1
167,688,168,2,1
168,625,193,3,0
168,632,169,2,1
168,635,143,0,3
168,647,169,2,1
168,674,143,0,3
168,684,169,2,1
168,688,169,2,1
169,625,194,3,0
169,632,170,2,1
169,635,144,0,3
169,647,170,2,1
169,674,144,0,3
169,684,170,2,1
169,688,170,2,1
170,625,195,3,0
170,632,171,2,1
170,635,145,0,3
170,647,171,2,1
170,674,145,0,3
170,684,171,2,1
170,688,171,2,1
171,625,196,3,0
171,635,146,0,3
171,647,196,3,0
171,674,146,0,3
171,684,146,0,3
171,688,146,0,3
172,625,171,1,2
172,632,147,0,3
172,635,171,1,2
172,647,197,3,0
172,674,171,1,2
172,684,147,0,3
172,688,147,0,3
173,625,172,1,2
173,632,148,0,3
173,635,172,1,2
173,647,198,3,0
173,674,172,1,2
173,684,148,0,3
173,688,148,0,3
174,625,173,1,2
174,635,173,1,2
174,647,199,3,0
174,684,149,0,3
174,688,149,0,3
175,635,199,3,2
175,684,150,0,2
175,688,150,0,2
178,635,179,2,1
178,684,153,0,3
179,625,180,2,1
179,635,180,2,1
179,684,154,0,3
179,688,154,0,3
180,625,181,2,1
180,635,181,2,1
180,647,205,3,0
180,674,181,2,1
180,684,155,0,3
180,688,155,0,3
181,625,182,2,1
181,632,156,0,3
181,635,182,2,1
181,647,206,3,0
181,674,182,2,1
181,684,156,0,3
181,688,156,0,3
182,625,183,2,1
182,632,157,0,3
182,635,183,2,1
182,647,207,3,0
182,674,183,2,1
182,684,157,0,3
182,688,157,0,3
183,625,208,3,0
183,635,158,0,3
183,647,208,3,0
183,674,158,0,3
183,684,158,0,3
183,688,158,0,3
184,625,209,3,0
184,632,183,1,2
184,635,159,0,3
184,647,183,1,2
184,674,159,0,3
184,684,183,1,2
184,688,183,1,2
185,625,210,3,0
185,632,184,1,2
185,635,160,0,3
185,647,184,1,2
185,674,160,0,3
185,684,184,1,2
185,688,184,1,2
186,625,211,3,0
186,635,161,0,3
186,647,185,1,2
186,674,161,0,3
186,684,185,1,2
186,688,185,1,2
187,625,212,3,0
187,635,162,0,3
187,684,186,1,2
187,688,186,1,2
188,635,163,0,3
188,684,187,1,2
191,635,166,0,3
191,684,192,2,1
191,688,192,2,1
192,625,217,3,0
192,635,167,0,3
192,647,193,2,1
192,684,193,2,1
192,688,193,2,1
193,625,218,3,0
193,632,194,2,1
193,635,168,0,3
193,647,194,2,1
193,674,168,0,3
193,684,194,2,1
193,688,194,2,1
194,625,219,3,0
194,632,195,2,1
194,635,169,0,3
194,647,195,2,1
194,674,169,0,3
194,684,195,2,1
194,688,195,2,1
195,625,220,3,0
195,632,196,2,1
195,635,170,0,3
195,647,196,2,1
195,674,170,0,3
195,684,196,2,1
195,688,196,2,1
196,625,221,3,0
196,635,171,0,3
196,647,221,3,0
196,674,171,0,3
196,684,171,0,3
196,688,171,0,3
197,625,196,1,2
197,632,172,0,3
197,635,196,1,2
197,647,222,3,0
197,674,196,1,2
197,684,172,0,3
197,688,172,0,3
198,625,197,1,2
198,632,173,0,3
198,635,197,1,2
198,647,223,3,0
198,674,197,1,2
198,684,173,0,3
198,688,173,0,3
199,625,198,1,2
199,635,198,1,2
199,647,224,3,0
199,684,174,0,3
199,688,174,0,3
200,635,224,3,2
200,684,175,0,2
200,688,175,0,2
203,635,204,2,1
203,684,178,0,3
204,625,205,2,1
204,635,205,2,1
204,684,179,0,3
204,688,179,0,3
205,625,206,2,1
205,635,206,2,1
205,647,230,3,0
205,674,206,2,1
205,684,180,0,3
205,688,180,0,3
206,625,207,2,1
206,632,181,0,3
206,635,207,2,1
206,647,231,3,0
206,674,207,2,1
206,684,181,0,3
206,688,181,0,3
207,625,208,2,1
207,632,182,0,3
207,635,208,2,1
207,647,232,3,0
207,674,208,2,1
207,684,182,0,3
207,688,182,0,3
208,625,233,3,0
208,635,183,0,3
208,647,233,3,0
208,684,183,0,3
208,688,183,0,3
209,625,234,3,0
209,632,208,1,2
209,635,184,0,3
209,647,208,1,2
209,674,184,0,3
209,684,208,1,2
209,688,208,1,2
210,625,235,3,0
210,632,209,1,2
210,635,185,0,3
210,647,209,1,2
210,674,185,0,3
210,684,209,1,2
210,688,209,1,2
211,625,236,3,0
211,635,186,0,3
211,647,210,1,2
211,674,186,0,3
211,684,210,1,2
211,688,210,1,2
212,625,237,3,0
212,635,187,0,3
212,684,211,1,2
212,688,211,1,2
213,635,188,0,3
213,684,212,1,2
216,635,191,0,3
216,684,217,2,1
216,688,217,2,1
217,625,242,3,0
217,635,192,0,3
217,647,218,2,1
217,684,218,2,1
217,688,218,2,1
218,625,243,3,0
218,632,219,2,1
218,635,193,0,3
218,647,219,2,1
218,674,193,0,3
218,684,219,2,1
218,688,219,2,1
219,625,244,3,0
219,632,220,2,1
219,635,194,0,3
219,647,220,2,1
219,674,194,0,3
219,684,220,2,1
219,688,220,2,1
220,625,245,3,0
220,632,221,2,1
220,635,195,0,3
220,647,221,2,1
220,674,195,0,3
220,684,221,2,1
220,688,221,2,1
221,625,246,3,0
221,635,196,0,3
221,647,246,3,0
221,684,196,0,3
221,688,196,0,3
222,625,221,1,2
222,632,197,0,3
222,635,221,1,2
222,647,247,3,0
222,674,221,1,2
222,684,197,0,3
222,688,197,0,3
223,625,222,1,2
223,632,198,0,3
223,635,222,1,2
223,647,248,3,0
223,674,222,1,2
223,684,198,0,3
223,688,198,0,3
224,625,223,1,2
224,635,223,1,2
224,647,249,3,0
224,684,199,0,3
224,688,199,0,3
225,635,249,3,2
225,684,200,0,2
225,688,200,0,2
228,635,229,2,1
228,684,203,0,3
229,625,230,2,1
229,635,230,2,1
229,684,204,0,3
229,688,204,0,3
230,625,231,2,1
230,635,231,2,1
230,647,255,3,0
230,674,231,2,1
230,684,205,0,3
230,688,205,0,3
231,625,232,2,1
231,632,256,3,0
231,635,232,2,1
231,647,256,3,0
231,674,232,2,1
231,684,206,0,3
231,688,206,0,3
232,625,233,2,1
232,632,257,3,0
232,635,233,2,1
232,647,257,3,0
232,674,233,2,1
232,684,207,0,3
232,688,207,0,3
233,625,258,3,0
233,632,258,3,0
233,684,208,0,3
233,688,208,0,3
234,625,259,3,0
234,632,233,1,2
234,635,209,0,3
234,647,233,1,2
234,674,209,0,3
234,684,233,1,2
234,688,233,1,2
235,625,260,3,0
235,632,234,1,2
235,635,210,0,3
235,647,234,1,2
235,674,210,0,3
235,684,234,1,2
235,688,234,1,2
236,625,261,3,0
236,635,211,0,3
236,647,235,1,2
236,674,211,0,3
236,684,235,1,2
236,688,235,1,2
237,625,262,3,0
237,635,212,0,3
237,684,236,1,2
237,688,236,1,2
238,635,213,0,3
238,684,237,1,2
241,635,216,0,3
241,684,242,2,1
241,688,242,2,1
242,625,267,3,0
242,635,217,0,3
242,647,243,2,1
242,684,243,2,1
242,688,243,2,1
243,625,268,3,0
243,632,244,2,1
243,635,218,0,3
243,647,244,2,1
243,674,218,0,3
243,684,244,2,1
243,688,244,2,1
244,625,269,3,0
244,632,245,2,1
244,635,219,0,3
244,647,245,2,1
244,674,219,0,3
244,684,245,2,1
244,688,245,2,1
245,625,270,3,0
245,632,246,2,1
245,635,220,0,3
245,647,246,2,1
245,674,220,0,3
245,684,246,2,1
245,688,246,2,1
246,625,271,3,0
246,632,271,3,0
246,684,221,0,3
246,688,221,0,3
247,625,246,1,2
247,632,272,3,0
247,635,246,1,2
247,647,272,3,0
247,674,246,1,2
247,684,222,0,3
247,688,222,0,3
248,625,247,1,2
248,632,273,3,0
248,635,247,1,2
248,647,273,3,0
248,674,247,1,2
248,684,223,0,3
248,688,223,0,3
249,625,248,1,2
249,635,248,1,2
249,647,274,3,0
249,684,224,0,3
249,688,224,0,3
250,635,274,3,2
250,684,225,0,2
250,688,225,0,2
253,635,254,2,1
253,684,228,0,3
254,625,255,2,1
254,635,255,2,1
254,684,229,0,3
254,688,229,0,3
255,625,256,2,1
255,635,256,2,1
255,647,280,3,0
255,674,256,2,1
255,684,230,0,3
255,688,230,0,3
256,625,257,2,1
256,632,281,3,0
256,635,257,2,1
256,647,281,3,0
256,674,257,2,1
256,684,231,0,3
256,688,231,0,3
257,625,258,2,1
257,632,282,3,0
257,635,258,2,1
257,647,282,3,0
257,674,258,2,1
257,684,232,0,3
257,688,232,0,3
258,625,283,3,0
258,632,283,3,0
258,635,283,3,0
258,684,233,0,3
258,688,233,0,3
259,625,284,3,0
259,632,258,1,2
259,635,284,3,0
259,647,258,1,2
259,674,234,0,3
259,684,258,1,2
259,688,258,1,2
260,625,285,3,0
260,632,259,1,2
260,635,285,3,0
260,647,259,1,2
260,674,235,0,3
260,684,259,1,2
260,688,259,1,2
261,625,286,3,0
261,635,286,3,0
261,647,260,1,2
261,674,236,0,3
261,684,260,1,2
261,688,260,1,2
262,625,287,3,0
262,635,287,3,0
262,684,261,1,2
262,688,261,1,2
263,635,288,3,0
263,684,262,1,2
266,635,291,3,0
266,684,267,2,1
266,688,267,2,1
267,625,292,3,0
267,635,292,3,0
267,647,268,2,1
267,684,268,2,1
267,688,268,2,1
268,625,293,3,0
268,632,269,2,1
268,635,293,3,0
268,647,269,2,1
268,674,243,0,3
268,684,269,2,1
268,688,269,2,1
269,625,294,3,0
269,632,270,2,1
269,635,294,3,0
269,647,270,2,1
269,674,244,0,3
269,684,270,2,1
269,688,270,2,1
270,625,295,3,0
270,632,271,2,1
270,635,295,3,0
270,647,271,2,1
270,674,245,0,3
270,684,271,2,1
270,688,271,2,1
271,625,296,3,0
271,632,296,3,0
271,635,296,3,0
271,684,246,0,3
271,688,246,0,3
272,625,271,1,2
272,632,297,3,0
272,635,271,1,2
272,647,297,3,0
272,674,271,1,2
272,684,247,0,3
272,688,247,0,3
273,625,272,1,2
273,632,298,3,0
273,635,272,1,2
273,647,298,3,0
273,674,272,1,2
273,684,248,0,3
273,688,248,0,3
274,625,273,1,2
274,635,273,1,2
274,647,299,3,0
274,684,249,0,3
274,688,249,0,3
275,635,299,3,2
275,684,250,0,2
275,688,250,0,2
278,635,279,2,1
278,684,253,0,3
279,625,280,2,1
279,635,280,2,1
279,684,254,0,3
279,688,254,0,3
280,625,281,2,1
280,635,281,2,1
280,647,305,3,0
280,674,281,2,1
280,684,255,0,3
280,688,255,0,3
281,625,282,2,1
281,632,306,3,0
281,635,282,2,1
281,647,306,3,0
281,674,282,2,1
281,684,256,0,3
281,688,256,0,3
282,625,283,2,1
282,632,307,3,0
282,635,283,2,1
282,647,307,3,0
282,674,283,2,1
282,684,257,0,3
282,688,257,0,3
283,625,308,3,0
283,632,308,3,0
283,635,308,3,0
283,684,258,0,3
283,688,258,0,3
284,625,309,3,0
284,632,283,1,2
284,635,309,3,0
284,647,283,1,2
284,674,259,0,3
284,684,283,1,2
284,688,283,1,2
285,625,310,3,0
285,632,284,1,2
285,635,310,3,0
285,647,284,1,2
285,674,260,0,3
285,684,284,1,2
285,688,284,1,2
286,625,311,3,0
286,635,311,3,0
286,647,285,1,2
286,674,261,0,3
286,684,285,1,2
286,688,285,1,2
287,625,312,3,0
287,635,312,3,0
287,684,286,1,2
287,688,286,1,2
288,635,313,3,0
288,684,287,1,2
291,635,316,3,0
291,684,292,2,1
291,688,292,2,1
292,625,317,3,0
292,635,317,3,0
292,647,293,2,1
292,684,293,2,1
292,688,293,2,1
293,625,318,3,0
293,632,294,2,1
293,635,318,3,0
293,647,294,2,1
293,674,268,0,3
293,684,294,2,1
293,688,294,2,1
294,625,319,3,0
294,632,295,2,1
294,635,319,3,0
294,647,295,2,1
294,674,269,0,3
294,684,295,2,1
294,688,295,2,1
295,625,320,3,0
295,632,296,2,1
295,635,320,3,0
295,647,296,2,1
295,674,270,0,3
295,684,296,2,1
295,688,296,2,1
296,625,321,3,0
296,632,321,3,0
296,635,321,3,0
296,684,271,0,3
296,688,271,0,3
297,625,296,1,2
297,632,322,3,0
297,635,296,1,2
297,647,322,3,0
297,674,296,1,2
297,684,272,0,3
297,688,272,0,3
298,625,297,1,2
298,632,323,3,0
298,635,297,1,2
298,647,323,3,0
298,674,297,1,2
298,684,273,0,3
298,688,273,0,3
299,625,298,1,2
299,635,298,1,2
299,647,324,3,0
299,684,274,0,3
299,688,274,0,3
300,635,324,3,2
300,684,275,0,2
300,688,275,0,2
303,635,304,2,1
303,684,278,0,3
304,625,305,2,1
304,635,305,2,1
304,684,279,0,3
304,688,279,0,3
305,625,306,2,1
305,635,306,2,1
305,647,304,1,2
305,674,306,2,1
305,684,280,0,3
305,688,280,0,3
306,625,307,2,1
306,632,331,3,0
306,635,307,2,1
306,647,305,1,2
306,674,307,2,1
306,684,281,0,3
306,688,281,0,3
307,625,308,2,1
307,632,332,3,0
307,635,308,2,1
307,647,306,1,2
307,674,308,2,1
307,684,282,0,3
307,688,282,0,3
308,625,333,3,0
308,632,333,3,0
308,635,333,3,0
308,647,307,1,2
308,674,333,3,0
308,684,283,0,3
308,688,283,0,3
309,625,334,3,0
309,632,308,1,2
309,635,334,3,0
309,647,308,1,2
309,674,334,3,0
309,684,308,1,2
309,688,308,1,2
310,625,335,3,0
310,632,309,1,2
310,635,335,3,0
310,647,309,1,2
310,674,335,3,0
310,684,309,1,2
310,688,309,1,2
311,625,336,3,0
311,635,336,3,0
311,647,310,1,2
311,674,336,3,0
311,684,310,1,2
311,688,310,1,2
312,625,337,3,0
312,635,337,3,0
312,684,311,1,2
312,688,311,1,2
313,635,338,3,0
313,684,312,1,2
316,635,341,3,0
316,684,317,2,1
316,688,317,2,1
317,625,342,3,0
317,635,342,3,0
317,647,318,2,1
317,684,318,2,1
317,688,318,2,1
318,625,343,3,0
318,632,319,2,1
318,635,343,3,0
318,647,319,2,1
318,674,343,3,0
318,684,319,2,1
318,688,319,2,1
319,625,344,3,0
319,632,320,2,1
319,635,344,3,0
319,647,320,2,1
319,674,344,3,0
319,684,320,2,1
319,688,320,2,1
320,625,345,3,0
320,632,321,2,1
320,635,345,3,0
320,647,321,2,1
320,674,345,3,0
320,684,321,2,1
320,688,321,2,1
321,625,346,3,0
321,632,346,3,0
321,635,346,3,0
321,647,322,2,1
321,674,346,3,0
321,684,296,0,3
321,688,296,0,3
322,625,321,1,2
322,632,347,3,0
322,635,321,1,2
322,647,323,2,1
322,674,321,1,2
322,684,297,0,3
322,688,297,0,3
323,625,322,1,2
323,632,348,3,0
323,635,322,1,2
323,647,324,2,1
323,674,322,1,2
323,684,298,0,3
323,688,298,0,3
324,625,323,1,2
324,635,323,1,2
324,647,647,26,0
324,684,299,0,3
324,688,299,0,3
325,635,349,3,2
325,684,300,0,2
325,688,300,0,2
328,635,329,2,1
328,684,303,0,3
329,625,330,2,1
329,635,330,2,1
329,684,304,0,3
329,688,304,0,3
330,625,331,2,1
330,635,331,2,1
330,647,305,0,3
330,674,331,2,1
330,684,305,0,3
330,688,305,0,3
331,625,332,2,1
331,632,356,3,0
331,635,332,2,1
331,647,306,0,3
331,674,332,2,1
331,684,306,0,3
331,688,306,0,3
332,625,333,2,1
332,632,357,3,0
332,635,333,2,1
332,647,307,0,3
332,674,333,2,1
332,684,307,0,3
332,688,307,0,3
333,632,358,3,0
333,635,358,3,0
333,647,308,0,3
333,674,358,3,0
333,684,308,0,3
333,688,308,0,3
334,625,359,3,0
334,632,333,1,2
334,635,359,3,0
334,647,333,1,2
334,674,359,3,0
334,684,333,1,2
334,688,333,1,2
335,625,360,3,0
335,632,334,1,2
335,635,360,3,0
335,647,334,1,2
335,674,360,3,0
335,684,334,1,2
335,688,334,1,2
336,625,361,3,0
336,635,361,3,0
336,647,335,1,2
336,674,361,3,0
336,684,335,1,2
336,688,335,1,2
337,625,362,3,0
337,635,362,3,0
337,684,336,1,2
337,688,336,1,2
338,635,363,3,0
338,684,337,1,2
341,635,366,3,0
341,684,342,2,1
341,688,342,2,1
342,625,367,3,0
342,635,367,3,0
342,647,343,2,1
342,684,343,2,1
342,688,343,2,1
343,625,368,3,0
343,632,344,2,1
343,635,368,3,0
343,647,344,2,1
343,674,368,3,0
343,684,344,2,1
343,688,344,2,1
344,625,369,3,0
344,632,345,2,1
344,635,369,3,0
344,647,345,2,1
344,674,369,3,0
344,684,345,2,1
344,688,345,2,1
345,625,370,3,0
345,632,346,2,1
345,635,370,3,0
345,647,346,2,1
345,674,370,3,0
345,684,346,2,1
345,688,346,2,1
346,632,371,3,0
346,635,371,3,0
346,647,321,0,3
346,674,371,3,0
346,684,321,0,3
346,688,321,0,3
347,625,346,1,2
347,632,372,3,0
347,635,346,1,2
347,647,322,0,3
347,674,346,1,2
347,684,322,0,3
347,688,322,0,3
348,625,347,1,2
348,632,373,3,0
348,635,347,1,2
348,647,323,0,3
348,674,347,1,2
348,684,323,0,3
348,688,323,0,3
349,625,348,1,2
349,635,348,1,2
349,647,324,0,3
349,684,324,0,3
349,688,324,0,3
350,635,374,3,2
350,684,375,2,0
350,688,325,0,2
353,635,354,2,1
353,684,378,3,0
354,625,355,2,1
354,635,355,2,1
354,684,379,3,0
354,688,329,0,3
355,625,356,2,1
355,635,356,2,1
355,647,330,0,3
355,674,356,2,1
355,684,380,3,0
355,688,330,0,3
356,625,357,2,1
356,632,381,3,0
356,635,357,2,1
356,647,331,0,3
356,674,357,2,1
356,684,381,3,0
356,688,331,0,3
357,625,358,2,1
357,632,382,3,0
357,635,358,2,1
357,647,332,0,3
357,674,358,2,1
357,684,382,3,0
357,688,332,0,3
358,632,383,3,0
358,635,383,3,0
358,647,333,0,3
358,674,383,3,0
358,688,333,0,3
359,625,384,3,0
359,632,358,1,2
359,635,384,3,0
359,647,358,1,2
359,674,384,3,0
359,684,358,1,2
359,688,358,1,2
360,625,385,3,0
360,632,359,1,2
360,635,385,3,0
360,647,359,1,2
360,674,385,3,0
360,684,359,1,2
360,688,359,1,2
361,625,386,3,0
361,635,386,3,0
361,647,360,1,2
361,674,386,3,0
361,684,360,1,2
361,688,360,1,2
362,625,387,3,0
362,635,387,3,0
362,684,361,1,2
362,688,361,1,2
363,635,388,3,0
363,684,362,1,2
366,635,391,3,0
366,684,367,2,1
366,688,367,2,1
367,625,392,3,0
367,635,392,3,0
367,647,368,2,1
367,684,368,2,1
367,688,368,2,1
368,625,393,3,0
368,632,369,2,1
368,635,393,3,0
368,647,369,2,1
368,674,393,3,0
368,684,369,2,1
368,688,369,2,1
369,625,394,3,0
369,632,370,2,1
369,635,394,3,0
369,647,370,2,1
369,674,394,3,0
369,684,370,2,1
369,688,370,2,1
370,625,395,3,0
370,632,371,2,1
370,635,395,3,0
370,647,371,2,1
370,674,395,3,0
370,684,371,2,1
370,688,371,2,1
371,632,396,3,0
371,635,396,3,0
371,647,346,0,3
371,674,396,3,0
371,688,346,0,3
372,625,371,1,2
372,632,397,3,0
372,635,371,1,2
372,647,347,0,3
372,674,371,1,2
372,684,397,3,0
372,688,347,0,3
373,625,372,1,2
373,632,398,3,0
373,635,372,1,2
373,647,348,0,3
373,674,372,1,2
373,684,398,3,0
373,688,348,0,3
374,625,373,1,2
374,635,373,1,2
374,647,349,0,3
374,684,399,3,0
374,688,349,0,3
375,635,399,3,2
375,684,400,2,0
375,688,350,0,2
378,635,379,2,1
378,684,403,3,0
379,625,380,2,1
379,635,380,2,1
379,684,404,3,0
379,688,354,0,3
380,625,381,2,1
380,635,381,2,1
380,647,355,0,3
380,674,381,2,1
380,684,405,3,0
380,688,355,0,3
381,625,382,2,1
381,632,406,3,0
381,635,382,2,1
381,647,356,0,3
381,674,382,2,1
381,684,406,3,0
381,688,356,0,3
382,625,383,2,1
382,632,407,3,0
382,635,383,2,1
382,647,357,0,3
382,674,383,2,1
382,684,407,3,0
382,688,357,0,3
383,625,384,2,1
383,632,408,3,0
383,635,408,3,0
383,647,358,0,3
383,674,408,3,0
383,684,408,3,0
383,688,358,0,3
384,625,385,2,1
384,632,383,1,2
384,635,409,3,0
384,647,383,1,2
384,674,409,3,0
384,684,383,1,2
384,688,383,1,2
385,625,386,2,1
385,632,384,1,2
385,635,410,3,0
385,647,384,1,2
385,674,410,3,0
385,684,384,1,2
385,688,384,1,2
386,625,387,2,1
386,635,411,3,0
386,647,385,1,2
386,674,411,3,0
386,684,385,1,2
386,688,385,1,2
387,625,625,4,0
387,635,412,3,0
387,684,386,1,2
387,688,386,1,2
388,635,413,3,0
388,684,387,1,2
391,635,416,3,0
391,684,392,2,1
391,688,392,2,1
392,625,391,1,2
392,635,417,3,0
392,647,393,2,1
392,684,393,2,1
392,688,393,2,1
393,625,392,1,2
393,632,394,2,1
393,635,418,3,0
393,647,394,2,1
393,674,418,3,0
393,684,394,2,1
393,688,394,2,1
394,625,393,1,2
394,632,395,2,1
394,635,419,3,0
394,647,395,2,1
394,674,419,3,0
394,684,395,2,1
394,688,395,2,1
395,625,394,1,2
395,632,396,2,1
395,635,420,3,0
395,647,396,2,1
395,674,420,3,0
395,684,396,2,1
395,688,396,2,1
396,625,395,1,2
396,632,421,3,0
396,635,421,3,0
396,647,371,0,3
396,674,421,3,0
396,684,421,3,0
396,688,371,0,3
397,625,396,1,2
397,632,422,3,0
397,635,396,1,2
397,647,372,0,3
397,674,396,1,2
397,684,422,3,0
397,688,372,0,3
398,625,397,1,2
398,632,423,3,0
398,635,397,1,2
398,647,373,0,3
398,674,397,1,2
398,684,423,3,0
398,688,373,0,3
399,625,398,1,2
399,635,398,1,2
399,647,374,0,3
399,684,424,3,0
399,688,374,0,3
400,635,424,3,2
400,684,425,2,0
400,688,375,0,2
403,635,404,2,1
403,684,428,3,0
404,625,405,2,1
404,635,405,2,1
404,684,429,3,0
404,688,379,0,3
405,625,406,2,1
405,635,406,2,1
405,647,380,0,3
405,674,406,2,1
405,684,430,3,0
405,688,380,0,3
406,625,407,2,1
406,632,431,3,0
406,635,407,2,1
406,647,381,0,3
406,674,407,2,1
406,684,431,3,0
406,688,381,0,3
407,625,408,2,1
407,632,432,3,0
407,635,408,2,1
407,647,382,0,3
407,674,408,2,1
407,684,432,3,0
407,688,382,0,3
408,625,383,0,3
408,635,433,3,0
408,647,383,0,3
408,674,433,3,0
408,684,433,3,0
408,688,383,0,3
408,706,433,3,0
409,625,384,0,3
409,632,408,1,2
409,635,434,3,0
409,647,408,1,2
409,674,434,3,0
409,684,408,1,2
409,688,408,1,2
410,625,385,0,3
410,632,409,1,2
410,635,435,3,0
410,647,409,1,2
410,674,435,3,0
410,684,409,1,2
410,688,409,1,2
411,625,386,0,3
411,635,436,3,0
411,647,410,1,2
411,674,436,3,0
411,684,410,1,2
411,688,410,1,2
412,625,387,0,3
412,635,437,3,0
412,684,411,1,2
412,688,411,1,2
413,635,438,3,0
413,684,412,1,2
416,635,441,3,0
416,684,417,2,1
416,688,417,2,1
417,625,392,0,3
417,635,442,3,0
417,647,418,2,1
417,684,418,2,1
417,688,418,2,1
418,625,393,0,3
418,632,419,2,1
418,635,443,3,0
418,647,419,2,1
418,674,443,3,0
418,684,419,2,1
418,688,419,2,1
419,625,394,0,3
419,632,420,2,1
419,635,444,3,0
419,647,420,2,1
419,674,444,3,0
419,684,420,2,1
419,688,420,2,1
420,625,395,0,3
420,632,421,2,1
420,635,445,3,0
420,647,421,2,1
420,674,445,3,0
420,684,421,2,1
420,688,421,2,1
421,625,396,0,3
421,635,446,3,0
421,647,396,0,3
421,674,446,3,0
421,684,446,3,0
421,688,396,0,3
422,625,421,1,2
422,632,447,3,0
422,635,421,1,2
422,647,397,0,3
422,674,421,1,2
422,684,447,3,0
422,688,397,0,3
423,625,422,1,2
423,632,448,3,0
423,635,422,1,2
423,647,398,0,3
423,674,422,1,2
423,684,448,3,0
423,688,398,0,3
424,625,423,1,2
424,635,423,1,2
424,647,399,0,3
424,684,449,3,0
424,688,399,0,3
425,635,449,3,2
425,684,450,2,0
425,688,400,0,2
428,635,429,2,1
428,684,453,3,0
429,625,430,2,1
429,635,430,2,1
429,684,454,3,0
429,688,404,0,3
430,625,431,2,1
430,635,431,2,1
430,647,405,0,3
430,674,431,2,1
430,684,455,3,0
430,688,405,0,3
431,625,432,2,1
431,632,456,3,0
431,635,432,2,1
431,647,406,0,3
431,674,432,2,1
431,684,456,3,0
431,688,406,0,3
432,625,433,2,1
432,632,457,3,0
432,635,433,2,1
432,647,407,0,3
432,674,433,2,1
432,684,457,3,0
432,688,407,0,3
433,625,408,0,3
433,635,458,3,0
433,647,408,0,3
433,674,458,3,0
433,684,458,3,0
434,625,409,0,3
434,632,433,1,2
434,635,459,3,0
434,647,433,1,2
434,674,459,3,0
434,684,433,1,2
434,688,433,1,2
435,625,410,0,3
435,632,434,1,2
435,635,460,3,0
435,647,434,1,2
435,674,460,3,0
435,684,434,1,2
435,688,434,1,2
436,625,411,0,3
436,635,461,3,0
436,647,435,1,2
436,674,461,3,0
436,684,435,1,2
436,688,435,1,2
437,625,412,0,3
437,635,462,3,0
437,684,436,1,2
437,688,436,1,2
438,635,463,3,0
438,684,437,1,2
441,635,466,3,0
441,684,442,2,1
441,688,442,2,1
442,625,417,0,3
442,635,467,3,0
442,647,443,2,1
442,684,443,2,1
442,688,443,2,1
443,625,418,0,3
443,632,444,2,1
443,635,468,3,0
443,647,444,2,1
443,674,468,3,0
443,684,444,2,1
443,688,444,2,1
444,625,419,0,3
444,632,445,2,1
444,635,469,3,0
444,647,445,2,1
444,674,469,3,0
444,684,445,2,1
444,688,445,2,1
445,625,420,0,3
445,632,446,2,1
445,635,470,3,0
445,647,446,2,1
445,674,470,3,0
445,684,446,2,1
445,688,446,2,1
446,625,421,0,3
446,635,471,3,0
446,647,421,0,3
446,674,471,3,0
446,684,471,3,0
447,625,446,1,2
447,632,472,3,0
447,635,446,1,2
447,647,422,0,3
447,674,446,1,2
447,684,472,3,0
447,688,422,0,3
448,625,447,1,2
448,632,473,3,0
448,635,447,1,2
448,647,423,0,3
448,674,447,1,2
448,684,473,3,0
448,688,423,0,3
449,625,448,1,2
449,635,448,1,2
449,647,424,0,3
449,684,474,3,0
449,688,424,0,3
450,635,474,3,2
450,684,475,2,0
450,688,475,2,0
453,635,454,2,1
453,684,478,3,0
454,625,455,2,1
454,635,455,2,1
454,684,479,3,0
454,688,479,3,0
455,625,456,2,1
455,635,456,2,1
455,647,430,0,3
455,674,456,2,1
455,684,480,3,0
455,688,480,3,0
456,625,457,2,1
456,632,481,3,0
456,635,457,2,1
456,647,431,0,3
456,674,457,2,1
456,684,481,3,0
456,688,481,3,0
457,625,458,2,1
457,632,482,3,0
457,635,458,2,1
457,647,432,0,3
457,674,458,2,1
457,684,482,3,0
457,688,482,3,0
458,625,433,0,3
458,635,483,3,0
458,647,433,0,3
458,674,483,3,0
458,684,483,3,0
458,688,483,3,0
459,625,434,0,3
459,632,458,1,2
459,635,484,3,0
459,647,458,1,2
459,674,484,3,0
459,684,458,1,2
459,688,458,1,2
460,625,435,0,3
460,632,459,1,2
460,635,485,3,0
460,647,459,1,2
460,674,485,3,0
460,684,459,1,2
460,688,459,1,2
461,625,436,0,3
461,635,486,3,0
461,647,460,1,2
461,674,486,3,0
461,684,460,1,2
461,688,460,1,2
462,625,437,0,3
462,635,487,3,0
462,684,461,1,2
462,688,461,1,2
463,635,488,3,0
463,684,462,1,2
466,635,491,3,0
466,684,467,2,1
466,688,467,2,1
467,625,442,0,3
467,635,492,3,0
467,647,468,2,1
467,684,468,2,1
467,688,468,2,1
468,625,443,0,3
468,632,469,2,1
468,635,493,3,0
468,647,469,2,1
468,674,493,3,0
468,684,469,2,1
468,688,469,2,1
469,625,444,0,3
469,632,470,2,1
469,635,494,3,0
469,647,470,2,1
469,674,494,3,0
469,684,470,2,1
469,688,470,2,1
470,625,445,0,3
470,632,471,2,1
470,635,495,3,0
470,647,471,2,1
470,674,495,3,0
470,684,471,2,1
470,688,471,2,1
471,625,446,0,3
471,635,496,3,0
471,647,446,0,3
471,674,496,3,0
471,684,496,3,0
471,688,496,3,0
472,625,471,1,2
472,632,497,3,0
472,635,471,1,2
472,647,447,0,3
472,674,471,1,2
472,684,497,3,0
472,688,497,3,0
473,625,472,1,2
473,632,498,3,0
473,635,472,1,2
473,647,448,0,3
473,674,472,1,2
473,684,498,3,0
473,688,498,3,0
474,625,473,1,2
474,635,473,1,2
474,647,449,0,3
474,684,499,3,0
474,688,499,3,0
475,635,499,3,2
475,684,500,2,0
475,688,500,2,0
478,635,479,2,1
478,684,503,3,0
479,625,480,2,1
479,635,480,2,1
479,684,504,3,0
479,688,504,3,0
480,625,481,2,1
480,635,481,2,1
480,647,455,0,3
480,674,481,2,1
480,684,505,3,0
480,688,505,3,0
481,625,482,2,1
481,632,506,3,0
481,635,482,2,1
481,647,456,0,3
481,674,482,2,1
481,684,506,3,0
481,688,506,3,0
482,625,483,2,1
482,632,507,3,0
482,635,483,2,1
482,647,457,0,3
482,674,483,2,1
482,684,507,3,0
482,688,507,3,0
483,625,458,0,3
483,635,508,3,0
483,647,458,0,3
483,674,508,3,0
483,684,508,3,0
483,688,508,3,0
484,625,459,0,3
484,632,483,1,2
484,635,509,3,0
484,647,483,1,2
484,674,509,3,0
484,684,483,1,2
484,688,483,1,2
485,625,460,0,3
485,632,484,1,2
485,635,510,3,0
485,647,484,1,2
485,674,510,3,0
485,684,484,1,2
485,688,484,1,2
486,625,461,0,3
486,635,511,3,0
486,647,485,1,2
486,674,511,3,0
486,684,485,1,2
486,688,485,1,2
487,625,462,0,3
487,635,512,3,0
487,684,486,1,2
487,688,486,1,2
488,635,513,3,0
488,684,487,1,2
491,635,516,3,0
491,684,492,2,1
491,688,492,2,1
492,625,467,0,3
492,635,517,3,0
492,647,493,2,1
492,684,493,2,1
492,688,493,2,1
493,625,468,0,3
493,632,494,2,1
493,635,518,3,0
493,647,494,2,1
493,674,518,3,0
493,684,494,2,1
493,688,494,2,1
494,625,469,0,3
494,632,495,2,1
494,635,519,3,0
494,647,495,2,1
494,674,519,3,0
494,684,495,2,1
494,688,495,2,1
495,625,470,0,3
495,632,496,2,1
495,635,520,3,0
495,647,496,2,1
495,674,520,3,0
495,684,496,2,1
495,688,496,2,1
496,625,471,0,3
496,635,521,3,0
496,647,471,0,3
496,674,521,3,0
496,684,521,3,0
496,688,521,3,0
497,625,496,1,2
497,632,522,3,0
497,635,496,1,2
497,647,472,0,3
497,674,496,1,2
497,684,522,3,0
497,688,522,3,0
498,625,497,1,2
498,632,523,3,0
498,635,497,1,2
498,647,473,0,3
498,674,497,1,2
498,684,523,3,0
498,688,523,3,0
499,625,498,1,2
499,635,498,1,2
499,647,474,0,3
499,684,524,3,0
499,688,524,3,0
500,635,524,3,2
500,684,525,2,0
500,688,525,2,0
503,635,504,2,1
503,684,528,3,0
504,625,505,2,1
504,635,505,2,1
504,684,529,3,0
504,688,529,3,0
505,625,506,2,1
505,635,506,2,1
505,647,480,0,3
505,674,506,2,1
505,684,530,3,0
505,688,530,3,0
506,625,507,2,1
506,632,531,3,0
506,635,507,2,1
506,647,481,0,3
506,674,507,2,1
506,684,531,3,0
506,688,531,3,0
507,625,508,2,1
507,632,532,3,0
507,635,508,2,1
507,647,482,0,3
507,674,508,2,1
507,684,532,3,0
507,688,532,3,0
508,625,483,0,3
508,635,533,3,0
508,647,483,0,3
508,684,533,3,0
508,688,533,3,0
509,625,484,0,3
509,632,508,1,2
509,635,534,3,0
509,647,508,1,2
509,674,534,3,0
509,684,508,1,2
509,688,508,1,2
510,625,485,0,3
510,632,509,1,2
510,635,535,3,0
510,647,509,1,2
510,674,535,3,0
510,684,509,1,2
510,688,509,1,2
511,625,486,0,3
511,635,536,3,0
511,647,510,1,2
511,674,536,3,0
511,684,510,1,2
511,688,510,1,2
512,625,487,0,3
512,635,537,3,0
512,684,511,1,2
512,688,511,1,2
513,635,538,3,0
513,684,512,1,2
516,635,541,3,0
516,684,517,2,1
516,688,517,2,1
517,625,492,0,3
517,635,542,3,0
517,647,518,2,1
517,684,518,2,1
517,688,518,2,1
518,625,493,0,3
518,632,519,2,1
518,635,543,3,0
518,647,519,2,1
518,674,543,3,0
518,684,519,2,1
518,688,519,2,1
519,625,494,0,3
519,632,520,2,1
519,635,544,3,0
519,647,520,2,1
519,674,544,3,0
519,684,520,2,1
519,688,520,2,1
520,625,495,0,3
520,632,521,2,1
520,635,545,3,0
520,647,521,2,1
520,674,545,3,0
520,684,521,2,1
520,688,521,2,1
521,625,496,0,3
521,635,546,3,0
521,647,496,0,3
521,684,546,3,0
521,688,546,3,0
522,625,521,1,2
522,632,547,3,0
522,635,521,1,2
522,647,497,0,3
522,674,521,1,2
522,684,547,3,0
522,688,547,3,0
523,625,522,1,2
523,632,548,3,0
523,635,522,1,2
523,647,498,0,3
523,674,522,1,2
523,684,548,3,0
523,688,548,3,0
524,625,523,1,2
524,635,523,1,2
524,647,499,0,3
524,684,549,3,0
524,688,549,3,0
525,635,549,3,2
525,684,550,2,0
525,688,550,2,0
528,635,529,2,1
528,684,553,3,0
529,625,530,2,1
529,635,530,2,1
529,684,554,3,0
529,688,554,3,0
530,625,531,2,1
530,635,531,2,1
530,647,505,0,3
530,674,531,2,1
530,684,555,3,0
530,688,555,3,0
531,625,532,2,1
531,632,530,1,2
531,635,532,2,1
531,647,506,0,3
531,674,532,2,1
531,684,556,3,0
531,688,556,3,0
532,625,533,2,1
532,632,531,1,2
532,635,533,2,1
532,647,507,0,3
532,674,533,2,1
532,684,557,3,0
532,688,557,3,0
533,625,508,0,3
533,632,532,1,2
533,647,508,0,3
533,684,558,3,0
533,688,558,3,0
534,625,509,0,3
534,632,533,1,2
534,635,559,3,0
534,647,533,1,2
534,674,559,3,0
534,684,533,1,2
534,688,533,1,2
535,625,510,0,3
535,632,534,1,2
535,635,560,3,0
535,647,534,1,2
535,674,560,3,0
535,684,534,1,2
535,688,534,1,2
536,625,511,0,3
536,635,561,3,0
536,647,535,1,2
536,674,561,3,0
536,684,535,1,2
536,688,535,1,2
537,625,512,0,3
537,635,562,3,0
537,684,536,1,2
537,688,536,1,2
538,635,563,3,0
538,684,537,1,2
541,635,566,3,0
541,684,542,2,1
541,688,542,2,1
542,625,517,0,3
542,635,567,3,0
542,647,543,2,1
542,684,543,2,1
542,688,543,2,1
543,625,518,0,3
543,632,544,2,1
543,635,568,3,0
543,647,544,2,1
543,674,568,3,0
543,684,544,2,1
543,688,544,2,1
544,625,519,0,3
544,632,545,2,1
544,635,569,3,0
544,647,545,2,1
544,674,569,3,0
544,684,545,2,1
544,688,545,2,1
545,625,520,0,3
545,632,546,2,1
545,635,570,3,0
545,647,546,2,1
545,674,570,3,0
545,684,546,2,1
545,688,546,2,1
546,625,521,0,3
546,632,547,2,1
546,647,521,0,3
546,684,571,3,0
546,688,571,3,0
547,625,546,1,2
547,632,548,2,1
547,635,546,1,2
547,647,522,0,3
547,674,546,1,2
547,684,572,3,0
547,688,572,3,0
548,625,547,1,2
548,632,632,11,0
548,635,547,1,2
548,647,523,0,3
548,674,547,1,2
548,684,573,3,0
548,688,573,3,0
549,625,548,1,2
549,635,548,1,2
549,647,524,0,3
549,684,574,3,0
549,688,574,3,0
550,635,574,3,2
550,684,575,2,0
550,688,575,2,0
553,635,554,2,1
553,684,578,3,0
554,625,555,2,1
554,635,555,2,1
554,684,579,3,0
554,688,579,3,0
555,625,556,2,1
555,635,556,2,1
555,647,530,0,3
555,674,556,2,1
555,684,580,3,0
555,688,580,3,0
556,625,557,2,1
556,632,531,0,3
556,635,557,2,1
556,647,531,0,3
556,674,557,2,1
556,684,581,3,0
556,688,581,3,0
557,625,558,2,1
557,632,532,0,3
557,635,558,2,1
557,647,532,0,3
557,674,558,2,1
557,684,582,3,0
557,688,582,3,0
558,625,533,0,3
558,632,533,0,3
558,635,559,2,1
558,684,583,3,0
558,688,583,3,0
559,625,534,0,3
559,632,558,1,2
559,635,560,2,1
559,647,558,1,2
559,674,584,3,0
559,684,558,1,2
559,688,558,1,2
560,625,535,0,3
560,632,559,1,2
560,635,561,2,1
560,647,559,1,2
560,674,585,3,0
560,684,559,1,2
560,688,559,1,2
561,625,536,0,3
561,635,562,2,1
561,647,560,1,2
561,674,586,3,0
561,684,560,1,2
561,688,560,1,2
562,625,537,0,3
562,635,563,2,1
562,684,561,1,2
562,688,561,1,2
563,635,635,14,0
563,684,562,1,2
566,635,565,1,2
566,684,567,2,1
566,688,567,2,1
567,625,542,0,3
567,635,566,1,2
567,647,568,2,1
567,684,568,2,1
567,688,568,2,1
568,625,543,0,3
568,632,569,2,1
568,635,567,1,2
568,647,569,2,1
568,674,593,3,0
568,684,569,2,1
568,688,569,2,1
569,625,544,0,3
569,632,570,2,1
569,635,568,1,2
569,647,570,2,1
569,674,594,3,0
569,684,570,2,1
569,688,570,2,1
570,625,545,0,3
570,632,571,2,1
570,635,569,1,2
570,647,571,2,1
570,674,595,3,0
570,684,571,2,1
570,688,571,2,1
571,625,546,0,3
571,632,546,0,3
571,635,570,1,2
571,684,596,3,0
571,688,596,3,0
572,625,571,1,2
572,632,547,0,3
572,635,571,1,2
572,647,547,0,3
572,674,571,1,2
572,684,597,3,0
572,688,597,3,0
573,625,572,1,2
573,632,548,0,3
573,635,572,1,2
573,647,548,0,3
573,674,572,1,2
573,684,598,3,0
573,688,598,3,0
574,625,573,1,2
574,635,573,1,2
574,647,549,0,3
574,684,599,3,0
574,688,599,3,0
575,635,599,3,2
575,684,600,2,0
575,688,600,2,0
578,635,579,2,1
578,684,603,3,0
579,625,580,2,1
579,635,580,2,1
579,684,604,3,0
579,688,604,3,0
580,625,581,2,1
580,635,581,2,1
580,647,555,0,3
580,674,581,2,1
580,684,605,3,0
580,688,605,3,0
581,625,582,2,1
581,632,556,0,3
581,635,582,2,1
581,647,556,0,3
581,674,582,2,1
581,684,606,3,0
581,688,606,3,0
582,625,583,2,1
582,632,557,0,3
582,635,583,2,1
582,647,557,0,3
582,674,583,2,1
582,684,607,3,0
582,688,607,3,0
583,625,558,0,3
583,632,558,0,3
583,635,558,0,3
583,684,608,3,0
583,688,608,3,0
584,625,559,0,3
584,632,583,1,2
584,635,559,0,3
584,647,583,1,2
584,674,609,3,0
584,684,583,1,2
584,688,583,1,2
585,625,560,0,3
585,632,584,1,2
585,635,560,0,3
585,647,584,1,2
585,674,610,3,0
585,684,584,1,2
585,688,584,1,2
586,625,561,0,3
586,635,561,0,3
586,647,585,1,2
586,674,611,3,0
586,684,585,1,2
586,688,585,1,2
587,625,562,0,3
587,635,562,0,3
587,684,586,1,2
587,688,586,1,2
588,635,563,0,3
588,684,587,1,2
591,635,566,0,3
591,684,592,2,1
591,688,592,2,1
592,625,567,0,3
592,635,567,0,3
592,647,593,2,1
592,684,593,2,1
592,688,593,2,1
593,625,568,0,3
593,632,594,2,1
593,635,568,0,3
593,647,594,2,1
593,674,618,3,0
593,684,594,2,1
593,688,594,2,1
594,625,569,0,3
594,632,595,2,1
594,635,569,0,3
594,647,595,2,1
594,674,619,3,0
594,684,595,2,1
594,688,595,2,1
595,625,570,0,3
595,632,596,2,1
595,635,570,0,3
595,647,596,2,1
595,674,620,3,0
595,684,596,2,1
595,688,596,2,1
596,625,571,0,3
596,632,571,0,3
596,635,571,0,3
596,684,621,3,0
596,688,621,3,0
597,625,596,1,2
597,632,572,0,3
597,635,596,1,2
597,647,572,0,3
597,674,596,1,2
597,684,622,3,0
597,688,622,3,0
598,625,597,1,2
598,632,573,0,3
598,635,597,1,2
598,647,573,0,3
598,674,597,1,2
598,684,623,3,0
598,688,623,3,0
599,625,598,1,2
599,635,598,1,2
599,647,574,0,3
599,684,624,3,0
599,688,624,3,0
600,635,624,3,2
600,684,0,2,3
600,688,0,2,3
603,635,604,2,1
603,684,3,3,3
604,625,605,2,1
604,635,605,2,1
604,684,4,3,3
604,688,4,3,3
605,625,606,2,1
605,635,606,2,1
605,647,580,0,3
605,674,606,2,1
605,684,5,3,3
605,688,5,3,3
606,625,607,2,1
606,632,581,0,3
606,635,607,2,1
606,647,581,0,3
606,674,607,2,1
606,684,6,3,3
606,688,6,3,3
607,625,608,2,1
607,632,582,0,3
607,635,608,2,1
607,647,582,0,3
607,674,608,2,1
607,684,7,3,3
607,688,7,3,3
608,625,583,0,3
608,632,583,0,3
608,635,583,0,3
608,674,609,2,1
608,684,8,3,3
608,688,8,3,3
609,625,584,0,3
609,632,608,1,2
609,635,584,0,3
609,647,608,1,2
609,674,610,2,1
609,684,608,1,2
609,688,608,1,2
610,625,585,0,3
610,632,609,1,2
610,635,585,0,3
610,647,609,1,2
610,674,611,2,1
610,684,609,1,2
610,688,609,1,2
611,625,586,0,3
611,635,586,0,3
611,647,610,1,2
611,674,674,53,0
611,684,610,1,2
611,688,610,1,2
612,625,587,0,3
612,635,587,0,3
612,684,611,1,2
612,688,611,1,2
613,635,588,0,3
613,684,612,1,2
616,635,591,0,3
616,684,617,2,1
616,688,617,2,1
617,625,592,0,3
617,635,592,0,3
617,647,618,2,1
617,684,618,2,1
617,688,618,2,1
618,625,593,0,3
618,632,619,2,1
618,635,593,0,3
618,647,619,2,1
618,674,617,1,2
618,684,619,2,1
618,688,619,2,1
619,625,594,0,3
619,632,620,2,1
619,635,594,0,3
619,647,620,2,1
619,674,618,1,2
619,684,620,2,1
619,688,620,2,1
620,625,595,0,3
620,632,621,2,1
620,635,595,0,3
620,647,621,2,1
620,674,619,1,2
620,684,621,2,1
620,688,621,2,1
621,625,596,0,3
621,632,596,0,3
621,635,596,0,3
621,674,620,1,2
621,684,21,3,3
621,688,21,3,3
622,625,621,1,2
622,632,597,0,3
622,635,621,1,2
622,647,597,0,3
622,674,621,1,2
622,684,22,3,3
622,688,22,3,3
623,625,622,1,2
623,632,598,0,3
623,635,622,1,2
623,647,598,0,3
623,674,622,1,2
623,684,23,3,3
623,688,23,3,3
624,625,623,1,2
624,635,623,1,2
624,647,599,0,3
624,684,24,3,3
624,688,24,3,3
625,626,387,0,4
625,627,387,0,4
625,628,387,0,4
625,629,387,0,4
625,630,387,0,4
625,631,387,0,4
625,632,387,0,4
625,633,387,0,4
625,634,387,0,4
625,635,387,0,4
625,636,387,0,4
625,637,387,0,4
625,638,387,0,4
625,639,387,0,4
625,640,387,0,4
625,641,387,0,4
625,642,387,0,4
625,643,387,0,4
625,644,387,0,4
625,645,387,0,4
625,646,387,0,4
625,647,387,0,4
625,648,387,0,4
625,649,387,0,4
625,650,387,0,4
625,651,387,0,4
625,652,387,0,4
625,653,387,0,4
625,654,387,0,4
625,655,387,0,4
625,656,387,0,4
625,657,387,0,4
625,658,387,0,4
625,659,387,0,4
625,660,387,0,4
625,661,387,0,4
625,662,387,0,4
625,663,387,0,4
625,664,387,0,4
625,665,387,0,4
625,666,387,0,4
625,667,387,0,4
625,668,387,0,4
625,669,387,0,4
625,670,387,0,4
625,671,387,0,4
625,672,387,0,4
625,673,387,0,4
625,674,387,0,4
625,675,387,0,4
625,676,387,0,4
625,677,387,0,4
625,678,387,0,4
625,679,387,0,4
625,680,387,0,4
625,681,387,0,4
625,682,387,0,4
625,683,387,0,4
625,684,387,0,4
625,685,387,0,4
625,686,387,0,4
625,687,387,0,4
625,688,387,0,4
625,689,387,0,4
625,690,387,0,4
625,691,387,0,4
625,692,387,0,4
625,693,387,0,4
625,694,387,0,4
625,695,387,0,4
625,696,387,0,4
625,697,387,0,4
625,698,387,0,4
625,699,387,0,4
625,700,387,0,4
625,701,387,0,4
625,702,387,0,4
625,703,387,0,4
625,704,387,0,4
625,705,387,0,4
625,706,387,0,4
625,707,387,0,4
625,708,387,0,4
625,709,387,0,4
625,710,387,0,4
625,711,387,0,4
625,712,387,0,4
625,713,387,0,4
625,714,387,0,4
625,715,387,0,4
625,716,387,0,4
625,717,387,0,4
625,718,387,0,4
625,719,387,0,4
625,720,387,0,4
625,721,387,0,4
625,722,387,0,4
625,723,387,0,4
625,724,387,0,4
632,625,548,0,11
632,626,548,0,11
632,627,548,0,11
632,628,548,0,11
632,629,548,0,11
632,630,548,0,11
632,631,548,0,11
632,633,548,0,11
632,634,548,0,11
632,635,548,0,11
632,636,548,0,11
632,637,548,0,11
632,638,548,0,11
632,639,548,0,11
632,640,548,0,11
632,641,548,0,11
632,642,548,0,11
632,643,548,0,11
632,644,548,0,11
632,645,548,0,11
632,646,548,0,11
632,647,548,0,11
632,648,548,0,11
632,649,548,0,11
632,650,548,0,11
632,651,548,0,11
632,652,548,0,11
632,653,548,0,11
632,654,548,0,11
632,655,548,0,11
632,656,548,0,11
632,657,548,0,11
632,658,548,0,11
632,659,548,0,11
632,660,548,0,11
632,661,548,0,11
632,662,548,0,11
632,663,548,0,11
632,664,548,0,11
632,665,548,0,11
632,666,548,0,11
632,667,548,0,11
632,668,548,0,11
632,669,548,0,11
632,670,548,0,11
632,671,548,0,11
632,672,548,0,11
632,673,548,0,11
632,674,548,0,11
632,675,548,0,11
632,676,548,0,11
632,677,548,0,11
632,678,548,0,11
632,679,548,0,11
632,680,548,0,11
632,681,548,0,11
632,682,548,0,11
632,683,548,0,11
632,684,548,0,11
632,685,548,0,11
632,686,548,0,11
632,687,548,0,11
632,688,548,0,11
632,689,548,0,11
632,690,548,0,11
632,691,548,0,11
632,692,548,0,11
632,693,548,0,11
632,694,548,0,11
632,695,548,0,11
632,696,548,0,11
632,697,548,0,11
632,698,548,0,11
632,699,548,0,11
632,700,548,0,11
632,701,548,0,11
632,702,548,0,11
632,703,548,0,11
632,704,548,0,11
632,705,548,0,11
632,706,548,0,11
632,707,548,0,11
632,708,548,0,11
632,709,548,0,11
632,710,548,0,11
632,711,548,0,11
632,712,548,0,11
632,713,548,0,11
632,714,548,0,11
632,715,548,0,11
632,716,548,0,11
632,717,548,0,11
632,718,548,0,11
632,719,548,0,11
632,720,548,0,11
632,721,548,0,11
632,722,548,0,11
632,723,548,0,11
632,724,548,0,11
635,625,563,0,14
635,626,563,0,14
635,627,563,0,14
635,628,563,0,14
635,629,563,0,14
635,630,563,0,14
635,631,563,0,14
635,632,563,0,14
635,633,563,0,14
635,634,563,0,14
635,636,563,0,14
635,637,563,0,14
635,638,563,0,14
635,639,563,0,14
635,640,563,0,14
635,641,563,0,14
635,642,563,0,14
635,643,563,0,14
635,644,563,0,14
635,645,563,0,14
635,646,563,0,14
635,647,563,0,14
635,648,563,0,14
635,649,563,0,14
635,650,563,0,14
635,651,563,0,14
635,652,563,0,14
635,653,563,0,14
635,654,563,0,14
635,655,563,0,14
635,656,563,0,14
635,657,563,0,14
635,658,563,0,14
635,659,563,0,14
635,660,563,0,14
635,661,563,0,14
635,662,563,0,14
635,663,563,0,14
635,664,563,0,14
635,665,563,0,14
635,666,563,0,14
635,667,563,0,14
635,668,563,0,14
635,669,563,0,14
635,670,563,0,14
635,671,563,0,14
635,672,563,0,14
635,673,563,0,14
635,674,563,0,14
635,675,563,0,14
635,676,563,0,14
635,677,563,0,14
635,678,563,0,14
635,679,563,0,14
635,680,563,0,14
635,681,563,0,14
635,682,563,0,14
635,683,563,0,14
635,684,563,0,14
635,685,563,0,14
635,686,563,0,14
635,687,563,0,14
635,688,563,0,14
635,689,563,0,14
635,690,563,0,14
635,691,563,0,14
635,692,563,0,14
635,693,563,0,14
635,694,563,0,14
635,695,563,0,14
635,696,563,0,14
635,697,563,0,14
635,698,563,0,14
635,699,563,0,14
635,700,563,0,14
635,701,563,0,14
635,702,563,0,14
635,703,563,0,14
635,704,563,0,14
635,705,563,0,14
635,706,563,0,14
635,707,563,0,14
635,708,563,0,14
635,709,563,0,14
635,710,563,0,14
635,711,563,0,14
635,712,563,0,14
635,713,563,0,14
635,714,563,0,14
635,715,563,0,14
635,716,563,0,14
635,717,563,0,14
635,718,563,0,14
635,719,563,0,14
635,720,563,0,14
635,721,563,0,14
635,722,563,0,14
635,723,563,0,14
635,724,563,0,14
647,625,324,0,26
647,626,324,0,26
647,627,324,0,26
647,628,324,0,26
647,629,324,0,26
647,630,324,0,26
647,631,324,0,26
647,632,324,0,26
647,633,324,0,26
647,634,324,0,26
647,635,324,0,26
647,636,324,0,26
647,637,324,0,26
647,638,324,0,26
647,639,324,0,26
647,640,324,0,26
647,641,324,0,26
647,642,324,0,26
647,643,324,0,26
647,644,324,0,26
647,645,324,0,26
647,646,324,0,26
647,648,324,0,26
647,649,324,0,26
647,650,324,0,26
647,651,324,0,26
647,652,324,0,26
647,653,324,0,26
647,654,324,0,26
647,655,324,0,26
647,656,324,0,26
647,657,324,0,26
647,658,324,0,26
647,659,324,0,26
647,660,324,0,26
647,661,324,0,26
647,662,324,0,26
647,663,324,0,26
647,664,324,0,26
647,665,324,0,26
647,666,324,0,26
647,667,324,0,26
647,668,324,0,26
647,669,324,0,26
647,670,324,0,26
647,671,324,0,26
647,672,324,0,26
647,673,324,0,26
647,674,324,0,26
647,675,324,0,26
647,676,324,0,26
647,677,324,0,26
647,678,324,0,26
647,679,324,0,26
647,680,324,0,26
647,681,324,0,26
647,682,324,0,26
647,683,324,0,26
647,684,324,0,26
647,685,324,0,26
647,686,324,0,26
647,687,324,0,26
647,688,324,0,26
647,689,324,0,26
647,690,324,0,26
647,691,324,0,26
647,692,324,0,26
647,693,324,0,26
647,694,324,0,26
647,695,324,0,26
647,696,324,0,26
647,697,324,0,26
647,698,324,0,26
647,699,324,0,26
647,700,324,0,26
647,701,324,0,26
647,702,324,0,26
647,703,324,0,26
647,704,324,0,26
647,705,324,0,26
647,706,324,0,26
647,707,324,0,26
647,708,324,0,26
647,709,324,0,26
647,710,324,0,26
647,711,324,0,26
647,712,324,0,26
647,713,324,0,26
647,714,324,0,26
647,715,324,0,26
647,716,324,0,26
647,717,324,0,26
647,718,324,0,26
647,719,324,0,26
647,720,324,0,26
647,721,324,0,26
647,722,324,0,26
647,723,324,0,26
647,724,324,0,26
674,625,611,0,53
674,626,611,0,53
674,627,611,0,53
674,628,611,0,53
674,629,611,0,53
674,630,611,0,53
674,631,611,0,53
674,632,611,0,53
674,633,611,0,53
674,634,611,0,53
674,635,611,0,53
674,636,611,0,53
674,637,611,0,53
674,638,611,0,53
674,639,611,0,53
674,640,611,0,53
674,641,611,0,53
674,642,611,0,53
674,643,611,0,53
674,644,611,0,53
674,645,611,0,53
674,646,611,0,53
674,647,611,0,53
674,648,611,0,53
674,649,611,0,53
674,650,611,0,53
674,651,611,0,53
674,652,611,0,53
674,653,611,0,53
674,654,611,0,53
674,655,611,0,53
674,656,611,0,53
674,657,611,0,53
674,658,611,0,53
674,659,611,0,53
674,660,611,0,53
674,661,611,0,53
674,662,611,0,53
674,663,611,0,53
674,664,611,0,53
674,665,611,0,53
674,666,611,0,53
674,667,611,0,53
674,668,611,0,53
674,669,611,0,53
674,670,611,0,53
674,671,611,0,53
674,672,611,0,53
674,673,611,0,53
674,675,611,0,53
674,676,611,0,53
674,677,611,0,53
674,678,611,0,53
674,679,611,0,53
674,680,611,0,53
674,681,611,0,53
674,682,611,0,53
674,683,611,0,53
674,684,611,0,53
674,685,611,0,53
674,686,611,0,53
674,687,611,0,53
674,688,611,0,53
674,689,611,0,53
674,690,611,0,53
674,691,611,0,53
674,692,611,0,53
674,693,611,0,53
674,694,611,0,53
674,695,611,0,53
674,696,611,0,53
674,697,611,0,53
674,698,611,0,53
674,699,611,0,53
674,700,611,0,53
674,701,611,0,53
674,702,611,0,53
674,703,611,0,53
674,704,611,0,53
674,705,611,0,53
674,706,611,0,53
674,707,611,0,53
674,708,611,0,53
674,709,611,0,53
674,710,611,0,53
674,711,611,0,53
674,712,611,0,53
674,713,611,0,53
674,714,611,0,53
674,715,611,0,53
674,716,611,0,53
674,717,611,0,53
674,718,611,0,53
674,719,611,0,53
674,720,611,0,53
674,721,611,0,53
674,722,611,0,53
674,723,611,0,53
674,724,611,0,53
684,625,28,0,63
684,626,28,0,63
684,627,28,0,63
684,628,28,0,63
684,629,28,0,63
684,630,28,0,63
684,631,28,0,63
684,632,28,0,63
684,633,28,0,63
684,634,28,0,63
684,635,28,0,63
684,636,28,0,63
684,637,28,0,63
684,638,28,0,63
684,639,28,0,63
684,640,28,0,63
684,641,28,0,63
684,642,28,0,63
684,643,28,0,63
684,644,28,0,63
684,645,28,0,63
684,646,28,0,63
684,647,28,0,63
684,648,28,0,63
684,649,28,0,63
684,650,28,0,63
684,651,28,0,63
684,652,28,0,63
684,653,28,0,63
684,654,28,0,63
684,655,28,0,63
684,656,28,0,63
684,657,28,0,63
684,658,28,0,63
684,659,28,0,63
684,660,28,0,63
684,661,28,0,63
684,662,28,0,63
684,663,28,0,63
684,664,28,0,63
684,665,28,0,63
684,666,28,0,63
684,667,28,0,63
684,668,28,0,63
684,669,28,0,63
684,670,28,0,63
684,671,28,0,63
684,672,28,0,63
684,673,28,0,63
684,674,28,0,63
684,675,28,0,63
684,676,28,0,63
684,677,28,0,63
684,678,28,0,63
684,679,28,0,63
684,680,28,0,63
684,681,28,0,63
684,682,28,0,63
684,683,28,0,63
684,685,28,0,63
684,686,28,0,63
684,687,28,0,63
684,688,28,0,63
684,689,28,0,63
684,690,28,0,63
684,691,28,0,63
684,692,28,0,63
684,693,28,0,63
684,694,28,0,63
684,695,28,0,63
684,696,28,0,63
684,697,28,0,63
684,698,28,0,63
684,699,28,0,63
684,700,28,0,63
684,701,28,0,63
684,702,28,0,63
684,703,28,0,63
684,704,28,0,63
684,705,28,0,63
684,706,28,0,63
684,707,28,0,63
684,708,28,0,63
684,709,28,0,63
684,710,28,0,63
684,711,28,0,63
684,712,28,0,63
684,713,28,0,63
684,714,28,0,63
684,715,28,0,63
684,716,28,0,63
684,717,28,0,63
684,718,28,0,63
684,719,28,0,63
684,720,28,0,63
684,721,28,0,63
684,722,28,0,63
684,723,28,0,63
684,724,28,0,63
688,625,125,0,67
688,626,125,0,67
688,627,125,0,67
688,628,125,0,67
688,629,125,0,67
688,630,125,0,67
688,631,125,0,67
688,632,125,0,67
688,633,125,0,67
688,634,125,0,67
688,635,125,0,67
688,636,125,0,67
688,637,125,0,67
688,638,125,0,67
688,639,125,0,67
688,640,125,0,67
688,641,125,0,67
688,642,125,0,67
688,643,125,0,67
688,644,125,0,67
688,645,125,0,67
688,646,125,0,67
688,647,125,0,67
688,648,125,0,67
688,649,125,0,67
688,650,125,0,67
688,651,125,0,67
688,652,125,0,67
688,653,125,0,67
688,654,125,0,67
688,655,125,0,67
688,656,125,0,67
688,657,125,0,67
688,658,125,0,67
688,659,125,0,67
688,660,125,0,67
688,661,125,0,67
688,662,125,0,67
688,663,125,0,67
688,664,125,0,67
688,665,125,0,67
688,666,125,0,67
688,667,125,0,67
688,668,125,0,67
688,669,125,0,67
688,670,125,0,67
688,671,125,0,67
688,672,125,0,67
688,673,125,0,67
688,674,125,0,67
688,675,125,0,67
688,676,125,0,67
688,677,125,0,67
688,678,125,0,67
688,679,125,0,67
688,680,125,0,67
688,681,125,0,67
688,682,125,0,67
688,683,125,0,67
688,684,125,0,67
688,685,125,0,67
688,686,125,0,67
688,687,125,0,67
688,689,125,0,67
688,690,125,0,67
688,691,125,0,67
688,692,125,0,67
688,693,125,0,67
688,694,125,0,67
688,695,125,0,67
688,696,125,0,67
688,697,125,0,67
688,698,125,0,67
688,699,125,0,67
688,700,125,0,67
688,701,125,0,67
688,702,125,0,67
688,703,125,0,67
688,704,125,0,67
688,705,125,0,67
688,706,125,0,67
688,707,125,0,67
688,708,125,0,67
688,709,125,0,67
688,710,125,0,67
688,711,125,0,67
688,712,125,0,67
688,713,125,0,67
688,714,125,0,67
688,715,125,0,67
688,716,125,0,67
688,717,125,0,67
688,718,125,0,67
688,719,125,0,67
688,720,125,0,67
688,721,125,0,67
688,722,125,0,67
688,723,125,0,67
688,724,125,0,67
706,625,83,0,85
706,626,83,0,85
706,627,83,0,85
706,628,83,0,85
706,629,83,0,85
706,630,83,0,85
706,631,83,0,85
706,632,83,0,85
706,633,83,0,85
706,634,83,0,85
706,635,83,0,85
706,636,83,0,85
706,637,83,0,85
706,638,83,0,85
706,639,83,0,85
706,640,83,0,85
706,641,83,0,85
706,642,83,0,85
706,643,83,0,85
706,644,83,0,85
706,645,83,0,85
706,646,83,0,85
706,647,83,0,85
706,648,83,0,85
706,649,83,0,85
706,650,83,0,85
706,651,83,0,85
706,652,83,0,85
706,653,83,0,85
706,654,83,0,85
706,655,83,0,85
706,656,83,0,85
706,657,83,0,85
706,658,83,0,85
706,659,83,0,85
706,660,83,0,85
706,661,83,0,85
706,662,83,0,85
706,663,83,0,85
706,664,83,0,85
706,665,83,0,85
706,666,83,0,85
706,667,83,0,85
706,668,83,0,85
706,669,83,0,85
706,670,83,0,85
706,671,83,0,85
706,672,83,0,85
706,673,83,0,85
706,674,83,0,85
706,675,83,0,85
706,676,83,0,85
706,677,83,0,85
706,678,83,0,85
706,679,83,0,85
706,680,83,0,85
706,681,83,0,85
706,682,83,0,85
706,683,83,0,85
706,684,83,0,85
706,685,83,0,85
706,686,83,0,85
706,687,83,0,85
706,688,83,0,85
706,689,83,0,85
706,690,83,0,85
706,691,83,0,85
706,692,83,0,85
706,693,83,0,85
706,694,83,0,85
706,695,83,0,85
706,696,83,0,85
706,697,83,0,85
706,698,83,0,85
706,699,83,0,85
706,700,83,0,85
706,701,83,0,85
706,702,83,0,85
706,703,83,0,85
706,704,83,0,85
706,705,83,0,85
706,707,83,0,85
706,708,83,0,85
706,709,83,0,85
706,710,83,0,85
706,711,83,0,85
706,712,83,0,85
706,713,83,0,85
706,714,83,0,85
706,715,83,0,85
706,716,83,0,85
706,717,83,0,85
706,718,83,0,85
706,719,83,0,85
706,720,83,0,85
706,721,83,0,85
706,722,83,0,85
706,723,83,0,85
706,724,83,0,85
