1,630,26,2,0
1,631,631,10,0
2,630,27,2,0
2,631,1,0,1
2,637,602,3,3
2,654,1,0,1
3,630,28,2,0
3,631,2,0,1
3,633,4,1,0
3,637,603,3,3
3,644,603,3,3
3,696,4,1,0
4,630,29,2,0
4,631,3,0,1
4,633,5,1,0
4,637,604,3,3
4,644,604,3,3
4,694,5,1,0
4,696,5,1,0
5,630,30,2,0
5,631,4,0,1
5,633,6,1,0
5,637,605,3,3
5,644,605,3,3
5,694,6,1,0
5,696,6,1,0
5,701,30,2,0
6,630,31,2,0
6,631,5,0,1
6,633,31,2,0
6,637,606,3,3
6,644,606,3,3
6,701,31,2,0
7,630,6,0,1
7,631,6,0,1
7,633,32,2,0
7,637,6,0,1
7,644,6,0,1
7,694,32,2,0
7,696,607,3,3
7,701,6,0,1
8,630,7,0,1
8,631,7,0,1
8,633,33,2,0
8,637,7,0,1
8,644,7,0,1
8,696,608,3,3
9,630,8,0,1
9,631,8,0,1
9,637,8,0,1
9,654,10,1,0
10,630,9,0,1
10,631,9,0,1
13,630,14,1,0
14,630,15,1,0
14,631,15,1,0
15,630,16,1,0
15,631,16,1,0
15,637,16,1,0
16,630,17,1,0
16,631,17,1,0
16,633,41,2,0
16,637,17,1,0
16,644,17,1,0
16,696,616,3,3
17,630,18,1,0
17,631,18,1,0
17,633,42,2,0
17,637,18,1,0
17,644,18,1,0
17,694,42,2,0
17,696,617,3,3
18,630,43,2,0
18,631,19,1,0
18,633,43,2,0
18,637,618,3,3
18,644,618,3,3
18,701,43,2,0
19,630,44,2,0
19,631,20,1,0
19,633,18,0,1
19,637,619,3,3
19,644,619,3,3
19,694,18,0,1
19,696,18,0,1
19,701,20,1,0
20,630,45,2,0
20,631,21,1,0
20,633,19,0,1
20,637,620,3,3
20,644,620,3,3
20,696,19,0,1
21,630,46,2,0
21,631,22,1,0
21,637,621,3,3
22,630,47,2,0
22,631,23,1,0
22,654,21,0,1
23,630,48,2,0
26,630,51,3,0
26,631,1,0,2
27,630,52,3,0
27,631,2,0,2
27,637,2,0,2
27,654,26,1,2
28,630,53,3,0
28,631,3,0,2
28,633,29,2,1
28,637,3,0,2
28,644,3,0,2
28,696,29,2,1
29,630,54,3,0
29,631,4,0,2
29,633,30,2,1
29,637,4,0,2
29,644,4,0,2
29,694,30,2,1
29,696,30,2,1
30,630,55,3,0
30,631,5,0,2
30,633,31,2,1
30,637,5,0,2
30,644,5,0,2
30,694,31,2,1
30,696,31,2,1
30,701,55,3,0
31,630,56,3,0
31,633,56,3,0
31,637,6,0,2
31,644,6,0,2
31,701,56,3,0
32,630,31,1,2
32,631,31,1,2
32,633,57,3,0
32,637,31,1,2
32,644,31,1,2
32,694,57,3,0
32,696,7,0,2
32,701,31,1,2
33,630,32,1,2
33,631,32,1,2
33,633,58,3,0
33,637,32,1,2
33,644,32,1,2
33,696,8,0,2
34,630,33,1,2
34,631,33,1,2
34,637,33,1,2
34,654,35,2,1
35,630,34,1,2
35,631,34,1,2
38,630,39,2,1
39,630,40,2,1
39,631,40,2,1
40,630,41,2,1
40,631,41,2,1
40,637,41,2,1
41,630,42,2,1
41,631,42,2,1
41,633,66,3,0
41,637,42,2,1
41,644,42,2,1
41,696,16,0,2
42,630,43,2,1
42,631,43,2,1
42,633,67,3,0
42,637,43,2,1
42,644,43,2,1
42,694,67,3,0
42,696,17,0,2
42,701,41,1,2
43,630,68,3,0
43,633,68,3,0
43,637,18,0,2
43,644,18,0,2
43,701,68,3,0
44,630,69,3,0
44,631,19,0,2
44,633,43,1,2
44,637,19,0,2
44,644,19,0,2
44,694,43,1,2
44,696,43,1,2
44,701,45,2,1
45,630,70,3,0
45,631,20,0,2
45,633,44,1,2
45,637,20,0,2
45,644,20,0,2
45,696,44,1,2
46,630,71,3,0
46,631,21,0,2
46,637,21,0,2
47,630,72,3,0
47,631,22,0,2
47,654,46,1,2
48,630,73,3,0
51,630,76,3,0
51,631,26,0,3
52,630,77,3,0
52,631,27,0,3
52,637,27,0,3
52,654,51,1,2
53,630,78,3,0
53,631,28,0,3
53,633,54,2,1
53,637,28,0,3
53,644,28,0,3
53,696,54,2,1
54,630,79,3,0
54,631,29,0,3
54,633,55,2,1
54,637,29,0,3
54,644,29,0,3
54,694,55,2,1
54,696,55,2,1
55,630,80,3,0
55,631,30,0,3
55,633,56,2,1
55,637,30,0,3
55,644,30,0,3
55,694,56,2,1
55,696,56,2,1
55,701,80,3,0
56,630,81,3,0
56,637,31,0,3
56,644,31,0,3
56,694,57,2,1
56,701,81,3,0
57,630,56,1,2
57,631,56,1,2
57,633,82,3,0
57,637,56,1,2
57,644,56,1,2
57,694,694,73,0
57,696,32,0,3
57,701,56,1,2
58,630,57,1,2
58,631,57,1,2
58,633,83,3,0
58,637,57,1,2
58,644,57,1,2
58,696,33,0,3
59,630,58,1,2
59,631,58,1,2
59,637,58,1,2
59,654,60,2,1
60,630,59,1,2
60,631,59,1,2
63,630,64,2,1
64,630,65,2,1
64,631,65,2,1
65,630,66,2,1
65,631,66,2,1
65,637,66,2,1
66,630,67,2,1
66,631,67,2,1
66,633,91,3,0
66,637,67,2,1
66,644,67,2,1
66,696,41,0,3
67,630,68,2,1
67,631,68,2,1
67,633,92,3,0
67,637,68,2,1
67,644,68,2,1
67,694,66,1,2
67,696,42,0,3
67,701,66,1,2
68,630,93,3,0
68,637,43,0,3
68,644,43,0,3
68,694,67,1,2
68,701,93,3,0
69,630,94,3,0
69,631,44,0,3
69,633,68,1,2
69,637,44,0,3
69,644,44,0,3
69,694,68,1,2
69,696,68,1,2
69,701,70,2,1
70,630,95,3,0
70,631,45,0,3
70,633,69,1,2
70,637,45,0,3
70,644,45,0,3
70,696,69,1,2
71,630,96,3,0
71,631,46,0,3
71,637,46,0,3
72,630,97,3,0
72,631,47,0,3
72,654,71,1,2
73,630,98,3,0
76,630,101,3,0
76,631,51,0,3
77,630,102,3,0
77,631,52,0,3
77,637,52,0,3
77,654,76,1,2
78,630,103,3,0
78,631,53,0,3
78,633,79,2,1
78,637,53,0,3
78,644,103,3,0
78,696,79,2,1
79,630,104,3,0
79,631,54,0,3
79,633,80,2,1
79,637,54,0,3
79,644,104,3,0
79,694,80,2,1
79,696,80,2,1
80,630,105,3,0
80,631,55,0,3
80,633,81,2,1
80,637,55,0,3
80,644,105,3,0
80,694,81,2,1
80,696,81,2,1
80,701,701,80,0
81,630,106,3,0
81,631,56,0,3
81,637,56,0,3
81,694,56,0,3
81,701,80,1,2
82,630,81,1,2
82,631,81,1,2
82,633,107,3,0
82,637,81,1,2
82,644,81,1,2
82,694,57,0,3
82,696,57,0,3
82,701,81,1,2
83,630,82,1,2
83,631,82,1,2
83,633,108,3,0
83,637,82,1,2
83,644,82,1,2
83,696,58,0,3
84,630,83,1,2
84,631,83,1,2
84,637,83,1,2
84,654,85,2,1
85,630,84,1,2
85,631,84,1,2
88,630,89,2,1
89,630,90,2,1
89,631,90,2,1
90,630,91,2,1
90,631,91,2,1
90,637,91,2,1
91,630,92,2,1
91,631,92,2,1
91,633,116,3,0
91,637,92,2,1
91,644,92,2,1
91,696,66,0,3
92,630,93,2,1
92,631,93,2,1
92,633,117,3,0
92,637,93,2,1
92,644,93,2,1
92,694,67,0,3
92,696,67,0,3
92,701,91,1,2
93,630,118,3,0
93,631,68,0,3
93,637,68,0,3
93,694,68,0,3
93,701,94,2,1
94,630,119,3,0
94,631,69,0,3
94,633,93,1,2
94,637,69,0,3
94,644,119,3,0
94,694,93,1,2
94,696,93,1,2
94,701,95,2,1
95,630,120,3,0
95,631,70,0,3
95,633,94,1,2
95,637,70,0,3
95,644,120,3,0
95,696,94,1,2
96,630,121,3,0
96,631,71,0,3
96,637,71,0,3
97,630,122,3,0
97,631,72,0,3
97,654,96,1,2
98,630,123,3,0
101,630,126,3,0
101,631,76,0,3
102,630,127,3,0
102,631,77,0,3
102,637,127,3,0
102,654,101,1,2
103,630,128,3,0
103,631,78,0,3
103,633,104,2,1
103,637,128,3,0
103,644,128,3,0
103,696,104,2,1
104,630,129,3,0
104,631,79,0,3
104,633,105,2,1
104,637,129,3,0
104,644,129,3,0
104,694,105,2,1
104,696,105,2,1
105,630,130,3,0
105,631,80,0,3
105,633,106,2,1
105,637,130,3,0
105,644,130,3,0
105,694,106,2,1
105,696,106,2,1
105,701,80,0,3
106,630,131,3,0
106,631,81,0,3
106,694,81,0,3
107,630,106,1,2
107,631,106,1,2
107,633,132,3,0
107,637,106,1,2
107,644,106,1,2
107,694,82,0,3
107,696,82,0,3
107,701,106,1,2
108,630,107,1,2
108,631,107,1,2
108,633,133,3,0
108,637,107,1,2
108,644,107,1,2
108,696,83,0,3
109,630,108,1,2
109,631,108,1,2
109,637,108,1,2
109,654,110,2,1
110,630,109,1,2
110,631,109,1,2
113,630,114,2,1
114,630,115,2,1
114,631,115,2,1
115,630,116,2,1
115,631,116,2,1
115,637,116,2,1
116,630,117,2,1
116,631,117,2,1
116,633,141,3,0
116,637,117,2,1
116,644,117,2,1
116,696,91,0,3
117,630,118,2,1
117,631,118,2,1
117,633,142,3,0
117,637,118,2,1
117,644,118,2,1
117,694,92,0,3
117,696,92,0,3
117,701,116,1,2
118,630,143,3,0
118,631,93,0,3
118,694,93,0,3
119,630,144,3,0
119,631,94,0,3
119,633,118,1,2
119,637,144,3,0
119,644,144,3,0
119,694,118,1,2
119,696,118,1,2
119,701,120,2,1
120,630,145,3,0
120,631,95,0,3
120,633,119,1,2
120,637,145,3,0
120,644,145,3,0
120,696,119,1,2
121,630,146,3,0
121,631,96,0,3
121,637,146,3,0
122,630,147,3,0
122,631,97,0,3
122,654,121,1,2
123,630,148,3,0
126,630,151,3,0
126,631,101,0,3
127,630,152,3,0
127,631,102,0,3
127,637,152,3,0
127,654,126,1,2
128,630,153,3,0
128,631,103,0,3
128,633,129,2,1
128,637,153,3,0
128,644,153,3,0
128,696,129,2,1
129,630,154,3,0
129,631,104,0,3
129,633,130,2,1
129,637,154,3,0
129,644,154,3,0
129,694,130,2,1
129,696,130,2,1
130,630,155,3,0
130,631,105,0,3
130,633,131,2,1
130,637,155,3,0
130,644,155,3,0
130,694,131,2,1
130,696,131,2,1
130,701,105,0,3
131,630,156,3,0
131,631,106,0,3
131,694,106,0,3
131,696,156,3,0
132,630,131,1,2
132,631,131,1,2
132,633,157,3,0
132,637,131,1,2
132,644,131,1,2
132,694,107,0,3
132,696,157,3,0
132,701,131,1,2
133,630,132,1,2
133,631,132,1,2
133,633,158,3,0
133,637,132,1,2
133,644,132,1,2
133,696,158,3,0
134,630,133,1,2
134,631,133,1,2
134,637,133,1,2
134,654,135,2,1
135,630,134,1,2
135,631,134,1,2
138,630,139,2,1
139,630,140,2,1
139,631,140,2,1
140,630,141,2,1
140,631,141,2,1
140,637,141,2,1
141,630,142,2,1
141,631,142,2,1
141,633,166,3,0
141,637,142,2,1
141,644,142,2,1
141,696,166,3,0
142,630,143,2,1
142,631,143,2,1
142,633,167,3,0
142,637,143,2,1
142,644,143,2,1
142,694,117,0,3
142,696,167,3,0
142,701,141,1,2
143,630,168,3,0
143,631,118,0,3
143,694,118,0,3
143,696,168,3,0
144,630,169,3,0
144,631,119,0,3
144,633,143,1,2
144,637,169,3,0
144,644,169,3,0
144,694,143,1,2
144,696,143,1,2
144,701,145,2,1
145,630,170,3,0
145,631,120,0,3
145,633,144,1,2
145,637,170,3,0
145,644,170,3,0
145,696,144,1,2
146,630,171,3,0
146,631,121,0,3
146,637,171,3,0
147,630,172,3,0
147,631,122,0,3
147,654,146,1,2
148,630,173,3,0
151,630,176,3,0
151,631,126,0,3
152,630,177,3,0
152,631,127,0,3
152,637,177,3,0
152,654,151,1,2
153,630,178,3,0
153,631,128,0,3
153,633,154,2,1
153,637,178,3,0
153,644,178,3,0
153,654,128,0,3
153,696,154,2,1
154,630,179,3,0
154,631,129,0,3
154,633,155,2,1
154,637,179,3,0
154,644,179,3,0
154,654,129,0,3
154,694,155,2,1
154,696,155,2,1
155,630,180,3,0
155,631,130,0,3
155,633,156,2,1
155,637,180,3,0
155,644,180,3,0
155,654,130,0,3
155,694,156,2,1
155,696,156,2,1
155,701,130,0,3
156,630,181,3,0
156,631,131,0,3
156,654,131,0,3
156,694,131,0,3
156,696,181,3,0
157,630,156,1,2
157,631,156,1,2
157,633,182,3,0
157,637,156,1,2
157,644,156,1,2
157,694,132,0,3
157,696,182,3,0
157,701,156,1,2
158,630,157,1,2
158,631,157,1,2
158,633,183,3,0
158,637,157,1,2
158,644,157,1,2
158,696,183,3,0
159,630,158,1,2
159,631,158,1,2
159,637,158,1,2
159,654,160,2,1
160,630,159,1,2
160,631,159,1,2
163,630,164,2,1
164,630,165,2,1
164,631,165,2,1
165,630,166,2,1
165,631,166,2,1
165,637,166,2,1
166,630,167,2,1
166,631,167,2,1
166,633,191,3,0
166,637,167,2,1
166,644,167,2,1
166,696,191,3,0
167,630,168,2,1
167,631,168,2,1
167,633,192,3,0
167,637,168,2,1
167,644,168,2,1
167,694,142,0,3
167,696,192,3,0
167,701,166,1,2
168,630,193,3,0
168,631,143,0,3
168,654,143,0,3
168,694,143,0,3
168,696,193,3,0
169,630,194,3,0
169,631,144,0,3
169,633,168,1,2
169,637,194,3,0
169,644,194,3,0
169,654,144,0,3
169,694,168,1,2
169,696,168,1,2
169,701,170,2,1
170,630,195,3,0
170,631,145,0,3
170,633,169,1,2
170,637,195,3,0
170,644,195,3,0
170,654,145,0,3
170,696,169,1,2
171,630,196,3,0
171,631,146,0,3
171,637,196,3,0
171,654,146,0,3
172,630,197,3,0
172,631,147,0,3
172,654,171,1,2
173,630,198,3,0
176,630,201,3,0
176,631,151,0,3
177,630,202,3,0
177,631,152,0,3
177,637,202,3,0
177,654,176,1,2
178,630,203,3,0
178,631,153,0,3
178,633,179,2,1
178,637,203,3,0
178,644,203,3,0
178,696,179,2,1
179,630,204,3,0
179,631,154,0,3
179,633,180,2,1
179,637,204,3,0
179,644,204,3,0
179,694,180,2,1
179,696,180,2,1
180,630,205,3,0
180,631,155,0,3
180,633,181,2,1
180,637,205,3,0
180,644,205,3,0
180,694,181,2,1
180,696,181,2,1
180,701,155,0,3
181,630,206,3,0
181,631,156,0,3
181,633,182,2,1
181,637,206,3,0
181,694,156,0,3
181,696,206,3,0
182,630,181,1,2
182,631,181,1,2
182,633,183,2,1
182,637,181,1,2
182,644,181,1,2
182,694,157,0,3
182,696,207,3,0
182,701,181,1,2
183,630,182,1,2
183,631,182,1,2
183,633,633,12,0
183,637,182,1,2
183,644,182,1,2
183,696,208,3,0
184,630,183,1,2
184,631,183,1,2
184,637,183,1,2
184,654,185,2,1
185,630,184,1,2
185,631,184,1,2
188,630,189,2,1
189,630,190,2,1
189,631,190,2,1
190,630,191,2,1
190,631,191,2,1
190,637,191,2,1
191,630,192,2,1
191,631,192,2,1
191,633,190,1,2
191,637,192,2,1
191,644,192,2,1
191,696,216,3,0
192,630,193,2,1
192,631,193,2,1
192,633,191,1,2
192,637,193,2,1
192,644,193,2,1
192,694,167,0,3
192,696,217,3,0
192,701,191,1,2
193,630,218,3,0
193,631,168,0,3
193,633,192,1,2
193,637,218,3,0
193,694,168,0,3
193,696,218,3,0
194,630,219,3,0
194,631,169,0,3
194,633,193,1,2
194,637,219,3,0
194,644,219,3,0
194,694,193,1,2
194,696,193,1,2
194,701,195,2,1
195,630,220,3,0
195,631,170,0,3
195,633,194,1,2
195,637,220,3,0
195,644,220,3,0
195,696,194,1,2
196,630,221,3,0
196,631,171,0,3
196,637,221,3,0
197,630,222,3,0
197,631,172,0,3
197,654,196,1,2
198,630,223,3,0
201,630,226,3,0
201,631,176,0,3
202,630,227,3,0
202,631,177,0,3
202,637,227,3,0
202,654,201,1,2
203,630,228,3,0
203,631,178,0,3
203,633,204,2,1
203,637,228,3,0
203,644,228,3,0
203,696,204,2,1
204,630,229,3,0
204,631,179,0,3
204,633,205,2,1
204,637,229,3,0
204,644,229,3,0
204,694,205,2,1
204,696,205,2,1
205,630,230,3,0
205,631,180,0,3
205,633,206,2,1
205,637,230,3,0
205,644,230,3,0
205,694,206,2,1
205,696,206,2,1
205,701,180,0,3
206,630,231,3,0
206,631,181,0,3
206,633,181,0,3
206,637,231,3,0
206,644,231,3,0
206,696,231,3,0
207,630,206,1,2
207,631,206,1,2
207,633,182,0,3
207,637,206,1,2
207,644,206,1,2
207,694,182,0,3
207,696,232,3,0
207,701,206,1,2
208,630,207,1,2
208,631,207,1,2
208,633,183,0,3
208,637,207,1,2
208,644,207,1,2
208,696,233,3,0
209,630,208,1,2
209,631,208,1,2
209,637,208,1,2
209,654,210,2,1
210,630,209,1,2
210,631,209,1,2
213,630,214,2,1
214,630,215,2,1
214,631,215,2,1
215,630,216,2,1
215,631,216,2,1
215,637,216,2,1
216,630,217,2,1
216,631,217,2,1
216,633,191,0,3
216,637,217,2,1
216,644,217,2,1
216,696,241,3,0
217,630,218,2,1
217,631,218,2,1
217,633,192,0,3
217,637,218,2,1
217,644,218,2,1
217,694,192,0,3
217,696,242,3,0
217,701,216,1,2
218,630,243,3,0
218,631,193,0,3
218,633,193,0,3
218,637,243,3,0
218,644,243,3,0
218,696,243,3,0
219,630,244,3,0
219,631,194,0,3
219,633,218,1,2
219,637,244,3,0
219,644,244,3,0
219,694,218,1,2
219,696,218,1,2
219,701,220,2,1
220,630,245,3,0
220,631,195,0,3
220,633,219,1,2
220,637,245,3,0
220,644,245,3,0
220,696,219,1,2
221,630,246,3,0
221,631,196,0,3
221,637,246,3,0
222,630,247,3,0
222,631,197,0,3
222,654,221,1,2
223,630,248,3,0
226,630,251,3,0
226,631,201,0,3
227,630,252,3,0
227,631,202,0,3
227,637,252,3,0
227,654,226,1,2
228,630,253,3,0
228,631,203,0,3
228,633,229,2,1
228,637,253,3,0
228,644,253,3,0
228,696,229,2,1
229,630,254,3,0
229,631,204,0,3
229,633,230,2,1
229,637,254,3,0
229,644,254,3,0
229,694,230,2,1
229,696,230,2,1
230,630,255,3,0
230,631,205,0,3
230,633,231,2,1
230,637,255,3,0
230,644,255,3,0
230,694,231,2,1
230,696,231,2,1
230,701,205,0,3
231,631,206,0,3
231,633,206,0,3
231,637,256,3,0
231,644,256,3,0
231,696,256,3,0
232,630,231,1,2
232,631,231,1,2
232,633,207,0,3
232,637,231,1,2
232,644,231,1,2
232,694,207,0,3
232,696,257,3,0
232,701,231,1,2
233,630,232,1,2
233,631,232,1,2
233,633,208,0,3
233,637,232,1,2
233,644,232,1,2
233,696,258,3,0
234,630,233,1,2
234,631,233,1,2
234,637,233,1,2
234,654,235,2,1
235,630,234,1,2
235,631,234,1,2
238,630,239,2,1
239,630,240,2,1
239,631,240,2,1
240,630,241,2,1
240,631,241,2,1
240,637,241,2,1
241,630,242,2,1
241,631,242,2,1
241,633,216,0,3
241,637,242,2,1
241,644,242,2,1
241,696,266,3,0
242,630,243,2,1
242,631,243,2,1
242,633,217,0,3
242,637,243,2,1
242,644,243,2,1
242,694,217,0,3
242,696,267,3,0
242,701,241,1,2
243,631,218,0,3
243,633,218,0,3
243,637,268,3,0
243,644,268,3,0
243,696,268,3,0
244,630,269,3,0
244,631,219,0,3
244,633,243,1,2
244,637,269,3,0
244,644,269,3,0
244,694,243,1,2
244,696,243,1,2
244,701,245,2,1
245,630,270,3,0
245,631,220,0,3
245,633,244,1,2
245,637,270,3,0
245,644,270,3,0
245,696,244,1,2
246,630,271,3,0
246,631,221,0,3
246,637,271,3,0
247,630,272,3,0
247,631,222,0,3
247,654,246,1,2
248,630,273,3,0
251,630,250,1,1
251,631,226,0,3
252,630,251,1,2
252,631,227,0,3
252,637,277,3,0
252,654,251,1,2
253,630,252,1,2
253,631,228,0,3
253,633,254,2,1
253,637,278,3,0
253,644,278,3,0
253,696,254,2,1
254,630,253,1,2
254,631,229,0,3
254,633,255,2,1
254,637,279,3,0
254,644,279,3,0
254,694,255,2,1
254,696,255,2,1
255,630,254,1,2
255,631,230,0,3
255,633,256,2,1
255,637,280,3,0
255,644,280,3,0
255,694,256,2,1
255,696,256,2,1
255,701,230,0,3
256,630,255,1,2
256,631,231,0,3
256,633,231,0,3
256,637,281,3,0
256,644,281,3,0
256,696,281,3,0
257,630,256,1,2
257,631,256,1,2
257,633,232,0,3
257,637,256,1,2
257,644,256,1,2
257,694,232,0,3
257,696,282,3,0
257,701,256,1,2
258,630,257,1,2
258,631,257,1,2
258,633,233,0,3
258,637,257,1,2
258,644,257,1,2
258,696,283,3,0
259,630,258,1,2
259,631,258,1,2
259,637,258,1,2
259,654,260,2,1
260,630,259,1,2
260,631,259,1,2
263,630,264,2,1
264,630,265,2,1
264,631,265,2,1
265,630,266,2,1
265,631,266,2,1
265,637,266,2,1
266,630,267,2,1
266,631,267,2,1
266,633,241,0,3
266,637,267,2,1
266,644,267,2,1
266,696,291,3,0
267,630,268,2,1
267,631,268,2,1
267,633,242,0,3
267,637,268,2,1
267,644,268,2,1
267,694,242,0,3
267,696,292,3,0
267,701,266,1,2
268,630,269,2,1
268,631,243,0,3
268,633,243,0,3
268,637,293,3,0
268,644,293,3,0
268,696,293,3,0
269,630,270,2,1
269,631,244,0,3
269,633,268,1,2
269,637,294,3,0
269,644,294,3,0
269,694,268,1,2
269,696,268,1,2
269,701,270,2,1
270,630,271,2,1
270,631,245,0,3
270,633,269,1,2
270,637,295,3,0
270,644,295,3,0
270,696,269,1,2
271,630,272,2,1
271,631,246,0,3
271,637,296,3,0
272,630,273,2,1
272,631,247,0,3
272,654,271,1,2
273,630,630,9,0
276,630,251,0,3
276,631,251,0,3
277,630,252,0,3
277,631,252,0,3
277,637,302,3,0
277,654,276,1,2
278,630,253,0,3
278,631,253,0,3
278,633,279,2,1
278,637,303,3,0
278,644,303,3,0
278,696,279,2,1
279,630,254,0,3
279,631,254,0,3
279,633,280,2,1
279,637,304,3,0
279,644,304,3,0
279,694,280,2,1
279,696,280,2,1
280,630,255,0,3
280,631,255,0,3
280,633,281,2,1
280,637,305,3,0
280,644,305,3,0
280,694,281,2,1
280,696,281,2,1
280,701,255,0,3
281,630,256,0,3
281,631,256,0,3
281,633,256,0,3
281,637,306,3,0
281,644,306,3,0
281,696,306,3,0
282,630,281,1,2
282,631,281,1,2
282,633,257,0,3
282,637,281,1,2
282,644,281,1,2
282,694,257,0,3
282,696,307,3,0
282,701,281,1,2
283,630,282,1,2
283,631,282,1,2
283,633,258,0,3
283,637,282,1,2
283,644,282,1,2
283,696,308,3,0
284,630,283,1,2
284,631,283,1,2
284,637,283,1,2
284,654,285,2,1
285,630,284,1,2
285,631,284,1,2
288,630,289,2,1
289,630,290,2,1
289,631,290,2,1
290,630,291,2,1
290,631,291,2,1
290,637,291,2,1
291,630,292,2,1
291,631,292,2,1
291,633,266,0,3
291,637,292,2,1
291,644,292,2,1
291,696,316,3,0
292,630,293,2,1
292,631,293,2,1
292,633,267,0,3
292,637,293,2,1
292,644,293,2,1
292,694,267,0,3
292,696,317,3,0
292,701,291,1,2
293,630,268,0,3
293,631,268,0,3
293,633,268,0,3
293,637,318,3,0
293,644,318,3,0
293,696,318,3,0
294,630,269,0,3
294,631,269,0,3
294,633,293,1,2
294,637,319,3,0
294,644,319,3,0
294,694,293,1,2
294,696,293,1,2
294,701,295,2,1
295,630,270,0,3
295,631,270,0,3
295,633,294,1,2
295,637,320,3,0
295,644,320,3,0
295,696,294,1,2
296,630,271,0,3
296,631,271,0,3
296,637,321,3,0
297,630,272,0,3
297,631,272,0,3
297,654,296,1,2
298,630,273,0,3
301,630,276,0,3
301,631,276,0,3
302,630,277,0,3
302,631,277,0,3
302,637,327,3,0
302,654,301,1,2
303,630,278,0,3
303,631,278,0,3
303,633,304,2,1
303,637,328,3,0
303,644,328,3,0
303,696,304,2,1
304,630,279,0,3
304,631,279,0,3
304,633,305,2,1
304,637,329,3,0
304,644,329,3,0
304,694,305,2,1
304,696,305,2,1
305,630,280,0,3
305,631,280,0,3
305,633,306,2,1
305,637,330,3,0
305,644,330,3,0
305,694,306,2,1
305,696,306,2,1
305,701,280,0,3
306,630,281,0,3
306,631,281,0,3
306,633,281,0,3
306,637,331,3,0
306,644,331,3,0
307,630,306,1,2
307,631,306,1,2
307,633,282,0,3
307,637,306,1,2
307,644,306,1,2
307,694,282,0,3
307,696,332,3,0
307,701,306,1,2
308,630,307,1,2
308,631,307,1,2
308,633,283,0,3
308,637,307,1,2
308,644,307,1,2
308,696,333,3,0
309,630,308,1,2
309,631,308,1,2
309,637,308,1,2
309,654,310,2,1
310,630,309,1,2
310,631,309,1,2
313,630,314,2,1
314,630,315,2,1
314,631,315,2,1
315,630,316,2,1
315,631,316,2,1
315,637,316,2,1
316,630,317,2,1
316,631,317,2,1
316,633,291,0,3
316,637,317,2,1
316,644,317,2,1
316,696,341,3,0
317,630,318,2,1
317,631,318,2,1
317,633,292,0,3
317,637,318,2,1
317,644,318,2,1
317,694,292,0,3
317,696,342,3,0
317,701,316,1,2
318,630,293,0,3
318,631,293,0,3
318,633,293,0,3
318,637,343,3,0
318,644,343,3,0
319,630,294,0,3
319,631,294,0,3
319,633,318,1,2
319,637,344,3,0
319,644,344,3,0
319,694,318,1,2
319,696,318,1,2
319,701,320,2,1
320,630,295,0,3
320,631,295,0,3
320,633,319,1,2
320,637,345,3,0
320,644,345,3,0
320,696,319,1,2
321,630,296,0,3
321,631,296,0,3
321,637,346,3,0
322,630,297,0,3
322,631,297,0,3
322,654,321,1,2
323,630,298,0,3
326,630,301,0,3
326,631,351,3,0
327,630,302,0,3
327,631,352,3,0
327,637,352,3,0
327,654,326,1,2
328,630,303,0,3
328,631,353,3,0
328,633,329,2,1
328,637,353,3,0
328,644,353,3,0
328,696,329,2,1
329,630,304,0,3
329,631,354,3,0
329,633,330,2,1
329,637,354,3,0
329,644,354,3,0
329,694,330,2,1
329,696,330,2,1
330,630,305,0,3
330,631,355,3,0
330,633,331,2,1
330,637,355,3,0
330,644,355,3,0
330,694,331,2,1
330,696,331,2,1
330,701,305,0,3
331,630,306,0,3
331,633,306,0,3
331,637,356,3,0
331,644,356,3,0
331,701,306,0,3
332,630,331,1,2
332,631,331,1,2
332,633,307,0,3
332,637,331,1,2
332,644,331,1,2
332,694,307,0,3
332,696,357,3,0
332,701,331,1,2
333,630,332,1,2
333,631,332,1,2
333,633,308,0,3
333,637,332,1,2
333,644,332,1,2
333,696,358,3,0
334,630,333,1,2
334,631,333,1,2
334,637,333,1,2
334,654,335,2,1
335,630,334,1,2
335,631,334,1,2
338,630,339,2,1
339,630,340,2,1
339,631,340,2,1
340,630,341,2,1
340,631,341,2,1
340,637,341,2,1
341,630,342,2,1
341,631,342,2,1
341,633,316,0,3
341,637,342,2,1
341,644,342,2,1
341,696,366,3,0
342,630,343,2,1
342,631,343,2,1
342,633,317,0,3
342,637,343,2,1
342,644,343,2,1
342,694,317,0,3
342,696,367,3,0
342,701,341,1,2
343,630,318,0,3
343,633,318,0,3
343,637,368,3,0
343,644,368,3,0
343,701,318,0,3
344,630,319,0,3
344,631,369,3,0
344,633,343,1,2
344,637,369,3,0
344,644,369,3,0
344,694,343,1,2
344,696,343,1,2
344,701,345,2,1
345,630,320,0,3
345,631,370,3,0
345,633,344,1,2
345,637,370,3,0
345,644,370,3,0
345,696,344,1,2
346,630,321,0,3
346,631,371,3,0
346,637,371,3,0
347,630,322,0,3
347,631,372,3,0
347,654,346,1,2
348,630,323,0,3
351,630,326,0,3
351,631,376,3,0
352,630,327,0,3
352,631,377,3,0
352,637,377,3,0
352,654,351,1,2
353,630,328,0,3
353,631,378,3,0
353,633,354,2,1
353,637,378,3,0
353,644,378,3,0
353,696,354,2,1
354,630,329,0,3
354,631,379,3,0
354,633,355,2,1
354,637,379,3,0
354,644,379,3,0
354,694,355,2,1
354,696,355,2,1
355,630,330,0,3
355,631,380,3,0
355,633,356,2,1
355,637,380,3,0
355,644,380,3,0
355,694,356,2,1
355,696,356,2,1
355,701,330,0,3
356,630,331,0,3
356,633,331,0,3
356,637,381,3,0
356,644,381,3,0
356,701,331,0,3
357,630,356,1,2
357,631,356,1,2
357,633,332,0,3
357,637,356,1,2
357,644,356,1,2
357,694,332,0,3
357,696,382,3,0
357,701,356,1,2
358,630,357,1,2
358,631,357,1,2
358,633,333,0,3
358,637,357,1,2
358,644,357,1,2
358,696,383,3,0
359,630,358,1,2
359,631,358,1,2
359,637,358,1,2
359,654,360,2,1
360,630,359,1,2
360,631,359,1,2
363,630,364,2,1
364,630,365,2,1
364,631,365,2,1
365,630,366,2,1
365,631,366,2,1
365,637,366,2,1
366,630,367,2,1
366,631,367,2,1
366,633,341,0,3
366,637,367,2,1
366,644,367,2,1
366,696,391,3,0
367,630,368,2,1
367,631,368,2,1
367,633,342,0,3
367,637,368,2,1
367,644,368,2,1
367,694,342,0,3
367,696,392,3,0
367,701,366,1,2
368,630,343,0,3
368,633,343,0,3
368,637,393,3,0
368,644,393,3,0
368,701,343,0,3
369,630,344,0,3
369,631,394,3,0
369,633,368,1,2
369,637,394,3,0
369,644,394,3,0
369,694,368,1,2
369,696,368,1,2
369,701,370,2,1
370,630,345,0,3
370,631,395,3,0
370,633,369,1,2
370,637,395,3,0
370,644,395,3,0
370,696,369,1,2
371,630,346,0,3
371,631,396,3,0
371,637,396,3,0
372,630,347,0,3
372,631,397,3,0
372,654,371,1,2
373,630,348,0,3
376,630,351,0,3
376,631,401,3,0
377,630,352,0,3
377,631,402,3,0
377,637,402,3,0
377,654,376,1,2
378,630,353,0,3
378,631,403,3,0
378,633,379,2,1
378,637,403,3,0
378,644,644,23,0
378,696,379,2,1
379,630,354,0,3
379,631,404,3,0
379,633,380,2,1
379,637,404,3,0
379,644,378,1,2
379,694,380,2,1
379,696,380,2,1
380,630,355,0,3
380,631,405,3,0
380,633,381,2,1
380,637,405,3,0
380,644,379,1,2
380,694,381,2,1
380,696,381,2,1
380,701,355,0,3
381,630,356,0,3
381,631,406,3,0
381,637,406,3,0
381,644,380,1,2
381,694,406,3,0
381,701,356,0,3
382,630,381,1,2
382,631,381,1,2
382,633,357,0,3
382,637,381,1,2
382,644,381,1,2
382,694,407,3,0
382,696,407,3,0
382,701,381,1,2
383,630,382,1,2
383,631,382,1,2
383,633,358,0,3
383,637,382,1,2
383,644,382,1,2
383,696,408,3,0
384,630,383,1,2
384,631,383,1,2
384,637,383,1,2
384,654,385,2,1
385,630,384,1,2
385,631,384,1,2
388,630,389,2,1
389,630,390,2,1
389,631,390,2,1
390,630,391,2,1
390,631,391,2,1
390,637,391,2,1
391,630,392,2,1
391,631,392,2,1
391,633,366,0,3
391,637,392,2,1
391,644,392,2,1
391,696,416,3,0
392,630,393,2,1
392,631,393,2,1
392,633,367,0,3
392,637,393,2,1
392,644,393,2,1
392,694,417,3,0
392,696,417,3,0
392,701,391,1,2
393,630,368,0,3
393,631,418,3,0
393,637,418,3,0
393,644,394,2,1
393,694,418,3,0
393,701,368,0,3
394,630,369,0,3
394,631,419,3,0
394,633,393,1,2
394,637,419,3,0
394,644,395,2,1
394,694,393,1,2
394,696,393,1,2
394,701,395,2,1
395,630,370,0,3
395,631,420,3,0
395,633,394,1,2
395,637,420,3,0
395,644,396,2,1
395,696,394,1,2
396,630,371,0,3
396,631,421,3,0
396,637,421,3,0
397,630,372,0,3
397,631,422,3,0
397,654,396,1,2
398,630,373,0,3
401,630,376,0,3
401,631,426,3,0
402,630,377,0,3
402,631,427,3,0
402,637,637,16,0
402,654,401,1,2
403,630,378,0,3
403,631,428,3,0
403,633,404,2,1
403,637,402,1,2
403,644,378,0,3
403,696,404,2,1
404,630,379,0,3
404,631,429,3,0
404,633,405,2,1
404,637,403,1,2
404,644,379,0,3
404,694,405,2,1
404,696,405,2,1
405,630,380,0,3
405,631,430,3,0
405,633,406,2,1
405,637,404,1,2
405,644,380,0,3
405,694,406,2,1
405,696,406,2,1
405,701,430,3,0
406,630,381,0,3
406,631,431,3,0
406,637,405,1,2
406,694,431,3,0
407,630,406,1,2
407,631,406,1,2
407,633,382,0,3
407,637,406,1,2
407,644,406,1,2
407,694,432,3,0
407,696,432,3,0
407,701,406,1,2
408,630,407,1,2
408,631,407,1,2
408,633,383,0,3
408,637,407,1,2
408,644,407,1,2
408,696,433,3,0
409,630,408,1,2
409,631,408,1,2
409,637,408,1,2
409,654,410,2,1
410,630,409,1,2
410,631,409,1,2
413,630,414,2,1
414,630,415,2,1
414,631,415,2,1
415,630,416,2,1
415,631,416,2,1
415,637,416,2,1
416,630,417,2,1
416,631,417,2,1
416,633,391,0,3
416,637,417,2,1
416,644,417,2,1
416,696,441,3,0
417,630,418,2,1
417,631,418,2,1
417,633,392,0,3
417,637,418,2,1
417,644,418,2,1
417,694,442,3,0
417,696,442,3,0
417,701,416,1,2
418,630,393,0,3
418,631,443,3,0
418,637,419,2,1
418,694,443,3,0
419,630,394,0,3
419,631,444,3,0
419,633,418,1,2
419,637,420,2,1
419,644,394,0,3
419,694,418,1,2
419,696,418,1,2
419,701,420,2,1
420,630,395,0,3
420,631,445,3,0
420,633,419,1,2
420,637,421,2,1
420,644,395,0,3
420,696,419,1,2
421,630,396,0,3
421,631,446,3,0
421,637,422,2,1
422,630,397,0,3
422,631,447,3,0
422,654,421,1,2
423,630,398,0,3
426,630,401,0,3
426,631,451,3,0
427,630,402,0,3
427,631,452,3,0
427,637,402,0,3
427,654,426,1,2
428,630,403,0,3
428,631,453,3,0
428,633,429,2,1
428,637,403,0,3
428,644,403,0,3
428,696,429,2,1
429,630,404,0,3
429,631,454,3,0
429,633,430,2,1
429,637,404,0,3
429,644,404,0,3
429,694,430,2,1
429,696,430,2,1
430,630,405,0,3
430,631,455,3,0
430,633,431,2,1
430,637,405,0,3
430,644,405,0,3
430,694,431,2,1
430,696,431,2,1
430,701,455,3,0
431,630,406,0,3
431,631,456,3,0
431,694,456,3,0
431,696,432,2,1
432,630,431,1,2
432,631,431,1,2
432,633,407,0,3
432,637,431,1,2
432,644,431,1,2
432,694,457,3,0
432,696,433,2,1
432,701,431,1,2
433,630,432,1,2
433,631,432,1,2
433,633,408,0,3
433,637,432,1,2
433,644,432,1,2
433,696,696,75,0
434,630,433,1,2
434,631,433,1,2
434,637,433,1,2
434,654,435,2,1
435,630,434,1,2
435,631,434,1,2
438,630,439,2,1
439,630,440,2,1
439,631,440,2,1
440,630,441,2,1
440,631,441,2,1
440,637,441,2,1
441,630,442,2,1
441,631,442,2,1
441,633,416,0,3
441,637,442,2,1
441,644,442,2,1
441,696,440,1,2
442,630,443,2,1
442,631,443,2,1
442,633,417,0,3
442,637,443,2,1
442,644,443,2,1
442,694,467,3,0
442,696,441,1,2
442,701,441,1,2
443,630,418,0,3
443,631,468,3,0
443,694,468,3,0
443,696,442,1,2
444,630,419,0,3
444,631,469,3,0
444,633,443,1,2
444,637,419,0,3
444,644,419,0,3
444,694,443,1,2
444,696,443,1,2
444,701,445,2,1
445,630,420,0,3
445,631,470,3,0
445,633,444,1,2
445,637,420,0,3
445,644,420,0,3
445,696,444,1,2
446,630,421,0,3
446,631,471,3,0
446,637,421,0,3
447,630,422,0,3
447,631,472,3,0
447,654,446,1,2
448,630,423,0,3
451,630,426,0,3
451,631,476,3,0
452,630,427,0,3
452,631,477,3,0
452,637,427,0,3
453,630,428,0,3
453,631,478,3,0
453,633,454,2,1
453,637,428,0,3
453,644,428,0,3
453,654,478,3,0
453,696,454,2,1
454,630,429,0,3
454,631,479,3,0
454,633,455,2,1
454,637,429,0,3
454,644,429,0,3
454,654,479,3,0
454,694,455,2,1
454,696,455,2,1
455,630,430,0,3
455,631,480,3,0
455,633,456,2,1
455,637,430,0,3
455,644,430,0,3
455,654,480,3,0
455,694,456,2,1
455,696,456,2,1
455,701,480,3,0
456,630,431,0,3
456,631,481,3,0
456,654,481,3,0
456,694,481,3,0
456,696,431,0,3
457,630,456,1,2
457,631,456,1,2
457,633,432,0,3
457,637,456,1,2
457,644,456,1,2
457,694,482,3,0
457,696,432,0,3
457,701,456,1,2
458,630,457,1,2
458,631,457,1,2
458,633,433,0,3
458,637,457,1,2
458,644,457,1,2
458,696,433,0,3
459,630,458,1,2
459,631,458,1,2
459,637,458,1,2
459,654,460,2,1
460,630,459,1,2
460,631,459,1,2
463,630,464,2,1
464,630,465,2,1
464,631,465,2,1
465,630,466,2,1
465,631,466,2,1
465,637,466,2,1
466,630,467,2,1
466,631,467,2,1
466,633,441,0,3
466,637,467,2,1
466,644,467,2,1
466,696,441,0,3
467,630,468,2,1
467,631,468,2,1
467,633,442,0,3
467,637,468,2,1
467,644,468,2,1
467,694,492,3,0
467,696,442,0,3
467,701,466,1,2
468,630,443,0,3
468,631,493,3,0
468,654,493,3,0
468,694,493,3,0
468,696,443,0,3
469,630,444,0,3
469,631,494,3,0
469,633,468,1,2
469,637,444,0,3
469,644,444,0,3
469,654,494,3,0
469,694,468,1,2
469,696,468,1,2
469,701,470,2,1
470,630,445,0,3
470,631,495,3,0
470,633,469,1,2
470,637,445,0,3
470,644,445,0,3
470,654,495,3,0
470,696,469,1,2
471,630,446,0,3
471,631,496,3,0
471,637,446,0,3
471,654,496,3,0
472,630,447,0,3
472,631,497,3,0
472,654,471,1,2
473,630,448,0,3
476,630,451,0,3
476,631,501,3,0
477,630,452,0,3
477,631,502,3,0
477,637,452,0,3
477,654,476,1,2
478,630,453,0,3
478,631,503,3,0
478,633,479,2,1
478,637,453,0,3
478,644,453,0,3
478,654,477,1,2
478,696,479,2,1
479,630,454,0,3
479,631,504,3,0
479,633,480,2,1
479,637,454,0,3
479,644,454,0,3
479,654,478,1,2
479,694,480,2,1
479,696,480,2,1
480,630,455,0,3
480,631,505,3,0
480,633,481,2,1
480,637,455,0,3
480,644,455,0,3
480,654,479,1,2
480,694,481,2,1
480,696,481,2,1
480,701,505,3,0
481,630,456,0,3
481,631,506,3,0
481,654,480,1,2
481,694,506,3,0
481,696,456,0,3
482,630,481,1,2
482,631,481,1,2
482,633,457,0,3
482,637,481,1,2
482,644,481,1,2
482,694,507,3,0
482,696,457,0,3
482,701,481,1,2
483,630,482,1,2
483,631,482,1,2
483,633,458,0,3
483,637,482,1,2
483,644,482,1,2
483,696,458,0,3
484,630,483,1,2
484,631,483,1,2
484,637,483,1,2
484,654,485,2,1
485,630,484,1,2
485,631,484,1,2
488,630,489,2,1
489,630,490,2,1
489,631,490,2,1
490,630,491,2,1
490,631,491,2,1
490,637,491,2,1
491,630,492,2,1
491,631,492,2,1
491,633,466,0,3
491,637,492,2,1
491,644,492,2,1
491,696,466,0,3
492,630,493,2,1
492,631,493,2,1
492,633,467,0,3
492,637,493,2,1
492,644,493,2,1
492,694,517,3,0
492,696,467,0,3
492,701,491,1,2
493,630,468,0,3
493,631,518,3,0
493,654,494,2,1
493,694,518,3,0
493,696,468,0,3
494,630,469,0,3
494,631,519,3,0
494,633,493,1,2
494,637,469,0,3
494,644,469,0,3
494,654,495,2,1
494,694,493,1,2
494,696,493,1,2
494,701,495,2,1
495,630,470,0,3
495,631,520,3,0
495,633,494,1,2
495,637,470,0,3
495,644,470,0,3
495,654,496,2,1
495,696,494,1,2
496,630,471,0,3
496,631,521,3,0
496,637,471,0,3
496,654,654,33,0
497,630,472,0,3
497,631,522,3,0
497,654,496,1,2
498,630,473,0,3
501,630,476,0,3
501,631,526,3,0
502,630,477,0,3
502,631,527,3,0
502,637,477,0,3
502,654,501,1,2
503,630,478,0,3
503,631,528,3,0
503,633,504,2,1
503,637,478,0,3
503,644,478,0,3
503,696,504,2,1
504,630,479,0,3
504,631,529,3,0
504,633,505,2,1
504,637,479,0,3
504,644,479,0,3
504,694,505,2,1
504,696,505,2,1
505,630,480,0,3
505,631,530,3,0
505,633,506,2,1
505,637,480,0,3
505,644,480,0,3
505,694,506,2,1
505,696,506,2,1
505,701,530,3,0
506,630,481,0,3
506,631,531,3,0
506,633,531,3,0
506,637,481,0,3
506,696,481,0,3
507,630,506,1,2
507,631,506,1,2
507,633,532,3,0
507,637,506,1,2
507,644,506,1,2
507,694,532,3,0
507,696,482,0,3
507,701,506,1,2
508,630,507,1,2
508,631,507,1,2
508,633,533,3,0
508,637,507,1,2
508,644,507,1,2
508,696,483,0,3
509,630,508,1,2
509,631,508,1,2
509,637,508,1,2
509,654,510,2,1
510,630,509,1,2
510,631,509,1,2
513,630,514,2,1
514,630,515,2,1
514,631,515,2,1
515,630,516,2,1
515,631,516,2,1
515,637,516,2,1
516,630,517,2,1
516,631,517,2,1
516,633,541,3,0
516,637,517,2,1
516,644,517,2,1
516,696,491,0,3
517,630,518,2,1
517,631,518,2,1
517,633,542,3,0
517,637,518,2,1
517,644,518,2,1
517,694,542,3,0
517,696,492,0,3
517,701,516,1,2
518,630,493,0,3
518,631,543,3,0
518,633,543,3,0
518,637,493,0,3
518,696,493,0,3
519,630,494,0,3
519,631,544,3,0
519,633,518,1,2
519,637,494,0,3
519,644,494,0,3
519,694,518,1,2
519,696,518,1,2
519,701,520,2,1
520,630,495,0,3
520,631,545,3,0
520,633,519,1,2
520,637,495,0,3
520,644,495,0,3
520,696,519,1,2
521,630,496,0,3
521,631,546,3,0
521,637,496,0,3
522,630,497,0,3
522,631,547,3,0
522,654,521,1,2
523,630,498,0,3
526,630,501,0,3
526,631,551,3,0
527,630,502,0,3
527,631,552,3,0
527,637,502,0,3
527,654,526,1,2
528,630,503,0,3
528,631,553,3,0
528,633,529,2,1
528,637,503,0,3
528,644,503,0,3
528,696,529,2,1
529,630,504,0,3
529,631,554,3,0
529,633,530,2,1
529,637,504,0,3
529,644,504,0,3
529,694,530,2,1
529,696,530,2,1
530,630,505,0,3
530,631,555,3,0
530,633,531,2,1
530,637,505,0,3
530,644,505,0,3
530,694,531,2,1
530,696,531,2,1
530,701,555,3,0
531,630,506,0,3
531,631,556,3,0
531,633,556,3,0
531,637,506,0,3
531,644,506,0,3
531,696,506,0,3
532,630,531,1,2
532,631,531,1,2
532,633,557,3,0
532,637,531,1,2
532,644,531,1,2
532,694,557,3,0
532,696,507,0,3
532,701,531,1,2
533,630,532,1,2
533,631,532,1,2
533,633,558,3,0
533,637,532,1,2
533,644,532,1,2
533,696,508,0,3
534,630,533,1,2
534,631,533,1,2
534,637,533,1,2
534,654,535,2,1
535,630,534,1,2
535,631,534,1,2
538,630,539,2,1
539,630,540,2,1
539,631,540,2,1
540,630,541,2,1
540,631,541,2,1
540,637,541,2,1
541,630,542,2,1
541,631,542,2,1
541,633,566,3,0
541,637,542,2,1
541,644,542,2,1
541,696,516,0,3
542,630,543,2,1
542,631,543,2,1
542,633,567,3,0
542,637,543,2,1
542,644,543,2,1
542,694,567,3,0
542,696,517,0,3
542,701,541,1,2
543,630,518,0,3
543,631,568,3,0
543,633,568,3,0
543,637,518,0,3
543,644,518,0,3
543,696,518,0,3
544,630,519,0,3
544,631,569,3,0
544,633,543,1,2
544,637,519,0,3
544,644,519,0,3
544,694,543,1,2
544,696,543,1,2
544,701,545,2,1
545,630,520,0,3
545,631,570,3,0
545,633,544,1,2
545,637,520,0,3
545,644,520,0,3
545,696,544,1,2
546,630,521,0,3
546,631,571,3,0
546,637,521,0,3
547,630,522,0,3
547,631,572,3,0
547,654,546,1,2
548,630,523,0,3
551,630,526,0,3
551,631,576,3,0
552,630,527,0,3
552,631,577,3,0
552,637,527,0,3
552,654,551,1,2
553,630,528,0,3
553,631,578,3,0
553,633,554,2,1
553,637,528,0,3
553,644,528,0,3
553,696,554,2,1
554,630,529,0,3
554,631,579,3,0
554,633,555,2,1
554,637,529,0,3
554,644,529,0,3
554,694,555,2,1
554,696,555,2,1
555,630,530,0,3
555,631,580,3,0
555,633,556,2,1
555,637,530,0,3
555,644,530,0,3
555,694,556,2,1
555,696,556,2,1
555,701,580,3,0
556,631,581,3,0
556,633,581,3,0
556,637,531,0,3
556,644,531,0,3
556,696,531,0,3
557,630,556,1,2
557,631,556,1,2
557,633,582,3,0
557,637,556,1,2
557,644,556,1,2
557,694,582,3,0
557,696,532,0,3
557,701,556,1,2
558,630,557,1,2
558,631,557,1,2
558,633,583,3,0
558,637,557,1,2
558,644,557,1,2
558,696,533,0,3
559,630,558,1,2
559,631,558,1,2
559,637,558,1,2
559,654,560,2,1
560,630,559,1,2
560,631,559,1,2
563,630,564,2,1
564,630,565,2,1
564,631,565,2,1
565,630,566,2,1
565,631,566,2,1
565,637,566,2,1
566,630,567,2,1
566,631,567,2,1
566,633,591,3,0
566,637,567,2,1
566,644,567,2,1
566,696,541,0,3
567,630,568,2,1
567,631,568,2,1
567,633,592,3,0
567,637,568,2,1
567,644,568,2,1
567,694,592,3,0
567,696,542,0,3
567,701,566,1,2
568,631,593,3,0
568,633,593,3,0
568,637,543,0,3
568,644,543,0,3
568,696,543,0,3
569,630,544,0,3
569,631,594,3,0
569,633,568,1,2
569,637,544,0,3
569,644,544,0,3
569,694,568,1,2
569,696,568,1,2
569,701,570,2,1
570,630,545,0,3
570,631,595,3,0
570,633,569,1,2
570,637,545,0,3
570,644,545,0,3
570,696,569,1,2
571,630,546,0,3
571,631,596,3,0
571,637,546,0,3
572,630,547,0,3
572,631,597,3,0
572,654,571,1,2
573,630,548,0,3
576,630,601,3,0
576,631,601,3,0
577,630,602,3,0
577,631,602,3,0
577,637,552,0,3
577,654,576,1,2
578,630,603,3,0
578,631,603,3,0
578,633,579,2,1
578,637,553,0,3
578,644,553,0,3
578,696,579,2,1
579,630,604,3,0
579,631,604,3,0
579,633,580,2,1
579,637,554,0,3
579,644,554,0,3
579,694,580,2,1
579,696,580,2,1
580,630,605,3,0
580,631,605,3,0
580,633,581,2,1
580,637,555,0,3
580,644,555,0,3
580,694,581,2,1
580,696,581,2,1
580,701,605,3,0
581,630,606,3,0
581,631,606,3,0
581,633,606,3,0
581,637,556,0,3
581,644,556,0,3
581,696,556,0,3
582,630,581,1,2
582,631,581,1,2
582,633,607,3,0
582,637,581,1,2
582,644,581,1,2
582,694,607,3,0
582,696,557,0,3
582,701,581,1,2
583,630,582,1,2
583,631,582,1,2
583,633,608,3,0
583,637,582,1,2
583,644,582,1,2
583,696,558,0,3
584,630,583,1,2
584,631,583,1,2
584,637,583,1,2
584,654,585,2,1
585,630,584,1,2
585,631,584,1,2
588,630,589,2,1
589,630,590,2,1
589,631,590,2,1
590,630,591,2,1
590,631,591,2,1
590,637,591,2,1
591,630,592,2,1
591,631,592,2,1
591,633,616,3,0
591,637,592,2,1
591,644,592,2,1
591,696,566,0,3
592,630,593,2,1
592,631,593,2,1
592,633,617,3,0
592,637,593,2,1
592,644,593,2,1
592,694,617,3,0
592,696,567,0,3
592,701,591,1,2
593,630,618,3,0
593,631,618,3,0
593,633,618,3,0
593,637,568,0,3
593,644,568,0,3
593,696,568,0,3
594,630,619,3,0
594,631,619,3,0
594,633,593,1,2
594,637,569,0,3
594,644,569,0,3
594,694,593,1,2
594,696,593,1,2
594,701,595,2,1
595,630,620,3,0
595,631,620,3,0
595,633,594,1,2
595,637,570,0,3
595,644,570,0,3
595,696,594,1,2
596,630,621,3,0
596,631,621,3,0
596,637,571,0,3
597,630,622,3,0
597,631,622,3,0
597,654,596,1,2
598,630,623,3,0
601,630,1,3,3
601,631,1,3,3
602,630,2,3,3
602,631,2,3,3
602,637,577,0,3
602,654,601,1,2
603,630,3,3,3
603,631,3,3,3
603,633,604,2,1
603,637,578,0,3
603,644,578,0,3
603,696,604,2,1
604,630,4,3,3
604,631,4,3,3
604,633,605,2,1
604,637,579,0,3
604,644,579,0,3
604,694,605,2,1
604,696,605,2,1
605,630,5,3,3
605,631,5,3,3
605,633,606,2,1
605,637,580,0,3
605,644,580,0,3
605,694,606,2,1
605,696,606,2,1
605,701,5,3,3
606,630,6,3,3
606,631,6,3,3
606,633,6,3,3
606,637,581,0,3
606,644,581,0,3
606,696,581,0,3
607,630,606,1,2
607,631,606,1,2
607,633,7,3,3
607,637,606,1,2
607,644,606,1,2
607,694,7,3,3
607,696,582,0,3
607,701,606,1,2
608,630,607,1,2
608,631,607,1,2
608,633,8,3,3
608,637,607,1,2
608,644,607,1,2
608,696,583,0,3
609,630,608,1,2
609,631,608,1,2
609,637,608,1,2
609,654,610,2,1
610,630,609,1,2
610,631,609,1,2
613,630,614,2,1
614,630,615,2,1
614,631,615,2,1
615,630,616,2,1
615,631,616,2,1
615,637,616,2,1
616,630,617,2,1
616,631,617,2,1
616,633,16,3,3
616,637,617,2,1
616,644,617,2,1
616,696,591,0,3
617,630,618,2,1
617,631,618,2,1
617,633,17,3,3
617,637,618,2,1
617,644,618,2,1
617,694,17,3,3
617,696,592,0,3
617,701,616,1,2
618,630,18,3,3
618,631,18,3,3
618,633,18,3,3
618,637,593,0,3
618,644,593,0,3
618,696,593,0,3
619,630,19,3,3
619,631,19,3,3
619,633,618,1,2
619,637,594,0,3
619,644,594,0,3
619,694,618,1,2
619,696,618,1,2
619,701,620,2,1
620,630,20,3,3
620,631,20,3,3
620,633,619,1,2
620,637,595,0,3
620,644,595,0,3
620,696,619,1,2
621,630,21,3,3
621,631,21,3,3
621,637,596,0,3
622,630,22,3,3
622,631,22,3,3
622,654,621,1,2
623,630,23,3,3
630,625,273,0,9
630,626,273,0,9
630,627,273,0,9
630,628,273,0,9
630,629,273,0,9
630,631,273,0,9
630,632,273,0,9
630,633,273,0,9
630,634,273,0,9
630,635,273,0,9
630,636,273,0,9
630,637,273,0,9
630,638,273,0,9
630,639,273,0,9
630,640,273,0,9
630,641,273,0,9
630,642,273,0,9
630,643,273,0,9
630,644,273,0,9
630,645,273,0,9
630,646,273,0,9
630,647,273,0,9
630,648,273,0,9
630,649,273,0,9
630,650,273,0,9
630,651,273,0,9
630,652,273,0,9
630,653,273,0,9
630,654,273,0,9
630,655,273,0,9
630,656,273,0,9
630,657,273,0,9
630,658,273,0,9
630,659,273,0,9
630,660,273,0,9
630,661,273,0,9
630,662,273,0,9
630,663,273,0,9
630,664,273,0,9
630,665,273,0,9
630,666,273,0,9
630,667,273,0,9
630,668,273,0,9
630,669,273,0,9
630,670,273,0,9
630,671,273,0,9
630,672,273,0,9
630,673,273,0,9
630,674,273,0,9
630,675,273,0,9
630,676,273,0,9
630,677,273,0,9
630,678,273,0,9
630,679,273,0,9
630,680,273,0,9
630,681,273,0,9
630,682,273,0,9
630,683,273,0,9
630,684,273,0,9
630,685,273,0,9
630,686,273,0,9
630,687,273,0,9
630,688,273,0,9
630,689,273,0,9
630,690,273,0,9
630,691,273,0,9
630,692,273,0,9
630,693,273,0,9
630,694,273,0,9
630,695,273,0,9
630,696,273,0,9
630,697,273,0,9
630,698,273,0,9
630,699,273,0,9
630,700,273,0,9
630,701,273,0,9
630,702,273,0,9
630,703,273,0,9
630,704,273,0,9
630,705,273,0,9
630,706,273,0,9
630,707,273,0,9
630,708,273,0,9
630,709,273,0,9
630,710,273,0,9
630,711,273,0,9
630,712,273,0,9
630,713,273,0,9
630,714,273,0,9
630,715,273,0,9
630,716,273,0,9
630,717,273,0,9
630,718,273,0,9
630,719,273,0,9
630,720,273,0,9
630,721,273,0,9
630,722,273,0,9
630,723,273,0,9
630,724,273,0,9
631,625,1,0,10
631,626,1,0,10
631,627,1,0,10
631,628,1,0,10
631,629,1,0,10
631,630,1,0,10
631,632,1,0,10
631,633,1,0,10
631,634,1,0,10
631,635,1,0,10
631,636,1,0,10
631,637,1,0,10
631,638,1,0,10
631,639,1,0,10
631,640,1,0,10
631,641,1,0,10
631,642,1,0,10
631,643,1,0,10
631,644,1,0,10
631,645,1,0,10
631,646,1,0,10
631,647,1,0,10
631,648,1,0,10
631,649,1,0,10
631,650,1,0,10
631,651,1,0,10
631,652,1,0,10
631,653,1,0,10
631,654,1,0,10
631,655,1,0,10
631,656,1,0,10
631,657,1,0,10
631,658,1,0,10
631,659,1,0,10
631,660,1,0,10
631,661,1,0,10
631,662,1,0,10
631,663,1,0,10
631,664,1,0,10
631,665,1,0,10
631,666,1,0,10
631,667,1,0,10
631,668,1,0,10
631,669,1,0,10
631,670,1,0,10
631,671,1,0,10
631,672,1,0,10
631,673,1,0,10
631,674,1,0,10
631,675,1,0,10
631,676,1,0,10
631,677,1,0,10
631,678,1,0,10
631,679,1,0,10
631,680,1,0,10
631,681,1,0,10
631,682,1,0,10
631,683,1,0,10
631,684,1,0,10
631,685,1,0,10
631,686,1,0,10
631,687,1,0,10
631,688,1,0,10
631,689,1,0,10
631,690,1,0,10
631,691,1,0,10
631,692,1,0,10
631,693,1,0,10
631,694,1,0,10
631,695,1,0,10
631,696,1,0,10
631,697,1,0,10
631,698,1,0,10
631,699,1,0,10
631,700,1,0,10
631,701,1,0,10
631,702,1,0,10
631,703,1,0,10
631,704,1,0,10
631,705,1,0,10
631,706,1,0,10
631,707,1,0,10
631,708,1,0,10
631,709,1,0,10
631,710,1,0,10
631,711,1,0,10
631,712,1,0,10
631,713,1,0,10
631,714,1,0,10
631,715,1,0,10
631,716,1,0,10
631,717,1,0,10
631,718,1,0,10
631,719,1,0,10
631,720,1,0,10
631,721,1,0,10
631,722,1,0,10
631,723,1,0,10
631,724,1,0,10
633,625,183,0,12
633,626,183,0,12
633,627,183,0,12
633,628,183,0,12
633,629,183,0,12
633,630,183,0,12
633,631,183,0,12
633,632,183,0,12
633,634,183,0,12
633,635,183,0,12
633,636,183,0,12
633,637,183,0,12
633,638,183,0,12
633,639,183,0,12
633,640,183,0,12
633,641,183,0,12
633,642,183,0,12
633,643,183,0,12
633,644,183,0,12
633,645,183,0,12
633,646,183,0,12
633,647,183,0,12
633,648,183,0,12
633,649,183,0,12
633,650,183,0,12
633,651,183,0,12
633,652,183,0,12
633,653,183,0,12
633,654,183,0,12
633,655,183,0,12
633,656,183,0,12
633,657,183,0,12
633,658,183,0,12
633,659,183,0,12
633,660,183,0,12
633,661,183,0,12
633,662,183,0,12
633,663,183,0,12
633,664,183,0,12
633,665,183,0,12
633,666,183,0,12
633,667,183,0,12
633,668,183,0,12
633,669,183,0,12
633,670,183,0,12
633,671,183,0,12
633,672,183,0,12
633,673,183,0,12
633,674,183,0,12
633,675,183,0,12
633,676,183,0,12
633,677,183,0,12
633,678,183,0,12
633,679,183,0,12
633,680,183,0,12
633,681,183,0,12
633,682,183,0,12
633,683,183,0,12
633,684,183,0,12
633,685,183,0,12
633,686,183,0,12
633,687,183,0,12
633,688,183,0,12
633,689,183,0,12
633,690,183,0,12
633,691,183,0,12
633,692,183,0,12
633,693,183,0,12
633,694,183,0,12
633,695,183,0,12
633,696,183,0,12
633,697,183,0,12
633,698,183,0,12
633,699,183,0,12
633,700,183,0,12
633,701,183,0,12
633,702,183,0,12
633,703,183,0,12
633,704,183,0,12
633,705,183,0,12
633,706,183,0,12
633,707,183,0,12
633,708,183,0,12
633,709,183,0,12
633,710,183,0,12
633,711,183,0,12
633,712,183,0,12
633,713,183,0,12
633,714,183,0,12
633,715,183,0,12
633,716,183,0,12
633,717,183,0,12
633,718,183,0,12
633,719,183,0,12
633,720,183,0,12
633,721,183,0,12
633,722,183,0,12
633,723,183,0,12
633,724,183,0,12
637,625,402,0,16
637,626,402,0,16
637,627,402,0,16
637,628,402,0,16
637,629,402,0,16
637,630,402,0,16
637,631,402,0,16
637,632,402,0,16
637,633,402,0,16
637,634,402,0,16
637,635,402,0,16
637,636,402,0,16
637,638,402,0,16
637,639,402,0,16
637,640,402,0,16
637,641,402,0,16
637,642,402,0,16
637,643,402,0,16
637,644,402,0,16
637,645,402,0,16
637,646,402,0,16
637,647,402,0,16
637,648,402,0,16
637,649,402,0,16
637,650,402,0,16
637,651,402,0,16
637,652,402,0,16
637,653,402,0,16
637,654,402,0,16
637,655,402,0,16
637,656,402,0,16
637,657,402,0,16
637,658,402,0,16
637,659,402,0,16
637,660,402,0,16
637,661,402,0,16
637,662,402,0,16
637,663,402,0,16
637,664,402,0,16
637,665,402,0,16
637,666,402,0,16
637,667,402,0,16
637,668,402,0,16
637,669,402,0,16
637,670,402,0,16
637,671,402,0,16
637,672,402,0,16
637,673,402,0,16
637,674,402,0,16
637,675,402,0,16
637,676,402,0,16
637,677,402,0,16
637,678,402,0,16
637,679,402,0,16
637,680,402,0,16
637,681,402,0,16
637,682,402,0,16
637,683,402,0,16
637,684,402,0,16
637,685,402,0,16
637,686,402,0,16
637,687,402,0,16
637,688,402,0,16
637,689,402,0,16
637,690,402,0,16
637,691,402,0,16
637,692,402,0,16
637,693,402,0,16
637,694,402,0,16
637,695,402,0,16
637,696,402,0,16
637,697,402,0,16
637,698,402,0,16
637,699,402,0,16
637,700,402,0,16
637,701,402,0,16
637,702,402,0,16
637,703,402,0,16
637,704,402,0,16
637,705,402,0,16
637,706,402,0,16
637,707,402,0,16
637,708,402,0,16
637,709,402,0,16
637,710,402,0,16
637,711,402,0,16
637,712,402,0,16
637,713,402,0,16
637,714,402,0,16
637,715,402,0,16
637,716,402,0,16
637,717,402,0,16
637,718,402,0,16
637,719,402,0,16
637,720,402,0,16
637,721,402,0,16
637,722,402,0,16
637,723,402,0,16
637,724,402,0,16
644,625,378,0,23
644,626,378,0,23
644,627,378,0,23
644,628,378,0,23
644,629,378,0,23
644,630,378,0,23
644,631,378,0,23
644,632,378,0,23
644,633,378,0,23
644,634,378,0,23
644,635,378,0,23
644,636,378,0,23
644,637,378,0,23
644,638,378,0,23
644,639,378,0,23
644,640,378,0,23
644,641,378,0,23
644,642,378,0,23
644,643,378,0,23
644,645,378,0,23
644,646,378,0,23
644,647,378,0,23
644,648,378,0,23
644,649,378,0,23
644,650,378,0,23
644,651,378,0,23
644,652,378,0,23
644,653,378,0,23
644,654,378,0,23
644,655,378,0,23
644,656,378,0,23
644,657,378,0,23
644,658,378,0,23
644,659,378,0,23
644,660,378,0,23
644,661,378,0,23
644,662,378,0,23
644,663,378,0,23
644,664,378,0,23
644,665,378,0,23
644,666,378,0,23
644,667,378,0,23
644,668,378,0,23
644,669,378,0,23
644,670,378,0,23
644,671,378,0,23
644,672,378,0,23
644,673,378,0,23
644,674,378,0,23
644,675,378,0,23
644,676,378,0,23
644,677,378,0,23
644,678,378,0,23
644,679,378,0,23
644,680,378,0,23
644,681,378,0,23
644,682,378,0,23
644,683,378,0,23
644,684,378,0,23
644,685,378,0,23
644,686,378,0,23
644,687,378,0,23
644,688,378,0,23
644,689,378,0,23
644,690,378,0,23
644,691,378,0,23
644,692,378,0,23
644,693,378,0,23
644,694,378,0,23
644,695,378,0,23
644,696,378,0,23
644,697,378,0,23
644,698,378,0,23
644,699,378,0,23
644,700,378,0,23
644,701,378,0,23
644,702,378,0,23
644,703,378,0,23
644,704,378,0,23
644,705,378,0,23
644,706,378,0,23
644,707,378,0,23
644,708,378,0,23
644,709,378,0,23
644,710,378,0,23
644,711,378,0,23
644,712,378,0,23
644,713,378,0,23
644,714,378,0,23
644,715,378,0,23
644,716,378,0,23
644,717,378,0,23
644,718,378,0,23
644,719,378,0,23
644,720,378,0,23
644,721,378,0,23
644,722,378,0,23
644,723,378,0,23
644,724,378,0,23
654,625,496,0,33
654,626,496,0,33
654,627,496,0,33
654,628,496,0,33
654,629,496,0,33
654,630,496,0,33
654,631,496,0,33
654,632,496,0,33
654,633,496,0,33
654,634,496,0,33
654,635,496,0,33
654,636,496,0,33
654,637,496,0,33
654,638,496,0,33
654,639,496,0,33
654,640,496,0,33
654,641,496,0,33
654,642,496,0,33
654,643,496,0,33
654,644,496,0,33
654,645,496,0,33
654,646,496,0,33
654,647,496,0,33
654,648,496,0,33
654,649,496,0,33
654,650,496,0,33
654,651,496,0,33
654,652,496,0,33
654,653,496,0,33
654,655,496,0,33
654,656,496,0,33
654,657,496,0,33
654,658,496,0,33
654,659,496,0,33
654,660,496,0,33
654,661,496,0,33
654,662,496,0,33
654,663,496,0,33
654,664,496,0,33
654,665,496,0,33
654,666,496,0,33
654,667,496,0,33
654,668,496,0,33
654,669,496,0,33
654,670,496,0,33
654,671,496,0,33
654,672,496,0,33
654,673,496,0,33
654,674,496,0,33
654,675,496,0,33
654,676,496,0,33
654,677,496,0,33
654,678,496,0,33
654,679,496,0,33
654,680,496,0,33
654,681,496,0,33
654,682,496,0,33
654,683,496,0,33
654,684,496,0,33
654,685,496,0,33
654,686,496,0,33
654,687,496,0,33
654,688,496,0,33
654,689,496,0,33
654,690,496,0,33
654,691,496,0,33
654,692,496,0,33
654,693,496,0,33
654,694,496,0,33
654,695,496,0,33
654,696,496,0,33
654,697,496,0,33
654,698,496,0,33
654,699,496,0,33
654,700,496,0,33
654,701,496,0,33
654,702,496,0,33
654,703,496,0,33
654,704,496,0,33
654,705,496,0,33
654,706,496,0,33
654,707,496,0,33
654,708,496,0,33
654,709,496,0,33
654,710,496,0,33
654,711,496,0,33
654,712,496,0,33
654,713,496,0,33
654,714,496,0,33
654,715,496,0,33
654,716,496,0,33
654,717,496,0,33
654,718,496,0,33
654,719,496,0,33
654,720,496,0,33
654,721,496,0,33
654,722,496,0,33
654,723,496,0,33
654,724,496,0,33
694,625,57,0,73
694,626,57,0,73
694,627,57,0,73
694,628,57,0,73
694,629,57,0,73
694,630,57,0,73
694,631,57,0,73
694,632,57,0,73
694,633,57,0,73
694,634,57,0,73
694,635,57,0,73
694,636,57,0,73
694,637,57,0,73
694,638,57,0,73
694,639,57,0,73
694,640,57,0,73
694,641,57,0,73
694,642,57,0,73
694,643,57,0,73
694,644,57,0,73
694,645,57,0,73
694,646,57,0,73
694,647,57,0,73
694,648,57,0,73
694,649,57,0,73
694,650,57,0,73
694,651,57,0,73
694,652,57,0,73
694,653,57,0,73
694,654,57,0,73
694,655,57,0,73
694,656,57,0,73
694,657,57,0,73
694,658,57,0,73
694,659,57,0,73
694,660,57,0,73
694,661,57,0,73
694,662,57,0,73
694,663,57,0,73
694,664,57,0,73
694,665,57,0,73
694,666,57,0,73
694,667,57,0,73
694,668,57,0,73
694,669,57,0,73
694,670,57,0,73
694,671,57,0,73
694,672,57,0,73
694,673,57,0,73
694,674,57,0,73
694,675,57,0,73
694,676,57,0,73
694,677,57,0,73
694,678,57,0,73
694,679,57,0,73
694,680,57,0,73
694,681,57,0,73
694,682,57,0,73
694,683,57,0,73
694,684,57,0,73
694,685,57,0,73
694,686,57,0,73
694,687,57,0,73
694,688,57,0,73
694,689,57,0,73
694,690,57,0,73
694,691,57,0,73
694,692,57,0,73
694,693,57,0,73
694,695,57,0,73
694,696,57,0,73
694,697,57,0,73
694,698,57,0,73
694,699,57,0,73
694,700,57,0,73
694,701,57,0,73
694,702,57,0,73
694,703,57,0,73
694,704,57,0,73
694,705,57,0,73
694,706,57,0,73
694,707,57,0,73
694,708,57,0,73
694,709,57,0,73
694,710,57,0,73
694,711,57,0,73
694,712,57,0,73
694,713,57,0,73
694,714,57,0,73
694,715,57,0,73
694,716,57,0,73
694,717,57,0,73
694,718,57,0,73
694,719,57,0,73
694,720,57,0,73
694,721,57,0,73
694,722,57,0,73
694,723,57,0,73
694,724,57,0,73
696,625,433,0,75
696,626,433,0,75
696,627,433,0,75
696,628,433,0,75
696,629,433,0,75
696,630,433,0,75
696,631,433,0,75
696,632,433,0,75
696,633,433,0,75
696,634,433,0,75
696,635,433,0,75
696,636,433,0,75
696,637,433,0,75
696,638,433,0,75
696,639,433,0,75
696,640,433,0,75
696,641,433,0,75
696,642,433,0,75
696,643,433,0,75
696,644,433,0,75
696,645,433,0,75
696,646,433,0,75
696,647,433,0,75
696,648,433,0,75
696,649,433,0,75
696,650,433,0,75
696,651,433,0,75
696,652,433,0,75
696,653,433,0,75
696,654,433,0,75
696,655,433,0,75
696,656,433,0,75
696,657,433,0,75
696,658,433,0,75
696,659,433,0,75
696,660,433,0,75
696,661,433,0,75
696,662,433,0,75
696,663,433,0,75
696,664,433,0,75
696,665,433,0,75
696,666,433,0,75
696,667,433,0,75
696,668,433,0,75
696,669,433,0,75
696,670,433,0,75
696,671,433,0,75
696,672,433,0,75
696,673,433,0,75
696,674,433,0,75
696,675,433,0,75
696,676,433,0,75
696,677,433,0,75
696,678,433,0,75
696,679,433,0,75
696,680,433,0,75
696,681,433,0,75
696,682,433,0,75
696,683,433,0,75
696,684,433,0,75
696,685,433,0,75
696,686,433,0,75
696,687,433,0,75
696,688,433,0,75
696,689,433,0,75
696,690,433,0,75
696,691,433,0,75
696,692,433,0,75
696,693,433,0,75
696,694,433,0,75
696,695,433,0,75
696,697,433,0,75
696,698,433,0,75
696,699,433,0,75
696,700,433,0,75
696,701,433,0,75
696,702,433,0,75
696,703,433,0,75
696,704,433,0,75
696,705,433,0,75
696,706,433,0,75
696,707,433,0,75
696,708,433,0,75
696,709,433,0,75
696,710,433,0,75
696,711,433,0,75
696,712,433,0,75
696,713,433,0,75
696,714,433,0,75
696,715,433,0,75
696,716,433,0,75
696,717,433,0,75
696,718,433,0,75
696,719,433,0,75
696,720,433,0,75
696,721,433,0,75
696,722,433,0,75
696,723,433,0,75
696,724,433,0,75
701,625,80,0,80
701,626,80,0,80
701,627,80,0,80
701,628,80,0,80
701,629,80,0,80
701,630,80,0,80
701,631,80,0,80
701,632,80,0,80
701,633,80,0,80
701,634,80,0,80
701,635,80,0,80
701,636,80,0,80
701,637,80,0,80
701,638,80,0,80
701,639,80,0,80
701,640,80,0,80
701,641,80,0,80
701,642,80,0,80
701,643,80,0,80
701,644,80,0,80
701,645,80,0,80
701,646,80,0,80
701,647,80,0,80
701,648,80,0,80
701,649,80,0,80
701,650,80,0,80
701,651,80,0,80
701,652,80,0,80
701,653,80,0,80
701,654,80,0,80
701,655,80,0,80
701,656,80,0,80
701,657,80,0,80
701,658,80,0,80
701,659,80,0,80
701,660,80,0,80
701,661,80,0,80
701,662,80,0,80
701,663,80,0,80
701,664,80,0,80
701,665,80,0,80
701,666,80,0,80
701,667,80,0,80
701,668,80,0,80
701,669,80,0,80
701,670,80,0,80
701,671,80,0,80
701,672,80,0,80
701,673,80,0,80
701,674,80,0,80
701,675,80,0,80
701,676,80,0,80
701,677,80,0,80
701,678,80,0,80
701,679,80,0,80
701,680,80,0,80
701,681,80,0,80
701,682,80,0,80
701,683,80,0,80
701,684,80,0,80
701,685,80,0,80
701,686,80,0,80
701,687,80,0,80
701,688,80,0,80
701,689,80,0,80
701,690,80,0,80
701,691,80,0,80
701,692,80,0,80
701,693,80,0,80
701,694,80,0,80
701,695,80,0,80
701,696,80,0,80
701,697,80,0,80
701,698,80,0,80
701,699,80,0,80
701,700,80,0,80
701,702,80,0,80
701,703,80,0,80
701,704,80,0,80
701,705,80,0,80
701,706,80,0,80
701,707,80,0,80
701,708,80,0,80
701,709,80,0,80
701,710,80,0,80
701,711,80,0,80
701,712,80,0,80
701,713,80,0,80
701,714,80,0,80
701,715,80,0,80
701,716,80,0,80
701,717,80,0,80
701,718,80,0,80
701,719,80,0,80
701,720,80,0,80
701,721,80,0,80
701,722,80,0,80
701,723,80,0,80
701,724,80,0,80
