5,637,605,3,3
6,637,606,3,3
6,644,7,1,0
7,637,607,3,3
7,644,8,1,0
8,637,608,3,3
8,644,33,2,0
9,637,8,0,1
9,644,34,2,0
9,712,8,0,1
10,637,9,0,1
10,644,35,2,0
11,637,10,0,1
18,637,19,1,0
19,637,20,1,0
19,644,44,2,0
20,637,21,1,0
20,644,45,2,0
20,712,19,0,1
21,637,621,3,3
21,644,46,2,0
21,712,22,1,0
22,637,622,3,3
22,644,21,0,1
23,637,623,3,3
30,637,5,0,2
31,637,6,0,2
31,644,32,2,1
32,637,7,0,2
32,644,33,2,1
33,637,8,0,2
33,644,58,3,0
34,637,33,1,2
34,644,59,3,0
34,712,33,1,2
35,637,34,1,2
35,644,60,3,0
36,637,35,1,2
43,637,44,2,1
44,637,45,2,1
44,644,69,3,0
45,637,46,2,1
45,644,70,3,0
45,712,44,1,2
46,637,21,0,2
46,644,71,3,0
46,712,47,2,1
47,637,22,0,2
47,644,46,1,2
48,637,23,0,2
55,637,30,0,3
56,637,31,0,3
56,644,57,2,1
57,637,32,0,3
57,644,58,2,1
58,637,33,0,3
58,644,83,3,0
59,637,58,1,2
59,644,84,3,0
59,712,58,1,2
60,637,59,1,2
60,644,85,3,0
61,637,60,1,2
68,637,69,2,1
69,637,70,2,1
69,644,94,3,0
70,637,71,2,1
70,644,95,3,0
70,712,69,1,2
71,637,46,0,3
71,644,96,3,0
71,712,72,2,1
72,637,47,0,3
72,644,71,1,2
73,637,48,0,3
80,637,105,3,0
81,637,106,3,0
81,644,82,2,1
82,637,107,3,0
82,644,83,2,1
84,637,83,1,2
84,644,109,3,0
84,712,83,1,2
85,637,84,1,2
85,644,110,3,0
86,637,85,1,2
93,637,94,2,1
94,637,95,2,1
94,644,119,3,0
95,637,96,2,1
95,644,120,3,0
95,712,94,1,2
96,712,97,2,1
97,637,122,3,0
97,644,96,1,2
98,637,123,3,0
105,637,130,3,0
106,637,131,3,0
106,644,107,2,1
107,637,132,3,0
107,644,108,2,1
108,712,133,3,0
109,637,108,1,2
109,644,134,3,0
109,712,108,1,2
110,637,109,1,2
110,644,135,3,0
111,637,110,1,2
118,637,119,2,1
119,637,120,2,1
119,644,144,3,0
120,637,121,2,1
120,644,145,3,0
121,712,122,2,1
122,637,147,3,0
122,644,121,1,2
123,637,148,3,0
130,637,155,3,0
131,637,156,3,0
131,644,132,2,1
132,637,157,3,0
132,644,133,2,1
133,712,712,91,0
134,637,133,1,2
134,644,159,3,0
134,712,133,1,2
135,637,134,1,2
135,644,160,3,0
136,637,135,1,2
143,637,144,2,1
144,637,145,2,1
144,644,169,3,0
145,637,146,2,1
145,644,170,3,0
145,712,144,1,2
146,712,147,2,1
147,637,172,3,0
147,644,146,1,2
148,637,173,3,0
155,637,180,3,0
156,637,181,3,0
156,644,157,2,1
157,637,182,3,0
157,644,158,2,1
159,637,158,1,2
159,644,184,3,0
159,712,158,1,2
160,637,159,1,2
160,644,185,3,0
161,637,160,1,2
168,637,169,2,1
169,637,170,2,1
169,644,194,3,0
170,637,171,2,1
170,644,195,3,0
170,712,169,1,2
171,712,172,2,1
172,637,197,3,0
172,644,171,1,2
173,637,198,3,0
180,637,205,3,0
181,637,206,3,0
181,644,182,2,1
182,637,207,3,0
182,644,183,2,1
184,637,183,1,2
184,644,209,3,0
184,712,183,1,2
185,637,184,1,2
185,644,210,3,0
186,637,185,1,2
193,637,194,2,1
194,637,195,2,1
194,644,219,3,0
195,637,196,2,1
195,644,220,3,0
195,712,194,1,2
196,712,197,2,1
197,637,222,3,0
197,644,196,1,2
198,637,223,3,0
205,637,230,3,0
206,637,231,3,0
206,644,207,2,1
207,637,232,3,0
207,644,208,2,1
208,637,233,3,0
209,637,208,1,2
209,644,234,3,0
209,712,208,1,2
210,637,209,1,2
210,644,235,3,0
211,637,210,1,2
218,637,219,2,1
219,637,220,2,1
219,644,244,3,0
220,637,221,2,1
220,644,245,3,0
220,712,219,1,2
221,637,246,3,0
221,712,222,2,1
222,637,247,3,0
222,644,221,1,2
223,637,248,3,0
230,637,255,3,0
231,637,256,3,0
231,644,232,2,1
232,637,257,3,0
232,644,233,2,1
233,637,258,3,0
233,644,234,2,1
234,637,233,1,2
234,644,235,2,1
234,712,233,1,2
235,637,234,1,2
235,644,644,23,0
236,637,235,1,2
243,637,244,2,1
244,637,245,2,1
244,644,243,1,2
245,637,246,2,1
245,644,244,1,2
245,712,244,1,2
246,637,271,3,0
246,644,245,1,2
246,712,247,2,1
247,637,272,3,0
247,644,246,1,2
248,637,273,3,0
255,637,280,3,0
256,637,281,3,0
256,644,257,2,1
257,637,282,3,0
257,644,258,2,1
258,637,283,3,0
258,644,233,0,3
259,637,258,1,2
259,644,234,0,3
259,712,258,1,2
260,637,259,1,2
260,644,235,0,3
261,637,260,1,2
268,637,269,2,1
269,637,270,2,1
269,644,244,0,3
270,637,271,2,1
270,644,245,0,3
270,712,269,1,2
271,637,296,3,0
271,644,246,0,3
271,712,272,2,1
272,637,297,3,0
272,644,271,1,2
273,637,298,3,0
280,637,305,3,0
281,637,306,3,0
281,644,282,2,1
282,637,307,3,0
282,644,283,2,1
283,637,308,3,0
283,644,258,0,3
284,637,283,1,2
284,644,259,0,3
284,712,283,1,2
285,637,284,1,2
285,644,260,0,3
286,637,285,1,2
293,637,294,2,1
294,637,295,2,1
294,644,269,0,3
295,637,296,2,1
295,644,270,0,3
295,712,294,1,2
296,637,321,3,0
296,644,271,0,3
296,712,297,2,1
297,637,322,3,0
297,644,296,1,2
298,637,323,3,0
305,637,330,3,0
306,637,331,3,0
306,644,307,2,1
307,637,332,3,0
307,644,308,2,1
308,637,333,3,0
308,644,283,0,3
309,637,308,1,2
309,644,284,0,3
309,712,308,1,2
310,637,309,1,2
310,644,285,0,3
311,637,310,1,2
318,637,319,2,1
319,637,320,2,1
319,644,294,0,3
320,637,321,2,1
320,644,295,0,3
320,712,319,1,2
321,637,346,3,0
321,644,296,0,3
321,712,322,2,1
322,637,347,3,0
322,644,321,1,2
323,637,348,3,0
330,637,355,3,0
331,637,356,3,0
331,644,332,2,1
332,637,357,3,0
332,644,333,2,1
333,637,358,3,0
333,644,308,0,3
334,637,333,1,2
334,644,309,0,3
334,712,333,1,2
335,637,334,1,2
335,644,310,0,3
336,637,335,1,2
343,637,344,2,1
344,637,345,2,1
344,644,319,0,3
345,637,346,2,1
345,644,320,0,3
345,712,344,1,2
346,637,371,3,0
346,644,321,0,3
346,712,347,2,1
347,637,372,3,0
347,644,346,1,2
348,637,373,3,0
355,637,380,3,0
356,637,381,3,0
356,644,357,2,1
357,637,382,3,0
357,644,358,2,1
358,637,383,3,0
358,644,333,0,3
359,637,358,1,2
359,644,334,0,3
359,712,358,1,2
360,637,359,1,2
360,644,335,0,3
361,637,360,1,2
368,637,369,2,1
369,637,370,2,1
369,644,344,0,3
370,637,371,2,1
370,644,345,0,3
370,712,369,1,2
371,637,396,3,0
371,644,346,0,3
371,712,372,2,1
372,637,397,3,0
372,644,371,1,2
373,637,398,3,0
380,637,637,16,0
381,637,380,1,2
381,644,382,2,1
382,637,381,1,2
382,644,383,2,1
383,637,382,1,2
383,644,358,0,3
384,637,383,1,2
384,644,359,0,3
384,712,383,1,2
385,637,384,1,2
385,644,360,0,3
386,637,385,1,2
393,637,394,2,1
394,637,395,2,1
394,644,369,0,3
395,637,396,2,1
395,644,370,0,3
395,712,394,1,2
396,637,397,2,1
396,644,371,0,3
396,712,397,2,1
397,637,398,2,1
397,644,396,1,2
398,637,399,2,1
405,637,380,0,3
406,637,381,0,3
406,644,407,2,1
407,637,382,0,3
407,644,408,2,1
409,637,408,1,2
409,644,384,0,3
409,712,408,1,2
410,637,409,1,2
410,644,385,0,3
411,637,410,1,2
418,637,419,2,1
419,637,420,2,1
419,644,394,0,3
420,637,421,2,1
420,644,395,0,3
420,712,419,1,2
421,712,422,2,1
422,637,397,0,3
422,644,421,1,2
423,637,398,0,3
430,637,405,0,3
431,637,406,0,3
431,644,432,2,1
432,637,407,0,3
432,644,433,2,1
433,712,408,0,3
434,637,433,1,2
434,644,409,0,3
434,712,433,1,2
435,637,434,1,2
435,644,410,0,3
436,637,435,1,2
443,637,444,2,1
444,637,445,2,1
444,644,419,0,3
445,637,446,2,1
445,644,420,0,3
445,712,444,1,2
446,712,447,2,1
447,637,422,0,3
447,644,446,1,2
448,637,423,0,3
455,637,430,0,3
456,637,431,0,3
456,644,457,2,1
457,637,432,0,3
457,644,458,2,1
459,637,458,1,2
459,644,434,0,3
459,712,458,1,2
460,637,459,1,2
460,644,435,0,3
461,637,460,1,2
468,637,469,2,1
469,637,470,2,1
469,644,444,0,3
470,637,471,2,1
470,644,445,0,3
470,712,469,1,2
471,712,472,2,1
472,637,447,0,3
472,644,471,1,2
473,637,448,0,3
480,637,455,0,3
481,637,456,0,3
481,644,482,2,1
482,637,457,0,3
482,644,483,2,1
484,637,483,1,2
484,644,459,0,3
484,712,483,1,2
485,637,484,1,2
485,644,460,0,3
486,637,485,1,2
493,637,494,2,1
494,637,495,2,1
494,644,469,0,3
495,637,496,2,1
495,644,470,0,3
495,712,494,1,2
496,712,497,2,1
497,637,472,0,3
497,644,496,1,2
498,637,473,0,3
505,637,480,0,3
506,637,481,0,3
506,644,507,2,1
507,637,482,0,3
507,644,508,2,1
509,637,508,1,2
509,644,484,0,3
509,712,508,1,2
510,637,509,1,2
510,644,485,0,3
511,637,510,1,2
518,637,519,2,1
519,637,520,2,1
519,644,494,0,3
520,637,521,2,1
520,644,495,0,3
520,712,519,1,2
521,712,522,2,1
522,637,497,0,3
522,644,521,1,2
523,637,498,0,3
530,637,505,0,3
531,637,506,0,3
531,644,532,2,1
532,637,507,0,3
532,644,533,2,1
533,637,508,0,3
534,637,533,1,2
534,644,509,0,3
534,712,533,1,2
535,637,534,1,2
535,644,510,0,3
536,637,535,1,2
543,637,544,2,1
544,637,545,2,1
544,644,519,0,3
545,637,546,2,1
545,644,520,0,3
545,712,544,1,2
546,637,521,0,3
546,712,547,2,1
547,637,522,0,3
547,644,546,1,2
548,637,523,0,3
555,637,530,0,3
556,637,531,0,3
556,644,557,2,1
557,637,532,0,3
557,644,558,2,1
558,637,533,0,3
558,644,583,3,0
559,637,558,1,2
559,644,584,3,0
559,712,558,1,2
560,637,559,1,2
560,644,585,3,0
561,637,560,1,2
568,637,569,2,1
569,637,570,2,1
569,644,594,3,0
570,637,571,2,1
570,644,595,3,0
570,712,569,1,2
571,637,546,0,3
571,644,596,3,0
571,712,572,2,1
572,637,547,0,3
572,644,571,1,2
573,637,548,0,3
580,637,555,0,3
581,637,556,0,3
581,644,582,2,1
582,637,557,0,3
582,644,583,2,1
583,637,558,0,3
583,644,608,3,0
584,637,583,1,2
584,644,609,3,0
584,712,583,1,2
585,637,584,1,2
585,644,610,3,0
586,637,585,1,2
593,637,594,2,1
594,637,595,2,1
594,644,619,3,0
595,637,596,2,1
595,644,620,3,0
595,712,594,1,2
596,637,571,0,3
596,644,621,3,0
596,712,597,2,1
597,637,572,0,3
597,644,596,1,2
598,637,573,0,3
605,637,580,0,3
606,637,581,0,3
606,644,607,2,1
607,637,582,0,3
607,644,608,2,1
608,637,583,0,3
608,644,8,3,3
609,637,608,1,2
609,644,9,3,3
609,712,608,1,2
610,637,609,1,2
610,644,10,3,3
611,637,610,1,2
618,637,619,2,1
619,637,620,2,1
619,644,19,3,3
620,637,621,2,1
620,644,20,3,3
620,712,619,1,2
621,637,596,0,3
621,644,21,3,3
621,712,622,2,1
622,637,597,0,3
622,644,621,1,2
623,637,598,0,3
637,625,380,0,16
637,626,380,0,16
637,627,380,0,16
637,628,380,0,16
637,629,380,0,16
637,630,380,0,16
637,631,380,0,16
637,632,380,0,16
637,633,380,0,16
637,634,380,0,16
637,635,380,0,16
637,636,380,0,16
637,638,380,0,16
637,639,380,0,16
637,640,380,0,16
637,641,380,0,16
637,642,380,0,16
637,643,380,0,16
637,644,380,0,16
637,645,380,0,16
637,646,380,0,16
637,647,380,0,16
637,648,380,0,16
637,649,380,0,16
637,650,380,0,16
637,651,380,0,16
637,652,380,0,16
637,653,380,0,16
637,654,380,0,16
637,655,380,0,16
637,656,380,0,16
637,657,380,0,16
637,658,380,0,16
637,659,380,0,16
637,660,380,0,16
637,661,380,0,16
637,662,380,0,16
637,663,380,0,16
637,664,380,0,16
637,665,380,0,16
637,666,380,0,16
637,667,380,0,16
637,668,380,0,16
637,669,380,0,16
637,670,380,0,16
637,671,380,0,16
637,672,380,0,16
637,673,380,0,16
637,674,380,0,16
637,675,380,0,16
637,676,380,0,16
637,677,380,0,16
637,678,380,0,16
637,679,380,0,16
637,680,380,0,16
637,681,380,0,16
637,682,380,0,16
637,683,380,0,16
637,684,380,0,16
637,685,380,0,16
637,686,380,0,16
637,687,380,0,16
637,688,380,0,16
637,689,380,0,16
637,690,380,0,16
637,691,380,0,16
637,692,380,0,16
637,693,380,0,16
637,694,380,0,16
637,695,380,0,16
637,696,380,0,16
637,697,380,0,16
637,698,380,0,16
637,699,380,0,16
637,700,380,0,16
637,701,380,0,16
637,702,380,0,16
637,703,380,0,16
637,704,380,0,16
637,705,380,0,16
637,706,380,0,16
637,707,380,0,16
637,708,380,0,16
637,709,380,0,16
637,710,380,0,16
637,711,380,0,16
637,712,380,0,16
637,713,380,0,16
637,714,380,0,16
637,715,380,0,16
637,716,380,0,16
637,717,380,0,16
637,718,380,0,16
637,719,380,0,16
637,720,380,0,16
637,721,380,0,16
637,722,380,0,16
637,723,380,0,16
637,724,380,0,16
644,625,235,0,23
644,626,235,0,23
644,627,235,0,23
644,628,235,0,23
644,629,235,0,23
644,630,235,0,23
644,631,235,0,23
644,632,235,0,23
644,633,235,0,23
644,634,235,0,23
644,635,235,0,23
644,636,235,0,23
644,637,235,0,23
644,638,235,0,23
644,639,235,0,23
644,640,235,0,23
644,641,235,0,23
644,642,235,0,23
644,643,235,0,23
644,645,235,0,23
644,646,235,0,23
644,647,235,0,23
644,648,235,0,23
644,649,235,0,23
644,650,235,0,23
644,651,235,0,23
644,652,235,0,23
644,653,235,0,23
644,654,235,0,23
644,655,235,0,23
644,656,235,0,23
644,657,235,0,23
644,658,235,0,23
644,659,235,0,23
644,660,235,0,23
644,661,235,0,23
644,662,235,0,23
644,663,235,0,23
644,664,235,0,23
644,665,235,0,23
644,666,235,0,23
644,667,235,0,23
644,668,235,0,23
644,669,235,0,23
644,670,235,0,23
644,671,235,0,23
644,672,235,0,23
644,673,235,0,23
644,674,235,0,23
644,675,235,0,23
644,676,235,0,23
644,677,235,0,23
644,678,235,0,23
644,679,235,0,23
644,680,235,0,23
644,681,235,0,23
644,682,235,0,23
644,683,235,0,23
644,684,235,0,23
644,685,235,0,23
644,686,235,0,23
644,687,235,0,23
644,688,235,0,23
644,689,235,0,23
644,690,235,0,23
644,691,235,0,23
644,692,235,0,23
644,693,235,0,23
644,694,235,0,23
644,695,235,0,23
644,696,235,0,23
644,697,235,0,23
644,698,235,0,23
644,699,235,0,23
644,700,235,0,23
644,701,235,0,23
644,702,235,0,23
644,703,235,0,23
644,704,235,0,23
644,705,235,0,23
644,706,235,0,23
644,707,235,0,23
644,708,235,0,23
644,709,235,0,23
644,710,235,0,23
644,711,235,0,23
644,712,235,0,23
644,713,235,0,23
644,714,235,0,23
644,715,235,0,23
644,716,235,0,23
644,717,235,0,23
644,718,235,0,23
644,719,235,0,23
644,720,235,0,23
644,721,235,0,23
644,722,235,0,23
644,723,235,0,23
644,724,235,0,23
712,625,133,0,91
712,626,133,0,91
712,627,133,0,91
712,628,133,0,91
712,629,133,0,91
712,630,133,0,91
712,631,133,0,91
712,632,133,0,91
712,633,133,0,91
712,634,133,0,91
712,635,133,0,91
712,636,133,0,91
712,637,133,0,91
712,638,133,0,91
712,639,133,0,91
712,640,133,0,91
712,641,133,0,91
712,642,133,0,91
712,643,133,0,91
712,644,133,0,91
712,645,133,0,91
712,646,133,0,91
712,647,133,0,91
712,648,133,0,91
712,649,133,0,91
712,650,133,0,91
712,651,133,0,91
712,652,133,0,91
712,653,133,0,91
712,654,133,0,91
712,655,133,0,91
712,656,133,0,91
712,657,133,0,91
712,658,133,0,91
712,659,133,0,91
712,660,133,0,91
712,661,133,0,91
712,662,133,0,91
712,663,133,0,91
712,664,133,0,91
712,665,133,0,91
712,666,133,0,91
712,667,133,0,91
712,668,133,0,91
712,669,133,0,91
712,670,133,0,91
712,671,133,0,91
712,672,133,0,91
712,673,133,0,91
712,674,133,0,91
712,675,133,0,91
712,676,133,0,91
712,677,133,0,91
712,678,133,0,91
712,679,133,0,91
712,680,133,0,91
712,681,133,0,91
712,682,133,0,91
712,683,133,0,91
712,684,133,0,91
712,685,133,0,91
712,686,133,0,91
712,687,133,0,91
712,688,133,0,91
712,689,133,0,91
712,690,133,0,91
712,691,133,0,91
712,692,133,0,91
712,693,133,0,91
712,694,133,0,91
712,695,133,0,91
712,696,133,0,91
712,697,133,0,91
712,698,133,0,91
712,699,133,0,91
712,700,133,0,91
712,701,133,0,91
712,702,133,0,91
712,703,133,0,91
712,704,133,0,91
712,705,133,0,91
712,706,133,0,91
712,707,133,0,91
712,708,133,0,91
712,709,133,0,91
712,710,133,0,91
712,711,133,0,91
712,713,133,0,91
712,714,133,0,91
712,715,133,0,91
712,716,133,0,91
712,717,133,0,91
712,718,133,0,91
712,719,133,0,91
712,720,133,0,91
712,721,133,0,91
712,722,133,0,91
712,723,133,0,91
712,724,133,0,91
