0,635,25,1,0
0,645,600,3,2
1,635,26,2,0
1,645,601,3,3
1,704,601,3,3
2,635,27,2,0
2,645,602,3,3
4,635,29,2,0
4,645,604,3,3
5,635,30,2,0
5,645,605,3,3
5,704,605,3,3
6,635,31,2,0
6,645,606,3,3
7,635,32,2,0
7,645,607,3,3
8,635,33,2,0
8,645,608,3,3
9,635,34,2,0
9,645,609,3,3
10,635,35,2,0
10,645,610,3,3
11,635,10,0,1
11,645,10,0,1
12,635,11,0,1
12,645,11,0,1
13,635,12,0,1
13,645,12,0,1
14,635,13,0,1
14,645,13,0,1
15,635,14,0,1
15,645,14,0,1
17,635,18,1,0
17,645,18,1,0
18,635,19,1,0
18,645,19,1,0
18,704,19,1,0
19,635,20,1,0
19,645,20,1,0
20,635,21,1,0
20,645,21,1,0
21,635,22,1,0
21,645,22,1,0
22,635,47,2,0
22,645,622,3,3
23,635,48,2,0
23,645,623,3,3
24,635,49,2,0
24,645,624,3,3
25,635,50,2,0
25,645,50,2,0
26,635,51,3,0
26,645,51,3,0
26,704,1,0,2
27,635,52,3,0
27,645,52,3,0
29,635,54,3,0
29,645,54,3,0
30,635,55,3,0
30,645,55,3,0
30,704,5,0,2
31,635,56,3,0
31,645,56,3,0
32,633,57,3,0
32,635,57,3,0
32,645,57,3,0
33,633,58,3,0
33,635,58,3,0
33,645,58,3,0
34,633,59,3,0
34,635,59,3,0
34,645,59,3,0
35,633,60,3,0
35,635,60,3,0
35,645,60,3,0
36,635,35,1,2
36,645,35,1,2
37,635,36,1,2
37,645,36,1,2
38,635,37,1,2
38,645,37,1,2
39,635,38,1,2
39,645,38,1,2
40,635,39,1,2
40,645,39,1,2
42,635,43,2,1
42,645,43,2,1
43,635,44,2,1
43,645,44,2,1
43,704,44,2,1
44,635,45,2,1
44,645,45,2,1
45,635,46,2,1
45,645,46,2,1
46,635,47,2,1
46,645,47,2,1
47,633,72,3,0
47,635,72,3,0
47,645,72,3,0
48,633,73,3,0
48,635,73,3,0
48,645,73,3,0
49,633,74,3,0
49,635,74,3,0
49,645,74,3,0
50,635,75,2,0
50,645,75,2,0
50,704,25,0,2
51,635,76,3,0
51,645,76,3,0
51,704,26,0,3
52,635,77,3,0
52,645,77,3,0
54,635,79,3,0
54,645,79,3,0
55,635,80,3,0
55,645,80,3,0
55,704,30,0,3
56,635,81,3,0
56,645,81,3,0
56,704,31,0,3
57,635,82,3,0
57,645,82,3,0
57,704,32,0,3
58,635,83,3,0
58,645,83,3,0
58,704,33,0,3
59,635,84,3,0
59,645,84,3,0
59,704,34,0,3
60,635,85,3,0
60,645,85,3,0
60,704,35,0,3
61,635,60,1,2
61,645,60,1,2
62,635,61,1,2
62,645,61,1,2
63,635,62,1,2
63,645,62,1,2
64,635,63,1,2
64,645,63,1,2
65,635,64,1,2
65,645,64,1,2
67,635,68,2,1
67,645,68,2,1
68,635,69,2,1
68,645,69,2,1
68,704,69,2,1
69,635,70,2,1
69,645,70,2,1
70,635,71,2,1
70,645,71,2,1
71,635,72,2,1
71,645,72,2,1
72,635,97,3,0
72,645,97,3,0
72,704,47,0,3
73,635,98,3,0
73,645,98,3,0
73,704,48,0,3
74,635,99,3,0
74,645,99,3,0
74,704,49,0,3
75,635,100,2,0
75,645,100,2,0
76,635,101,3,0
76,645,101,3,0
76,704,101,3,0
77,635,102,3,0
77,645,102,3,0
79,635,104,3,0
79,645,104,3,0
80,635,105,3,0
80,645,105,3,0
80,704,105,3,0
81,635,106,3,0
81,645,106,3,0
82,635,107,3,0
82,645,107,3,0
83,635,108,3,0
83,645,108,3,0
84,635,109,3,0
84,645,109,3,0
85,635,110,3,0
85,645,110,3,0
86,635,85,1,2
86,645,85,1,2
87,635,86,1,2
87,645,86,1,2
88,635,87,1,2
88,645,87,1,2
89,635,88,1,2
89,645,88,1,2
90,635,89,1,2
90,645,89,1,2
92,635,93,2,1
92,645,93,2,1
93,635,94,2,1
93,645,94,2,1
93,704,94,2,1
94,635,95,2,1
94,645,95,2,1
95,635,96,2,1
95,645,96,2,1
96,635,97,2,1
96,645,97,2,1
97,635,122,3,0
97,645,122,3,0
98,635,123,3,0
98,645,123,3,0
99,635,124,3,0
99,645,124,3,0
100,635,125,2,0
100,645,125,2,0
101,635,126,3,0
101,645,126,3,0
101,704,126,3,0
102,635,127,3,0
102,645,127,3,0
104,635,129,3,0
104,645,129,3,0
105,635,130,3,0
105,645,130,3,0
105,704,130,3,0
106,635,131,3,0
106,645,131,3,0
107,635,132,3,0
107,645,132,3,0
108,635,133,3,0
108,645,133,3,0
109,635,134,3,0
109,645,134,3,0
110,635,135,3,0
110,645,135,3,0
111,635,110,1,2
111,645,110,1,2
112,635,111,1,2
112,645,111,1,2
113,635,112,1,2
113,645,112,1,2
114,635,113,1,2
114,645,113,1,2
115,635,114,1,2
115,645,114,1,2
117,635,118,2,1
117,645,118,2,1
118,635,119,2,1
118,645,119,2,1
118,704,119,2,1
119,635,120,2,1
119,645,120,2,1
120,635,121,2,1
120,645,121,2,1
121,635,122,2,1
121,645,122,2,1
122,635,147,3,0
122,645,147,3,0
123,635,148,3,0
123,645,148,3,0
124,635,149,3,0
124,645,149,3,0
125,635,150,2,0
125,645,150,2,0
126,635,151,3,0
126,645,151,3,0
126,704,151,3,0
127,635,152,3,0
127,645,152,3,0
129,635,154,3,0
129,645,154,3,0
130,635,155,3,0
130,645,155,3,0
130,704,155,3,0
131,635,156,3,0
131,645,156,3,0
132,635,157,3,0
132,645,157,3,0
133,635,158,3,0
133,645,158,3,0
134,635,159,3,0
134,645,159,3,0
135,635,160,3,0
135,645,160,3,0
136,635,135,1,2
136,645,135,1,2
137,635,136,1,2
137,645,136,1,2
138,635,137,1,2
138,645,137,1,2
139,635,138,1,2
139,645,138,1,2
140,635,139,1,2
140,645,139,1,2
142,635,143,2,1
142,645,143,2,1
143,635,144,2,1
143,645,144,2,1
143,704,144,2,1
144,635,145,2,1
144,645,145,2,1
145,635,146,2,1
145,645,146,2,1
146,635,147,2,1
146,645,147,2,1
147,635,172,3,0
147,645,172,3,0
148,635,173,3,0
148,645,173,3,0
149,635,174,3,0
149,645,174,3,0
150,635,175,2,0
150,645,175,2,0
151,635,176,3,0
151,645,176,3,0
151,704,176,3,0
152,635,177,3,0
152,645,177,3,0
154,635,179,3,0
154,645,179,3,0
155,635,180,3,0
155,645,180,3,0
155,704,180,3,0
156,635,181,3,0
156,645,181,3,0
157,635,182,3,0
157,645,182,3,0
158,635,183,3,0
158,645,183,3,0
159,635,184,3,0
159,645,184,3,0
160,635,185,3,0
160,645,185,3,0
161,635,160,1,2
161,645,160,1,2
162,635,161,1,2
162,645,161,1,2
163,635,162,1,2
163,645,162,1,2
164,635,163,1,2
164,645,163,1,2
165,635,164,1,2
165,645,164,1,2
167,635,168,2,1
167,645,168,2,1
168,635,169,2,1
168,645,169,2,1
168,704,169,2,1
169,635,170,2,1
169,645,170,2,1
170,635,171,2,1
170,645,171,2,1
171,635,172,2,1
171,645,172,2,1
172,635,197,3,0
172,645,197,3,0
173,635,198,3,0
173,645,198,3,0
174,635,199,3,0
174,645,199,3,0
175,635,200,2,0
175,645,200,2,0
176,635,201,3,0
176,645,201,3,0
176,704,201,3,0
177,635,202,3,0
177,645,202,3,0
179,635,204,3,0
179,645,204,3,0
180,635,205,3,0
180,645,205,3,0
180,704,205,3,0
181,635,206,3,0
181,645,206,3,0
182,635,207,3,0
182,645,207,3,0
183,635,208,3,0
183,645,208,3,0
184,635,209,3,0
184,645,209,3,0
185,635,210,3,0
185,645,210,3,0
186,635,185,1,2
186,645,185,1,2
187,635,186,1,2
187,645,186,1,2
188,635,187,1,2
188,645,187,1,2
189,635,188,1,2
189,645,188,1,2
190,635,189,1,2
190,645,189,1,2
192,635,193,2,1
192,645,193,2,1
193,635,194,2,1
193,645,194,2,1
193,704,194,2,1
194,635,195,2,1
194,645,195,2,1
195,635,196,2,1
195,645,196,2,1
196,635,197,2,1
196,645,197,2,1
197,635,222,3,0
197,645,222,3,0
198,635,223,3,0
198,645,223,3,0
199,635,224,3,0
199,645,224,3,0
200,635,201,1,1
200,645,225,2,0
201,635,202,2,1
201,645,226,3,0
201,704,226,3,0
202,635,203,2,1
202,645,227,3,0
204,635,635,14,0
204,645,229,3,0
205,635,204,1,2
205,645,230,3,0
205,704,230,3,0
206,635,205,1,2
206,645,231,3,0
207,635,206,1,2
207,645,232,3,0
208,635,207,1,2
208,645,233,3,0
209,635,208,1,2
209,645,234,3,0
210,635,209,1,2
210,645,235,3,0
211,635,210,1,2
211,645,210,1,2
212,635,211,1,2
212,645,211,1,2
213,635,212,1,2
213,645,212,1,2
214,635,213,1,2
214,645,213,1,2
215,635,214,1,2
215,645,214,1,2
217,635,218,2,1
217,645,218,2,1
218,635,219,2,1
218,645,219,2,1
218,704,219,2,1
219,635,220,2,1
219,645,220,2,1
220,635,221,2,1
220,645,221,2,1
221,635,222,2,1
221,645,222,2,1
222,635,223,2,1
222,645,247,3,0
223,635,224,2,1
223,645,248,3,0
224,635,200,2,3
224,645,249,3,0
225,635,200,0,2
225,645,250,2,0
226,635,201,0,3
226,645,251,3,0
226,704,251,3,0
227,635,202,0,3
227,645,252,3,0
229,635,204,0,3
229,645,254,3,0
230,635,205,0,3
230,645,255,3,0
230,704,255,3,0
231,635,206,0,3
231,645,256,3,0
232,635,207,0,3
232,645,257,3,0
233,635,208,0,3
233,645,258,3,0
234,635,209,0,3
234,645,259,3,0
235,645,260,3,0
236,635,235,1,2
236,645,235,1,2
237,635,236,1,2
237,645,236,1,2
238,635,237,1,2
238,645,237,1,2
239,635,238,1,2
239,645,238,1,2
240,635,239,1,2
240,645,239,1,2
242,635,243,2,1
242,645,243,2,1
243,635,244,2,1
243,645,244,2,1
243,704,244,2,1
244,635,245,2,1
244,645,245,2,1
245,635,246,2,1
245,645,246,2,1
246,635,247,2,1
246,645,247,2,1
247,645,272,3,0
248,635,223,0,3
248,645,273,3,0
249,635,224,0,3
249,645,274,3,0
250,635,225,0,2
250,645,275,2,0
251,635,226,0,3
251,645,276,3,0
251,704,276,3,0
252,635,227,0,3
252,645,277,3,0
254,635,229,0,3
254,645,279,3,0
255,635,230,0,3
255,645,280,3,0
255,704,280,3,0
256,635,231,0,3
256,645,281,3,0
257,635,232,0,3
257,645,282,3,0
258,635,233,0,3
258,645,283,3,0
259,635,234,0,3
259,645,284,3,0
260,635,235,0,3
260,645,285,3,0
261,635,260,1,2
261,645,260,1,2
262,635,261,1,2
262,645,261,1,2
263,635,262,1,2
263,645,262,1,2
264,635,263,1,2
264,645,263,1,2
265,635,264,1,2
265,645,264,1,2
267,635,268,2,1
267,645,268,2,1
268,635,269,2,1
268,645,269,2,1
268,704,269,2,1
269,635,270,2,1
269,645,270,2,1
270,635,271,2,1
270,645,271,2,1
271,635,272,2,1
271,645,272,2,1
272,635,247,0,3
272,645,297,3,0
273,635,248,0,3
273,645,298,3,0
274,635,249,0,3
274,645,299,3,0
275,635,250,0,2
275,645,300,2,0
276,635,251,0,3
276,645,301,3,0
276,704,301,3,0
277,635,252,0,3
277,645,302,3,0
279,635,254,0,3
279,645,304,3,0
280,635,255,0,3
280,645,305,3,0
280,704,305,3,0
281,635,256,0,3
281,645,306,3,0
282,635,257,0,3
282,645,307,3,0
283,635,258,0,3
283,645,308,3,0
284,635,259,0,3
284,645,309,3,0
285,635,260,0,3
285,645,310,3,0
286,635,285,1,2
286,645,285,1,2
287,635,286,1,2
287,645,286,1,2
288,635,287,1,2
288,645,287,1,2
289,635,288,1,2
289,645,288,1,2
290,635,289,1,2
290,645,289,1,2
292,635,293,2,1
292,645,293,2,1
293,635,294,2,1
293,645,294,2,1
293,704,294,2,1
294,635,295,2,1
294,645,295,2,1
295,635,296,2,1
295,645,296,2,1
296,635,297,2,1
296,645,297,2,1
297,635,272,0,3
297,645,322,3,0
298,635,273,0,3
298,645,323,3,0
299,635,274,0,3
299,645,324,3,0
300,635,275,0,2
300,645,325,2,0
301,635,276,0,3
301,645,326,3,0
301,704,326,3,0
302,635,277,0,3
302,645,327,3,0
304,635,279,0,3
304,645,329,3,0
305,635,280,0,3
305,645,330,3,0
305,704,330,3,0
306,635,281,0,3
306,645,331,3,0
307,635,282,0,3
307,645,332,3,0
308,635,283,0,3
308,645,333,3,0
309,635,284,0,3
309,645,334,3,0
310,635,285,0,3
310,645,335,3,0
311,635,310,1,2
311,645,310,1,2
312,635,311,1,2
312,645,311,1,2
313,635,312,1,2
313,645,312,1,2
314,635,313,1,2
314,645,313,1,2
315,635,314,1,2
315,645,314,1,2
317,635,318,2,1
317,645,318,2,1
318,635,319,2,1
318,645,319,2,1
318,704,319,2,1
319,635,320,2,1
319,645,320,2,1
320,635,321,2,1
320,645,321,2,1
321,635,322,2,1
321,645,322,2,1
322,635,297,0,3
322,645,347,3,0
323,635,298,0,3
323,645,348,3,0
324,635,299,0,3
324,645,349,3,0
325,635,300,0,2
325,645,326,1,1
326,635,301,0,3
326,645,327,2,1
326,704,351,3,0
327,635,302,0,3
327,645,328,2,1
329,635,304,0,3
329,645,645,24,0
330,635,305,0,3
330,645,329,1,2
330,704,355,3,0
331,635,306,0,3
331,645,330,1,2
332,633,633,12,0
332,635,307,0,3
332,645,331,1,2
333,633,332,1,2
333,635,308,0,3
333,645,332,1,2
334,633,333,1,2
334,635,309,0,3
334,645,333,1,2
335,633,334,1,2
335,635,310,0,3
335,645,334,1,2
336,635,335,1,2
336,645,335,1,2
337,635,336,1,2
337,645,336,1,2
338,635,337,1,2
338,645,337,1,2
339,635,338,1,2
339,645,338,1,2
340,635,339,1,2
340,645,339,1,2
342,635,343,2,1
342,645,343,2,1
343,635,344,2,1
343,645,344,2,1
343,704,344,2,1
344,635,345,2,1
344,645,345,2,1
345,635,346,2,1
345,645,346,2,1
346,635,347,2,1
346,645,347,2,1
347,633,348,2,1
347,635,322,0,3
347,645,348,2,1
348,633,349,2,1
348,635,323,0,3
348,645,349,2,1
349,633,325,2,3
349,635,324,0,3
349,645,325,2,3
350,635,325,0,2
350,645,325,0,2
350,704,375,2,0
351,635,326,0,3
351,645,326,0,3
351,704,376,3,0
352,635,327,0,3
352,645,327,0,3
354,635,329,0,3
354,645,329,0,3
355,635,330,0,3
355,645,330,0,3
355,704,380,3,0
356,635,331,0,3
356,645,331,0,3
356,704,381,3,0
357,633,332,0,3
357,635,332,0,3
357,645,332,0,3
357,704,382,3,0
358,633,333,0,3
358,635,333,0,3
358,645,333,0,3
358,704,383,3,0
359,633,334,0,3
359,635,334,0,3
359,645,334,0,3
359,704,384,3,0
360,633,335,0,3
360,635,335,0,3
360,645,335,0,3
360,704,385,3,0
361,635,360,1,2
361,645,360,1,2
362,635,361,1,2
362,645,361,1,2
363,635,362,1,2
363,645,362,1,2
364,635,363,1,2
364,645,363,1,2
365,635,364,1,2
365,645,364,1,2
367,635,368,2,1
367,645,368,2,1
368,635,369,2,1
368,645,369,2,1
368,704,369,2,1
369,635,370,2,1
369,645,370,2,1
370,635,371,2,1
370,645,371,2,1
371,635,372,2,1
371,645,372,2,1
372,633,347,0,3
372,635,347,0,3
372,645,347,0,3
372,704,397,3,0
373,633,348,0,3
373,635,348,0,3
373,645,348,0,3
373,704,398,3,0
374,633,349,0,3
374,635,349,0,3
374,645,349,0,3
374,704,399,3,0
375,635,350,0,2
375,645,350,0,2
375,704,376,1,1
376,635,351,0,3
376,645,351,0,3
377,635,352,0,3
377,645,352,0,3
379,635,354,0,3
379,645,354,0,3
380,635,355,0,3
380,645,355,0,3
380,704,704,83,0
381,635,356,0,3
381,645,356,0,3
381,704,380,1,2
382,635,357,0,3
382,645,357,0,3
382,704,381,1,2
383,635,358,0,3
383,645,358,0,3
383,704,382,1,2
384,635,359,0,3
384,645,359,0,3
384,704,383,1,2
385,635,360,0,3
385,645,360,0,3
385,704,384,1,2
386,635,385,1,2
386,645,385,1,2
387,635,386,1,2
387,645,386,1,2
388,635,387,1,2
388,645,387,1,2
389,635,388,1,2
389,645,388,1,2
390,635,389,1,2
390,645,389,1,2
392,635,393,2,1
392,645,393,2,1
393,635,394,2,1
393,645,394,2,1
393,704,394,2,1
394,635,395,2,1
394,645,395,2,1
395,635,396,2,1
395,645,396,2,1
396,635,397,2,1
396,645,397,2,1
397,635,372,0,3
397,645,372,0,3
397,704,398,2,1
398,635,373,0,3
398,645,373,0,3
398,704,399,2,1
399,635,374,0,3
399,645,374,0,3
399,704,375,2,3
400,635,375,0,2
400,645,375,0,2
401,635,376,0,3
401,645,376,0,3
401,704,376,0,3
402,635,377,0,3
402,645,377,0,3
404,635,379,0,3
404,645,379,0,3
405,635,380,0,3
405,645,380,0,3
405,704,380,0,3
406,635,381,0,3
406,645,381,0,3
407,635,382,0,3
407,645,382,0,3
408,635,383,0,3
408,645,383,0,3
409,635,384,0,3
409,645,384,0,3
410,635,385,0,3
410,645,385,0,3
411,635,410,1,2
411,645,410,1,2
412,635,411,1,2
412,645,411,1,2
413,635,412,1,2
413,645,412,1,2
414,635,413,1,2
414,645,413,1,2
415,635,414,1,2
415,645,414,1,2
417,635,418,2,1
417,645,418,2,1
418,635,419,2,1
418,645,419,2,1
418,704,419,2,1
419,635,420,2,1
419,645,420,2,1
420,635,421,2,1
420,645,421,2,1
421,635,422,2,1
421,645,422,2,1
422,635,397,0,3
422,645,397,0,3
423,635,398,0,3
423,645,398,0,3
424,635,399,0,3
424,645,399,0,3
425,635,400,0,2
425,645,400,0,2
426,635,401,0,3
426,645,401,0,3
426,704,401,0,3
427,635,402,0,3
427,645,402,0,3
429,635,404,0,3
429,645,404,0,3
430,635,405,0,3
430,645,405,0,3
430,704,405,0,3
431,635,406,0,3
431,645,406,0,3
432,635,407,0,3
432,645,407,0,3
433,635,408,0,3
433,645,408,0,3
434,635,409,0,3
434,645,409,0,3
435,635,410,0,3
435,645,410,0,3
436,635,435,1,2
436,645,435,1,2
437,635,436,1,2
437,645,436,1,2
438,635,437,1,2
438,645,437,1,2
439,635,438,1,2
439,645,438,1,2
440,635,439,1,2
440,645,439,1,2
442,635,443,2,1
442,645,443,2,1
443,635,444,2,1
443,645,444,2,1
443,704,444,2,1
444,635,445,2,1
444,645,445,2,1
445,635,446,2,1
445,645,446,2,1
446,635,447,2,1
446,645,447,2,1
447,635,422,0,3
447,645,422,0,3
448,635,423,0,3
448,645,423,0,3
449,635,424,0,3
449,645,424,0,3
450,635,425,0,2
450,645,425,0,2
451,635,426,0,3
451,645,426,0,3
451,704,426,0,3
452,635,427,0,3
452,645,427,0,3
454,635,429,0,3
454,645,429,0,3
455,635,430,0,3
455,645,430,0,3
455,704,430,0,3
456,635,431,0,3
456,645,431,0,3
457,635,432,0,3
457,645,432,0,3
458,635,433,0,3
458,645,433,0,3
459,635,434,0,3
459,645,434,0,3
460,635,435,0,3
460,645,435,0,3
461,635,460,1,2
461,645,460,1,2
462,635,461,1,2
462,645,461,1,2
463,635,462,1,2
463,645,462,1,2
464,635,463,1,2
464,645,463,1,2
465,635,464,1,2
465,645,464,1,2
467,635,468,2,1
467,645,468,2,1
468,635,469,2,1
468,645,469,2,1
468,704,469,2,1
469,635,470,2,1
469,645,470,2,1
470,635,471,2,1
470,645,471,2,1
471,635,472,2,1
471,645,472,2,1
472,635,447,0,3
472,645,447,0,3
473,635,448,0,3
473,645,448,0,3
474,635,449,0,3
474,645,449,0,3
475,635,450,0,2
475,645,450,0,2
476,635,451,0,3
476,645,451,0,3
476,704,451,0,3
477,635,452,0,3
477,645,452,0,3
479,635,454,0,3
479,645,454,0,3
480,635,455,0,3
480,645,455,0,3
480,704,455,0,3
481,635,456,0,3
481,645,456,0,3
482,635,457,0,3
482,645,457,0,3
483,635,458,0,3
483,645,458,0,3
484,635,459,0,3
484,645,459,0,3
485,635,460,0,3
485,645,460,0,3
486,635,485,1,2
486,645,485,1,2
487,635,486,1,2
487,645,486,1,2
488,635,487,1,2
488,645,487,1,2
489,635,488,1,2
489,645,488,1,2
490,635,489,1,2
490,645,489,1,2
492,635,493,2,1
492,645,493,2,1
493,635,494,2,1
493,645,494,2,1
493,704,494,2,1
494,635,495,2,1
494,645,495,2,1
495,635,496,2,1
495,645,496,2,1
496,635,497,2,1
496,645,497,2,1
497,635,472,0,3
497,645,472,0,3
498,635,473,0,3
498,645,473,0,3
499,635,474,0,3
499,645,474,0,3
500,635,475,0,2
500,645,475,0,2
501,635,476,0,3
501,645,476,0,3
501,704,476,0,3
502,635,477,0,3
502,645,477,0,3
504,635,479,0,3
504,645,479,0,3
505,635,480,0,3
505,645,480,0,3
505,704,480,0,3
506,635,481,0,3
506,645,481,0,3
507,635,482,0,3
507,645,482,0,3
508,635,483,0,3
508,645,483,0,3
509,635,484,0,3
509,645,484,0,3
510,635,485,0,3
510,645,485,0,3
511,635,510,1,2
511,645,510,1,2
512,635,511,1,2
512,645,511,1,2
513,635,512,1,2
513,645,512,1,2
514,635,513,1,2
514,645,513,1,2
515,635,514,1,2
515,645,514,1,2
517,635,518,2,1
517,645,518,2,1
518,635,519,2,1
518,645,519,2,1
518,704,519,2,1
519,635,520,2,1
519,645,520,2,1
520,635,521,2,1
520,645,521,2,1
521,635,522,2,1
521,645,522,2,1
522,635,497,0,3
522,645,497,0,3
523,635,498,0,3
523,645,498,0,3
524,635,499,0,3
524,645,499,0,3
525,635,550,2,0
525,645,500,0,2
526,635,551,3,0
526,645,501,0,3
526,704,501,0,3
527,635,552,3,0
527,645,502,0,3
529,635,554,3,0
529,645,504,0,3
530,635,555,3,0
530,645,505,0,3
530,704,505,0,3
531,635,556,3,0
531,645,506,0,3
532,635,557,3,0
532,645,507,0,3
533,635,558,3,0
533,645,508,0,3
534,635,559,3,0
534,645,509,0,3
535,645,510,0,3
536,635,535,1,2
536,645,535,1,2
537,635,536,1,2
537,645,536,1,2
538,635,537,1,2
538,645,537,1,2
539,635,538,1,2
539,645,538,1,2
540,635,539,1,2
540,645,539,1,2
542,635,543,2,1
542,645,543,2,1
543,635,544,2,1
543,645,544,2,1
543,704,544,2,1
544,635,545,2,1
544,645,545,2,1
545,635,546,2,1
545,645,546,2,1
546,635,547,2,1
546,645,547,2,1
547,645,522,0,3
548,635,573,3,0
548,645,523,0,3
549,635,574,3,0
549,645,524,0,3
550,635,575,2,0
550,645,525,0,2
551,635,576,3,0
551,645,526,0,3
551,704,526,0,3
552,635,577,3,0
552,645,527,0,3
554,635,579,3,0
554,645,529,0,3
555,635,580,3,0
555,645,530,0,3
555,704,530,0,3
556,635,581,3,0
556,645,531,0,3
557,635,582,3,0
557,645,532,0,3
558,635,583,3,0
558,645,533,0,3
559,635,584,3,0
559,645,534,0,3
560,635,585,3,0
560,645,535,0,3
561,635,560,1,2
561,645,560,1,2
562,635,561,1,2
562,645,561,1,2
563,635,562,1,2
563,645,562,1,2
564,635,563,1,2
564,645,563,1,2
565,635,564,1,2
565,645,564,1,2
567,635,568,2,1
567,645,568,2,1
568,635,569,2,1
568,645,569,2,1
568,704,569,2,1
569,635,570,2,1
569,645,570,2,1
570,635,571,2,1
570,645,571,2,1
571,635,572,2,1
571,645,572,2,1
572,635,597,3,0
572,645,547,0,3
573,635,598,3,0
573,645,548,0,3
574,635,599,3,0
574,645,549,0,3
575,635,600,2,0
575,645,550,0,2
576,635,601,3,0
576,645,551,0,3
576,704,551,0,3
577,635,602,3,0
577,645,552,0,3
579,635,604,3,0
579,645,554,0,3
580,635,605,3,0
580,645,555,0,3
580,704,555,0,3
581,635,606,3,0
581,645,556,0,3
582,635,607,3,0
582,645,557,0,3
583,635,608,3,0
583,645,558,0,3
584,635,609,3,0
584,645,559,0,3
585,635,610,3,0
585,645,560,0,3
586,635,585,1,2
586,645,585,1,2
587,635,586,1,2
587,645,586,1,2
588,635,587,1,2
588,645,587,1,2
589,635,588,1,2
589,645,588,1,2
590,635,589,1,2
590,645,589,1,2
592,635,593,2,1
592,645,593,2,1
593,635,594,2,1
593,645,594,2,1
593,704,594,2,1
594,635,595,2,1
594,645,595,2,1
595,635,596,2,1
595,645,596,2,1
596,635,597,2,1
596,645,597,2,1
597,635,622,3,0
597,645,572,0,3
598,635,623,3,0
598,645,573,0,3
599,635,624,3,0
599,645,574,0,3
600,635,0,2,3
600,645,575,0,2
601,635,1,3,3
601,645,576,0,3
601,704,576,0,3
602,635,2,3,3
602,645,577,0,3
604,635,4,3,3
604,645,579,0,3
605,635,5,3,3
605,645,580,0,3
605,704,580,0,3
606,635,6,3,3
606,645,581,0,3
607,635,7,3,3
607,645,582,0,3
608,635,8,3,3
608,645,583,0,3
609,635,9,3,3
609,645,584,0,3
610,635,10,3,3
610,645,585,0,3
611,635,610,1,2
611,645,610,1,2
612,635,611,1,2
612,645,611,1,2
613,635,612,1,2
613,645,612,1,2
614,635,613,1,2
614,645,613,1,2
615,635,614,1,2
615,645,614,1,2
617,635,618,2,1
617,645,618,2,1
618,635,619,2,1
618,645,619,2,1
618,704,619,2,1
619,635,620,2,1
619,645,620,2,1
620,635,621,2,1
620,645,621,2,1
621,635,622,2,1
621,645,622,2,1
622,635,22,3,3
622,645,597,0,3
623,635,23,3,3
623,645,598,0,3
624,635,24,3,3
624,645,599,0,3
633,625,332,0,12
633,626,332,0,12
633,627,332,0,12
633,628,332,0,12
633,629,332,0,12
633,630,332,0,12
633,631,332,0,12
633,632,332,0,12
633,634,332,0,12
633,635,332,0,12
633,636,332,0,12
633,637,332,0,12
633,638,332,0,12
633,639,332,0,12
633,640,332,0,12
633,641,332,0,12
633,642,332,0,12
633,643,332,0,12
633,644,332,0,12
633,645,332,0,12
633,646,332,0,12
633,647,332,0,12
633,648,332,0,12
633,649,332,0,12
633,650,332,0,12
633,651,332,0,12
633,652,332,0,12
633,653,332,0,12
633,654,332,0,12
633,655,332,0,12
633,656,332,0,12
633,657,332,0,12
633,658,332,0,12
633,659,332,0,12
633,660,332,0,12
633,661,332,0,12
633,662,332,0,12
633,663,332,0,12
633,664,332,0,12
633,665,332,0,12
633,666,332,0,12
633,667,332,0,12
633,668,332,0,12
633,669,332,0,12
633,670,332,0,12
633,671,332,0,12
633,672,332,0,12
633,673,332,0,12
633,674,332,0,12
633,675,332,0,12
633,676,332,0,12
633,677,332,0,12
633,678,332,0,12
633,679,332,0,12
633,680,332,0,12
633,681,332,0,12
633,682,332,0,12
633,683,332,0,12
633,684,332,0,12
633,685,332,0,12
633,686,332,0,12
633,687,332,0,12
633,688,332,0,12
633,689,332,0,12
633,690,332,0,12
633,691,332,0,12
633,692,332,0,12
633,693,332,0,12
633,694,332,0,12
633,695,332,0,12
633,696,332,0,12
633,697,332,0,12
633,698,332,0,12
633,699,332,0,12
633,700,332,0,12
633,701,332,0,12
633,702,332,0,12
633,703,332,0,12
633,704,332,0,12
633,705,332,0,12
633,706,332,0,12
633,707,332,0,12
633,708,332,0,12
633,709,332,0,12
633,710,332,0,12
633,711,332,0,12
633,712,332,0,12
633,713,332,0,12
633,714,332,0,12
633,715,332,0,12
633,716,332,0,12
633,717,332,0,12
633,718,332,0,12
633,719,332,0,12
633,720,332,0,12
633,721,332,0,12
633,722,332,0,12
633,723,332,0,12
633,724,332,0,12
635,625,204,0,14
635,626,204,0,14
635,627,204,0,14
635,628,204,0,14
635,629,204,0,14
635,630,204,0,14
635,631,204,0,14
635,632,204,0,14
635,633,204,0,14
635,634,204,0,14
635,636,204,0,14
635,637,204,0,14
635,638,204,0,14
635,639,204,0,14
635,640,204,0,14
635,641,204,0,14
635,642,204,0,14
635,643,204,0,14
635,644,204,0,14
635,645,204,0,14
635,646,204,0,14
635,647,204,0,14
635,648,204,0,14
635,649,204,0,14
635,650,204,0,14
635,651,204,0,14
635,652,204,0,14
635,653,204,0,14
635,654,204,0,14
635,655,204,0,14
635,656,204,0,14
635,657,204,0,14
635,658,204,0,14
635,659,204,0,14
635,660,204,0,14
635,661,204,0,14
635,662,204,0,14
635,663,204,0,14
635,664,204,0,14
635,665,204,0,14
635,666,204,0,14
635,667,204,0,14
635,668,204,0,14
635,669,204,0,14
635,670,204,0,14
635,671,204,0,14
635,672,204,0,14
635,673,204,0,14
635,674,204,0,14
635,675,204,0,14
635,676,204,0,14
635,677,204,0,14
635,678,204,0,14
635,679,204,0,14
635,680,204,0,14
635,681,204,0,14
635,682,204,0,14
635,683,204,0,14
635,684,204,0,14
635,685,204,0,14
635,686,204,0,14
635,687,204,0,14
635,688,204,0,14
635,689,204,0,14
635,690,204,0,14
635,691,204,0,14
635,692,204,0,14
635,693,204,0,14
635,694,204,0,14
635,695,204,0,14
635,696,204,0,14
635,697,204,0,14
635,698,204,0,14
635,699,204,0,14
635,700,204,0,14
635,701,204,0,14
635,702,204,0,14
635,703,204,0,14
635,704,204,0,14
635,705,204,0,14
635,706,204,0,14
635,707,204,0,14
635,708,204,0,14
635,709,204,0,14
635,710,204,0,14
635,711,204,0,14
635,712,204,0,14
635,713,204,0,14
635,714,204,0,14
635,715,204,0,14
635,716,204,0,14
635,717,204,0,14
635,718,204,0,14
635,719,204,0,14
635,720,204,0,14
635,721,204,0,14
635,722,204,0,14
635,723,204,0,14
635,724,204,0,14
645,625,329,0,24
645,626,329,0,24
645,627,329,0,24
645,628,329,0,24
645,629,329,0,24
645,630,329,0,24
645,631,329,0,24
645,632,329,0,24
645,633,329,0,24
645,634,329,0,24
645,635,329,0,24
645,636,329,0,24
645,637,329,0,24
645,638,329,0,24
645,639,329,0,24
645,640,329,0,24
645,641,329,0,24
645,642,329,0,24
645,643,329,0,24
645,644,329,0,24
645,646,329,0,24
645,647,329,0,24
645,648,329,0,24
645,649,329,0,24
645,650,329,0,24
645,651,329,0,24
645,652,329,0,24
645,653,329,0,24
645,654,329,0,24
645,655,329,0,24
645,656,329,0,24
645,657,329,0,24
645,658,329,0,24
645,659,329,0,24
645,660,329,0,24
645,661,329,0,24
645,662,329,0,24
645,663,329,0,24
645,664,329,0,24
645,665,329,0,24
645,666,329,0,24
645,667,329,0,24
645,668,329,0,24
645,669,329,0,24
645,670,329,0,24
645,671,329,0,24
645,672,329,0,24
645,673,329,0,24
645,674,329,0,24
645,675,329,0,24
645,676,329,0,24
645,677,329,0,24
645,678,329,0,24
645,679,329,0,24
645,680,329,0,24
645,681,329,0,24
645,682,329,0,24
645,683,329,0,24
645,684,329,0,24
645,685,329,0,24
645,686,329,0,24
645,687,329,0,24
645,688,329,0,24
645,689,329,0,24
645,690,329,0,24
645,691,329,0,24
645,692,329,0,24
645,693,329,0,24
645,694,329,0,24
645,695,329,0,24
645,696,329,0,24
645,697,329,0,24
645,698,329,0,24
645,699,329,0,24
645,700,329,0,24
645,701,329,0,24
645,702,329,0,24
645,703,329,0,24
645,704,329,0,24
645,705,329,0,24
645,706,329,0,24
645,707,329,0,24
645,708,329,0,24
645,709,329,0,24
645,710,329,0,24
645,711,329,0,24
645,712,329,0,24
645,713,329,0,24
645,714,329,0,24
645,715,329,0,24
645,716,329,0,24
645,717,329,0,24
645,718,329,0,24
645,719,329,0,24
645,720,329,0,24
645,721,329,0,24
645,722,329,0,24
645,723,329,0,24
645,724,329,0,24
704,625,380,0,83
704,626,380,0,83
704,627,380,0,83
704,628,380,0,83
704,629,380,0,83
704,630,380,0,83
704,631,380,0,83
704,632,380,0,83
704,633,380,0,83
704,634,380,0,83
704,635,380,0,83
704,636,380,0,83
704,637,380,0,83
704,638,380,0,83
704,639,380,0,83
704,640,380,0,83
704,641,380,0,83
704,642,380,0,83
704,643,380,0,83
704,644,380,0,83
704,645,380,0,83
704,646,380,0,83
704,647,380,0,83
704,648,380,0,83
704,649,380,0,83
704,650,380,0,83
704,651,380,0,83
704,652,380,0,83
704,653,380,0,83
704,654,380,0,83
704,655,380,0,83
704,656,380,0,83
704,657,380,0,83
704,658,380,0,83
704,659,380,0,83
704,660,380,0,83
704,661,380,0,83
704,662,380,0,83
704,663,380,0,83
704,664,380,0,83
704,665,380,0,83
704,666,380,0,83
704,667,380,0,83
704,668,380,0,83
704,669,380,0,83
704,670,380,0,83
704,671,380,0,83
704,672,380,0,83
704,673,380,0,83
704,674,380,0,83
704,675,380,0,83
704,676,380,0,83
704,677,380,0,83
704,678,380,0,83
704,679,380,0,83
704,680,380,0,83
704,681,380,0,83
704,682,380,0,83
704,683,380,0,83
704,684,380,0,83
704,685,380,0,83
704,686,380,0,83
704,687,380,0,83
704,688,380,0,83
704,689,380,0,83
704,690,380,0,83
704,691,380,0,83
704,692,380,0,83
704,693,380,0,83
704,694,380,0,83
704,695,380,0,83
704,696,380,0,83
704,697,380,0,83
704,698,380,0,83
704,699,380,0,83
704,700,380,0,83
704,701,380,0,83
704,702,380,0,83
704,703,380,0,83
704,705,380,0,83
704,706,380,0,83
704,707,380,0,83
704,708,380,0,83
704,709,380,0,83
704,710,380,0,83
704,711,380,0,83
704,712,380,0,83
704,713,380,0,83
704,714,380,0,83
704,715,380,0,83
704,716,380,0,83
704,717,380,0,83
704,718,380,0,83
704,719,380,0,83
704,720,380,0,83
704,721,380,0,83
704,722,380,0,83
704,723,380,0,83
704,724,380,0,83
