0,675,24,2,1
1,675,0,0,0
2,675,3,1,0
3,675,4,1,0
4,675,5,1,0
5,675,6,1,0
5,687,6,1,0
6,675,7,1,0
6,687,7,1,0
7,664,32,2,0
7,675,8,1,0
7,687,8,1,0
8,675,33,2,0
8,687,608,3,3
9,675,34,2,0
9,687,609,3,3
10,675,35,2,0
10,687,610,3,3
11,675,36,2,0
11,687,611,3,3
12,675,37,2,0
13,675,38,2,0
14,675,39,2,0
15,675,40,2,0
16,675,41,2,0
17,675,42,2,0
17,687,617,3,3
18,675,43,2,0
18,687,618,3,3
19,675,44,2,0
19,687,619,3,3
20,655,45,2,0
20,664,45,2,0
20,675,45,2,0
20,687,620,3,3
20,706,45,2,0
20,712,45,2,0
20,721,45,2,0
21,646,22,1,0
21,672,22,1,0
21,675,20,0,1
21,687,20,0,1
21,716,22,1,0
22,638,23,1,0
22,675,21,0,1
22,685,23,1,0
22,687,21,0,1
22,694,23,1,0
22,703,23,1,0
23,675,22,0,1
23,687,22,0,1
24,675,23,0,1
25,675,49,3,2
26,675,25,1,1
27,675,28,2,1
28,675,29,2,1
29,675,30,2,1
30,675,31,2,1
30,687,31,2,1
31,675,32,2,1
31,687,32,2,1
32,664,57,3,0
32,675,33,2,1
32,687,33,2,1
33,675,58,3,0
33,687,8,0,2
34,675,59,3,0
34,687,9,0,2
35,675,60,3,0
35,687,10,0,2
36,675,61,3,0
36,687,11,0,2
37,675,62,3,0
38,675,63,3,0
39,675,64,3,0
40,675,65,3,0
41,675,66,3,0
42,675,67,3,0
42,687,17,0,2
43,675,68,3,0
43,687,18,0,2
44,675,69,3,0
44,687,19,0,2
45,655,70,3,0
45,664,70,3,0
45,675,70,3,0
45,687,20,0,2
45,706,70,3,0
45,712,70,3,0
45,721,70,3,0
46,646,47,2,1
46,672,47,2,1
46,675,45,1,2
46,687,45,1,2
46,716,47,2,1
47,638,48,2,1
47,675,46,1,2
47,685,48,2,1
47,687,46,1,2
47,694,48,2,1
47,703,48,2,1
48,675,47,1,2
48,687,47,1,2
49,675,48,1,2
50,675,74,3,2
51,675,50,1,1
52,675,53,2,1
53,675,54,2,1
54,675,55,2,1
55,675,56,2,1
55,687,56,2,1
56,675,57,2,1
56,687,57,2,1
57,664,82,3,0
57,675,58,2,1
57,687,58,2,1
58,675,83,3,0
59,675,84,3,0
59,687,84,3,0
60,675,85,3,0
60,687,85,3,0
61,675,86,3,0
61,687,86,3,0
62,675,87,3,0
63,675,88,3,0
64,675,89,3,0
65,675,90,3,0
66,675,91,3,0
67,675,92,3,0
67,687,92,3,0
68,675,93,3,0
68,687,93,3,0
69,675,94,3,0
69,687,94,3,0
70,664,95,3,0
70,675,95,3,0
70,706,95,3,0
70,712,95,3,0
70,721,95,3,0
71,646,72,2,1
71,672,72,2,1
71,675,70,1,2
71,687,70,1,2
71,716,72,2,1
72,638,73,2,1
72,675,71,1,2
72,685,73,2,1
72,687,71,1,2
72,694,73,2,1
72,703,73,2,1
73,675,72,1,2
73,687,72,1,2
74,675,73,1,2
75,675,99,3,2
76,675,75,1,1
77,675,78,2,1
78,675,79,2,1
79,675,80,2,1
80,675,81,2,1
80,687,81,2,1
81,675,82,2,1
81,687,82,2,1
82,664,107,3,0
82,675,83,2,1
82,687,83,2,1
83,675,84,2,1
83,722,84,2,1
84,675,85,2,1
84,687,109,3,0
84,722,85,2,1
85,675,86,2,1
85,687,110,3,0
85,722,722,101,0
86,675,87,2,1
86,687,111,3,0
87,675,88,2,1
88,675,89,2,1
89,675,675,54,0
90,675,89,1,2
91,675,90,1,2
92,675,91,1,2
92,687,117,3,0
93,675,92,1,2
93,687,118,3,0
93,722,92,1,2
94,675,93,1,2
94,687,119,3,0
94,722,93,1,2
95,655,70,0,3
95,664,120,3,0
95,675,94,1,2
95,712,120,3,0
95,721,120,3,0
95,722,94,1,2
96,672,97,2,1
96,675,95,1,2
96,687,95,1,2
96,716,97,2,1
97,638,98,2,1
97,675,96,1,2
97,685,98,2,1
97,687,96,1,2
97,694,98,2,1
97,703,98,2,1
98,675,97,1,2
98,687,97,1,2
99,675,98,1,2
100,675,124,3,2
101,675,100,1,1
102,675,103,2,1
103,675,104,2,1
104,675,105,2,1
105,675,106,2,1
105,687,106,2,1
106,675,107,2,1
106,687,107,2,1
107,664,132,3,0
107,675,108,2,1
107,687,108,2,1
108,675,83,0,3
108,722,83,0,3
109,675,84,0,3
109,687,134,3,0
109,722,84,0,3
110,675,85,0,3
110,687,135,3,0
110,722,85,0,3
111,675,86,0,3
111,687,136,3,0
112,675,87,0,3
113,675,88,0,3
114,675,89,0,3
115,675,90,0,3
116,675,91,0,3
117,675,92,0,3
117,687,142,3,0
118,675,93,0,3
118,687,143,3,0
118,722,93,0,3
119,675,94,0,3
119,687,144,3,0
119,722,94,0,3
120,655,95,0,3
120,664,145,3,0
120,675,95,0,3
120,706,95,0,3
120,712,145,3,0
120,722,95,0,3
121,646,122,2,1
121,672,122,2,1
121,675,120,1,2
121,687,120,1,2
121,716,122,2,1
122,638,123,2,1
122,675,121,1,2
122,685,123,2,1
122,687,121,1,2
122,694,123,2,1
122,703,123,2,1
123,675,122,1,2
123,687,122,1,2
124,675,123,1,2
125,675,149,3,2
126,675,125,1,1
127,675,128,2,1
128,675,129,2,1
129,675,130,2,1
130,675,131,2,1
130,687,131,2,1
131,675,132,2,1
131,687,132,2,1
132,664,157,3,0
132,675,133,2,1
132,687,133,2,1
133,675,108,0,3
134,675,109,0,3
134,687,159,3,0
135,675,110,0,3
135,687,160,3,0
136,675,111,0,3
136,687,161,3,0
137,675,112,0,3
138,675,113,0,3
139,675,114,0,3
140,675,115,0,3
141,675,116,0,3
142,675,117,0,3
142,687,167,3,0
143,675,118,0,3
143,687,168,3,0
144,675,119,0,3
144,687,169,3,0
145,655,120,0,3
145,664,170,3,0
145,675,120,0,3
145,706,120,0,3
145,721,120,0,3
146,646,147,2,1
146,672,147,2,1
146,675,145,1,2
146,687,145,1,2
146,716,147,2,1
147,638,148,2,1
147,675,146,1,2
147,685,148,2,1
147,687,146,1,2
147,694,148,2,1
148,675,147,1,2
148,687,147,1,2
149,675,148,1,2
150,675,174,3,2
151,675,150,1,1
152,675,153,2,1
153,675,154,2,1
154,675,155,2,1
155,675,156,2,1
155,687,156,2,1
156,675,157,2,1
156,687,157,2,1
157,664,182,3,0
157,675,158,2,1
157,687,158,2,1
158,664,183,3,0
158,675,133,0,3
159,675,134,0,3
159,687,184,3,0
160,675,135,0,3
160,687,185,3,0
161,675,136,0,3
161,687,186,3,0
162,675,137,0,3
163,675,138,0,3
164,675,139,0,3
165,675,140,0,3
166,675,141,0,3
167,675,142,0,3
167,687,192,3,0
168,675,143,0,3
168,687,193,3,0
169,675,144,0,3
169,687,194,3,0
170,655,145,0,3
170,664,195,3,0
170,675,145,0,3
170,706,145,0,3
170,712,145,0,3
170,721,145,0,3
171,646,172,2,1
171,672,172,2,1
171,675,170,1,2
171,687,170,1,2
171,716,172,2,1
172,638,173,2,1
172,675,171,1,2
172,685,173,2,1
172,687,171,1,2
172,694,173,2,1
172,703,173,2,1
173,675,172,1,2
173,687,172,1,2
174,675,173,1,2
175,675,199,3,2
176,675,175,1,1
177,675,178,2,1
178,675,179,2,1
179,675,180,2,1
180,675,181,2,1
180,687,181,2,1
181,675,182,2,1
181,687,182,2,1
182,664,664,43,0
182,675,183,2,1
182,687,183,2,1
183,664,182,1,2
183,675,158,0,3
183,687,208,3,0
184,675,159,0,3
184,687,209,3,0
185,675,160,0,3
185,687,210,3,0
186,675,161,0,3
186,687,211,3,0
187,675,162,0,3
188,675,163,0,3
189,675,164,0,3
190,675,165,0,3
191,675,166,0,3
192,675,167,0,3
192,687,217,3,0
193,675,168,0,3
193,687,218,3,0
194,675,169,0,3
194,687,219,3,0
195,655,170,0,3
195,664,196,2,1
195,675,170,0,3
195,687,220,3,0
195,706,170,0,3
195,712,170,0,3
195,721,170,0,3
196,646,197,2,1
196,672,197,2,1
196,675,195,1,2
196,687,195,1,2
196,716,197,2,1
197,638,198,2,1
197,675,196,1,2
197,685,198,2,1
197,687,196,1,2
197,703,198,2,1
198,675,197,1,2
198,687,197,1,2
199,675,198,1,2
200,675,224,3,2
201,675,200,1,1
202,675,203,2,1
203,675,204,2,1
204,675,205,2,1
205,675,206,2,1
205,687,206,2,1
206,675,207,2,1
206,687,207,2,1
207,664,182,0,3
207,675,208,2,1
207,687,208,2,1
208,675,183,0,3
208,687,233,3,0
209,675,184,0,3
209,687,234,3,0
210,675,185,0,3
210,687,235,3,0
211,675,186,0,3
211,687,236,3,0
212,675,187,0,3
213,675,188,0,3
214,675,189,0,3
215,675,190,0,3
216,675,191,0,3
217,675,192,0,3
217,687,242,3,0
218,675,193,0,3
218,687,243,3,0
219,675,194,0,3
219,687,244,3,0
220,655,195,0,3
220,664,195,0,3
220,675,195,0,3
220,687,245,3,0
220,706,195,0,3
220,712,195,0,3
220,721,195,0,3
221,646,222,2,1
221,675,220,1,2
221,687,220,1,2
221,716,222,2,1
222,638,223,2,1
222,675,221,1,2
222,685,223,2,1
222,687,221,1,2
222,694,223,2,1
222,703,223,2,1
223,675,222,1,2
223,687,222,1,2
224,675,223,1,2
225,675,249,3,2
226,675,225,1,1
227,675,228,2,1
228,675,229,2,1
229,675,230,2,1
230,675,231,2,1
230,687,231,2,1
231,675,232,2,1
231,687,232,2,1
232,664,207,0,3
232,675,233,2,1
232,687,233,2,1
233,675,208,0,3
233,687,258,3,0
234,675,209,0,3
234,687,259,3,0
235,675,210,0,3
235,687,260,3,0
236,675,211,0,3
236,687,261,3,0
237,675,212,0,3
238,675,213,0,3
239,675,214,0,3
240,675,215,0,3
241,675,216,0,3
242,675,217,0,3
242,687,267,3,0
243,675,218,0,3
243,687,268,3,0
244,675,219,0,3
244,687,269,3,0
245,655,220,0,3
245,664,220,0,3
245,675,220,0,3
245,687,270,3,0
245,706,220,0,3
245,712,220,0,3
245,721,220,0,3
246,646,247,2,1
246,672,247,2,1
246,675,245,1,2
246,687,245,1,2
247,638,248,2,1
247,675,246,1,2
247,685,248,2,1
247,687,246,1,2
247,694,248,2,1
247,703,248,2,1
248,675,247,1,2
248,687,247,1,2
249,675,248,1,2
250,675,274,3,2
251,675,250,1,1
252,675,253,2,1
253,675,254,2,1
254,675,255,2,1
255,675,256,2,1
255,687,256,2,1
256,675,257,2,1
256,687,257,2,1
257,664,232,0,3
257,675,258,2,1
257,687,258,2,1
258,675,233,0,3
258,687,283,3,0
259,675,234,0,3
259,687,284,3,0
260,675,235,0,3
260,687,285,3,0
261,675,236,0,3
261,687,286,3,0
262,675,237,0,3
263,675,238,0,3
264,675,239,0,3
265,675,240,0,3
266,675,241,0,3
267,675,242,0,3
267,687,292,3,0
268,675,243,0,3
268,687,293,3,0
269,675,244,0,3
269,687,294,3,0
270,655,245,0,3
270,664,245,0,3
270,675,245,0,3
270,687,295,3,0
270,706,245,0,3
270,712,245,0,3
270,721,245,0,3
271,646,272,2,1
271,672,272,2,1
271,675,270,1,2
271,687,270,1,2
271,716,272,2,1
272,638,273,2,1
272,675,271,1,2
272,685,273,2,1
272,687,271,1,2
272,694,273,2,1
272,703,273,2,1
273,675,272,1,2
273,687,272,1,2
274,675,273,1,2
275,675,299,3,2
276,675,275,1,1
277,675,278,2,1
278,675,279,2,1
279,675,280,2,1
280,675,281,2,1
280,687,281,2,1
281,675,282,2,1
281,687,282,2,1
282,664,257,0,3
282,675,283,2,1
282,687,283,2,1
283,674,308,3,0
283,675,258,0,3
283,687,308,3,0
284,674,309,3,0
284,675,259,0,3
284,687,309,3,0
285,674,310,3,0
285,675,260,0,3
285,687,310,3,0
286,674,311,3,0
286,675,261,0,3
286,687,311,3,0
287,675,262,0,3
288,675,263,0,3
289,675,264,0,3
290,675,265,0,3
291,675,266,0,3
292,675,267,0,3
292,687,317,3,0
293,674,318,3,0
293,675,268,0,3
293,687,318,3,0
294,674,319,3,0
294,675,269,0,3
294,687,319,3,0
295,655,270,0,3
295,664,270,0,3
295,674,320,3,0
295,675,270,0,3
295,687,320,3,0
295,706,270,0,3
295,712,270,0,3
295,721,270,0,3
296,646,297,2,1
296,672,297,2,1
296,675,295,1,2
296,687,295,1,2
296,716,297,2,1
297,638,298,2,1
297,675,296,1,2
297,685,298,2,1
297,687,296,1,2
297,694,298,2,1
297,703,298,2,1
298,675,297,1,2
298,687,297,1,2
299,675,298,1,2
300,675,324,3,2
301,675,300,1,1
302,675,303,2,1
303,675,304,2,1
304,675,305,2,1
305,675,306,2,1
305,687,306,2,1
306,675,307,2,1
306,687,307,2,1
307,664,282,0,3
307,675,308,2,1
307,687,308,2,1
308,675,283,0,3
308,687,333,3,0
309,675,284,0,3
309,687,334,3,0
310,675,285,0,3
310,687,335,3,0
311,675,286,0,3
311,687,336,3,0
312,675,287,0,3
313,675,288,0,3
314,675,289,0,3
315,675,290,0,3
316,675,291,0,3
317,675,292,0,3
317,687,342,3,0
318,675,293,0,3
318,687,343,3,0
319,675,294,0,3
319,687,344,3,0
320,655,295,0,3
320,664,295,0,3
320,675,295,0,3
320,687,345,3,0
320,706,295,0,3
320,712,295,0,3
320,721,295,0,3
321,646,322,2,1
321,672,322,2,1
321,675,320,1,2
321,687,320,1,2
321,716,322,2,1
322,638,323,2,1
322,675,321,1,2
322,685,323,2,1
322,687,321,1,2
322,694,323,2,1
322,703,323,2,1
323,675,322,1,2
323,687,322,1,2
324,675,323,1,2
325,675,349,3,2
326,675,325,1,1
327,675,328,2,1
328,675,329,2,1
329,675,330,2,1
330,675,331,2,1
330,687,331,2,1
331,675,332,2,1
331,687,332,2,1
332,664,307,0,3
332,675,333,2,1
332,687,333,2,1
333,675,308,0,3
333,687,358,3,0
334,675,309,0,3
334,687,359,3,0
335,675,310,0,3
335,687,360,3,0
336,675,311,0,3
336,687,361,3,0
337,675,312,0,3
338,675,313,0,3
339,675,314,0,3
340,675,315,0,3
341,675,316,0,3
342,675,317,0,3
342,687,367,3,0
343,675,318,0,3
343,687,368,3,0
344,675,319,0,3
344,687,369,3,0
345,655,320,0,3
345,664,320,0,3
345,675,320,0,3
345,687,370,3,0
345,706,320,0,3
345,712,320,0,3
345,721,320,0,3
346,646,347,2,1
346,672,347,2,1
346,675,345,1,2
346,687,345,1,2
346,716,347,2,1
347,638,348,2,1
347,675,346,1,2
347,687,346,1,2
347,694,348,2,1
347,703,348,2,1
348,675,347,1,2
348,687,347,1,2
349,675,348,1,2
350,675,374,3,2
351,675,350,1,1
352,675,353,2,1
353,675,354,2,1
354,675,355,2,1
355,675,356,2,1
355,687,356,2,1
356,675,357,2,1
356,687,357,2,1
357,664,332,0,3
357,675,358,2,1
357,687,358,2,1
358,675,333,0,3
358,687,359,2,1
359,675,334,0,3
359,687,360,2,1
360,675,335,0,3
360,687,361,2,1
361,675,336,0,3
362,675,337,0,3
363,675,338,0,3
364,675,339,0,3
365,675,340,0,3
366,675,341,0,3
367,675,342,0,3
367,687,687,66,0
368,675,343,0,3
368,687,367,1,2
369,675,344,0,3
369,687,368,1,2
370,655,345,0,3
370,664,345,0,3
370,675,345,0,3
370,687,369,1,2
370,706,345,0,3
370,712,345,0,3
370,721,345,0,3
371,646,372,2,1
371,672,372,2,1
371,675,370,1,2
371,687,370,1,2
371,716,372,2,1
372,638,373,2,1
372,675,371,1,2
372,685,373,2,1
372,687,371,1,2
372,694,373,2,1
372,703,373,2,1
373,675,372,1,2
373,687,372,1,2
374,675,373,1,2
375,675,399,3,2
376,675,375,1,1
377,675,378,2,1
378,675,379,2,1
379,675,380,2,1
380,675,381,2,1
380,687,381,2,1
381,675,382,2,1
381,687,382,2,1
382,664,357,0,3
382,675,383,2,1
382,687,383,2,1
383,675,358,0,3
384,675,359,0,3
384,687,359,0,3
385,675,360,0,3
385,687,360,0,3
386,675,361,0,3
386,687,361,0,3
387,675,362,0,3
388,675,363,0,3
389,675,364,0,3
390,675,365,0,3
391,675,366,0,3
392,675,367,0,3
392,687,367,0,3
393,675,368,0,3
393,687,368,0,3
394,675,369,0,3
394,687,369,0,3
395,655,420,3,0
395,664,370,0,3
395,675,370,0,3
395,706,370,0,3
395,712,370,0,3
395,721,370,0,3
396,646,397,2,1
396,672,397,2,1
396,675,395,1,2
396,687,395,1,2
396,716,397,2,1
397,638,398,2,1
397,675,396,1,2
397,685,398,2,1
397,687,396,1,2
397,694,398,2,1
397,703,398,2,1
398,675,397,1,2
398,687,397,1,2
399,675,398,1,2
400,675,424,3,2
401,675,400,1,1
402,675,403,2,1
403,675,404,2,1
404,675,405,2,1
405,675,406,2,1
405,687,406,2,1
406,675,407,2,1
406,687,407,2,1
407,664,382,0,3
407,675,408,2,1
407,687,408,2,1
408,675,433,3,0
408,722,433,3,0
409,675,434,3,0
409,687,384,0,3
409,722,434,3,0
410,675,435,3,0
410,687,385,0,3
410,722,435,3,0
411,675,436,3,0
411,687,386,0,3
412,675,437,3,0
413,675,438,3,0
414,675,439,3,0
415,675,440,3,0
416,675,441,3,0
417,675,442,3,0
417,687,392,0,3
418,675,443,3,0
418,687,393,0,3
418,722,443,3,0
419,675,444,3,0
419,687,394,0,3
419,722,444,3,0
420,655,445,3,0
420,664,395,0,3
420,675,445,3,0
420,706,445,3,0
420,712,395,0,3
420,721,395,0,3
420,722,445,3,0
421,646,422,2,1
421,672,422,2,1
421,675,420,1,2
421,687,420,1,2
421,716,422,2,1
422,638,423,2,1
422,675,421,1,2
422,685,423,2,1
422,687,421,1,2
422,694,423,2,1
422,703,423,2,1
423,675,422,1,2
423,687,422,1,2
424,675,423,1,2
425,675,449,3,2
426,675,425,1,1
427,675,428,2,1
428,675,429,2,1
429,675,430,2,1
430,675,431,2,1
430,687,431,2,1
431,675,432,2,1
431,687,432,2,1
432,664,407,0,3
432,675,433,2,1
432,687,433,2,1
433,675,458,3,0
434,675,459,3,0
434,687,409,0,3
435,675,460,3,0
435,687,410,0,3
436,675,461,3,0
436,687,411,0,3
437,675,462,3,0
438,675,463,3,0
439,675,464,3,0
440,675,465,3,0
441,675,466,3,0
442,675,467,3,0
442,687,417,0,3
443,675,468,3,0
443,687,418,0,3
444,675,469,3,0
444,687,419,0,3
445,655,470,3,0
445,664,420,0,3
445,675,470,3,0
445,706,470,3,0
445,712,420,0,3
445,721,470,3,0
446,646,447,2,1
446,672,447,2,1
446,675,445,1,2
446,687,445,1,2
446,716,447,2,1
447,638,448,2,1
447,675,446,1,2
447,685,448,2,1
447,687,446,1,2
447,694,448,2,1
447,703,448,2,1
448,675,447,1,2
448,687,447,1,2
449,675,448,1,2
450,675,474,3,2
451,675,450,1,1
452,675,453,2,1
453,675,454,2,1
454,675,455,2,1
455,675,456,2,1
455,687,456,2,1
456,675,457,2,1
456,687,457,2,1
457,664,432,0,3
457,675,458,2,1
457,687,458,2,1
458,675,483,3,0
459,675,484,3,0
459,687,434,0,3
460,675,485,3,0
460,687,435,0,3
461,675,486,3,0
461,687,436,0,3
462,675,487,3,0
463,675,488,3,0
464,675,489,3,0
465,675,490,3,0
466,675,491,3,0
467,675,492,3,0
467,687,442,0,3
468,675,493,3,0
468,687,443,0,3
469,675,494,3,0
469,687,444,0,3
470,655,495,3,0
470,664,445,0,3
470,675,495,3,0
470,706,495,3,0
470,712,495,3,0
470,721,495,3,0
471,646,472,2,1
471,672,472,2,1
471,675,470,1,2
471,687,470,1,2
471,716,472,2,1
472,638,473,2,1
472,675,471,1,2
472,685,473,2,1
472,687,471,1,2
472,694,473,2,1
472,703,473,2,1
473,675,472,1,2
473,687,472,1,2
474,675,473,1,2
475,675,499,3,2
476,675,475,1,1
477,675,478,2,1
478,675,479,2,1
479,675,480,2,1
480,675,481,2,1
480,687,481,2,1
481,675,482,2,1
481,687,482,2,1
482,664,457,0,3
482,675,483,2,1
482,687,483,2,1
483,664,458,0,3
483,675,508,3,0
484,675,509,3,0
484,687,459,0,3
485,675,510,3,0
485,687,460,0,3
486,675,511,3,0
486,687,461,0,3
487,675,512,3,0
488,675,513,3,0
489,675,514,3,0
490,675,515,3,0
491,675,516,3,0
492,675,517,3,0
492,687,467,0,3
493,675,518,3,0
493,687,468,0,3
494,675,519,3,0
494,687,469,0,3
495,655,520,3,0
495,664,470,0,3
495,675,520,3,0
495,706,520,3,0
495,712,520,3,0
495,721,520,3,0
496,646,497,2,1
496,672,497,2,1
496,675,495,1,2
496,687,495,1,2
496,716,497,2,1
497,638,498,2,1
497,675,496,1,2
497,685,498,2,1
497,687,496,1,2
497,694,498,2,1
497,703,498,2,1
498,675,497,1,2
498,687,497,1,2
499,675,498,1,2
500,675,524,3,2
501,675,500,1,1
502,675,503,2,1
503,675,504,2,1
504,675,505,2,1
505,675,506,2,1
505,687,506,2,1
506,675,507,2,1
506,687,507,2,1
507,664,532,3,0
507,675,508,2,1
507,687,508,2,1
508,675,533,3,0
508,687,483,0,3
509,675,534,3,0
509,687,484,0,3
510,675,535,3,0
510,687,485,0,3
511,675,536,3,0
511,687,486,0,3
512,675,537,3,0
513,675,538,3,0
514,675,539,3,0
515,675,540,3,0
516,675,541,3,0
517,675,542,3,0
517,687,492,0,3
518,675,543,3,0
518,687,493,0,3
519,675,544,3,0
519,687,494,0,3
520,655,545,3,0
520,664,545,3,0
520,675,545,3,0
520,687,495,0,3
520,706,545,3,0
520,712,545,3,0
520,721,545,3,0
521,646,522,2,1
521,672,522,2,1
521,675,520,1,2
521,687,520,1,2
521,716,522,2,1
522,638,523,2,1
522,675,521,1,2
522,685,523,2,1
522,687,521,1,2
522,694,523,2,1
522,703,523,2,1
523,675,522,1,2
523,687,522,1,2
524,675,523,1,2
525,675,549,3,2
526,675,525,1,1
527,675,528,2,1
528,675,529,2,1
529,675,530,2,1
530,675,531,2,1
530,687,531,2,1
531,675,532,2,1
531,687,532,2,1
532,664,557,3,0
532,675,533,2,1
532,687,533,2,1
533,675,558,3,0
533,687,508,0,3
534,675,559,3,0
534,687,509,0,3
535,675,560,3,0
535,687,510,0,3
536,675,561,3,0
536,687,511,0,3
537,675,562,3,0
538,675,563,3,0
539,675,564,3,0
540,675,565,3,0
541,675,566,3,0
542,675,567,3,0
542,687,517,0,3
543,675,568,3,0
543,687,518,0,3
544,675,569,3,0
544,687,519,0,3
545,655,570,3,0
545,664,570,3,0
545,675,570,3,0
545,687,520,0,3
545,706,570,3,0
545,712,570,3,0
545,721,570,3,0
546,646,547,2,1
546,672,547,2,1
546,675,545,1,2
546,687,545,1,2
546,716,547,2,1
547,675,546,1,2
547,685,548,2,1
547,687,546,1,2
547,694,548,2,1
547,703,548,2,1
548,675,547,1,2
548,687,547,1,2
549,675,548,1,2
550,675,574,3,2
551,675,550,1,1
552,675,553,2,1
553,675,554,2,1
554,675,555,2,1
555,675,556,2,1
555,687,556,2,1
556,675,557,2,1
556,687,557,2,1
557,664,582,3,0
557,675,558,2,1
557,687,558,2,1
558,675,583,3,0
558,687,533,0,3
559,675,584,3,0
559,687,534,0,3
560,675,585,3,0
560,687,535,0,3
561,675,586,3,0
561,687,536,0,3
562,675,587,3,0
563,675,588,3,0
564,675,589,3,0
565,675,590,3,0
566,675,591,3,0
567,675,592,3,0
567,687,542,0,3
568,675,593,3,0
568,687,543,0,3
569,675,594,3,0
569,687,544,0,3
570,655,595,3,0
570,664,595,3,0
570,675,595,3,0
570,687,545,0,3
570,706,595,3,0
570,712,595,3,0
570,721,595,3,0
571,646,572,2,1
571,672,572,2,1
571,675,570,1,2
571,687,570,1,2
571,716,572,2,1
572,638,573,2,1
572,675,571,1,2
572,685,573,2,1
572,687,571,1,2
572,694,573,2,1
572,703,573,2,1
573,675,572,1,2
573,687,572,1,2
574,675,573,1,2
575,675,599,3,2
576,675,575,1,1
577,675,578,2,1
578,675,579,2,1
579,675,580,2,1
580,675,581,2,1
580,687,581,2,1
581,675,582,2,1
581,687,582,2,1
582,664,607,3,0
582,675,583,2,1
582,687,583,2,1
583,674,584,2,1
583,675,608,3,0
583,687,558,0,3
584,674,585,2,1
584,675,609,3,0
584,687,559,0,3
585,674,586,2,1
585,675,610,3,0
585,687,560,0,3
586,674,674,53,0
586,675,611,3,0
586,687,561,0,3
587,675,612,3,0
588,675,613,3,0
589,675,614,3,0
590,675,615,3,0
591,675,616,3,0
592,675,617,3,0
592,687,567,0,3
593,674,592,1,2
593,675,618,3,0
593,687,568,0,3
594,674,593,1,2
594,675,619,3,0
594,687,569,0,3
595,655,620,3,0
595,664,620,3,0
595,674,594,1,2
595,675,620,3,0
595,687,570,0,3
595,706,620,3,0
595,712,620,3,0
595,721,620,3,0
596,646,597,2,1
596,672,597,2,1
596,675,595,1,2
596,687,595,1,2
596,716,597,2,1
597,638,598,2,1
597,675,596,1,2
597,685,598,2,1
597,687,596,1,2
597,694,598,2,1
597,703,598,2,1
598,675,597,1,2
598,687,597,1,2
599,675,598,1,2
600,675,624,3,2
601,675,600,1,1
602,675,603,2,1
603,675,604,2,1
604,675,605,2,1
605,675,606,2,1
605,687,606,2,1
606,675,607,2,1
606,687,607,2,1
607,664,7,3,3
607,675,608,2,1
607,687,608,2,1
608,674,583,0,3
608,675,8,3,3
608,687,583,0,3
609,674,584,0,3
609,675,9,3,3
609,687,584,0,3
610,674,585,0,3
610,675,10,3,3
610,687,585,0,3
611,674,586,0,3
611,675,11,3,3
611,687,586,0,3
612,675,12,3,3
613,675,13,3,3
614,675,14,3,3
615,675,15,3,3
616,675,16,3,3
617,675,17,3,3
617,687,592,0,3
618,674,593,0,3
618,675,18,3,3
618,687,593,0,3
619,674,594,0,3
619,675,19,3,3
619,687,594,0,3
620,655,20,3,3
620,664,20,3,3
620,674,595,0,3
620,675,20,3,3
620,687,595,0,3
620,706,20,3,3
620,712,20,3,3
620,721,20,3,3
621,646,622,2,1
621,672,622,2,1
621,675,620,1,2
621,687,620,1,2
621,716,622,2,1
622,638,623,2,1
622,675,621,1,2
622,685,623,2,1
622,687,621,1,2
622,694,623,2,1
622,703,623,2,1
623,675,622,1,2
623,687,622,1,2
624,675,623,1,2
664,625,182,0,43
664,626,182,0,43
664,627,182,0,43
664,628,182,0,43
664,629,182,0,43
664,630,182,0,43
664,631,182,0,43
664,632,182,0,43
664,633,182,0,43
664,634,182,0,43
664,635,182,0,43
664,636,182,0,43
664,637,182,0,43
664,638,182,0,43
664,639,182,0,43
664,640,182,0,43
664,641,182,0,43
664,642,182,0,43
664,643,182,0,43
664,644,182,0,43
664,645,182,0,43
664,646,182,0,43
664,647,182,0,43
664,648,182,0,43
664,649,182,0,43
664,650,182,0,43
664,651,182,0,43
664,652,182,0,43
664,653,182,0,43
664,654,182,0,43
664,655,182,0,43
664,656,182,0,43
664,657,182,0,43
664,658,182,0,43
664,659,182,0,43
664,660,182,0,43
664,661,182,0,43
664,662,182,0,43
664,663,182,0,43
664,665,182,0,43
664,666,182,0,43
664,667,182,0,43
664,668,182,0,43
664,669,182,0,43
664,670,182,0,43
664,671,182,0,43
664,672,182,0,43
664,673,182,0,43
664,674,182,0,43
664,675,182,0,43
664,676,182,0,43
664,677,182,0,43
664,678,182,0,43
664,679,182,0,43
664,680,182,0,43
664,681,182,0,43
664,682,182,0,43
664,683,182,0,43
664,684,182,0,43
664,685,182,0,43
664,686,182,0,43
664,687,182,0,43
664,688,182,0,43
664,689,182,0,43
664,690,182,0,43
664,691,182,0,43
664,692,182,0,43
664,693,182,0,43
664,694,182,0,43
664,695,182,0,43
664,696,182,0,43
664,697,182,0,43
664,698,182,0,43
664,699,182,0,43
664,700,182,0,43
664,701,182,0,43
664,702,182,0,43
664,703,182,0,43
664,704,182,0,43
664,705,182,0,43
664,706,182,0,43
664,707,182,0,43
664,708,182,0,43
664,709,182,0,43
664,710,182,0,43
664,711,182,0,43
664,712,182,0,43
664,713,182,0,43
664,714,182,0,43
664,715,182,0,43
664,716,182,0,43
664,717,182,0,43
664,718,182,0,43
664,719,182,0,43
664,720,182,0,43
664,721,182,0,43
664,722,182,0,43
664,723,182,0,43
664,724,182,0,43
674,625,586,0,53
674,626,586,0,53
674,627,586,0,53
674,628,586,0,53
674,629,586,0,53
674,630,586,0,53
674,631,586,0,53
674,632,586,0,53
674,633,586,0,53
674,634,586,0,53
674,635,586,0,53
674,636,586,0,53
674,637,586,0,53
674,638,586,0,53
674,639,586,0,53
674,640,586,0,53
674,641,586,0,53
674,642,586,0,53
674,643,586,0,53
674,644,586,0,53
674,645,586,0,53
674,646,586,0,53
674,647,586,0,53
674,648,586,0,53
674,649,586,0,53
674,650,586,0,53
674,651,586,0,53
674,652,586,0,53
674,653,586,0,53
674,654,586,0,53
674,655,586,0,53
674,656,586,0,53
674,657,586,0,53
674,658,586,0,53
674,659,586,0,53
674,660,586,0,53
674,661,586,0,53
674,662,586,0,53
674,663,586,0,53
674,664,586,0,53
674,665,586,0,53
674,666,586,0,53
674,667,586,0,53
674,668,586,0,53
674,669,586,0,53
674,670,586,0,53
674,671,586,0,53
674,672,586,0,53
674,673,586,0,53
674,675,586,0,53
674,676,586,0,53
674,677,586,0,53
674,678,586,0,53
674,679,586,0,53
674,680,586,0,53
674,681,586,0,53
674,682,586,0,53
674,683,586,0,53
674,684,586,0,53
674,685,586,0,53
674,686,586,0,53
674,687,586,0,53
674,688,586,0,53
674,689,586,0,53
674,690,586,0,53
674,691,586,0,53
674,692,586,0,53
674,693,586,0,53
674,694,586,0,53
674,695,586,0,53
674,696,586,0,53
674,697,586,0,53
674,698,586,0,53
674,699,586,0,53
674,700,586,0,53
674,701,586,0,53
674,702,586,0,53
674,703,586,0,53
674,704,586,0,53
674,705,586,0,53
674,706,586,0,53
674,707,586,0,53
674,708,586,0,53
674,709,586,0,53
674,710,586,0,53
674,711,586,0,53
674,712,586,0,53
674,713,586,0,53
674,714,586,0,53
674,715,586,0,53
674,716,586,0,53
674,717,586,0,53
674,718,586,0,53
674,719,586,0,53
674,720,586,0,53
674,721,586,0,53
674,722,586,0,53
674,723,586,0,53
674,724,586,0,53
675,625,89,0,54
675,626,89,0,54
675,627,89,0,54
675,628,89,0,54
675,629,89,0,54
675,630,89,0,54
675,631,89,0,54
675,632,89,0,54
675,633,89,0,54
675,634,89,0,54
675,635,89,0,54
675,636,89,0,54
675,637,89,0,54
675,638,89,0,54
675,639,89,0,54
675,640,89,0,54
675,641,89,0,54
675,642,89,0,54
675,643,89,0,54
675,644,89,0,54
675,645,89,0,54
675,646,89,0,54
675,647,89,0,54
675,648,89,0,54
675,649,89,0,54
675,650,89,0,54
675,651,89,0,54
675,652,89,0,54
675,653,89,0,54
675,654,89,0,54
675,655,89,0,54
675,656,89,0,54
675,657,89,0,54
675,658,89,0,54
675,659,89,0,54
675,660,89,0,54
675,661,89,0,54
675,662,89,0,54
675,663,89,0,54
675,664,89,0,54
675,665,89,0,54
675,666,89,0,54
675,667,89,0,54
675,668,89,0,54
675,669,89,0,54
675,670,89,0,54
675,671,89,0,54
675,672,89,0,54
675,673,89,0,54
675,674,89,0,54
675,676,89,0,54
675,677,89,0,54
675,678,89,0,54
675,679,89,0,54
675,680,89,0,54
675,681,89,0,54
675,682,89,0,54
675,683,89,0,54
675,684,89,0,54
675,685,89,0,54
675,686,89,0,54
675,687,89,0,54
675,688,89,0,54
675,689,89,0,54
675,690,89,0,54
675,691,89,0,54
675,692,89,0,54
675,693,89,0,54
675,694,89,0,54
675,695,89,0,54
675,696,89,0,54
675,697,89,0,54
675,698,89,0,54
675,699,89,0,54
675,700,89,0,54
675,701,89,0,54
675,702,89,0,54
675,703,89,0,54
675,704,89,0,54
675,705,89,0,54
675,706,89,0,54
675,707,89,0,54
675,708,89,0,54
675,709,89,0,54
675,710,89,0,54
675,711,89,0,54
675,712,89,0,54
675,713,89,0,54
675,714,89,0,54
675,715,89,0,54
675,716,89,0,54
675,717,89,0,54
675,718,89,0,54
675,719,89,0,54
675,720,89,0,54
675,721,89,0,54
675,722,89,0,54
675,723,89,0,54
675,724,89,0,54
687,625,367,0,66
687,626,367,0,66
687,627,367,0,66
687,628,367,0,66
687,629,367,0,66
687,630,367,0,66
687,631,367,0,66
687,632,367,0,66
687,633,367,0,66
687,634,367,0,66
687,635,367,0,66
687,636,367,0,66
687,637,367,0,66
687,638,367,0,66
687,639,367,0,66
687,640,367,0,66
687,641,367,0,66
687,642,367,0,66
687,643,367,0,66
687,644,367,0,66
687,645,367,0,66
687,646,367,0,66
687,647,367,0,66
687,648,367,0,66
687,649,367,0,66
687,650,367,0,66
687,651,367,0,66
687,652,367,0,66
687,653,367,0,66
687,654,367,0,66
687,655,367,0,66
687,656,367,0,66
687,657,367,0,66
687,658,367,0,66
687,659,367,0,66
687,660,367,0,66
687,661,367,0,66
687,662,367,0,66
687,663,367,0,66
687,664,367,0,66
687,665,367,0,66
687,666,367,0,66
687,667,367,0,66
687,668,367,0,66
687,669,367,0,66
687,670,367,0,66
687,671,367,0,66
687,672,367,0,66
687,673,367,0,66
687,674,367,0,66
687,675,367,0,66
687,676,367,0,66
687,677,367,0,66
687,678,367,0,66
687,679,367,0,66
687,680,367,0,66
687,681,367,0,66
687,682,367,0,66
687,683,367,0,66
687,684,367,0,66
687,685,367,0,66
687,686,367,0,66
687,688,367,0,66
687,689,367,0,66
687,690,367,0,66
687,691,367,0,66
687,692,367,0,66
687,693,367,0,66
687,694,367,0,66
687,695,367,0,66
687,696,367,0,66
687,697,367,0,66
687,698,367,0,66
687,699,367,0,66
687,700,367,0,66
687,701,367,0,66
687,702,367,0,66
687,703,367,0,66
687,704,367,0,66
687,705,367,0,66
687,706,367,0,66
687,707,367,0,66
687,708,367,0,66
687,709,367,0,66
687,710,367,0,66
687,711,367,0,66
687,712,367,0,66
687,713,367,0,66
687,714,367,0,66
687,715,367,0,66
687,716,367,0,66
687,717,367,0,66
687,718,367,0,66
687,719,367,0,66
687,720,367,0,66
687,721,367,0,66
687,722,367,0,66
687,723,367,0,66
687,724,367,0,66
722,625,85,0,101
722,626,85,0,101
722,627,85,0,101
722,628,85,0,101
722,629,85,0,101
722,630,85,0,101
722,631,85,0,101
722,632,85,0,101
722,633,85,0,101
722,634,85,0,101
722,635,85,0,101
722,636,85,0,101
722,637,85,0,101
722,638,85,0,101
722,639,85,0,101
722,640,85,0,101
722,641,85,0,101
722,642,85,0,101
722,643,85,0,101
722,644,85,0,101
722,645,85,0,101
722,646,85,0,101
722,647,85,0,101
722,648,85,0,101
722,649,85,0,101
722,650,85,0,101
722,651,85,0,101
722,652,85,0,101
722,653,85,0,101
722,654,85,0,101
722,655,85,0,101
722,656,85,0,101
722,657,85,0,101
722,658,85,0,101
722,659,85,0,101
722,660,85,0,101
722,661,85,0,101
722,662,85,0,101
722,663,85,0,101
722,664,85,0,101
722,665,85,0,101
722,666,85,0,101
722,667,85,0,101
722,668,85,0,101
722,669,85,0,101
722,670,85,0,101
722,671,85,0,101
722,672,85,0,101
722,673,85,0,101
722,674,85,0,101
722,675,85,0,101
722,676,85,0,101
722,677,85,0,101
722,678,85,0,101
722,679,85,0,101
722,680,85,0,101
722,681,85,0,101
722,682,85,0,101
722,683,85,0,101
722,684,85,0,101
722,685,85,0,101
722,686,85,0,101
722,687,85,0,101
722,688,85,0,101
722,689,85,0,101
722,690,85,0,101
722,691,85,0,101
722,692,85,0,101
722,693,85,0,101
722,694,85,0,101
722,695,85,0,101
722,696,85,0,101
722,697,85,0,101
722,698,85,0,101
722,699,85,0,101
722,700,85,0,101
722,701,85,0,101
722,702,85,0,101
722,703,85,0,101
722,704,85,0,101
722,705,85,0,101
722,706,85,0,101
722,707,85,0,101
722,708,85,0,101
722,709,85,0,101
722,710,85,0,101
722,711,85,0,101
722,712,85,0,101
722,713,85,0,101
722,714,85,0,101
722,715,85,0,101
722,716,85,0,101
722,717,85,0,101
722,718,85,0,101
722,719,85,0,101
722,720,85,0,101
722,721,85,0,101
722,723,85,0,101
722,724,85,0,101
