0,667,1,0,0
0,668,25,1,0
0,676,24,2,1
1,668,26,2,0
1,676,0,0,0
2,676,1,0,1
3,676,4,1,0
4,631,631,10,0
4,667,5,1,0
4,668,29,2,0
4,676,5,1,0
4,688,5,1,0
5,631,4,0,1
5,667,6,1,0
5,668,30,2,0
5,676,6,1,0
5,713,6,1,0
6,631,5,0,1
6,633,7,1,0
6,667,7,1,0
6,668,31,2,0
6,676,7,1,0
6,698,7,1,0
6,702,31,2,0
6,713,7,1,0
7,631,6,0,1
7,633,8,1,0
7,667,8,1,0
7,668,32,2,0
7,676,8,1,0
7,698,8,1,0
7,702,32,2,0
7,713,8,1,0
8,626,33,2,0
8,629,608,3,3
8,631,7,0,1
8,632,33,2,0
8,633,33,2,0
8,637,33,2,0
8,638,608,3,3
8,643,608,3,3
8,646,33,2,0
8,647,608,3,3
8,650,608,3,3
8,651,608,3,3
8,652,33,2,0
8,653,608,3,3
8,654,33,2,0
8,656,608,3,3
8,657,608,3,3
8,659,33,2,0
8,660,608,3,3
8,661,33,2,0
8,663,608,3,3
8,664,33,2,0
8,665,33,2,0
8,666,33,2,0
8,667,9,1,0
8,668,33,2,0
8,671,608,3,3
8,672,33,2,0
8,676,608,3,3
8,677,33,2,0
8,681,608,3,3
8,682,33,2,0
8,683,33,2,0
8,687,608,3,3
8,688,608,3,3
8,690,608,3,3
8,693,33,2,0
8,694,33,2,0
8,696,608,3,3
8,697,33,2,0
8,698,33,2,0
8,700,608,3,3
8,702,33,2,0
8,709,33,2,0
8,710,608,3,3
8,711,608,3,3
8,715,33,2,0
8,716,33,2,0
8,718,33,2,0
8,719,608,3,3
8,721,33,2,0
9,627,8,0,1
9,628,8,0,1
9,630,8,0,1
9,631,8,0,1
9,633,34,2,0
9,634,8,0,1
9,635,8,0,1
9,636,8,0,1
9,639,8,0,1
9,641,8,0,1
9,642,8,0,1
9,644,8,0,1
9,645,8,0,1
9,648,8,0,1
9,649,8,0,1
9,655,8,0,1
9,658,8,0,1
9,662,8,0,1
9,667,10,1,0
9,668,8,0,1
9,669,8,0,1
9,670,8,0,1
9,673,8,0,1
9,674,8,0,1
9,675,8,0,1
9,676,609,3,3
9,678,8,0,1
9,680,8,0,1
9,684,8,0,1
9,685,8,0,1
9,686,8,0,1
9,689,8,0,1
9,691,8,0,1
9,692,8,0,1
9,695,8,0,1
9,698,34,2,0
9,699,8,0,1
9,701,8,0,1
9,702,8,0,1
9,704,8,0,1
9,706,8,0,1
9,707,8,0,1
9,708,8,0,1
9,712,8,0,1
9,714,8,0,1
9,717,8,0,1
9,720,8,0,1
9,721,8,0,1
9,722,8,0,1
9,723,8,0,1
9,724,8,0,1
10,633,35,2,0
10,667,11,1,0
10,668,9,0,1
10,676,610,3,3
10,698,35,2,0
10,702,9,0,1
10,713,35,2,0
11,633,36,2,0
11,667,12,1,0
11,668,10,0,1
11,676,611,3,3
11,698,36,2,0
11,702,10,0,1
11,713,36,2,0
12,667,667,46,0
12,668,11,0,1
12,676,612,3,3
12,713,37,2,0
13,668,12,0,1
13,676,613,3,3
13,688,613,3,3
14,676,614,3,3
15,676,615,3,3
16,668,17,1,0
16,676,616,3,3
16,688,616,3,3
17,631,18,1,0
17,667,16,0,1
17,668,18,1,0
17,676,617,3,3
18,667,17,0,1
18,668,19,1,0
18,676,618,3,3
18,713,43,2,0
19,633,44,2,0
19,667,18,0,1
19,668,20,1,0
19,676,619,3,3
19,698,44,2,0
19,702,20,1,0
19,713,44,2,0
20,633,45,2,0
20,667,19,0,1
20,668,21,1,0
20,676,620,3,3
20,698,45,2,0
20,702,21,1,0
20,713,45,2,0
21,631,22,1,0
21,633,46,2,0
21,667,20,0,1
21,668,46,2,0
21,676,621,3,3
21,698,46,2,0
22,631,23,1,0
22,633,21,0,1
22,667,21,0,1
22,668,47,2,0
22,676,21,0,1
22,698,21,0,1
22,702,47,2,0
22,713,21,0,1
23,631,24,1,0
23,633,22,0,1
23,667,22,0,1
23,668,48,2,0
23,676,22,0,1
23,698,22,0,1
23,702,48,2,0
23,713,22,0,1
24,631,0,1,2
24,667,23,0,1
24,668,49,2,0
24,676,23,0,1
24,713,23,0,1
25,631,0,0,1
25,667,26,1,1
25,668,50,2,0
25,676,49,3,2
26,668,51,3,0
26,676,25,1,1
27,676,26,1,2
28,676,29,2,1
29,631,4,0,2
29,667,30,2,1
29,668,54,3,0
29,676,30,2,1
29,688,30,2,1
30,667,31,2,1
30,668,55,3,0
30,676,31,2,1
30,713,31,2,1
31,633,32,2,1
31,667,32,2,1
31,668,56,3,0
31,676,32,2,1
31,698,32,2,1
31,702,56,3,0
31,713,32,2,1
32,633,33,2,1
32,667,33,2,1
32,668,57,3,0
32,676,33,2,1
32,698,33,2,1
32,702,57,3,0
32,713,33,2,1
33,626,58,3,0
33,629,58,3,0
33,632,58,3,0
33,637,58,3,0
33,638,8,0,2
33,640,8,0,2
33,643,8,0,2
33,647,8,0,2
33,650,8,0,2
33,651,8,0,2
33,652,58,3,0
33,653,8,0,2
33,656,8,0,2
33,657,8,0,2
33,659,58,3,0
33,660,8,0,2
33,663,8,0,2
33,664,58,3,0
33,665,58,3,0
33,666,58,3,0
33,667,8,0,2
33,668,58,3,0
33,671,8,0,2
33,672,58,3,0
33,676,8,0,2
33,677,58,3,0
33,681,8,0,2
33,683,58,3,0
33,687,8,0,2
33,688,8,0,2
33,690,8,0,2
33,693,58,3,0
33,694,58,3,0
33,696,8,0,2
33,697,58,3,0
33,698,58,3,0
33,700,8,0,2
33,702,58,3,0
33,703,8,0,2
33,705,8,0,2
33,709,58,3,0
33,710,8,0,2
33,711,8,0,2
33,715,58,3,0
33,716,58,3,0
33,718,58,3,0
33,719,8,0,2
33,721,58,3,0
34,625,33,1,2
34,627,33,1,2
34,628,33,1,2
34,630,33,1,2
34,631,33,1,2
34,634,33,1,2
34,635,33,1,2
34,636,33,1,2
34,639,33,1,2
34,641,33,1,2
34,642,33,1,2
34,644,33,1,2
34,645,33,1,2
34,648,33,1,2
34,649,33,1,2
34,655,33,1,2
34,658,33,1,2
34,662,33,1,2
34,667,9,0,2
34,668,33,1,2
34,669,33,1,2
34,670,33,1,2
34,673,33,1,2
34,674,33,1,2
34,675,33,1,2
34,676,9,0,2
34,678,33,1,2
34,679,33,1,2
34,680,33,1,2
34,685,33,1,2
34,686,33,1,2
34,689,33,1,2
34,691,33,1,2
34,692,33,1,2
34,695,33,1,2
34,698,59,3,0
34,699,33,1,2
34,701,33,1,2
34,702,33,1,2
34,704,33,1,2
34,706,33,1,2
34,707,33,1,2
34,708,33,1,2
34,712,33,1,2
34,714,33,1,2
34,717,33,1,2
34,720,33,1,2
34,721,33,1,2
34,722,33,1,2
34,723,33,1,2
34,724,33,1,2
35,633,60,3,0
35,667,10,0,2
35,668,34,1,2
35,676,10,0,2
35,698,60,3,0
35,702,34,1,2
35,713,60,3,0
36,633,61,3,0
36,667,11,0,2
36,668,35,1,2
36,676,11,0,2
36,698,61,3,0
36,702,35,1,2
36,713,61,3,0
37,667,12,0,2
37,668,36,1,2
37,676,12,0,2
37,713,62,3,0
38,668,37,1,2
38,676,13,0,2
38,688,13,0,2
39,676,14,0,2
40,676,15,0,2
41,668,42,2,1
41,676,16,0,2
41,688,16,0,2
42,631,43,2,1
42,667,41,1,2
42,668,43,2,1
42,676,17,0,2
43,667,18,0,2
43,668,44,2,1
43,676,18,0,2
43,713,68,3,0
44,633,69,3,0
44,667,19,0,2
44,668,45,2,1
44,676,19,0,2
44,698,69,3,0
44,702,45,2,1
44,713,69,3,0
45,633,70,3,0
45,667,20,0,2
45,668,46,2,1
45,676,20,0,2
45,698,70,3,0
45,702,46,2,1
45,713,70,3,0
46,667,21,0,2
46,668,71,3,0
46,676,21,0,2
46,698,71,3,0
47,633,46,1,2
47,667,46,1,2
47,668,72,3,0
47,676,46,1,2
47,698,46,1,2
47,702,72,3,0
47,713,46,1,2
48,633,47,1,2
48,667,47,1,2
48,668,73,3,0
48,676,47,1,2
48,698,47,1,2
48,702,73,3,0
48,713,47,1,2
49,667,48,1,2
49,668,74,3,0
49,676,48,1,2
49,713,48,1,2
50,631,25,0,2
50,667,51,1,1
50,668,75,2,0
50,676,74,3,2
51,668,76,3,0
51,676,50,1,1
52,676,51,1,2
53,676,54,2,1
54,631,29,0,3
54,667,55,2,1
54,668,79,3,0
54,676,55,2,1
54,688,55,2,1
55,667,56,2,1
55,668,80,3,0
55,676,56,2,1
55,713,56,2,1
56,633,57,2,1
56,667,57,2,1
56,668,81,3,0
56,676,57,2,1
56,698,57,2,1
56,702,81,3,0
56,713,57,2,1
57,633,58,2,1
57,667,58,2,1
57,668,82,3,0
57,676,58,2,1
57,698,58,2,1
57,702,82,3,0
57,713,58,2,1
58,626,83,3,0
58,629,83,3,0
58,632,83,3,0
58,637,83,3,0
58,638,33,0,3
58,640,33,0,3
58,643,33,0,3
58,646,33,0,3
58,647,33,0,3
58,650,33,0,3
58,651,33,0,3
58,652,83,3,0
58,653,33,0,3
58,654,33,0,3
58,656,33,0,3
58,657,33,0,3
58,659,83,3,0
58,660,33,0,3
58,661,33,0,3
58,663,33,0,3
58,664,83,3,0
58,665,83,3,0
58,667,33,0,3
58,668,83,3,0
58,671,33,0,3
58,672,83,3,0
58,676,33,0,3
58,677,83,3,0
58,681,33,0,3
58,682,33,0,3
58,683,83,3,0
58,687,83,3,0
58,688,33,0,3
58,690,33,0,3
58,696,33,0,3
58,697,83,3,0
58,700,33,0,3
58,702,83,3,0
58,703,33,0,3
58,705,33,0,3
58,709,83,3,0
58,710,33,0,3
58,711,33,0,3
58,713,59,2,1
58,715,83,3,0
58,716,83,3,0
58,718,83,3,0
58,719,33,0,3
58,721,83,3,0
59,625,58,1,2
59,627,58,1,2
59,628,58,1,2
59,630,58,1,2
59,631,58,1,2
59,634,58,1,2
59,635,58,1,2
59,636,58,1,2
59,639,58,1,2
59,642,58,1,2
59,644,58,1,2
59,645,58,1,2
59,648,58,1,2
59,649,58,1,2
59,655,58,1,2
59,658,58,1,2
59,662,58,1,2
59,667,34,0,3
59,668,58,1,2
59,669,58,1,2
59,670,58,1,2
59,673,58,1,2
59,674,58,1,2
59,675,58,1,2
59,676,34,0,3
59,678,58,1,2
59,679,58,1,2
59,680,58,1,2
59,684,58,1,2
59,685,58,1,2
59,686,58,1,2
59,689,58,1,2
59,691,58,1,2
59,692,58,1,2
59,695,58,1,2
59,699,58,1,2
59,701,58,1,2
59,702,58,1,2
59,704,58,1,2
59,706,58,1,2
59,707,58,1,2
59,708,58,1,2
59,712,58,1,2
59,713,60,2,1
59,714,58,1,2
59,717,58,1,2
59,720,58,1,2
59,721,58,1,2
59,722,58,1,2
59,723,58,1,2
59,724,58,1,2
60,633,85,3,0
60,667,35,0,3
60,668,59,1,2
60,676,35,0,3
60,698,85,3,0
60,702,59,1,2
60,713,61,2,1
61,633,86,3,0
61,667,36,0,3
61,668,60,1,2
61,676,36,0,3
61,698,86,3,0
61,702,60,1,2
61,713,62,2,1
62,667,37,0,3
62,668,61,1,2
62,676,37,0,3
62,713,713,92,0
63,668,62,1,2
63,676,38,0,3
63,688,38,0,3
64,676,39,0,3
65,676,40,0,3
66,668,67,2,1
66,676,41,0,3
66,688,41,0,3
67,631,68,2,1
67,667,66,1,2
67,668,68,2,1
67,676,42,0,3
68,667,43,0,3
68,668,69,2,1
68,676,43,0,3
68,713,67,1,2
69,633,94,3,0
69,667,44,0,3
69,668,70,2,1
69,676,44,0,3
69,698,94,3,0
69,702,70,2,1
69,713,68,1,2
70,633,95,3,0
70,667,45,0,3
70,668,71,2,1
70,676,45,0,3
70,698,95,3,0
70,702,71,2,1
70,713,69,1,2
71,667,46,0,3
71,668,96,3,0
71,676,46,0,3
71,702,96,3,0
71,713,70,1,2
72,633,71,1,2
72,667,71,1,2
72,668,97,3,0
72,676,71,1,2
72,698,71,1,2
72,702,97,3,0
72,713,71,1,2
73,633,72,1,2
73,667,72,1,2
73,668,98,3,0
73,676,72,1,2
73,698,72,1,2
73,702,98,3,0
73,713,72,1,2
74,667,73,1,2
74,668,99,3,0
74,676,73,1,2
74,713,73,1,2
75,631,50,0,2
75,667,76,1,1
75,668,100,2,0
75,676,99,3,2
76,668,101,3,0
76,676,75,1,1
77,676,76,1,2
78,676,79,2,1
79,631,54,0,3
79,667,80,2,1
79,668,104,3,0
79,676,80,2,1
79,688,80,2,1
80,667,81,2,1
80,668,105,3,0
80,676,81,2,1
80,713,81,2,1
81,633,82,2,1
81,667,82,2,1
81,668,106,3,0
81,676,82,2,1
81,698,82,2,1
81,702,106,3,0
81,713,82,2,1
82,633,83,2,1
82,667,83,2,1
82,668,107,3,0
82,676,83,2,1
82,698,83,2,1
82,702,107,3,0
82,713,83,2,1
83,629,108,3,0
83,637,108,3,0
83,638,58,0,3
83,640,58,0,3
83,643,58,0,3
83,646,58,0,3
83,647,58,0,3
83,650,58,0,3
83,651,58,0,3
83,652,108,3,0
83,653,58,0,3
83,654,58,0,3
83,656,108,3,0
83,657,58,0,3
83,660,58,0,3
83,661,58,0,3
83,663,108,3,0
83,664,108,3,0
83,665,108,3,0
83,666,58,0,3
83,667,58,0,3
83,668,108,3,0
83,671,58,0,3
83,672,108,3,0
83,676,58,0,3
83,677,108,3,0
83,681,58,0,3
83,682,58,0,3
83,683,108,3,0
83,687,108,3,0
83,688,58,0,3
83,690,108,3,0
83,693,58,0,3
83,694,58,0,3
83,696,58,0,3
83,697,108,3,0
83,700,58,0,3
83,702,108,3,0
83,703,58,0,3
83,705,58,0,3
83,709,108,3,0
83,710,108,3,0
83,711,58,0,3
83,713,58,0,3
83,716,108,3,0
83,719,58,0,3
83,721,108,3,0
84,625,83,1,2
84,627,83,1,2
84,628,83,1,2
84,630,83,1,2
84,631,83,1,2
84,634,83,1,2
84,635,83,1,2
84,636,83,1,2
84,639,83,1,2
84,641,83,1,2
84,644,83,1,2
84,645,83,1,2
84,648,83,1,2
84,649,83,1,2
84,658,83,1,2
84,662,83,1,2
84,667,59,0,3
84,668,83,1,2
84,669,83,1,2
84,670,83,1,2
84,673,83,1,2
84,674,83,1,2
84,675,83,1,2
84,676,59,0,3
84,678,83,1,2
84,679,83,1,2
84,680,83,1,2
84,684,83,1,2
84,685,83,1,2
84,686,83,1,2
84,688,59,0,3
84,689,83,1,2
84,691,83,1,2
84,692,83,1,2
84,695,83,1,2
84,699,83,1,2
84,702,83,1,2
84,704,83,1,2
84,706,83,1,2
84,707,83,1,2
84,708,83,1,2
84,712,83,1,2
84,713,59,0,3
84,714,83,1,2
84,717,83,1,2
84,720,83,1,2
84,721,83,1,2
84,722,83,1,2
84,723,83,1,2
84,724,83,1,2
85,633,110,3,0
85,667,60,0,3
85,668,84,1,2
85,676,60,0,3
85,688,60,0,3
85,698,110,3,0
85,702,84,1,2
85,713,60,0,3
86,633,111,3,0
86,667,61,0,3
86,668,85,1,2
86,676,61,0,3
86,688,61,0,3
86,698,111,3,0
86,702,85,1,2
86,713,61,0,3
87,667,62,0,3
87,668,86,1,2
87,676,62,0,3
87,688,62,0,3
87,713,62,0,3
88,668,87,1,2
88,676,63,0,3
88,688,63,0,3
89,676,64,0,3
90,676,65,0,3
91,668,92,2,1
91,676,66,0,3
91,688,66,0,3
92,631,93,2,1
92,667,91,1,2
92,668,93,2,1
92,676,67,0,3
92,688,67,0,3
93,667,68,0,3
93,668,94,2,1
93,676,68,0,3
93,688,68,0,3
93,713,68,0,3
94,633,119,3,0
94,667,69,0,3
94,668,95,2,1
94,676,69,0,3
94,688,69,0,3
94,698,119,3,0
94,702,95,2,1
94,713,69,0,3
95,633,120,3,0
95,667,70,0,3
95,668,96,2,1
95,676,70,0,3
95,688,70,0,3
95,698,120,3,0
95,702,96,2,1
95,713,70,0,3
96,667,71,0,3
96,668,121,3,0
96,676,71,0,3
96,688,71,0,3
96,702,121,3,0
96,713,71,0,3
97,633,96,1,2
97,667,96,1,2
97,668,122,3,0
97,676,96,1,2
97,698,96,1,2
97,702,122,3,0
97,713,96,1,2
98,633,97,1,2
98,667,97,1,2
98,668,123,3,0
98,676,97,1,2
98,698,97,1,2
98,702,123,3,0
98,713,97,1,2
99,667,98,1,2
99,668,124,3,0
99,676,98,1,2
99,713,98,1,2
100,631,75,0,2
100,667,101,1,1
100,668,125,2,0
100,676,124,3,2
101,668,126,3,0
101,676,100,1,1
102,676,101,1,2
103,676,104,2,1
104,631,79,0,3
104,667,105,2,1
104,668,129,3,0
104,676,105,2,1
104,688,105,2,1
105,667,106,2,1
105,668,130,3,0
105,676,106,2,1
105,713,106,2,1
106,633,107,2,1
106,667,107,2,1
106,668,131,3,0
106,676,107,2,1
106,698,107,2,1
106,702,131,3,0
106,713,107,2,1
107,633,108,2,1
107,667,108,2,1
107,668,132,3,0
107,676,108,2,1
107,698,108,2,1
107,702,132,3,0
107,713,108,2,1
108,626,83,0,3
108,629,133,3,0
108,632,83,0,3
108,637,133,3,0
108,638,133,3,0
108,640,83,0,3
108,643,83,0,3
108,646,83,0,3
108,647,83,0,3
108,650,133,3,0
108,651,83,0,3
108,652,133,3,0
108,653,83,0,3
108,654,83,0,3
108,656,133,3,0
108,657,83,0,3
108,659,83,0,3
108,660,83,0,3
108,661,83,0,3
108,663,133,3,0
108,664,133,3,0
108,665,133,3,0
108,666,83,0,3
108,667,83,0,3
108,668,133,3,0
108,671,83,0,3
108,672,133,3,0
108,676,83,0,3
108,681,83,0,3
108,682,83,0,3
108,683,133,3,0
108,687,133,3,0
108,688,133,3,0
108,690,133,3,0
108,693,83,0,3
108,694,83,0,3
108,696,83,0,3
108,697,133,3,0
108,700,83,0,3
108,702,133,3,0
108,703,83,0,3
108,705,83,0,3
108,709,133,3,0
108,710,133,3,0
108,711,133,3,0
108,713,83,0,3
108,715,83,0,3
108,716,133,3,0
108,718,83,0,3
108,719,83,0,3
108,721,133,3,0
109,625,108,1,2
109,627,108,1,2
109,628,108,1,2
109,630,108,1,2
109,631,108,1,2
109,634,108,1,2
109,635,108,1,2
109,636,108,1,2
109,639,108,1,2
109,641,108,1,2
109,642,108,1,2
109,644,108,1,2
109,645,108,1,2
109,649,108,1,2
109,655,108,1,2
109,658,108,1,2
109,662,108,1,2
109,667,84,0,3
109,668,108,1,2
109,669,108,1,2
109,670,108,1,2
109,673,108,1,2
109,674,108,1,2
109,675,108,1,2
109,676,84,0,3
109,678,108,1,2
109,679,108,1,2
109,680,108,1,2
109,684,108,1,2
109,685,108,1,2
109,686,108,1,2
109,689,108,1,2
109,691,108,1,2
109,695,108,1,2
109,699,108,1,2
109,701,108,1,2
109,702,108,1,2
109,704,108,1,2
109,707,108,1,2
109,708,108,1,2
109,712,108,1,2
109,713,84,0,3
109,714,108,1,2
109,717,108,1,2
109,720,108,1,2
109,721,108,1,2
109,722,108,1,2
109,723,108,1,2
109,724,108,1,2
110,633,135,3,0
110,667,85,0,3
110,668,109,1,2
110,676,85,0,3
110,698,135,3,0
110,702,109,1,2
110,713,85,0,3
111,633,136,3,0
111,667,86,0,3
111,668,110,1,2
111,676,86,0,3
111,698,136,3,0
111,702,110,1,2
111,713,86,0,3
112,667,87,0,3
112,668,111,1,2
112,676,87,0,3
112,713,87,0,3
113,668,112,1,2
113,676,88,0,3
113,688,138,3,0
114,676,89,0,3
115,676,90,0,3
116,668,117,2,1
116,676,91,0,3
116,688,141,3,0
117,631,118,2,1
117,667,116,1,2
117,668,118,2,1
117,676,92,0,3
118,667,93,0,3
118,668,119,2,1
118,676,93,0,3
118,713,93,0,3
119,633,144,3,0
119,667,94,0,3
119,668,120,2,1
119,676,94,0,3
119,698,144,3,0
119,702,120,2,1
119,713,94,0,3
120,633,145,3,0
120,667,95,0,3
120,668,121,2,1
120,676,95,0,3
120,698,145,3,0
120,702,121,2,1
120,713,95,0,3
121,667,96,0,3
121,668,146,3,0
121,676,96,0,3
121,702,146,3,0
121,713,96,0,3
121,721,146,3,0
122,633,121,1,2
122,667,121,1,2
122,668,147,3,0
122,676,121,1,2
122,698,121,1,2
122,702,147,3,0
122,713,121,1,2
123,633,122,1,2
123,667,122,1,2
123,668,148,3,0
123,676,122,1,2
123,698,122,1,2
123,702,148,3,0
123,713,122,1,2
124,667,123,1,2
124,668,149,3,0
124,676,123,1,2
124,713,123,1,2
125,631,100,0,2
125,667,126,1,1
125,668,150,2,0
125,676,149,3,2
126,668,151,3,0
126,676,125,1,1
127,676,126,1,2
128,676,129,2,1
129,631,104,0,3
129,667,130,2,1
129,668,154,3,0
129,676,130,2,1
129,688,130,2,1
130,667,131,2,1
130,668,155,3,0
130,676,131,2,1
130,713,131,2,1
131,633,132,2,1
131,667,132,2,1
131,668,156,3,0
131,676,132,2,1
131,698,132,2,1
131,702,156,3,0
131,713,132,2,1
132,633,133,2,1
132,667,133,2,1
132,668,157,3,0
132,676,133,2,1
132,698,133,2,1
132,702,157,3,0
132,713,133,2,1
133,626,108,0,3
133,629,158,3,0
133,632,108,0,3
133,637,158,3,0
133,638,158,3,0
133,640,108,0,3
133,643,108,0,3
133,646,108,0,3
133,647,108,0,3
133,650,158,3,0
133,651,108,0,3
133,652,158,3,0
133,653,108,0,3
133,654,108,0,3
133,656,158,3,0
133,657,108,0,3
133,659,108,0,3
133,660,158,3,0
133,661,108,0,3
133,663,158,3,0
133,666,108,0,3
133,667,108,0,3
133,668,158,3,0
133,671,108,0,3
133,672,158,3,0
133,676,108,0,3
133,677,108,0,3
133,681,108,0,3
133,682,108,0,3
133,683,158,3,0
133,687,158,3,0
133,688,158,3,0
133,690,158,3,0
133,693,108,0,3
133,694,108,0,3
133,696,158,3,0
133,697,158,3,0
133,700,158,3,0
133,702,158,3,0
133,703,108,0,3
133,705,108,0,3
133,710,158,3,0
133,711,158,3,0
133,713,108,0,3
133,715,108,0,3
133,716,158,3,0
133,718,108,0,3
133,719,108,0,3
133,721,721,100,0
134,625,133,1,2
134,627,133,1,2
134,628,133,1,2
134,630,133,1,2
134,631,133,1,2
134,634,133,1,2
134,635,133,1,2
134,636,133,1,2
134,639,133,1,2
134,641,133,1,2
134,642,133,1,2
134,644,133,1,2
134,645,133,1,2
134,648,133,1,2
134,649,133,1,2
134,655,133,1,2
134,658,133,1,2
134,667,109,0,3
134,668,133,1,2
134,669,133,1,2
134,670,133,1,2
134,673,133,1,2
134,674,133,1,2
134,675,133,1,2
134,676,109,0,3
134,678,133,1,2
134,679,133,1,2
134,684,133,1,2
134,685,133,1,2
134,686,133,1,2
134,691,133,1,2
134,692,133,1,2
134,695,133,1,2
134,699,133,1,2
134,701,133,1,2
134,702,133,1,2
134,704,133,1,2
134,706,133,1,2
134,707,133,1,2
134,708,133,1,2
134,712,133,1,2
134,713,109,0,3
134,714,133,1,2
134,717,133,1,2
134,720,133,1,2
134,721,133,1,2
134,722,133,1,2
134,723,133,1,2
134,724,133,1,2
135,633,160,3,0
135,667,110,0,3
135,668,134,1,2
135,676,110,0,3
135,698,160,3,0
135,702,134,1,2
135,713,110,0,3
136,633,161,3,0
136,667,111,0,3
136,668,135,1,2
136,676,111,0,3
136,698,161,3,0
136,702,135,1,2
136,713,111,0,3
137,667,112,0,3
137,668,136,1,2
137,676,112,0,3
137,713,112,0,3
138,668,137,1,2
138,676,113,0,3
138,688,163,3,0
139,676,114,0,3
140,676,115,0,3
141,668,142,2,1
141,676,116,0,3
141,688,166,3,0
142,631,143,2,1
142,667,141,1,2
142,668,143,2,1
142,676,117,0,3
143,667,118,0,3
143,668,144,2,1
143,676,118,0,3
143,713,118,0,3
144,633,169,3,0
144,667,119,0,3
144,668,145,2,1
144,676,119,0,3
144,698,169,3,0
144,702,145,2,1
144,713,119,0,3
145,633,170,3,0
145,667,120,0,3
145,668,146,2,1
145,676,120,0,3
145,698,170,3,0
145,702,146,2,1
145,713,120,0,3
146,667,121,0,3
146,676,121,0,3
146,702,171,3,0
146,713,121,0,3
146,721,147,2,1
147,633,146,1,2
147,667,146,1,2
147,668,172,3,0
147,676,146,1,2
147,698,146,1,2
147,702,172,3,0
147,713,146,1,2
148,633,147,1,2
148,667,147,1,2
148,668,173,3,0
148,676,147,1,2
148,698,147,1,2
148,702,173,3,0
148,713,147,1,2
149,667,148,1,2
149,668,174,3,0
149,676,148,1,2
149,713,148,1,2
150,631,125,0,2
150,667,151,1,1
150,668,151,1,1
150,676,174,3,2
151,668,668,47,0
151,676,150,1,1
152,676,151,1,2
153,676,154,2,1
154,631,129,0,3
154,667,155,2,1
154,668,153,1,2
154,676,155,2,1
154,688,155,2,1
155,667,156,2,1
155,668,154,1,2
155,676,156,2,1
155,713,156,2,1
156,633,157,2,1
156,667,157,2,1
156,668,155,1,2
156,676,157,2,1
156,698,157,2,1
156,702,181,3,0
156,713,157,2,1
157,633,158,2,1
157,667,158,2,1
157,668,156,1,2
157,676,158,2,1
157,698,158,2,1
157,702,182,3,0
157,713,158,2,1
158,626,133,0,3
158,629,183,3,0
158,632,133,0,3
158,633,159,2,1
158,637,183,3,0
158,638,183,3,0
158,640,133,0,3
158,643,133,0,3
158,646,133,0,3
158,647,133,0,3
158,650,183,3,0
158,651,133,0,3
158,653,133,0,3
158,654,133,0,3
158,656,183,3,0
158,657,183,3,0
158,659,133,0,3
158,660,183,3,0
158,661,133,0,3
158,663,183,3,0
158,664,133,0,3
158,665,133,0,3
158,666,133,0,3
158,667,133,0,3
158,668,157,1,2
158,671,133,0,3
158,676,133,0,3
158,677,133,0,3
158,681,133,0,3
158,682,133,0,3
158,687,183,3,0
158,688,183,3,0
158,690,183,3,0
158,693,133,0,3
158,694,133,0,3
158,696,183,3,0
158,697,183,3,0
158,700,183,3,0
158,702,183,3,0
158,703,133,0,3
158,705,133,0,3
158,709,133,0,3
158,710,183,3,0
158,711,183,3,0
158,713,133,0,3
158,715,133,0,3
158,716,183,3,0
158,718,133,0,3
158,719,133,0,3
158,721,133,0,3
159,625,158,1,2
159,627,158,1,2
159,628,158,1,2
159,630,158,1,2
159,631,158,1,2
159,633,160,2,1
159,634,158,1,2
159,635,158,1,2
159,636,158,1,2
159,641,158,1,2
159,642,158,1,2
159,644,158,1,2
159,645,158,1,2
159,648,158,1,2
159,649,158,1,2
159,655,158,1,2
159,658,158,1,2
159,662,158,1,2
159,667,134,0,3
159,668,158,1,2
159,669,158,1,2
159,670,158,1,2
159,673,158,1,2
159,674,158,1,2
159,675,158,1,2
159,676,134,0,3
159,678,158,1,2
159,679,158,1,2
159,680,158,1,2
159,684,158,1,2
159,685,158,1,2
159,686,158,1,2
159,689,158,1,2
159,691,158,1,2
159,692,158,1,2
159,695,158,1,2
159,699,158,1,2
159,701,158,1,2
159,702,158,1,2
159,704,158,1,2
159,706,158,1,2
159,707,158,1,2
159,713,134,0,3
159,714,158,1,2
159,717,158,1,2
159,720,158,1,2
159,721,158,1,2
159,722,158,1,2
159,723,158,1,2
159,724,158,1,2
160,633,161,2,1
160,667,135,0,3
160,668,159,1,2
160,676,135,0,3
160,698,185,3,0
160,702,159,1,2
160,713,135,0,3
161,633,633,12,0
161,667,136,0,3
161,668,160,1,2
161,676,136,0,3
161,698,186,3,0
161,702,160,1,2
161,713,136,0,3
162,667,137,0,3
162,668,161,1,2
162,676,137,0,3
162,713,137,0,3
163,668,162,1,2
163,676,138,0,3
163,688,188,3,0
164,676,139,0,3
165,676,140,0,3
166,668,167,2,1
166,676,141,0,3
166,688,191,3,0
167,631,168,2,1
167,667,166,1,2
167,668,168,2,1
167,676,142,0,3
168,667,143,0,3
168,668,169,2,1
168,676,143,0,3
168,713,143,0,3
169,633,168,1,2
169,667,144,0,3
169,668,170,2,1
169,676,144,0,3
169,698,194,3,0
169,702,170,2,1
169,713,144,0,3
170,633,169,1,2
170,667,145,0,3
170,668,171,2,1
170,676,145,0,3
170,698,195,3,0
170,702,171,2,1
170,713,145,0,3
171,633,170,1,2
171,667,146,0,3
171,668,172,2,1
171,676,146,0,3
171,702,196,3,0
171,713,146,0,3
172,633,171,1,2
172,667,171,1,2
172,668,173,2,1
172,676,171,1,2
172,698,171,1,2
172,702,197,3,0
172,713,171,1,2
173,633,172,1,2
173,667,172,1,2
173,668,174,2,1
173,676,172,1,2
173,698,172,1,2
173,702,198,3,0
173,713,172,1,2
174,667,173,1,2
174,668,150,2,3
174,676,173,1,2
174,713,173,1,2
175,631,150,0,2
175,667,176,1,1
175,668,150,0,2
175,676,199,3,2
176,668,151,0,3
176,676,175,1,1
177,676,176,1,2
178,676,179,2,1
179,631,154,0,3
179,667,180,2,1
179,668,154,0,3
179,676,180,2,1
179,688,180,2,1
180,667,181,2,1
180,668,155,0,3
180,676,181,2,1
180,713,181,2,1
181,633,182,2,1
181,667,182,2,1
181,668,156,0,3
181,676,182,2,1
181,698,182,2,1
181,702,206,3,0
181,713,182,2,1
182,633,183,2,1
182,667,183,2,1
182,668,157,0,3
182,676,183,2,1
182,698,183,2,1
182,702,207,3,0
182,713,183,2,1
183,626,158,0,3
183,629,208,3,0
183,632,158,0,3
183,633,158,0,3
183,638,208,3,0
183,640,158,0,3
183,643,158,0,3
183,646,158,0,3
183,647,158,0,3
183,650,208,3,0
183,651,158,0,3
183,652,158,0,3
183,653,158,0,3
183,654,158,0,3
183,656,208,3,0
183,657,208,3,0
183,659,158,0,3
183,660,208,3,0
183,661,158,0,3
183,663,208,3,0
183,664,158,0,3
183,665,158,0,3
183,666,158,0,3
183,667,158,0,3
183,668,158,0,3
183,671,158,0,3
183,672,158,0,3
183,676,158,0,3
183,677,158,0,3
183,681,158,0,3
183,682,158,0,3
183,683,158,0,3
183,687,208,3,0
183,688,208,3,0
183,690,208,3,0
183,693,158,0,3
183,694,158,0,3
183,696,208,3,0
183,698,184,2,1
183,700,208,3,0
183,702,208,3,0
183,703,158,0,3
183,705,158,0,3
183,709,158,0,3
183,710,208,3,0
183,711,208,3,0
183,713,158,0,3
183,715,158,0,3
183,718,158,0,3
183,719,158,0,3
183,721,158,0,3
184,625,183,1,2
184,627,183,1,2
184,628,183,1,2
184,630,183,1,2
184,631,183,1,2
184,633,159,0,3
184,634,183,1,2
184,635,183,1,2
184,636,183,1,2
184,639,183,1,2
184,641,183,1,2
184,642,183,1,2
184,644,183,1,2
184,645,183,1,2
184,648,183,1,2
184,649,183,1,2
184,655,183,1,2
184,658,183,1,2
184,662,183,1,2
184,667,159,0,3
184,668,183,1,2
184,669,183,1,2
184,670,183,1,2
184,673,183,1,2
184,675,183,1,2
184,676,159,0,3
184,678,183,1,2
184,679,183,1,2
184,680,183,1,2
184,684,183,1,2
184,685,183,1,2
184,686,183,1,2
184,689,183,1,2
184,691,183,1,2
184,692,183,1,2
184,695,183,1,2
184,698,185,2,1
184,699,183,1,2
184,701,183,1,2
184,702,183,1,2
184,704,183,1,2
184,706,183,1,2
184,707,183,1,2
184,708,183,1,2
184,712,183,1,2
184,713,159,0,3
184,714,183,1,2
184,717,183,1,2
184,720,183,1,2
184,721,183,1,2
184,722,183,1,2
184,723,183,1,2
184,724,183,1,2
185,633,160,0,3
185,667,160,0,3
185,668,184,1,2
185,676,160,0,3
185,698,186,2,1
185,702,184,1,2
185,713,160,0,3
186,633,161,0,3
186,667,161,0,3
186,668,185,1,2
186,676,161,0,3
186,698,698,77,0
186,702,185,1,2
186,713,161,0,3
187,667,162,0,3
187,668,186,1,2
187,676,162,0,3
187,713,162,0,3
188,668,187,1,2
188,676,163,0,3
188,688,213,3,0
189,676,164,0,3
190,676,165,0,3
191,668,192,2,1
191,676,166,0,3
191,688,216,3,0
192,631,193,2,1
192,667,191,1,2
192,668,193,2,1
192,676,167,0,3
193,667,168,0,3
193,668,194,2,1
193,676,168,0,3
193,713,168,0,3
194,633,169,0,3
194,667,169,0,3
194,668,195,2,1
194,676,169,0,3
194,698,193,1,2
194,702,195,2,1
194,713,169,0,3
195,633,170,0,3
195,667,170,0,3
195,668,196,2,1
195,676,170,0,3
195,698,194,1,2
195,702,196,2,1
195,713,170,0,3
196,633,171,0,3
196,667,171,0,3
196,668,171,0,3
196,676,171,0,3
196,698,195,1,2
196,702,221,3,0
196,713,171,0,3
197,633,196,1,2
197,667,196,1,2
197,668,172,0,3
197,676,196,1,2
197,698,196,1,2
197,702,222,3,0
197,713,196,1,2
198,633,197,1,2
198,667,197,1,2
198,668,173,0,3
198,676,197,1,2
198,698,197,1,2
198,702,223,3,0
198,713,197,1,2
199,667,198,1,2
199,668,174,0,3
199,676,198,1,2
199,713,198,1,2
200,631,175,0,2
200,667,201,1,1
200,668,175,0,2
200,676,224,3,2
201,668,176,0,3
201,676,200,1,1
202,676,201,1,2
203,676,204,2,1
204,631,179,0,3
204,667,205,2,1
204,668,179,0,3
204,676,205,2,1
204,688,205,2,1
205,667,206,2,1
205,668,180,0,3
205,676,206,2,1
205,713,206,2,1
206,633,207,2,1
206,667,207,2,1
206,668,181,0,3
206,676,207,2,1
206,698,207,2,1
206,702,231,3,0
206,713,207,2,1
207,633,208,2,1
207,667,208,2,1
207,668,182,0,3
207,676,208,2,1
207,698,208,2,1
207,702,232,3,0
207,713,208,2,1
208,626,183,0,3
208,629,233,3,0
208,632,183,0,3
208,633,183,0,3
208,637,183,0,3
208,638,233,3,0
208,640,183,0,3
208,643,183,0,3
208,646,183,0,3
208,647,183,0,3
208,650,233,3,0
208,651,183,0,3
208,652,183,0,3
208,653,233,3,0
208,654,183,0,3
208,656,233,3,0
208,657,233,3,0
208,659,183,0,3
208,660,233,3,0
208,661,183,0,3
208,663,233,3,0
208,664,183,0,3
208,665,183,0,3
208,666,183,0,3
208,667,183,0,3
208,668,183,0,3
208,671,183,0,3
208,672,183,0,3
208,676,183,0,3
208,677,183,0,3
208,681,183,0,3
208,682,183,0,3
208,683,183,0,3
208,687,233,3,0
208,688,233,3,0
208,690,233,3,0
208,693,183,0,3
208,694,183,0,3
208,696,233,3,0
208,697,183,0,3
208,698,183,0,3
208,700,233,3,0
208,702,233,3,0
208,703,183,0,3
208,705,183,0,3
208,709,183,0,3
208,710,233,3,0
208,711,233,3,0
208,713,183,0,3
208,715,183,0,3
208,716,183,0,3
208,718,183,0,3
208,719,183,0,3
208,721,183,0,3
209,625,208,1,2
209,627,208,1,2
209,628,208,1,2
209,630,208,1,2
209,631,208,1,2
209,633,184,0,3
209,634,208,1,2
209,636,208,1,2
209,639,208,1,2
209,641,208,1,2
209,642,208,1,2
209,644,208,1,2
209,645,208,1,2
209,648,208,1,2
209,649,208,1,2
209,655,208,1,2
209,658,208,1,2
209,662,208,1,2
209,667,184,0,3
209,668,208,1,2
209,669,208,1,2
209,670,208,1,2
209,673,208,1,2
209,674,208,1,2
209,675,208,1,2
209,676,184,0,3
209,678,208,1,2
209,679,208,1,2
209,680,208,1,2
209,684,208,1,2
209,685,208,1,2
209,686,208,1,2
209,689,208,1,2
209,692,208,1,2
209,695,208,1,2
209,698,184,0,3
209,699,208,1,2
209,701,208,1,2
209,702,208,1,2
209,704,208,1,2
209,706,208,1,2
209,707,208,1,2
209,708,208,1,2
209,712,208,1,2
209,713,184,0,3
209,714,208,1,2
209,717,208,1,2
209,720,208,1,2
209,721,208,1,2
209,722,208,1,2
209,723,208,1,2
209,724,208,1,2
210,633,185,0,3
210,667,185,0,3
210,668,209,1,2
210,676,185,0,3
210,698,185,0,3
210,702,209,1,2
210,713,185,0,3
211,633,186,0,3
211,667,186,0,3
211,668,210,1,2
211,676,186,0,3
211,698,186,0,3
211,702,210,1,2
211,713,186,0,3
212,667,187,0,3
212,668,211,1,2
212,676,187,0,3
212,713,187,0,3
213,668,212,1,2
213,676,188,0,3
213,688,238,3,0
214,676,189,0,3
215,676,190,0,3
216,668,217,2,1
216,676,191,0,3
216,688,241,3,0
217,631,218,2,1
217,667,216,1,2
217,668,218,2,1
217,676,192,0,3
218,667,193,0,3
218,668,219,2,1
218,676,193,0,3
218,713,193,0,3
219,633,194,0,3
219,667,194,0,3
219,668,220,2,1
219,676,194,0,3
219,698,194,0,3
219,702,220,2,1
219,713,194,0,3
220,633,195,0,3
220,667,195,0,3
220,668,221,2,1
220,676,195,0,3
220,698,195,0,3
220,702,221,2,1
220,713,195,0,3
221,633,196,0,3
221,667,196,0,3
221,668,196,0,3
221,676,196,0,3
221,698,196,0,3
221,702,246,3,0
221,713,196,0,3
222,633,221,1,2
222,667,221,1,2
222,668,197,0,3
222,676,221,1,2
222,698,221,1,2
222,702,247,3,0
222,713,221,1,2
223,633,222,1,2
223,667,222,1,2
223,668,198,0,3
223,676,222,1,2
223,698,222,1,2
223,702,248,3,0
223,713,222,1,2
224,667,223,1,2
224,668,199,0,3
224,676,223,1,2
224,713,223,1,2
225,631,200,0,2
225,667,226,1,1
225,668,200,0,2
225,676,249,3,2
226,668,201,0,3
226,676,225,1,1
227,676,226,1,2
228,676,229,2,1
229,631,204,0,3
229,667,230,2,1
229,668,204,0,3
229,676,230,2,1
229,688,230,2,1
230,667,231,2,1
230,668,205,0,3
230,676,231,2,1
230,713,231,2,1
231,633,232,2,1
231,667,232,2,1
231,668,206,0,3
231,676,232,2,1
231,698,232,2,1
231,702,702,81,0
231,713,232,2,1
232,633,233,2,1
232,667,233,2,1
232,668,207,0,3
232,676,233,2,1
232,698,233,2,1
232,702,231,1,2
232,713,233,2,1
233,626,208,0,3
233,629,258,3,0
233,632,208,0,3
233,633,208,0,3
233,637,208,0,3
233,638,258,3,0
233,640,208,0,3
233,643,258,3,0
233,646,208,0,3
233,647,258,3,0
233,650,258,3,0
233,651,208,0,3
233,652,208,0,3
233,653,258,3,0
233,654,208,0,3
233,656,258,3,0
233,657,258,3,0
233,659,208,0,3
233,660,258,3,0
233,661,208,0,3
233,663,258,3,0
233,664,208,0,3
233,665,208,0,3
233,666,208,0,3
233,667,208,0,3
233,668,208,0,3
233,671,208,0,3
233,672,208,0,3
233,676,208,0,3
233,677,208,0,3
233,681,208,0,3
233,682,208,0,3
233,683,208,0,3
233,687,258,3,0
233,688,258,3,0
233,690,258,3,0
233,693,208,0,3
233,694,208,0,3
233,696,258,3,0
233,697,208,0,3
233,698,208,0,3
233,700,258,3,0
233,702,232,1,2
233,703,208,0,3
233,705,208,0,3
233,709,208,0,3
233,710,258,3,0
233,711,258,3,0
233,713,208,0,3
233,715,208,0,3
233,716,208,0,3
233,718,208,0,3
233,719,208,0,3
233,721,208,0,3
234,625,233,1,2
234,627,233,1,2
234,628,233,1,2
234,631,233,1,2
234,633,209,0,3
234,634,233,1,2
234,635,233,1,2
234,636,233,1,2
234,639,233,1,2
234,641,233,1,2
234,642,233,1,2
234,644,233,1,2
234,645,233,1,2
234,648,233,1,2
234,649,233,1,2
234,655,233,1,2
234,658,233,1,2
234,662,233,1,2
234,667,209,0,3
234,668,233,1,2
234,669,233,1,2
234,670,233,1,2
234,673,233,1,2
234,674,233,1,2
234,675,233,1,2
234,676,209,0,3
234,678,233,1,2
234,679,233,1,2
234,680,233,1,2
234,684,233,1,2
234,685,233,1,2
234,686,233,1,2
234,689,233,1,2
234,691,233,1,2
234,692,233,1,2
234,698,209,0,3
234,699,233,1,2
234,701,233,1,2
234,702,233,1,2
234,704,233,1,2
234,706,233,1,2
234,707,233,1,2
234,708,233,1,2
234,712,233,1,2
234,713,209,0,3
234,714,233,1,2
234,717,233,1,2
234,720,233,1,2
234,721,233,1,2
234,722,233,1,2
234,723,233,1,2
234,724,233,1,2
235,633,210,0,3
235,667,210,0,3
235,668,234,1,2
235,676,210,0,3
235,698,210,0,3
235,702,234,1,2
235,713,210,0,3
236,633,211,0,3
236,667,211,0,3
236,668,235,1,2
236,676,211,0,3
236,698,211,0,3
236,702,235,1,2
236,713,211,0,3
237,667,212,0,3
237,668,236,1,2
237,676,212,0,3
237,713,212,0,3
238,668,237,1,2
238,676,213,0,3
238,688,263,3,0
239,676,214,0,3
240,676,215,0,3
241,668,242,2,1
241,676,216,0,3
241,688,266,3,0
242,631,243,2,1
242,667,241,1,2
242,668,243,2,1
242,676,217,0,3
243,667,218,0,3
243,668,244,2,1
243,676,218,0,3
243,713,218,0,3
244,633,219,0,3
244,667,219,0,3
244,668,245,2,1
244,676,219,0,3
244,698,219,0,3
244,702,245,2,1
244,713,219,0,3
245,633,220,0,3
245,667,220,0,3
245,668,246,2,1
245,676,220,0,3
245,698,220,0,3
245,702,246,2,1
245,713,220,0,3
246,633,221,0,3
246,667,221,0,3
246,668,221,0,3
246,676,221,0,3
246,698,221,0,3
246,702,247,2,1
246,713,221,0,3
247,633,246,1,2
247,667,246,1,2
247,668,222,0,3
247,676,246,1,2
247,698,246,1,2
247,702,248,2,1
247,713,246,1,2
248,633,247,1,2
248,667,247,1,2
248,668,223,0,3
248,676,247,1,2
248,698,247,1,2
248,702,249,2,1
248,713,247,1,2
249,667,248,1,2
249,668,224,0,3
249,676,248,1,2
249,713,248,1,2
250,631,225,0,2
250,668,225,0,2
250,676,274,3,2
251,668,226,0,3
251,676,250,1,1
252,676,251,1,2
253,676,254,2,1
254,631,229,0,3
254,667,255,2,1
254,668,229,0,3
254,676,255,2,1
254,688,255,2,1
255,667,256,2,1
255,668,230,0,3
255,676,256,2,1
255,713,256,2,1
256,633,257,2,1
256,667,257,2,1
256,668,231,0,3
256,676,257,2,1
256,698,257,2,1
256,702,231,0,3
256,713,257,2,1
257,633,258,2,1
257,667,258,2,1
257,668,232,0,3
257,676,258,2,1
257,698,258,2,1
257,702,232,0,3
257,713,258,2,1
258,626,233,0,3
258,629,283,3,0
258,632,233,0,3
258,633,233,0,3
258,637,233,0,3
258,638,283,3,0
258,640,233,0,3
258,643,283,3,0
258,646,233,0,3
258,647,283,3,0
258,650,283,3,0
258,651,283,3,0
258,652,233,0,3
258,653,283,3,0
258,654,233,0,3
258,656,283,3,0
258,657,283,3,0
258,659,233,0,3
258,660,283,3,0
258,661,233,0,3
258,663,283,3,0
258,664,233,0,3
258,665,233,0,3
258,666,233,0,3
258,667,233,0,3
258,668,233,0,3
258,671,283,3,0
258,672,233,0,3
258,676,233,0,3
258,677,233,0,3
258,681,283,3,0
258,682,233,0,3
258,683,233,0,3
258,687,283,3,0
258,688,283,3,0
258,690,283,3,0
258,693,233,0,3
258,694,233,0,3
258,696,283,3,0
258,697,233,0,3
258,698,233,0,3
258,700,283,3,0
258,702,233,0,3
258,703,233,0,3
258,705,233,0,3
258,709,233,0,3
258,710,283,3,0
258,711,283,3,0
258,713,233,0,3
258,715,233,0,3
258,716,233,0,3
258,718,233,0,3
258,719,233,0,3
258,721,233,0,3
259,625,258,1,2
259,627,258,1,2
259,628,258,1,2
259,630,258,1,2
259,631,258,1,2
259,633,234,0,3
259,634,258,1,2
259,635,258,1,2
259,639,258,1,2
259,641,258,1,2
259,642,258,1,2
259,644,258,1,2
259,645,258,1,2
259,648,258,1,2
259,649,258,1,2
259,655,258,1,2
259,658,258,1,2
259,662,258,1,2
259,667,234,0,3
259,668,258,1,2
259,669,258,1,2
259,673,258,1,2
259,674,258,1,2
259,675,258,1,2
259,676,234,0,3
259,678,258,1,2
259,679,258,1,2
259,680,258,1,2
259,684,258,1,2
259,685,258,1,2
259,686,258,1,2
259,689,258,1,2
259,691,258,1,2
259,692,258,1,2
259,695,258,1,2
259,698,234,0,3
259,699,258,1,2
259,701,258,1,2
259,702,258,1,2
259,704,258,1,2
259,706,258,1,2
259,707,258,1,2
259,708,258,1,2
259,712,258,1,2
259,713,234,0,3
259,714,258,1,2
259,720,258,1,2
259,721,258,1,2
259,723,258,1,2
259,724,258,1,2
260,633,235,0,3
260,667,235,0,3
260,668,259,1,2
260,676,235,0,3
260,698,235,0,3
260,702,259,1,2
260,713,235,0,3
261,633,236,0,3
261,667,236,0,3
261,668,260,1,2
261,676,236,0,3
261,698,236,0,3
261,702,260,1,2
261,713,236,0,3
262,667,237,0,3
262,668,261,1,2
262,676,237,0,3
262,713,237,0,3
263,668,262,1,2
263,676,238,0,3
263,688,288,3,0
264,676,239,0,3
265,676,240,0,3
266,668,267,2,1
266,676,241,0,3
266,688,291,3,0
267,631,268,2,1
267,667,266,1,2
267,668,268,2,1
267,676,242,0,3
268,667,243,0,3
268,668,269,2,1
268,676,243,0,3
268,713,243,0,3
269,633,244,0,3
269,667,244,0,3
269,668,270,2,1
269,676,244,0,3
269,698,244,0,3
269,702,270,2,1
269,713,244,0,3
270,633,245,0,3
270,667,245,0,3
270,668,271,2,1
270,676,245,0,3
270,698,245,0,3
270,702,271,2,1
270,713,245,0,3
271,633,246,0,3
271,667,246,0,3
271,668,246,0,3
271,676,246,0,3
271,698,246,0,3
271,713,246,0,3
272,633,271,1,2
272,667,271,1,2
272,668,247,0,3
272,676,271,1,2
272,698,271,1,2
272,702,247,0,3
272,713,271,1,2
273,633,272,1,2
273,667,272,1,2
273,668,248,0,3
273,676,272,1,2
273,698,272,1,2
273,702,248,0,3
273,713,272,1,2
274,667,273,1,2
274,668,249,0,3
274,676,273,1,2
274,713,273,1,2
275,631,250,0,2
275,667,276,1,1
275,668,250,0,2
275,676,299,3,2
276,668,251,0,3
276,676,275,1,1
277,676,276,1,2
278,676,279,2,1
279,631,254,0,3
279,667,280,2,1
279,668,254,0,3
279,676,280,2,1
279,688,280,2,1
280,667,281,2,1
280,668,255,0,3
280,676,281,2,1
280,713,281,2,1
281,633,282,2,1
281,667,282,2,1
281,668,256,0,3
281,676,282,2,1
281,698,282,2,1
281,702,256,0,3
281,713,282,2,1
282,633,283,2,1
282,667,283,2,1
282,668,257,0,3
282,676,283,2,1
282,698,283,2,1
282,702,257,0,3
282,713,283,2,1
283,626,258,0,3
283,629,308,3,0
283,632,258,0,3
283,633,258,0,3
283,637,258,0,3
283,638,308,3,0
283,640,258,0,3
283,643,308,3,0
283,646,258,0,3
283,647,308,3,0
283,650,308,3,0
283,651,308,3,0
283,652,258,0,3
283,653,308,3,0
283,654,258,0,3
283,656,308,3,0
283,657,308,3,0
283,659,258,0,3
283,660,308,3,0
283,661,258,0,3
283,663,308,3,0
283,664,258,0,3
283,665,258,0,3
283,666,258,0,3
283,668,258,0,3
283,671,308,3,0
283,672,258,0,3
283,676,308,3,0
283,677,258,0,3
283,681,308,3,0
283,682,258,0,3
283,683,258,0,3
283,687,308,3,0
283,688,308,3,0
283,690,308,3,0
283,693,258,0,3
283,694,258,0,3
283,696,308,3,0
283,697,258,0,3
283,698,258,0,3
283,700,308,3,0
283,702,258,0,3
283,703,258,0,3
283,705,258,0,3
283,709,258,0,3
283,710,308,3,0
283,711,308,3,0
283,713,258,0,3
283,715,258,0,3
283,716,258,0,3
283,718,258,0,3
283,719,258,0,3
283,721,258,0,3
284,625,283,1,2
284,627,283,1,2
284,628,283,1,2
284,630,283,1,2
284,631,283,1,2
284,633,259,0,3
284,634,283,1,2
284,635,283,1,2
284,636,283,1,2
284,639,283,1,2
284,641,283,1,2
284,642,283,1,2
284,644,283,1,2
284,645,283,1,2
284,648,283,1,2
284,649,283,1,2
284,655,283,1,2
284,658,283,1,2
284,662,283,1,2
284,668,283,1,2
284,669,283,1,2
284,670,283,1,2
284,674,283,1,2
284,675,283,1,2
284,676,309,3,0
284,678,283,1,2
284,679,283,1,2
284,680,283,1,2
284,684,283,1,2
284,685,283,1,2
284,686,283,1,2
284,689,283,1,2
284,691,283,1,2
284,692,283,1,2
284,695,283,1,2
284,698,259,0,3
284,699,283,1,2
284,701,283,1,2
284,702,283,1,2
284,704,283,1,2
284,706,283,1,2
284,707,283,1,2
284,708,283,1,2
284,712,283,1,2
284,713,259,0,3
284,714,283,1,2
284,717,283,1,2
284,721,283,1,2
284,722,283,1,2
284,723,283,1,2
284,724,283,1,2
285,633,260,0,3
285,667,260,0,3
285,668,284,1,2
285,676,310,3,0
285,698,260,0,3
285,702,284,1,2
285,713,260,0,3
286,633,261,0,3
286,667,261,0,3
286,668,285,1,2
286,676,311,3,0
286,698,261,0,3
286,702,285,1,2
286,713,261,0,3
287,667,262,0,3
287,668,286,1,2
287,676,312,3,0
287,713,262,0,3
288,668,287,1,2
288,676,313,3,0
288,688,313,3,0
289,676,314,3,0
290,676,315,3,0
291,668,292,2,1
291,676,316,3,0
291,688,316,3,0
292,631,293,2,1
292,667,291,1,2
292,668,293,2,1
292,676,317,3,0
293,667,268,0,3
293,668,294,2,1
293,676,318,3,0
293,713,268,0,3
294,633,269,0,3
294,667,269,0,3
294,668,295,2,1
294,676,319,3,0
294,698,269,0,3
294,702,295,2,1
294,713,269,0,3
295,633,270,0,3
295,667,270,0,3
295,668,296,2,1
295,676,320,3,0
295,698,270,0,3
295,702,296,2,1
295,713,270,0,3
296,633,271,0,3
296,668,271,0,3
296,676,321,3,0
296,698,271,0,3
296,713,271,0,3
297,633,296,1,2
297,667,296,1,2
297,668,272,0,3
297,676,296,1,2
297,698,296,1,2
297,702,272,0,3
297,713,296,1,2
298,633,297,1,2
298,667,297,1,2
298,668,273,0,3
298,676,297,1,2
298,698,297,1,2
298,702,273,0,3
298,713,297,1,2
299,667,298,1,2
299,668,274,0,3
299,676,298,1,2
299,713,298,1,2
300,631,275,0,2
300,667,301,1,1
300,668,275,0,2
300,676,324,3,2
301,668,276,0,3
301,676,300,1,1
302,676,301,1,2
303,676,304,2,1
304,631,279,0,3
304,667,305,2,1
304,668,279,0,3
304,676,305,2,1
304,688,305,2,1
305,631,280,0,3
305,667,306,2,1
305,668,280,0,3
305,676,306,2,1
305,713,306,2,1
306,631,281,0,3
306,633,307,2,1
306,667,307,2,1
306,668,281,0,3
306,676,307,2,1
306,698,307,2,1
306,702,281,0,3
306,713,307,2,1
307,631,282,0,3
307,633,308,2,1
307,667,308,2,1
307,668,282,0,3
307,676,308,2,1
307,698,308,2,1
307,702,282,0,3
307,713,308,2,1
308,626,283,0,3
308,629,333,3,0
308,631,283,0,3
308,632,283,0,3
308,633,283,0,3
308,637,283,0,3
308,638,333,3,0
308,640,283,0,3
308,643,333,3,0
308,646,283,0,3
308,647,333,3,0
308,650,333,3,0
308,651,333,3,0
308,652,283,0,3
308,653,333,3,0
308,654,283,0,3
308,656,333,3,0
308,657,333,3,0
308,659,283,0,3
308,660,333,3,0
308,661,283,0,3
308,663,333,3,0
308,664,283,0,3
308,665,283,0,3
308,666,283,0,3
308,668,283,0,3
308,671,333,3,0
308,672,283,0,3
308,676,333,3,0
308,677,283,0,3
308,681,333,3,0
308,682,283,0,3
308,683,283,0,3
308,687,333,3,0
308,688,333,3,0
308,690,333,3,0
308,693,283,0,3
308,694,283,0,3
308,696,333,3,0
308,697,283,0,3
308,698,283,0,3
308,700,333,3,0
308,702,283,0,3
308,703,283,0,3
308,705,283,0,3
308,709,283,0,3
308,710,333,3,0
308,711,333,3,0
308,715,283,0,3
308,716,283,0,3
308,718,283,0,3
308,719,333,3,0
308,721,283,0,3
309,625,308,1,2
309,627,308,1,2
309,628,308,1,2
309,630,308,1,2
309,631,308,1,2
309,633,284,0,3
309,635,308,1,2
309,636,308,1,2
309,639,308,1,2
309,641,308,1,2
309,642,308,1,2
309,644,308,1,2
309,645,308,1,2
309,648,308,1,2
309,649,308,1,2
309,655,308,1,2
309,658,308,1,2
309,662,308,1,2
309,668,308,1,2
309,669,308,1,2
309,670,308,1,2
309,673,308,1,2
309,674,308,1,2
309,675,308,1,2
309,676,334,3,0
309,678,308,1,2
309,679,308,1,2
309,680,308,1,2
309,684,308,1,2
309,685,308,1,2
309,686,308,1,2
309,689,308,1,2
309,691,308,1,2
309,692,308,1,2
309,695,308,1,2
309,698,284,0,3
309,699,308,1,2
309,701,308,1,2
309,702,308,1,2
309,704,308,1,2
309,706,308,1,2
309,707,308,1,2
309,708,308,1,2
309,712,308,1,2
309,714,308,1,2
309,717,308,1,2
309,720,308,1,2
309,721,308,1,2
309,722,308,1,2
309,723,308,1,2
309,724,308,1,2
310,633,285,0,3
310,667,285,0,3
310,668,309,1,2
310,676,335,3,0
310,698,285,0,3
310,702,309,1,2
310,713,285,0,3
311,633,286,0,3
311,667,286,0,3
311,668,310,1,2
311,676,336,3,0
311,698,286,0,3
311,702,310,1,2
311,713,286,0,3
312,667,287,0,3
312,668,311,1,2
312,676,337,3,0
312,713,287,0,3
313,668,312,1,2
313,676,338,3,0
313,688,338,3,0
314,676,339,3,0
315,676,340,3,0
316,668,317,2,1
316,676,341,3,0
316,688,341,3,0
317,631,318,2,1
317,667,316,1,2
317,668,318,2,1
317,676,342,3,0
318,667,293,0,3
318,668,319,2,1
318,676,343,3,0
318,713,293,0,3
319,633,294,0,3
319,667,294,0,3
319,668,320,2,1
319,676,344,3,0
319,698,294,0,3
319,702,320,2,1
319,713,294,0,3
320,633,295,0,3
320,667,295,0,3
320,668,321,2,1
320,676,345,3,0
320,698,295,0,3
320,702,321,2,1
320,713,295,0,3
321,631,296,0,3
321,633,296,0,3
321,668,296,0,3
321,676,346,3,0
321,698,296,0,3
322,631,297,0,3
322,633,321,1,2
322,667,321,1,2
322,668,297,0,3
322,676,321,1,2
322,698,321,1,2
322,702,297,0,3
322,713,321,1,2
323,631,298,0,3
323,633,322,1,2
323,667,322,1,2
323,668,298,0,3
323,676,322,1,2
323,698,322,1,2
323,702,298,0,3
323,713,322,1,2
324,631,299,0,3
324,667,323,1,2
324,668,299,0,3
324,676,323,1,2
324,713,323,1,2
325,631,350,2,0
325,667,326,1,1
325,668,300,0,2
325,676,349,3,2
326,668,301,0,3
326,676,325,1,1
327,676,326,1,2
328,676,329,2,1
329,631,354,3,0
329,667,330,2,1
329,668,304,0,3
329,676,330,2,1
329,688,330,2,1
330,667,331,2,1
330,668,305,0,3
330,676,331,2,1
330,713,331,2,1
331,633,332,2,1
331,667,332,2,1
331,668,306,0,3
331,676,332,2,1
331,698,332,2,1
331,702,306,0,3
331,713,332,2,1
332,633,333,2,1
332,667,333,2,1
332,668,307,0,3
332,676,333,2,1
332,698,333,2,1
332,702,307,0,3
332,713,333,2,1
333,626,308,0,3
333,632,308,0,3
333,633,308,0,3
333,637,308,0,3
333,638,358,3,0
333,640,358,3,0
333,643,358,3,0
333,646,308,0,3
333,647,358,3,0
333,650,358,3,0
333,651,358,3,0
333,652,308,0,3
333,653,358,3,0
333,654,308,0,3
333,656,358,3,0
333,657,358,3,0
333,659,308,0,3
333,660,358,3,0
333,661,308,0,3
333,663,358,3,0
333,664,308,0,3
333,665,308,0,3
333,666,308,0,3
333,667,358,3,0
333,668,308,0,3
333,671,358,3,0
333,672,308,0,3
333,676,358,3,0
333,677,308,0,3
333,681,358,3,0
333,682,308,0,3
333,683,308,0,3
333,687,358,3,0
333,688,358,3,0
333,690,358,3,0
333,693,308,0,3
333,694,308,0,3
333,696,358,3,0
333,697,308,0,3
333,698,308,0,3
333,700,358,3,0
333,702,308,0,3
333,703,358,3,0
333,705,358,3,0
333,709,308,0,3
333,710,358,3,0
333,711,358,3,0
333,715,308,0,3
333,716,308,0,3
333,718,308,0,3
333,719,358,3,0
333,721,308,0,3
334,625,333,1,2
334,627,333,1,2
334,628,333,1,2
334,630,333,1,2
334,631,333,1,2
334,633,309,0,3
334,634,333,1,2
334,635,333,1,2
334,636,333,1,2
334,639,333,1,2
334,641,333,1,2
334,642,333,1,2
334,644,333,1,2
334,648,333,1,2
334,649,333,1,2
334,655,333,1,2
334,658,333,1,2
334,662,333,1,2
334,667,359,3,0
334,668,333,1,2
334,670,333,1,2
334,673,333,1,2
334,674,333,1,2
334,675,333,1,2
334,676,359,3,0
334,678,333,1,2
334,679,333,1,2
334,680,333,1,2
334,684,333,1,2
334,686,333,1,2
334,689,333,1,2
334,691,333,1,2
334,692,333,1,2
334,695,333,1,2
334,698,309,0,3
334,699,333,1,2
334,701,333,1,2
334,702,333,1,2
334,704,333,1,2
334,706,333,1,2
334,707,333,1,2
334,708,333,1,2
334,712,333,1,2
334,714,333,1,2
334,717,333,1,2
334,720,333,1,2
334,721,333,1,2
334,722,333,1,2
334,723,333,1,2
334,724,333,1,2
335,633,310,0,3
335,667,360,3,0
335,668,334,1,2
335,676,360,3,0
335,698,310,0,3
335,702,334,1,2
335,713,310,0,3
336,633,311,0,3
336,667,361,3,0
336,668,335,1,2
336,676,361,3,0
336,698,311,0,3
336,702,335,1,2
336,713,311,0,3
337,667,362,3,0
337,668,336,1,2
337,676,362,3,0
337,713,312,0,3
338,668,337,1,2
338,676,363,3,0
338,688,363,3,0
339,676,364,3,0
340,676,365,3,0
341,668,342,2,1
341,676,366,3,0
341,688,366,3,0
342,631,343,2,1
342,667,341,1,2
342,668,343,2,1
342,676,367,3,0
343,667,368,3,0
343,668,344,2,1
343,676,368,3,0
343,713,318,0,3
344,633,319,0,3
344,667,369,3,0
344,668,345,2,1
344,676,369,3,0
344,698,319,0,3
344,702,345,2,1
344,713,319,0,3
345,633,320,0,3
345,667,370,3,0
345,668,346,2,1
345,676,370,3,0
345,698,320,0,3
345,702,346,2,1
345,713,320,0,3
346,633,321,0,3
346,667,371,3,0
346,668,321,0,3
346,676,371,3,0
346,698,321,0,3
347,633,346,1,2
347,667,346,1,2
347,668,322,0,3
347,676,346,1,2
347,698,346,1,2
347,702,322,0,3
347,713,346,1,2
348,633,347,1,2
348,667,347,1,2
348,668,323,0,3
348,676,347,1,2
348,698,347,1,2
348,702,323,0,3
348,713,347,1,2
349,667,348,1,2
349,668,324,0,3
349,676,348,1,2
349,713,348,1,2
350,631,375,2,0
350,667,351,1,1
350,668,325,0,2
350,676,374,3,2
351,668,326,0,3
351,676,350,1,1
352,676,351,1,2
353,676,354,2,1
354,631,379,3,0
354,667,355,2,1
354,668,329,0,3
354,676,355,2,1
354,688,355,2,1
355,667,356,2,1
355,668,330,0,3
355,676,356,2,1
355,713,356,2,1
356,633,357,2,1
356,667,357,2,1
356,668,331,0,3
356,676,357,2,1
356,698,357,2,1
356,702,331,0,3
356,713,357,2,1
357,633,358,2,1
357,667,358,2,1
357,668,332,0,3
357,676,358,2,1
357,698,358,2,1
357,702,332,0,3
357,713,358,2,1
358,626,333,0,3
358,629,333,0,3
358,632,333,0,3
358,637,333,0,3
358,638,383,3,0
358,640,383,3,0
358,643,383,3,0
358,646,383,3,0
358,647,383,3,0
358,650,383,3,0
358,651,383,3,0
358,652,333,0,3
358,653,383,3,0
358,654,383,3,0
358,656,383,3,0
358,657,383,3,0
358,659,333,0,3
358,660,383,3,0
358,661,383,3,0
358,663,383,3,0
358,664,333,0,3
358,665,333,0,3
358,666,333,0,3
358,667,383,3,0
358,668,333,0,3
358,671,383,3,0
358,672,333,0,3
358,676,383,3,0
358,677,333,0,3
358,681,383,3,0
358,682,383,3,0
358,683,333,0,3
358,688,383,3,0
358,690,383,3,0
358,693,333,0,3
358,694,333,0,3
358,696,383,3,0
358,697,333,0,3
358,698,333,0,3
358,700,383,3,0
358,702,333,0,3
358,703,383,3,0
358,705,383,3,0
358,709,333,0,3
358,710,383,3,0
358,711,383,3,0
358,715,333,0,3
358,716,333,0,3
358,718,333,0,3
358,719,383,3,0
358,721,333,0,3
359,625,358,1,2
359,627,358,1,2
359,628,358,1,2
359,630,358,1,2
359,631,358,1,2
359,634,358,1,2
359,635,358,1,2
359,636,358,1,2
359,639,358,1,2
359,641,358,1,2
359,642,358,1,2
359,644,358,1,2
359,645,358,1,2
359,648,358,1,2
359,655,358,1,2
359,658,358,1,2
359,662,358,1,2
359,667,384,3,0
359,668,358,1,2
359,669,358,1,2
359,670,358,1,2
359,673,358,1,2
359,674,358,1,2
359,675,358,1,2
359,676,384,3,0
359,678,358,1,2
359,679,358,1,2
359,680,358,1,2
359,684,358,1,2
359,685,358,1,2
359,686,358,1,2
359,689,358,1,2
359,691,358,1,2
359,692,358,1,2
359,695,358,1,2
359,698,334,0,3
359,699,358,1,2
359,701,358,1,2
359,702,358,1,2
359,704,358,1,2
359,706,358,1,2
359,707,358,1,2
359,708,358,1,2
359,712,358,1,2
359,714,358,1,2
359,717,358,1,2
359,720,358,1,2
359,721,358,1,2
359,722,358,1,2
359,723,358,1,2
360,633,335,0,3
360,667,385,3,0
360,668,359,1,2
360,676,385,3,0
360,698,335,0,3
360,702,359,1,2
360,713,335,0,3
361,633,336,0,3
361,667,386,3,0
361,668,360,1,2
361,676,386,3,0
361,698,336,0,3
361,702,360,1,2
361,713,336,0,3
362,667,387,3,0
362,668,361,1,2
362,676,387,3,0
362,713,337,0,3
363,668,362,1,2
363,676,388,3,0
363,688,388,3,0
364,676,389,3,0
365,676,390,3,0
366,668,367,2,1
366,676,391,3,0
366,688,391,3,0
367,631,368,2,1
367,667,366,1,2
367,668,368,2,1
367,676,392,3,0
368,667,393,3,0
368,668,369,2,1
368,676,393,3,0
368,713,343,0,3
369,633,344,0,3
369,667,394,3,0
369,668,370,2,1
369,676,394,3,0
369,698,344,0,3
369,702,370,2,1
369,713,344,0,3
370,633,345,0,3
370,667,395,3,0
370,668,371,2,1
370,676,395,3,0
370,698,345,0,3
370,702,371,2,1
370,713,345,0,3
371,667,396,3,0
371,668,346,0,3
371,676,396,3,0
371,698,346,0,3
372,633,371,1,2
372,667,371,1,2
372,668,347,0,3
372,676,371,1,2
372,698,371,1,2
372,702,347,0,3
372,713,371,1,2
373,633,372,1,2
373,667,372,1,2
373,668,348,0,3
373,676,372,1,2
373,698,372,1,2
373,702,348,0,3
373,713,372,1,2
374,667,373,1,2
374,668,349,0,3
374,676,373,1,2
374,713,373,1,2
375,631,400,2,0
375,667,376,1,1
375,668,350,0,2
375,676,399,3,2
376,668,351,0,3
376,676,375,1,1
377,676,376,1,2
378,676,379,2,1
379,631,404,3,0
379,667,380,2,1
379,668,354,0,3
379,676,380,2,1
379,688,380,2,1
380,667,381,2,1
380,668,355,0,3
380,676,381,2,1
380,713,381,2,1
381,633,382,2,1
381,667,382,2,1
381,668,356,0,3
381,676,382,2,1
381,698,382,2,1
381,702,356,0,3
381,713,382,2,1
382,633,383,2,1
382,667,383,2,1
382,668,357,0,3
382,676,383,2,1
382,698,383,2,1
382,702,357,0,3
382,713,383,2,1
383,626,358,0,3
383,629,358,0,3
383,632,358,0,3
383,637,358,0,3
383,638,408,3,0
383,640,408,3,0
383,643,408,3,0
383,646,408,3,0
383,647,408,3,0
383,650,408,3,0
383,651,408,3,0
383,652,358,0,3
383,653,408,3,0
383,654,408,3,0
383,657,408,3,0
383,659,358,0,3
383,660,408,3,0
383,661,408,3,0
383,664,358,0,3
383,665,358,0,3
383,666,408,3,0
383,667,408,3,0
383,668,358,0,3
383,671,408,3,0
383,672,358,0,3
383,676,408,3,0
383,677,358,0,3
383,681,408,3,0
383,682,408,3,0
383,683,358,0,3
383,687,358,0,3
383,688,408,3,0
383,693,408,3,0
383,694,408,3,0
383,696,408,3,0
383,697,358,0,3
383,700,408,3,0
383,702,358,0,3
383,703,408,3,0
383,705,408,3,0
383,709,358,0,3
383,711,408,3,0
383,713,408,3,0
383,715,358,0,3
383,716,358,0,3
383,718,358,0,3
383,719,408,3,0
383,721,358,0,3
384,625,383,1,2
384,627,383,1,2
384,630,383,1,2
384,631,383,1,2
384,634,383,1,2
384,635,383,1,2
384,636,383,1,2
384,639,383,1,2
384,641,383,1,2
384,642,383,1,2
384,645,383,1,2
384,648,383,1,2
384,649,383,1,2
384,655,383,1,2
384,658,383,1,2
384,662,383,1,2
384,667,409,3,0
384,668,383,1,2
384,669,383,1,2
384,670,383,1,2
384,673,383,1,2
384,674,383,1,2
384,676,409,3,0
384,678,383,1,2
384,679,383,1,2
384,680,383,1,2
384,684,383,1,2
384,685,383,1,2
384,686,383,1,2
384,688,409,3,0
384,689,383,1,2
384,691,383,1,2
384,692,383,1,2
384,695,383,1,2
384,699,383,1,2
384,701,383,1,2
384,702,383,1,2
384,706,383,1,2
384,707,383,1,2
384,708,383,1,2
384,712,383,1,2
384,713,409,3,0
384,714,383,1,2
384,717,383,1,2
384,720,383,1,2
384,721,383,1,2
384,722,383,1,2
384,724,383,1,2
385,633,360,0,3
385,667,410,3,0
385,668,384,1,2
385,676,410,3,0
385,688,410,3,0
385,698,360,0,3
385,702,384,1,2
385,713,410,3,0
386,633,361,0,3
386,667,411,3,0
386,668,385,1,2
386,676,411,3,0
386,688,411,3,0
386,698,361,0,3
386,702,385,1,2
386,713,411,3,0
387,667,412,3,0
387,668,386,1,2
387,676,412,3,0
387,688,412,3,0
387,713,412,3,0
388,668,387,1,2
388,676,413,3,0
388,688,413,3,0
389,676,414,3,0
390,676,415,3,0
391,668,392,2,1
391,676,416,3,0
391,688,416,3,0
392,631,393,2,1
392,667,391,1,2
392,668,393,2,1
392,676,417,3,0
392,688,417,3,0
393,667,418,3,0
393,668,394,2,1
393,676,418,3,0
393,688,418,3,0
393,713,418,3,0
394,633,369,0,3
394,667,419,3,0
394,668,395,2,1
394,676,419,3,0
394,688,419,3,0
394,698,369,0,3
394,702,395,2,1
394,713,419,3,0
395,633,370,0,3
395,667,420,3,0
395,668,396,2,1
395,676,420,3,0
395,688,420,3,0
395,698,370,0,3
395,702,396,2,1
395,713,420,3,0
396,667,421,3,0
396,668,371,0,3
396,676,421,3,0
396,688,421,3,0
396,702,371,0,3
396,713,421,3,0
397,633,396,1,2
397,667,396,1,2
397,668,372,0,3
397,676,396,1,2
397,698,396,1,2
397,702,372,0,3
397,713,396,1,2
398,633,397,1,2
398,667,397,1,2
398,668,373,0,3
398,676,397,1,2
398,698,397,1,2
398,702,373,0,3
398,713,397,1,2
399,667,398,1,2
399,668,374,0,3
399,676,398,1,2
399,713,398,1,2
400,631,425,2,0
400,667,401,1,1
400,668,375,0,2
400,676,424,3,2
401,668,376,0,3
401,676,400,1,1
402,676,401,1,2
403,676,404,2,1
404,631,429,3,0
404,667,405,2,1
404,668,379,0,3
404,676,405,2,1
404,688,405,2,1
405,667,406,2,1
405,668,380,0,3
405,676,406,2,1
405,713,406,2,1
406,633,407,2,1
406,667,407,2,1
406,668,381,0,3
406,676,407,2,1
406,698,407,2,1
406,702,381,0,3
406,713,407,2,1
407,633,408,2,1
407,667,408,2,1
407,668,382,0,3
407,676,408,2,1
407,698,408,2,1
407,702,382,0,3
407,713,408,2,1
408,626,433,3,0
408,629,383,0,3
408,632,433,3,0
408,637,383,0,3
408,640,433,3,0
408,643,433,3,0
408,646,433,3,0
408,647,433,3,0
408,651,433,3,0
408,652,383,0,3
408,653,433,3,0
408,654,433,3,0
408,656,383,0,3
408,657,433,3,0
408,659,433,3,0
408,660,433,3,0
408,661,433,3,0
408,663,383,0,3
408,664,383,0,3
408,665,383,0,3
408,666,433,3,0
408,667,433,3,0
408,668,383,0,3
408,671,433,3,0
408,672,383,0,3
408,676,433,3,0
408,677,383,0,3
408,681,433,3,0
408,682,433,3,0
408,683,383,0,3
408,687,383,0,3
408,690,383,0,3
408,693,433,3,0
408,694,433,3,0
408,696,433,3,0
408,697,383,0,3
408,700,433,3,0
408,702,383,0,3
408,703,433,3,0
408,705,433,3,0
408,709,383,0,3
408,710,383,0,3
408,713,433,3,0
408,715,433,3,0
408,716,383,0,3
408,718,433,3,0
408,719,433,3,0
408,721,383,0,3
409,625,408,1,2
409,627,408,1,2
409,628,408,1,2
409,630,408,1,2
409,631,408,1,2
409,634,408,1,2
409,635,408,1,2
409,636,408,1,2
409,639,408,1,2
409,641,408,1,2
409,642,408,1,2
409,644,408,1,2
409,645,408,1,2
409,648,408,1,2
409,649,408,1,2
409,655,408,1,2
409,658,408,1,2
409,662,408,1,2
409,667,434,3,0
409,668,408,1,2
409,669,408,1,2
409,670,408,1,2
409,673,408,1,2
409,674,408,1,2
409,675,408,1,2
409,676,434,3,0
409,679,408,1,2
409,680,408,1,2
409,684,408,1,2
409,685,408,1,2
409,686,408,1,2
409,688,410,2,1
409,689,408,1,2
409,691,408,1,2
409,692,408,1,2
409,695,408,1,2
409,701,408,1,2
409,702,408,1,2
409,704,408,1,2
409,706,408,1,2
409,707,408,1,2
409,708,408,1,2
409,712,408,1,2
409,713,434,3,0
409,714,408,1,2
409,717,408,1,2
409,720,408,1,2
409,721,408,1,2
409,722,408,1,2
409,723,408,1,2
409,724,408,1,2
410,633,385,0,3
410,667,435,3,0
410,668,409,1,2
410,676,435,3,0
410,688,411,2,1
410,698,385,0,3
410,702,409,1,2
410,713,435,3,0
411,633,386,0,3
411,667,436,3,0
411,668,410,1,2
411,676,436,3,0
411,688,412,2,1
411,698,386,0,3
411,702,410,1,2
411,713,436,3,0
412,667,437,3,0
412,668,411,1,2
412,676,437,3,0
412,688,413,2,1
412,713,437,3,0
413,668,412,1,2
413,676,438,3,0
414,676,439,3,0
415,676,440,3,0
416,668,417,2,1
416,676,441,3,0
416,688,688,67,0
417,631,418,2,1
417,667,416,1,2
417,668,418,2,1
417,676,442,3,0
417,688,416,1,2
418,667,443,3,0
418,668,419,2,1
418,676,443,3,0
418,688,417,1,2
418,713,443,3,0
419,633,394,0,3
419,667,444,3,0
419,668,420,2,1
419,676,444,3,0
419,688,418,1,2
419,698,394,0,3
419,702,420,2,1
419,713,444,3,0
420,633,395,0,3
420,667,445,3,0
420,668,421,2,1
420,676,445,3,0
420,688,419,1,2
420,698,395,0,3
420,702,421,2,1
420,713,445,3,0
421,667,446,3,0
421,668,396,0,3
421,676,446,3,0
421,688,420,1,2
421,702,396,0,3
421,713,446,3,0
422,633,421,1,2
422,667,421,1,2
422,668,397,0,3
422,676,421,1,2
422,698,421,1,2
422,702,397,0,3
422,713,421,1,2
423,633,422,1,2
423,667,422,1,2
423,668,398,0,3
423,676,422,1,2
423,698,422,1,2
423,702,398,0,3
423,713,422,1,2
424,667,423,1,2
424,668,399,0,3
424,676,423,1,2
424,713,423,1,2
425,631,450,2,0
425,667,426,1,1
425,668,400,0,2
425,676,449,3,2
426,668,401,0,3
426,676,425,1,1
427,676,426,1,2
428,676,429,2,1
429,631,454,3,0
429,667,430,2,1
429,668,404,0,3
429,676,430,2,1
429,688,430,2,1
430,667,431,2,1
430,668,405,0,3
430,676,431,2,1
430,713,431,2,1
431,633,432,2,1
431,667,432,2,1
431,668,406,0,3
431,676,432,2,1
431,698,432,2,1
431,702,406,0,3
431,713,432,2,1
432,633,433,2,1
432,667,433,2,1
432,668,407,0,3
432,676,433,2,1
432,698,433,2,1
432,702,407,0,3
432,713,433,2,1
433,626,458,3,0
433,629,408,0,3
433,632,458,3,0
433,637,408,0,3
433,638,408,0,3
433,640,458,3,0
433,643,458,3,0
433,646,458,3,0
433,647,458,3,0
433,650,408,0,3
433,651,458,3,0
433,652,408,0,3
433,653,458,3,0
433,654,458,3,0
433,656,408,0,3
433,657,458,3,0
433,659,458,3,0
433,661,458,3,0
433,663,408,0,3
433,664,408,0,3
433,665,408,0,3
433,666,458,3,0
433,667,458,3,0
433,668,408,0,3
433,671,458,3,0
433,672,408,0,3
433,676,458,3,0
433,677,458,3,0
433,681,458,3,0
433,682,458,3,0
433,683,408,0,3
433,687,408,0,3
433,688,408,0,3
433,690,408,0,3
433,693,458,3,0
433,694,458,3,0
433,697,408,0,3
433,702,408,0,3
433,703,458,3,0
433,705,458,3,0
433,709,408,0,3
433,710,408,0,3
433,711,408,0,3
433,713,458,3,0
433,715,458,3,0
433,716,408,0,3
433,718,458,3,0
433,719,458,3,0
433,721,408,0,3
434,625,433,1,2
434,627,433,1,2
434,628,433,1,2
434,630,433,1,2
434,631,433,1,2
434,634,433,1,2
434,635,433,1,2
434,636,433,1,2
434,639,433,1,2
434,641,433,1,2
434,642,433,1,2
434,644,433,1,2
434,645,433,1,2
434,648,433,1,2
434,649,433,1,2
434,655,433,1,2
434,658,433,1,2
434,662,433,1,2
434,667,459,3,0
434,668,433,1,2
434,669,433,1,2
434,670,433,1,2
434,673,433,1,2
434,674,433,1,2
434,675,433,1,2
434,676,459,3,0
434,678,433,1,2
434,679,433,1,2
434,680,433,1,2
434,684,433,1,2
434,685,433,1,2
434,686,433,1,2
434,689,433,1,2
434,691,433,1,2
434,692,433,1,2
434,695,433,1,2
434,699,433,1,2
434,701,433,1,2
434,702,433,1,2
434,704,433,1,2
434,706,433,1,2
434,707,433,1,2
434,708,433,1,2
434,712,433,1,2
434,713,459,3,0
434,714,433,1,2
434,717,433,1,2
434,720,433,1,2
434,721,433,1,2
434,722,433,1,2
434,723,433,1,2
434,724,433,1,2
435,633,410,0,3
435,667,460,3,0
435,668,434,1,2
435,676,460,3,0
435,698,410,0,3
435,702,434,1,2
435,713,460,3,0
436,633,411,0,3
436,667,461,3,0
436,668,435,1,2
436,676,461,3,0
436,698,411,0,3
436,702,435,1,2
436,713,461,3,0
437,667,462,3,0
437,668,436,1,2
437,676,462,3,0
437,713,462,3,0
438,668,437,1,2
438,676,463,3,0
438,688,413,0,3
439,676,464,3,0
440,676,465,3,0
441,668,442,2,1
441,676,466,3,0
441,688,416,0,3
442,631,443,2,1
442,667,441,1,2
442,668,443,2,1
442,676,467,3,0
443,667,468,3,0
443,668,444,2,1
443,676,468,3,0
443,713,468,3,0
444,633,419,0,3
444,667,469,3,0
444,668,445,2,1
444,676,469,3,0
444,698,419,0,3
444,702,445,2,1
444,713,469,3,0
445,633,420,0,3
445,667,470,3,0
445,668,446,2,1
445,676,470,3,0
445,698,420,0,3
445,702,446,2,1
445,713,470,3,0
446,667,471,3,0
446,668,421,0,3
446,676,471,3,0
446,702,421,0,3
446,713,471,3,0
446,721,421,0,3
447,633,446,1,2
447,667,446,1,2
447,668,422,0,3
447,676,446,1,2
447,698,446,1,2
447,702,422,0,3
447,713,446,1,2
448,633,447,1,2
448,667,447,1,2
448,668,423,0,3
448,676,447,1,2
448,698,447,1,2
448,702,423,0,3
448,713,447,1,2
449,667,448,1,2
449,668,424,0,3
449,676,448,1,2
449,713,448,1,2
450,631,475,2,0
450,667,451,1,1
450,668,425,0,2
450,676,474,3,2
451,668,426,0,3
451,676,450,1,1
452,676,451,1,2
453,676,454,2,1
454,631,479,3,0
454,667,455,2,1
454,668,429,0,3
454,676,455,2,1
454,688,455,2,1
455,667,456,2,1
455,668,430,0,3
455,676,456,2,1
455,713,456,2,1
456,633,457,2,1
456,667,457,2,1
456,668,431,0,3
456,676,457,2,1
456,698,457,2,1
456,702,431,0,3
456,713,457,2,1
457,633,458,2,1
457,667,458,2,1
457,668,432,0,3
457,676,458,2,1
457,698,458,2,1
457,702,432,0,3
457,713,458,2,1
458,626,483,3,0
458,629,433,0,3
458,632,483,3,0
458,637,433,0,3
458,638,433,0,3
458,640,483,3,0
458,643,483,3,0
458,646,483,3,0
458,647,483,3,0
458,650,433,0,3
458,651,483,3,0
458,652,433,0,3
458,653,483,3,0
458,654,483,3,0
458,656,433,0,3
458,659,483,3,0
458,660,433,0,3
458,661,483,3,0
458,663,433,0,3
458,664,483,3,0
458,665,483,3,0
458,666,483,3,0
458,667,483,3,0
458,668,433,0,3
458,671,483,3,0
458,672,433,0,3
458,676,483,3,0
458,677,483,3,0
458,681,483,3,0
458,682,483,3,0
458,683,433,0,3
458,687,433,0,3
458,688,433,0,3
458,690,433,0,3
458,693,483,3,0
458,694,483,3,0
458,696,433,0,3
458,697,433,0,3
458,700,433,0,3
458,702,433,0,3
458,703,483,3,0
458,705,483,3,0
458,709,483,3,0
458,710,433,0,3
458,711,433,0,3
458,713,483,3,0
458,715,483,3,0
458,716,433,0,3
458,718,483,3,0
458,719,483,3,0
458,721,483,3,0
459,625,458,1,2
459,627,458,1,2
459,628,458,1,2
459,630,458,1,2
459,631,458,1,2
459,634,458,1,2
459,635,458,1,2
459,636,458,1,2
459,639,458,1,2
459,641,458,1,2
459,642,458,1,2
459,644,458,1,2
459,645,458,1,2
459,648,458,1,2
459,649,458,1,2
459,655,458,1,2
459,658,458,1,2
459,662,458,1,2
459,667,484,3,0
459,668,458,1,2
459,669,458,1,2
459,670,458,1,2
459,673,458,1,2
459,674,458,1,2
459,675,458,1,2
459,676,484,3,0
459,678,458,1,2
459,679,458,1,2
459,680,458,1,2
459,684,458,1,2
459,685,458,1,2
459,686,458,1,2
459,689,458,1,2
459,691,458,1,2
459,692,458,1,2
459,695,458,1,2
459,699,458,1,2
459,701,458,1,2
459,702,458,1,2
459,704,458,1,2
459,706,458,1,2
459,707,458,1,2
459,708,458,1,2
459,712,458,1,2
459,713,484,3,0
459,714,458,1,2
459,717,458,1,2
459,720,458,1,2
459,721,458,1,2
459,722,458,1,2
459,723,458,1,2
459,724,458,1,2
460,633,435,0,3
460,667,485,3,0
460,668,459,1,2
460,676,485,3,0
460,698,435,0,3
460,702,459,1,2
460,713,485,3,0
461,633,436,0,3
461,667,486,3,0
461,668,460,1,2
461,676,486,3,0
461,698,436,0,3
461,702,460,1,2
461,713,486,3,0
462,667,487,3,0
462,668,461,1,2
462,676,487,3,0
462,713,487,3,0
463,668,462,1,2
463,676,488,3,0
463,688,438,0,3
464,676,489,3,0
465,676,490,3,0
466,668,467,2,1
466,676,491,3,0
466,688,441,0,3
467,631,468,2,1
467,667,466,1,2
467,668,468,2,1
467,676,492,3,0
468,667,493,3,0
468,668,469,2,1
468,676,493,3,0
468,713,493,3,0
469,633,444,0,3
469,667,494,3,0
469,668,470,2,1
469,676,494,3,0
469,698,444,0,3
469,702,470,2,1
469,713,494,3,0
470,633,445,0,3
470,667,495,3,0
470,668,471,2,1
470,676,495,3,0
470,698,445,0,3
470,702,471,2,1
470,713,495,3,0
471,667,496,3,0
471,676,496,3,0
471,702,446,0,3
471,713,496,3,0
472,633,471,1,2
472,667,471,1,2
472,668,447,0,3
472,676,471,1,2
472,698,471,1,2
472,702,447,0,3
472,713,471,1,2
473,633,472,1,2
473,667,472,1,2
473,668,448,0,3
473,676,472,1,2
473,698,472,1,2
473,702,448,0,3
473,713,472,1,2
474,667,473,1,2
474,668,449,0,3
474,676,473,1,2
474,713,473,1,2
475,631,500,2,0
475,667,476,1,1
475,668,500,2,0
475,676,499,3,2
476,668,501,3,0
476,676,475,1,1
477,676,476,1,2
478,676,479,2,1
479,631,504,3,0
479,667,480,2,1
479,668,504,3,0
479,676,480,2,1
479,688,480,2,1
480,667,481,2,1
480,668,505,3,0
480,676,481,2,1
480,713,481,2,1
481,633,482,2,1
481,667,482,2,1
481,668,506,3,0
481,676,482,2,1
481,698,482,2,1
481,702,456,0,3
481,713,482,2,1
482,633,483,2,1
482,667,483,2,1
482,668,507,3,0
482,676,483,2,1
482,698,483,2,1
482,702,457,0,3
482,713,483,2,1
483,626,508,3,0
483,629,458,0,3
483,632,508,3,0
483,633,508,3,0
483,637,458,0,3
483,638,458,0,3
483,640,508,3,0
483,643,508,3,0
483,646,508,3,0
483,647,508,3,0
483,650,458,0,3
483,651,508,3,0
483,652,508,3,0
483,653,508,3,0
483,654,508,3,0
483,656,458,0,3
483,657,458,0,3
483,659,508,3,0
483,660,458,0,3
483,661,508,3,0
483,663,458,0,3
483,664,508,3,0
483,665,508,3,0
483,666,508,3,0
483,667,508,3,0
483,668,508,3,0
483,671,508,3,0
483,672,508,3,0
483,676,508,3,0
483,677,508,3,0
483,681,508,3,0
483,682,508,3,0
483,683,508,3,0
483,687,458,0,3
483,688,458,0,3
483,690,458,0,3
483,693,508,3,0
483,694,508,3,0
483,696,458,0,3
483,697,458,0,3
483,700,458,0,3
483,702,458,0,3
483,703,508,3,0
483,705,508,3,0
483,709,508,3,0
483,710,458,0,3
483,711,458,0,3
483,713,508,3,0
483,715,508,3,0
483,716,458,0,3
483,718,508,3,0
483,719,508,3,0
483,721,508,3,0
484,625,483,1,2
484,627,483,1,2
484,628,483,1,2
484,630,483,1,2
484,631,483,1,2
484,633,509,3,0
484,634,483,1,2
484,635,483,1,2
484,636,483,1,2
484,639,483,1,2
484,641,483,1,2
484,642,483,1,2
484,644,483,1,2
484,645,483,1,2
484,648,483,1,2
484,649,483,1,2
484,655,483,1,2
484,658,483,1,2
484,662,483,1,2
484,667,509,3,0
484,668,483,1,2
484,669,483,1,2
484,670,483,1,2
484,673,483,1,2
484,674,483,1,2
484,675,483,1,2
484,676,509,3,0
484,678,483,1,2
484,679,483,1,2
484,680,483,1,2
484,684,483,1,2
484,685,483,1,2
484,686,483,1,2
484,689,483,1,2
484,691,483,1,2
484,692,483,1,2
484,695,483,1,2
484,699,483,1,2
484,701,483,1,2
484,702,483,1,2
484,704,483,1,2
484,706,483,1,2
484,707,483,1,2
484,708,483,1,2
484,712,483,1,2
484,713,509,3,0
484,714,483,1,2
484,717,483,1,2
484,720,483,1,2
484,721,483,1,2
484,722,483,1,2
484,723,483,1,2
484,724,483,1,2
485,633,510,3,0
485,667,510,3,0
485,668,484,1,2
485,676,510,3,0
485,698,460,0,3
485,702,484,1,2
485,713,510,3,0
486,633,511,3,0
486,667,511,3,0
486,668,485,1,2
486,676,511,3,0
486,698,461,0,3
486,702,485,1,2
486,713,511,3,0
487,667,512,3,0
487,668,486,1,2
487,676,512,3,0
487,713,512,3,0
488,668,487,1,2
488,676,513,3,0
488,688,463,0,3
489,676,514,3,0
490,676,515,3,0
491,668,492,2,1
491,676,516,3,0
491,688,466,0,3
492,631,493,2,1
492,667,491,1,2
492,668,493,2,1
492,676,517,3,0
493,667,518,3,0
493,668,494,2,1
493,676,518,3,0
493,713,518,3,0
494,633,519,3,0
494,667,519,3,0
494,668,495,2,1
494,676,519,3,0
494,698,469,0,3
494,702,495,2,1
494,713,519,3,0
495,633,520,3,0
495,667,520,3,0
495,668,496,2,1
495,676,520,3,0
495,698,470,0,3
495,702,496,2,1
495,713,520,3,0
496,633,521,3,0
496,667,521,3,0
496,668,521,3,0
496,676,521,3,0
496,702,471,0,3
496,713,521,3,0
497,633,496,1,2
497,667,496,1,2
497,668,522,3,0
497,676,496,1,2
497,698,496,1,2
497,702,472,0,3
497,713,496,1,2
498,633,497,1,2
498,667,497,1,2
498,668,523,3,0
498,676,497,1,2
498,698,497,1,2
498,702,473,0,3
498,713,497,1,2
499,667,498,1,2
499,668,524,3,0
499,676,498,1,2
499,713,498,1,2
500,631,525,2,0
500,667,501,1,1
500,668,525,2,0
500,676,524,3,2
501,668,526,3,0
501,676,500,1,1
502,676,501,1,2
503,676,504,2,1
504,631,529,3,0
504,667,505,2,1
504,668,529,3,0
504,676,505,2,1
504,688,505,2,1
505,667,506,2,1
505,668,530,3,0
505,676,506,2,1
505,713,506,2,1
506,633,507,2,1
506,667,507,2,1
506,668,531,3,0
506,676,507,2,1
506,698,507,2,1
506,702,481,0,3
506,713,507,2,1
507,633,508,2,1
507,667,508,2,1
507,668,532,3,0
507,676,508,2,1
507,698,508,2,1
507,702,482,0,3
507,713,508,2,1
508,626,533,3,0
508,629,483,0,3
508,632,533,3,0
508,633,533,3,0
508,637,533,3,0
508,638,483,0,3
508,640,533,3,0
508,643,533,3,0
508,646,533,3,0
508,647,533,3,0
508,650,483,0,3
508,651,533,3,0
508,652,533,3,0
508,654,533,3,0
508,656,483,0,3
508,657,483,0,3
508,659,533,3,0
508,660,483,0,3
508,661,533,3,0
508,663,483,0,3
508,664,533,3,0
508,665,533,3,0
508,666,533,3,0
508,667,533,3,0
508,668,533,3,0
508,671,533,3,0
508,672,533,3,0
508,676,533,3,0
508,677,533,3,0
508,681,533,3,0
508,682,533,3,0
508,683,533,3,0
508,687,483,0,3
508,688,483,0,3
508,690,483,0,3
508,693,533,3,0
508,694,533,3,0
508,696,483,0,3
508,697,533,3,0
508,698,533,3,0
508,700,483,0,3
508,702,483,0,3
508,703,533,3,0
508,705,533,3,0
508,709,533,3,0
508,710,483,0,3
508,711,483,0,3
508,713,533,3,0
508,715,533,3,0
508,716,533,3,0
508,718,533,3,0
508,719,533,3,0
508,721,533,3,0
509,625,508,1,2
509,627,508,1,2
509,628,508,1,2
509,630,508,1,2
509,631,508,1,2
509,633,534,3,0
509,634,508,1,2
509,635,508,1,2
509,636,508,1,2
509,639,508,1,2
509,641,508,1,2
509,642,508,1,2
509,644,508,1,2
509,645,508,1,2
509,648,508,1,2
509,649,508,1,2
509,655,508,1,2
509,658,508,1,2
509,662,508,1,2
509,667,534,3,0
509,668,508,1,2
509,669,508,1,2
509,670,508,1,2
509,673,508,1,2
509,674,508,1,2
509,675,508,1,2
509,676,534,3,0
509,678,508,1,2
509,679,508,1,2
509,680,508,1,2
509,684,508,1,2
509,685,508,1,2
509,686,508,1,2
509,689,508,1,2
509,691,508,1,2
509,692,508,1,2
509,695,508,1,2
509,698,534,3,0
509,699,508,1,2
509,701,508,1,2
509,702,508,1,2
509,704,508,1,2
509,706,508,1,2
509,707,508,1,2
509,708,508,1,2
509,712,508,1,2
509,713,534,3,0
509,717,508,1,2
509,720,508,1,2
509,721,508,1,2
509,722,508,1,2
509,723,508,1,2
509,724,508,1,2
510,633,535,3,0
510,667,535,3,0
510,668,509,1,2
510,676,535,3,0
510,698,535,3,0
510,702,509,1,2
510,713,535,3,0
511,633,536,3,0
511,667,536,3,0
511,668,510,1,2
511,676,536,3,0
511,698,536,3,0
511,702,510,1,2
511,713,536,3,0
512,667,537,3,0
512,668,511,1,2
512,676,537,3,0
512,713,537,3,0
513,668,512,1,2
513,676,538,3,0
513,688,488,0,3
514,676,539,3,0
515,676,540,3,0
516,668,517,2,1
516,676,541,3,0
516,688,491,0,3
517,631,518,2,1
517,667,516,1,2
517,668,518,2,1
517,676,542,3,0
518,667,543,3,0
518,668,519,2,1
518,676,543,3,0
518,713,543,3,0
519,633,544,3,0
519,667,544,3,0
519,668,520,2,1
519,676,544,3,0
519,698,544,3,0
519,702,520,2,1
519,713,544,3,0
520,633,545,3,0
520,667,545,3,0
520,668,521,2,1
520,676,545,3,0
520,698,545,3,0
520,702,521,2,1
520,713,545,3,0
521,633,546,3,0
521,667,546,3,0
521,668,546,3,0
521,676,546,3,0
521,698,546,3,0
521,702,496,0,3
521,713,546,3,0
522,633,521,1,2
522,667,521,1,2
522,668,547,3,0
522,676,521,1,2
522,698,521,1,2
522,702,497,0,3
522,713,521,1,2
523,633,522,1,2
523,667,522,1,2
523,668,548,3,0
523,676,522,1,2
523,698,522,1,2
523,702,498,0,3
523,713,522,1,2
524,667,523,1,2
524,668,549,3,0
524,676,523,1,2
524,713,523,1,2
525,631,550,2,0
525,667,526,1,1
525,668,550,2,0
525,676,549,3,2
526,668,551,3,0
526,676,525,1,1
527,676,526,1,2
528,676,529,2,1
529,631,554,3,0
529,667,530,2,1
529,668,554,3,0
529,676,530,2,1
529,688,530,2,1
530,667,531,2,1
530,668,555,3,0
530,676,531,2,1
530,713,531,2,1
531,633,532,2,1
531,667,532,2,1
531,668,556,3,0
531,676,532,2,1
531,698,532,2,1
531,702,506,0,3
531,713,532,2,1
532,633,533,2,1
532,667,533,2,1
532,668,557,3,0
532,676,533,2,1
532,698,533,2,1
532,702,507,0,3
532,713,533,2,1
533,626,558,3,0
533,629,508,0,3
533,632,558,3,0
533,633,558,3,0
533,637,558,3,0
533,638,508,0,3
533,640,558,3,0
533,646,558,3,0
533,650,508,0,3
533,651,558,3,0
533,652,558,3,0
533,653,508,0,3
533,654,558,3,0
533,656,508,0,3
533,657,508,0,3
533,659,558,3,0
533,660,508,0,3
533,661,558,3,0
533,663,508,0,3
533,664,558,3,0
533,665,558,3,0
533,666,558,3,0
533,667,558,3,0
533,668,558,3,0
533,671,558,3,0
533,672,558,3,0
533,676,558,3,0
533,677,558,3,0
533,681,558,3,0
533,682,558,3,0
533,683,558,3,0
533,687,508,0,3
533,688,508,0,3
533,690,508,0,3
533,693,558,3,0
533,694,558,3,0
533,696,508,0,3
533,697,558,3,0
533,698,558,3,0
533,700,508,0,3
533,702,508,0,3
533,703,558,3,0
533,705,558,3,0
533,709,558,3,0
533,710,508,0,3
533,711,508,0,3
533,713,558,3,0
533,715,558,3,0
533,716,558,3,0
533,718,558,3,0
533,719,558,3,0
533,721,558,3,0
534,625,533,1,2
534,627,533,1,2
534,628,533,1,2
534,630,533,1,2
534,631,533,1,2
534,633,559,3,0
534,634,533,1,2
534,635,533,1,2
534,636,533,1,2
534,639,533,1,2
534,641,533,1,2
534,642,533,1,2
534,644,533,1,2
534,645,533,1,2
534,648,533,1,2
534,649,533,1,2
534,655,533,1,2
534,658,533,1,2
534,662,533,1,2
534,667,559,3,0
534,668,533,1,2
534,669,533,1,2
534,670,533,1,2
534,673,533,1,2
534,674,533,1,2
534,675,533,1,2
534,676,559,3,0
534,678,533,1,2
534,679,533,1,2
534,680,533,1,2
534,684,533,1,2
534,685,533,1,2
534,689,533,1,2
534,691,533,1,2
534,692,533,1,2
534,695,533,1,2
534,698,559,3,0
534,699,533,1,2
534,701,533,1,2
534,702,533,1,2
534,704,533,1,2
534,706,533,1,2
534,707,533,1,2
534,708,533,1,2
534,712,533,1,2
534,713,559,3,0
534,714,533,1,2
534,717,533,1,2
534,720,533,1,2
534,721,533,1,2
534,722,533,1,2
534,723,533,1,2
534,724,533,1,2
535,633,560,3,0
535,667,560,3,0
535,668,534,1,2
535,676,560,3,0
535,698,560,3,0
535,702,534,1,2
535,713,560,3,0
536,633,561,3,0
536,667,561,3,0
536,668,535,1,2
536,676,561,3,0
536,698,561,3,0
536,702,535,1,2
536,713,561,3,0
537,667,562,3,0
537,668,536,1,2
537,676,562,3,0
537,713,562,3,0
538,668,537,1,2
538,676,563,3,0
538,688,513,0,3
539,676,564,3,0
540,676,565,3,0
541,668,542,2,1
541,676,566,3,0
541,688,516,0,3
542,631,543,2,1
542,667,541,1,2
542,668,543,2,1
542,676,567,3,0
543,667,568,3,0
543,668,544,2,1
543,676,568,3,0
543,713,568,3,0
544,633,569,3,0
544,667,569,3,0
544,668,545,2,1
544,676,569,3,0
544,698,569,3,0
544,702,545,2,1
544,713,569,3,0
545,633,570,3,0
545,667,570,3,0
545,668,546,2,1
545,676,570,3,0
545,698,570,3,0
545,702,546,2,1
545,713,570,3,0
546,633,571,3,0
546,667,571,3,0
546,668,571,3,0
546,676,571,3,0
546,698,571,3,0
546,702,521,0,3
546,713,571,3,0
547,633,546,1,2
547,667,546,1,2
547,668,572,3,0
547,676,546,1,2
547,698,546,1,2
547,702,522,0,3
547,713,546,1,2
548,633,547,1,2
548,667,547,1,2
548,668,573,3,0
548,676,547,1,2
548,698,547,1,2
548,702,523,0,3
548,713,547,1,2
549,667,548,1,2
549,668,574,3,0
549,676,548,1,2
549,713,548,1,2
550,631,575,2,0
550,667,551,1,1
550,668,575,2,0
550,676,574,3,2
551,668,576,3,0
551,676,550,1,1
552,676,551,1,2
553,676,554,2,1
554,631,579,3,0
554,667,555,2,1
554,668,579,3,0
554,676,555,2,1
554,688,555,2,1
555,667,556,2,1
555,668,580,3,0
555,676,556,2,1
555,713,556,2,1
556,633,557,2,1
556,667,557,2,1
556,668,581,3,0
556,676,557,2,1
556,698,557,2,1
556,702,581,3,0
556,713,557,2,1
557,633,558,2,1
557,667,558,2,1
557,668,582,3,0
557,676,558,2,1
557,698,558,2,1
557,702,582,3,0
557,713,558,2,1
558,626,583,3,0
558,629,533,0,3
558,632,583,3,0
558,633,583,3,0
558,637,583,3,0
558,638,533,0,3
558,640,583,3,0
558,643,533,0,3
558,646,583,3,0
558,647,533,0,3
558,650,533,0,3
558,652,583,3,0
558,653,533,0,3
558,654,583,3,0
558,656,533,0,3
558,657,533,0,3
558,659,583,3,0
558,660,533,0,3
558,661,583,3,0
558,663,533,0,3
558,664,583,3,0
558,665,583,3,0
558,666,583,3,0
558,667,583,3,0
558,668,583,3,0
558,672,583,3,0
558,676,583,3,0
558,677,583,3,0
558,682,583,3,0
558,683,583,3,0
558,687,533,0,3
558,688,533,0,3
558,690,533,0,3
558,693,583,3,0
558,694,583,3,0
558,696,533,0,3
558,697,583,3,0
558,698,583,3,0
558,700,533,0,3
558,702,583,3,0
558,703,583,3,0
558,705,583,3,0
558,709,583,3,0
558,710,533,0,3
558,711,533,0,3
558,713,583,3,0
558,715,583,3,0
558,716,583,3,0
558,718,583,3,0
558,719,583,3,0
558,721,583,3,0
559,625,558,1,2
559,627,558,1,2
559,628,558,1,2
559,630,558,1,2
559,631,558,1,2
559,633,584,3,0
559,634,558,1,2
559,635,558,1,2
559,636,558,1,2
559,639,558,1,2
559,641,558,1,2
559,642,558,1,2
559,644,558,1,2
559,645,558,1,2
559,648,558,1,2
559,649,558,1,2
559,655,558,1,2
559,662,558,1,2
559,667,584,3,0
559,668,558,1,2
559,669,558,1,2
559,670,558,1,2
559,673,558,1,2
559,674,558,1,2
559,675,558,1,2
559,676,584,3,0
559,678,558,1,2
559,679,558,1,2
559,680,558,1,2
559,684,558,1,2
559,685,558,1,2
559,686,558,1,2
559,689,558,1,2
559,691,558,1,2
559,692,558,1,2
559,695,558,1,2
559,698,584,3,0
559,699,558,1,2
559,701,558,1,2
559,702,558,1,2
559,704,558,1,2
559,706,558,1,2
559,707,558,1,2
559,708,558,1,2
559,712,558,1,2
559,713,584,3,0
559,714,558,1,2
559,717,558,1,2
559,720,558,1,2
559,721,558,1,2
559,722,558,1,2
559,723,558,1,2
559,724,558,1,2
560,633,585,3,0
560,667,585,3,0
560,668,559,1,2
560,676,585,3,0
560,698,585,3,0
560,702,559,1,2
560,713,585,3,0
561,633,586,3,0
561,667,586,3,0
561,668,560,1,2
561,676,586,3,0
561,698,586,3,0
561,702,560,1,2
561,713,586,3,0
562,667,587,3,0
562,668,561,1,2
562,676,587,3,0
562,713,587,3,0
563,668,562,1,2
563,676,588,3,0
563,688,538,0,3
564,676,589,3,0
565,676,590,3,0
566,668,567,2,1
566,676,591,3,0
566,688,541,0,3
567,631,568,2,1
567,667,566,1,2
567,668,568,2,1
567,676,592,3,0
568,667,593,3,0
568,668,569,2,1
568,676,593,3,0
568,713,593,3,0
569,633,594,3,0
569,667,594,3,0
569,668,570,2,1
569,676,594,3,0
569,698,594,3,0
569,702,570,2,1
569,713,594,3,0
570,633,595,3,0
570,667,595,3,0
570,668,571,2,1
570,676,595,3,0
570,698,595,3,0
570,702,571,2,1
570,713,595,3,0
571,633,596,3,0
571,667,596,3,0
571,668,596,3,0
571,676,596,3,0
571,698,596,3,0
571,713,596,3,0
572,633,571,1,2
572,667,571,1,2
572,668,597,3,0
572,676,571,1,2
572,698,571,1,2
572,702,597,3,0
572,713,571,1,2
573,633,572,1,2
573,667,572,1,2
573,668,598,3,0
573,676,572,1,2
573,698,572,1,2
573,702,598,3,0
573,713,572,1,2
574,667,573,1,2
574,668,599,3,0
574,676,573,1,2
574,713,573,1,2
575,631,600,2,0
575,667,576,1,1
575,668,600,2,0
575,676,599,3,2
576,668,601,3,0
576,676,575,1,1
577,676,576,1,2
578,676,579,2,1
579,631,604,3,0
579,667,580,2,1
579,668,604,3,0
579,676,580,2,1
579,688,580,2,1
580,667,581,2,1
580,668,605,3,0
580,676,581,2,1
580,713,581,2,1
581,633,582,2,1
581,667,582,2,1
581,668,606,3,0
581,676,582,2,1
581,698,582,2,1
581,702,606,3,0
581,713,582,2,1
582,633,583,2,1
582,667,583,2,1
582,668,607,3,0
582,676,583,2,1
582,698,583,2,1
582,702,607,3,0
582,713,583,2,1
583,626,608,3,0
583,629,558,0,3
583,632,608,3,0
583,633,608,3,0
583,637,608,3,0
583,638,558,0,3
583,640,608,3,0
583,643,558,0,3
583,646,608,3,0
583,647,558,0,3
583,650,558,0,3
583,651,558,0,3
583,652,608,3,0
583,653,558,0,3
583,654,608,3,0
583,656,558,0,3
583,657,558,0,3
583,659,608,3,0
583,660,558,0,3
583,661,608,3,0
583,663,558,0,3
583,664,608,3,0
583,665,608,3,0
583,666,608,3,0
583,668,608,3,0
583,671,558,0,3
583,672,608,3,0
583,676,584,2,1
583,677,608,3,0
583,681,558,0,3
583,682,608,3,0
583,683,608,3,0
583,687,558,0,3
583,688,558,0,3
583,690,558,0,3
583,693,608,3,0
583,694,608,3,0
583,696,558,0,3
583,697,608,3,0
583,698,608,3,0
583,700,558,0,3
583,702,608,3,0
583,703,608,3,0
583,705,608,3,0
583,709,608,3,0
583,710,558,0,3
583,711,558,0,3
583,713,608,3,0
583,715,608,3,0
583,716,608,3,0
583,718,608,3,0
583,719,608,3,0
583,721,608,3,0
584,625,583,1,2
584,627,583,1,2
584,628,583,1,2
584,630,583,1,2
584,631,583,1,2
584,633,609,3,0
584,634,583,1,2
584,635,583,1,2
584,636,583,1,2
584,639,583,1,2
584,641,583,1,2
584,642,583,1,2
584,644,583,1,2
584,645,583,1,2
584,648,583,1,2
584,649,583,1,2
584,655,583,1,2
584,658,583,1,2
584,662,583,1,2
584,668,583,1,2
584,669,583,1,2
584,670,583,1,2
584,673,583,1,2
584,674,583,1,2
584,675,583,1,2
584,676,585,2,1
584,678,583,1,2
584,679,583,1,2
584,680,583,1,2
584,684,583,1,2
584,685,583,1,2
584,686,583,1,2
584,689,583,1,2
584,691,583,1,2
584,692,583,1,2
584,695,583,1,2
584,698,609,3,0
584,699,583,1,2
584,701,583,1,2
584,702,583,1,2
584,704,583,1,2
584,706,583,1,2
584,708,583,1,2
584,712,583,1,2
584,713,609,3,0
584,714,583,1,2
584,717,583,1,2
584,720,583,1,2
584,721,583,1,2
584,722,583,1,2
584,723,583,1,2
584,724,583,1,2
585,633,610,3,0
585,667,610,3,0
585,668,584,1,2
585,676,586,2,1
585,698,610,3,0
585,702,584,1,2
585,713,610,3,0
586,633,611,3,0
586,667,611,3,0
586,668,585,1,2
586,676,587,2,1
586,698,611,3,0
586,702,585,1,2
586,713,611,3,0
587,667,612,3,0
587,668,586,1,2
587,676,588,2,1
587,713,612,3,0
588,668,587,1,2
588,676,589,2,1
588,688,563,0,3
589,676,590,2,1
590,676,676,55,0
591,668,592,2,1
591,676,590,1,2
591,688,566,0,3
592,631,593,2,1
592,667,591,1,2
592,668,593,2,1
592,676,591,1,2
593,667,618,3,0
593,668,594,2,1
593,676,592,1,2
593,713,618,3,0
594,633,619,3,0
594,667,619,3,0
594,668,595,2,1
594,676,593,1,2
594,698,619,3,0
594,702,595,2,1
594,713,619,3,0
595,633,620,3,0
595,667,620,3,0
595,668,596,2,1
595,676,594,1,2
595,698,620,3,0
595,702,596,2,1
595,713,620,3,0
596,633,621,3,0
596,668,621,3,0
596,676,595,1,2
596,698,621,3,0
596,713,621,3,0
597,633,596,1,2
597,667,596,1,2
597,668,622,3,0
597,676,596,1,2
597,698,596,1,2
597,702,622,3,0
597,713,596,1,2
598,633,597,1,2
598,667,597,1,2
598,668,623,3,0
598,676,597,1,2
598,698,597,1,2
598,702,623,3,0
598,713,597,1,2
599,667,598,1,2
599,668,624,3,0
599,676,598,1,2
599,713,598,1,2
600,631,0,2,3
600,667,601,1,1
600,668,0,2,3
600,676,624,3,2
601,668,1,3,3
601,676,600,1,1
602,676,601,1,2
603,676,604,2,1
604,631,4,3,3
604,667,605,2,1
604,668,4,3,3
604,676,605,2,1
604,688,605,2,1
605,631,5,3,3
605,667,606,2,1
605,668,5,3,3
605,676,606,2,1
605,713,606,2,1
606,631,6,3,3
606,633,607,2,1
606,667,607,2,1
606,668,6,3,3
606,676,607,2,1
606,698,607,2,1
606,702,6,3,3
606,713,607,2,1
607,631,7,3,3
607,633,608,2,1
607,667,608,2,1
607,668,7,3,3
607,676,608,2,1
607,698,608,2,1
607,702,7,3,3
607,713,608,2,1
608,626,8,3,3
608,629,583,0,3
608,631,8,3,3
608,632,8,3,3
608,633,8,3,3
608,637,8,3,3
608,638,583,0,3
608,640,8,3,3
608,643,583,0,3
608,646,8,3,3
608,647,583,0,3
608,650,583,0,3
608,651,583,0,3
608,652,8,3,3
608,653,583,0,3
608,654,8,3,3
608,656,583,0,3
608,657,583,0,3
608,659,8,3,3
608,660,583,0,3
608,661,8,3,3
608,663,583,0,3
608,664,8,3,3
608,665,8,3,3
608,666,8,3,3
608,668,8,3,3
608,671,583,0,3
608,672,8,3,3
608,676,583,0,3
608,677,8,3,3
608,681,583,0,3
608,682,8,3,3
608,683,8,3,3
608,687,583,0,3
608,688,583,0,3
608,690,583,0,3
608,693,8,3,3
608,694,8,3,3
608,696,583,0,3
608,697,8,3,3
608,698,8,3,3
608,700,583,0,3
608,702,8,3,3
608,703,8,3,3
608,705,8,3,3
608,709,8,3,3
608,710,583,0,3
608,711,583,0,3
608,715,8,3,3
608,716,8,3,3
608,718,8,3,3
608,721,8,3,3
609,625,608,1,2
609,628,608,1,2
609,630,608,1,2
609,633,9,3,3
609,634,608,1,2
609,635,608,1,2
609,636,608,1,2
609,639,608,1,2
609,641,608,1,2
609,642,608,1,2
609,644,608,1,2
609,645,608,1,2
609,648,608,1,2
609,649,608,1,2
609,655,608,1,2
609,658,608,1,2
609,662,608,1,2
609,668,608,1,2
609,669,608,1,2
609,670,608,1,2
609,673,608,1,2
609,674,608,1,2
609,675,608,1,2
609,676,584,0,3
609,678,608,1,2
609,679,608,1,2
609,680,608,1,2
609,684,608,1,2
609,685,608,1,2
609,686,608,1,2
609,689,608,1,2
609,691,608,1,2
609,692,608,1,2
609,695,608,1,2
609,698,9,3,3
609,699,608,1,2
609,701,608,1,2
609,702,608,1,2
609,704,608,1,2
609,706,608,1,2
609,707,608,1,2
609,708,608,1,2
609,712,608,1,2
609,714,608,1,2
609,717,608,1,2
609,720,608,1,2
609,721,608,1,2
609,722,608,1,2
609,723,608,1,2
609,724,608,1,2
610,633,10,3,3
610,667,10,3,3
610,668,609,1,2
610,676,585,0,3
610,698,10,3,3
610,702,609,1,2
610,713,10,3,3
611,633,11,3,3
611,667,11,3,3
611,668,610,1,2
611,676,586,0,3
611,698,11,3,3
611,702,610,1,2
611,713,11,3,3
612,667,12,3,3
612,668,611,1,2
612,676,587,0,3
612,713,12,3,3
613,668,612,1,2
613,676,588,0,3
613,688,588,0,3
614,676,589,0,3
615,676,590,0,3
616,668,617,2,1
616,676,591,0,3
616,688,591,0,3
617,631,618,2,1
617,667,616,1,2
617,668,618,2,1
617,676,592,0,3
618,667,18,3,3
618,668,619,2,1
618,676,593,0,3
618,713,18,3,3
619,633,19,3,3
619,667,19,3,3
619,668,620,2,1
619,676,594,0,3
619,698,19,3,3
619,702,620,2,1
619,713,19,3,3
620,633,20,3,3
620,667,20,3,3
620,668,621,2,1
620,676,595,0,3
620,698,20,3,3
620,702,621,2,1
620,713,20,3,3
621,631,21,3,3
621,633,21,3,3
621,668,21,3,3
621,676,596,0,3
621,698,21,3,3
622,631,22,3,3
622,633,621,1,2
622,667,621,1,2
622,668,22,3,3
622,676,621,1,2
622,698,621,1,2
622,702,22,3,3
622,713,621,1,2
623,631,23,3,3
623,633,622,1,2
623,667,622,1,2
623,668,23,3,3
623,676,622,1,2
623,698,622,1,2
623,702,23,3,3
623,713,622,1,2
624,631,24,3,3
624,667,623,1,2
624,668,24,3,3
624,676,623,1,2
624,713,623,1,2
631,625,4,0,10
631,626,4,0,10
631,627,4,0,10
631,628,4,0,10
631,629,4,0,10
631,630,4,0,10
631,632,4,0,10
631,633,4,0,10
631,634,4,0,10
631,635,4,0,10
631,636,4,0,10
631,637,4,0,10
631,638,4,0,10
631,639,4,0,10
631,640,4,0,10
631,641,4,0,10
631,642,4,0,10
631,643,4,0,10
631,644,4,0,10
631,645,4,0,10
631,646,4,0,10
631,647,4,0,10
631,648,4,0,10
631,649,4,0,10
631,650,4,0,10
631,651,4,0,10
631,652,4,0,10
631,653,4,0,10
631,654,4,0,10
631,655,4,0,10
631,656,4,0,10
631,657,4,0,10
631,658,4,0,10
631,659,4,0,10
631,660,4,0,10
631,661,4,0,10
631,662,4,0,10
631,663,4,0,10
631,664,4,0,10
631,665,4,0,10
631,666,4,0,10
631,667,4,0,10
631,668,4,0,10
631,669,4,0,10
631,670,4,0,10
631,671,4,0,10
631,672,4,0,10
631,673,4,0,10
631,674,4,0,10
631,675,4,0,10
631,676,4,0,10
631,677,4,0,10
631,678,4,0,10
631,679,4,0,10
631,680,4,0,10
631,681,4,0,10
631,682,4,0,10
631,683,4,0,10
631,684,4,0,10
631,685,4,0,10
631,686,4,0,10
631,687,4,0,10
631,688,4,0,10
631,689,4,0,10
631,690,4,0,10
631,691,4,0,10
631,692,4,0,10
631,693,4,0,10
631,694,4,0,10
631,695,4,0,10
631,696,4,0,10
631,697,4,0,10
631,698,4,0,10
631,699,4,0,10
631,700,4,0,10
631,701,4,0,10
631,702,4,0,10
631,703,4,0,10
631,704,4,0,10
631,705,4,0,10
631,706,4,0,10
631,707,4,0,10
631,708,4,0,10
631,709,4,0,10
631,710,4,0,10
631,711,4,0,10
631,712,4,0,10
631,713,4,0,10
631,714,4,0,10
631,715,4,0,10
631,716,4,0,10
631,717,4,0,10
631,718,4,0,10
631,719,4,0,10
631,720,4,0,10
631,721,4,0,10
631,722,4,0,10
631,723,4,0,10
631,724,4,0,10
633,625,161,0,12
633,626,161,0,12
633,627,161,0,12
633,628,161,0,12
633,629,161,0,12
633,630,161,0,12
633,631,161,0,12
633,632,161,0,12
633,634,161,0,12
633,635,161,0,12
633,636,161,0,12
633,637,161,0,12
633,638,161,0,12
633,639,161,0,12
633,640,161,0,12
633,641,161,0,12
633,642,161,0,12
633,643,161,0,12
633,644,161,0,12
633,645,161,0,12
633,646,161,0,12
633,647,161,0,12
633,648,161,0,12
633,649,161,0,12
633,650,161,0,12
633,651,161,0,12
633,652,161,0,12
633,653,161,0,12
633,654,161,0,12
633,655,161,0,12
633,656,161,0,12
633,657,161,0,12
633,658,161,0,12
633,659,161,0,12
633,660,161,0,12
633,661,161,0,12
633,662,161,0,12
633,663,161,0,12
633,664,161,0,12
633,665,161,0,12
633,666,161,0,12
633,667,161,0,12
633,668,161,0,12
633,669,161,0,12
633,670,161,0,12
633,671,161,0,12
633,672,161,0,12
633,673,161,0,12
633,674,161,0,12
633,675,161,0,12
633,676,161,0,12
633,677,161,0,12
633,678,161,0,12
633,679,161,0,12
633,680,161,0,12
633,681,161,0,12
633,682,161,0,12
633,683,161,0,12
633,684,161,0,12
633,685,161,0,12
633,686,161,0,12
633,687,161,0,12
633,688,161,0,12
633,689,161,0,12
633,690,161,0,12
633,691,161,0,12
633,692,161,0,12
633,693,161,0,12
633,694,161,0,12
633,695,161,0,12
633,696,161,0,12
633,697,161,0,12
633,698,161,0,12
633,699,161,0,12
633,700,161,0,12
633,701,161,0,12
633,702,161,0,12
633,703,161,0,12
633,704,161,0,12
633,705,161,0,12
633,706,161,0,12
633,707,161,0,12
633,708,161,0,12
633,709,161,0,12
633,710,161,0,12
633,711,161,0,12
633,712,161,0,12
633,713,161,0,12
633,714,161,0,12
633,715,161,0,12
633,716,161,0,12
633,717,161,0,12
633,718,161,0,12
633,719,161,0,12
633,720,161,0,12
633,721,161,0,12
633,722,161,0,12
633,723,161,0,12
633,724,161,0,12
667,625,12,0,46
667,626,12,0,46
667,627,12,0,46
667,628,12,0,46
667,629,12,0,46
667,630,12,0,46
667,631,12,0,46
667,632,12,0,46
667,633,12,0,46
667,634,12,0,46
667,635,12,0,46
667,636,12,0,46
667,637,12,0,46
667,638,12,0,46
667,639,12,0,46
667,640,12,0,46
667,641,12,0,46
667,642,12,0,46
667,643,12,0,46
667,644,12,0,46
667,645,12,0,46
667,646,12,0,46
667,647,12,0,46
667,648,12,0,46
667,649,12,0,46
667,650,12,0,46
667,651,12,0,46
667,652,12,0,46
667,653,12,0,46
667,654,12,0,46
667,655,12,0,46
667,656,12,0,46
667,657,12,0,46
667,658,12,0,46
667,659,12,0,46
667,660,12,0,46
667,661,12,0,46
667,662,12,0,46
667,663,12,0,46
667,664,12,0,46
667,665,12,0,46
667,666,12,0,46
667,668,12,0,46
667,669,12,0,46
667,670,12,0,46
667,671,12,0,46
667,672,12,0,46
667,673,12,0,46
667,674,12,0,46
667,675,12,0,46
667,676,12,0,46
667,677,12,0,46
667,678,12,0,46
667,679,12,0,46
667,680,12,0,46
667,681,12,0,46
667,682,12,0,46
667,683,12,0,46
667,684,12,0,46
667,685,12,0,46
667,686,12,0,46
667,687,12,0,46
667,688,12,0,46
667,689,12,0,46
667,690,12,0,46
667,691,12,0,46
667,692,12,0,46
667,693,12,0,46
667,694,12,0,46
667,695,12,0,46
667,696,12,0,46
667,697,12,0,46
667,698,12,0,46
667,699,12,0,46
667,700,12,0,46
667,701,12,0,46
667,702,12,0,46
667,703,12,0,46
667,704,12,0,46
667,705,12,0,46
667,706,12,0,46
667,707,12,0,46
667,708,12,0,46
667,709,12,0,46
667,710,12,0,46
667,711,12,0,46
667,712,12,0,46
667,713,12,0,46
667,714,12,0,46
667,715,12,0,46
667,716,12,0,46
667,717,12,0,46
667,718,12,0,46
667,719,12,0,46
667,720,12,0,46
667,721,12,0,46
667,722,12,0,46
667,723,12,0,46
667,724,12,0,46
668,625,151,0,47
668,626,151,0,47
668,627,151,0,47
668,628,151,0,47
668,629,151,0,47
668,630,151,0,47
668,631,151,0,47
668,632,151,0,47
668,633,151,0,47
668,634,151,0,47
668,635,151,0,47
668,636,151,0,47
668,637,151,0,47
668,638,151,0,47
668,639,151,0,47
668,640,151,0,47
668,641,151,0,47
668,642,151,0,47
668,643,151,0,47
668,644,151,0,47
668,645,151,0,47
668,646,151,0,47
668,647,151,0,47
668,648,151,0,47
668,649,151,0,47
668,650,151,0,47
668,651,151,0,47
668,652,151,0,47
668,653,151,0,47
668,654,151,0,47
668,655,151,0,47
668,656,151,0,47
668,657,151,0,47
668,658,151,0,47
668,659,151,0,47
668,660,151,0,47
668,661,151,0,47
668,662,151,0,47
668,663,151,0,47
668,664,151,0,47
668,665,151,0,47
668,666,151,0,47
668,667,151,0,47
668,669,151,0,47
668,670,151,0,47
668,671,151,0,47
668,672,151,0,47
668,673,151,0,47
668,674,151,0,47
668,675,151,0,47
668,676,151,0,47
668,677,151,0,47
668,678,151,0,47
668,679,151,0,47
668,680,151,0,47
668,681,151,0,47
668,682,151,0,47
668,683,151,0,47
668,684,151,0,47
668,685,151,0,47
668,686,151,0,47
668,687,151,0,47
668,688,151,0,47
668,689,151,0,47
668,690,151,0,47
668,691,151,0,47
668,692,151,0,47
668,693,151,0,47
668,694,151,0,47
668,695,151,0,47
668,696,151,0,47
668,697,151,0,47
668,698,151,0,47
668,699,151,0,47
668,700,151,0,47
668,701,151,0,47
668,702,151,0,47
668,703,151,0,47
668,704,151,0,47
668,705,151,0,47
668,706,151,0,47
668,707,151,0,47
668,708,151,0,47
668,709,151,0,47
668,710,151,0,47
668,711,151,0,47
668,712,151,0,47
668,713,151,0,47
668,714,151,0,47
668,715,151,0,47
668,716,151,0,47
668,717,151,0,47
668,718,151,0,47
668,719,151,0,47
668,720,151,0,47
668,721,151,0,47
668,722,151,0,47
668,723,151,0,47
668,724,151,0,47
676,625,590,0,55
676,626,590,0,55
676,627,590,0,55
676,628,590,0,55
676,629,590,0,55
676,630,590,0,55
676,631,590,0,55
676,632,590,0,55
676,633,590,0,55
676,634,590,0,55
676,635,590,0,55
676,636,590,0,55
676,637,590,0,55
676,638,590,0,55
676,639,590,0,55
676,640,590,0,55
676,641,590,0,55
676,642,590,0,55
676,643,590,0,55
676,644,590,0,55
676,645,590,0,55
676,646,590,0,55
676,647,590,0,55
676,648,590,0,55
676,649,590,0,55
676,650,590,0,55
676,651,590,0,55
676,652,590,0,55
676,653,590,0,55
676,654,590,0,55
676,655,590,0,55
676,656,590,0,55
676,657,590,0,55
676,658,590,0,55
676,659,590,0,55
676,660,590,0,55
676,661,590,0,55
676,662,590,0,55
676,663,590,0,55
676,664,590,0,55
676,665,590,0,55
676,666,590,0,55
676,667,590,0,55
676,668,590,0,55
676,669,590,0,55
676,670,590,0,55
676,671,590,0,55
676,672,590,0,55
676,673,590,0,55
676,674,590,0,55
676,675,590,0,55
676,677,590,0,55
676,678,590,0,55
676,679,590,0,55
676,680,590,0,55
676,681,590,0,55
676,682,590,0,55
676,683,590,0,55
676,684,590,0,55
676,685,590,0,55
676,686,590,0,55
676,687,590,0,55
676,688,590,0,55
676,689,590,0,55
676,690,590,0,55
676,691,590,0,55
676,692,590,0,55
676,693,590,0,55
676,694,590,0,55
676,695,590,0,55
676,696,590,0,55
676,697,590,0,55
676,698,590,0,55
676,699,590,0,55
676,700,590,0,55
676,701,590,0,55
676,702,590,0,55
676,703,590,0,55
676,704,590,0,55
676,705,590,0,55
676,706,590,0,55
676,707,590,0,55
676,708,590,0,55
676,709,590,0,55
676,710,590,0,55
676,711,590,0,55
676,712,590,0,55
676,713,590,0,55
676,714,590,0,55
676,715,590,0,55
676,716,590,0,55
676,717,590,0,55
676,718,590,0,55
676,719,590,0,55
676,720,590,0,55
676,721,590,0,55
676,722,590,0,55
676,723,590,0,55
676,724,590,0,55
688,625,416,0,67
688,626,416,0,67
688,627,416,0,67
688,628,416,0,67
688,629,416,0,67
688,630,416,0,67
688,631,416,0,67
688,632,416,0,67
688,633,416,0,67
688,634,416,0,67
688,635,416,0,67
688,636,416,0,67
688,637,416,0,67
688,638,416,0,67
688,639,416,0,67
688,640,416,0,67
688,641,416,0,67
688,642,416,0,67
688,643,416,0,67
688,644,416,0,67
688,645,416,0,67
688,646,416,0,67
688,647,416,0,67
688,648,416,0,67
688,649,416,0,67
688,650,416,0,67
688,651,416,0,67
688,652,416,0,67
688,653,416,0,67
688,654,416,0,67
688,655,416,0,67
688,656,416,0,67
688,657,416,0,67
688,658,416,0,67
688,659,416,0,67
688,660,416,0,67
688,661,416,0,67
688,662,416,0,67
688,663,416,0,67
688,664,416,0,67
688,665,416,0,67
688,666,416,0,67
688,667,416,0,67
688,668,416,0,67
688,669,416,0,67
688,670,416,0,67
688,671,416,0,67
688,672,416,0,67
688,673,416,0,67
688,674,416,0,67
688,675,416,0,67
688,676,416,0,67
688,677,416,0,67
688,678,416,0,67
688,679,416,0,67
688,680,416,0,67
688,681,416,0,67
688,682,416,0,67
688,683,416,0,67
688,684,416,0,67
688,685,416,0,67
688,686,416,0,67
688,687,416,0,67
688,689,416,0,67
688,690,416,0,67
688,691,416,0,67
688,692,416,0,67
688,693,416,0,67
688,694,416,0,67
688,695,416,0,67
688,696,416,0,67
688,697,416,0,67
688,698,416,0,67
688,699,416,0,67
688,700,416,0,67
688,701,416,0,67
688,702,416,0,67
688,703,416,0,67
688,704,416,0,67
688,705,416,0,67
688,706,416,0,67
688,707,416,0,67
688,708,416,0,67
688,709,416,0,67
688,710,416,0,67
688,711,416,0,67
688,712,416,0,67
688,713,416,0,67
688,714,416,0,67
688,715,416,0,67
688,716,416,0,67
688,717,416,0,67
688,718,416,0,67
688,719,416,0,67
688,720,416,0,67
688,721,416,0,67
688,722,416,0,67
688,723,416,0,67
688,724,416,0,67
698,625,186,0,77
698,626,186,0,77
698,627,186,0,77
698,628,186,0,77
698,629,186,0,77
698,630,186,0,77
698,631,186,0,77
698,632,186,0,77
698,633,186,0,77
698,634,186,0,77
698,635,186,0,77
698,636,186,0,77
698,637,186,0,77
698,638,186,0,77
698,639,186,0,77
698,640,186,0,77
698,641,186,0,77
698,642,186,0,77
698,643,186,0,77
698,644,186,0,77
698,645,186,0,77
698,646,186,0,77
698,647,186,0,77
698,648,186,0,77
698,649,186,0,77
698,650,186,0,77
698,651,186,0,77
698,652,186,0,77
698,653,186,0,77
698,654,186,0,77
698,655,186,0,77
698,656,186,0,77
698,657,186,0,77
698,658,186,0,77
698,659,186,0,77
698,660,186,0,77
698,661,186,0,77
698,662,186,0,77
698,663,186,0,77
698,664,186,0,77
698,665,186,0,77
698,666,186,0,77
698,667,186,0,77
698,668,186,0,77
698,669,186,0,77
698,670,186,0,77
698,671,186,0,77
698,672,186,0,77
698,673,186,0,77
698,674,186,0,77
698,675,186,0,77
698,676,186,0,77
698,677,186,0,77
698,678,186,0,77
698,679,186,0,77
698,680,186,0,77
698,681,186,0,77
698,682,186,0,77
698,683,186,0,77
698,684,186,0,77
698,685,186,0,77
698,686,186,0,77
698,687,186,0,77
698,688,186,0,77
698,689,186,0,77
698,690,186,0,77
698,691,186,0,77
698,692,186,0,77
698,693,186,0,77
698,694,186,0,77
698,695,186,0,77
698,696,186,0,77
698,697,186,0,77
698,699,186,0,77
698,700,186,0,77
698,701,186,0,77
698,702,186,0,77
698,703,186,0,77
698,704,186,0,77
698,705,186,0,77
698,706,186,0,77
698,707,186,0,77
698,708,186,0,77
698,709,186,0,77
698,710,186,0,77
698,711,186,0,77
698,712,186,0,77
698,713,186,0,77
698,714,186,0,77
698,715,186,0,77
698,716,186,0,77
698,717,186,0,77
698,718,186,0,77
698,719,186,0,77
698,720,186,0,77
698,721,186,0,77
698,722,186,0,77
698,723,186,0,77
698,724,186,0,77
702,625,231,0,81
702,626,231,0,81
702,627,231,0,81
702,628,231,0,81
702,629,231,0,81
702,630,231,0,81
702,631,231,0,81
702,632,231,0,81
702,633,231,0,81
702,634,231,0,81
702,635,231,0,81
702,636,231,0,81
702,637,231,0,81
702,638,231,0,81
702,639,231,0,81
702,640,231,0,81
702,641,231,0,81
702,642,231,0,81
702,643,231,0,81
702,644,231,0,81
702,645,231,0,81
702,646,231,0,81
702,647,231,0,81
702,648,231,0,81
702,649,231,0,81
702,650,231,0,81
702,651,231,0,81
702,652,231,0,81
702,653,231,0,81
702,654,231,0,81
702,655,231,0,81
702,656,231,0,81
702,657,231,0,81
702,658,231,0,81
702,659,231,0,81
702,660,231,0,81
702,661,231,0,81
702,662,231,0,81
702,663,231,0,81
702,664,231,0,81
702,665,231,0,81
702,666,231,0,81
702,667,231,0,81
702,668,231,0,81
702,669,231,0,81
702,670,231,0,81
702,671,231,0,81
702,672,231,0,81
702,673,231,0,81
702,674,231,0,81
702,675,231,0,81
702,676,231,0,81
702,677,231,0,81
702,678,231,0,81
702,679,231,0,81
702,680,231,0,81
702,681,231,0,81
702,682,231,0,81
702,683,231,0,81
702,684,231,0,81
702,685,231,0,81
702,686,231,0,81
702,687,231,0,81
702,688,231,0,81
702,689,231,0,81
702,690,231,0,81
702,691,231,0,81
702,692,231,0,81
702,693,231,0,81
702,694,231,0,81
702,695,231,0,81
702,696,231,0,81
702,697,231,0,81
702,698,231,0,81
702,699,231,0,81
702,700,231,0,81
702,701,231,0,81
702,703,231,0,81
702,704,231,0,81
702,705,231,0,81
702,706,231,0,81
702,707,231,0,81
702,708,231,0,81
702,709,231,0,81
702,710,231,0,81
702,711,231,0,81
702,712,231,0,81
702,713,231,0,81
702,714,231,0,81
702,715,231,0,81
702,716,231,0,81
702,717,231,0,81
702,718,231,0,81
702,719,231,0,81
702,720,231,0,81
702,721,231,0,81
702,722,231,0,81
702,723,231,0,81
702,724,231,0,81
713,625,62,0,92
713,626,62,0,92
713,627,62,0,92
713,628,62,0,92
713,629,62,0,92
713,630,62,0,92
713,631,62,0,92
713,632,62,0,92
713,633,62,0,92
713,634,62,0,92
713,635,62,0,92
713,636,62,0,92
713,637,62,0,92
713,638,62,0,92
713,639,62,0,92
713,640,62,0,92
713,641,62,0,92
713,642,62,0,92
713,643,62,0,92
713,644,62,0,92
713,645,62,0,92
713,646,62,0,92
713,647,62,0,92
713,648,62,0,92
713,649,62,0,92
713,650,62,0,92
713,651,62,0,92
713,652,62,0,92
713,653,62,0,92
713,654,62,0,92
713,655,62,0,92
713,656,62,0,92
713,657,62,0,92
713,658,62,0,92
713,659,62,0,92
713,660,62,0,92
713,661,62,0,92
713,662,62,0,92
713,663,62,0,92
713,664,62,0,92
713,665,62,0,92
713,666,62,0,92
713,667,62,0,92
713,668,62,0,92
713,669,62,0,92
713,670,62,0,92
713,671,62,0,92
713,672,62,0,92
713,673,62,0,92
713,674,62,0,92
713,675,62,0,92
713,676,62,0,92
713,677,62,0,92
713,678,62,0,92
713,679,62,0,92
713,680,62,0,92
713,681,62,0,92
713,682,62,0,92
713,683,62,0,92
713,684,62,0,92
713,685,62,0,92
713,686,62,0,92
713,687,62,0,92
713,688,62,0,92
713,689,62,0,92
713,690,62,0,92
713,691,62,0,92
713,692,62,0,92
713,693,62,0,92
713,694,62,0,92
713,695,62,0,92
713,696,62,0,92
713,697,62,0,92
713,698,62,0,92
713,699,62,0,92
713,700,62,0,92
713,701,62,0,92
713,702,62,0,92
713,703,62,0,92
713,704,62,0,92
713,705,62,0,92
713,706,62,0,92
713,707,62,0,92
713,708,62,0,92
713,709,62,0,92
713,710,62,0,92
713,711,62,0,92
713,712,62,0,92
713,714,62,0,92
713,715,62,0,92
713,716,62,0,92
713,717,62,0,92
713,718,62,0,92
713,719,62,0,92
713,720,62,0,92
713,721,62,0,92
713,722,62,0,92
713,723,62,0,92
713,724,62,0,92
721,625,133,0,100
721,626,133,0,100
721,627,133,0,100
721,628,133,0,100
721,629,133,0,100
721,630,133,0,100
721,631,133,0,100
721,632,133,0,100
721,633,133,0,100
721,634,133,0,100
721,635,133,0,100
721,636,133,0,100
721,637,133,0,100
721,638,133,0,100
721,639,133,0,100
721,640,133,0,100
721,641,133,0,100
721,642,133,0,100
721,643,133,0,100
721,644,133,0,100
721,645,133,0,100
721,646,133,0,100
721,647,133,0,100
721,648,133,0,100
721,649,133,0,100
721,650,133,0,100
721,651,133,0,100
721,652,133,0,100
721,653,133,0,100
721,654,133,0,100
721,655,133,0,100
721,656,133,0,100
721,657,133,0,100
721,658,133,0,100
721,659,133,0,100
721,660,133,0,100
721,661,133,0,100
721,662,133,0,100
721,663,133,0,100
721,664,133,0,100
721,665,133,0,100
721,666,133,0,100
721,667,133,0,100
721,668,133,0,100
721,669,133,0,100
721,670,133,0,100
721,671,133,0,100
721,672,133,0,100
721,673,133,0,100
721,674,133,0,100
721,675,133,0,100
721,676,133,0,100
721,677,133,0,100
721,678,133,0,100
721,679,133,0,100
721,680,133,0,100
721,681,133,0,100
721,682,133,0,100
721,683,133,0,100
721,684,133,0,100
721,685,133,0,100
721,686,133,0,100
721,687,133,0,100
721,688,133,0,100
721,689,133,0,100
721,690,133,0,100
721,691,133,0,100
721,692,133,0,100
721,693,133,0,100
721,694,133,0,100
721,695,133,0,100
721,696,133,0,100
721,697,133,0,100
721,698,133,0,100
721,699,133,0,100
721,700,133,0,100
721,701,133,0,100
721,702,133,0,100
721,703,133,0,100
721,704,133,0,100
721,705,133,0,100
721,706,133,0,100
721,707,133,0,100
721,708,133,0,100
721,709,133,0,100
721,710,133,0,100
721,711,133,0,100
721,712,133,0,100
721,713,133,0,100
721,714,133,0,100
721,715,133,0,100
721,716,133,0,100
721,717,133,0,100
721,718,133,0,100
721,719,133,0,100
721,720,133,0,100
721,722,133,0,100
721,723,133,0,100
721,724,133,0,100
