0,643,25,1,0
1,643,26,2,0
2,643,27,2,0
3,643,28,2,0
4,643,29,2,0
5,643,30,2,0
5,649,6,1,0
5,658,605,3,3
5,714,6,1,0
6,643,31,2,0
6,649,7,1,0
6,652,31,2,0
6,658,606,3,3
6,703,31,2,0
6,710,606,3,3
6,714,7,1,0
7,643,32,2,0
7,649,8,1,0
7,652,32,2,0
7,658,607,3,3
7,703,32,2,0
7,710,607,3,3
7,714,8,1,0
8,643,33,2,0
8,649,33,2,0
8,703,33,2,0
8,714,33,2,0
9,643,8,0,1
9,649,34,2,0
9,652,8,0,1
9,658,8,0,1
9,703,8,0,1
9,710,8,0,1
9,714,34,2,0
10,643,9,0,1
10,649,35,2,0
10,652,9,0,1
10,658,9,0,1
10,703,9,0,1
10,710,9,0,1
10,714,35,2,0
11,643,10,0,1
11,649,36,2,0
11,658,10,0,1
11,710,10,0,1
11,714,36,2,0
12,643,11,0,1
13,643,12,0,1
14,643,13,0,1
15,643,16,1,0
16,643,17,1,0
17,643,18,1,0
17,714,42,2,0
18,643,19,1,0
18,649,43,2,0
18,658,19,1,0
18,710,17,0,1
18,714,43,2,0
19,643,20,1,0
19,649,44,2,0
19,652,20,1,0
19,658,20,1,0
19,703,20,1,0
19,710,20,1,0
19,714,44,2,0
20,643,21,1,0
20,649,45,2,0
20,652,21,1,0
20,658,21,1,0
20,703,21,1,0
20,710,21,1,0
20,714,45,2,0
21,643,46,2,0
21,649,46,2,0
21,703,46,2,0
21,714,46,2,0
22,643,47,2,0
22,649,21,0,1
22,652,47,2,0
22,658,622,3,3
22,703,47,2,0
22,710,622,3,3
22,714,21,0,1
23,643,48,2,0
23,649,22,0,1
23,658,623,3,3
23,710,24,1,0
23,714,22,0,1
24,643,49,2,0
24,714,23,0,1
25,643,50,2,0
26,643,51,3,0
27,643,52,3,0
28,643,53,3,0
29,643,54,3,0
30,643,55,3,0
30,649,31,2,1
30,658,5,0,2
30,714,31,2,1
31,643,56,3,0
31,649,32,2,1
31,652,56,3,0
31,658,6,0,2
31,703,56,3,0
31,710,6,0,2
31,714,32,2,1
32,643,57,3,0
32,649,33,2,1
32,652,57,3,0
32,658,7,0,2
32,703,57,3,0
32,710,7,0,2
32,714,33,2,1
33,643,58,3,0
33,649,58,3,0
33,703,58,3,0
33,714,58,3,0
34,643,33,1,2
34,649,59,3,0
34,652,33,1,2
34,658,33,1,2
34,703,33,1,2
34,710,33,1,2
34,714,59,3,0
35,643,34,1,2
35,649,60,3,0
35,652,34,1,2
35,658,34,1,2
35,703,34,1,2
35,710,34,1,2
35,714,60,3,0
36,643,35,1,2
36,649,61,3,0
36,658,35,1,2
36,710,35,1,2
36,714,61,3,0
37,643,36,1,2
38,643,37,1,2
39,643,38,1,2
40,643,41,2,1
41,643,42,2,1
42,643,43,2,1
42,714,67,3,0
43,643,44,2,1
43,649,68,3,0
43,658,44,2,1
43,710,42,1,2
43,714,68,3,0
44,643,45,2,1
44,649,69,3,0
44,652,45,2,1
44,658,45,2,1
44,703,45,2,1
44,710,45,2,1
44,714,69,3,0
45,643,46,2,1
45,649,70,3,0
45,652,46,2,1
45,658,46,2,1
45,703,46,2,1
45,710,46,2,1
45,714,70,3,0
46,643,71,3,0
46,649,71,3,0
46,703,71,3,0
46,714,71,3,0
47,643,72,3,0
47,649,46,1,2
47,652,72,3,0
47,658,22,0,2
47,703,72,3,0
47,710,22,0,2
47,714,46,1,2
48,643,73,3,0
48,649,47,1,2
48,658,23,0,2
48,710,49,2,1
48,714,47,1,2
49,643,74,3,0
49,714,48,1,2
50,643,75,2,0
51,643,76,3,0
52,643,77,3,0
53,643,78,3,0
54,643,79,3,0
55,643,80,3,0
55,649,56,2,1
55,658,30,0,3
55,714,56,2,1
56,643,81,3,0
56,649,57,2,1
56,652,81,3,0
56,658,31,0,3
56,703,81,3,0
56,710,31,0,3
56,714,57,2,1
57,643,82,3,0
57,649,58,2,1
57,652,82,3,0
57,658,32,0,3
57,703,82,3,0
57,710,32,0,3
57,714,58,2,1
58,643,83,3,0
58,658,33,0,3
58,703,83,3,0
58,714,83,3,0
59,643,58,1,2
59,649,84,3,0
59,652,58,1,2
59,658,58,1,2
59,703,58,1,2
59,710,58,1,2
59,714,84,3,0
60,643,59,1,2
60,649,85,3,0
60,652,59,1,2
60,658,59,1,2
60,703,59,1,2
60,710,59,1,2
60,714,85,3,0
61,643,60,1,2
61,649,86,3,0
61,658,60,1,2
61,710,60,1,2
61,714,86,3,0
62,643,61,1,2
63,643,62,1,2
64,643,63,1,2
65,643,66,2,1
66,643,67,2,1
67,643,68,2,1
67,714,92,3,0
68,643,69,2,1
68,649,93,3,0
68,658,69,2,1
68,710,67,1,2
68,714,93,3,0
69,643,70,2,1
69,649,94,3,0
69,652,70,2,1
69,658,70,2,1
69,703,70,2,1
69,710,70,2,1
69,714,94,3,0
70,643,71,2,1
70,649,95,3,0
70,652,71,2,1
70,658,71,2,1
70,703,71,2,1
70,710,71,2,1
70,714,95,3,0
71,643,96,3,0
71,658,46,0,3
71,703,96,3,0
71,714,96,3,0
72,643,97,3,0
72,649,71,1,2
72,652,97,3,0
72,658,47,0,3
72,703,97,3,0
72,710,47,0,3
72,714,71,1,2
73,643,98,3,0
73,649,72,1,2
73,658,48,0,3
73,710,74,2,1
73,714,72,1,2
74,643,99,3,0
74,714,73,1,2
75,643,100,2,0
76,643,101,3,0
77,643,102,3,0
78,643,103,3,0
79,643,104,3,0
80,643,105,3,0
80,649,81,2,1
80,658,55,0,3
80,714,81,2,1
81,643,106,3,0
81,649,82,2,1
81,652,106,3,0
81,658,56,0,3
81,703,106,3,0
81,710,56,0,3
81,714,82,2,1
82,643,107,3,0
82,649,83,2,1
82,652,107,3,0
82,658,57,0,3
82,703,107,3,0
82,710,57,0,3
82,714,83,2,1
83,643,108,3,0
83,658,58,0,3
83,703,108,3,0
83,710,58,0,3
83,714,108,3,0
84,643,83,1,2
84,649,109,3,0
84,652,83,1,2
84,658,83,1,2
84,703,83,1,2
84,710,83,1,2
84,714,109,3,0
85,643,84,1,2
85,649,110,3,0
85,652,84,1,2
85,658,84,1,2
85,703,84,1,2
85,710,84,1,2
85,714,110,3,0
86,643,85,1,2
86,649,111,3,0
86,658,85,1,2
86,710,85,1,2
86,714,111,3,0
87,643,86,1,2
88,643,87,1,2
89,643,88,1,2
90,643,91,2,1
91,643,92,2,1
92,643,93,2,1
92,714,117,3,0
93,643,94,2,1
93,649,118,3,0
93,658,94,2,1
93,710,92,1,2
93,714,118,3,0
94,643,95,2,1
94,649,119,3,0
94,652,95,2,1
94,658,95,2,1
94,703,95,2,1
94,710,95,2,1
94,714,119,3,0
95,643,96,2,1
95,649,120,3,0
95,652,96,2,1
95,658,96,2,1
95,703,96,2,1
95,710,96,2,1
95,714,120,3,0
96,643,121,3,0
96,658,71,0,3
96,703,121,3,0
96,710,71,0,3
96,714,121,3,0
97,643,122,3,0
97,649,96,1,2
97,652,122,3,0
97,658,72,0,3
97,703,122,3,0
97,710,72,0,3
97,714,96,1,2
98,643,123,3,0
98,649,97,1,2
98,658,73,0,3
98,710,99,2,1
98,714,97,1,2
99,643,124,3,0
99,714,98,1,2
100,643,125,2,0
101,643,126,3,0
102,643,127,3,0
103,643,128,3,0
104,643,129,3,0
105,643,130,3,0
105,649,106,2,1
105,658,80,0,3
105,714,106,2,1
106,643,131,3,0
106,649,107,2,1
106,652,131,3,0
106,658,81,0,3
106,703,131,3,0
106,710,81,0,3
106,714,107,2,1
107,643,132,3,0
107,649,108,2,1
107,652,132,3,0
107,658,82,0,3
107,703,132,3,0
107,710,82,0,3
107,714,108,2,1
108,643,133,3,0
108,658,83,0,3
108,703,133,3,0
108,710,83,0,3
108,714,109,2,1
109,643,108,1,2
109,649,134,3,0
109,652,108,1,2
109,658,108,1,2
109,703,108,1,2
109,710,108,1,2
109,714,110,2,1
110,643,109,1,2
110,649,135,3,0
110,652,109,1,2
110,658,109,1,2
110,703,109,1,2
110,710,109,1,2
110,714,111,2,1
111,643,110,1,2
111,649,136,3,0
111,658,110,1,2
111,710,110,1,2
111,714,112,2,1
112,643,111,1,2
113,643,112,1,2
114,643,113,1,2
115,643,116,2,1
116,643,117,2,1
117,643,118,2,1
117,714,714,93,0
118,643,119,2,1
118,649,143,3,0
118,658,119,2,1
118,710,117,1,2
118,714,117,1,2
119,643,120,2,1
119,649,144,3,0
119,652,120,2,1
119,658,120,2,1
119,703,120,2,1
119,710,120,2,1
119,714,118,1,2
120,643,121,2,1
120,649,145,3,0
120,652,121,2,1
120,658,121,2,1
120,703,121,2,1
120,710,121,2,1
120,714,119,1,2
121,643,146,3,0
121,658,96,0,3
121,703,146,3,0
121,710,96,0,3
121,714,120,1,2
122,643,147,3,0
122,649,121,1,2
122,652,147,3,0
122,658,97,0,3
122,703,147,3,0
122,710,97,0,3
122,714,121,1,2
123,643,148,3,0
123,649,122,1,2
123,658,98,0,3
123,710,124,2,1
123,714,122,1,2
124,643,149,3,0
124,714,123,1,2
125,643,150,2,0
126,643,151,3,0
127,643,152,3,0
128,643,153,3,0
129,643,154,3,0
130,643,155,3,0
130,649,131,2,1
130,658,105,0,3
130,714,131,2,1
131,643,156,3,0
131,649,132,2,1
131,652,156,3,0
131,658,106,0,3
131,703,703,82,0
131,710,106,0,3
131,714,132,2,1
132,643,157,3,0
132,649,133,2,1
132,652,157,3,0
132,658,107,0,3
132,703,131,1,2
132,710,107,0,3
132,714,133,2,1
133,643,158,3,0
133,658,108,0,3
133,703,132,1,2
133,710,108,0,3
134,643,133,1,2
134,649,159,3,0
134,652,133,1,2
134,658,133,1,2
134,703,133,1,2
134,710,133,1,2
134,714,109,0,3
135,643,134,1,2
135,649,160,3,0
135,652,134,1,2
135,658,134,1,2
135,703,134,1,2
135,710,134,1,2
135,714,110,0,3
136,643,135,1,2
136,649,161,3,0
136,658,135,1,2
136,710,135,1,2
136,714,111,0,3
137,643,136,1,2
138,643,137,1,2
139,643,138,1,2
140,643,141,2,1
141,643,142,2,1
142,643,143,2,1
142,714,117,0,3
143,643,144,2,1
143,649,168,3,0
143,658,144,2,1
143,710,142,1,2
143,714,118,0,3
144,643,145,2,1
144,649,169,3,0
144,652,145,2,1
144,658,145,2,1
144,703,145,2,1
144,710,145,2,1
144,714,119,0,3
145,643,146,2,1
145,649,170,3,0
145,652,146,2,1
145,658,146,2,1
145,703,146,2,1
145,710,146,2,1
145,714,120,0,3
146,643,171,3,0
146,658,121,0,3
146,703,147,2,1
146,710,121,0,3
147,643,172,3,0
147,649,146,1,2
147,652,172,3,0
147,658,122,0,3
147,703,148,2,1
147,710,122,0,3
147,714,146,1,2
148,643,173,3,0
148,649,147,1,2
148,658,123,0,3
148,710,149,2,1
148,714,147,1,2
149,643,174,3,0
149,714,148,1,2
150,643,175,2,0
151,643,176,3,0
152,643,177,3,0
153,643,178,3,0
154,643,179,3,0
155,643,180,3,0
155,649,156,2,1
155,658,130,0,3
155,714,156,2,1
156,643,181,3,0
156,649,157,2,1
156,652,181,3,0
156,658,131,0,3
156,703,131,0,3
156,710,131,0,3
156,714,157,2,1
157,643,182,3,0
157,649,158,2,1
157,652,182,3,0
157,658,132,0,3
157,703,132,0,3
157,710,132,0,3
157,714,158,2,1
158,643,183,3,0
158,649,159,2,1
158,658,133,0,3
158,710,133,0,3
159,643,158,1,2
159,649,160,2,1
159,652,158,1,2
159,658,158,1,2
159,703,158,1,2
159,710,158,1,2
159,714,134,0,3
160,643,159,1,2
160,649,161,2,1
160,652,159,1,2
160,658,159,1,2
160,703,159,1,2
160,710,159,1,2
160,714,135,0,3
161,643,160,1,2
161,649,649,28,0
161,658,160,1,2
161,710,160,1,2
161,714,136,0,3
162,643,161,1,2
163,643,162,1,2
164,643,163,1,2
165,643,166,2,1
166,643,167,2,1
167,643,168,2,1
167,714,142,0,3
168,643,169,2,1
168,649,167,1,2
168,658,169,2,1
168,710,167,1,2
168,714,143,0,3
169,643,170,2,1
169,649,168,1,2
169,652,170,2,1
169,658,170,2,1
169,703,170,2,1
169,710,170,2,1
169,714,144,0,3
170,643,171,2,1
170,649,169,1,2
170,652,171,2,1
170,658,171,2,1
170,703,171,2,1
170,710,171,2,1
170,714,145,0,3
171,643,196,3,0
171,649,170,1,2
171,658,146,0,3
171,710,146,0,3
172,643,197,3,0
172,649,171,1,2
172,652,197,3,0
172,658,147,0,3
172,703,147,0,3
172,710,147,0,3
172,714,171,1,2
173,643,198,3,0
173,649,172,1,2
173,658,148,0,3
173,710,174,2,1
173,714,172,1,2
174,643,199,3,0
174,714,173,1,2
175,643,200,2,0
176,643,201,3,0
177,643,202,3,0
178,643,203,3,0
179,643,204,3,0
180,643,205,3,0
180,649,181,2,1
180,658,155,0,3
180,714,181,2,1
181,643,206,3,0
181,649,182,2,1
181,652,206,3,0
181,658,156,0,3
181,703,156,0,3
181,710,156,0,3
181,714,182,2,1
182,643,207,3,0
182,649,183,2,1
182,652,207,3,0
182,658,157,0,3
182,703,157,0,3
182,710,157,0,3
182,714,183,2,1
183,643,208,3,0
183,649,158,0,3
183,652,208,3,0
183,658,158,0,3
183,710,158,0,3
184,643,183,1,2
184,649,159,0,3
184,652,183,1,2
184,658,183,1,2
184,703,183,1,2
184,710,183,1,2
184,714,159,0,3
185,643,184,1,2
185,649,160,0,3
185,652,184,1,2
185,658,184,1,2
185,703,184,1,2
185,710,184,1,2
185,714,160,0,3
186,643,185,1,2
186,649,161,0,3
186,658,185,1,2
186,710,185,1,2
186,714,161,0,3
187,643,186,1,2
188,643,187,1,2
189,643,188,1,2
190,643,191,2,1
191,643,192,2,1
192,643,193,2,1
192,714,167,0,3
193,643,194,2,1
193,649,168,0,3
193,658,194,2,1
193,710,192,1,2
193,714,168,0,3
194,643,195,2,1
194,649,169,0,3
194,652,195,2,1
194,658,195,2,1
194,703,195,2,1
194,710,195,2,1
194,714,169,0,3
195,643,196,2,1
195,649,170,0,3
195,652,196,2,1
195,658,196,2,1
195,703,196,2,1
195,710,196,2,1
195,714,170,0,3
196,643,221,3,0
196,649,171,0,3
196,652,221,3,0
196,658,171,0,3
196,710,171,0,3
197,643,222,3,0
197,649,196,1,2
197,652,222,3,0
197,658,172,0,3
197,703,172,0,3
197,710,172,0,3
197,714,196,1,2
198,643,223,3,0
198,649,197,1,2
198,658,173,0,3
198,710,199,2,1
198,714,197,1,2
199,643,224,3,0
199,714,198,1,2
200,643,201,1,1
201,643,202,2,1
202,643,643,22,0
203,643,202,1,2
204,643,203,1,2
205,643,204,1,2
205,649,206,2,1
205,658,180,0,3
205,714,206,2,1
206,643,205,1,2
206,649,207,2,1
206,652,231,3,0
206,658,181,0,3
206,703,181,0,3
206,710,181,0,3
206,714,207,2,1
207,643,206,1,2
207,649,208,2,1
207,652,232,3,0
207,658,182,0,3
207,703,182,0,3
207,710,182,0,3
207,714,208,2,1
208,643,207,1,2
208,649,183,0,3
208,652,233,3,0
208,658,183,0,3
208,710,183,0,3
209,643,208,1,2
209,649,184,0,3
209,652,208,1,2
209,658,208,1,2
209,703,208,1,2
209,710,208,1,2
209,714,184,0,3
210,643,209,1,2
210,649,185,0,3
210,652,209,1,2
210,658,209,1,2
210,703,209,1,2
210,710,209,1,2
210,714,185,0,3
211,643,210,1,2
211,649,186,0,3
211,658,210,1,2
211,710,210,1,2
211,714,186,0,3
212,643,211,1,2
213,643,212,1,2
214,643,213,1,2
215,643,216,2,1
216,643,217,2,1
217,643,218,2,1
217,714,192,0,3
218,643,219,2,1
218,649,193,0,3
218,658,219,2,1
218,710,217,1,2
218,714,193,0,3
219,643,220,2,1
219,649,194,0,3
219,652,220,2,1
219,658,220,2,1
219,703,220,2,1
219,710,220,2,1
219,714,194,0,3
220,643,221,2,1
220,649,195,0,3
220,652,221,2,1
220,658,221,2,1
220,703,221,2,1
220,710,221,2,1
220,714,195,0,3
221,643,222,2,1
221,649,196,0,3
221,652,246,3,0
221,658,196,0,3
221,710,196,0,3
222,643,223,2,1
222,649,221,1,2
222,652,247,3,0
222,658,197,0,3
222,703,197,0,3
222,710,197,0,3
222,714,221,1,2
223,643,224,2,1
223,649,222,1,2
223,658,198,0,3
223,710,224,2,1
223,714,222,1,2
224,643,200,2,3
224,714,223,1,2
225,643,200,0,2
226,643,201,0,3
227,643,202,0,3
228,643,203,0,3
229,643,204,0,3
230,643,205,0,3
230,649,231,2,1
230,658,205,0,3
230,714,231,2,1
231,643,206,0,3
231,649,232,2,1
231,652,256,3,0
231,658,206,0,3
231,703,206,0,3
231,710,206,0,3
231,714,232,2,1
232,643,207,0,3
232,649,233,2,1
232,652,257,3,0
232,658,207,0,3
232,703,207,0,3
232,710,207,0,3
232,714,233,2,1
233,643,208,0,3
233,649,208,0,3
233,652,258,3,0
233,658,208,0,3
233,710,208,0,3
233,714,208,0,3
234,643,233,1,2
234,649,209,0,3
234,652,233,1,2
234,658,233,1,2
234,703,233,1,2
234,710,233,1,2
234,714,209,0,3
235,643,234,1,2
235,649,210,0,3
235,652,234,1,2
235,658,234,1,2
235,703,234,1,2
235,710,234,1,2
235,714,210,0,3
236,643,235,1,2
236,649,211,0,3
236,658,235,1,2
236,710,235,1,2
236,714,211,0,3
237,643,236,1,2
238,643,237,1,2
239,643,238,1,2
240,643,241,2,1
241,643,242,2,1
242,643,243,2,1
242,714,217,0,3
243,643,244,2,1
243,649,218,0,3
243,658,244,2,1
243,710,242,1,2
243,714,218,0,3
244,643,245,2,1
244,649,219,0,3
244,652,245,2,1
244,658,245,2,1
244,703,245,2,1
244,710,245,2,1
244,714,219,0,3
245,643,246,2,1
245,649,220,0,3
245,652,246,2,1
245,658,246,2,1
245,703,246,2,1
245,710,246,2,1
245,714,220,0,3
246,643,221,0,3
246,649,221,0,3
246,652,271,3,0
246,658,221,0,3
246,710,221,0,3
246,714,221,0,3
247,643,222,0,3
247,649,246,1,2
247,652,272,3,0
247,658,222,0,3
247,703,222,0,3
247,710,222,0,3
247,714,246,1,2
248,643,223,0,3
248,649,247,1,2
248,658,223,0,3
248,710,249,2,1
248,714,247,1,2
249,643,224,0,3
249,714,248,1,2
250,643,225,0,2
251,643,226,0,3
252,643,227,0,3
253,643,228,0,3
254,643,229,0,3
255,643,230,0,3
255,649,256,2,1
255,658,280,3,0
255,714,256,2,1
256,643,231,0,3
256,649,257,2,1
256,652,281,3,0
256,658,281,3,0
256,703,231,0,3
256,710,281,3,0
256,714,257,2,1
257,643,232,0,3
257,649,258,2,1
257,652,282,3,0
257,658,282,3,0
257,703,232,0,3
257,710,282,3,0
257,714,258,2,1
258,643,233,0,3
258,649,233,0,3
258,652,283,3,0
258,714,233,0,3
259,643,258,1,2
259,649,234,0,3
259,652,258,1,2
259,658,258,1,2
259,703,258,1,2
259,710,258,1,2
259,714,234,0,3
260,643,259,1,2
260,649,235,0,3
260,652,259,1,2
260,658,259,1,2
260,703,259,1,2
260,710,259,1,2
260,714,235,0,3
261,643,260,1,2
261,649,236,0,3
261,658,260,1,2
261,710,260,1,2
261,714,236,0,3
262,643,261,1,2
263,643,262,1,2
264,643,263,1,2
265,643,266,2,1
266,643,267,2,1
267,643,268,2,1
267,714,242,0,3
268,643,269,2,1
268,649,243,0,3
268,658,269,2,1
268,710,267,1,2
268,714,243,0,3
269,643,270,2,1
269,649,244,0,3
269,652,270,2,1
269,658,270,2,1
269,703,270,2,1
269,710,270,2,1
269,714,244,0,3
270,643,271,2,1
270,649,245,0,3
270,652,271,2,1
270,658,271,2,1
270,703,271,2,1
270,710,271,2,1
270,714,245,0,3
271,643,246,0,3
271,649,246,0,3
271,652,296,3,0
271,714,246,0,3
272,643,247,0,3
272,649,271,1,2
272,652,297,3,0
272,658,297,3,0
272,703,247,0,3
272,710,297,3,0
272,714,271,1,2
273,643,248,0,3
273,649,272,1,2
273,658,298,3,0
273,710,274,2,1
273,714,272,1,2
274,643,249,0,3
274,714,273,1,2
275,643,250,0,2
276,643,251,0,3
277,643,252,0,3
278,643,253,0,3
279,643,254,0,3
280,643,255,0,3
280,649,281,2,1
280,658,305,3,0
280,714,281,2,1
281,643,256,0,3
281,649,282,2,1
281,652,306,3,0
281,658,306,3,0
281,703,256,0,3
281,710,306,3,0
281,714,282,2,1
282,643,257,0,3
282,649,283,2,1
282,652,307,3,0
282,658,307,3,0
282,703,257,0,3
282,710,307,3,0
282,714,283,2,1
283,643,258,0,3
283,649,258,0,3
283,652,308,3,0
283,714,258,0,3
284,643,283,1,2
284,649,259,0,3
284,652,283,1,2
284,658,283,1,2
284,703,283,1,2
284,710,283,1,2
284,714,259,0,3
285,643,284,1,2
285,649,260,0,3
285,652,284,1,2
285,658,284,1,2
285,703,284,1,2
285,710,284,1,2
285,714,260,0,3
286,643,285,1,2
286,649,261,0,3
286,658,285,1,2
286,710,285,1,2
286,714,261,0,3
287,643,286,1,2
288,643,287,1,2
289,643,288,1,2
290,643,291,2,1
291,643,292,2,1
292,643,293,2,1
292,714,267,0,3
293,643,294,2,1
293,649,268,0,3
293,658,294,2,1
293,710,292,1,2
293,714,268,0,3
294,643,295,2,1
294,649,269,0,3
294,652,295,2,1
294,658,295,2,1
294,703,295,2,1
294,710,295,2,1
294,714,269,0,3
295,643,296,2,1
295,649,270,0,3
295,652,296,2,1
295,658,296,2,1
295,703,296,2,1
295,710,296,2,1
295,714,270,0,3
296,643,271,0,3
296,649,271,0,3
296,652,321,3,0
296,714,271,0,3
297,643,272,0,3
297,649,296,1,2
297,652,322,3,0
297,658,322,3,0
297,703,272,0,3
297,710,322,3,0
297,714,296,1,2
298,643,273,0,3
298,649,297,1,2
298,658,323,3,0
298,710,299,2,1
298,714,297,1,2
299,643,274,0,3
299,714,298,1,2
300,643,275,0,2
301,643,276,0,3
302,643,277,0,3
303,643,278,0,3
304,643,279,0,3
305,643,280,0,3
305,649,306,2,1
305,658,330,3,0
305,714,306,2,1
306,643,281,0,3
306,649,307,2,1
306,652,652,31,0
306,658,331,3,0
306,703,281,0,3
306,710,331,3,0
306,714,307,2,1
307,643,282,0,3
307,649,308,2,1
307,652,306,1,2
307,658,332,3,0
307,703,282,0,3
307,710,332,3,0
307,714,308,2,1
308,643,283,0,3
308,649,283,0,3
308,652,307,1,2
308,714,283,0,3
309,643,308,1,2
309,649,284,0,3
309,652,308,1,2
309,658,308,1,2
309,703,308,1,2
309,710,308,1,2
309,714,284,0,3
310,643,309,1,2
310,649,285,0,3
310,652,309,1,2
310,658,309,1,2
310,703,309,1,2
310,710,309,1,2
310,714,285,0,3
311,643,310,1,2
311,649,286,0,3
311,658,310,1,2
311,710,310,1,2
311,714,286,0,3
312,643,311,1,2
313,643,312,1,2
314,643,313,1,2
315,643,316,2,1
316,643,317,2,1
317,643,318,2,1
317,714,292,0,3
318,643,319,2,1
318,649,293,0,3
318,658,319,2,1
318,710,317,1,2
318,714,293,0,3
319,643,320,2,1
319,649,294,0,3
319,652,320,2,1
319,658,320,2,1
319,703,320,2,1
319,710,320,2,1
319,714,294,0,3
320,643,321,2,1
320,649,295,0,3
320,652,321,2,1
320,658,321,2,1
320,703,321,2,1
320,710,321,2,1
320,714,295,0,3
321,643,296,0,3
321,649,296,0,3
321,652,322,2,1
321,714,296,0,3
322,643,297,0,3
322,649,321,1,2
322,652,323,2,1
322,658,347,3,0
322,703,297,0,3
322,710,347,3,0
322,714,321,1,2
323,643,298,0,3
323,649,322,1,2
323,658,348,3,0
323,710,324,2,1
323,714,322,1,2
324,643,299,0,3
324,714,323,1,2
325,643,300,0,2
326,643,301,0,3
327,643,302,0,3
328,643,303,0,3
329,643,304,0,3
330,643,305,0,3
330,649,331,2,1
330,658,355,3,0
330,714,331,2,1
331,643,306,0,3
331,649,332,2,1
331,652,306,0,3
331,658,356,3,0
331,703,306,0,3
331,710,356,3,0
331,714,332,2,1
332,643,307,0,3
332,649,333,2,1
332,652,307,0,3
332,658,357,3,0
332,703,307,0,3
332,710,357,3,0
332,714,333,2,1
333,643,308,0,3
333,649,308,0,3
333,703,308,0,3
333,714,308,0,3
334,643,333,1,2
334,649,309,0,3
334,652,333,1,2
334,658,333,1,2
334,703,333,1,2
334,710,333,1,2
334,714,309,0,3
335,643,334,1,2
335,649,310,0,3
335,652,334,1,2
335,658,334,1,2
335,703,334,1,2
335,710,334,1,2
335,714,310,0,3
336,643,335,1,2
336,649,311,0,3
336,658,335,1,2
336,710,335,1,2
336,714,311,0,3
337,643,336,1,2
338,643,337,1,2
339,643,338,1,2
340,643,341,2,1
341,643,342,2,1
342,643,343,2,1
342,714,317,0,3
343,643,344,2,1
343,649,318,0,3
343,658,344,2,1
343,710,342,1,2
343,714,318,0,3
344,643,345,2,1
344,649,319,0,3
344,652,345,2,1
344,658,345,2,1
344,703,345,2,1
344,710,345,2,1
344,714,319,0,3
345,643,346,2,1
345,649,320,0,3
345,652,346,2,1
345,658,346,2,1
345,703,346,2,1
345,710,346,2,1
345,714,320,0,3
346,643,321,0,3
346,649,321,0,3
346,703,321,0,3
346,714,321,0,3
347,643,322,0,3
347,649,346,1,2
347,652,322,0,3
347,658,372,3,0
347,703,322,0,3
347,710,372,3,0
347,714,346,1,2
348,643,323,0,3
348,649,347,1,2
348,658,373,3,0
348,710,349,2,1
348,714,347,1,2
349,643,324,0,3
349,714,348,1,2
350,643,325,0,2
351,643,326,0,3
352,643,327,0,3
353,643,328,0,3
354,643,329,0,3
355,643,330,0,3
355,649,356,2,1
355,658,380,3,0
355,714,356,2,1
356,643,331,0,3
356,649,357,2,1
356,652,331,0,3
356,658,381,3,0
356,703,331,0,3
356,710,381,3,0
356,714,357,2,1
357,643,332,0,3
357,649,358,2,1
357,652,332,0,3
357,658,382,3,0
357,703,332,0,3
357,710,382,3,0
357,714,358,2,1
358,643,333,0,3
358,649,333,0,3
358,658,383,3,0
358,703,333,0,3
358,714,333,0,3
359,643,358,1,2
359,649,334,0,3
359,652,358,1,2
359,658,358,1,2
359,703,358,1,2
359,710,358,1,2
359,714,334,0,3
360,643,359,1,2
360,649,335,0,3
360,652,359,1,2
360,658,359,1,2
360,703,359,1,2
360,710,359,1,2
360,714,335,0,3
361,643,360,1,2
361,649,336,0,3
361,658,360,1,2
361,710,360,1,2
361,714,336,0,3
362,643,361,1,2
363,643,362,1,2
364,643,363,1,2
365,643,366,2,1
366,643,367,2,1
367,643,368,2,1
367,714,342,0,3
368,643,369,2,1
368,649,343,0,3
368,658,369,2,1
368,710,367,1,2
368,714,343,0,3
369,643,370,2,1
369,649,344,0,3
369,652,370,2,1
369,658,370,2,1
369,703,370,2,1
369,710,370,2,1
369,714,344,0,3
370,643,371,2,1
370,649,345,0,3
370,652,371,2,1
370,658,371,2,1
370,703,371,2,1
370,710,371,2,1
370,714,345,0,3
371,643,346,0,3
371,649,346,0,3
371,658,396,3,0
371,703,346,0,3
371,714,346,0,3
372,643,347,0,3
372,649,371,1,2
372,652,347,0,3
372,658,397,3,0
372,703,347,0,3
372,710,397,3,0
372,714,371,1,2
373,643,348,0,3
373,649,372,1,2
373,658,398,3,0
373,710,374,2,1
373,714,372,1,2
374,643,349,0,3
374,714,373,1,2
375,643,350,0,2
376,643,351,0,3
377,643,352,0,3
378,643,353,0,3
379,643,354,0,3
380,643,355,0,3
380,649,381,2,1
380,658,405,3,0
380,714,381,2,1
381,643,356,0,3
381,649,382,2,1
381,652,356,0,3
381,658,406,3,0
381,703,356,0,3
381,710,406,3,0
381,714,382,2,1
382,643,357,0,3
382,649,383,2,1
382,652,357,0,3
382,658,407,3,0
382,703,357,0,3
382,710,407,3,0
382,714,383,2,1
383,643,358,0,3
383,658,408,3,0
383,703,358,0,3
383,710,408,3,0
383,714,358,0,3
384,643,383,1,2
384,649,359,0,3
384,652,383,1,2
384,658,383,1,2
384,703,383,1,2
384,710,383,1,2
384,714,359,0,3
385,643,384,1,2
385,649,360,0,3
385,652,384,1,2
385,658,384,1,2
385,703,384,1,2
385,710,384,1,2
385,714,360,0,3
386,643,385,1,2
386,649,361,0,3
386,658,385,1,2
386,710,385,1,2
386,714,361,0,3
387,643,386,1,2
388,643,387,1,2
389,643,388,1,2
390,643,391,2,1
391,643,392,2,1
392,643,393,2,1
392,714,367,0,3
393,643,394,2,1
393,649,368,0,3
393,658,394,2,1
393,714,368,0,3
394,643,395,2,1
394,649,369,0,3
394,652,395,2,1
394,658,395,2,1
394,703,395,2,1
394,710,395,2,1
394,714,369,0,3
395,643,396,2,1
395,649,370,0,3
395,652,396,2,1
395,658,396,2,1
395,703,396,2,1
395,710,396,2,1
395,714,370,0,3
396,643,371,0,3
396,658,421,3,0
396,703,371,0,3
396,710,421,3,0
396,714,371,0,3
397,643,372,0,3
397,649,396,1,2
397,652,372,0,3
397,658,422,3,0
397,703,372,0,3
397,710,422,3,0
397,714,396,1,2
398,643,373,0,3
398,649,397,1,2
398,658,423,3,0
398,710,399,2,1
398,714,397,1,2
399,643,374,0,3
399,714,398,1,2
400,643,375,0,2
401,643,376,0,3
402,643,377,0,3
403,643,378,0,3
404,643,379,0,3
405,643,380,0,3
405,649,406,2,1
405,658,430,3,0
405,714,406,2,1
406,643,381,0,3
406,649,407,2,1
406,652,381,0,3
406,658,431,3,0
406,703,381,0,3
406,710,431,3,0
406,714,407,2,1
407,643,382,0,3
407,649,408,2,1
407,652,382,0,3
407,658,432,3,0
407,703,382,0,3
407,710,432,3,0
407,714,408,2,1
408,643,383,0,3
408,658,433,3,0
408,703,383,0,3
408,710,433,3,0
408,714,383,0,3
409,643,408,1,2
409,649,384,0,3
409,652,408,1,2
409,658,408,1,2
409,703,408,1,2
409,710,408,1,2
409,714,384,0,3
410,643,409,1,2
410,649,385,0,3
410,652,409,1,2
410,658,409,1,2
410,703,409,1,2
410,710,409,1,2
410,714,385,0,3
411,643,410,1,2
411,649,386,0,3
411,658,410,1,2
411,710,410,1,2
411,714,386,0,3
412,643,411,1,2
413,643,412,1,2
414,643,413,1,2
415,643,416,2,1
416,643,417,2,1
417,643,418,2,1
417,714,392,0,3
418,643,419,2,1
418,649,393,0,3
418,658,419,2,1
418,710,417,1,2
418,714,393,0,3
419,643,420,2,1
419,649,394,0,3
419,652,420,2,1
419,658,420,2,1
419,703,420,2,1
419,710,420,2,1
419,714,394,0,3
420,643,421,2,1
420,649,395,0,3
420,652,421,2,1
420,658,421,2,1
420,703,421,2,1
420,710,421,2,1
420,714,395,0,3
421,643,396,0,3
421,658,446,3,0
421,703,396,0,3
421,710,446,3,0
421,714,396,0,3
422,643,397,0,3
422,649,421,1,2
422,652,397,0,3
422,658,447,3,0
422,703,397,0,3
422,710,447,3,0
422,714,421,1,2
423,643,398,0,3
423,649,422,1,2
423,658,448,3,0
423,710,424,2,1
423,714,422,1,2
424,643,399,0,3
424,714,423,1,2
425,643,400,0,2
426,643,401,0,3
427,643,402,0,3
428,643,403,0,3
429,643,404,0,3
430,643,405,0,3
430,649,431,2,1
430,658,455,3,0
430,714,431,2,1
431,643,406,0,3
431,649,432,2,1
431,652,406,0,3
431,658,456,3,0
431,703,406,0,3
431,710,456,3,0
431,714,432,2,1
432,643,407,0,3
432,649,433,2,1
432,652,407,0,3
432,658,457,3,0
432,703,407,0,3
432,710,457,3,0
432,714,433,2,1
433,643,408,0,3
433,658,458,3,0
433,703,408,0,3
433,710,458,3,0
434,643,433,1,2
434,649,409,0,3
434,652,433,1,2
434,658,433,1,2
434,703,433,1,2
434,710,433,1,2
434,714,459,3,0
435,643,434,1,2
435,649,410,0,3
435,652,434,1,2
435,658,434,1,2
435,703,434,1,2
435,710,434,1,2
435,714,460,3,0
436,643,435,1,2
436,649,411,0,3
436,658,435,1,2
436,710,435,1,2
436,714,461,3,0
437,643,436,1,2
438,643,437,1,2
439,643,438,1,2
440,643,441,2,1
441,643,442,2,1
442,643,443,2,1
442,714,467,3,0
443,643,444,2,1
443,649,418,0,3
443,658,444,2,1
443,710,442,1,2
443,714,468,3,0
444,643,445,2,1
444,649,419,0,3
444,652,445,2,1
444,658,445,2,1
444,703,445,2,1
444,710,445,2,1
444,714,469,3,0
445,643,446,2,1
445,649,420,0,3
445,652,446,2,1
445,658,446,2,1
445,703,446,2,1
445,710,446,2,1
445,714,470,3,0
446,643,421,0,3
446,658,471,3,0
446,703,421,0,3
446,710,471,3,0
447,643,422,0,3
447,649,446,1,2
447,652,422,0,3
447,658,472,3,0
447,703,422,0,3
447,710,472,3,0
447,714,446,1,2
448,643,423,0,3
448,649,447,1,2
448,658,473,3,0
448,710,449,2,1
448,714,447,1,2
449,643,424,0,3
449,714,448,1,2
450,643,425,0,2
451,643,426,0,3
452,643,427,0,3
453,643,428,0,3
454,643,429,0,3
455,643,430,0,3
455,649,456,2,1
455,658,480,3,0
455,714,456,2,1
456,643,431,0,3
456,649,457,2,1
456,652,431,0,3
456,658,481,3,0
456,703,481,3,0
456,710,481,3,0
456,714,457,2,1
457,643,432,0,3
457,649,458,2,1
457,652,432,0,3
457,658,482,3,0
457,703,482,3,0
457,710,482,3,0
457,714,458,2,1
458,643,433,0,3
458,658,483,3,0
458,710,483,3,0
459,643,458,1,2
459,649,434,0,3
459,652,458,1,2
459,658,458,1,2
459,703,458,1,2
459,710,458,1,2
459,714,484,3,0
460,643,459,1,2
460,649,435,0,3
460,652,459,1,2
460,658,459,1,2
460,703,459,1,2
460,710,459,1,2
460,714,485,3,0
461,643,460,1,2
461,649,436,0,3
461,658,460,1,2
461,710,460,1,2
461,714,486,3,0
462,643,461,1,2
463,643,462,1,2
464,643,463,1,2
465,643,466,2,1
466,643,467,2,1
467,643,468,2,1
467,714,492,3,0
468,643,469,2,1
468,649,443,0,3
468,658,469,2,1
468,710,467,1,2
468,714,493,3,0
469,643,470,2,1
469,649,444,0,3
469,652,470,2,1
469,658,470,2,1
469,703,470,2,1
469,710,470,2,1
469,714,494,3,0
470,643,471,2,1
470,649,445,0,3
470,652,471,2,1
470,658,471,2,1
470,703,471,2,1
470,710,471,2,1
470,714,495,3,0
471,643,446,0,3
471,658,496,3,0
471,710,496,3,0
472,643,447,0,3
472,649,471,1,2
472,652,447,0,3
472,658,497,3,0
472,703,497,3,0
472,710,497,3,0
472,714,471,1,2
473,643,448,0,3
473,649,472,1,2
473,658,498,3,0
473,710,474,2,1
473,714,472,1,2
474,643,449,0,3
474,714,473,1,2
475,643,450,0,2
476,643,451,0,3
477,643,452,0,3
478,643,453,0,3
479,643,454,0,3
480,643,455,0,3
480,649,481,2,1
480,658,505,3,0
480,714,481,2,1
481,643,456,0,3
481,649,482,2,1
481,652,456,0,3
481,658,506,3,0
481,703,506,3,0
481,710,506,3,0
481,714,482,2,1
482,643,457,0,3
482,649,483,2,1
482,652,457,0,3
482,658,507,3,0
482,703,507,3,0
482,710,507,3,0
482,714,483,2,1
483,643,458,0,3
483,649,508,3,0
483,658,508,3,0
483,710,508,3,0
484,643,483,1,2
484,649,509,3,0
484,652,483,1,2
484,658,483,1,2
484,703,483,1,2
484,710,483,1,2
484,714,509,3,0
485,643,484,1,2
485,649,510,3,0
485,652,484,1,2
485,658,484,1,2
485,703,484,1,2
485,710,484,1,2
485,714,510,3,0
486,643,485,1,2
486,649,511,3,0
486,658,485,1,2
486,710,485,1,2
486,714,511,3,0
487,643,486,1,2
488,643,487,1,2
489,643,488,1,2
490,643,491,2,1
491,643,492,2,1
492,643,493,2,1
492,714,517,3,0
493,643,494,2,1
493,649,518,3,0
493,658,494,2,1
493,710,492,1,2
493,714,518,3,0
494,643,495,2,1
494,649,519,3,0
494,652,495,2,1
494,658,495,2,1
494,703,495,2,1
494,710,495,2,1
494,714,519,3,0
495,643,496,2,1
495,649,520,3,0
495,652,496,2,1
495,658,496,2,1
495,703,496,2,1
495,710,496,2,1
495,714,520,3,0
496,643,471,0,3
496,649,521,3,0
496,658,521,3,0
496,710,521,3,0
497,643,472,0,3
497,649,496,1,2
497,652,472,0,3
497,658,522,3,0
497,703,522,3,0
497,710,522,3,0
497,714,496,1,2
498,643,473,0,3
498,649,497,1,2
498,658,523,3,0
498,710,499,2,1
498,714,497,1,2
499,643,474,0,3
499,714,498,1,2
500,643,475,0,2
501,643,476,0,3
502,643,477,0,3
503,643,478,0,3
504,643,479,0,3
505,643,480,0,3
505,649,506,2,1
505,658,530,3,0
505,714,506,2,1
506,643,481,0,3
506,649,507,2,1
506,652,481,0,3
506,658,531,3,0
506,703,531,3,0
506,710,531,3,0
506,714,507,2,1
507,643,482,0,3
507,649,508,2,1
507,652,482,0,3
507,658,532,3,0
507,703,532,3,0
507,710,532,3,0
507,714,508,2,1
508,643,483,0,3
508,649,533,3,0
508,652,483,0,3
508,658,533,3,0
508,710,533,3,0
509,643,508,1,2
509,649,534,3,0
509,652,508,1,2
509,658,508,1,2
509,703,508,1,2
509,710,508,1,2
509,714,534,3,0
510,643,509,1,2
510,649,535,3,0
510,652,509,1,2
510,658,509,1,2
510,703,509,1,2
510,710,509,1,2
510,714,535,3,0
511,643,510,1,2
511,649,536,3,0
511,658,510,1,2
511,710,510,1,2
511,714,536,3,0
512,643,511,1,2
513,643,512,1,2
514,643,513,1,2
515,643,516,2,1
516,643,517,2,1
517,643,518,2,1
517,714,542,3,0
518,643,519,2,1
518,649,543,3,0
518,658,519,2,1
518,710,517,1,2
518,714,543,3,0
519,643,520,2,1
519,649,544,3,0
519,652,520,2,1
519,658,520,2,1
519,703,520,2,1
519,710,520,2,1
519,714,544,3,0
520,643,521,2,1
520,649,545,3,0
520,652,521,2,1
520,658,521,2,1
520,703,521,2,1
520,710,521,2,1
520,714,545,3,0
521,643,496,0,3
521,649,546,3,0
521,652,496,0,3
521,658,546,3,0
521,710,546,3,0
522,643,497,0,3
522,649,521,1,2
522,652,497,0,3
522,658,547,3,0
522,703,547,3,0
522,710,547,3,0
522,714,521,1,2
523,643,498,0,3
523,649,522,1,2
523,658,548,3,0
523,710,524,2,1
523,714,522,1,2
524,643,499,0,3
524,714,523,1,2
525,643,550,2,0
526,643,551,3,0
527,643,552,3,0
528,643,553,3,0
529,643,554,3,0
530,643,555,3,0
530,649,531,2,1
530,658,555,3,0
530,714,531,2,1
531,643,556,3,0
531,649,532,2,1
531,652,506,0,3
531,658,556,3,0
531,703,556,3,0
531,710,556,3,0
531,714,532,2,1
532,643,557,3,0
532,649,533,2,1
532,652,507,0,3
532,658,557,3,0
532,703,557,3,0
532,710,557,3,0
532,714,533,2,1
533,643,558,3,0
533,649,558,3,0
533,652,508,0,3
533,658,558,3,0
533,710,558,3,0
533,714,558,3,0
534,643,533,1,2
534,649,559,3,0
534,652,533,1,2
534,658,533,1,2
534,703,533,1,2
534,710,533,1,2
534,714,559,3,0
535,643,534,1,2
535,649,560,3,0
535,652,534,1,2
535,658,534,1,2
535,703,534,1,2
535,710,534,1,2
535,714,560,3,0
536,643,535,1,2
536,649,561,3,0
536,658,535,1,2
536,710,535,1,2
536,714,561,3,0
537,643,536,1,2
538,643,537,1,2
539,643,538,1,2
540,643,541,2,1
541,643,542,2,1
542,643,543,2,1
542,714,567,3,0
543,643,544,2,1
543,649,568,3,0
543,658,544,2,1
543,710,542,1,2
543,714,568,3,0
544,643,545,2,1
544,649,569,3,0
544,652,545,2,1
544,658,545,2,1
544,703,545,2,1
544,710,545,2,1
544,714,569,3,0
545,643,546,2,1
545,649,570,3,0
545,652,546,2,1
545,658,546,2,1
545,703,546,2,1
545,710,546,2,1
545,714,570,3,0
546,643,571,3,0
546,649,571,3,0
546,652,521,0,3
546,658,571,3,0
546,710,571,3,0
546,714,571,3,0
547,643,572,3,0
547,649,546,1,2
547,652,522,0,3
547,658,572,3,0
547,703,572,3,0
547,710,572,3,0
547,714,546,1,2
548,643,573,3,0
548,649,547,1,2
548,658,573,3,0
548,710,549,2,1
548,714,547,1,2
549,643,574,3,0
549,714,548,1,2
550,643,575,2,0
551,643,576,3,0
552,643,577,3,0
553,643,578,3,0
554,643,579,3,0
555,643,580,3,0
555,649,556,2,1
555,658,658,37,0
555,714,556,2,1
556,643,581,3,0
556,649,557,2,1
556,652,531,0,3
556,658,555,1,2
556,703,581,3,0
556,710,710,89,0
556,714,557,2,1
557,643,582,3,0
557,649,558,2,1
557,652,532,0,3
557,658,556,1,2
557,703,582,3,0
557,710,556,1,2
557,714,558,2,1
558,643,583,3,0
558,649,583,3,0
558,652,533,0,3
558,658,557,1,2
558,710,557,1,2
558,714,583,3,0
559,643,558,1,2
559,649,584,3,0
559,652,558,1,2
559,658,558,1,2
559,703,558,1,2
559,710,558,1,2
559,714,584,3,0
560,643,559,1,2
560,649,585,3,0
560,652,559,1,2
560,658,559,1,2
560,703,559,1,2
560,710,559,1,2
560,714,585,3,0
561,643,560,1,2
561,649,586,3,0
561,658,560,1,2
561,710,560,1,2
561,714,586,3,0
562,643,561,1,2
563,643,562,1,2
564,643,563,1,2
565,643,566,2,1
566,643,567,2,1
567,643,568,2,1
567,714,592,3,0
568,643,569,2,1
568,649,593,3,0
568,658,569,2,1
568,710,567,1,2
568,714,593,3,0
569,643,570,2,1
569,649,594,3,0
569,652,570,2,1
569,658,570,2,1
569,703,570,2,1
569,710,570,2,1
569,714,594,3,0
570,643,571,2,1
570,649,595,3,0
570,652,571,2,1
570,658,571,2,1
570,703,571,2,1
570,710,571,2,1
570,714,595,3,0
571,643,596,3,0
571,649,596,3,0
571,652,546,0,3
571,658,572,2,1
571,710,572,2,1
571,714,596,3,0
572,643,597,3,0
572,649,571,1,2
572,652,547,0,3
572,658,573,2,1
572,703,597,3,0
572,710,573,2,1
572,714,571,1,2
573,643,598,3,0
573,649,572,1,2
573,658,574,2,1
573,710,574,2,1
573,714,572,1,2
574,643,599,3,0
574,714,573,1,2
575,643,600,2,0
576,643,601,3,0
577,643,602,3,0
578,643,603,3,0
579,643,604,3,0
580,643,605,3,0
580,649,581,2,1
580,658,555,0,3
580,714,581,2,1
581,643,606,3,0
581,649,582,2,1
581,652,556,0,3
581,658,556,0,3
581,703,606,3,0
581,710,556,0,3
581,714,582,2,1
582,643,607,3,0
582,649,583,2,1
582,652,557,0,3
582,658,557,0,3
582,703,607,3,0
582,710,557,0,3
582,714,583,2,1
583,643,608,3,0
583,649,608,3,0
583,652,558,0,3
583,714,608,3,0
584,643,583,1,2
584,649,609,3,0
584,652,583,1,2
584,658,583,1,2
584,703,583,1,2
584,710,583,1,2
584,714,609,3,0
585,643,584,1,2
585,649,610,3,0
585,652,584,1,2
585,658,584,1,2
585,703,584,1,2
585,710,584,1,2
585,714,610,3,0
586,643,585,1,2
586,649,611,3,0
586,658,585,1,2
586,710,585,1,2
586,714,611,3,0
587,643,586,1,2
588,643,587,1,2
589,643,588,1,2
590,643,591,2,1
591,643,592,2,1
592,643,593,2,1
592,714,617,3,0
593,643,594,2,1
593,649,618,3,0
593,658,594,2,1
593,710,592,1,2
593,714,618,3,0
594,643,595,2,1
594,649,619,3,0
594,652,595,2,1
594,658,595,2,1
594,703,595,2,1
594,710,595,2,1
594,714,619,3,0
595,643,596,2,1
595,649,620,3,0
595,652,596,2,1
595,658,596,2,1
595,703,596,2,1
595,710,596,2,1
595,714,620,3,0
596,643,621,3,0
596,649,621,3,0
596,652,571,0,3
596,714,621,3,0
597,643,622,3,0
597,649,596,1,2
597,652,572,0,3
597,658,572,0,3
597,703,622,3,0
597,710,572,0,3
597,714,596,1,2
598,643,623,3,0
598,649,597,1,2
598,658,573,0,3
598,710,599,2,1
598,714,597,1,2
599,643,624,3,0
599,714,598,1,2
600,643,0,2,3
601,643,1,3,3
602,643,2,3,3
603,643,3,3,3
604,643,4,3,3
605,643,5,3,3
605,649,606,2,1
605,658,580,0,3
605,714,606,2,1
606,643,6,3,3
606,649,607,2,1
606,652,581,0,3
606,658,581,0,3
606,703,6,3,3
606,710,581,0,3
606,714,607,2,1
607,643,7,3,3
607,649,608,2,1
607,652,582,0,3
607,658,582,0,3
607,703,7,3,3
607,710,582,0,3
607,714,608,2,1
608,643,8,3,3
608,649,8,3,3
608,652,583,0,3
608,714,8,3,3
609,643,608,1,2
609,649,9,3,3
609,652,608,1,2
609,658,608,1,2
609,703,608,1,2
609,710,608,1,2
609,714,9,3,3
610,643,609,1,2
610,649,10,3,3
610,652,609,1,2
610,658,609,1,2
610,703,609,1,2
610,710,609,1,2
610,714,10,3,3
611,643,610,1,2
611,649,11,3,3
611,658,610,1,2
611,710,610,1,2
611,714,11,3,3
612,643,611,1,2
613,643,612,1,2
614,643,613,1,2
615,643,616,2,1
616,643,617,2,1
617,643,618,2,1
617,714,17,3,3
618,643,619,2,1
618,649,18,3,3
618,658,619,2,1
618,710,617,1,2
618,714,18,3,3
619,643,620,2,1
619,649,19,3,3
619,652,620,2,1
619,658,620,2,1
619,703,620,2,1
619,710,620,2,1
619,714,19,3,3
620,643,621,2,1
620,649,20,3,3
620,652,621,2,1
620,658,621,2,1
620,703,621,2,1
620,710,621,2,1
620,714,20,3,3
621,643,21,3,3
621,649,21,3,3
621,652,596,0,3
621,714,21,3,3
622,643,22,3,3
622,649,621,1,2
622,652,597,0,3
622,658,597,0,3
622,703,22,3,3
622,710,597,0,3
622,714,621,1,2
623,643,23,3,3
623,649,622,1,2
623,658,598,0,3
623,710,624,2,1
623,714,622,1,2
624,643,24,3,3
624,714,623,1,2
643,625,202,0,22
643,626,202,0,22
643,627,202,0,22
643,628,202,0,22
643,629,202,0,22
643,630,202,0,22
643,631,202,0,22
643,632,202,0,22
643,633,202,0,22
643,634,202,0,22
643,635,202,0,22
643,636,202,0,22
643,637,202,0,22
643,638,202,0,22
643,639,202,0,22
643,640,202,0,22
643,641,202,0,22
643,642,202,0,22
643,644,202,0,22
643,645,202,0,22
643,646,202,0,22
643,647,202,0,22
643,648,202,0,22
643,649,202,0,22
643,650,202,0,22
643,651,202,0,22
643,652,202,0,22
643,653,202,0,22
643,654,202,0,22
643,655,202,0,22
643,656,202,0,22
643,657,202,0,22
643,658,202,0,22
643,659,202,0,22
643,660,202,0,22
643,661,202,0,22
643,662,202,0,22
643,663,202,0,22
643,664,202,0,22
643,665,202,0,22
643,666,202,0,22
643,667,202,0,22
643,668,202,0,22
643,669,202,0,22
643,670,202,0,22
643,671,202,0,22
643,672,202,0,22
643,673,202,0,22
643,674,202,0,22
643,675,202,0,22
643,676,202,0,22
643,677,202,0,22
643,678,202,0,22
643,679,202,0,22
643,680,202,0,22
643,681,202,0,22
643,682,202,0,22
643,683,202,0,22
643,684,202,0,22
643,685,202,0,22
643,686,202,0,22
643,687,202,0,22
643,688,202,0,22
643,689,202,0,22
643,690,202,0,22
643,691,202,0,22
643,692,202,0,22
643,693,202,0,22
643,694,202,0,22
643,695,202,0,22
643,696,202,0,22
643,697,202,0,22
643,698,202,0,22
643,699,202,0,22
643,700,202,0,22
643,701,202,0,22
643,702,202,0,22
643,703,202,0,22
643,704,202,0,22
643,705,202,0,22
643,706,202,0,22
643,707,202,0,22
643,708,202,0,22
643,709,202,0,22
643,710,202,0,22
643,711,202,0,22
643,712,202,0,22
643,713,202,0,22
643,714,202,0,22
643,715,202,0,22
643,716,202,0,22
643,717,202,0,22
643,718,202,0,22
643,719,202,0,22
643,720,202,0,22
643,721,202,0,22
643,722,202,0,22
643,723,202,0,22
643,724,202,0,22
649,625,161,0,28
649,626,161,0,28
649,627,161,0,28
649,628,161,0,28
649,629,161,0,28
649,630,161,0,28
649,631,161,0,28
649,632,161,0,28
649,633,161,0,28
649,634,161,0,28
649,635,161,0,28
649,636,161,0,28
649,637,161,0,28
649,638,161,0,28
649,639,161,0,28
649,640,161,0,28
649,641,161,0,28
649,642,161,0,28
649,643,161,0,28
649,644,161,0,28
649,645,161,0,28
649,646,161,0,28
649,647,161,0,28
649,648,161,0,28
649,650,161,0,28
649,651,161,0,28
649,652,161,0,28
649,653,161,0,28
649,654,161,0,28
649,655,161,0,28
649,656,161,0,28
649,657,161,0,28
649,658,161,0,28
649,659,161,0,28
649,660,161,0,28
649,661,161,0,28
649,662,161,0,28
649,663,161,0,28
649,664,161,0,28
649,665,161,0,28
649,666,161,0,28
649,667,161,0,28
649,668,161,0,28
649,669,161,0,28
649,670,161,0,28
649,671,161,0,28
649,672,161,0,28
649,673,161,0,28
649,674,161,0,28
649,675,161,0,28
649,676,161,0,28
649,677,161,0,28
649,678,161,0,28
649,679,161,0,28
649,680,161,0,28
649,681,161,0,28
649,682,161,0,28
649,683,161,0,28
649,684,161,0,28
649,685,161,0,28
649,686,161,0,28
649,687,161,0,28
649,688,161,0,28
649,689,161,0,28
649,690,161,0,28
649,691,161,0,28
649,692,161,0,28
649,693,161,0,28
649,694,161,0,28
649,695,161,0,28
649,696,161,0,28
649,697,161,0,28
649,698,161,0,28
649,699,161,0,28
649,700,161,0,28
649,701,161,0,28
649,702,161,0,28
649,703,161,0,28
649,704,161,0,28
649,705,161,0,28
649,706,161,0,28
649,707,161,0,28
649,708,161,0,28
649,709,161,0,28
649,710,161,0,28
649,711,161,0,28
649,712,161,0,28
649,713,161,0,28
649,714,161,0,28
649,715,161,0,28
649,716,161,0,28
649,717,161,0,28
649,718,161,0,28
649,719,161,0,28
649,720,161,0,28
649,721,161,0,28
649,722,161,0,28
649,723,161,0,28
649,724,161,0,28
652,625,306,0,31
652,626,306,0,31
652,627,306,0,31
652,628,306,0,31
652,629,306,0,31
652,630,306,0,31
652,631,306,0,31
652,632,306,0,31
652,633,306,0,31
652,634,306,0,31
652,635,306,0,31
652,636,306,0,31
652,637,306,0,31
652,638,306,0,31
652,639,306,0,31
652,640,306,0,31
652,641,306,0,31
652,642,306,0,31
652,643,306,0,31
652,644,306,0,31
652,645,306,0,31
652,646,306,0,31
652,647,306,0,31
652,648,306,0,31
652,649,306,0,31
652,650,306,0,31
652,651,306,0,31
652,653,306,0,31
652,654,306,0,31
652,655,306,0,31
652,656,306,0,31
652,657,306,0,31
652,658,306,0,31
652,659,306,0,31
652,660,306,0,31
652,661,306,0,31
652,662,306,0,31
652,663,306,0,31
652,664,306,0,31
652,665,306,0,31
652,666,306,0,31
652,667,306,0,31
652,668,306,0,31
652,669,306,0,31
652,670,306,0,31
652,671,306,0,31
652,672,306,0,31
652,673,306,0,31
652,674,306,0,31
652,675,306,0,31
652,676,306,0,31
652,677,306,0,31
652,678,306,0,31
652,679,306,0,31
652,680,306,0,31
652,681,306,0,31
652,682,306,0,31
652,683,306,0,31
652,684,306,0,31
652,685,306,0,31
652,686,306,0,31
652,687,306,0,31
652,688,306,0,31
652,689,306,0,31
652,690,306,0,31
652,691,306,0,31
652,692,306,0,31
652,693,306,0,31
652,694,306,0,31
652,695,306,0,31
652,696,306,0,31
652,697,306,0,31
652,698,306,0,31
652,699,306,0,31
652,700,306,0,31
652,701,306,0,31
652,702,306,0,31
652,703,306,0,31
652,704,306,0,31
652,705,306,0,31
652,706,306,0,31
652,707,306,0,31
652,708,306,0,31
652,709,306,0,31
652,710,306,0,31
652,711,306,0,31
652,712,306,0,31
652,713,306,0,31
652,714,306,0,31
652,715,306,0,31
652,716,306,0,31
652,717,306,0,31
652,718,306,0,31
652,719,306,0,31
652,720,306,0,31
652,721,306,0,31
652,722,306,0,31
652,723,306,0,31
652,724,306,0,31
658,625,555,0,37
658,626,555,0,37
658,627,555,0,37
658,628,555,0,37
658,629,555,0,37
658,630,555,0,37
658,631,555,0,37
658,632,555,0,37
658,633,555,0,37
658,634,555,0,37
658,635,555,0,37
658,636,555,0,37
658,637,555,0,37
658,638,555,0,37
658,639,555,0,37
658,640,555,0,37
658,641,555,0,37
658,642,555,0,37
658,643,555,0,37
658,644,555,0,37
658,645,555,0,37
658,646,555,0,37
658,647,555,0,37
658,648,555,0,37
658,649,555,0,37
658,650,555,0,37
658,651,555,0,37
658,652,555,0,37
658,653,555,0,37
658,654,555,0,37
658,655,555,0,37
658,656,555,0,37
658,657,555,0,37
658,659,555,0,37
658,660,555,0,37
658,661,555,0,37
658,662,555,0,37
658,663,555,0,37
658,664,555,0,37
658,665,555,0,37
658,666,555,0,37
658,667,555,0,37
658,668,555,0,37
658,669,555,0,37
658,670,555,0,37
658,671,555,0,37
658,672,555,0,37
658,673,555,0,37
658,674,555,0,37
658,675,555,0,37
658,676,555,0,37
658,677,555,0,37
658,678,555,0,37
658,679,555,0,37
658,680,555,0,37
658,681,555,0,37
658,682,555,0,37
658,683,555,0,37
658,684,555,0,37
658,685,555,0,37
658,686,555,0,37
658,687,555,0,37
658,688,555,0,37
658,689,555,0,37
658,690,555,0,37
658,691,555,0,37
658,692,555,0,37
658,693,555,0,37
658,694,555,0,37
658,695,555,0,37
658,696,555,0,37
658,697,555,0,37
658,698,555,0,37
658,699,555,0,37
658,700,555,0,37
658,701,555,0,37
658,702,555,0,37
658,703,555,0,37
658,704,555,0,37
658,705,555,0,37
658,706,555,0,37
658,707,555,0,37
658,708,555,0,37
658,709,555,0,37
658,710,555,0,37
658,711,555,0,37
658,712,555,0,37
658,713,555,0,37
658,714,555,0,37
658,715,555,0,37
658,716,555,0,37
658,717,555,0,37
658,718,555,0,37
658,719,555,0,37
658,720,555,0,37
658,721,555,0,37
658,722,555,0,37
658,723,555,0,37
658,724,555,0,37
703,625,131,0,82
703,626,131,0,82
703,627,131,0,82
703,628,131,0,82
703,629,131,0,82
703,630,131,0,82
703,631,131,0,82
703,632,131,0,82
703,633,131,0,82
703,634,131,0,82
703,635,131,0,82
703,636,131,0,82
703,637,131,0,82
703,638,131,0,82
703,639,131,0,82
703,640,131,0,82
703,641,131,0,82
703,642,131,0,82
703,643,131,0,82
703,644,131,0,82
703,645,131,0,82
703,646,131,0,82
703,647,131,0,82
703,648,131,0,82
703,649,131,0,82
703,650,131,0,82
703,651,131,0,82
703,652,131,0,82
703,653,131,0,82
703,654,131,0,82
703,655,131,0,82
703,656,131,0,82
703,657,131,0,82
703,658,131,0,82
703,659,131,0,82
703,660,131,0,82
703,661,131,0,82
703,662,131,0,82
703,663,131,0,82
703,664,131,0,82
703,665,131,0,82
703,666,131,0,82
703,667,131,0,82
703,668,131,0,82
703,669,131,0,82
703,670,131,0,82
703,671,131,0,82
703,672,131,0,82
703,673,131,0,82
703,674,131,0,82
703,675,131,0,82
703,676,131,0,82
703,677,131,0,82
703,678,131,0,82
703,679,131,0,82
703,680,131,0,82
703,681,131,0,82
703,682,131,0,82
703,683,131,0,82
703,684,131,0,82
703,685,131,0,82
703,686,131,0,82
703,687,131,0,82
703,688,131,0,82
703,689,131,0,82
703,690,131,0,82
703,691,131,0,82
703,692,131,0,82
703,693,131,0,82
703,694,131,0,82
703,695,131,0,82
703,696,131,0,82
703,697,131,0,82
703,698,131,0,82
703,699,131,0,82
703,700,131,0,82
703,701,131,0,82
703,702,131,0,82
703,704,131,0,82
703,705,131,0,82
703,706,131,0,82
703,707,131,0,82
703,708,131,0,82
703,709,131,0,82
703,710,131,0,82
703,711,131,0,82
703,712,131,0,82
703,713,131,0,82
703,714,131,0,82
703,715,131,0,82
703,716,131,0,82
703,717,131,0,82
703,718,131,0,82
703,719,131,0,82
703,720,131,0,82
703,721,131,0,82
703,722,131,0,82
703,723,131,0,82
703,724,131,0,82
710,625,556,0,89
710,626,556,0,89
710,627,556,0,89
710,628,556,0,89
710,629,556,0,89
710,630,556,0,89
710,631,556,0,89
710,632,556,0,89
710,633,556,0,89
710,634,556,0,89
710,635,556,0,89
710,636,556,0,89
710,637,556,0,89
710,638,556,0,89
710,639,556,0,89
710,640,556,0,89
710,641,556,0,89
710,642,556,0,89
710,643,556,0,89
710,644,556,0,89
710,645,556,0,89
710,646,556,0,89
710,647,556,0,89
710,648,556,0,89
710,649,556,0,89
710,650,556,0,89
710,651,556,0,89
710,652,556,0,89
710,653,556,0,89
710,654,556,0,89
710,655,556,0,89
710,656,556,0,89
710,657,556,0,89
710,658,556,0,89
710,659,556,0,89
710,660,556,0,89
710,661,556,0,89
710,662,556,0,89
710,663,556,0,89
710,664,556,0,89
710,665,556,0,89
710,666,556,0,89
710,667,556,0,89
710,668,556,0,89
710,669,556,0,89
710,670,556,0,89
710,671,556,0,89
710,672,556,0,89
710,673,556,0,89
710,674,556,0,89
710,675,556,0,89
710,676,556,0,89
710,677,556,0,89
710,678,556,0,89
710,679,556,0,89
710,680,556,0,89
710,681,556,0,89
710,682,556,0,89
710,683,556,0,89
710,684,556,0,89
710,685,556,0,89
710,686,556,0,89
710,687,556,0,89
710,688,556,0,89
710,689,556,0,89
710,690,556,0,89
710,691,556,0,89
710,692,556,0,89
710,693,556,0,89
710,694,556,0,89
710,695,556,0,89
710,696,556,0,89
710,697,556,0,89
710,698,556,0,89
710,699,556,0,89
710,700,556,0,89
710,701,556,0,89
710,702,556,0,89
710,703,556,0,89
710,704,556,0,89
710,705,556,0,89
710,706,556,0,89
710,707,556,0,89
710,708,556,0,89
710,709,556,0,89
710,711,556,0,89
710,712,556,0,89
710,713,556,0,89
710,714,556,0,89
710,715,556,0,89
710,716,556,0,89
710,717,556,0,89
710,718,556,0,89
710,719,556,0,89
710,720,556,0,89
710,721,556,0,89
710,722,556,0,89
710,723,556,0,89
710,724,556,0,89
714,625,117,0,93
714,626,117,0,93
714,627,117,0,93
714,628,117,0,93
714,629,117,0,93
714,630,117,0,93
714,631,117,0,93
714,632,117,0,93
714,633,117,0,93
714,634,117,0,93
714,635,117,0,93
714,636,117,0,93
714,637,117,0,93
714,638,117,0,93
714,639,117,0,93
714,640,117,0,93
714,641,117,0,93
714,642,117,0,93
714,643,117,0,93
714,644,117,0,93
714,645,117,0,93
714,646,117,0,93
714,647,117,0,93
714,648,117,0,93
714,649,117,0,93
714,650,117,0,93
714,651,117,0,93
714,652,117,0,93
714,653,117,0,93
714,654,117,0,93
714,655,117,0,93
714,656,117,0,93
714,657,117,0,93
714,658,117,0,93
714,659,117,0,93
714,660,117,0,93
714,661,117,0,93
714,662,117,0,93
714,663,117,0,93
714,664,117,0,93
714,665,117,0,93
714,666,117,0,93
714,667,117,0,93
714,668,117,0,93
714,669,117,0,93
714,670,117,0,93
714,671,117,0,93
714,672,117,0,93
714,673,117,0,93
714,674,117,0,93
714,675,117,0,93
714,676,117,0,93
714,677,117,0,93
714,678,117,0,93
714,679,117,0,93
714,680,117,0,93
714,681,117,0,93
714,682,117,0,93
714,683,117,0,93
714,684,117,0,93
714,685,117,0,93
714,686,117,0,93
714,687,117,0,93
714,688,117,0,93
714,689,117,0,93
714,690,117,0,93
714,691,117,0,93
714,692,117,0,93
714,693,117,0,93
714,694,117,0,93
714,695,117,0,93
714,696,117,0,93
714,697,117,0,93
714,698,117,0,93
714,699,117,0,93
714,700,117,0,93
714,701,117,0,93
714,702,117,0,93
714,703,117,0,93
714,704,117,0,93
714,705,117,0,93
714,706,117,0,93
714,707,117,0,93
714,708,117,0,93
714,709,117,0,93
714,710,117,0,93
714,711,117,0,93
714,712,117,0,93
714,713,117,0,93
714,715,117,0,93
714,716,117,0,93
714,717,117,0,93
714,718,117,0,93
714,719,117,0,93
714,720,117,0,93
714,721,117,0,93
714,722,117,0,93
714,723,117,0,93
714,724,117,0,93
