0,643,1,0,0
0,653,1,0,0
0,691,1,0,0
0,711,1,0,0
1,642,26,2,0
1,648,26,2,0
1,659,601,3,3
1,662,26,2,0
1,668,26,2,0
1,671,26,2,0
1,676,26,2,0
1,690,26,2,0
1,699,601,3,3
2,642,27,2,0
3,642,28,2,0
3,647,28,2,0
3,673,28,2,0
3,680,28,2,0
4,637,5,1,0
4,642,29,2,0
4,673,29,2,0
4,710,5,1,0
5,637,6,1,0
5,642,30,2,0
5,673,30,2,0
5,710,6,1,0
6,637,7,1,0
6,642,31,2,0
6,673,31,2,0
6,710,7,1,0
7,637,32,2,0
7,642,32,2,0
7,701,8,1,0
8,637,33,2,0
8,642,7,0,1
8,673,7,0,1
8,701,701,80,0
8,710,608,3,3
9,637,34,2,0
9,642,8,0,1
9,673,8,0,1
9,710,609,3,3
10,629,11,1,0
10,634,11,1,0
10,637,35,2,0
10,642,9,0,1
10,654,11,1,0
10,673,9,0,1
11,639,12,1,0
11,642,10,0,1
11,673,10,0,1
11,714,12,1,0
12,642,11,0,1
14,642,15,1,0
15,625,615,3,3
15,631,615,3,3
15,641,615,3,3
15,642,16,1,0
15,666,40,2,0
15,669,40,2,0
15,677,40,2,0
15,686,40,2,0
15,704,40,2,0
15,715,40,2,0
15,723,40,2,0
16,637,41,2,0
16,642,17,1,0
16,649,41,2,0
16,651,616,3,3
16,660,616,3,3
16,663,616,3,3
16,673,17,1,0
16,674,616,3,3
16,682,41,2,0
16,683,41,2,0
16,707,616,3,3
16,709,41,2,0
16,720,41,2,0
17,637,42,2,0
17,642,18,1,0
17,673,18,1,0
17,710,16,0,1
18,637,43,2,0
18,642,19,1,0
18,673,19,1,0
18,692,43,2,0
18,710,618,3,3
19,637,44,2,0
19,642,44,2,0
20,637,19,0,1
20,642,45,2,0
20,646,21,1,0
20,672,21,1,0
20,673,45,2,0
20,701,19,0,1
20,710,19,0,1
20,716,21,1,0
21,637,20,0,1
21,638,22,1,0
21,642,46,2,0
21,644,22,1,0
21,673,46,2,0
21,694,22,1,0
21,703,22,1,0
21,710,20,0,1
22,637,21,0,1
22,642,47,2,0
22,673,47,2,0
22,710,23,1,0
23,642,48,2,0
23,667,24,1,0
23,673,24,1,0
23,700,24,1,0
23,713,24,1,0
23,717,24,1,0
23,718,24,1,0
23,724,24,1,0
24,642,49,2,0
25,643,26,1,1
25,653,26,1,1
25,691,26,1,1
25,711,26,1,1
26,642,51,3,0
26,648,51,3,0
26,659,1,0,2
26,662,51,3,0
26,668,51,3,0
26,671,51,3,0
26,676,51,3,0
26,690,51,3,0
26,699,1,0,2
27,642,52,3,0
28,642,53,3,0
28,647,53,3,0
28,673,53,3,0
28,680,53,3,0
29,637,30,2,1
29,642,54,3,0
29,673,54,3,0
29,710,30,2,1
30,637,31,2,1
30,642,55,3,0
30,673,55,3,0
30,710,31,2,1
31,637,32,2,1
31,642,56,3,0
31,673,56,3,0
31,710,32,2,1
32,637,57,3,0
32,642,57,3,0
32,673,57,3,0
32,701,7,0,2
33,637,58,3,0
33,642,32,1,2
33,673,32,1,2
33,701,8,0,2
33,710,8,0,2
34,637,59,3,0
34,642,33,1,2
34,673,33,1,2
34,710,9,0,2
35,629,36,2,1
35,634,36,2,1
35,637,60,3,0
35,642,34,1,2
35,654,36,2,1
35,673,34,1,2
36,639,37,2,1
36,642,35,1,2
36,673,35,1,2
36,714,37,2,1
37,642,36,1,2
39,642,40,2,1
40,625,15,0,2
40,631,15,0,2
40,641,15,0,2
40,642,41,2,1
40,666,65,3,0
40,669,65,3,0
40,677,65,3,0
40,686,65,3,0
40,704,65,3,0
40,715,65,3,0
40,723,65,3,0
41,637,66,3,0
41,642,42,2,1
41,649,66,3,0
41,651,16,0,2
41,660,16,0,2
41,663,16,0,2
41,673,42,2,1
41,674,16,0,2
41,683,66,3,0
41,705,16,0,2
41,707,16,0,2
41,709,66,3,0
41,720,66,3,0
42,637,67,3,0
42,642,43,2,1
42,673,43,2,1
42,710,41,1,2
43,637,68,3,0
43,642,44,2,1
43,673,44,2,1
43,701,18,0,2
43,710,18,0,2
44,637,69,3,0
44,642,69,3,0
44,673,69,3,0
44,701,19,0,2
45,637,44,1,2
45,642,70,3,0
45,646,46,2,1
45,672,46,2,1
45,673,70,3,0
45,701,44,1,2
45,710,44,1,2
45,716,46,2,1
46,637,45,1,2
46,638,47,2,1
46,642,71,3,0
46,644,47,2,1
46,673,71,3,0
46,694,47,2,1
46,703,47,2,1
46,710,45,1,2
47,637,46,1,2
47,642,72,3,0
47,673,72,3,0
47,710,48,2,1
48,642,73,3,0
48,667,49,2,1
48,673,49,2,1
48,713,49,2,1
48,717,49,2,1
48,718,49,2,1
48,724,49,2,1
49,642,74,3,0
50,643,51,1,1
50,653,51,1,1
50,691,51,1,1
50,711,51,1,1
51,642,76,3,0
51,648,76,3,0
51,659,26,0,3
51,662,76,3,0
51,668,76,3,0
51,671,76,3,0
51,676,76,3,0
51,690,76,3,0
51,699,26,0,3
52,642,77,3,0
53,642,78,3,0
53,647,78,3,0
53,673,78,3,0
53,680,78,3,0
54,637,55,2,1
54,642,79,3,0
54,673,79,3,0
54,710,55,2,1
55,637,56,2,1
55,642,80,3,0
55,673,80,3,0
55,710,56,2,1
56,637,57,2,1
56,642,81,3,0
56,673,81,3,0
56,710,57,2,1
57,637,82,3,0
57,642,82,3,0
57,673,82,3,0
57,701,32,0,3
57,707,82,3,0
58,637,83,3,0
58,642,57,1,2
58,673,57,1,2
58,701,33,0,3
58,707,83,3,0
58,710,33,0,3
59,637,84,3,0
59,642,58,1,2
59,673,58,1,2
59,707,84,3,0
59,710,34,0,3
60,629,61,2,1
60,634,61,2,1
60,637,85,3,0
60,642,59,1,2
60,673,59,1,2
60,707,85,3,0
61,639,62,2,1
61,642,60,1,2
61,673,60,1,2
61,714,62,2,1
62,642,61,1,2
64,642,65,2,1
65,625,40,0,3
65,631,40,0,3
65,641,40,0,3
65,642,66,2,1
65,669,90,3,0
65,677,90,3,0
65,686,90,3,0
65,704,90,3,0
65,715,90,3,0
65,723,90,3,0
66,637,91,3,0
66,642,67,2,1
66,649,91,3,0
66,651,41,0,3
66,660,41,0,3
66,663,41,0,3
66,673,67,2,1
66,674,41,0,3
66,682,41,0,3
66,683,91,3,0
66,705,41,0,3
66,707,91,3,0
66,709,91,3,0
66,720,91,3,0
67,637,92,3,0
67,642,68,2,1
67,673,68,2,1
67,707,92,3,0
67,710,66,1,2
68,637,93,3,0
68,642,69,2,1
68,673,69,2,1
68,692,43,0,3
68,701,43,0,3
68,707,93,3,0
68,710,43,0,3
69,637,94,3,0
69,642,94,3,0
69,673,94,3,0
69,701,44,0,3
69,707,94,3,0
70,637,69,1,2
70,642,95,3,0
70,646,71,2,1
70,672,71,2,1
70,673,95,3,0
70,701,69,1,2
70,710,69,1,2
70,716,71,2,1
71,637,70,1,2
71,638,72,2,1
71,642,96,3,0
71,644,72,2,1
71,673,96,3,0
71,694,72,2,1
71,703,72,2,1
71,710,70,1,2
72,637,71,1,2
72,642,97,3,0
72,673,97,3,0
72,710,73,2,1
73,642,98,3,0
73,667,74,2,1
73,673,74,2,1
73,700,74,2,1
73,713,74,2,1
73,717,74,2,1
73,718,74,2,1
73,724,74,2,1
74,642,99,3,0
75,643,76,1,1
75,653,76,1,1
75,691,76,1,1
76,642,642,21,0
76,648,101,3,0
76,659,51,0,3
76,662,101,3,0
76,668,101,3,0
76,671,101,3,0
76,676,101,3,0
76,699,51,0,3
77,642,76,1,2
78,642,77,1,2
78,647,103,3,0
78,673,103,3,0
78,680,103,3,0
79,637,80,2,1
79,642,78,1,2
79,673,104,3,0
79,710,80,2,1
80,637,81,2,1
80,642,79,1,2
80,673,105,3,0
80,710,81,2,1
81,637,82,2,1
81,642,80,1,2
81,673,106,3,0
81,710,82,2,1
82,642,81,1,2
82,673,107,3,0
83,637,108,3,0
83,642,82,1,2
83,673,82,1,2
83,701,58,0,3
83,710,58,0,3
84,637,109,3,0
84,642,83,1,2
84,673,83,1,2
84,710,59,0,3
85,629,86,2,1
85,634,86,2,1
85,637,110,3,0
85,642,84,1,2
85,654,86,2,1
85,673,84,1,2
86,639,87,2,1
86,642,85,1,2
86,673,85,1,2
86,714,87,2,1
87,642,86,1,2
89,642,90,2,1
90,625,115,3,0
90,631,115,3,0
90,641,65,0,3
90,642,91,2,1
90,666,65,0,3
90,677,115,3,0
90,686,115,3,0
90,704,115,3,0
90,723,115,3,0
91,637,116,3,0
91,642,92,2,1
91,649,116,3,0
91,651,66,0,3
91,660,66,0,3
91,663,116,3,0
91,673,92,2,1
91,674,66,0,3
91,682,66,0,3
91,683,116,3,0
91,705,66,0,3
91,707,116,3,0
91,709,116,3,0
92,637,117,3,0
92,642,93,2,1
92,673,93,2,1
92,710,91,1,2
93,637,118,3,0
93,642,94,2,1
93,673,94,2,1
93,692,68,0,3
93,701,68,0,3
93,710,68,0,3
94,642,95,2,1
94,673,119,3,0
94,701,69,0,3
95,637,94,1,2
95,642,96,2,1
95,672,96,2,1
95,673,120,3,0
95,701,94,1,2
95,710,94,1,2
95,716,96,2,1
96,637,95,1,2
96,638,97,2,1
96,642,97,2,1
96,644,97,2,1
96,673,121,3,0
96,694,97,2,1
96,703,97,2,1
96,710,95,1,2
97,637,96,1,2
97,642,98,2,1
97,673,122,3,0
97,710,98,2,1
98,642,99,2,1
98,667,99,2,1
98,673,99,2,1
98,700,99,2,1
98,713,99,2,1
98,717,99,2,1
98,718,99,2,1
98,724,99,2,1
99,642,75,2,3
100,643,101,1,1
100,653,101,1,1
100,691,101,1,1
100,711,101,1,1
101,642,76,0,3
101,659,126,3,0
101,662,126,3,0
101,668,126,3,0
101,671,126,3,0
101,676,126,3,0
101,690,76,0,3
101,699,126,3,0
102,642,77,0,3
103,642,78,0,3
103,647,128,3,0
103,673,128,3,0
103,680,128,3,0
104,637,105,2,1
104,642,79,0,3
104,673,129,3,0
104,710,105,2,1
105,637,106,2,1
105,642,80,0,3
105,673,130,3,0
105,710,106,2,1
106,637,107,2,1
106,642,81,0,3
106,673,131,3,0
106,710,107,2,1
107,673,132,3,0
107,710,132,3,0
108,637,133,3,0
108,642,107,1,2
108,673,107,1,2
108,701,83,0,3
108,710,133,3,0
109,637,134,3,0
109,642,108,1,2
109,673,108,1,2
109,710,134,3,0
110,629,111,2,1
110,634,111,2,1
110,637,135,3,0
110,642,109,1,2
110,654,111,2,1
110,673,109,1,2
111,639,112,2,1
111,642,110,1,2
111,673,110,1,2
111,714,112,2,1
112,642,111,1,2
114,642,115,2,1
115,625,140,3,0
115,631,140,3,0
115,641,90,0,3
115,642,116,2,1
115,666,90,0,3
115,669,90,0,3
115,686,140,3,0
115,704,140,3,0
115,715,90,0,3
115,723,140,3,0
116,637,141,3,0
116,642,117,2,1
116,649,141,3,0
116,651,91,0,3
116,660,91,0,3
116,663,141,3,0
116,673,117,2,1
116,674,91,0,3
116,682,91,0,3
116,683,141,3,0
116,705,91,0,3
116,707,141,3,0
116,709,141,3,0
116,720,91,0,3
117,637,142,3,0
117,642,118,2,1
117,673,118,2,1
117,710,116,1,2
118,637,143,3,0
118,642,119,2,1
118,673,119,2,1
118,692,93,0,3
118,701,93,0,3
118,710,143,3,0
119,673,144,3,0
119,701,94,0,3
119,710,144,3,0
120,637,119,1,2
120,642,95,0,3
120,646,121,2,1
120,672,121,2,1
120,673,145,3,0
120,701,119,1,2
120,710,119,1,2
120,716,121,2,1
121,637,120,1,2
121,638,122,2,1
121,642,96,0,3
121,644,122,2,1
121,673,146,3,0
121,694,122,2,1
121,703,122,2,1
121,710,120,1,2
122,637,121,1,2
122,642,97,0,3
122,673,147,3,0
122,710,123,2,1
123,642,98,0,3
123,667,124,2,1
123,673,124,2,1
123,700,124,2,1
123,713,124,2,1
123,717,124,2,1
123,718,124,2,1
123,724,124,2,1
124,642,99,0,3
125,643,126,1,1
125,653,126,1,1
125,691,126,1,1
125,711,126,1,1
126,642,101,0,3
126,648,101,0,3
126,659,151,3,0
126,668,151,3,0
126,671,151,3,0
126,676,151,3,0
126,690,101,0,3
126,699,151,3,0
127,642,102,0,3
128,642,103,0,3
128,647,153,3,0
128,673,153,3,0
129,637,130,2,1
129,642,104,0,3
129,673,154,3,0
129,710,130,2,1
130,637,131,2,1
130,642,105,0,3
130,673,155,3,0
130,710,131,2,1
131,637,132,2,1
131,642,106,0,3
131,673,156,3,0
131,710,132,2,1
132,642,107,0,3
132,673,157,3,0
132,710,157,3,0
133,637,158,3,0
133,642,132,1,2
133,673,132,1,2
133,701,108,0,3
133,710,158,3,0
134,637,159,3,0
134,642,133,1,2
134,673,133,1,2
134,710,159,3,0
135,629,136,2,1
135,634,136,2,1
135,637,160,3,0
135,642,134,1,2
135,654,136,2,1
135,673,134,1,2
136,639,137,2,1
136,642,135,1,2
136,673,135,1,2
137,642,136,1,2
139,642,140,2,1
140,625,165,3,0
140,631,165,3,0
140,641,165,3,0
140,642,141,2,1
140,666,115,0,3
140,669,115,0,3
140,677,115,0,3
140,686,165,3,0
140,715,115,0,3
141,637,166,3,0
141,642,142,2,1
141,651,116,0,3
141,660,166,3,0
141,663,166,3,0
141,673,142,2,1
141,674,116,0,3
141,682,116,0,3
141,683,166,3,0
141,705,116,0,3
141,707,166,3,0
141,720,116,0,3
142,637,167,3,0
142,642,143,2,1
142,673,143,2,1
142,710,141,1,2
143,637,168,3,0
143,642,144,2,1
143,673,144,2,1
143,692,118,0,3
143,701,118,0,3
143,710,168,3,0
144,642,119,0,3
144,673,169,3,0
144,701,119,0,3
144,710,169,3,0
145,637,144,1,2
145,642,120,0,3
145,646,146,2,1
145,672,146,2,1
145,673,170,3,0
145,701,144,1,2
145,710,144,1,2
145,716,146,2,1
146,637,145,1,2
146,638,147,2,1
146,642,121,0,3
146,644,147,2,1
146,673,171,3,0
146,694,147,2,1
146,710,145,1,2
147,637,146,1,2
147,642,122,0,3
147,673,172,3,0
147,710,148,2,1
148,642,123,0,3
148,667,149,2,1
148,673,149,2,1
148,700,149,2,1
148,713,149,2,1
148,717,149,2,1
148,718,149,2,1
148,724,149,2,1
149,642,124,0,3
150,643,151,1,1
150,653,151,1,1
150,691,151,1,1
150,711,151,1,1
151,642,126,0,3
151,648,126,0,3
151,659,176,3,0
151,662,126,0,3
151,671,176,3,0
151,676,176,3,0
151,690,126,0,3
151,699,176,3,0
152,642,127,0,3
153,642,128,0,3
153,647,178,3,0
153,673,178,3,0
153,680,128,0,3
154,637,155,2,1
154,642,129,0,3
154,673,179,3,0
154,710,155,2,1
155,637,156,2,1
155,642,130,0,3
155,673,180,3,0
155,710,156,2,1
156,637,157,2,1
156,642,131,0,3
156,673,181,3,0
156,710,157,2,1
157,642,132,0,3
157,673,182,3,0
157,710,182,3,0
158,637,183,3,0
158,642,157,1,2
158,673,157,1,2
158,701,133,0,3
158,710,183,3,0
159,637,184,3,0
159,642,158,1,2
159,673,158,1,2
159,710,184,3,0
160,629,161,2,1
160,634,161,2,1
160,637,185,3,0
160,642,159,1,2
160,654,161,2,1
160,673,159,1,2
161,639,162,2,1
161,642,160,1,2
161,673,160,1,2
161,714,162,2,1
162,642,161,1,2
164,642,165,2,1
165,625,190,3,0
165,631,190,3,0
165,641,190,3,0
165,642,166,2,1
165,666,140,0,3
165,669,140,0,3
165,677,140,0,3
165,686,190,3,0
165,704,140,0,3
165,715,140,0,3
165,723,140,0,3
166,637,191,3,0
166,642,167,2,1
166,649,141,0,3
166,651,141,0,3
166,660,191,3,0
166,663,191,3,0
166,673,167,2,1
166,674,141,0,3
166,682,141,0,3
166,705,141,0,3
166,707,191,3,0
166,709,141,0,3
166,720,141,0,3
167,637,192,3,0
167,642,168,2,1
167,673,168,2,1
167,710,166,1,2
168,637,193,3,0
168,642,169,2,1
168,673,169,2,1
168,692,143,0,3
168,701,143,0,3
168,710,193,3,0
169,642,144,0,3
169,673,194,3,0
169,701,144,0,3
169,710,194,3,0
170,637,169,1,2
170,642,145,0,3
170,646,171,2,1
170,672,171,2,1
170,673,195,3,0
170,701,169,1,2
170,710,169,1,2
170,716,171,2,1
171,637,170,1,2
171,638,172,2,1
171,642,146,0,3
171,644,172,2,1
171,673,196,3,0
171,694,172,2,1
171,703,172,2,1
171,710,170,1,2
172,637,171,1,2
172,642,147,0,3
172,673,197,3,0
172,710,173,2,1
173,642,148,0,3
173,667,174,2,1
173,673,174,2,1
173,700,174,2,1
173,713,174,2,1
173,717,174,2,1
173,718,174,2,1
173,724,174,2,1
174,642,149,0,3
175,643,176,1,1
175,691,176,1,1
175,711,176,1,1
176,642,151,0,3
176,648,151,0,3
176,659,201,3,0
176,662,151,0,3
176,668,151,0,3
176,671,201,3,0
176,676,201,3,0
176,690,151,0,3
176,699,201,3,0
177,642,152,0,3
178,642,153,0,3
178,647,203,3,0
178,673,203,3,0
178,680,153,0,3
179,637,180,2,1
179,642,154,0,3
179,673,204,3,0
179,710,180,2,1
180,637,181,2,1
180,642,155,0,3
180,673,205,3,0
180,710,181,2,1
181,637,182,2,1
181,642,156,0,3
181,673,206,3,0
181,710,182,2,1
182,637,183,2,1
182,642,157,0,3
182,673,207,3,0
182,710,207,3,0
183,637,184,2,1
183,642,182,1,2
183,673,182,1,2
183,701,158,0,3
183,710,208,3,0
184,637,185,2,1
184,642,183,1,2
184,673,183,1,2
184,710,209,3,0
185,629,186,2,1
185,634,186,2,1
185,637,637,16,0
185,642,184,1,2
185,654,186,2,1
185,673,184,1,2
186,639,187,2,1
186,642,185,1,2
186,673,185,1,2
186,714,187,2,1
187,642,186,1,2
189,642,190,2,1
190,625,215,3,0
190,631,215,3,0
190,641,215,3,0
190,642,191,2,1
190,666,165,0,3
190,669,165,0,3
190,677,165,0,3
190,686,215,3,0
190,704,165,0,3
190,715,165,0,3
190,723,165,0,3
191,642,192,2,1
191,649,166,0,3
191,651,166,0,3
191,660,216,3,0
191,663,216,3,0
191,673,192,2,1
191,674,166,0,3
191,682,166,0,3
191,683,166,0,3
191,705,166,0,3
191,707,216,3,0
191,709,166,0,3
191,720,166,0,3
192,637,191,1,2
192,642,193,2,1
192,673,193,2,1
192,710,191,1,2
193,637,192,1,2
193,642,194,2,1
193,673,194,2,1
193,692,168,0,3
193,701,168,0,3
193,710,218,3,0
194,637,193,1,2
194,642,169,0,3
194,673,219,3,0
194,701,169,0,3
194,710,219,3,0
195,637,194,1,2
195,642,170,0,3
195,646,196,2,1
195,672,196,2,1
195,673,220,3,0
195,701,194,1,2
195,710,194,1,2
195,716,196,2,1
196,637,195,1,2
196,638,197,2,1
196,642,171,0,3
196,644,197,2,1
196,673,221,3,0
196,703,197,2,1
196,710,195,1,2
197,637,196,1,2
197,642,172,0,3
197,673,222,3,0
197,710,198,2,1
198,642,173,0,3
198,667,199,2,1
198,673,199,2,1
198,700,199,2,1
198,713,199,2,1
198,717,199,2,1
198,718,199,2,1
198,724,199,2,1
199,642,174,0,3
200,653,201,1,1
200,711,201,1,1
201,642,176,0,3
201,648,176,0,3
201,659,226,3,0
201,662,176,0,3
201,668,176,0,3
201,671,226,3,0
201,676,226,3,0
201,690,176,0,3
201,699,226,3,0
202,642,177,0,3
203,642,178,0,3
203,647,228,3,0
203,673,228,3,0
203,680,178,0,3
204,637,205,2,1
204,642,179,0,3
204,673,229,3,0
204,710,205,2,1
205,637,206,2,1
205,642,180,0,3
205,673,230,3,0
205,710,206,2,1
206,637,207,2,1
206,642,181,0,3
206,673,231,3,0
206,710,207,2,1
207,637,182,0,3
207,642,182,0,3
207,673,232,3,0
207,710,232,3,0
208,637,183,0,3
208,642,207,1,2
208,673,207,1,2
208,701,183,0,3
208,710,233,3,0
209,637,184,0,3
209,642,208,1,2
209,673,208,1,2
209,710,234,3,0
210,629,211,2,1
210,634,211,2,1
210,637,185,0,3
210,642,209,1,2
210,654,211,2,1
210,673,209,1,2
211,639,212,2,1
211,642,210,1,2
211,673,210,1,2
211,714,212,2,1
212,642,211,1,2
214,642,215,2,1
215,625,240,3,0
215,631,240,3,0
215,641,240,3,0
215,642,216,2,1
215,666,190,0,3
215,669,190,0,3
215,677,190,0,3
215,686,240,3,0
215,704,190,0,3
215,715,190,0,3
215,723,190,0,3
216,637,191,0,3
216,642,217,2,1
216,649,191,0,3
216,651,191,0,3
216,660,241,3,0
216,663,241,3,0
216,673,217,2,1
216,674,191,0,3
216,682,191,0,3
216,683,191,0,3
216,705,191,0,3
216,707,241,3,0
216,709,191,0,3
216,720,191,0,3
217,637,192,0,3
217,642,218,2,1
217,673,218,2,1
217,710,216,1,2
218,637,193,0,3
218,642,219,2,1
218,673,219,2,1
218,692,193,0,3
218,701,193,0,3
218,710,243,3,0
219,637,194,0,3
219,642,194,0,3
219,673,244,3,0
219,701,194,0,3
219,710,244,3,0
220,637,219,1,2
220,642,195,0,3
220,646,221,2,1
220,673,245,3,0
220,701,219,1,2
220,710,219,1,2
220,716,221,2,1
221,637,220,1,2
221,638,222,2,1
221,642,196,0,3
221,644,222,2,1
221,673,246,3,0
221,694,222,2,1
221,703,222,2,1
221,710,220,1,2
222,637,221,1,2
222,642,197,0,3
222,673,247,3,0
222,710,223,2,1
223,642,198,0,3
223,667,224,2,1
223,673,224,2,1
223,700,224,2,1
223,713,224,2,1
223,717,224,2,1
223,718,224,2,1
223,724,224,2,1
224,642,199,0,3
225,643,226,1,1
225,653,226,1,1
225,691,226,1,1
225,711,226,1,1
226,642,201,0,3
226,648,201,0,3
226,659,251,3,0
226,662,201,0,3
226,668,201,0,3
226,671,251,3,0
226,676,251,3,0
226,690,201,0,3
226,699,251,3,0
227,642,202,0,3
228,642,203,0,3
228,647,253,3,0
228,673,253,3,0
228,680,203,0,3
229,637,230,2,1
229,642,204,0,3
229,673,254,3,0
229,710,230,2,1
230,637,231,2,1
230,642,205,0,3
230,673,255,3,0
230,710,231,2,1
231,637,232,2,1
231,642,206,0,3
231,673,256,3,0
231,710,232,2,1
232,637,207,0,3
232,642,207,0,3
232,673,257,3,0
232,710,257,3,0
233,637,208,0,3
233,642,232,1,2
233,673,232,1,2
233,701,208,0,3
233,710,258,3,0
234,637,209,0,3
234,642,233,1,2
234,673,233,1,2
234,710,259,3,0
235,629,236,2,1
235,634,236,2,1
235,637,210,0,3
235,642,234,1,2
235,654,236,2,1
235,673,234,1,2
236,639,237,2,1
236,642,235,1,2
236,673,235,1,2
236,714,237,2,1
237,642,236,1,2
239,642,240,2,1
240,625,265,3,0
240,631,265,3,0
240,641,265,3,0
240,642,241,2,1
240,666,215,0,3
240,669,215,0,3
240,677,215,0,3
240,686,265,3,0
240,704,215,0,3
240,715,215,0,3
240,723,215,0,3
241,637,216,0,3
241,642,242,2,1
241,649,216,0,3
241,651,216,0,3
241,660,266,3,0
241,663,266,3,0
241,673,242,2,1
241,674,216,0,3
241,682,216,0,3
241,683,216,0,3
241,705,216,0,3
241,707,266,3,0
241,709,216,0,3
241,720,216,0,3
242,637,217,0,3
242,642,243,2,1
242,673,243,2,1
242,710,241,1,2
243,637,218,0,3
243,642,244,2,1
243,673,244,2,1
243,692,218,0,3
243,701,218,0,3
243,710,268,3,0
244,637,219,0,3
244,642,219,0,3
244,673,269,3,0
244,701,219,0,3
244,710,269,3,0
245,637,244,1,2
245,642,220,0,3
245,646,246,2,1
245,672,246,2,1
245,673,270,3,0
245,701,244,1,2
245,710,244,1,2
246,637,245,1,2
246,638,247,2,1
246,642,221,0,3
246,644,247,2,1
246,673,271,3,0
246,694,247,2,1
246,703,247,2,1
246,710,245,1,2
247,637,246,1,2
247,642,222,0,3
247,673,272,3,0
247,710,248,2,1
248,642,223,0,3
248,673,249,2,1
248,700,249,2,1
248,713,249,2,1
248,717,249,2,1
248,718,249,2,1
248,724,249,2,1
249,642,224,0,3
250,643,251,1,1
250,653,251,1,1
250,691,251,1,1
250,711,251,1,1
251,642,226,0,3
251,648,226,0,3
251,659,276,3,0
251,662,226,0,3
251,668,226,0,3
251,676,276,3,0
251,690,226,0,3
251,699,276,3,0
252,642,227,0,3
253,642,228,0,3
253,647,278,3,0
253,673,673,52,0
253,680,228,0,3
254,637,255,2,1
254,642,229,0,3
254,673,253,1,2
254,710,255,2,1
255,637,256,2,1
255,642,230,0,3
255,673,254,1,2
255,710,256,2,1
256,637,257,2,1
256,642,231,0,3
256,673,255,1,2
256,710,257,2,1
257,637,232,0,3
257,642,232,0,3
257,673,256,1,2
257,710,282,3,0
258,637,233,0,3
258,642,257,1,2
258,673,257,1,2
258,701,233,0,3
258,710,283,3,0
259,637,234,0,3
259,642,258,1,2
259,673,258,1,2
259,710,284,3,0
260,629,261,2,1
260,634,261,2,1
260,637,235,0,3
260,642,259,1,2
260,654,261,2,1
260,673,259,1,2
261,639,262,2,1
261,642,260,1,2
261,673,260,1,2
261,714,262,2,1
262,642,261,1,2
264,642,265,2,1
265,625,290,3,0
265,631,290,3,0
265,641,290,3,0
265,642,266,2,1
265,666,240,0,3
265,669,240,0,3
265,677,240,0,3
265,686,290,3,0
265,704,240,0,3
265,715,240,0,3
265,723,240,0,3
266,637,241,0,3
266,642,267,2,1
266,649,241,0,3
266,651,291,3,0
266,660,291,3,0
266,663,291,3,0
266,673,267,2,1
266,674,241,0,3
266,682,241,0,3
266,683,241,0,3
266,705,241,0,3
266,707,291,3,0
266,709,241,0,3
266,720,241,0,3
267,637,242,0,3
267,642,268,2,1
267,673,268,2,1
267,710,266,1,2
268,637,243,0,3
268,642,269,2,1
268,673,269,2,1
268,692,243,0,3
268,701,243,0,3
268,710,293,3,0
269,637,244,0,3
269,642,244,0,3
269,673,270,2,1
269,701,244,0,3
269,710,294,3,0
270,637,269,1,2
270,642,245,0,3
270,646,271,2,1
270,672,271,2,1
270,673,271,2,1
270,701,269,1,2
270,710,269,1,2
270,716,271,2,1
271,637,270,1,2
271,638,272,2,1
271,642,246,0,3
271,644,272,2,1
271,673,272,2,1
271,694,272,2,1
271,703,272,2,1
271,710,270,1,2
272,637,271,1,2
272,642,247,0,3
272,673,273,2,1
272,710,273,2,1
273,642,248,0,3
273,667,274,2,1
273,673,274,2,1
273,700,274,2,1
273,713,274,2,1
273,718,274,2,1
273,724,274,2,1
274,642,249,0,3
275,643,276,1,1
275,653,276,1,1
275,691,276,1,1
275,711,276,1,1
276,642,251,0,3
276,648,251,0,3
276,659,301,3,0
276,662,251,0,3
276,668,251,0,3
276,671,251,0,3
276,690,251,0,3
276,699,301,3,0
277,642,252,0,3
278,642,253,0,3
278,647,303,3,0
278,673,253,0,3
278,680,253,0,3
279,637,280,2,1
279,642,254,0,3
279,673,254,0,3
279,710,280,2,1
280,637,281,2,1
280,642,255,0,3
280,673,255,0,3
280,710,281,2,1
281,637,282,2,1
281,642,256,0,3
281,673,256,0,3
281,710,282,2,1
282,637,257,0,3
282,642,257,0,3
283,637,258,0,3
283,642,282,1,2
283,673,282,1,2
283,701,258,0,3
283,710,308,3,0
284,637,259,0,3
284,642,283,1,2
284,673,283,1,2
284,710,309,3,0
285,629,286,2,1
285,634,286,2,1
285,637,260,0,3
285,642,284,1,2
285,654,286,2,1
285,673,284,1,2
286,639,287,2,1
286,642,285,1,2
286,673,285,1,2
286,714,287,2,1
287,642,286,1,2
289,642,290,2,1
290,625,315,3,0
290,631,315,3,0
290,641,315,3,0
290,642,291,2,1
290,666,265,0,3
290,669,265,0,3
290,677,265,0,3
290,704,265,0,3
290,715,265,0,3
290,723,265,0,3
291,637,266,0,3
291,642,292,2,1
291,649,266,0,3
291,651,316,3,0
291,660,316,3,0
291,663,316,3,0
291,673,292,2,1
291,674,266,0,3
291,682,266,0,3
291,683,266,0,3
291,705,266,0,3
291,707,316,3,0
291,709,266,0,3
291,720,266,0,3
292,637,267,0,3
292,642,293,2,1
292,673,293,2,1
292,710,291,1,2
293,637,268,0,3
293,642,294,2,1
293,673,294,2,1
293,692,268,0,3
293,701,268,0,3
293,710,318,3,0
294,637,269,0,3
294,642,269,0,3
294,701,269,0,3
295,637,294,1,2
295,642,270,0,3
295,646,296,2,1
295,672,296,2,1
295,673,270,0,3
295,701,294,1,2
295,710,294,1,2
295,716,296,2,1
296,637,295,1,2
296,638,297,2,1
296,642,271,0,3
296,644,297,2,1
296,673,271,0,3
296,694,297,2,1
296,703,297,2,1
296,710,295,1,2
297,637,296,1,2
297,642,272,0,3
297,673,272,0,3
297,710,298,2,1
298,642,273,0,3
298,667,299,2,1
298,673,299,2,1
298,700,299,2,1
298,717,299,2,1
298,718,299,2,1
298,724,299,2,1
299,642,274,0,3
300,643,301,1,1
300,653,301,1,1
300,691,301,1,1
300,711,301,1,1
301,642,276,0,3
301,648,276,0,3
301,659,326,3,0
301,662,276,0,3
301,668,276,0,3
301,671,276,0,3
301,676,276,0,3
301,690,276,0,3
301,699,326,3,0
302,642,277,0,3
303,642,278,0,3
303,673,278,0,3
303,680,278,0,3
304,637,305,2,1
304,642,279,0,3
304,673,279,0,3
304,710,305,2,1
305,637,306,2,1
305,642,280,0,3
305,673,280,0,3
305,710,306,2,1
306,637,307,2,1
306,642,281,0,3
306,673,281,0,3
306,710,307,2,1
307,637,282,0,3
307,642,282,0,3
308,637,283,0,3
308,642,307,1,2
308,673,307,1,2
308,701,283,0,3
308,710,333,3,0
309,637,284,0,3
309,642,308,1,2
309,673,308,1,2
309,710,334,3,0
310,629,311,2,1
310,634,311,2,1
310,637,285,0,3
310,642,309,1,2
310,654,311,2,1
310,673,309,1,2
311,639,312,2,1
311,642,310,1,2
311,673,310,1,2
311,714,312,2,1
312,642,311,1,2
314,642,315,2,1
315,625,340,3,0
315,631,340,3,0
315,641,340,3,0
315,642,316,2,1
315,666,290,0,3
315,669,290,0,3
315,677,290,0,3
315,686,290,0,3
315,704,290,0,3
315,715,290,0,3
315,723,290,0,3
316,637,291,0,3
316,642,317,2,1
316,649,291,0,3
316,651,341,3,0
316,660,341,3,0
316,663,341,3,0
316,673,317,2,1
316,674,341,3,0
316,682,291,0,3
316,683,291,0,3
316,705,291,0,3
316,707,341,3,0
316,709,291,0,3
316,720,291,0,3
317,637,292,0,3
317,642,318,2,1
317,673,318,2,1
317,710,316,1,2
318,637,293,0,3
318,642,319,2,1
318,673,319,2,1
318,692,293,0,3
318,701,293,0,3
318,710,343,3,0
319,637,294,0,3
319,642,294,0,3
319,701,294,0,3
320,637,319,1,2
320,642,295,0,3
320,646,321,2,1
320,672,321,2,1
320,673,295,0,3
320,701,319,1,2
320,710,319,1,2
320,716,321,2,1
321,637,320,1,2
321,638,322,2,1
321,642,296,0,3
321,644,322,2,1
321,673,296,0,3
321,694,322,2,1
321,703,322,2,1
321,710,320,1,2
322,637,321,1,2
322,642,297,0,3
322,673,297,0,3
322,710,323,2,1
323,642,298,0,3
323,667,324,2,1
323,673,324,2,1
323,700,324,2,1
323,713,324,2,1
323,717,324,2,1
323,724,324,2,1
324,642,299,0,3
325,643,326,1,1
325,653,326,1,1
325,691,326,1,1
325,711,326,1,1
326,642,301,0,3
326,648,301,0,3
326,659,351,3,0
326,662,301,0,3
326,668,301,0,3
326,671,301,0,3
326,676,301,0,3
326,690,301,0,3
326,699,351,3,0
327,642,302,0,3
328,642,303,0,3
328,647,303,0,3
328,673,303,0,3
328,680,303,0,3
329,637,330,2,1
329,642,304,0,3
329,673,304,0,3
329,710,330,2,1
330,637,331,2,1
330,642,305,0,3
330,673,305,0,3
330,710,331,2,1
331,637,332,2,1
331,642,306,0,3
331,673,306,0,3
331,710,332,2,1
332,637,307,0,3
332,642,307,0,3
332,701,357,3,0
333,637,308,0,3
333,642,332,1,2
333,673,332,1,2
333,701,358,3,0
333,710,358,3,0
334,637,309,0,3
334,642,333,1,2
334,673,333,1,2
334,710,359,3,0
335,629,336,2,1
335,634,336,2,1
335,637,310,0,3
335,642,334,1,2
335,654,336,2,1
335,673,334,1,2
336,639,337,2,1
336,642,335,1,2
336,673,335,1,2
336,714,337,2,1
337,642,336,1,2
339,642,340,2,1
340,625,365,3,0
340,631,365,3,0
340,641,365,3,0
340,642,341,2,1
340,666,315,0,3
340,669,315,0,3
340,677,315,0,3
340,686,315,0,3
340,704,315,0,3
340,715,315,0,3
340,723,315,0,3
341,637,316,0,3
341,642,342,2,1
341,649,316,0,3
341,651,366,3,0
341,660,366,3,0
341,663,366,3,0
341,673,342,2,1
341,674,366,3,0
341,682,316,0,3
341,683,316,0,3
341,705,366,3,0
341,707,366,3,0
341,709,316,0,3
341,720,316,0,3
342,637,317,0,3
342,642,343,2,1
342,673,343,2,1
342,710,341,1,2
343,637,318,0,3
343,642,344,2,1
343,673,344,2,1
343,692,318,0,3
343,701,368,3,0
343,710,368,3,0
344,637,319,0,3
344,642,319,0,3
344,701,369,3,0
345,637,344,1,2
345,642,320,0,3
345,646,346,2,1
345,672,346,2,1
345,673,320,0,3
345,701,344,1,2
345,710,344,1,2
345,716,346,2,1
346,637,345,1,2
346,638,347,2,1
346,642,321,0,3
346,644,347,2,1
346,673,321,0,3
346,694,347,2,1
346,703,347,2,1
346,710,345,1,2
347,637,346,1,2
347,642,322,0,3
347,673,322,0,3
347,710,348,2,1
348,642,323,0,3
348,667,349,2,1
348,673,349,2,1
348,700,349,2,1
348,713,349,2,1
348,717,349,2,1
348,718,349,2,1
348,724,349,2,1
349,642,324,0,3
350,643,351,1,1
350,653,351,1,1
350,691,351,1,1
350,711,351,1,1
351,642,326,0,3
351,648,326,0,3
351,659,376,3,0
351,662,326,0,3
351,668,326,0,3
351,671,326,0,3
351,676,326,0,3
351,690,326,0,3
351,699,376,3,0
352,642,327,0,3
353,642,328,0,3
353,647,328,0,3
353,673,328,0,3
353,680,328,0,3
354,637,355,2,1
354,642,329,0,3
354,673,329,0,3
354,710,355,2,1
355,637,356,2,1
355,642,330,0,3
355,673,330,0,3
355,710,356,2,1
356,637,357,2,1
356,642,331,0,3
356,673,331,0,3
356,710,357,2,1
357,637,332,0,3
357,642,332,0,3
357,673,332,0,3
357,701,382,3,0
357,707,358,2,1
358,637,333,0,3
358,642,357,1,2
358,673,357,1,2
358,701,383,3,0
358,707,359,2,1
358,710,383,3,0
359,637,334,0,3
359,642,358,1,2
359,673,358,1,2
359,707,360,2,1
359,710,384,3,0
360,634,361,2,1
360,637,335,0,3
360,642,359,1,2
360,654,361,2,1
360,673,359,1,2
360,707,707,86,0
361,639,362,2,1
361,642,360,1,2
361,673,360,1,2
361,714,362,2,1
362,642,361,1,2
364,642,365,2,1
365,625,390,3,0
365,631,390,3,0
365,641,390,3,0
365,642,366,2,1
365,666,340,0,3
365,669,340,0,3
365,677,340,0,3
365,686,340,0,3
365,704,340,0,3
365,715,340,0,3
365,723,340,0,3
366,637,341,0,3
366,642,367,2,1
366,649,341,0,3
366,651,391,3,0
366,660,391,3,0
366,663,391,3,0
366,673,367,2,1
366,674,391,3,0
366,682,391,3,0
366,683,341,0,3
366,705,391,3,0
366,709,341,0,3
366,720,341,0,3
367,637,342,0,3
367,642,368,2,1
367,673,368,2,1
367,707,366,1,2
367,710,366,1,2
368,637,343,0,3
368,642,369,2,1
368,673,369,2,1
368,692,393,3,0
368,701,393,3,0
368,707,367,1,2
368,710,393,3,0
369,637,344,0,3
369,642,344,0,3
369,673,344,0,3
369,701,394,3,0
369,707,368,1,2
370,637,369,1,2
370,642,345,0,3
370,646,371,2,1
370,672,371,2,1
370,673,345,0,3
370,701,369,1,2
370,710,369,1,2
370,716,371,2,1
371,637,370,1,2
371,638,372,2,1
371,642,346,0,3
371,673,346,0,3
371,694,372,2,1
371,703,372,2,1
371,710,370,1,2
372,637,371,1,2
372,642,347,0,3
372,673,347,0,3
372,710,373,2,1
373,642,348,0,3
373,667,374,2,1
373,673,374,2,1
373,700,374,2,1
373,713,374,2,1
373,717,374,2,1
373,718,374,2,1
374,642,349,0,3
375,643,376,1,1
375,653,376,1,1
375,691,376,1,1
375,711,376,1,1
376,642,351,0,3
376,648,351,0,3
376,659,401,3,0
376,662,351,0,3
376,668,351,0,3
376,671,351,0,3
376,676,351,0,3
376,690,351,0,3
376,699,401,3,0
377,642,352,0,3
378,642,353,0,3
378,647,353,0,3
378,673,353,0,3
378,680,353,0,3
379,637,380,2,1
379,642,354,0,3
379,673,354,0,3
379,710,380,2,1
380,637,381,2,1
380,642,355,0,3
380,673,355,0,3
380,710,381,2,1
381,637,382,2,1
381,642,356,0,3
381,673,356,0,3
381,710,382,2,1
382,637,357,0,3
382,642,357,0,3
382,673,357,0,3
382,707,357,0,3
383,637,358,0,3
383,642,382,1,2
383,673,382,1,2
383,701,408,3,0
383,707,358,0,3
383,710,408,3,0
384,637,359,0,3
384,642,383,1,2
384,673,383,1,2
384,707,359,0,3
384,710,409,3,0
385,629,386,2,1
385,634,386,2,1
385,637,360,0,3
385,642,384,1,2
385,654,386,2,1
385,673,384,1,2
385,707,360,0,3
386,639,387,2,1
386,642,385,1,2
386,673,385,1,2
386,714,387,2,1
387,642,386,1,2
389,642,390,2,1
390,641,415,3,0
390,642,391,2,1
390,666,415,3,0
390,669,365,0,3
390,677,365,0,3
390,686,365,0,3
390,704,365,0,3
390,715,365,0,3
390,723,365,0,3
391,637,366,0,3
391,642,392,2,1
391,649,366,0,3
391,651,416,3,0
391,660,416,3,0
391,673,392,2,1
391,674,416,3,0
391,682,416,3,0
391,683,366,0,3
391,705,416,3,0
391,707,366,0,3
391,709,366,0,3
391,720,366,0,3
392,637,367,0,3
392,642,393,2,1
392,673,393,2,1
392,707,367,0,3
392,710,391,1,2
393,637,368,0,3
393,642,394,2,1
393,673,394,2,1
393,692,418,3,0
393,701,418,3,0
393,707,368,0,3
393,710,418,3,0
394,637,369,0,3
394,642,369,0,3
394,673,369,0,3
394,701,419,3,0
394,707,369,0,3
395,637,394,1,2
395,642,370,0,3
395,646,396,2,1
395,672,396,2,1
395,673,370,0,3
395,701,394,1,2
395,710,394,1,2
395,716,396,2,1
396,637,395,1,2
396,638,397,2,1
396,642,371,0,3
396,644,397,2,1
396,673,371,0,3
396,694,397,2,1
396,703,397,2,1
396,710,395,1,2
397,637,396,1,2
397,642,372,0,3
397,673,372,0,3
397,710,398,2,1
398,642,373,0,3
398,667,399,2,1
398,673,399,2,1
398,700,399,2,1
398,713,399,2,1
398,717,399,2,1
398,718,399,2,1
398,724,399,2,1
399,642,374,0,3
400,643,401,1,1
400,653,401,1,1
400,691,401,1,1
400,711,401,1,1
401,642,426,3,0
401,648,376,0,3
401,662,376,0,3
401,668,376,0,3
401,671,376,0,3
401,676,376,0,3
401,690,426,3,0
402,642,427,3,0
403,642,428,3,0
403,647,378,0,3
403,673,378,0,3
403,680,378,0,3
404,637,405,2,1
404,642,429,3,0
404,673,379,0,3
404,710,405,2,1
405,637,406,2,1
405,642,430,3,0
405,673,380,0,3
405,710,406,2,1
406,637,407,2,1
406,642,431,3,0
406,673,381,0,3
406,710,407,2,1
407,673,382,0,3
407,710,408,2,1
408,637,383,0,3
408,642,407,1,2
408,673,407,1,2
408,701,433,3,0
408,710,409,2,1
409,637,384,0,3
409,642,408,1,2
409,673,408,1,2
409,710,710,89,0
410,629,411,2,1
410,634,411,2,1
410,637,385,0,3
410,642,409,1,2
410,654,411,2,1
410,673,409,1,2
411,642,410,1,2
411,673,410,1,2
411,714,412,2,1
412,642,411,1,2
414,642,415,2,1
415,625,390,0,3
415,631,390,0,3
415,641,440,3,0
415,642,416,2,1
415,666,440,3,0
415,669,440,3,0
415,677,390,0,3
415,686,390,0,3
415,704,390,0,3
415,715,440,3,0
415,723,390,0,3
416,637,391,0,3
416,642,417,2,1
416,649,391,0,3
416,651,441,3,0
416,660,441,3,0
416,663,391,0,3
416,673,417,2,1
416,674,441,3,0
416,682,441,3,0
416,683,391,0,3
416,705,441,3,0
416,707,391,0,3
416,709,391,0,3
416,720,441,3,0
417,637,392,0,3
417,642,418,2,1
417,673,418,2,1
417,710,416,1,2
418,637,393,0,3
418,642,419,2,1
418,673,419,2,1
418,692,443,3,0
418,701,443,3,0
418,710,417,1,2
419,673,394,0,3
419,701,444,3,0
419,710,418,1,2
420,637,419,1,2
420,642,445,3,0
420,646,421,2,1
420,672,421,2,1
420,673,395,0,3
420,701,419,1,2
420,710,419,1,2
420,716,421,2,1
421,637,420,1,2
421,638,422,2,1
421,642,446,3,0
421,644,422,2,1
421,673,396,0,3
421,694,422,2,1
421,703,422,2,1
421,710,420,1,2
422,637,421,1,2
422,642,447,3,0
422,673,397,0,3
422,710,423,2,1
423,642,448,3,0
423,667,424,2,1
423,673,424,2,1
423,700,424,2,1
423,713,424,2,1
423,717,424,2,1
423,718,424,2,1
423,724,424,2,1
424,642,449,3,0
425,643,426,1,1
425,653,426,1,1
425,691,426,1,1
425,711,426,1,1
426,642,451,3,0
426,648,451,3,0
426,659,401,0,3
426,662,401,0,3
426,668,401,0,3
426,671,401,0,3
426,676,401,0,3
426,690,451,3,0
426,699,401,0,3
427,642,452,3,0
428,642,453,3,0
428,647,403,0,3
428,673,403,0,3
428,680,403,0,3
429,637,430,2,1
429,642,454,3,0
429,673,404,0,3
429,710,430,2,1
430,637,431,2,1
430,642,455,3,0
430,673,405,0,3
430,710,431,2,1
431,637,432,2,1
431,642,456,3,0
431,673,406,0,3
431,710,432,2,1
432,642,457,3,0
432,673,407,0,3
432,710,407,0,3
433,637,408,0,3
433,642,432,1,2
433,673,432,1,2
433,701,458,3,0
433,710,408,0,3
434,637,409,0,3
434,642,433,1,2
434,673,433,1,2
434,710,409,0,3
435,629,436,2,1
435,634,436,2,1
435,637,410,0,3
435,642,434,1,2
435,654,436,2,1
435,673,434,1,2
436,639,437,2,1
436,642,435,1,2
436,673,435,1,2
436,714,437,2,1
437,642,436,1,2
439,642,440,2,1
440,625,415,0,3
440,631,415,0,3
440,642,441,2,1
440,666,465,3,0
440,669,465,3,0
440,677,465,3,0
440,686,415,0,3
440,704,415,0,3
440,715,465,3,0
440,723,415,0,3
441,637,416,0,3
441,642,442,2,1
441,649,416,0,3
441,651,466,3,0
441,663,416,0,3
441,673,442,2,1
441,674,466,3,0
441,682,466,3,0
441,683,416,0,3
441,705,466,3,0
441,707,416,0,3
441,709,416,0,3
441,720,466,3,0
442,637,417,0,3
442,642,443,2,1
442,673,443,2,1
442,710,441,1,2
443,637,418,0,3
443,642,444,2,1
443,673,444,2,1
443,692,468,3,0
443,701,468,3,0
443,710,418,0,3
444,642,469,3,0
444,673,419,0,3
444,701,469,3,0
444,710,419,0,3
445,637,444,1,2
445,642,470,3,0
445,646,446,2,1
445,672,446,2,1
445,673,420,0,3
445,701,444,1,2
445,710,444,1,2
445,716,446,2,1
446,637,445,1,2
446,638,447,2,1
446,642,471,3,0
446,644,447,2,1
446,673,421,0,3
446,694,447,2,1
446,703,447,2,1
446,710,445,1,2
447,637,446,1,2
447,642,472,3,0
447,673,422,0,3
447,710,448,2,1
448,642,473,3,0
448,667,449,2,1
448,673,449,2,1
448,700,449,2,1
448,713,449,2,1
448,717,449,2,1
448,718,449,2,1
448,724,449,2,1
449,642,474,3,0
450,643,451,1,1
450,653,451,1,1
450,691,451,1,1
450,711,451,1,1
451,642,476,3,0
451,648,476,3,0
451,659,426,0,3
451,662,476,3,0
451,668,426,0,3
451,671,426,0,3
451,676,426,0,3
451,690,476,3,0
451,699,426,0,3
452,642,477,3,0
453,642,478,3,0
453,647,428,0,3
453,673,428,0,3
453,680,478,3,0
454,637,455,2,1
454,642,479,3,0
454,673,429,0,3
454,710,455,2,1
455,637,456,2,1
455,642,480,3,0
455,673,430,0,3
455,710,456,2,1
456,637,457,2,1
456,642,481,3,0
456,673,431,0,3
456,710,457,2,1
457,642,482,3,0
457,673,432,0,3
457,710,432,0,3
458,637,433,0,3
458,642,457,1,2
458,673,457,1,2
458,701,483,3,0
458,710,433,0,3
459,637,434,0,3
459,642,458,1,2
459,673,458,1,2
459,710,434,0,3
460,629,461,2,1
460,634,461,2,1
460,637,435,0,3
460,642,459,1,2
460,654,461,2,1
460,673,459,1,2
461,639,462,2,1
461,642,460,1,2
461,673,460,1,2
461,714,462,2,1
462,642,461,1,2
464,642,465,2,1
465,625,440,0,3
465,631,440,0,3
465,641,440,0,3
465,642,466,2,1
465,666,490,3,0
465,669,490,3,0
465,677,490,3,0
465,686,440,0,3
465,704,490,3,0
465,715,490,3,0
465,723,490,3,0
466,637,441,0,3
466,642,467,2,1
466,649,491,3,0
466,651,491,3,0
466,660,441,0,3
466,663,441,0,3
466,673,467,2,1
466,674,491,3,0
466,682,491,3,0
466,683,441,0,3
466,705,491,3,0
466,707,441,0,3
466,709,491,3,0
466,720,491,3,0
467,637,442,0,3
467,642,468,2,1
467,673,468,2,1
467,710,466,1,2
468,637,443,0,3
468,642,469,2,1
468,673,469,2,1
468,692,493,3,0
468,701,493,3,0
468,710,443,0,3
469,642,494,3,0
469,673,444,0,3
469,701,494,3,0
469,710,444,0,3
470,637,469,1,2
470,642,495,3,0
470,646,471,2,1
470,672,471,2,1
470,673,445,0,3
470,701,469,1,2
470,710,469,1,2
470,716,471,2,1
471,637,470,1,2
471,638,472,2,1
471,642,496,3,0
471,644,472,2,1
471,673,446,0,3
471,694,472,2,1
471,703,472,2,1
471,710,470,1,2
472,637,471,1,2
472,642,497,3,0
472,673,447,0,3
472,710,473,2,1
473,642,498,3,0
473,667,474,2,1
473,673,474,2,1
473,700,474,2,1
473,713,474,2,1
473,717,474,2,1
473,718,474,2,1
473,724,474,2,1
474,642,499,3,0
475,643,476,1,1
475,653,476,1,1
475,691,476,1,1
475,711,476,1,1
476,642,501,3,0
476,648,501,3,0
476,659,451,0,3
476,662,501,3,0
476,668,501,3,0
476,671,451,0,3
476,676,451,0,3
476,690,501,3,0
476,699,451,0,3
477,642,502,3,0
478,642,503,3,0
478,647,453,0,3
478,673,453,0,3
478,680,503,3,0
479,637,480,2,1
479,642,504,3,0
479,673,454,0,3
479,710,480,2,1
480,637,481,2,1
480,642,505,3,0
480,673,455,0,3
480,710,481,2,1
481,637,482,2,1
481,642,506,3,0
481,673,456,0,3
481,710,482,2,1
482,642,507,3,0
482,673,457,0,3
482,710,457,0,3
483,637,458,0,3
483,642,482,1,2
483,673,482,1,2
483,701,508,3,0
483,710,458,0,3
484,637,459,0,3
484,642,483,1,2
484,673,483,1,2
484,710,459,0,3
485,629,486,2,1
485,634,486,2,1
485,637,460,0,3
485,642,484,1,2
485,654,486,2,1
485,673,484,1,2
486,639,487,2,1
486,642,485,1,2
486,673,485,1,2
486,714,487,2,1
487,642,486,1,2
489,642,490,2,1
490,625,465,0,3
490,631,465,0,3
490,641,465,0,3
490,642,491,2,1
490,666,515,3,0
490,669,515,3,0
490,677,515,3,0
490,686,465,0,3
490,704,515,3,0
490,715,515,3,0
490,723,515,3,0
491,637,466,0,3
491,642,492,2,1
491,649,516,3,0
491,651,516,3,0
491,660,466,0,3
491,663,466,0,3
491,673,492,2,1
491,674,516,3,0
491,682,516,3,0
491,683,516,3,0
491,705,516,3,0
491,707,466,0,3
491,709,516,3,0
491,720,516,3,0
492,637,467,0,3
492,642,493,2,1
492,673,493,2,1
492,710,491,1,2
493,637,468,0,3
493,642,494,2,1
493,673,494,2,1
493,692,518,3,0
493,701,518,3,0
493,710,468,0,3
494,642,519,3,0
494,673,469,0,3
494,701,519,3,0
494,710,469,0,3
495,637,494,1,2
495,642,520,3,0
495,646,496,2,1
495,672,496,2,1
495,673,470,0,3
495,701,494,1,2
495,710,494,1,2
495,716,496,2,1
496,637,495,1,2
496,638,497,2,1
496,642,521,3,0
496,644,497,2,1
496,673,471,0,3
496,694,497,2,1
496,703,497,2,1
496,710,495,1,2
497,637,496,1,2
497,642,522,3,0
497,673,472,0,3
497,710,498,2,1
498,642,523,3,0
498,667,499,2,1
498,673,499,2,1
498,700,499,2,1
498,713,499,2,1
498,717,499,2,1
498,718,499,2,1
498,724,499,2,1
499,642,524,3,0
500,643,501,1,1
500,653,501,1,1
500,691,501,1,1
500,711,501,1,1
501,642,526,3,0
501,648,526,3,0
501,659,476,0,3
501,662,526,3,0
501,668,526,3,0
501,671,476,0,3
501,676,476,0,3
501,690,526,3,0
501,699,476,0,3
502,642,527,3,0
503,642,528,3,0
503,647,478,0,3
503,673,478,0,3
503,680,528,3,0
504,637,505,2,1
504,642,529,3,0
504,673,479,0,3
504,710,505,2,1
505,637,506,2,1
505,642,530,3,0
505,673,480,0,3
505,710,506,2,1
506,637,507,2,1
506,642,531,3,0
506,673,481,0,3
506,710,507,2,1
507,637,532,3,0
507,642,532,3,0
507,673,482,0,3
507,710,482,0,3
508,637,533,3,0
508,642,507,1,2
508,673,507,1,2
508,701,533,3,0
508,710,483,0,3
509,637,534,3,0
509,642,508,1,2
509,673,508,1,2
509,710,484,0,3
510,629,511,2,1
510,637,535,3,0
510,642,509,1,2
510,654,511,2,1
510,673,509,1,2
511,639,512,2,1
511,642,510,1,2
511,673,510,1,2
511,714,512,2,1
512,642,511,1,2
514,642,515,2,1
515,625,490,0,3
515,631,490,0,3
515,641,490,0,3
515,642,516,2,1
515,666,540,3,0
515,669,540,3,0
515,677,540,3,0
515,686,490,0,3
515,704,540,3,0
515,715,540,3,0
515,723,540,3,0
516,637,541,3,0
516,642,517,2,1
516,649,541,3,0
516,651,541,3,0
516,660,491,0,3
516,663,491,0,3
516,673,517,2,1
516,674,541,3,0
516,682,541,3,0
516,683,541,3,0
516,705,541,3,0
516,707,491,0,3
516,709,541,3,0
516,720,541,3,0
517,637,542,3,0
517,642,518,2,1
517,673,518,2,1
517,710,516,1,2
518,637,543,3,0
518,642,519,2,1
518,673,519,2,1
518,692,543,3,0
518,701,543,3,0
518,710,493,0,3
519,637,544,3,0
519,642,544,3,0
519,673,494,0,3
519,701,544,3,0
519,710,494,0,3
520,637,519,1,2
520,642,545,3,0
520,646,521,2,1
520,672,521,2,1
520,673,495,0,3
520,701,519,1,2
520,710,519,1,2
520,716,521,2,1
521,637,520,1,2
521,638,522,2,1
521,642,546,3,0
521,644,522,2,1
521,673,496,0,3
521,694,522,2,1
521,703,522,2,1
521,710,520,1,2
522,637,521,1,2
522,642,547,3,0
522,673,497,0,3
522,710,523,2,1
523,642,548,3,0
523,667,524,2,1
523,673,524,2,1
523,700,524,2,1
523,713,524,2,1
523,717,524,2,1
523,718,524,2,1
523,724,524,2,1
524,642,549,3,0
525,643,526,1,1
525,653,526,1,1
525,691,526,1,1
525,711,526,1,1
526,642,551,3,0
526,648,551,3,0
526,659,501,0,3
526,662,551,3,0
526,668,551,3,0
526,671,501,0,3
526,676,501,0,3
526,690,551,3,0
526,699,501,0,3
527,642,552,3,0
528,642,553,3,0
528,647,503,0,3
528,673,503,0,3
528,680,553,3,0
529,637,530,2,1
529,642,554,3,0
529,673,504,0,3
529,710,530,2,1
530,637,531,2,1
530,642,555,3,0
530,673,505,0,3
530,710,531,2,1
531,637,532,2,1
531,642,556,3,0
531,673,506,0,3
531,710,532,2,1
532,637,557,3,0
532,642,557,3,0
532,673,507,0,3
532,710,507,0,3
533,637,558,3,0
533,642,532,1,2
533,673,532,1,2
533,701,558,3,0
533,710,508,0,3
534,637,559,3,0
534,642,533,1,2
534,673,533,1,2
534,710,509,0,3
535,629,536,2,1
535,634,536,2,1
535,637,560,3,0
535,642,534,1,2
535,654,536,2,1
535,673,534,1,2
536,639,537,2,1
536,642,535,1,2
536,673,535,1,2
536,714,537,2,1
537,642,536,1,2
539,642,540,2,1
540,625,515,0,3
540,631,515,0,3
540,641,515,0,3
540,642,541,2,1
540,666,565,3,0
540,669,565,3,0
540,677,565,3,0
540,686,515,0,3
540,704,565,3,0
540,715,565,3,0
540,723,565,3,0
541,637,566,3,0
541,642,542,2,1
541,649,566,3,0
541,651,566,3,0
541,660,516,0,3
541,663,516,0,3
541,673,542,2,1
541,674,566,3,0
541,682,566,3,0
541,683,566,3,0
541,705,566,3,0
541,707,516,0,3
541,709,566,3,0
541,720,566,3,0
542,637,567,3,0
542,642,543,2,1
542,673,543,2,1
542,710,541,1,2
543,637,568,3,0
543,642,544,2,1
543,673,544,2,1
543,692,568,3,0
543,701,568,3,0
543,710,518,0,3
544,637,569,3,0
544,642,569,3,0
544,673,519,0,3
544,701,569,3,0
544,710,519,0,3
545,637,544,1,2
545,642,570,3,0
545,646,546,2,1
545,672,546,2,1
545,673,520,0,3
545,701,544,1,2
545,710,544,1,2
545,716,546,2,1
546,637,545,1,2
546,642,571,3,0
546,644,547,2,1
546,673,521,0,3
546,694,547,2,1
546,703,547,2,1
546,710,545,1,2
547,637,546,1,2
547,642,572,3,0
547,673,522,0,3
547,710,548,2,1
548,642,573,3,0
548,667,549,2,1
548,673,549,2,1
548,700,549,2,1
548,713,549,2,1
548,717,549,2,1
548,718,549,2,1
548,724,549,2,1
549,642,574,3,0
550,643,551,1,1
550,653,551,1,1
550,691,551,1,1
550,711,551,1,1
551,642,576,3,0
551,648,576,3,0
551,659,526,0,3
551,662,576,3,0
551,668,576,3,0
551,671,526,0,3
551,676,526,0,3
551,690,576,3,0
551,699,526,0,3
552,642,577,3,0
553,642,578,3,0
553,647,528,0,3
553,673,528,0,3
553,680,578,3,0
554,637,555,2,1
554,642,579,3,0
554,673,529,0,3
554,710,555,2,1
555,637,556,2,1
555,642,580,3,0
555,673,530,0,3
555,710,556,2,1
556,637,557,2,1
556,642,581,3,0
556,673,531,0,3
556,710,557,2,1
557,637,582,3,0
557,642,582,3,0
557,673,532,0,3
557,710,532,0,3
558,637,583,3,0
558,642,557,1,2
558,673,557,1,2
558,701,583,3,0
558,710,533,0,3
559,637,584,3,0
559,642,558,1,2
559,673,558,1,2
559,710,534,0,3
560,629,561,2,1
560,634,561,2,1
560,637,585,3,0
560,642,559,1,2
560,654,561,2,1
560,673,559,1,2
561,639,562,2,1
561,642,560,1,2
561,673,560,1,2
561,714,562,2,1
562,642,561,1,2
564,642,565,2,1
565,625,540,0,3
565,631,540,0,3
565,641,540,0,3
565,642,566,2,1
565,666,590,3,0
565,669,590,3,0
565,677,590,3,0
565,686,540,0,3
565,704,590,3,0
565,715,590,3,0
565,723,590,3,0
566,637,591,3,0
566,642,567,2,1
566,649,591,3,0
566,660,541,0,3
566,663,541,0,3
566,673,567,2,1
566,674,591,3,0
566,682,591,3,0
566,683,591,3,0
566,705,591,3,0
566,707,541,0,3
566,709,591,3,0
566,720,591,3,0
567,637,592,3,0
567,642,568,2,1
567,673,568,2,1
567,710,566,1,2
568,637,593,3,0
568,642,569,2,1
568,673,569,2,1
568,692,593,3,0
568,701,593,3,0
568,710,543,0,3
569,637,594,3,0
569,642,594,3,0
569,673,544,0,3
569,701,594,3,0
569,710,544,0,3
570,637,569,1,2
570,642,595,3,0
570,646,571,2,1
570,672,571,2,1
570,673,545,0,3
570,701,569,1,2
570,710,569,1,2
570,716,571,2,1
571,637,570,1,2
571,638,572,2,1
571,642,596,3,0
571,644,572,2,1
571,673,546,0,3
571,694,572,2,1
571,703,572,2,1
571,710,570,1,2
572,637,571,1,2
572,642,597,3,0
572,673,547,0,3
572,710,573,2,1
573,642,598,3,0
573,667,574,2,1
573,673,574,2,1
573,700,574,2,1
573,713,574,2,1
573,717,574,2,1
573,718,574,2,1
573,724,574,2,1
574,642,599,3,0
575,643,576,1,1
575,653,576,1,1
575,691,576,1,1
575,711,576,1,1
576,642,601,3,0
576,648,601,3,0
576,659,551,0,3
576,662,601,3,0
576,668,601,3,0
576,671,601,3,0
576,676,551,0,3
576,690,601,3,0
576,699,551,0,3
577,642,602,3,0
578,642,603,3,0
578,647,553,0,3
578,673,603,3,0
578,680,603,3,0
579,637,580,2,1
579,642,604,3,0
579,673,604,3,0
579,710,580,2,1
580,637,581,2,1
580,642,605,3,0
580,673,605,3,0
580,710,581,2,1
581,637,582,2,1
581,642,606,3,0
581,673,606,3,0
581,710,582,2,1
582,637,607,3,0
582,642,607,3,0
582,710,557,0,3
583,637,608,3,0
583,642,582,1,2
583,673,582,1,2
583,701,608,3,0
583,710,558,0,3
584,637,609,3,0
584,642,583,1,2
584,673,583,1,2
584,710,559,0,3
585,629,586,2,1
585,634,586,2,1
585,637,610,3,0
585,642,584,1,2
585,654,586,2,1
585,673,584,1,2
586,639,587,2,1
586,642,585,1,2
586,673,585,1,2
586,714,587,2,1
587,642,586,1,2
589,642,590,2,1
590,625,565,0,3
590,631,565,0,3
590,641,565,0,3
590,642,591,2,1
590,666,615,3,0
590,669,615,3,0
590,677,615,3,0
590,686,565,0,3
590,704,615,3,0
590,715,615,3,0
590,723,615,3,0
591,637,616,3,0
591,642,592,2,1
591,649,616,3,0
591,651,566,0,3
591,660,566,0,3
591,663,566,0,3
591,673,592,2,1
591,674,616,3,0
591,682,616,3,0
591,683,616,3,0
591,705,616,3,0
591,707,566,0,3
591,709,616,3,0
591,720,616,3,0
592,637,617,3,0
592,642,593,2,1
592,673,593,2,1
592,710,591,1,2
593,637,618,3,0
593,642,594,2,1
593,673,594,2,1
593,692,618,3,0
593,701,618,3,0
593,710,568,0,3
594,637,619,3,0
594,642,619,3,0
594,701,619,3,0
594,710,569,0,3
595,637,594,1,2
595,642,620,3,0
595,646,596,2,1
595,672,596,2,1
595,673,620,3,0
595,701,594,1,2
595,710,594,1,2
595,716,596,2,1
596,637,595,1,2
596,638,597,2,1
596,642,621,3,0
596,644,597,2,1
596,673,621,3,0
596,694,597,2,1
596,703,597,2,1
596,710,595,1,2
597,637,596,1,2
597,642,622,3,0
597,673,622,3,0
598,642,623,3,0
598,667,599,2,1
598,673,599,2,1
598,700,599,2,1
598,713,599,2,1
598,717,599,2,1
598,718,599,2,1
598,724,599,2,1
599,642,624,3,0
600,643,601,1,1
600,653,601,1,1
600,691,601,1,1
600,711,601,1,1
601,642,1,3,3
601,648,1,3,3
601,659,576,0,3
601,662,1,3,3
601,668,1,3,3
601,671,1,3,3
601,676,1,3,3
601,690,1,3,3
601,699,576,0,3
602,642,2,3,3
603,642,3,3,3
603,647,578,0,3
603,673,3,3,3
603,680,3,3,3
604,637,605,2,1
604,642,4,3,3
604,673,4,3,3
604,710,605,2,1
605,637,606,2,1
605,642,5,3,3
605,673,5,3,3
605,710,606,2,1
606,637,607,2,1
606,642,6,3,3
606,673,6,3,3
606,710,607,2,1
607,637,7,3,3
607,642,7,3,3
608,637,8,3,3
608,642,607,1,2
608,673,607,1,2
608,701,8,3,3
608,710,583,0,3
609,637,9,3,3
609,642,608,1,2
609,673,608,1,2
609,710,584,0,3
610,629,611,2,1
610,634,611,2,1
610,637,10,3,3
610,642,609,1,2
610,654,611,2,1
610,673,609,1,2
611,639,612,2,1
611,642,610,1,2
611,673,610,1,2
611,714,612,2,1
612,642,611,1,2
614,642,615,2,1
615,625,590,0,3
615,631,590,0,3
615,641,590,0,3
615,642,616,2,1
615,666,15,3,3
615,669,15,3,3
615,677,15,3,3
615,686,15,3,3
615,704,15,3,3
615,715,15,3,3
615,723,15,3,3
616,637,16,3,3
616,642,617,2,1
616,649,16,3,3
616,651,591,0,3
616,660,591,0,3
616,663,591,0,3
616,673,617,2,1
616,682,16,3,3
616,683,16,3,3
616,705,16,3,3
616,707,591,0,3
616,709,16,3,3
616,720,16,3,3
617,637,17,3,3
617,642,618,2,1
617,673,618,2,1
617,710,616,1,2
618,637,18,3,3
618,642,619,2,1
618,673,619,2,1
618,692,18,3,3
618,701,18,3,3
618,710,593,0,3
619,637,19,3,3
619,642,19,3,3
619,701,19,3,3
620,637,619,1,2
620,642,20,3,3
620,646,621,2,1
620,672,621,2,1
620,673,20,3,3
620,701,619,1,2
620,710,619,1,2
620,716,621,2,1
621,637,620,1,2
621,638,622,2,1
621,642,21,3,3
621,644,622,2,1
621,673,21,3,3
621,694,622,2,1
621,703,622,2,1
621,710,620,1,2
622,637,621,1,2
622,642,22,3,3
622,673,22,3,3
622,710,623,2,1
623,642,23,3,3
623,667,624,2,1
623,673,624,2,1
623,700,624,2,1
623,713,624,2,1
623,717,624,2,1
623,718,624,2,1
623,724,624,2,1
624,642,24,3,3
637,625,185,0,16
637,626,185,0,16
637,627,185,0,16
637,628,185,0,16
637,629,185,0,16
637,630,185,0,16
637,631,185,0,16
637,632,185,0,16
637,633,185,0,16
637,634,185,0,16
637,635,185,0,16
637,636,185,0,16
637,638,185,0,16
637,639,185,0,16
637,640,185,0,16
637,641,185,0,16
637,642,185,0,16
637,643,185,0,16
637,644,185,0,16
637,645,185,0,16
637,646,185,0,16
637,647,185,0,16
637,648,185,0,16
637,649,185,0,16
637,650,185,0,16
637,651,185,0,16
637,652,185,0,16
637,653,185,0,16
637,654,185,0,16
637,655,185,0,16
637,656,185,0,16
637,657,185,0,16
637,658,185,0,16
637,659,185,0,16
637,660,185,0,16
637,661,185,0,16
637,662,185,0,16
637,663,185,0,16
637,664,185,0,16
637,665,185,0,16
637,666,185,0,16
637,667,185,0,16
637,668,185,0,16
637,669,185,0,16
637,670,185,0,16
637,671,185,0,16
637,672,185,0,16
637,673,185,0,16
637,674,185,0,16
637,675,185,0,16
637,676,185,0,16
637,677,185,0,16
637,678,185,0,16
637,679,185,0,16
637,680,185,0,16
637,681,185,0,16
637,682,185,0,16
637,683,185,0,16
637,684,185,0,16
637,685,185,0,16
637,686,185,0,16
637,687,185,0,16
637,688,185,0,16
637,689,185,0,16
637,690,185,0,16
637,691,185,0,16
637,692,185,0,16
637,693,185,0,16
637,694,185,0,16
637,695,185,0,16
637,696,185,0,16
637,697,185,0,16
637,698,185,0,16
637,699,185,0,16
637,700,185,0,16
637,701,185,0,16
637,702,185,0,16
637,703,185,0,16
637,704,185,0,16
637,705,185,0,16
637,706,185,0,16
637,707,185,0,16
637,708,185,0,16
637,709,185,0,16
637,710,185,0,16
637,711,185,0,16
637,712,185,0,16
637,713,185,0,16
637,714,185,0,16
637,715,185,0,16
637,716,185,0,16
637,717,185,0,16
637,718,185,0,16
637,719,185,0,16
637,720,185,0,16
637,721,185,0,16
637,722,185,0,16
637,723,185,0,16
637,724,185,0,16
642,625,76,0,21
642,626,76,0,21
642,627,76,0,21
642,628,76,0,21
642,629,76,0,21
642,630,76,0,21
642,631,76,0,21
642,632,76,0,21
642,633,76,0,21
642,634,76,0,21
642,635,76,0,21
642,636,76,0,21
642,637,76,0,21
642,638,76,0,21
642,639,76,0,21
642,640,76,0,21
642,641,76,0,21
642,643,76,0,21
642,644,76,0,21
642,645,76,0,21
642,646,76,0,21
642,647,76,0,21
642,648,76,0,21
642,649,76,0,21
642,650,76,0,21
642,651,76,0,21
642,652,76,0,21
642,653,76,0,21
642,654,76,0,21
642,655,76,0,21
642,656,76,0,21
642,657,76,0,21
642,658,76,0,21
642,659,76,0,21
642,660,76,0,21
642,661,76,0,21
642,662,76,0,21
642,663,76,0,21
642,664,76,0,21
642,665,76,0,21
642,666,76,0,21
642,667,76,0,21
642,668,76,0,21
642,669,76,0,21
642,670,76,0,21
642,671,76,0,21
642,672,76,0,21
642,673,76,0,21
642,674,76,0,21
642,675,76,0,21
642,676,76,0,21
642,677,76,0,21
642,678,76,0,21
642,679,76,0,21
642,680,76,0,21
642,681,76,0,21
642,682,76,0,21
642,683,76,0,21
642,684,76,0,21
642,685,76,0,21
642,686,76,0,21
642,687,76,0,21
642,688,76,0,21
642,689,76,0,21
642,690,76,0,21
642,691,76,0,21
642,692,76,0,21
642,693,76,0,21
642,694,76,0,21
642,695,76,0,21
642,696,76,0,21
642,697,76,0,21
642,698,76,0,21
642,699,76,0,21
642,700,76,0,21
642,701,76,0,21
642,702,76,0,21
642,703,76,0,21
642,704,76,0,21
642,705,76,0,21
642,706,76,0,21
642,707,76,0,21
642,708,76,0,21
642,709,76,0,21
642,710,76,0,21
642,711,76,0,21
642,712,76,0,21
642,713,76,0,21
642,714,76,0,21
642,715,76,0,21
642,716,76,0,21
642,717,76,0,21
642,718,76,0,21
642,719,76,0,21
642,720,76,0,21
642,721,76,0,21
642,722,76,0,21
642,723,76,0,21
642,724,76,0,21
673,625,253,0,52
673,626,253,0,52
673,627,253,0,52
673,628,253,0,52
673,629,253,0,52
673,630,253,0,52
673,631,253,0,52
673,632,253,0,52
673,633,253,0,52
673,634,253,0,52
673,635,253,0,52
673,636,253,0,52
673,637,253,0,52
673,638,253,0,52
673,639,253,0,52
673,640,253,0,52
673,641,253,0,52
673,642,253,0,52
673,643,253,0,52
673,644,253,0,52
673,645,253,0,52
673,646,253,0,52
673,647,253,0,52
673,648,253,0,52
673,649,253,0,52
673,650,253,0,52
673,651,253,0,52
673,652,253,0,52
673,653,253,0,52
673,654,253,0,52
673,655,253,0,52
673,656,253,0,52
673,657,253,0,52
673,658,253,0,52
673,659,253,0,52
673,660,253,0,52
673,661,253,0,52
673,662,253,0,52
673,663,253,0,52
673,664,253,0,52
673,665,253,0,52
673,666,253,0,52
673,667,253,0,52
673,668,253,0,52
673,669,253,0,52
673,670,253,0,52
673,671,253,0,52
673,672,253,0,52
673,674,253,0,52
673,675,253,0,52
673,676,253,0,52
673,677,253,0,52
673,678,253,0,52
673,679,253,0,52
673,680,253,0,52
673,681,253,0,52
673,682,253,0,52
673,683,253,0,52
673,684,253,0,52
673,685,253,0,52
673,686,253,0,52
673,687,253,0,52
673,688,253,0,52
673,689,253,0,52
673,690,253,0,52
673,691,253,0,52
673,692,253,0,52
673,693,253,0,52
673,694,253,0,52
673,695,253,0,52
673,696,253,0,52
673,697,253,0,52
673,698,253,0,52
673,699,253,0,52
673,700,253,0,52
673,701,253,0,52
673,702,253,0,52
673,703,253,0,52
673,704,253,0,52
673,705,253,0,52
673,706,253,0,52
673,707,253,0,52
673,708,253,0,52
673,709,253,0,52
673,710,253,0,52
673,711,253,0,52
673,712,253,0,52
673,713,253,0,52
673,714,253,0,52
673,715,253,0,52
673,716,253,0,52
673,717,253,0,52
673,718,253,0,52
673,719,253,0,52
673,720,253,0,52
673,721,253,0,52
673,722,253,0,52
673,723,253,0,52
673,724,253,0,52
701,625,8,0,80
701,626,8,0,80
701,627,8,0,80
701,628,8,0,80
701,629,8,0,80
701,630,8,0,80
701,631,8,0,80
701,632,8,0,80
701,633,8,0,80
701,634,8,0,80
701,635,8,0,80
701,636,8,0,80
701,637,8,0,80
701,638,8,0,80
701,639,8,0,80
701,640,8,0,80
701,641,8,0,80
701,642,8,0,80
701,643,8,0,80
701,644,8,0,80
701,645,8,0,80
701,646,8,0,80
701,647,8,0,80
701,648,8,0,80
701,649,8,0,80
701,650,8,0,80
701,651,8,0,80
701,652,8,0,80
701,653,8,0,80
701,654,8,0,80
701,655,8,0,80
701,656,8,0,80
701,657,8,0,80
701,658,8,0,80
701,659,8,0,80
701,660,8,0,80
701,661,8,0,80
701,662,8,0,80
701,663,8,0,80
701,664,8,0,80
701,665,8,0,80
701,666,8,0,80
701,667,8,0,80
701,668,8,0,80
701,669,8,0,80
701,670,8,0,80
701,671,8,0,80
701,672,8,0,80
701,673,8,0,80
701,674,8,0,80
701,675,8,0,80
701,676,8,0,80
701,677,8,0,80
701,678,8,0,80
701,679,8,0,80
701,680,8,0,80
701,681,8,0,80
701,682,8,0,80
701,683,8,0,80
701,684,8,0,80
701,685,8,0,80
701,686,8,0,80
701,687,8,0,80
701,688,8,0,80
701,689,8,0,80
701,690,8,0,80
701,691,8,0,80
701,692,8,0,80
701,693,8,0,80
701,694,8,0,80
701,695,8,0,80
701,696,8,0,80
701,697,8,0,80
701,698,8,0,80
701,699,8,0,80
701,700,8,0,80
701,702,8,0,80
701,703,8,0,80
701,704,8,0,80
701,705,8,0,80
701,706,8,0,80
701,707,8,0,80
701,708,8,0,80
701,709,8,0,80
701,710,8,0,80
701,711,8,0,80
701,712,8,0,80
701,713,8,0,80
701,714,8,0,80
701,715,8,0,80
701,716,8,0,80
701,717,8,0,80
701,718,8,0,80
701,719,8,0,80
701,720,8,0,80
701,721,8,0,80
701,722,8,0,80
701,723,8,0,80
701,724,8,0,80
707,625,360,0,86
707,626,360,0,86
707,627,360,0,86
707,628,360,0,86
707,629,360,0,86
707,630,360,0,86
707,631,360,0,86
707,632,360,0,86
707,633,360,0,86
707,634,360,0,86
707,635,360,0,86
707,636,360,0,86
707,637,360,0,86
707,638,360,0,86
707,639,360,0,86
707,640,360,0,86
707,641,360,0,86
707,642,360,0,86
707,643,360,0,86
707,644,360,0,86
707,645,360,0,86
707,646,360,0,86
707,647,360,0,86
707,648,360,0,86
707,649,360,0,86
707,650,360,0,86
707,651,360,0,86
707,652,360,0,86
707,653,360,0,86
707,654,360,0,86
707,655,360,0,86
707,656,360,0,86
707,657,360,0,86
707,658,360,0,86
707,659,360,0,86
707,660,360,0,86
707,661,360,0,86
707,662,360,0,86
707,663,360,0,86
707,664,360,0,86
707,665,360,0,86
707,666,360,0,86
707,667,360,0,86
707,668,360,0,86
707,669,360,0,86
707,670,360,0,86
707,671,360,0,86
707,672,360,0,86
707,673,360,0,86
707,674,360,0,86
707,675,360,0,86
707,676,360,0,86
707,677,360,0,86
707,678,360,0,86
707,679,360,0,86
707,680,360,0,86
707,681,360,0,86
707,682,360,0,86
707,683,360,0,86
707,684,360,0,86
707,685,360,0,86
707,686,360,0,86
707,687,360,0,86
707,688,360,0,86
707,689,360,0,86
707,690,360,0,86
707,691,360,0,86
707,692,360,0,86
707,693,360,0,86
707,694,360,0,86
707,695,360,0,86
707,696,360,0,86
707,697,360,0,86
707,698,360,0,86
707,699,360,0,86
707,700,360,0,86
707,701,360,0,86
707,702,360,0,86
707,703,360,0,86
707,704,360,0,86
707,705,360,0,86
707,706,360,0,86
707,708,360,0,86
707,709,360,0,86
707,710,360,0,86
707,711,360,0,86
707,712,360,0,86
707,713,360,0,86
707,714,360,0,86
707,715,360,0,86
707,716,360,0,86
707,717,360,0,86
707,718,360,0,86
707,719,360,0,86
707,720,360,0,86
707,721,360,0,86
707,722,360,0,86
707,723,360,0,86
707,724,360,0,86
710,625,409,0,89
710,626,409,0,89
710,627,409,0,89
710,628,409,0,89
710,629,409,0,89
710,630,409,0,89
710,631,409,0,89
710,632,409,0,89
710,633,409,0,89
710,634,409,0,89
710,635,409,0,89
710,636,409,0,89
710,637,409,0,89
710,638,409,0,89
710,639,409,0,89
710,640,409,0,89
710,641,409,0,89
710,642,409,0,89
710,643,409,0,89
710,644,409,0,89
710,645,409,0,89
710,646,409,0,89
710,647,409,0,89
710,648,409,0,89
710,649,409,0,89
710,650,409,0,89
710,651,409,0,89
710,652,409,0,89
710,653,409,0,89
710,654,409,0,89
710,655,409,0,89
710,656,409,0,89
710,657,409,0,89
710,658,409,0,89
710,659,409,0,89
710,660,409,0,89
710,661,409,0,89
710,662,409,0,89
710,663,409,0,89
710,664,409,0,89
710,665,409,0,89
710,666,409,0,89
710,667,409,0,89
710,668,409,0,89
710,669,409,0,89
710,670,409,0,89
710,671,409,0,89
710,672,409,0,89
710,673,409,0,89
710,674,409,0,89
710,675,409,0,89
710,676,409,0,89
710,677,409,0,89
710,678,409,0,89
710,679,409,0,89
710,680,409,0,89
710,681,409,0,89
710,682,409,0,89
710,683,409,0,89
710,684,409,0,89
710,685,409,0,89
710,686,409,0,89
710,687,409,0,89
710,688,409,0,89
710,689,409,0,89
710,690,409,0,89
710,691,409,0,89
710,692,409,0,89
710,693,409,0,89
710,694,409,0,89
710,695,409,0,89
710,696,409,0,89
710,697,409,0,89
710,698,409,0,89
710,699,409,0,89
710,700,409,0,89
710,701,409,0,89
710,702,409,0,89
710,703,409,0,89
710,704,409,0,89
710,705,409,0,89
710,706,409,0,89
710,707,409,0,89
710,708,409,0,89
710,709,409,0,89
710,711,409,0,89
710,712,409,0,89
710,713,409,0,89
710,714,409,0,89
710,715,409,0,89
710,716,409,0,89
710,717,409,0,89
710,718,409,0,89
710,719,409,0,89
710,720,409,0,89
710,721,409,0,89
710,722,409,0,89
710,723,409,0,89
710,724,409,0,89
