0,648,25,1,0
0,659,600,3,2
0,668,25,1,0
0,671,25,1,0
0,676,25,1,0
0,690,25,1,0
1,656,26,2,0
1,688,26,2,0
2,688,27,2,0
2,717,27,2,0
3,632,603,3,3
3,665,603,3,3
3,687,28,2,0
3,688,28,2,0
3,717,28,2,0
4,688,29,2,0
4,717,29,2,0
5,655,6,1,0
5,672,30,2,0
5,688,30,2,0
5,717,30,2,0
5,721,6,1,0
6,688,31,2,0
7,688,6,0,1
7,717,6,0,1
8,688,7,0,1
8,717,7,0,1
9,629,10,1,0
9,634,10,1,0
9,688,8,0,1
9,717,8,0,1
10,639,11,1,0
10,688,9,0,1
10,714,11,1,0
11,630,12,1,0
11,681,12,1,0
13,626,38,2,0
13,628,38,2,0
13,635,613,3,3
13,642,613,3,3
13,645,38,2,0
13,650,613,3,3
13,678,38,2,0
13,695,613,3,3
13,719,613,3,3
14,625,614,3,3
14,631,614,3,3
14,641,614,3,3
14,666,39,2,0
14,669,39,2,0
14,673,39,2,0
14,677,39,2,0
14,686,39,2,0
14,688,15,1,0
14,704,39,2,0
14,715,39,2,0
14,723,39,2,0
15,649,40,2,0
15,651,615,3,3
15,660,615,3,3
15,663,615,3,3
15,674,615,3,3
15,682,40,2,0
15,683,40,2,0
15,688,16,1,0
15,698,40,2,0
15,707,615,3,3
15,717,16,1,0
15,720,40,2,0
16,627,616,3,3
16,636,41,2,0
16,644,41,2,0
16,652,41,2,0
16,657,616,3,3
16,679,616,3,3
16,685,41,2,0
16,688,17,1,0
16,697,41,2,0
16,702,41,2,0
16,717,17,1,0
16,722,41,2,0
17,688,18,1,0
17,717,18,1,0
18,655,17,0,1
18,672,43,2,0
18,688,43,2,0
18,721,17,0,1
19,646,20,1,0
19,655,20,1,0
19,688,44,2,0
19,716,20,1,0
19,717,44,2,0
19,721,20,1,0
20,638,21,1,0
20,688,45,2,0
20,694,21,1,0
20,703,21,1,0
20,717,45,2,0
21,633,22,1,0
21,637,22,1,0
21,640,22,1,0
21,658,22,1,0
21,661,22,1,0
21,688,46,2,0
21,689,22,1,0
21,696,22,1,0
21,710,22,1,0
21,717,46,2,0
22,688,47,2,0
22,717,47,2,0
23,684,24,1,0
23,688,48,2,0
23,693,24,1,0
24,643,0,1,2
24,653,0,1,2
24,691,0,1,2
24,711,0,1,2
25,648,50,2,0
25,659,0,0,1
25,668,50,2,0
25,671,50,2,0
25,676,50,2,0
25,690,50,2,0
26,656,51,3,0
26,688,51,3,0
27,688,52,3,0
27,717,52,3,0
28,632,3,0,2
28,665,3,0,2
28,687,53,3,0
28,688,53,3,0
28,717,53,3,0
29,688,54,3,0
29,717,54,3,0
30,655,31,2,1
30,672,55,3,0
30,688,55,3,0
30,717,55,3,0
30,721,31,2,1
31,688,56,3,0
32,688,31,1,2
32,717,31,1,2
33,688,32,1,2
33,717,32,1,2
34,629,35,2,1
34,634,35,2,1
34,688,33,1,2
34,717,33,1,2
35,639,36,2,1
35,688,34,1,2
35,714,36,2,1
36,630,37,2,1
36,681,37,2,1
38,626,63,3,0
38,628,63,3,0
38,635,13,0,2
38,642,13,0,2
38,645,63,3,0
38,650,13,0,2
38,678,63,3,0
38,695,13,0,2
38,719,13,0,2
39,625,14,0,2
39,631,14,0,2
39,641,14,0,2
39,666,64,3,0
39,667,14,0,2
39,669,64,3,0
39,677,64,3,0
39,686,64,3,0
39,688,40,2,1
39,704,64,3,0
39,715,64,3,0
39,723,64,3,0
40,649,65,3,0
40,651,15,0,2
40,660,15,0,2
40,663,15,0,2
40,674,15,0,2
40,683,65,3,0
40,688,41,2,1
40,698,65,3,0
40,705,15,0,2
40,707,15,0,2
40,717,41,2,1
40,720,65,3,0
41,627,16,0,2
41,636,66,3,0
41,644,66,3,0
41,652,66,3,0
41,657,16,0,2
41,679,16,0,2
41,685,66,3,0
41,688,42,2,1
41,697,66,3,0
41,702,66,3,0
41,708,16,0,2
41,717,42,2,1
41,722,66,3,0
42,688,43,2,1
42,717,43,2,1
43,655,42,1,2
43,672,68,3,0
43,688,68,3,0
43,721,42,1,2
44,646,45,2,1
44,655,45,2,1
44,688,69,3,0
44,716,45,2,1
44,717,69,3,0
44,721,45,2,1
45,638,46,2,1
45,688,70,3,0
45,694,46,2,1
45,703,46,2,1
45,717,70,3,0
46,633,47,2,1
46,637,47,2,1
46,640,47,2,1
46,658,47,2,1
46,661,47,2,1
46,688,71,3,0
46,689,47,2,1
46,696,47,2,1
46,710,47,2,1
46,717,71,3,0
47,688,72,3,0
47,717,72,3,0
48,688,73,3,0
48,693,49,2,1
49,643,25,2,3
49,653,25,2,3
49,691,25,2,3
49,711,25,2,3
50,648,75,2,0
50,659,25,0,2
50,668,75,2,0
50,671,75,2,0
50,676,75,2,0
50,690,75,2,0
51,656,76,3,0
51,688,76,3,0
52,688,77,3,0
52,717,77,3,0
53,632,28,0,3
53,665,28,0,3
53,687,78,3,0
53,688,78,3,0
53,717,78,3,0
54,688,79,3,0
54,717,79,3,0
55,655,56,2,1
55,672,80,3,0
55,688,80,3,0
55,717,80,3,0
55,721,56,2,1
56,655,655,34,0
56,688,81,3,0
56,717,81,3,0
57,688,56,1,2
57,717,56,1,2
58,688,57,1,2
58,717,57,1,2
59,629,60,2,1
59,634,60,2,1
59,688,58,1,2
59,717,58,1,2
60,639,61,2,1
60,688,59,1,2
60,714,61,2,1
61,630,62,2,1
61,681,62,2,1
63,626,88,3,0
63,628,88,3,0
63,635,38,0,3
63,642,38,0,3
63,650,38,0,3
63,678,88,3,0
63,695,38,0,3
63,719,38,0,3
64,625,39,0,3
64,631,39,0,3
64,641,39,0,3
64,667,39,0,3
64,669,89,3,0
64,673,39,0,3
64,677,89,3,0
64,686,89,3,0
64,688,65,2,1
64,704,89,3,0
64,715,89,3,0
64,723,89,3,0
65,649,90,3,0
65,651,40,0,3
65,660,40,0,3
65,663,40,0,3
65,674,40,0,3
65,682,40,0,3
65,683,90,3,0
65,688,66,2,1
65,698,90,3,0
65,705,40,0,3
65,707,40,0,3
65,717,66,2,1
65,720,90,3,0
66,627,41,0,3
66,636,91,3,0
66,644,91,3,0
66,652,91,3,0
66,657,41,0,3
66,679,41,0,3
66,685,91,3,0
66,688,67,2,1
66,697,91,3,0
66,708,41,0,3
66,717,67,2,1
66,722,91,3,0
67,688,68,2,1
67,717,68,2,1
68,655,67,1,2
68,672,93,3,0
68,688,93,3,0
68,717,93,3,0
68,721,67,1,2
69,646,70,2,1
69,655,70,2,1
69,688,94,3,0
69,716,70,2,1
69,717,94,3,0
69,721,70,2,1
70,638,71,2,1
70,688,95,3,0
70,694,71,2,1
70,703,71,2,1
70,717,95,3,0
71,633,72,2,1
71,637,72,2,1
71,640,72,2,1
71,658,72,2,1
71,661,72,2,1
71,688,96,3,0
71,689,72,2,1
71,696,72,2,1
71,710,72,2,1
71,717,96,3,0
72,688,97,3,0
72,717,97,3,0
73,684,74,2,1
73,688,98,3,0
73,693,74,2,1
74,643,50,2,3
74,653,50,2,3
74,691,50,2,3
74,711,50,2,3
75,648,100,2,0
75,659,50,0,2
75,668,100,2,0
75,671,100,2,0
75,676,100,2,0
76,656,101,3,0
76,688,101,3,0
77,688,102,3,0
77,717,102,3,0
78,632,53,0,3
78,665,53,0,3
78,687,103,3,0
78,688,103,3,0
78,717,103,3,0
79,688,104,3,0
79,717,104,3,0
80,655,81,2,1
80,672,105,3,0
80,688,105,3,0
80,717,105,3,0
80,721,81,2,1
81,655,56,0,3
81,688,106,3,0
81,717,106,3,0
82,688,81,1,2
82,717,81,1,2
83,688,82,1,2
83,717,82,1,2
84,629,85,2,1
84,634,85,2,1
84,688,83,1,2
84,717,83,1,2
85,639,86,2,1
85,688,84,1,2
85,714,86,2,1
86,630,87,2,1
86,681,87,2,1
88,628,113,3,0
88,635,63,0,3
88,642,63,0,3
88,645,63,0,3
88,650,63,0,3
88,678,113,3,0
88,695,63,0,3
88,719,63,0,3
89,625,114,3,0
89,631,114,3,0
89,641,64,0,3
89,666,64,0,3
89,667,64,0,3
89,673,64,0,3
89,677,114,3,0
89,686,114,3,0
89,688,90,2,1
89,704,114,3,0
89,723,114,3,0
90,649,115,3,0
90,651,65,0,3
90,660,65,0,3
90,663,115,3,0
90,674,65,0,3
90,682,65,0,3
90,683,115,3,0
90,688,91,2,1
90,698,115,3,0
90,705,65,0,3
90,707,115,3,0
90,717,91,2,1
91,627,66,0,3
91,636,116,3,0
91,644,116,3,0
91,652,116,3,0
91,657,66,0,3
91,679,66,0,3
91,685,116,3,0
91,688,92,2,1
91,697,116,3,0
91,702,66,0,3
91,708,66,0,3
91,717,92,2,1
91,722,116,3,0
92,688,93,2,1
92,717,93,2,1
93,655,92,1,2
93,672,118,3,0
93,688,118,3,0
93,717,118,3,0
93,721,92,1,2
94,655,95,2,1
94,688,119,3,0
94,716,95,2,1
94,717,119,3,0
94,721,95,2,1
95,638,96,2,1
95,688,120,3,0
95,694,96,2,1
95,703,96,2,1
95,717,120,3,0
96,633,97,2,1
96,637,97,2,1
96,640,97,2,1
96,658,97,2,1
96,661,97,2,1
96,688,121,3,0
96,689,97,2,1
96,696,97,2,1
96,710,97,2,1
96,717,121,3,0
97,688,122,3,0
97,717,122,3,0
98,684,99,2,1
98,688,123,3,0
98,693,99,2,1
99,643,75,2,3
99,653,75,2,3
99,691,75,2,3
100,659,125,2,0
100,668,125,2,0
100,671,125,2,0
100,676,125,2,0
100,690,75,0,2
101,688,126,3,0
102,688,127,3,0
102,717,127,3,0
103,632,78,0,3
103,665,78,0,3
103,687,128,3,0
103,688,128,3,0
103,717,128,3,0
104,688,129,3,0
104,717,129,3,0
105,655,106,2,1
105,672,130,3,0
105,688,130,3,0
105,717,130,3,0
105,721,106,2,1
106,655,81,0,3
106,717,131,3,0
106,721,721,100,0
107,688,106,1,2
107,717,106,1,2
108,688,107,1,2
108,717,107,1,2
109,629,110,2,1
109,634,110,2,1
109,688,108,1,2
109,717,108,1,2
110,639,111,2,1
110,688,109,1,2
110,714,111,2,1
111,630,112,2,1
111,681,112,2,1
113,626,88,0,3
113,635,88,0,3
113,642,88,0,3
113,645,88,0,3
113,650,138,3,0
113,678,138,3,0
113,695,88,0,3
113,719,88,0,3
114,625,139,3,0
114,631,139,3,0
114,641,89,0,3
114,666,89,0,3
114,667,89,0,3
114,669,89,0,3
114,673,89,0,3
114,686,139,3,0
114,688,115,2,1
114,704,139,3,0
114,715,89,0,3
114,723,139,3,0
115,649,140,3,0
115,651,90,0,3
115,660,90,0,3
115,663,140,3,0
115,674,90,0,3
115,682,90,0,3
115,683,140,3,0
115,688,116,2,1
115,698,140,3,0
115,705,90,0,3
115,707,140,3,0
115,717,116,2,1
115,720,90,0,3
116,627,91,0,3
116,636,141,3,0
116,644,141,3,0
116,652,141,3,0
116,657,91,0,3
116,679,91,0,3
116,685,141,3,0
116,688,117,2,1
116,697,141,3,0
116,702,91,0,3
116,708,91,0,3
116,717,117,2,1
117,688,118,2,1
117,717,118,2,1
118,655,117,1,2
118,672,143,3,0
118,717,143,3,0
118,721,117,1,2
119,646,120,2,1
119,688,144,3,0
119,716,120,2,1
119,717,144,3,0
119,721,120,2,1
120,638,121,2,1
120,688,145,3,0
120,694,121,2,1
120,703,121,2,1
120,717,145,3,0
121,633,122,2,1
121,637,122,2,1
121,640,122,2,1
121,658,122,2,1
121,661,122,2,1
121,688,146,3,0
121,689,122,2,1
121,696,122,2,1
121,710,122,2,1
121,717,146,3,0
122,688,147,3,0
122,717,147,3,0
123,684,124,2,1
123,688,148,3,0
123,693,124,2,1
124,643,100,2,3
124,653,100,2,3
124,691,100,2,3
124,711,100,2,3
125,648,100,0,2
125,659,150,2,0
125,668,150,2,0
125,671,150,2,0
125,676,150,2,0
125,690,100,0,2
126,656,101,0,3
127,688,126,1,2
127,717,152,3,0
128,632,103,0,3
128,665,103,0,3
128,687,153,3,0
128,688,127,1,2
128,717,153,3,0
129,688,128,1,2
129,717,154,3,0
130,655,131,2,1
130,672,155,3,0
130,688,129,1,2
130,717,155,3,0
130,721,131,2,1
131,688,130,1,2
131,717,156,3,0
131,721,106,0,3
132,688,131,1,2
132,717,131,1,2
133,688,132,1,2
133,717,132,1,2
134,629,135,2,1
134,634,135,2,1
134,688,133,1,2
134,717,133,1,2
135,639,136,2,1
135,688,134,1,2
136,630,137,2,1
136,681,137,2,1
138,626,113,0,3
138,628,113,0,3
138,635,113,0,3
138,642,163,3,0
138,645,113,0,3
138,650,163,3,0
138,695,113,0,3
138,719,113,0,3
139,625,164,3,0
139,631,164,3,0
139,641,164,3,0
139,666,114,0,3
139,667,114,0,3
139,669,114,0,3
139,673,114,0,3
139,677,114,0,3
139,686,164,3,0
139,688,140,2,1
139,715,114,0,3
140,649,165,3,0
140,651,115,0,3
140,660,165,3,0
140,663,165,3,0
140,674,115,0,3
140,682,115,0,3
140,683,165,3,0
140,688,141,2,1
140,698,165,3,0
140,705,115,0,3
140,707,165,3,0
140,717,141,2,1
140,720,115,0,3
141,627,116,0,3
141,644,166,3,0
141,652,166,3,0
141,657,116,0,3
141,679,116,0,3
141,685,166,3,0
141,688,142,2,1
141,697,166,3,0
141,702,116,0,3
141,708,116,0,3
141,717,142,2,1
141,722,116,0,3
142,688,143,2,1
142,717,143,2,1
143,655,142,1,2
143,672,168,3,0
143,688,144,2,1
143,717,168,3,0
143,721,142,1,2
144,646,145,2,1
144,655,145,2,1
144,688,145,2,1
144,716,145,2,1
144,717,169,3,0
144,721,145,2,1
145,638,146,2,1
145,688,146,2,1
145,694,146,2,1
145,717,170,3,0
146,633,147,2,1
146,637,147,2,1
146,640,147,2,1
146,658,147,2,1
146,661,147,2,1
146,688,147,2,1
146,689,147,2,1
146,696,147,2,1
146,710,147,2,1
146,717,171,3,0
147,688,148,2,1
147,717,172,3,0
148,684,149,2,1
148,688,688,67,0
148,693,149,2,1
149,643,125,2,3
149,653,125,2,3
149,691,125,2,3
149,711,125,2,3
150,648,125,0,2
150,659,175,2,0
150,671,175,2,0
150,676,175,2,0
150,690,125,0,2
151,656,126,0,3
151,688,126,0,3
152,688,127,0,3
152,717,177,3,0
153,632,128,0,3
153,665,128,0,3
153,687,178,3,0
153,688,128,0,3
153,717,178,3,0
154,688,129,0,3
154,717,179,3,0
155,655,156,2,1
155,672,180,3,0
155,688,130,0,3
155,717,180,3,0
155,721,156,2,1
156,688,131,0,3
156,717,181,3,0
156,721,131,0,3
157,688,156,1,2
157,717,156,1,2
158,688,157,1,2
158,717,157,1,2
159,629,160,2,1
159,634,160,2,1
159,688,158,1,2
159,717,158,1,2
160,639,161,2,1
160,688,159,1,2
160,714,161,2,1
161,630,162,2,1
161,681,162,2,1
163,626,138,0,3
163,628,138,0,3
163,635,138,0,3
163,642,188,3,0
163,645,138,0,3
163,650,188,3,0
163,678,138,0,3
163,695,138,0,3
163,719,138,0,3
164,625,189,3,0
164,631,189,3,0
164,641,189,3,0
164,666,139,0,3
164,667,139,0,3
164,669,139,0,3
164,673,139,0,3
164,677,139,0,3
164,686,189,3,0
164,688,165,2,1
164,704,139,0,3
164,715,139,0,3
164,723,139,0,3
165,651,140,0,3
165,660,190,3,0
165,663,190,3,0
165,674,140,0,3
165,682,140,0,3
165,688,166,2,1
165,698,190,3,0
165,705,140,0,3
165,707,190,3,0
165,717,166,2,1
165,720,140,0,3
166,627,191,3,0
166,636,141,0,3
166,644,191,3,0
166,657,191,3,0
166,679,141,0,3
166,685,191,3,0
166,688,167,2,1
166,697,191,3,0
166,702,141,0,3
166,708,141,0,3
166,717,167,2,1
166,722,141,0,3
167,688,168,2,1
167,717,168,2,1
168,655,167,1,2
168,672,193,3,0
168,688,143,0,3
168,717,193,3,0
168,721,167,1,2
169,646,170,2,1
169,655,170,2,1
169,688,144,0,3
169,716,170,2,1
169,717,194,3,0
170,638,171,2,1
170,688,145,0,3
170,694,171,2,1
170,703,171,2,1
170,717,195,3,0
171,633,172,2,1
171,637,172,2,1
171,640,172,2,1
171,658,172,2,1
171,661,172,2,1
171,688,146,0,3
171,696,172,2,1
171,710,172,2,1
171,717,196,3,0
172,688,147,0,3
172,717,197,3,0
173,684,174,2,1
173,688,148,0,3
173,693,174,2,1
174,643,150,2,3
174,653,150,2,3
174,691,150,2,3
174,711,150,2,3
175,648,150,0,2
175,659,200,2,0
175,668,150,0,2
175,671,200,2,0
175,676,200,2,0
175,690,150,0,2
176,656,151,0,3
176,688,151,0,3
177,688,152,0,3
177,717,202,3,0
178,632,153,0,3
178,665,153,0,3
178,688,153,0,3
178,717,203,3,0
179,688,154,0,3
179,717,204,3,0
180,655,181,2,1
180,672,205,3,0
180,688,155,0,3
180,717,205,3,0
180,721,181,2,1
181,672,206,3,0
181,688,156,0,3
181,717,206,3,0
182,688,181,1,2
182,717,181,1,2
183,688,182,1,2
183,717,182,1,2
184,629,185,2,1
184,634,185,2,1
184,688,183,1,2
184,717,183,1,2
185,639,186,2,1
185,688,184,1,2
185,714,186,2,1
186,630,187,2,1
186,681,187,2,1
188,626,163,0,3
188,628,163,0,3
188,635,163,0,3
188,642,213,3,0
188,645,163,0,3
188,650,213,3,0
188,678,163,0,3
188,695,163,0,3
188,719,163,0,3
189,625,214,3,0
189,631,214,3,0
189,641,214,3,0
189,666,164,0,3
189,667,164,0,3
189,669,164,0,3
189,673,164,0,3
189,677,164,0,3
189,686,214,3,0
189,688,190,2,1
189,704,164,0,3
189,715,164,0,3
189,723,164,0,3
190,649,165,0,3
190,651,165,0,3
190,660,215,3,0
190,663,215,3,0
190,674,165,0,3
190,682,165,0,3
190,683,165,0,3
190,688,191,2,1
190,705,165,0,3
190,707,215,3,0
190,717,191,2,1
190,720,165,0,3
191,627,216,3,0
191,636,166,0,3
191,644,216,3,0
191,652,166,0,3
191,657,216,3,0
191,679,216,3,0
191,685,216,3,0
191,688,192,2,1
191,702,166,0,3
191,708,166,0,3
191,717,192,2,1
191,722,166,0,3
192,688,193,2,1
192,717,193,2,1
193,655,192,1,2
193,672,218,3,0
193,688,168,0,3
193,717,218,3,0
193,721,192,1,2
194,646,195,2,1
194,655,195,2,1
194,688,169,0,3
194,716,195,2,1
194,717,219,3,0
194,721,195,2,1
195,638,196,2,1
195,688,170,0,3
195,703,196,2,1
195,717,220,3,0
196,633,197,2,1
196,637,197,2,1
196,640,197,2,1
196,658,197,2,1
196,661,197,2,1
196,688,171,0,3
196,689,197,2,1
196,696,197,2,1
196,710,197,2,1
196,717,221,3,0
197,688,172,0,3
197,717,222,3,0
198,684,199,2,1
198,688,173,0,3
198,693,199,2,1
199,643,175,2,3
199,691,175,2,3
199,711,175,2,3
200,648,175,0,2
200,659,225,2,0
200,668,175,0,2
200,671,225,2,0
200,676,225,2,0
200,690,175,0,2
201,656,176,0,3
201,688,176,0,3
202,688,177,0,3
202,717,227,3,0
203,632,178,0,3
203,665,178,0,3
203,687,178,0,3
203,688,178,0,3
203,717,228,3,0
204,688,179,0,3
204,717,229,3,0
205,655,206,2,1
205,672,672,51,0
205,688,180,0,3
205,717,230,3,0
205,721,206,2,1
206,644,207,2,1
206,672,205,1,2
206,688,181,0,3
206,717,231,3,0
207,644,208,2,1
207,688,206,1,2
207,717,206,1,2
208,644,644,23,0
208,688,207,1,2
208,717,207,1,2
209,629,210,2,1
209,634,210,2,1
209,688,208,1,2
209,717,208,1,2
210,639,211,2,1
210,688,209,1,2
210,714,211,2,1
211,630,212,2,1
211,681,212,2,1
213,626,188,0,3
213,628,188,0,3
213,635,188,0,3
213,642,238,3,0
213,645,188,0,3
213,650,238,3,0
213,678,188,0,3
213,695,188,0,3
213,719,188,0,3
214,625,239,3,0
214,631,239,3,0
214,641,239,3,0
214,666,189,0,3
214,667,189,0,3
214,669,189,0,3
214,673,189,0,3
214,677,189,0,3
214,686,239,3,0
214,688,215,2,1
214,704,189,0,3
214,715,189,0,3
214,723,189,0,3
215,649,190,0,3
215,651,190,0,3
215,660,240,3,0
215,663,240,3,0
215,674,190,0,3
215,682,190,0,3
215,683,190,0,3
215,688,216,2,1
215,698,190,0,3
215,705,190,0,3
215,707,240,3,0
215,717,216,2,1
215,720,190,0,3
216,627,241,3,0
216,636,191,0,3
216,652,191,0,3
216,657,241,3,0
216,679,241,3,0
216,688,217,2,1
216,697,191,0,3
216,702,191,0,3
216,708,191,0,3
216,717,217,2,1
216,722,191,0,3
217,644,216,1,2
217,688,218,2,1
217,717,218,2,1
218,644,217,1,2
218,655,217,1,2
218,672,219,2,1
218,688,193,0,3
218,717,243,3,0
218,721,217,1,2
219,646,220,2,1
219,655,220,2,1
219,688,194,0,3
219,716,220,2,1
219,717,244,3,0
219,721,220,2,1
220,638,221,2,1
220,688,195,0,3
220,694,221,2,1
220,703,221,2,1
220,717,245,3,0
221,633,222,2,1
221,637,222,2,1
221,658,222,2,1
221,688,196,0,3
221,689,222,2,1
221,696,222,2,1
221,710,222,2,1
221,717,246,3,0
222,688,197,0,3
222,717,247,3,0
223,684,224,2,1
223,688,198,0,3
223,693,224,2,1
224,653,200,2,3
224,711,200,2,3
225,648,200,0,2
225,659,250,2,0
225,668,200,0,2
225,671,250,2,0
225,676,250,2,0
225,690,200,0,2
226,656,201,0,3
226,688,201,0,3
227,688,202,0,3
227,717,252,3,0
228,632,253,3,0
228,665,203,0,3
228,687,203,0,3
228,688,203,0,3
228,717,253,3,0
229,688,204,0,3
229,717,254,3,0
230,655,231,2,1
230,672,205,0,3
230,688,205,0,3
230,717,255,3,0
230,721,231,2,1
231,644,206,0,3
231,688,206,0,3
231,717,256,3,0
232,644,207,0,3
232,688,231,1,2
232,717,231,1,2
233,644,208,0,3
233,688,232,1,2
233,717,232,1,2
234,629,235,2,1
234,634,235,2,1
234,688,233,1,2
234,717,233,1,2
235,639,236,2,1
235,688,234,1,2
235,714,236,2,1
236,630,237,2,1
236,681,237,2,1
238,626,213,0,3
238,628,213,0,3
238,635,213,0,3
238,642,263,3,0
238,645,213,0,3
238,650,263,3,0
238,678,213,0,3
238,695,213,0,3
238,719,213,0,3
239,625,264,3,0
239,631,264,3,0
239,641,264,3,0
239,666,214,0,3
239,667,214,0,3
239,669,214,0,3
239,673,214,0,3
239,677,214,0,3
239,686,264,3,0
239,688,240,2,1
239,704,214,0,3
239,715,214,0,3
239,723,214,0,3
240,649,215,0,3
240,651,215,0,3
240,660,265,3,0
240,663,265,3,0
240,674,215,0,3
240,682,215,0,3
240,683,215,0,3
240,688,241,2,1
240,698,215,0,3
240,705,215,0,3
240,707,265,3,0
240,717,241,2,1
240,720,215,0,3
241,627,266,3,0
241,636,216,0,3
241,644,216,0,3
241,652,216,0,3
241,657,266,3,0
241,679,266,3,0
241,685,216,0,3
241,688,242,2,1
241,697,216,0,3
241,702,216,0,3
241,708,216,0,3
241,717,242,2,1
241,722,216,0,3
242,644,217,0,3
242,688,243,2,1
242,717,243,2,1
243,644,218,0,3
243,655,242,1,2
243,672,218,0,3
243,688,218,0,3
243,717,268,3,0
243,721,242,1,2
244,646,245,2,1
244,655,245,2,1
244,688,219,0,3
244,717,269,3,0
244,721,245,2,1
245,638,246,2,1
245,688,220,0,3
245,694,246,2,1
245,703,246,2,1
245,717,270,3,0
246,633,247,2,1
246,637,247,2,1
246,640,247,2,1
246,658,247,2,1
246,661,247,2,1
246,688,221,0,3
246,689,247,2,1
246,696,247,2,1
246,710,247,2,1
246,717,271,3,0
247,688,222,0,3
247,717,272,3,0
248,684,249,2,1
248,688,223,0,3
248,693,249,2,1
249,643,225,2,3
249,653,225,2,3
249,691,225,2,3
249,711,225,2,3
250,648,225,0,2
250,659,275,2,0
250,668,225,0,2
250,676,275,2,0
250,690,225,0,2
251,656,226,0,3
251,688,226,0,3
252,688,227,0,3
252,717,717,96,0
253,632,278,3,0
253,665,228,0,3
253,687,228,0,3
253,688,228,0,3
253,717,252,1,2
254,688,229,0,3
254,717,253,1,2
255,655,256,2,1
255,672,230,0,3
255,688,230,0,3
255,717,254,1,2
255,721,256,2,1
256,688,231,0,3
256,717,255,1,2
257,688,256,1,2
257,717,256,1,2
258,688,257,1,2
258,717,257,1,2
259,629,260,2,1
259,634,260,2,1
259,688,258,1,2
259,717,258,1,2
260,639,261,2,1
260,688,259,1,2
260,714,261,2,1
261,630,262,2,1
261,681,262,2,1
263,626,238,0,3
263,628,238,0,3
263,635,288,3,0
263,642,288,3,0
263,645,238,0,3
263,650,288,3,0
263,678,238,0,3
263,695,238,0,3
263,719,238,0,3
264,625,289,3,0
264,631,289,3,0
264,641,289,3,0
264,666,239,0,3
264,667,239,0,3
264,669,239,0,3
264,673,239,0,3
264,677,239,0,3
264,686,289,3,0
264,688,265,2,1
264,704,239,0,3
264,715,239,0,3
264,723,239,0,3
265,649,240,0,3
265,651,290,3,0
265,660,290,3,0
265,663,290,3,0
265,674,240,0,3
265,682,240,0,3
265,683,240,0,3
265,688,266,2,1
265,698,240,0,3
265,705,240,0,3
265,707,290,3,0
265,717,266,2,1
265,720,240,0,3
266,627,291,3,0
266,636,241,0,3
266,644,241,0,3
266,652,241,0,3
266,657,291,3,0
266,679,291,3,0
266,685,241,0,3
266,688,267,2,1
266,697,241,0,3
266,702,241,0,3
266,708,241,0,3
266,717,267,2,1
266,722,241,0,3
267,688,268,2,1
267,717,268,2,1
268,655,267,1,2
268,672,243,0,3
268,688,243,0,3
268,717,269,2,1
268,721,267,1,2
269,646,270,2,1
269,655,270,2,1
269,688,244,0,3
269,716,270,2,1
269,717,270,2,1
269,721,270,2,1
270,638,271,2,1
270,688,245,0,3
270,694,271,2,1
270,703,271,2,1
270,717,271,2,1
271,633,272,2,1
271,637,272,2,1
271,640,272,2,1
271,658,272,2,1
271,661,272,2,1
271,688,246,0,3
271,689,272,2,1
271,696,272,2,1
271,710,272,2,1
271,717,272,2,1
272,688,247,0,3
273,684,274,2,1
273,688,248,0,3
273,693,274,2,1
274,643,250,2,3
274,653,250,2,3
274,691,250,2,3
274,711,250,2,3
275,648,250,0,2
275,659,300,2,0
275,668,250,0,2
275,671,250,0,2
275,690,250,0,2
276,656,251,0,3
276,688,251,0,3
277,688,252,0,3
277,717,252,0,3
278,632,303,3,0
278,665,303,3,0
278,687,253,0,3
278,688,253,0,3
278,717,253,0,3
279,688,254,0,3
279,717,254,0,3
280,655,281,2,1
280,672,255,0,3
280,688,255,0,3
280,717,255,0,3
280,721,281,2,1
281,688,256,0,3
282,688,281,1,2
282,717,281,1,2
283,688,282,1,2
283,717,282,1,2
284,629,285,2,1
284,634,285,2,1
284,688,283,1,2
284,717,283,1,2
285,639,286,2,1
285,688,284,1,2
285,714,286,2,1
286,630,287,2,1
286,681,287,2,1
288,626,263,0,3
288,628,263,0,3
288,635,313,3,0
288,642,313,3,0
288,645,263,0,3
288,650,313,3,0
288,678,263,0,3
288,695,313,3,0
288,719,263,0,3
289,625,314,3,0
289,631,314,3,0
289,641,314,3,0
289,666,264,0,3
289,667,264,0,3
289,669,264,0,3
289,673,264,0,3
289,677,264,0,3
289,688,290,2,1
289,704,264,0,3
289,715,264,0,3
289,723,264,0,3
290,649,265,0,3
290,651,315,3,0
290,660,315,3,0
290,663,315,3,0
290,674,265,0,3
290,682,265,0,3
290,683,265,0,3
290,688,291,2,1
290,698,265,0,3
290,705,265,0,3
290,707,315,3,0
290,717,291,2,1
290,720,265,0,3
291,627,316,3,0
291,636,266,0,3
291,644,266,0,3
291,652,266,0,3
291,657,316,3,0
291,679,316,3,0
291,685,266,0,3
291,688,292,2,1
291,697,266,0,3
291,702,266,0,3
291,708,266,0,3
291,717,292,2,1
291,722,266,0,3
292,688,293,2,1
292,717,293,2,1
293,655,292,1,2
293,672,268,0,3
293,688,268,0,3
293,721,292,1,2
294,646,295,2,1
294,655,295,2,1
294,688,269,0,3
294,716,295,2,1
294,717,269,0,3
294,721,295,2,1
295,638,296,2,1
295,688,270,0,3
295,694,296,2,1
295,703,296,2,1
295,717,270,0,3
296,633,297,2,1
296,637,297,2,1
296,640,297,2,1
296,658,297,2,1
296,661,297,2,1
296,688,271,0,3
296,689,297,2,1
296,696,297,2,1
296,710,297,2,1
296,717,271,0,3
297,688,272,0,3
297,717,272,0,3
298,684,299,2,1
298,688,273,0,3
298,693,299,2,1
299,643,275,2,3
299,653,275,2,3
299,691,275,2,3
299,711,275,2,3
300,648,275,0,2
300,659,325,2,0
300,668,275,0,2
300,671,275,0,2
300,676,275,0,2
300,690,275,0,2
301,656,276,0,3
301,688,276,0,3
302,688,277,0,3
302,717,277,0,3
303,632,328,3,0
303,665,328,3,0
303,687,278,0,3
303,688,278,0,3
303,717,278,0,3
304,688,279,0,3
304,717,279,0,3
305,655,306,2,1
305,672,280,0,3
305,688,280,0,3
305,717,280,0,3
305,721,306,2,1
306,688,281,0,3
307,688,306,1,2
307,717,306,1,2
308,688,307,1,2
308,717,307,1,2
309,629,310,2,1
309,634,310,2,1
309,688,308,1,2
309,717,308,1,2
310,639,311,2,1
310,688,309,1,2
310,714,311,2,1
311,630,312,2,1
311,681,312,2,1
313,626,288,0,3
313,628,288,0,3
313,635,338,3,0
313,642,338,3,0
313,645,288,0,3
313,650,338,3,0
313,678,288,0,3
313,695,338,3,0
313,719,338,3,0
314,625,339,3,0
314,631,339,3,0
314,641,339,3,0
314,666,289,0,3
314,667,289,0,3
314,669,289,0,3
314,673,289,0,3
314,677,289,0,3
314,686,289,0,3
314,688,315,2,1
314,704,289,0,3
314,715,289,0,3
314,723,289,0,3
315,649,290,0,3
315,651,340,3,0
315,660,340,3,0
315,663,340,3,0
315,674,340,3,0
315,682,290,0,3
315,683,290,0,3
315,688,316,2,1
315,698,290,0,3
315,705,290,0,3
315,707,340,3,0
315,717,316,2,1
315,720,290,0,3
316,627,341,3,0
316,636,291,0,3
316,644,291,0,3
316,652,291,0,3
316,657,341,3,0
316,679,341,3,0
316,685,291,0,3
316,688,317,2,1
316,697,291,0,3
316,702,291,0,3
316,708,291,0,3
316,717,317,2,1
316,722,291,0,3
317,688,318,2,1
317,717,318,2,1
318,655,317,1,2
318,672,293,0,3
318,688,293,0,3
318,721,317,1,2
319,646,320,2,1
319,655,320,2,1
319,688,294,0,3
319,716,320,2,1
319,717,294,0,3
319,721,320,2,1
320,638,321,2,1
320,688,295,0,3
320,694,321,2,1
320,703,321,2,1
320,717,295,0,3
321,633,322,2,1
321,637,322,2,1
321,640,322,2,1
321,658,322,2,1
321,661,322,2,1
321,688,296,0,3
321,689,322,2,1
321,696,322,2,1
321,710,322,2,1
321,717,296,0,3
322,688,297,0,3
322,717,297,0,3
323,684,324,2,1
323,688,298,0,3
323,693,324,2,1
324,643,300,2,3
324,653,300,2,3
324,691,300,2,3
324,711,300,2,3
325,648,300,0,2
325,659,350,2,0
325,668,300,0,2
325,671,300,0,2
325,676,300,0,2
325,690,300,0,2
326,656,301,0,3
326,688,301,0,3
327,688,302,0,3
327,717,302,0,3
328,632,353,3,0
328,665,353,3,0
328,687,303,0,3
328,688,303,0,3
328,717,303,0,3
329,688,304,0,3
329,717,304,0,3
330,655,331,2,1
330,672,305,0,3
330,688,305,0,3
330,717,305,0,3
330,721,331,2,1
331,688,306,0,3
332,688,331,1,2
332,717,331,1,2
333,688,332,1,2
333,717,332,1,2
334,629,335,2,1
334,634,335,2,1
334,688,333,1,2
334,717,333,1,2
335,639,336,2,1
335,688,334,1,2
335,714,336,2,1
336,630,337,2,1
336,681,337,2,1
338,626,313,0,3
338,628,313,0,3
338,635,363,3,0
338,642,363,3,0
338,645,313,0,3
338,650,363,3,0
338,678,313,0,3
338,695,363,3,0
338,719,363,3,0
339,625,364,3,0
339,631,364,3,0
339,641,364,3,0
339,666,314,0,3
339,667,364,3,0
339,669,314,0,3
339,673,314,0,3
339,677,314,0,3
339,686,314,0,3
339,688,340,2,1
339,704,314,0,3
339,715,314,0,3
339,723,314,0,3
340,649,315,0,3
340,651,365,3,0
340,660,365,3,0
340,663,365,3,0
340,674,365,3,0
340,682,315,0,3
340,683,315,0,3
340,688,341,2,1
340,698,315,0,3
340,705,365,3,0
340,707,365,3,0
340,717,341,2,1
340,720,315,0,3
341,627,366,3,0
341,636,316,0,3
341,644,316,0,3
341,652,316,0,3
341,657,366,3,0
341,679,366,3,0
341,685,316,0,3
341,688,342,2,1
341,697,316,0,3
341,702,316,0,3
341,708,366,3,0
341,717,342,2,1
341,722,316,0,3
342,688,343,2,1
342,717,343,2,1
343,655,342,1,2
343,672,318,0,3
343,688,318,0,3
343,721,342,1,2
344,646,345,2,1
344,655,345,2,1
344,688,319,0,3
344,716,345,2,1
344,717,319,0,3
344,721,345,2,1
345,638,346,2,1
345,688,320,0,3
345,694,346,2,1
345,703,346,2,1
345,717,320,0,3
346,633,347,2,1
346,637,347,2,1
346,640,347,2,1
346,658,347,2,1
346,661,347,2,1
346,688,321,0,3
346,689,347,2,1
346,696,347,2,1
346,710,347,2,1
346,717,321,0,3
347,688,322,0,3
347,717,322,0,3
348,684,349,2,1
348,688,323,0,3
349,643,325,2,3
349,653,325,2,3
349,691,325,2,3
349,711,325,2,3
350,648,325,0,2
350,659,375,2,0
350,668,325,0,2
350,671,325,0,2
350,676,325,0,2
350,690,325,0,2
351,656,326,0,3
351,688,326,0,3
352,688,327,0,3
352,717,327,0,3
353,632,378,3,0
353,665,378,3,0
353,687,328,0,3
353,688,328,0,3
353,717,328,0,3
354,688,329,0,3
354,717,329,0,3
355,655,356,2,1
355,672,330,0,3
355,688,330,0,3
355,717,330,0,3
355,721,356,2,1
356,688,331,0,3
357,688,356,1,2
357,717,356,1,2
358,688,357,1,2
358,717,357,1,2
359,634,360,2,1
359,688,358,1,2
359,717,358,1,2
360,639,361,2,1
360,688,359,1,2
360,714,361,2,1
361,630,362,2,1
361,681,362,2,1
363,626,338,0,3
363,628,338,0,3
363,635,388,3,0
363,642,388,3,0
363,645,338,0,3
363,650,388,3,0
363,678,338,0,3
363,695,388,3,0
363,719,388,3,0
364,625,389,3,0
364,631,389,3,0
364,641,389,3,0
364,666,339,0,3
364,667,389,3,0
364,669,339,0,3
364,673,389,3,0
364,677,339,0,3
364,686,339,0,3
364,688,365,2,1
364,704,339,0,3
364,715,339,0,3
364,723,339,0,3
365,649,340,0,3
365,651,390,3,0
365,660,390,3,0
365,663,390,3,0
365,674,390,3,0
365,682,390,3,0
365,683,340,0,3
365,688,366,2,1
365,698,340,0,3
365,705,390,3,0
365,707,390,3,0
365,717,366,2,1
365,720,340,0,3
366,627,391,3,0
366,636,341,0,3
366,644,341,0,3
366,652,341,0,3
366,657,391,3,0
366,679,391,3,0
366,685,341,0,3
366,688,367,2,1
366,697,341,0,3
366,702,341,0,3
366,708,391,3,0
366,717,367,2,1
366,722,341,0,3
367,688,368,2,1
367,717,368,2,1
368,655,367,1,2
368,672,343,0,3
368,688,343,0,3
368,721,367,1,2
369,646,370,2,1
369,655,370,2,1
369,688,344,0,3
369,716,370,2,1
369,717,344,0,3
369,721,370,2,1
370,638,371,2,1
370,688,345,0,3
370,694,371,2,1
370,703,371,2,1
370,717,345,0,3
371,637,372,2,1
371,640,372,2,1
371,658,372,2,1
371,661,372,2,1
371,688,346,0,3
371,689,372,2,1
371,696,372,2,1
371,710,372,2,1
371,717,346,0,3
372,688,347,0,3
372,717,347,0,3
373,684,374,2,1
373,688,348,0,3
373,693,374,2,1
374,643,350,2,3
374,653,350,2,3
374,691,350,2,3
374,711,350,2,3
375,648,350,0,2
375,659,400,2,0
375,668,350,0,2
375,671,350,0,2
375,676,350,0,2
375,690,350,0,2
376,656,351,0,3
376,688,351,0,3
377,688,352,0,3
377,717,352,0,3
378,632,403,3,0
378,665,403,3,0
378,687,353,0,3
378,688,353,0,3
378,717,353,0,3
379,688,354,0,3
379,717,354,0,3
380,655,381,2,1
380,672,355,0,3
380,688,355,0,3
380,717,355,0,3
380,721,381,2,1
381,655,406,3,0
381,688,356,0,3
381,717,356,0,3
382,688,381,1,2
382,717,381,1,2
383,688,382,1,2
383,717,382,1,2
384,629,385,2,1
384,634,385,2,1
384,688,383,1,2
384,717,383,1,2
385,639,386,2,1
385,688,384,1,2
385,714,386,2,1
386,630,387,2,1
386,681,387,2,1
388,626,363,0,3
388,628,363,0,3
388,635,413,3,0
388,642,413,3,0
388,645,413,3,0
388,650,413,3,0
388,678,363,0,3
388,695,413,3,0
388,719,413,3,0
389,641,414,3,0
389,666,414,3,0
389,667,414,3,0
389,669,364,0,3
389,673,414,3,0
389,677,364,0,3
389,686,364,0,3
389,688,390,2,1
389,704,364,0,3
389,715,364,0,3
389,723,364,0,3
390,649,365,0,3
390,651,415,3,0
390,660,415,3,0
390,674,415,3,0
390,682,415,3,0
390,683,365,0,3
390,688,391,2,1
390,698,365,0,3
390,705,415,3,0
390,717,391,2,1
390,720,365,0,3
391,627,416,3,0
391,636,366,0,3
391,644,366,0,3
391,652,366,0,3
391,657,416,3,0
391,679,416,3,0
391,685,366,0,3
391,688,392,2,1
391,697,366,0,3
391,702,416,3,0
391,708,416,3,0
391,717,392,2,1
391,722,366,0,3
392,688,393,2,1
392,717,393,2,1
393,655,392,1,2
393,672,368,0,3
393,688,368,0,3
393,717,368,0,3
393,721,392,1,2
394,646,395,2,1
394,655,395,2,1
394,688,369,0,3
394,716,395,2,1
394,717,369,0,3
394,721,395,2,1
395,638,396,2,1
395,688,370,0,3
395,694,396,2,1
395,703,396,2,1
395,717,370,0,3
396,633,397,2,1
396,640,397,2,1
396,658,397,2,1
396,661,397,2,1
396,688,371,0,3
396,689,397,2,1
396,696,397,2,1
396,710,397,2,1
396,717,371,0,3
397,688,372,0,3
397,717,372,0,3
398,684,399,2,1
398,688,373,0,3
398,693,399,2,1
399,643,375,2,3
399,653,375,2,3
399,691,375,2,3
399,711,375,2,3
400,648,375,0,2
400,668,375,0,2
400,671,375,0,2
400,676,375,0,2
400,690,425,2,0
401,656,376,0,3
401,688,376,0,3
402,688,377,0,3
402,717,377,0,3
403,632,428,3,0
403,665,428,3,0
403,687,378,0,3
403,688,378,0,3
403,717,378,0,3
404,688,379,0,3
404,717,379,0,3
405,655,406,2,1
405,672,380,0,3
405,688,380,0,3
405,717,380,0,3
405,721,406,2,1
406,655,431,3,0
406,688,381,0,3
406,717,381,0,3
407,688,406,1,2
407,717,406,1,2
408,688,407,1,2
408,717,407,1,2
409,629,410,2,1
409,634,410,2,1
409,688,408,1,2
409,717,408,1,2
410,688,409,1,2
410,714,411,2,1
411,630,412,2,1
411,681,412,2,1
413,626,438,3,0
413,628,388,0,3
413,635,438,3,0
413,642,438,3,0
413,645,438,3,0
413,678,388,0,3
413,695,438,3,0
413,719,438,3,0
414,625,389,0,3
414,631,389,0,3
414,641,439,3,0
414,666,439,3,0
414,667,439,3,0
414,669,439,3,0
414,673,439,3,0
414,677,389,0,3
414,686,389,0,3
414,688,415,2,1
414,704,389,0,3
414,715,439,3,0
414,723,389,0,3
415,649,390,0,3
415,651,440,3,0
415,660,440,3,0
415,663,390,0,3
415,674,440,3,0
415,682,440,3,0
415,683,390,0,3
415,688,416,2,1
415,698,390,0,3
415,705,440,3,0
415,707,390,0,3
415,717,416,2,1
415,720,440,3,0
416,627,441,3,0
416,636,391,0,3
416,644,391,0,3
416,652,391,0,3
416,657,441,3,0
416,679,441,3,0
416,685,391,0,3
416,688,417,2,1
416,697,391,0,3
416,702,441,3,0
416,708,441,3,0
416,717,417,2,1
416,722,391,0,3
417,688,418,2,1
417,717,418,2,1
418,655,417,1,2
418,672,393,0,3
418,688,393,0,3
418,717,393,0,3
418,721,417,1,2
419,646,420,2,1
419,655,420,2,1
419,688,394,0,3
419,716,420,2,1
419,717,394,0,3
419,721,420,2,1
420,638,421,2,1
420,688,395,0,3
420,694,421,2,1
420,703,421,2,1
420,717,395,0,3
421,633,422,2,1
421,637,422,2,1
421,640,422,2,1
421,658,422,2,1
421,661,422,2,1
421,688,396,0,3
421,689,422,2,1
421,696,422,2,1
421,710,422,2,1
421,717,396,0,3
422,688,397,0,3
422,717,397,0,3
423,684,424,2,1
423,688,398,0,3
423,693,424,2,1
424,643,400,2,3
424,653,400,2,3
424,691,400,2,3
424,711,400,2,3
425,648,450,2,0
425,659,400,0,2
425,668,400,0,2
425,671,400,0,2
425,676,400,0,2
425,690,450,2,0
426,656,451,3,0
426,688,401,0,3
427,688,402,0,3
427,717,402,0,3
428,632,453,3,0
428,665,453,3,0
428,687,403,0,3
428,688,403,0,3
428,717,403,0,3
429,688,404,0,3
429,717,404,0,3
430,655,431,2,1
430,672,405,0,3
430,688,405,0,3
430,717,405,0,3
430,721,431,2,1
431,717,406,0,3
431,721,456,3,0
432,688,431,1,2
432,717,431,1,2
433,688,432,1,2
433,717,432,1,2
434,629,435,2,1
434,634,435,2,1
434,688,433,1,2
434,717,433,1,2
435,639,436,2,1
435,688,434,1,2
435,714,436,2,1
436,630,437,2,1
436,681,437,2,1
438,626,463,3,0
438,628,463,3,0
438,635,463,3,0
438,645,463,3,0
438,650,413,0,3
438,678,413,0,3
438,695,463,3,0
438,719,463,3,0
439,625,414,0,3
439,631,414,0,3
439,666,464,3,0
439,667,464,3,0
439,669,464,3,0
439,673,464,3,0
439,677,464,3,0
439,686,414,0,3
439,688,440,2,1
439,704,414,0,3
439,715,464,3,0
439,723,414,0,3
440,649,415,0,3
440,651,465,3,0
440,663,415,0,3
440,674,465,3,0
440,682,465,3,0
440,683,415,0,3
440,688,441,2,1
440,698,415,0,3
440,705,465,3,0
440,707,415,0,3
440,717,441,2,1
440,720,465,3,0
441,627,466,3,0
441,636,416,0,3
441,644,416,0,3
441,652,416,0,3
441,657,466,3,0
441,679,466,3,0
441,685,416,0,3
441,688,442,2,1
441,697,416,0,3
441,702,466,3,0
441,708,466,3,0
441,717,442,2,1
441,722,466,3,0
442,688,443,2,1
442,717,443,2,1
443,655,442,1,2
443,672,418,0,3
443,717,418,0,3
443,721,442,1,2
444,646,445,2,1
444,655,445,2,1
444,688,419,0,3
444,716,445,2,1
444,717,419,0,3
444,721,445,2,1
445,638,446,2,1
445,688,420,0,3
445,694,446,2,1
445,703,446,2,1
445,717,420,0,3
446,633,447,2,1
446,637,447,2,1
446,640,447,2,1
446,658,447,2,1
446,661,447,2,1
446,688,421,0,3
446,689,447,2,1
446,696,447,2,1
446,710,447,2,1
446,717,421,0,3
447,688,422,0,3
447,717,422,0,3
448,684,449,2,1
448,688,423,0,3
448,693,449,2,1
449,643,425,2,3
449,653,425,2,3
449,691,425,2,3
449,711,425,2,3
450,648,475,2,0
450,659,425,0,2
450,668,425,0,2
450,671,425,0,2
450,676,425,0,2
450,690,475,2,0
451,656,476,3,0
451,688,476,3,0
452,688,477,3,0
452,717,427,0,3
453,632,478,3,0
453,665,478,3,0
453,687,428,0,3
453,688,478,3,0
453,717,428,0,3
454,688,479,3,0
454,717,429,0,3
455,655,456,2,1
455,672,430,0,3
455,688,480,3,0
455,717,430,0,3
455,721,456,2,1
456,688,481,3,0
456,717,431,0,3
456,721,481,3,0
457,688,456,1,2
457,717,456,1,2
458,688,457,1,2
458,717,457,1,2
459,629,460,2,1
459,634,460,2,1
459,688,458,1,2
459,717,458,1,2
460,639,461,2,1
460,688,459,1,2
460,714,461,2,1
461,630,462,2,1
461,681,462,2,1
463,626,488,3,0
463,628,488,3,0
463,635,488,3,0
463,642,438,0,3
463,645,488,3,0
463,650,438,0,3
463,678,488,3,0
463,695,488,3,0
463,719,488,3,0
464,625,439,0,3
464,631,439,0,3
464,641,439,0,3
464,666,489,3,0
464,667,489,3,0
464,669,489,3,0
464,673,489,3,0
464,677,489,3,0
464,686,439,0,3
464,688,465,2,1
464,704,489,3,0
464,715,489,3,0
464,723,489,3,0
465,649,440,0,3
465,651,490,3,0
465,660,440,0,3
465,663,440,0,3
465,674,490,3,0
465,682,490,3,0
465,683,440,0,3
465,688,466,2,1
465,698,440,0,3
465,705,490,3,0
465,707,440,0,3
465,717,466,2,1
465,720,490,3,0
466,636,491,3,0
466,644,441,0,3
466,652,441,0,3
466,679,491,3,0
466,685,441,0,3
466,688,467,2,1
466,697,441,0,3
466,702,491,3,0
466,708,491,3,0
466,717,467,2,1
466,722,491,3,0
467,688,468,2,1
467,717,468,2,1
468,655,467,1,2
468,672,443,0,3
468,688,493,3,0
468,717,443,0,3
468,721,467,1,2
469,646,470,2,1
469,655,470,2,1
469,688,494,3,0
469,716,470,2,1
469,717,444,0,3
469,721,470,2,1
470,638,471,2,1
470,688,495,3,0
470,694,471,2,1
470,703,471,2,1
470,717,445,0,3
471,633,472,2,1
471,637,472,2,1
471,640,472,2,1
471,658,472,2,1
471,661,472,2,1
471,688,496,3,0
471,689,472,2,1
471,696,472,2,1
471,710,472,2,1
471,717,446,0,3
472,688,497,3,0
472,717,447,0,3
473,684,474,2,1
473,688,498,3,0
473,693,474,2,1
474,643,450,2,3
474,653,450,2,3
474,691,450,2,3
474,711,450,2,3
475,648,500,2,0
475,659,450,0,2
475,668,500,2,0
475,671,450,0,2
475,676,450,0,2
475,690,500,2,0
476,656,501,3,0
476,688,501,3,0
477,688,502,3,0
477,717,452,0,3
478,632,503,3,0
478,665,503,3,0
478,687,453,0,3
478,688,503,3,0
478,717,453,0,3
479,688,504,3,0
479,717,454,0,3
480,655,481,2,1
480,672,455,0,3
480,688,505,3,0
480,717,455,0,3
480,721,481,2,1
481,688,506,3,0
481,717,456,0,3
482,688,481,1,2
482,717,481,1,2
483,688,482,1,2
483,717,482,1,2
484,629,485,2,1
484,634,485,2,1
484,688,483,1,2
484,717,483,1,2
485,639,486,2,1
485,688,484,1,2
485,714,486,2,1
486,630,487,2,1
486,681,487,2,1
488,626,513,3,0
488,628,513,3,0
488,635,513,3,0
488,642,463,0,3
488,645,513,3,0
488,650,463,0,3
488,678,513,3,0
488,695,513,3,0
488,719,513,3,0
489,625,464,0,3
489,631,464,0,3
489,641,464,0,3
489,666,514,3,0
489,667,514,3,0
489,669,514,3,0
489,673,514,3,0
489,677,514,3,0
489,686,464,0,3
489,688,490,2,1
489,704,514,3,0
489,715,514,3,0
489,723,514,3,0
490,649,515,3,0
490,651,515,3,0
490,660,465,0,3
490,663,465,0,3
490,674,515,3,0
490,682,515,3,0
490,683,515,3,0
490,688,491,2,1
490,698,465,0,3
490,705,515,3,0
490,707,465,0,3
490,717,491,2,1
490,720,515,3,0
491,627,466,0,3
491,636,516,3,0
491,644,466,0,3
491,652,516,3,0
491,657,466,0,3
491,685,466,0,3
491,688,492,2,1
491,697,466,0,3
491,702,516,3,0
491,708,516,3,0
491,717,492,2,1
491,722,516,3,0
492,688,493,2,1
492,717,493,2,1
493,655,492,1,2
493,672,468,0,3
493,688,518,3,0
493,717,468,0,3
493,721,492,1,2
494,646,495,2,1
494,655,495,2,1
494,688,519,3,0
494,716,495,2,1
494,717,469,0,3
494,721,495,2,1
495,638,496,2,1
495,688,520,3,0
495,694,496,2,1
495,703,496,2,1
495,717,470,0,3
496,633,497,2,1
496,637,497,2,1
496,640,497,2,1
496,658,497,2,1
496,661,497,2,1
496,688,521,3,0
496,689,497,2,1
496,696,497,2,1
496,710,497,2,1
496,717,471,0,3
497,688,522,3,0
497,717,472,0,3
498,684,499,2,1
498,688,523,3,0
498,693,499,2,1
499,643,475,2,3
499,653,475,2,3
499,691,475,2,3
499,711,475,2,3
500,648,525,2,0
500,659,475,0,2
500,668,525,2,0
500,671,475,0,2
500,676,475,0,2
500,690,525,2,0
501,656,526,3,0
501,688,526,3,0
502,688,527,3,0
502,717,477,0,3
503,632,528,3,0
503,665,528,3,0
503,687,528,3,0
503,688,528,3,0
503,717,478,0,3
504,688,529,3,0
504,717,479,0,3
505,655,506,2,1
505,672,480,0,3
505,688,530,3,0
505,717,480,0,3
505,721,506,2,1
506,672,481,0,3
506,688,531,3,0
506,717,481,0,3
507,688,506,1,2
507,717,506,1,2
508,688,507,1,2
508,717,507,1,2
509,629,510,2,1
509,688,508,1,2
509,717,508,1,2
510,639,511,2,1
510,688,509,1,2
510,714,511,2,1
511,630,512,2,1
511,681,512,2,1
513,626,538,3,0
513,628,538,3,0
513,635,538,3,0
513,642,488,0,3
513,645,538,3,0
513,650,488,0,3
513,678,538,3,0
513,695,538,3,0
513,719,538,3,0
514,625,489,0,3
514,631,489,0,3
514,641,489,0,3
514,666,539,3,0
514,667,539,3,0
514,669,539,3,0
514,673,539,3,0
514,677,539,3,0
514,686,489,0,3
514,688,515,2,1
514,704,539,3,0
514,715,539,3,0
514,723,539,3,0
515,649,540,3,0
515,651,540,3,0
515,660,490,0,3
515,663,490,0,3
515,674,540,3,0
515,682,540,3,0
515,683,540,3,0
515,688,516,2,1
515,698,540,3,0
515,705,540,3,0
515,707,490,0,3
515,717,516,2,1
515,720,540,3,0
516,627,491,0,3
516,636,541,3,0
516,644,491,0,3
516,652,541,3,0
516,657,491,0,3
516,679,491,0,3
516,685,491,0,3
516,688,517,2,1
516,697,541,3,0
516,702,541,3,0
516,708,541,3,0
516,717,517,2,1
516,722,541,3,0
517,688,518,2,1
517,717,518,2,1
518,655,517,1,2
518,672,493,0,3
518,688,543,3,0
518,717,493,0,3
518,721,517,1,2
519,646,520,2,1
519,655,520,2,1
519,688,544,3,0
519,716,520,2,1
519,717,494,0,3
519,721,520,2,1
520,638,521,2,1
520,688,545,3,0
520,694,521,2,1
520,703,521,2,1
520,717,495,0,3
521,633,522,2,1
521,637,522,2,1
521,640,522,2,1
521,658,522,2,1
521,661,522,2,1
521,688,546,3,0
521,689,522,2,1
521,696,522,2,1
521,710,522,2,1
521,717,496,0,3
522,688,547,3,0
522,717,497,0,3
523,684,524,2,1
523,688,548,3,0
523,693,524,2,1
524,643,500,2,3
524,653,500,2,3
524,691,500,2,3
524,711,500,2,3
525,648,550,2,0
525,659,500,0,2
525,668,550,2,0
525,671,500,0,2
525,676,500,0,2
525,690,550,2,0
526,656,551,3,0
526,688,551,3,0
527,688,552,3,0
527,717,502,0,3
528,665,553,3,0
528,687,553,3,0
528,688,553,3,0
528,717,503,0,3
529,688,554,3,0
529,717,504,0,3
530,655,531,2,1
530,672,555,3,0
530,688,555,3,0
530,717,505,0,3
530,721,531,2,1
531,644,556,3,0
531,688,556,3,0
531,717,506,0,3
532,644,557,3,0
532,688,531,1,2
532,717,531,1,2
533,644,558,3,0
533,688,532,1,2
533,717,532,1,2
534,629,535,2,1
534,634,535,2,1
534,688,533,1,2
534,717,533,1,2
535,639,536,2,1
535,688,534,1,2
535,714,536,2,1
536,681,537,2,1
538,626,563,3,0
538,628,563,3,0
538,635,563,3,0
538,642,513,0,3
538,645,563,3,0
538,650,513,0,3
538,678,563,3,0
538,695,563,3,0
538,719,563,3,0
539,625,514,0,3
539,631,514,0,3
539,641,514,0,3
539,666,564,3,0
539,667,564,3,0
539,669,564,3,0
539,673,564,3,0
539,677,564,3,0
539,686,514,0,3
539,688,540,2,1
539,704,564,3,0
539,715,564,3,0
539,723,564,3,0
540,649,565,3,0
540,651,565,3,0
540,660,515,0,3
540,663,515,0,3
540,674,565,3,0
540,682,565,3,0
540,683,565,3,0
540,688,541,2,1
540,698,565,3,0
540,705,565,3,0
540,707,515,0,3
540,717,541,2,1
540,720,565,3,0
541,627,516,0,3
541,636,566,3,0
541,644,566,3,0
541,652,566,3,0
541,657,516,0,3
541,679,516,0,3
541,685,566,3,0
541,688,542,2,1
541,697,566,3,0
541,702,566,3,0
541,708,566,3,0
541,717,542,2,1
541,722,566,3,0
542,644,567,3,0
542,688,543,2,1
542,717,543,2,1
543,644,568,3,0
543,655,542,1,2
543,672,568,3,0
543,688,568,3,0
543,717,518,0,3
543,721,542,1,2
544,646,545,2,1
544,655,545,2,1
544,688,569,3,0
544,716,545,2,1
544,717,519,0,3
544,721,545,2,1
545,688,570,3,0
545,694,546,2,1
545,703,546,2,1
545,717,520,0,3
546,633,547,2,1
546,637,547,2,1
546,640,547,2,1
546,658,547,2,1
546,661,547,2,1
546,688,571,3,0
546,689,547,2,1
546,696,547,2,1
546,710,547,2,1
546,717,521,0,3
547,688,572,3,0
547,717,522,0,3
548,684,549,2,1
548,688,573,3,0
548,693,549,2,1
549,643,525,2,3
549,653,525,2,3
549,691,525,2,3
549,711,525,2,3
550,648,575,2,0
550,659,525,0,2
550,668,575,2,0
550,671,525,0,2
550,676,525,0,2
550,690,575,2,0
551,656,576,3,0
551,688,576,3,0
552,688,577,3,0
552,717,527,0,3
553,632,528,0,3
553,665,578,3,0
553,687,578,3,0
553,688,578,3,0
553,717,528,0,3
554,688,579,3,0
554,717,529,0,3
555,655,556,2,1
555,672,580,3,0
555,688,580,3,0
555,717,530,0,3
555,721,556,2,1
556,688,581,3,0
556,717,531,0,3
557,688,556,1,2
557,717,556,1,2
558,688,557,1,2
558,717,557,1,2
559,629,560,2,1
559,634,560,2,1
559,688,558,1,2
559,717,558,1,2
560,639,561,2,1
560,688,559,1,2
560,714,561,2,1
561,630,562,2,1
563,626,588,3,0
563,628,588,3,0
563,642,538,0,3
563,645,588,3,0
563,650,538,0,3
563,678,588,3,0
563,695,588,3,0
563,719,588,3,0
564,625,539,0,3
564,631,539,0,3
564,641,539,0,3
564,666,589,3,0
564,667,589,3,0
564,669,589,3,0
564,673,589,3,0
564,677,589,3,0
564,686,539,0,3
564,688,565,2,1
564,704,589,3,0
564,715,589,3,0
564,723,589,3,0
565,649,590,3,0
565,660,540,0,3
565,663,540,0,3
565,674,590,3,0
565,682,590,3,0
565,683,590,3,0
565,688,566,2,1
565,698,590,3,0
565,705,590,3,0
565,707,540,0,3
565,717,566,2,1
565,720,590,3,0
566,627,541,0,3
566,636,591,3,0
566,644,591,3,0
566,652,591,3,0
566,657,541,0,3
566,679,541,0,3
566,685,591,3,0
566,688,567,2,1
566,697,591,3,0
566,702,591,3,0
566,708,591,3,0
566,717,567,2,1
566,722,591,3,0
567,688,568,2,1
567,717,568,2,1
568,655,567,1,2
568,672,593,3,0
568,688,593,3,0
568,717,543,0,3
568,721,567,1,2
569,646,570,2,1
569,655,570,2,1
569,688,594,3,0
569,716,570,2,1
569,717,544,0,3
569,721,570,2,1
570,638,571,2,1
570,688,595,3,0
570,694,571,2,1
570,703,571,2,1
570,717,545,0,3
571,633,572,2,1
571,637,572,2,1
571,640,572,2,1
571,661,572,2,1
571,688,596,3,0
571,689,572,2,1
571,696,572,2,1
571,710,572,2,1
571,717,546,0,3
572,688,597,3,0
572,717,547,0,3
573,684,574,2,1
573,688,598,3,0
573,693,574,2,1
574,643,550,2,3
574,653,550,2,3
574,691,550,2,3
574,711,550,2,3
575,648,600,2,0
575,659,550,0,2
575,668,600,2,0
575,671,600,2,0
575,676,550,0,2
575,690,600,2,0
576,656,601,3,0
576,688,601,3,0
577,688,602,3,0
577,717,602,3,0
578,632,553,0,3
578,687,603,3,0
578,688,603,3,0
578,717,603,3,0
579,688,604,3,0
579,717,604,3,0
580,655,581,2,1
580,672,605,3,0
580,688,605,3,0
580,717,605,3,0
580,721,581,2,1
581,688,606,3,0
582,688,581,1,2
582,717,581,1,2
583,688,582,1,2
583,717,582,1,2
584,629,585,2,1
584,634,585,2,1
584,688,583,1,2
584,717,583,1,2
585,639,586,2,1
585,688,584,1,2
585,714,586,2,1
586,630,587,2,1
586,681,587,2,1
588,626,613,3,0
588,628,613,3,0
588,635,563,0,3
588,642,563,0,3
588,645,613,3,0
588,650,563,0,3
588,678,613,3,0
588,719,613,3,0
589,625,564,0,3
589,631,564,0,3
589,641,564,0,3
589,666,614,3,0
589,667,614,3,0
589,669,614,3,0
589,673,614,3,0
589,677,614,3,0
589,686,564,0,3
589,688,590,2,1
589,704,614,3,0
589,715,614,3,0
589,723,614,3,0
590,649,615,3,0
590,651,565,0,3
590,660,565,0,3
590,663,565,0,3
590,674,615,3,0
590,682,615,3,0
590,683,615,3,0
590,688,591,2,1
590,698,615,3,0
590,705,615,3,0
590,707,565,0,3
590,717,591,2,1
590,720,615,3,0
591,627,566,0,3
591,636,616,3,0
591,644,616,3,0
591,652,616,3,0
591,657,566,0,3
591,679,566,0,3
591,685,616,3,0
591,688,592,2,1
591,697,616,3,0
591,702,616,3,0
591,708,616,3,0
591,717,592,2,1
591,722,616,3,0
592,688,593,2,1
592,717,593,2,1
593,655,592,1,2
593,672,618,3,0
593,688,618,3,0
593,721,592,1,2
594,646,595,2,1
594,655,595,2,1
594,688,619,3,0
594,716,595,2,1
594,717,619,3,0
594,721,595,2,1
595,638,596,2,1
595,688,620,3,0
595,694,596,2,1
595,703,596,2,1
595,717,620,3,0
596,633,597,2,1
596,637,597,2,1
596,640,597,2,1
596,658,597,2,1
596,661,597,2,1
596,688,621,3,0
596,689,597,2,1
596,696,597,2,1
596,717,621,3,0
597,688,622,3,0
597,717,622,3,0
598,684,599,2,1
598,688,623,3,0
598,693,599,2,1
599,643,575,2,3
599,653,575,2,3
599,691,575,2,3
599,711,575,2,3
600,648,0,2,3
600,659,575,0,2
600,668,0,2,3
600,671,0,2,3
600,676,0,2,3
600,690,0,2,3
601,656,1,3,3
601,688,1,3,3
602,688,2,3,3
602,717,2,3,3
603,632,578,0,3
603,665,578,0,3
603,687,3,3,3
603,688,3,3,3
603,717,3,3,3
604,688,4,3,3
604,717,4,3,3
605,655,606,2,1
605,672,5,3,3
605,688,5,3,3
605,717,5,3,3
605,721,606,2,1
606,688,6,3,3
607,688,606,1,2
607,717,606,1,2
608,688,607,1,2
608,717,607,1,2
609,629,610,2,1
609,634,610,2,1
609,688,608,1,2
609,717,608,1,2
610,639,611,2,1
610,688,609,1,2
610,714,611,2,1
611,630,612,2,1
611,681,612,2,1
613,626,13,3,3
613,628,13,3,3
613,635,588,0,3
613,642,588,0,3
613,645,13,3,3
613,650,588,0,3
613,678,13,3,3
613,695,588,0,3
614,625,589,0,3
614,631,589,0,3
614,641,589,0,3
614,666,14,3,3
614,667,14,3,3
614,669,14,3,3
614,673,14,3,3
614,677,14,3,3
614,686,14,3,3
614,688,615,2,1
614,704,14,3,3
614,715,14,3,3
614,723,14,3,3
615,649,15,3,3
615,651,590,0,3
615,660,590,0,3
615,663,590,0,3
615,682,15,3,3
615,683,15,3,3
615,688,616,2,1
615,698,15,3,3
615,705,15,3,3
615,707,590,0,3
615,717,616,2,1
615,720,15,3,3
616,627,591,0,3
616,636,16,3,3
616,644,16,3,3
616,652,16,3,3
616,657,591,0,3
616,679,591,0,3
616,685,16,3,3
616,688,617,2,1
616,697,16,3,3
616,702,16,3,3
616,708,16,3,3
616,717,617,2,1
616,722,16,3,3
617,688,618,2,1
617,717,618,2,1
618,655,617,1,2
618,672,18,3,3
618,688,18,3,3
618,721,617,1,2
619,646,620,2,1
619,655,620,2,1
619,688,19,3,3
619,716,620,2,1
619,717,19,3,3
619,721,620,2,1
620,638,621,2,1
620,688,20,3,3
620,694,621,2,1
620,703,621,2,1
620,717,20,3,3
621,633,622,2,1
621,637,622,2,1
621,640,622,2,1
621,658,622,2,1
621,661,622,2,1
621,688,21,3,3
621,689,622,2,1
621,710,622,2,1
621,717,21,3,3
622,688,22,3,3
622,717,22,3,3
623,684,624,2,1
623,688,23,3,3
623,693,624,2,1
624,643,600,2,3
624,653,600,2,3
624,691,600,2,3
624,711,600,2,3
644,625,208,0,23
644,626,208,0,23
644,627,208,0,23
644,628,208,0,23
644,629,208,0,23
644,630,208,0,23
644,631,208,0,23
644,632,208,0,23
644,633,208,0,23
644,634,208,0,23
644,635,208,0,23
644,636,208,0,23
644,637,208,0,23
644,638,208,0,23
644,639,208,0,23
644,640,208,0,23
644,641,208,0,23
644,642,208,0,23
644,643,208,0,23
644,645,208,0,23
644,646,208,0,23
644,647,208,0,23
644,648,208,0,23
644,649,208,0,23
644,650,208,0,23
644,651,208,0,23
644,652,208,0,23
644,653,208,0,23
644,654,208,0,23
644,655,208,0,23
644,656,208,0,23
644,657,208,0,23
644,658,208,0,23
644,659,208,0,23
644,660,208,0,23
644,661,208,0,23
644,662,208,0,23
644,663,208,0,23
644,664,208,0,23
644,665,208,0,23
644,666,208,0,23
644,667,208,0,23
644,668,208,0,23
644,669,208,0,23
644,670,208,0,23
644,671,208,0,23
644,672,208,0,23
644,673,208,0,23
644,674,208,0,23
644,675,208,0,23
644,676,208,0,23
644,677,208,0,23
644,678,208,0,23
644,679,208,0,23
644,680,208,0,23
644,681,208,0,23
644,682,208,0,23
644,683,208,0,23
644,684,208,0,23
644,685,208,0,23
644,686,208,0,23
644,687,208,0,23
644,688,208,0,23
644,689,208,0,23
644,690,208,0,23
644,691,208,0,23
644,692,208,0,23
644,693,208,0,23
644,694,208,0,23
644,695,208,0,23
644,696,208,0,23
644,697,208,0,23
644,698,208,0,23
644,699,208,0,23
644,700,208,0,23
644,701,208,0,23
644,702,208,0,23
644,703,208,0,23
644,704,208,0,23
644,705,208,0,23
644,706,208,0,23
644,707,208,0,23
644,708,208,0,23
644,709,208,0,23
644,710,208,0,23
644,711,208,0,23
644,712,208,0,23
644,713,208,0,23
644,714,208,0,23
644,715,208,0,23
644,716,208,0,23
644,717,208,0,23
644,718,208,0,23
644,719,208,0,23
644,720,208,0,23
644,721,208,0,23
644,722,208,0,23
644,723,208,0,23
644,724,208,0,23
655,625,56,0,34
655,626,56,0,34
655,627,56,0,34
655,628,56,0,34
655,629,56,0,34
655,630,56,0,34
655,631,56,0,34
655,632,56,0,34
655,633,56,0,34
655,634,56,0,34
655,635,56,0,34
655,636,56,0,34
655,637,56,0,34
655,638,56,0,34
655,639,56,0,34
655,640,56,0,34
655,641,56,0,34
655,642,56,0,34
655,643,56,0,34
655,644,56,0,34
655,645,56,0,34
655,646,56,0,34
655,647,56,0,34
655,648,56,0,34
655,649,56,0,34
655,650,56,0,34
655,651,56,0,34
655,652,56,0,34
655,653,56,0,34
655,654,56,0,34
655,656,56,0,34
655,657,56,0,34
655,658,56,0,34
655,659,56,0,34
655,660,56,0,34
655,661,56,0,34
655,662,56,0,34
655,663,56,0,34
655,664,56,0,34
655,665,56,0,34
655,666,56,0,34
655,667,56,0,34
655,668,56,0,34
655,669,56,0,34
655,670,56,0,34
655,671,56,0,34
655,672,56,0,34
655,673,56,0,34
655,674,56,0,34
655,675,56,0,34
655,676,56,0,34
655,677,56,0,34
655,678,56,0,34
655,679,56,0,34
655,680,56,0,34
655,681,56,0,34
655,682,56,0,34
655,683,56,0,34
655,684,56,0,34
655,685,56,0,34
655,686,56,0,34
655,687,56,0,34
655,688,56,0,34
655,689,56,0,34
655,690,56,0,34
655,691,56,0,34
655,692,56,0,34
655,693,56,0,34
655,694,56,0,34
655,695,56,0,34
655,696,56,0,34
655,697,56,0,34
655,698,56,0,34
655,699,56,0,34
655,700,56,0,34
655,701,56,0,34
655,702,56,0,34
655,703,56,0,34
655,704,56,0,34
655,705,56,0,34
655,706,56,0,34
655,707,56,0,34
655,708,56,0,34
655,709,56,0,34
655,710,56,0,34
655,711,56,0,34
655,712,56,0,34
655,713,56,0,34
655,714,56,0,34
655,715,56,0,34
655,716,56,0,34
655,717,56,0,34
655,718,56,0,34
655,719,56,0,34
655,720,56,0,34
655,721,56,0,34
655,722,56,0,34
655,723,56,0,34
655,724,56,0,34
672,625,205,0,51
672,626,205,0,51
672,627,205,0,51
672,628,205,0,51
672,629,205,0,51
672,630,205,0,51
672,631,205,0,51
672,632,205,0,51
672,633,205,0,51
672,634,205,0,51
672,635,205,0,51
672,636,205,0,51
672,637,205,0,51
672,638,205,0,51
672,639,205,0,51
672,640,205,0,51
672,641,205,0,51
672,642,205,0,51
672,643,205,0,51
672,644,205,0,51
672,645,205,0,51
672,646,205,0,51
672,647,205,0,51
672,648,205,0,51
672,649,205,0,51
672,650,205,0,51
672,651,205,0,51
672,652,205,0,51
672,653,205,0,51
672,654,205,0,51
672,655,205,0,51
672,656,205,0,51
672,657,205,0,51
672,658,205,0,51
672,659,205,0,51
672,660,205,0,51
672,661,205,0,51
672,662,205,0,51
672,663,205,0,51
672,664,205,0,51
672,665,205,0,51
672,666,205,0,51
672,667,205,0,51
672,668,205,0,51
672,669,205,0,51
672,670,205,0,51
672,671,205,0,51
672,673,205,0,51
672,674,205,0,51
672,675,205,0,51
672,676,205,0,51
672,677,205,0,51
672,678,205,0,51
672,679,205,0,51
672,680,205,0,51
672,681,205,0,51
672,682,205,0,51
672,683,205,0,51
672,684,205,0,51
672,685,205,0,51
672,686,205,0,51
672,687,205,0,51
672,688,205,0,51
672,689,205,0,51
672,690,205,0,51
672,691,205,0,51
672,692,205,0,51
672,693,205,0,51
672,694,205,0,51
672,695,205,0,51
672,696,205,0,51
672,697,205,0,51
672,698,205,0,51
672,699,205,0,51
672,700,205,0,51
672,701,205,0,51
672,702,205,0,51
672,703,205,0,51
672,704,205,0,51
672,705,205,0,51
672,706,205,0,51
672,707,205,0,51
672,708,205,0,51
672,709,205,0,51
672,710,205,0,51
672,711,205,0,51
672,712,205,0,51
672,713,205,0,51
672,714,205,0,51
672,715,205,0,51
672,716,205,0,51
672,717,205,0,51
672,718,205,0,51
672,719,205,0,51
672,720,205,0,51
672,721,205,0,51
672,722,205,0,51
672,723,205,0,51
672,724,205,0,51
688,625,148,0,67
688,626,148,0,67
688,627,148,0,67
688,628,148,0,67
688,629,148,0,67
688,630,148,0,67
688,631,148,0,67
688,632,148,0,67
688,633,148,0,67
688,634,148,0,67
688,635,148,0,67
688,636,148,0,67
688,637,148,0,67
688,638,148,0,67
688,639,148,0,67
688,640,148,0,67
688,641,148,0,67
688,642,148,0,67
688,643,148,0,67
688,644,148,0,67
688,645,148,0,67
688,646,148,0,67
688,647,148,0,67
688,648,148,0,67
688,649,148,0,67
688,650,148,0,67
688,651,148,0,67
688,652,148,0,67
688,653,148,0,67
688,654,148,0,67
688,655,148,0,67
688,656,148,0,67
688,657,148,0,67
688,658,148,0,67
688,659,148,0,67
688,660,148,0,67
688,661,148,0,67
688,662,148,0,67
688,663,148,0,67
688,664,148,0,67
688,665,148,0,67
688,666,148,0,67
688,667,148,0,67
688,668,148,0,67
688,669,148,0,67
688,670,148,0,67
688,671,148,0,67
688,672,148,0,67
688,673,148,0,67
688,674,148,0,67
688,675,148,0,67
688,676,148,0,67
688,677,148,0,67
688,678,148,0,67
688,679,148,0,67
688,680,148,0,67
688,681,148,0,67
688,682,148,0,67
688,683,148,0,67
688,684,148,0,67
688,685,148,0,67
688,686,148,0,67
688,687,148,0,67
688,689,148,0,67
688,690,148,0,67
688,691,148,0,67
688,692,148,0,67
688,693,148,0,67
688,694,148,0,67
688,695,148,0,67
688,696,148,0,67
688,697,148,0,67
688,698,148,0,67
688,699,148,0,67
688,700,148,0,67
688,701,148,0,67
688,702,148,0,67
688,703,148,0,67
688,704,148,0,67
688,705,148,0,67
688,706,148,0,67
688,707,148,0,67
688,708,148,0,67
688,709,148,0,67
688,710,148,0,67
688,711,148,0,67
688,712,148,0,67
688,713,148,0,67
688,714,148,0,67
688,715,148,0,67
688,716,148,0,67
688,717,148,0,67
688,718,148,0,67
688,719,148,0,67
688,720,148,0,67
688,721,148,0,67
688,722,148,0,67
688,723,148,0,67
688,724,148,0,67
717,625,252,0,96
717,626,252,0,96
717,627,252,0,96
717,628,252,0,96
717,629,252,0,96
717,630,252,0,96
717,631,252,0,96
717,632,252,0,96
717,633,252,0,96
717,634,252,0,96
717,635,252,0,96
717,636,252,0,96
717,637,252,0,96
717,638,252,0,96
717,639,252,0,96
717,640,252,0,96
717,641,252,0,96
717,642,252,0,96
717,643,252,0,96
717,644,252,0,96
717,645,252,0,96
717,646,252,0,96
717,647,252,0,96
717,648,252,0,96
717,649,252,0,96
717,650,252,0,96
717,651,252,0,96
717,652,252,0,96
717,653,252,0,96
717,654,252,0,96
717,655,252,0,96
717,656,252,0,96
717,657,252,0,96
717,658,252,0,96
717,659,252,0,96
717,660,252,0,96
717,661,252,0,96
717,662,252,0,96
717,663,252,0,96
717,664,252,0,96
717,665,252,0,96
717,666,252,0,96
717,667,252,0,96
717,668,252,0,96
717,669,252,0,96
717,670,252,0,96
717,671,252,0,96
717,672,252,0,96
717,673,252,0,96
717,674,252,0,96
717,675,252,0,96
717,676,252,0,96
717,677,252,0,96
717,678,252,0,96
717,679,252,0,96
717,680,252,0,96
717,681,252,0,96
717,682,252,0,96
717,683,252,0,96
717,684,252,0,96
717,685,252,0,96
717,686,252,0,96
717,687,252,0,96
717,688,252,0,96
717,689,252,0,96
717,690,252,0,96
717,691,252,0,96
717,692,252,0,96
717,693,252,0,96
717,694,252,0,96
717,695,252,0,96
717,696,252,0,96
717,697,252,0,96
717,698,252,0,96
717,699,252,0,96
717,700,252,0,96
717,701,252,0,96
717,702,252,0,96
717,703,252,0,96
717,704,252,0,96
717,705,252,0,96
717,706,252,0,96
717,707,252,0,96
717,708,252,0,96
717,709,252,0,96
717,710,252,0,96
717,711,252,0,96
717,712,252,0,96
717,713,252,0,96
717,714,252,0,96
717,715,252,0,96
717,716,252,0,96
717,718,252,0,96
717,719,252,0,96
717,720,252,0,96
717,721,252,0,96
717,722,252,0,96
717,723,252,0,96
717,724,252,0,96
721,625,106,0,100
721,626,106,0,100
721,627,106,0,100
721,628,106,0,100
721,629,106,0,100
721,630,106,0,100
721,631,106,0,100
721,632,106,0,100
721,633,106,0,100
721,634,106,0,100
721,635,106,0,100
721,636,106,0,100
721,637,106,0,100
721,638,106,0,100
721,639,106,0,100
721,640,106,0,100
721,641,106,0,100
721,642,106,0,100
721,643,106,0,100
721,644,106,0,100
721,645,106,0,100
721,646,106,0,100
721,647,106,0,100
721,648,106,0,100
721,649,106,0,100
721,650,106,0,100
721,651,106,0,100
721,652,106,0,100
721,653,106,0,100
721,654,106,0,100
721,655,106,0,100
721,656,106,0,100
721,657,106,0,100
721,658,106,0,100
721,659,106,0,100
721,660,106,0,100
721,661,106,0,100
721,662,106,0,100
721,663,106,0,100
721,664,106,0,100
721,665,106,0,100
721,666,106,0,100
721,667,106,0,100
721,668,106,0,100
721,669,106,0,100
721,670,106,0,100
721,671,106,0,100
721,672,106,0,100
721,673,106,0,100
721,674,106,0,100
721,675,106,0,100
721,676,106,0,100
721,677,106,0,100
721,678,106,0,100
721,679,106,0,100
721,680,106,0,100
721,681,106,0,100
721,682,106,0,100
721,683,106,0,100
721,684,106,0,100
721,685,106,0,100
721,686,106,0,100
721,687,106,0,100
721,688,106,0,100
721,689,106,0,100
721,690,106,0,100
721,691,106,0,100
721,692,106,0,100
721,693,106,0,100
721,694,106,0,100
721,695,106,0,100
721,696,106,0,100
721,697,106,0,100
721,698,106,0,100
721,699,106,0,100
721,700,106,0,100
721,701,106,0,100
721,702,106,0,100
721,703,106,0,100
721,704,106,0,100
721,705,106,0,100
721,706,106,0,100
721,707,106,0,100
721,708,106,0,100
721,709,106,0,100
721,710,106,0,100
721,711,106,0,100
721,712,106,0,100
721,713,106,0,100
721,714,106,0,100
721,715,106,0,100
721,716,106,0,100
721,717,106,0,100
721,718,106,0,100
721,719,106,0,100
721,720,106,0,100
721,722,106,0,100
721,723,106,0,100
721,724,106,0,100
