0,656,25,1,0
0,693,600,3,2
3,693,603,3,3
4,656,29,2,0
4,693,604,3,3
4,723,5,1,0
5,640,30,2,0
5,656,30,2,0
5,693,605,3,3
5,723,6,1,0
6,638,606,3,3
6,640,31,2,0
6,656,31,2,0
6,693,606,3,3
6,694,31,2,0
6,697,7,1,0
6,723,7,1,0
7,640,32,2,0
7,656,32,2,0
7,693,607,3,3
7,697,8,1,0
7,721,32,2,0
7,723,8,1,0
8,640,33,2,0
8,656,33,2,0
8,693,608,3,3
8,697,33,2,0
8,723,33,2,0
9,640,8,0,1
9,656,8,0,1
9,693,8,0,1
9,697,34,2,0
9,721,8,0,1
9,723,34,2,0
10,640,9,0,1
10,656,9,0,1
10,693,9,0,1
10,697,35,2,0
10,723,35,2,0
11,640,10,0,1
11,656,10,0,1
11,693,10,0,1
11,723,36,2,0
12,656,11,0,1
12,693,11,0,1
12,723,37,2,0
13,693,12,0,1
16,656,17,1,0
16,693,17,1,0
17,656,18,1,0
17,693,18,1,0
17,723,42,2,0
18,640,19,1,0
18,656,19,1,0
18,693,19,1,0
18,723,43,2,0
19,638,20,1,0
19,640,20,1,0
19,656,20,1,0
19,693,20,1,0
19,694,20,1,0
19,697,44,2,0
19,723,44,2,0
20,640,45,2,0
20,656,45,2,0
20,693,620,3,3
20,697,45,2,0
20,723,45,2,0
21,640,46,2,0
21,656,46,2,0
21,693,621,3,3
21,697,20,0,1
21,721,46,2,0
21,723,20,0,1
22,638,622,3,3
22,640,47,2,0
22,656,47,2,0
22,693,622,3,3
22,694,47,2,0
22,697,21,0,1
22,723,21,0,1
23,640,48,2,0
23,656,48,2,0
23,693,623,3,3
23,723,22,0,1
24,656,49,2,0
24,693,624,3,3
24,723,23,0,1
25,656,50,2,0
25,693,50,2,0
28,693,53,3,0
29,656,54,3,0
29,693,54,3,0
29,723,30,2,1
30,640,55,3,0
30,656,55,3,0
30,693,55,3,0
30,723,31,2,1
31,638,6,0,2
31,640,56,3,0
31,656,56,3,0
31,693,56,3,0
31,694,56,3,0
31,697,32,2,1
31,723,32,2,1
32,640,57,3,0
32,656,57,3,0
32,693,57,3,0
32,697,33,2,1
32,721,57,3,0
32,723,33,2,1
33,640,58,3,0
33,656,58,3,0
33,723,58,3,0
34,640,33,1,2
34,656,33,1,2
34,693,33,1,2
34,697,59,3,0
34,721,33,1,2
34,723,59,3,0
35,640,34,1,2
35,656,34,1,2
35,693,34,1,2
35,697,60,3,0
35,723,60,3,0
36,640,35,1,2
36,656,35,1,2
36,693,35,1,2
36,723,61,3,0
37,656,36,1,2
37,693,36,1,2
37,723,62,3,0
38,693,37,1,2
41,656,42,2,1
41,693,42,2,1
42,656,43,2,1
42,693,43,2,1
42,723,67,3,0
43,640,44,2,1
43,656,44,2,1
43,693,44,2,1
43,723,68,3,0
44,638,45,2,1
44,640,45,2,1
44,656,45,2,1
44,693,45,2,1
44,694,45,2,1
44,697,69,3,0
44,723,69,3,0
45,640,70,3,0
45,656,70,3,0
45,723,70,3,0
46,640,71,3,0
46,656,71,3,0
46,693,71,3,0
46,697,45,1,2
46,721,71,3,0
46,723,45,1,2
47,638,22,0,2
47,640,72,3,0
47,656,72,3,0
47,693,72,3,0
47,694,72,3,0
47,697,46,1,2
47,723,46,1,2
48,640,73,3,0
48,656,73,3,0
48,693,73,3,0
48,723,47,1,2
49,656,74,3,0
49,693,74,3,0
49,723,48,1,2
50,656,75,2,0
50,693,75,2,0
53,693,78,3,0
54,656,79,3,0
54,693,79,3,0
54,723,55,2,1
55,640,80,3,0
55,656,80,3,0
55,693,80,3,0
55,723,56,2,1
56,638,31,0,3
56,640,81,3,0
56,656,81,3,0
56,693,81,3,0
56,694,81,3,0
56,697,57,2,1
56,723,57,2,1
57,640,82,3,0
57,656,82,3,0
57,693,82,3,0
57,697,58,2,1
57,721,82,3,0
57,723,58,2,1
58,640,83,3,0
58,656,83,3,0
58,693,83,3,0
58,723,83,3,0
59,640,58,1,2
59,656,58,1,2
59,693,58,1,2
59,697,84,3,0
59,721,58,1,2
59,723,84,3,0
60,640,59,1,2
60,656,59,1,2
60,693,59,1,2
60,697,85,3,0
60,723,85,3,0
61,640,60,1,2
61,656,60,1,2
61,693,60,1,2
61,723,86,3,0
62,656,61,1,2
62,693,61,1,2
62,723,87,3,0
63,693,62,1,2
66,656,67,2,1
66,693,67,2,1
67,656,68,2,1
67,693,68,2,1
67,723,92,3,0
68,640,69,2,1
68,656,69,2,1
68,693,69,2,1
68,723,93,3,0
69,638,70,2,1
69,640,70,2,1
69,656,70,2,1
69,693,70,2,1
69,694,70,2,1
69,697,94,3,0
69,723,94,3,0
70,640,95,3,0
70,656,95,3,0
70,693,95,3,0
70,723,95,3,0
71,640,96,3,0
71,656,96,3,0
71,693,96,3,0
71,697,70,1,2
71,721,96,3,0
71,723,70,1,2
72,638,47,0,3
72,640,97,3,0
72,656,97,3,0
72,693,97,3,0
72,694,97,3,0
72,697,71,1,2
72,723,71,1,2
73,640,98,3,0
73,656,98,3,0
73,693,98,3,0
73,723,72,1,2
74,656,99,3,0
74,693,99,3,0
74,723,73,1,2
75,656,100,2,0
75,693,100,2,0
78,693,103,3,0
79,656,104,3,0
79,693,104,3,0
79,723,80,2,1
80,640,105,3,0
80,656,105,3,0
80,693,105,3,0
80,723,81,2,1
81,638,56,0,3
81,640,106,3,0
81,656,106,3,0
81,693,106,3,0
81,694,106,3,0
81,697,82,2,1
81,723,82,2,1
82,640,107,3,0
82,656,107,3,0
82,693,107,3,0
82,697,83,2,1
82,721,107,3,0
82,723,83,2,1
83,640,108,3,0
83,693,108,3,0
83,721,108,3,0
84,640,83,1,2
84,656,83,1,2
84,693,83,1,2
84,697,109,3,0
84,721,83,1,2
84,723,109,3,0
85,640,84,1,2
85,656,84,1,2
85,693,84,1,2
85,697,110,3,0
85,723,110,3,0
86,640,85,1,2
86,656,85,1,2
86,693,85,1,2
86,723,111,3,0
87,656,86,1,2
87,693,86,1,2
87,723,112,3,0
88,693,87,1,2
91,656,92,2,1
91,693,92,2,1
92,656,93,2,1
92,693,93,2,1
92,723,117,3,0
93,640,94,2,1
93,656,94,2,1
93,693,94,2,1
93,723,118,3,0
94,638,95,2,1
94,640,95,2,1
94,656,95,2,1
94,693,95,2,1
94,694,95,2,1
94,697,119,3,0
94,723,119,3,0
95,640,120,3,0
95,693,120,3,0
95,721,120,3,0
96,640,121,3,0
96,656,121,3,0
96,693,121,3,0
96,697,95,1,2
96,721,121,3,0
96,723,95,1,2
97,638,72,0,3
97,640,122,3,0
97,656,122,3,0
97,693,122,3,0
97,694,122,3,0
97,697,96,1,2
97,723,96,1,2
98,640,123,3,0
98,656,123,3,0
98,693,123,3,0
98,723,97,1,2
99,656,124,3,0
99,693,124,3,0
99,723,98,1,2
100,656,656,35,0
100,693,125,2,0
103,693,128,3,0
104,656,103,1,2
104,693,129,3,0
104,723,105,2,1
105,640,130,3,0
105,656,104,1,2
105,693,130,3,0
105,723,106,2,1
106,638,81,0,3
106,640,131,3,0
106,656,105,1,2
106,693,131,3,0
106,694,131,3,0
106,697,107,2,1
106,723,107,2,1
107,640,132,3,0
107,656,106,1,2
107,693,132,3,0
107,697,108,2,1
107,721,132,3,0
107,723,108,2,1
108,640,133,3,0
108,656,107,1,2
108,693,133,3,0
108,721,133,3,0
109,640,108,1,2
109,656,108,1,2
109,693,108,1,2
109,697,134,3,0
109,721,108,1,2
109,723,134,3,0
110,640,109,1,2
110,656,109,1,2
110,693,109,1,2
110,697,135,3,0
110,723,135,3,0
111,640,110,1,2
111,656,110,1,2
111,693,110,1,2
111,723,136,3,0
112,656,111,1,2
112,693,111,1,2
112,723,137,3,0
113,693,112,1,2
116,656,117,2,1
116,693,117,2,1
117,656,118,2,1
117,693,118,2,1
117,723,142,3,0
118,640,119,2,1
118,656,119,2,1
118,693,119,2,1
118,723,143,3,0
119,638,120,2,1
119,640,120,2,1
119,656,120,2,1
119,693,120,2,1
119,694,120,2,1
119,697,144,3,0
119,723,144,3,0
120,640,145,3,0
120,656,121,2,1
120,693,145,3,0
120,721,145,3,0
121,640,146,3,0
121,656,122,2,1
121,693,146,3,0
121,697,120,1,2
121,721,146,3,0
121,723,120,1,2
122,638,97,0,3
122,640,147,3,0
122,656,123,2,1
122,693,147,3,0
122,694,147,3,0
122,697,121,1,2
122,723,121,1,2
123,640,148,3,0
123,656,124,2,1
123,693,148,3,0
123,723,122,1,2
124,656,100,2,3
124,693,149,3,0
124,723,123,1,2
125,656,100,0,2
125,693,150,2,0
128,693,153,3,0
129,656,104,0,3
129,693,154,3,0
129,723,130,2,1
130,640,155,3,0
130,656,105,0,3
130,693,155,3,0
130,723,131,2,1
131,638,106,0,3
131,640,156,3,0
131,656,106,0,3
131,693,156,3,0
131,694,156,3,0
131,697,132,2,1
131,723,132,2,1
132,640,157,3,0
132,656,107,0,3
132,693,157,3,0
132,697,133,2,1
132,721,157,3,0
132,723,133,2,1
133,640,158,3,0
133,656,108,0,3
133,693,158,3,0
133,721,158,3,0
133,723,134,2,1
134,640,133,1,2
134,656,133,1,2
134,693,133,1,2
134,697,159,3,0
134,721,133,1,2
134,723,135,2,1
135,640,134,1,2
135,656,134,1,2
135,693,134,1,2
135,697,160,3,0
135,723,136,2,1
136,640,135,1,2
136,656,135,1,2
136,693,135,1,2
136,723,137,2,1
137,656,136,1,2
137,693,136,1,2
137,723,723,102,0
138,693,137,1,2
141,656,142,2,1
141,693,142,2,1
142,656,143,2,1
142,693,143,2,1
142,723,141,1,2
143,640,144,2,1
143,656,144,2,1
143,693,144,2,1
143,723,142,1,2
144,638,145,2,1
144,640,145,2,1
144,656,145,2,1
144,693,145,2,1
144,694,145,2,1
144,697,169,3,0
144,723,143,1,2
145,640,170,3,0
145,656,120,0,3
145,693,170,3,0
145,721,170,3,0
145,723,144,1,2
146,640,171,3,0
146,656,121,0,3
146,693,171,3,0
146,697,145,1,2
146,721,171,3,0
146,723,145,1,2
147,638,122,0,3
147,640,172,3,0
147,656,122,0,3
147,693,172,3,0
147,694,172,3,0
147,697,146,1,2
147,723,146,1,2
148,640,173,3,0
148,656,123,0,3
148,693,173,3,0
148,723,147,1,2
149,656,124,0,3
149,693,174,3,0
149,723,148,1,2
150,656,125,0,2
150,693,175,2,0
153,693,178,3,0
154,656,129,0,3
154,693,179,3,0
154,723,155,2,1
155,640,180,3,0
155,656,130,0,3
155,693,180,3,0
155,723,156,2,1
156,638,131,0,3
156,640,181,3,0
156,656,131,0,3
156,693,181,3,0
156,694,181,3,0
156,697,157,2,1
156,723,157,2,1
157,640,182,3,0
157,656,132,0,3
157,693,182,3,0
157,694,182,3,0
157,697,158,2,1
157,721,721,100,0
157,723,158,2,1
158,640,183,3,0
158,656,133,0,3
158,693,183,3,0
158,694,183,3,0
158,721,157,1,2
158,723,133,0,3
159,640,158,1,2
159,656,158,1,2
159,693,158,1,2
159,697,184,3,0
159,721,158,1,2
159,723,134,0,3
160,640,159,1,2
160,656,159,1,2
160,693,159,1,2
160,697,185,3,0
160,723,135,0,3
161,640,160,1,2
161,656,160,1,2
161,693,160,1,2
161,723,136,0,3
162,656,161,1,2
162,693,161,1,2
162,723,137,0,3
163,693,162,1,2
166,656,167,2,1
166,693,167,2,1
167,656,168,2,1
167,693,168,2,1
167,723,142,0,3
168,640,169,2,1
168,656,169,2,1
168,693,169,2,1
168,723,143,0,3
169,638,170,2,1
169,640,170,2,1
169,656,170,2,1
169,693,170,2,1
169,694,170,2,1
169,697,194,3,0
169,723,144,0,3
170,640,195,3,0
170,656,145,0,3
170,693,195,3,0
170,694,195,3,0
170,721,171,2,1
170,723,145,0,3
171,640,196,3,0
171,656,146,0,3
171,693,196,3,0
171,694,196,3,0
171,697,170,1,2
171,721,172,2,1
171,723,170,1,2
172,638,147,0,3
172,640,197,3,0
172,656,147,0,3
172,693,197,3,0
172,694,197,3,0
172,697,171,1,2
172,723,171,1,2
173,640,198,3,0
173,656,148,0,3
173,693,198,3,0
173,723,172,1,2
174,656,149,0,3
174,693,199,3,0
174,723,173,1,2
175,656,150,0,2
175,693,200,2,0
178,693,203,3,0
179,656,154,0,3
179,693,204,3,0
179,723,180,2,1
180,640,205,3,0
180,656,155,0,3
180,693,205,3,0
180,723,181,2,1
181,638,156,0,3
181,640,206,3,0
181,656,156,0,3
181,693,206,3,0
181,694,694,73,0
181,697,182,2,1
181,723,182,2,1
182,640,207,3,0
182,656,157,0,3
182,693,207,3,0
182,694,181,1,2
182,697,183,2,1
182,721,157,0,3
182,723,183,2,1
183,640,208,3,0
183,656,158,0,3
183,693,208,3,0
183,694,182,1,2
183,697,184,2,1
183,723,158,0,3
184,640,183,1,2
184,656,183,1,2
184,693,183,1,2
184,697,185,2,1
184,721,183,1,2
184,723,159,0,3
185,640,184,1,2
185,656,184,1,2
185,693,184,1,2
185,697,697,76,0
185,723,160,0,3
186,640,185,1,2
186,656,185,1,2
186,693,185,1,2
186,723,161,0,3
187,656,186,1,2
187,693,186,1,2
187,723,162,0,3
188,693,187,1,2
191,656,192,2,1
191,693,192,2,1
192,656,193,2,1
192,693,193,2,1
192,723,167,0,3
193,640,194,2,1
193,656,194,2,1
193,693,194,2,1
193,723,168,0,3
194,638,195,2,1
194,640,195,2,1
194,656,195,2,1
194,693,195,2,1
194,694,195,2,1
194,697,193,1,2
194,723,169,0,3
195,640,220,3,0
195,656,170,0,3
195,693,220,3,0
195,694,196,2,1
195,697,194,1,2
195,723,170,0,3
196,640,221,3,0
196,656,171,0,3
196,693,221,3,0
196,694,197,2,1
196,697,195,1,2
196,721,171,0,3
196,723,195,1,2
197,638,172,0,3
197,640,222,3,0
197,656,172,0,3
197,693,222,3,0
197,697,196,1,2
197,723,196,1,2
198,640,223,3,0
198,656,173,0,3
198,693,223,3,0
198,723,197,1,2
199,656,174,0,3
199,693,224,3,0
199,723,198,1,2
200,656,175,0,2
200,693,225,2,0
203,693,228,3,0
204,656,179,0,3
204,693,229,3,0
204,723,205,2,1
205,640,640,19,0
205,656,180,0,3
205,693,230,3,0
205,723,206,2,1
206,638,181,0,3
206,640,205,1,2
206,656,181,0,3
206,693,231,3,0
206,694,181,0,3
206,697,207,2,1
206,723,207,2,1
207,638,182,0,3
207,640,206,1,2
207,656,182,0,3
207,693,232,3,0
207,697,208,2,1
207,721,182,0,3
207,723,208,2,1
208,638,183,0,3
208,640,207,1,2
208,656,183,0,3
208,693,233,3,0
208,697,183,0,3
208,723,183,0,3
209,640,208,1,2
209,656,208,1,2
209,693,208,1,2
209,697,184,0,3
209,721,208,1,2
209,723,184,0,3
210,640,209,1,2
210,656,209,1,2
210,693,209,1,2
210,697,185,0,3
210,723,185,0,3
211,640,210,1,2
211,656,210,1,2
211,693,210,1,2
211,723,186,0,3
212,656,211,1,2
212,693,211,1,2
212,723,187,0,3
213,693,212,1,2
216,656,217,2,1
216,693,217,2,1
217,656,218,2,1
217,693,218,2,1
217,723,192,0,3
218,640,219,2,1
218,656,219,2,1
218,693,219,2,1
218,723,193,0,3
219,638,220,2,1
219,640,220,2,1
219,656,220,2,1
219,693,220,2,1
219,694,220,2,1
219,697,194,0,3
219,723,194,0,3
220,638,195,0,3
220,640,221,2,1
220,656,195,0,3
220,693,245,3,0
220,697,195,0,3
220,723,195,0,3
221,638,196,0,3
221,640,222,2,1
221,656,196,0,3
221,693,246,3,0
221,697,220,1,2
221,721,196,0,3
221,723,220,1,2
222,638,197,0,3
222,640,223,2,1
222,656,197,0,3
222,693,247,3,0
222,694,197,0,3
222,697,221,1,2
222,723,221,1,2
223,640,224,2,1
223,656,198,0,3
223,693,248,3,0
223,723,222,1,2
224,656,199,0,3
224,693,249,3,0
224,723,223,1,2
225,656,200,0,2
225,693,250,2,0
228,693,253,3,0
229,656,204,0,3
229,693,254,3,0
229,723,230,2,1
230,640,205,0,3
230,656,205,0,3
230,693,255,3,0
230,723,231,2,1
231,638,256,3,0
231,640,206,0,3
231,656,206,0,3
231,693,256,3,0
231,694,206,0,3
231,697,232,2,1
231,723,232,2,1
232,640,207,0,3
232,656,207,0,3
232,693,257,3,0
232,697,233,2,1
232,721,207,0,3
232,723,233,2,1
233,656,208,0,3
233,693,258,3,0
233,697,208,0,3
233,723,208,0,3
234,640,233,1,2
234,656,233,1,2
234,693,233,1,2
234,697,209,0,3
234,721,233,1,2
234,723,209,0,3
235,640,234,1,2
235,656,234,1,2
235,693,234,1,2
235,697,210,0,3
235,723,210,0,3
236,640,235,1,2
236,656,235,1,2
236,693,235,1,2
236,723,211,0,3
237,656,236,1,2
237,693,236,1,2
237,723,212,0,3
238,693,237,1,2
241,656,242,2,1
241,693,242,2,1
242,656,243,2,1
242,693,243,2,1
242,723,217,0,3
243,640,244,2,1
243,656,244,2,1
243,693,244,2,1
243,723,218,0,3
244,638,245,2,1
244,640,245,2,1
244,656,245,2,1
244,693,245,2,1
244,694,245,2,1
244,697,219,0,3
244,723,219,0,3
245,656,220,0,3
245,693,270,3,0
245,697,220,0,3
245,723,220,0,3
246,640,221,0,3
246,656,221,0,3
246,693,271,3,0
246,697,245,1,2
246,721,221,0,3
246,723,245,1,2
247,638,272,3,0
247,640,222,0,3
247,656,222,0,3
247,693,272,3,0
247,694,222,0,3
247,697,246,1,2
247,723,246,1,2
248,640,223,0,3
248,656,223,0,3
248,693,273,3,0
248,723,247,1,2
249,656,224,0,3
249,693,274,3,0
249,723,248,1,2
250,656,225,0,2
250,693,275,2,0
253,693,278,3,0
254,656,229,0,3
254,693,279,3,0
254,723,255,2,1
255,640,230,0,3
255,656,230,0,3
255,693,280,3,0
255,723,256,2,1
256,638,281,3,0
256,640,231,0,3
256,656,231,0,3
256,693,281,3,0
256,694,231,0,3
256,697,257,2,1
256,723,257,2,1
257,640,232,0,3
257,656,232,0,3
257,693,282,3,0
257,697,258,2,1
257,721,232,0,3
257,723,258,2,1
258,656,233,0,3
258,693,283,3,0
258,697,233,0,3
258,723,233,0,3
259,640,258,1,2
259,656,258,1,2
259,693,258,1,2
259,697,234,0,3
259,721,258,1,2
259,723,234,0,3
260,640,259,1,2
260,656,259,1,2
260,693,259,1,2
260,697,235,0,3
260,723,235,0,3
261,640,260,1,2
261,656,260,1,2
261,693,260,1,2
261,723,236,0,3
262,656,261,1,2
262,693,261,1,2
262,723,237,0,3
263,693,262,1,2
266,656,267,2,1
266,693,267,2,1
267,656,268,2,1
267,693,268,2,1
267,723,242,0,3
268,640,269,2,1
268,656,269,2,1
268,693,269,2,1
268,723,243,0,3
269,638,270,2,1
269,640,270,2,1
269,656,270,2,1
269,693,270,2,1
269,694,270,2,1
269,697,244,0,3
269,723,244,0,3
270,656,245,0,3
270,693,295,3,0
270,697,245,0,3
270,723,245,0,3
271,640,246,0,3
271,656,246,0,3
271,693,296,3,0
271,697,270,1,2
271,721,246,0,3
271,723,270,1,2
272,638,297,3,0
272,640,247,0,3
272,656,247,0,3
272,693,297,3,0
272,694,247,0,3
272,697,271,1,2
272,723,271,1,2
273,640,248,0,3
273,656,248,0,3
273,693,298,3,0
273,723,272,1,2
274,656,249,0,3
274,693,299,3,0
274,723,273,1,2
275,656,250,0,2
275,693,300,2,0
278,693,303,3,0
279,656,254,0,3
279,693,304,3,0
279,723,280,2,1
280,640,255,0,3
280,656,255,0,3
280,693,305,3,0
280,723,281,2,1
281,638,306,3,0
281,640,256,0,3
281,656,256,0,3
281,693,306,3,0
281,694,256,0,3
281,697,282,2,1
281,723,282,2,1
282,640,257,0,3
282,656,257,0,3
282,693,307,3,0
282,697,283,2,1
282,721,257,0,3
282,723,283,2,1
283,656,258,0,3
283,693,308,3,0
283,697,258,0,3
283,723,258,0,3
284,640,283,1,2
284,656,283,1,2
284,693,283,1,2
284,697,259,0,3
284,721,283,1,2
284,723,259,0,3
285,640,284,1,2
285,656,284,1,2
285,693,284,1,2
285,697,260,0,3
285,723,260,0,3
286,640,285,1,2
286,656,285,1,2
286,693,285,1,2
286,723,261,0,3
287,656,286,1,2
287,693,286,1,2
287,723,262,0,3
288,693,287,1,2
291,656,292,2,1
291,693,292,2,1
292,656,293,2,1
292,693,293,2,1
292,723,267,0,3
293,640,294,2,1
293,656,294,2,1
293,693,294,2,1
293,723,268,0,3
294,638,295,2,1
294,640,295,2,1
294,656,295,2,1
294,693,295,2,1
294,694,295,2,1
294,697,269,0,3
294,723,269,0,3
295,656,270,0,3
295,693,320,3,0
295,697,270,0,3
295,723,270,0,3
296,640,271,0,3
296,656,271,0,3
296,693,321,3,0
296,697,295,1,2
296,721,271,0,3
296,723,295,1,2
297,638,322,3,0
297,640,272,0,3
297,656,272,0,3
297,693,322,3,0
297,694,272,0,3
297,697,296,1,2
297,723,296,1,2
298,640,273,0,3
298,656,273,0,3
298,693,323,3,0
298,723,297,1,2
299,656,274,0,3
299,693,324,3,0
299,723,298,1,2
300,656,275,0,2
300,693,325,2,0
303,693,328,3,0
304,656,279,0,3
304,693,329,3,0
304,723,305,2,1
305,640,280,0,3
305,656,280,0,3
305,693,330,3,0
305,723,306,2,1
306,638,331,3,0
306,640,281,0,3
306,656,281,0,3
306,693,331,3,0
306,694,281,0,3
306,697,307,2,1
306,723,307,2,1
307,640,282,0,3
307,656,282,0,3
307,693,332,3,0
307,697,308,2,1
307,721,282,0,3
307,723,308,2,1
308,656,283,0,3
308,693,333,3,0
308,697,283,0,3
308,723,283,0,3
309,640,308,1,2
309,656,308,1,2
309,693,308,1,2
309,697,284,0,3
309,721,308,1,2
309,723,284,0,3
310,640,309,1,2
310,656,309,1,2
310,693,309,1,2
310,697,285,0,3
310,723,285,0,3
311,640,310,1,2
311,656,310,1,2
311,693,310,1,2
311,723,286,0,3
312,656,311,1,2
312,693,311,1,2
312,723,287,0,3
313,693,312,1,2
316,656,317,2,1
316,693,317,2,1
317,656,318,2,1
317,693,318,2,1
317,723,292,0,3
318,640,319,2,1
318,656,319,2,1
318,693,319,2,1
318,723,293,0,3
319,638,320,2,1
319,640,320,2,1
319,656,320,2,1
319,693,320,2,1
319,694,320,2,1
319,697,294,0,3
319,723,294,0,3
320,656,295,0,3
320,693,345,3,0
320,697,295,0,3
320,723,295,0,3
321,640,296,0,3
321,656,296,0,3
321,693,346,3,0
321,697,320,1,2
321,721,296,0,3
321,723,320,1,2
322,638,347,3,0
322,640,297,0,3
322,656,297,0,3
322,693,347,3,0
322,694,297,0,3
322,697,321,1,2
322,723,321,1,2
323,640,298,0,3
323,656,298,0,3
323,693,348,3,0
323,723,322,1,2
324,656,299,0,3
324,693,349,3,0
324,723,323,1,2
325,656,300,0,2
325,693,326,1,1
328,693,693,72,0
329,656,304,0,3
329,693,328,1,2
329,723,330,2,1
330,640,305,0,3
330,656,305,0,3
330,693,329,1,2
330,723,331,2,1
331,638,356,3,0
331,640,306,0,3
331,656,306,0,3
331,693,330,1,2
331,694,306,0,3
331,697,332,2,1
331,723,332,2,1
332,640,307,0,3
332,656,307,0,3
332,693,331,1,2
332,697,333,2,1
332,721,307,0,3
332,723,333,2,1
333,640,308,0,3
333,656,308,0,3
333,693,332,1,2
333,697,308,0,3
333,723,308,0,3
334,640,333,1,2
334,656,333,1,2
334,693,333,1,2
334,697,309,0,3
334,721,333,1,2
334,723,309,0,3
335,640,334,1,2
335,656,334,1,2
335,693,334,1,2
335,697,310,0,3
335,723,310,0,3
336,640,335,1,2
336,656,335,1,2
336,693,335,1,2
336,723,311,0,3
337,656,336,1,2
337,693,336,1,2
337,723,312,0,3
338,693,337,1,2
341,656,342,2,1
341,693,342,2,1
342,656,343,2,1
342,693,343,2,1
342,723,317,0,3
343,640,344,2,1
343,656,344,2,1
343,693,344,2,1
343,723,318,0,3
344,638,345,2,1
344,640,345,2,1
344,656,345,2,1
344,693,345,2,1
344,694,345,2,1
344,697,319,0,3
344,723,319,0,3
345,640,320,0,3
345,656,320,0,3
345,693,346,2,1
345,697,320,0,3
345,723,320,0,3
346,640,321,0,3
346,656,321,0,3
346,693,347,2,1
346,697,345,1,2
346,721,321,0,3
346,723,345,1,2
347,638,372,3,0
347,640,322,0,3
347,656,322,0,3
347,693,348,2,1
347,694,322,0,3
347,697,346,1,2
347,723,346,1,2
348,640,323,0,3
348,656,323,0,3
348,693,349,2,1
348,723,347,1,2
349,656,324,0,3
349,693,325,2,3
349,723,348,1,2
350,656,325,0,2
350,693,325,0,2
353,693,328,0,3
354,656,329,0,3
354,693,329,0,3
354,723,355,2,1
355,640,330,0,3
355,656,330,0,3
355,693,330,0,3
355,723,356,2,1
356,638,381,3,0
356,640,331,0,3
356,656,331,0,3
356,693,331,0,3
356,694,331,0,3
356,697,357,2,1
356,723,357,2,1
357,640,332,0,3
357,656,332,0,3
357,693,332,0,3
357,697,358,2,1
357,721,332,0,3
357,723,358,2,1
358,640,333,0,3
358,656,333,0,3
358,723,333,0,3
359,640,358,1,2
359,656,358,1,2
359,693,358,1,2
359,697,334,0,3
359,721,358,1,2
359,723,334,0,3
360,640,359,1,2
360,656,359,1,2
360,693,359,1,2
360,697,335,0,3
360,723,335,0,3
361,640,360,1,2
361,656,360,1,2
361,693,360,1,2
361,723,336,0,3
362,656,361,1,2
362,693,361,1,2
362,723,337,0,3
363,693,362,1,2
366,656,367,2,1
366,693,367,2,1
367,656,368,2,1
367,693,368,2,1
367,723,342,0,3
368,640,369,2,1
368,656,369,2,1
368,693,369,2,1
368,723,343,0,3
369,638,370,2,1
369,640,370,2,1
369,656,370,2,1
369,693,370,2,1
369,694,370,2,1
369,697,344,0,3
369,723,344,0,3
370,640,345,0,3
370,656,345,0,3
370,723,345,0,3
371,640,346,0,3
371,656,346,0,3
371,693,346,0,3
371,697,370,1,2
371,721,346,0,3
371,723,370,1,2
372,638,397,3,0
372,640,347,0,3
372,656,347,0,3
372,693,347,0,3
372,694,347,0,3
372,697,371,1,2
372,723,371,1,2
373,640,348,0,3
373,656,348,0,3
373,693,348,0,3
373,723,372,1,2
374,656,349,0,3
374,693,349,0,3
374,723,373,1,2
375,656,350,0,2
375,693,350,0,2
378,693,353,0,3
379,656,354,0,3
379,693,354,0,3
379,723,380,2,1
380,640,355,0,3
380,656,355,0,3
380,693,355,0,3
380,723,381,2,1
381,638,406,3,0
381,640,356,0,3
381,656,356,0,3
381,693,356,0,3
381,694,356,0,3
381,697,382,2,1
381,723,382,2,1
382,640,357,0,3
382,656,357,0,3
382,693,357,0,3
382,697,383,2,1
382,721,357,0,3
382,723,383,2,1
383,640,358,0,3
383,656,358,0,3
383,693,358,0,3
383,723,358,0,3
384,640,383,1,2
384,656,383,1,2
384,693,383,1,2
384,697,359,0,3
384,721,383,1,2
384,723,359,0,3
385,640,384,1,2
385,656,384,1,2
385,693,384,1,2
385,697,360,0,3
385,723,360,0,3
386,640,385,1,2
386,656,385,1,2
386,693,385,1,2
386,723,361,0,3
387,656,386,1,2
387,693,386,1,2
387,723,362,0,3
388,693,387,1,2
391,656,392,2,1
391,693,392,2,1
392,656,393,2,1
392,693,393,2,1
392,723,367,0,3
393,640,394,2,1
393,656,394,2,1
393,693,394,2,1
393,723,368,0,3
394,638,395,2,1
394,640,395,2,1
394,656,395,2,1
394,693,395,2,1
394,694,395,2,1
394,697,369,0,3
394,723,369,0,3
395,640,370,0,3
395,656,370,0,3
395,693,370,0,3
395,723,370,0,3
396,640,371,0,3
396,656,371,0,3
396,693,371,0,3
396,697,395,1,2
396,721,371,0,3
396,723,395,1,2
397,638,422,3,0
397,640,372,0,3
397,656,372,0,3
397,693,372,0,3
397,694,372,0,3
397,697,396,1,2
397,723,396,1,2
398,640,373,0,3
398,656,373,0,3
398,693,373,0,3
398,723,397,1,2
399,656,374,0,3
399,693,374,0,3
399,723,398,1,2
400,656,375,0,2
400,693,375,0,2
403,693,378,0,3
404,656,379,0,3
404,693,379,0,3
404,723,405,2,1
405,640,380,0,3
405,656,380,0,3
405,693,380,0,3
405,723,406,2,1
406,638,431,3,0
406,640,381,0,3
406,656,381,0,3
406,693,381,0,3
406,694,381,0,3
406,697,407,2,1
406,723,407,2,1
407,640,382,0,3
407,656,382,0,3
407,693,382,0,3
407,697,408,2,1
407,721,382,0,3
407,723,408,2,1
408,640,383,0,3
408,693,383,0,3
408,721,383,0,3
409,640,408,1,2
409,656,408,1,2
409,693,408,1,2
409,697,384,0,3
409,721,408,1,2
409,723,384,0,3
410,640,409,1,2
410,656,409,1,2
410,693,409,1,2
410,697,385,0,3
410,723,385,0,3
411,640,410,1,2
411,656,410,1,2
411,693,410,1,2
411,723,386,0,3
412,656,411,1,2
412,693,411,1,2
412,723,387,0,3
413,693,412,1,2
416,656,417,2,1
416,693,417,2,1
417,656,418,2,1
417,693,418,2,1
417,723,392,0,3
418,640,419,2,1
418,656,419,2,1
418,693,419,2,1
418,723,393,0,3
419,638,420,2,1
419,640,420,2,1
419,656,420,2,1
419,693,420,2,1
419,694,420,2,1
419,697,394,0,3
419,723,394,0,3
420,640,395,0,3
420,693,395,0,3
420,721,395,0,3
421,640,396,0,3
421,656,396,0,3
421,693,396,0,3
421,697,420,1,2
421,721,396,0,3
421,723,420,1,2
422,638,447,3,0
422,640,397,0,3
422,656,397,0,3
422,693,397,0,3
422,694,397,0,3
422,697,421,1,2
422,723,421,1,2
423,640,398,0,3
423,656,398,0,3
423,693,398,0,3
423,723,422,1,2
424,656,399,0,3
424,693,399,0,3
424,723,423,1,2
425,656,450,2,0
425,693,400,0,2
428,693,403,0,3
429,656,454,3,0
429,693,404,0,3
429,723,430,2,1
430,640,405,0,3
430,656,455,3,0
430,693,405,0,3
430,723,431,2,1
431,638,456,3,0
431,640,406,0,3
431,656,456,3,0
431,693,406,0,3
431,694,406,0,3
431,697,432,2,1
431,723,432,2,1
432,640,407,0,3
432,656,457,3,0
432,693,407,0,3
432,697,433,2,1
432,721,407,0,3
432,723,433,2,1
433,640,408,0,3
433,656,458,3,0
433,693,408,0,3
433,721,408,0,3
434,640,433,1,2
434,656,433,1,2
434,693,433,1,2
434,697,409,0,3
434,721,433,1,2
434,723,409,0,3
435,640,434,1,2
435,656,434,1,2
435,693,434,1,2
435,697,410,0,3
435,723,410,0,3
436,640,435,1,2
436,656,435,1,2
436,693,435,1,2
436,723,411,0,3
437,656,436,1,2
437,693,436,1,2
437,723,412,0,3
438,693,437,1,2
441,656,442,2,1
441,693,442,2,1
442,656,443,2,1
442,693,443,2,1
442,723,417,0,3
443,640,444,2,1
443,656,444,2,1
443,693,444,2,1
443,723,418,0,3
444,638,445,2,1
444,640,445,2,1
444,656,445,2,1
444,693,445,2,1
444,694,445,2,1
444,697,419,0,3
444,723,419,0,3
445,640,420,0,3
445,656,470,3,0
445,693,420,0,3
445,721,420,0,3
446,640,421,0,3
446,656,471,3,0
446,693,421,0,3
446,697,445,1,2
446,721,421,0,3
446,723,445,1,2
447,638,472,3,0
447,640,422,0,3
447,656,472,3,0
447,693,422,0,3
447,694,422,0,3
447,697,446,1,2
447,723,446,1,2
448,640,423,0,3
448,656,473,3,0
448,693,423,0,3
448,723,447,1,2
449,656,474,3,0
449,693,424,0,3
449,723,448,1,2
450,656,475,2,0
450,693,425,0,2
453,693,428,0,3
454,656,479,3,0
454,693,429,0,3
454,723,455,2,1
455,640,430,0,3
455,656,480,3,0
455,693,430,0,3
455,723,456,2,1
456,638,481,3,0
456,640,431,0,3
456,656,481,3,0
456,693,431,0,3
456,694,431,0,3
456,697,457,2,1
456,723,457,2,1
457,640,432,0,3
457,656,482,3,0
457,693,432,0,3
457,697,458,2,1
457,721,432,0,3
457,723,458,2,1
458,640,433,0,3
458,656,483,3,0
458,693,433,0,3
458,721,433,0,3
458,723,483,3,0
459,640,458,1,2
459,656,458,1,2
459,693,458,1,2
459,697,434,0,3
459,721,458,1,2
459,723,484,3,0
460,640,459,1,2
460,656,459,1,2
460,693,459,1,2
460,697,435,0,3
460,723,485,3,0
461,640,460,1,2
461,656,460,1,2
461,693,460,1,2
461,723,486,3,0
462,656,461,1,2
462,693,461,1,2
462,723,487,3,0
463,693,462,1,2
466,656,467,2,1
466,693,467,2,1
467,656,468,2,1
467,693,468,2,1
467,723,492,3,0
468,640,469,2,1
468,656,469,2,1
468,693,469,2,1
468,723,493,3,0
469,638,470,2,1
469,640,470,2,1
469,656,470,2,1
469,693,470,2,1
469,694,470,2,1
469,697,444,0,3
469,723,494,3,0
470,640,445,0,3
470,656,495,3,0
470,693,445,0,3
470,721,445,0,3
470,723,495,3,0
471,640,446,0,3
471,656,496,3,0
471,693,446,0,3
471,697,470,1,2
471,721,446,0,3
471,723,470,1,2
472,638,497,3,0
472,640,447,0,3
472,656,497,3,0
472,693,447,0,3
472,694,447,0,3
472,697,471,1,2
472,723,471,1,2
473,640,448,0,3
473,656,498,3,0
473,693,448,0,3
473,723,472,1,2
474,656,499,3,0
474,693,449,0,3
474,723,473,1,2
475,656,500,2,0
475,693,450,0,2
478,693,453,0,3
479,656,504,3,0
479,693,454,0,3
479,723,480,2,1
480,640,455,0,3
480,656,505,3,0
480,693,455,0,3
480,723,481,2,1
481,638,506,3,0
481,640,456,0,3
481,656,506,3,0
481,693,456,0,3
481,694,456,0,3
481,697,482,2,1
481,723,482,2,1
482,640,457,0,3
482,656,507,3,0
482,693,457,0,3
482,694,457,0,3
482,697,483,2,1
482,721,507,3,0
482,723,483,2,1
483,640,458,0,3
483,656,508,3,0
483,693,458,0,3
483,694,458,0,3
483,723,508,3,0
484,640,483,1,2
484,656,483,1,2
484,693,483,1,2
484,697,459,0,3
484,721,483,1,2
484,723,509,3,0
485,640,484,1,2
485,656,484,1,2
485,693,484,1,2
485,697,460,0,3
485,723,510,3,0
486,640,485,1,2
486,656,485,1,2
486,693,485,1,2
486,723,511,3,0
487,656,486,1,2
487,693,486,1,2
487,723,512,3,0
488,693,487,1,2
491,656,492,2,1
491,693,492,2,1
492,656,493,2,1
492,693,493,2,1
492,723,517,3,0
493,640,494,2,1
493,656,494,2,1
493,693,494,2,1
493,723,518,3,0
494,638,495,2,1
494,640,495,2,1
494,656,495,2,1
494,693,495,2,1
494,694,495,2,1
494,697,469,0,3
494,723,519,3,0
495,640,470,0,3
495,656,520,3,0
495,693,470,0,3
495,694,470,0,3
495,723,520,3,0
496,640,471,0,3
496,656,521,3,0
496,693,471,0,3
496,694,471,0,3
496,697,495,1,2
496,721,521,3,0
496,723,495,1,2
497,638,522,3,0
497,640,472,0,3
497,656,522,3,0
497,693,472,0,3
497,694,472,0,3
497,697,496,1,2
497,723,496,1,2
498,640,473,0,3
498,656,523,3,0
498,693,473,0,3
498,723,497,1,2
499,656,524,3,0
499,693,474,0,3
499,723,498,1,2
500,656,525,2,0
500,693,475,0,2
503,693,478,0,3
504,656,529,3,0
504,693,479,0,3
504,723,505,2,1
505,640,480,0,3
505,656,530,3,0
505,693,480,0,3
505,723,506,2,1
506,638,531,3,0
506,640,481,0,3
506,656,531,3,0
506,693,481,0,3
506,694,531,3,0
506,697,507,2,1
506,723,507,2,1
507,638,532,3,0
507,640,482,0,3
507,656,532,3,0
507,693,482,0,3
507,697,508,2,1
507,721,532,3,0
507,723,508,2,1
508,638,533,3,0
508,640,483,0,3
508,656,533,3,0
508,693,483,0,3
508,697,533,3,0
508,723,533,3,0
509,640,508,1,2
509,656,508,1,2
509,693,508,1,2
509,697,534,3,0
509,721,508,1,2
509,723,534,3,0
510,640,509,1,2
510,656,509,1,2
510,693,509,1,2
510,697,535,3,0
510,723,535,3,0
511,640,510,1,2
511,656,510,1,2
511,693,510,1,2
511,723,536,3,0
512,656,511,1,2
512,693,511,1,2
512,723,537,3,0
513,693,512,1,2
516,656,517,2,1
516,693,517,2,1
517,656,518,2,1
517,693,518,2,1
517,723,542,3,0
518,640,519,2,1
518,656,519,2,1
518,693,519,2,1
518,723,543,3,0
519,638,520,2,1
519,640,520,2,1
519,656,520,2,1
519,693,520,2,1
519,694,520,2,1
519,697,544,3,0
519,723,544,3,0
520,638,545,3,0
520,640,495,0,3
520,656,545,3,0
520,693,495,0,3
520,697,545,3,0
520,723,545,3,0
521,638,546,3,0
521,640,496,0,3
521,656,546,3,0
521,693,496,0,3
521,697,520,1,2
521,721,546,3,0
521,723,520,1,2
522,638,547,3,0
522,640,497,0,3
522,656,547,3,0
522,693,497,0,3
522,694,547,3,0
522,697,521,1,2
522,723,521,1,2
523,640,498,0,3
523,656,548,3,0
523,693,498,0,3
523,723,522,1,2
524,656,549,3,0
524,693,499,0,3
524,723,523,1,2
525,656,550,2,0
525,693,500,0,2
528,693,503,0,3
529,656,554,3,0
529,693,504,0,3
529,723,530,2,1
530,640,555,3,0
530,656,555,3,0
530,693,505,0,3
530,723,531,2,1
531,638,638,17,0
531,640,556,3,0
531,656,556,3,0
531,693,506,0,3
531,694,556,3,0
531,697,532,2,1
531,723,532,2,1
532,638,531,1,2
532,640,557,3,0
532,656,557,3,0
532,693,507,0,3
532,697,533,2,1
532,721,557,3,0
532,723,533,2,1
533,638,532,1,2
533,656,558,3,0
533,693,508,0,3
533,697,558,3,0
533,723,558,3,0
534,640,533,1,2
534,656,533,1,2
534,693,533,1,2
534,697,559,3,0
534,721,533,1,2
534,723,559,3,0
535,640,534,1,2
535,656,534,1,2
535,693,534,1,2
535,697,560,3,0
535,723,560,3,0
536,640,535,1,2
536,656,535,1,2
536,693,535,1,2
536,723,561,3,0
537,656,536,1,2
537,693,536,1,2
537,723,562,3,0
538,693,537,1,2
541,656,542,2,1
541,693,542,2,1
542,656,543,2,1
542,693,543,2,1
542,723,567,3,0
543,640,544,2,1
543,656,544,2,1
543,693,544,2,1
543,723,568,3,0
544,638,545,2,1
544,640,545,2,1
544,656,545,2,1
544,693,545,2,1
544,694,545,2,1
544,697,569,3,0
544,723,569,3,0
545,638,546,2,1
545,656,570,3,0
545,693,520,0,3
545,697,570,3,0
545,723,570,3,0
546,638,547,2,1
546,640,571,3,0
546,656,571,3,0
546,693,521,0,3
546,697,545,1,2
546,721,571,3,0
546,723,545,1,2
547,640,572,3,0
547,656,572,3,0
547,693,522,0,3
547,694,572,3,0
547,697,546,1,2
547,723,546,1,2
548,640,573,3,0
548,656,573,3,0
548,693,523,0,3
548,723,547,1,2
549,656,574,3,0
549,693,524,0,3
549,723,548,1,2
550,656,575,2,0
550,693,525,0,2
553,693,528,0,3
554,656,579,3,0
554,693,529,0,3
554,723,555,2,1
555,640,580,3,0
555,656,580,3,0
555,693,530,0,3
555,723,556,2,1
556,638,531,0,3
556,640,581,3,0
556,656,581,3,0
556,693,531,0,3
556,694,581,3,0
556,697,557,2,1
556,723,557,2,1
557,640,582,3,0
557,656,582,3,0
557,693,532,0,3
557,697,558,2,1
557,721,582,3,0
557,723,558,2,1
558,656,583,3,0
558,693,533,0,3
558,697,583,3,0
558,723,583,3,0
559,640,558,1,2
559,656,558,1,2
559,693,558,1,2
559,697,584,3,0
559,721,558,1,2
559,723,584,3,0
560,640,559,1,2
560,656,559,1,2
560,693,559,1,2
560,697,585,3,0
560,723,585,3,0
561,640,560,1,2
561,656,560,1,2
561,693,560,1,2
561,723,586,3,0
562,656,561,1,2
562,693,561,1,2
562,723,587,3,0
563,693,562,1,2
566,656,567,2,1
566,693,567,2,1
567,656,568,2,1
567,693,568,2,1
567,723,592,3,0
568,640,569,2,1
568,656,569,2,1
568,693,569,2,1
568,723,593,3,0
569,638,570,2,1
569,640,570,2,1
569,656,570,2,1
569,693,570,2,1
569,694,570,2,1
569,697,594,3,0
569,723,594,3,0
570,656,595,3,0
570,693,545,0,3
570,697,595,3,0
570,723,595,3,0
571,640,596,3,0
571,656,596,3,0
571,693,546,0,3
571,697,570,1,2
571,721,596,3,0
571,723,570,1,2
572,638,547,0,3
572,640,597,3,0
572,656,597,3,0
572,693,547,0,3
572,694,597,3,0
572,697,571,1,2
572,723,571,1,2
573,640,598,3,0
573,656,598,3,0
573,693,548,0,3
573,723,572,1,2
574,656,599,3,0
574,693,549,0,3
574,723,573,1,2
575,656,600,2,0
575,693,550,0,2
578,693,553,0,3
579,656,604,3,0
579,693,554,0,3
579,723,580,2,1
580,640,605,3,0
580,656,605,3,0
580,693,555,0,3
580,723,581,2,1
581,638,556,0,3
581,640,606,3,0
581,656,606,3,0
581,693,556,0,3
581,694,606,3,0
581,697,582,2,1
581,723,582,2,1
582,640,607,3,0
582,656,607,3,0
582,693,557,0,3
582,697,583,2,1
582,721,607,3,0
582,723,583,2,1
583,656,608,3,0
583,693,558,0,3
583,697,608,3,0
583,723,608,3,0
584,640,583,1,2
584,656,583,1,2
584,693,583,1,2
584,697,609,3,0
584,721,583,1,2
584,723,609,3,0
585,640,584,1,2
585,656,584,1,2
585,693,584,1,2
585,697,610,3,0
585,723,610,3,0
586,640,585,1,2
586,656,585,1,2
586,693,585,1,2
586,723,611,3,0
587,656,586,1,2
587,693,586,1,2
587,723,612,3,0
588,693,587,1,2
591,656,592,2,1
591,693,592,2,1
592,656,593,2,1
592,693,593,2,1
592,723,617,3,0
593,640,594,2,1
593,656,594,2,1
593,693,594,2,1
593,723,618,3,0
594,638,595,2,1
594,640,595,2,1
594,656,595,2,1
594,693,595,2,1
594,694,595,2,1
594,697,619,3,0
594,723,619,3,0
595,656,620,3,0
595,693,570,0,3
595,697,620,3,0
595,723,620,3,0
596,640,621,3,0
596,656,621,3,0
596,693,571,0,3
596,697,595,1,2
596,721,621,3,0
596,723,595,1,2
597,638,572,0,3
597,640,622,3,0
597,656,622,3,0
597,693,572,0,3
597,694,622,3,0
597,697,596,1,2
597,723,596,1,2
598,640,623,3,0
598,656,623,3,0
598,693,573,0,3
598,723,597,1,2
599,656,624,3,0
599,693,574,0,3
599,723,598,1,2
600,656,0,2,3
600,693,575,0,2
603,693,578,0,3
604,656,4,3,3
604,693,579,0,3
604,723,605,2,1
605,640,5,3,3
605,656,5,3,3
605,693,580,0,3
605,723,606,2,1
606,638,581,0,3
606,640,6,3,3
606,656,6,3,3
606,693,581,0,3
606,694,6,3,3
606,697,607,2,1
606,723,607,2,1
607,640,7,3,3
607,656,7,3,3
607,693,582,0,3
607,697,608,2,1
607,721,7,3,3
607,723,608,2,1
608,656,8,3,3
608,693,583,0,3
608,697,8,3,3
608,723,8,3,3
609,640,608,1,2
609,656,608,1,2
609,693,608,1,2
609,697,9,3,3
609,721,608,1,2
609,723,9,3,3
610,640,609,1,2
610,656,609,1,2
610,693,609,1,2
610,697,10,3,3
610,723,10,3,3
611,640,610,1,2
611,656,610,1,2
611,693,610,1,2
611,723,11,3,3
612,656,611,1,2
612,693,611,1,2
612,723,12,3,3
613,693,612,1,2
616,656,617,2,1
616,693,617,2,1
617,656,618,2,1
617,693,618,2,1
617,723,17,3,3
618,640,619,2,1
618,656,619,2,1
618,693,619,2,1
618,723,18,3,3
619,638,620,2,1
619,640,620,2,1
619,656,620,2,1
619,693,620,2,1
619,694,620,2,1
619,697,19,3,3
619,723,19,3,3
620,656,20,3,3
620,693,595,0,3
620,697,20,3,3
620,723,20,3,3
621,640,21,3,3
621,656,21,3,3
621,693,596,0,3
621,697,620,1,2
621,721,21,3,3
621,723,620,1,2
622,638,597,0,3
622,640,22,3,3
622,656,22,3,3
622,693,597,0,3
622,694,22,3,3
622,697,621,1,2
622,723,621,1,2
623,640,23,3,3
623,656,23,3,3
623,693,598,0,3
623,723,622,1,2
624,656,24,3,3
624,693,599,0,3
624,723,623,1,2
638,625,531,0,17
638,626,531,0,17
638,627,531,0,17
638,628,531,0,17
638,629,531,0,17
638,630,531,0,17
638,631,531,0,17
638,632,531,0,17
638,633,531,0,17
638,634,531,0,17
638,635,531,0,17
638,636,531,0,17
638,637,531,0,17
638,639,531,0,17
638,640,531,0,17
638,641,531,0,17
638,642,531,0,17
638,643,531,0,17
638,644,531,0,17
638,645,531,0,17
638,646,531,0,17
638,647,531,0,17
638,648,531,0,17
638,649,531,0,17
638,650,531,0,17
638,651,531,0,17
638,652,531,0,17
638,653,531,0,17
638,654,531,0,17
638,655,531,0,17
638,656,531,0,17
638,657,531,0,17
638,658,531,0,17
638,659,531,0,17
638,660,531,0,17
638,661,531,0,17
638,662,531,0,17
638,663,531,0,17
638,664,531,0,17
638,665,531,0,17
638,666,531,0,17
638,667,531,0,17
638,668,531,0,17
638,669,531,0,17
638,670,531,0,17
638,671,531,0,17
638,672,531,0,17
638,673,531,0,17
638,674,531,0,17
638,675,531,0,17
638,676,531,0,17
638,677,531,0,17
638,678,531,0,17
638,679,531,0,17
638,680,531,0,17
638,681,531,0,17
638,682,531,0,17
638,683,531,0,17
638,684,531,0,17
638,685,531,0,17
638,686,531,0,17
638,687,531,0,17
638,688,531,0,17
638,689,531,0,17
638,690,531,0,17
638,691,531,0,17
638,692,531,0,17
638,693,531,0,17
638,694,531,0,17
638,695,531,0,17
638,696,531,0,17
638,697,531,0,17
638,698,531,0,17
638,699,531,0,17
638,700,531,0,17
638,701,531,0,17
638,702,531,0,17
638,703,531,0,17
638,704,531,0,17
638,705,531,0,17
638,706,531,0,17
638,707,531,0,17
638,708,531,0,17
638,709,531,0,17
638,710,531,0,17
638,711,531,0,17
638,712,531,0,17
638,713,531,0,17
638,714,531,0,17
638,715,531,0,17
638,716,531,0,17
638,717,531,0,17
638,718,531,0,17
638,719,531,0,17
638,720,531,0,17
638,721,531,0,17
638,722,531,0,17
638,723,531,0,17
638,724,531,0,17
640,625,205,0,19
640,626,205,0,19
640,627,205,0,19
640,628,205,0,19
640,629,205,0,19
640,630,205,0,19
640,631,205,0,19
640,632,205,0,19
640,633,205,0,19
640,634,205,0,19
640,635,205,0,19
640,636,205,0,19
640,637,205,0,19
640,638,205,0,19
640,639,205,0,19
640,641,205,0,19
640,642,205,0,19
640,643,205,0,19
640,644,205,0,19
640,645,205,0,19
640,646,205,0,19
640,647,205,0,19
640,648,205,0,19
640,649,205,0,19
640,650,205,0,19
640,651,205,0,19
640,652,205,0,19
640,653,205,0,19
640,654,205,0,19
640,655,205,0,19
640,656,205,0,19
640,657,205,0,19
640,658,205,0,19
640,659,205,0,19
640,660,205,0,19
640,661,205,0,19
640,662,205,0,19
640,663,205,0,19
640,664,205,0,19
640,665,205,0,19
640,666,205,0,19
640,667,205,0,19
640,668,205,0,19
640,669,205,0,19
640,670,205,0,19
640,671,205,0,19
640,672,205,0,19
640,673,205,0,19
640,674,205,0,19
640,675,205,0,19
640,676,205,0,19
640,677,205,0,19
640,678,205,0,19
640,679,205,0,19
640,680,205,0,19
640,681,205,0,19
640,682,205,0,19
640,683,205,0,19
640,684,205,0,19
640,685,205,0,19
640,686,205,0,19
640,687,205,0,19
640,688,205,0,19
640,689,205,0,19
640,690,205,0,19
640,691,205,0,19
640,692,205,0,19
640,693,205,0,19
640,694,205,0,19
640,695,205,0,19
640,696,205,0,19
640,697,205,0,19
640,698,205,0,19
640,699,205,0,19
640,700,205,0,19
640,701,205,0,19
640,702,205,0,19
640,703,205,0,19
640,704,205,0,19
640,705,205,0,19
640,706,205,0,19
640,707,205,0,19
640,708,205,0,19
640,709,205,0,19
640,710,205,0,19
640,711,205,0,19
640,712,205,0,19
640,713,205,0,19
640,714,205,0,19
640,715,205,0,19
640,716,205,0,19
640,717,205,0,19
640,718,205,0,19
640,719,205,0,19
640,720,205,0,19
640,721,205,0,19
640,722,205,0,19
640,723,205,0,19
640,724,205,0,19
656,625,100,0,35
656,626,100,0,35
656,627,100,0,35
656,628,100,0,35
656,629,100,0,35
656,630,100,0,35
656,631,100,0,35
656,632,100,0,35
656,633,100,0,35
656,634,100,0,35
656,635,100,0,35
656,636,100,0,35
656,637,100,0,35
656,638,100,0,35
656,639,100,0,35
656,640,100,0,35
656,641,100,0,35
656,642,100,0,35
656,643,100,0,35
656,644,100,0,35
656,645,100,0,35
656,646,100,0,35
656,647,100,0,35
656,648,100,0,35
656,649,100,0,35
656,650,100,0,35
656,651,100,0,35
656,652,100,0,35
656,653,100,0,35
656,654,100,0,35
656,655,100,0,35
656,657,100,0,35
656,658,100,0,35
656,659,100,0,35
656,660,100,0,35
656,661,100,0,35
656,662,100,0,35
656,663,100,0,35
656,664,100,0,35
656,665,100,0,35
656,666,100,0,35
656,667,100,0,35
656,668,100,0,35
656,669,100,0,35
656,670,100,0,35
656,671,100,0,35
656,672,100,0,35
656,673,100,0,35
656,674,100,0,35
656,675,100,0,35
656,676,100,0,35
656,677,100,0,35
656,678,100,0,35
656,679,100,0,35
656,680,100,0,35
656,681,100,0,35
656,682,100,0,35
656,683,100,0,35
656,684,100,0,35
656,685,100,0,35
656,686,100,0,35
656,687,100,0,35
656,688,100,0,35
656,689,100,0,35
656,690,100,0,35
656,691,100,0,35
656,692,100,0,35
656,693,100,0,35
656,694,100,0,35
656,695,100,0,35
656,696,100,0,35
656,697,100,0,35
656,698,100,0,35
656,699,100,0,35
656,700,100,0,35
656,701,100,0,35
656,702,100,0,35
656,703,100,0,35
656,704,100,0,35
656,705,100,0,35
656,706,100,0,35
656,707,100,0,35
656,708,100,0,35
656,709,100,0,35
656,710,100,0,35
656,711,100,0,35
656,712,100,0,35
656,713,100,0,35
656,714,100,0,35
656,715,100,0,35
656,716,100,0,35
656,717,100,0,35
656,718,100,0,35
656,719,100,0,35
656,720,100,0,35
656,721,100,0,35
656,722,100,0,35
656,723,100,0,35
656,724,100,0,35
693,625,328,0,72
693,626,328,0,72
693,627,328,0,72
693,628,328,0,72
693,629,328,0,72
693,630,328,0,72
693,631,328,0,72
693,632,328,0,72
693,633,328,0,72
693,634,328,0,72
693,635,328,0,72
693,636,328,0,72
693,637,328,0,72
693,638,328,0,72
693,639,328,0,72
693,640,328,0,72
693,641,328,0,72
693,642,328,0,72
693,643,328,0,72
693,644,328,0,72
693,645,328,0,72
693,646,328,0,72
693,647,328,0,72
693,648,328,0,72
693,649,328,0,72
693,650,328,0,72
693,651,328,0,72
693,652,328,0,72
693,653,328,0,72
693,654,328,0,72
693,655,328,0,72
693,656,328,0,72
693,657,328,0,72
693,658,328,0,72
693,659,328,0,72
693,660,328,0,72
693,661,328,0,72
693,662,328,0,72
693,663,328,0,72
693,664,328,0,72
693,665,328,0,72
693,666,328,0,72
693,667,328,0,72
693,668,328,0,72
693,669,328,0,72
693,670,328,0,72
693,671,328,0,72
693,672,328,0,72
693,673,328,0,72
693,674,328,0,72
693,675,328,0,72
693,676,328,0,72
693,677,328,0,72
693,678,328,0,72
693,679,328,0,72
693,680,328,0,72
693,681,328,0,72
693,682,328,0,72
693,683,328,0,72
693,684,328,0,72
693,685,328,0,72
693,686,328,0,72
693,687,328,0,72
693,688,328,0,72
693,689,328,0,72
693,690,328,0,72
693,691,328,0,72
693,692,328,0,72
693,694,328,0,72
693,695,328,0,72
693,696,328,0,72
693,697,328,0,72
693,698,328,0,72
693,699,328,0,72
693,700,328,0,72
693,701,328,0,72
693,702,328,0,72
693,703,328,0,72
693,704,328,0,72
693,705,328,0,72
693,706,328,0,72
693,707,328,0,72
693,708,328,0,72
693,709,328,0,72
693,710,328,0,72
693,711,328,0,72
693,712,328,0,72
693,713,328,0,72
693,714,328,0,72
693,715,328,0,72
693,716,328,0,72
693,717,328,0,72
693,718,328,0,72
693,719,328,0,72
693,720,328,0,72
693,721,328,0,72
693,722,328,0,72
693,723,328,0,72
693,724,328,0,72
694,625,181,0,73
694,626,181,0,73
694,627,181,0,73
694,628,181,0,73
694,629,181,0,73
694,630,181,0,73
694,631,181,0,73
694,632,181,0,73
694,633,181,0,73
694,634,181,0,73
694,635,181,0,73
694,636,181,0,73
694,637,181,0,73
694,638,181,0,73
694,639,181,0,73
694,640,181,0,73
694,641,181,0,73
694,642,181,0,73
694,643,181,0,73
694,644,181,0,73
694,645,181,0,73
694,646,181,0,73
694,647,181,0,73
694,648,181,0,73
694,649,181,0,73
694,650,181,0,73
694,651,181,0,73
694,652,181,0,73
694,653,181,0,73
694,654,181,0,73
694,655,181,0,73
694,656,181,0,73
694,657,181,0,73
694,658,181,0,73
694,659,181,0,73
694,660,181,0,73
694,661,181,0,73
694,662,181,0,73
694,663,181,0,73
694,664,181,0,73
694,665,181,0,73
694,666,181,0,73
694,667,181,0,73
694,668,181,0,73
694,669,181,0,73
694,670,181,0,73
694,671,181,0,73
694,672,181,0,73
694,673,181,0,73
694,674,181,0,73
694,675,181,0,73
694,676,181,0,73
694,677,181,0,73
694,678,181,0,73
694,679,181,0,73
694,680,181,0,73
694,681,181,0,73
694,682,181,0,73
694,683,181,0,73
694,684,181,0,73
694,685,181,0,73
694,686,181,0,73
694,687,181,0,73
694,688,181,0,73
694,689,181,0,73
694,690,181,0,73
694,691,181,0,73
694,692,181,0,73
694,693,181,0,73
694,695,181,0,73
694,696,181,0,73
694,697,181,0,73
694,698,181,0,73
694,699,181,0,73
694,700,181,0,73
694,701,181,0,73
694,702,181,0,73
694,703,181,0,73
694,704,181,0,73
694,705,181,0,73
694,706,181,0,73
694,707,181,0,73
694,708,181,0,73
694,709,181,0,73
694,710,181,0,73
694,711,181,0,73
694,712,181,0,73
694,713,181,0,73
694,714,181,0,73
694,715,181,0,73
694,716,181,0,73
694,717,181,0,73
694,718,181,0,73
694,719,181,0,73
694,720,181,0,73
694,721,181,0,73
694,722,181,0,73
694,723,181,0,73
694,724,181,0,73
697,625,185,0,76
697,626,185,0,76
697,627,185,0,76
697,628,185,0,76
697,629,185,0,76
697,630,185,0,76
697,631,185,0,76
697,632,185,0,76
697,633,185,0,76
697,634,185,0,76
697,635,185,0,76
697,636,185,0,76
697,637,185,0,76
697,638,185,0,76
697,639,185,0,76
697,640,185,0,76
697,641,185,0,76
697,642,185,0,76
697,643,185,0,76
697,644,185,0,76
697,645,185,0,76
697,646,185,0,76
697,647,185,0,76
697,648,185,0,76
697,649,185,0,76
697,650,185,0,76
697,651,185,0,76
697,652,185,0,76
697,653,185,0,76
697,654,185,0,76
697,655,185,0,76
697,656,185,0,76
697,657,185,0,76
697,658,185,0,76
697,659,185,0,76
697,660,185,0,76
697,661,185,0,76
697,662,185,0,76
697,663,185,0,76
697,664,185,0,76
697,665,185,0,76
697,666,185,0,76
697,667,185,0,76
697,668,185,0,76
697,669,185,0,76
697,670,185,0,76
697,671,185,0,76
697,672,185,0,76
697,673,185,0,76
697,674,185,0,76
697,675,185,0,76
697,676,185,0,76
697,677,185,0,76
697,678,185,0,76
697,679,185,0,76
697,680,185,0,76
697,681,185,0,76
697,682,185,0,76
697,683,185,0,76
697,684,185,0,76
697,685,185,0,76
697,686,185,0,76
697,687,185,0,76
697,688,185,0,76
697,689,185,0,76
697,690,185,0,76
697,691,185,0,76
697,692,185,0,76
697,693,185,0,76
697,694,185,0,76
697,695,185,0,76
697,696,185,0,76
697,698,185,0,76
697,699,185,0,76
697,700,185,0,76
697,701,185,0,76
697,702,185,0,76
697,703,185,0,76
697,704,185,0,76
697,705,185,0,76
697,706,185,0,76
697,707,185,0,76
697,708,185,0,76
697,709,185,0,76
697,710,185,0,76
697,711,185,0,76
697,712,185,0,76
697,713,185,0,76
697,714,185,0,76
697,715,185,0,76
697,716,185,0,76
697,717,185,0,76
697,718,185,0,76
697,719,185,0,76
697,720,185,0,76
697,721,185,0,76
697,722,185,0,76
697,723,185,0,76
697,724,185,0,76
721,625,157,0,100
721,626,157,0,100
721,627,157,0,100
721,628,157,0,100
721,629,157,0,100
721,630,157,0,100
721,631,157,0,100
721,632,157,0,100
721,633,157,0,100
721,634,157,0,100
721,635,157,0,100
721,636,157,0,100
721,637,157,0,100
721,638,157,0,100
721,639,157,0,100
721,640,157,0,100
721,641,157,0,100
721,642,157,0,100
721,643,157,0,100
721,644,157,0,100
721,645,157,0,100
721,646,157,0,100
721,647,157,0,100
721,648,157,0,100
721,649,157,0,100
721,650,157,0,100
721,651,157,0,100
721,652,157,0,100
721,653,157,0,100
721,654,157,0,100
721,655,157,0,100
721,656,157,0,100
721,657,157,0,100
721,658,157,0,100
721,659,157,0,100
721,660,157,0,100
721,661,157,0,100
721,662,157,0,100
721,663,157,0,100
721,664,157,0,100
721,665,157,0,100
721,666,157,0,100
721,667,157,0,100
721,668,157,0,100
721,669,157,0,100
721,670,157,0,100
721,671,157,0,100
721,672,157,0,100
721,673,157,0,100
721,674,157,0,100
721,675,157,0,100
721,676,157,0,100
721,677,157,0,100
721,678,157,0,100
721,679,157,0,100
721,680,157,0,100
721,681,157,0,100
721,682,157,0,100
721,683,157,0,100
721,684,157,0,100
721,685,157,0,100
721,686,157,0,100
721,687,157,0,100
721,688,157,0,100
721,689,157,0,100
721,690,157,0,100
721,691,157,0,100
721,692,157,0,100
721,693,157,0,100
721,694,157,0,100
721,695,157,0,100
721,696,157,0,100
721,697,157,0,100
721,698,157,0,100
721,699,157,0,100
721,700,157,0,100
721,701,157,0,100
721,702,157,0,100
721,703,157,0,100
721,704,157,0,100
721,705,157,0,100
721,706,157,0,100
721,707,157,0,100
721,708,157,0,100
721,709,157,0,100
721,710,157,0,100
721,711,157,0,100
721,712,157,0,100
721,713,157,0,100
721,714,157,0,100
721,715,157,0,100
721,716,157,0,100
721,717,157,0,100
721,718,157,0,100
721,719,157,0,100
721,720,157,0,100
721,722,157,0,100
721,723,157,0,100
721,724,157,0,100
723,625,137,0,102
723,626,137,0,102
723,627,137,0,102
723,628,137,0,102
723,629,137,0,102
723,630,137,0,102
723,631,137,0,102
723,632,137,0,102
723,633,137,0,102
723,634,137,0,102
723,635,137,0,102
723,636,137,0,102
723,637,137,0,102
723,638,137,0,102
723,639,137,0,102
723,640,137,0,102
723,641,137,0,102
723,642,137,0,102
723,643,137,0,102
723,644,137,0,102
723,645,137,0,102
723,646,137,0,102
723,647,137,0,102
723,648,137,0,102
723,649,137,0,102
723,650,137,0,102
723,651,137,0,102
723,652,137,0,102
723,653,137,0,102
723,654,137,0,102
723,655,137,0,102
723,656,137,0,102
723,657,137,0,102
723,658,137,0,102
723,659,137,0,102
723,660,137,0,102
723,661,137,0,102
723,662,137,0,102
723,663,137,0,102
723,664,137,0,102
723,665,137,0,102
723,666,137,0,102
723,667,137,0,102
723,668,137,0,102
723,669,137,0,102
723,670,137,0,102
723,671,137,0,102
723,672,137,0,102
723,673,137,0,102
723,674,137,0,102
723,675,137,0,102
723,676,137,0,102
723,677,137,0,102
723,678,137,0,102
723,679,137,0,102
723,680,137,0,102
723,681,137,0,102
723,682,137,0,102
723,683,137,0,102
723,684,137,0,102
723,685,137,0,102
723,686,137,0,102
723,687,137,0,102
723,688,137,0,102
723,689,137,0,102
723,690,137,0,102
723,691,137,0,102
723,692,137,0,102
723,693,137,0,102
723,694,137,0,102
723,695,137,0,102
723,696,137,0,102
723,697,137,0,102
723,698,137,0,102
723,699,137,0,102
723,700,137,0,102
723,701,137,0,102
723,702,137,0,102
723,703,137,0,102
723,704,137,0,102
723,705,137,0,102
723,706,137,0,102
723,707,137,0,102
723,708,137,0,102
723,709,137,0,102
723,710,137,0,102
723,711,137,0,102
723,712,137,0,102
723,713,137,0,102
723,714,137,0,102
723,715,137,0,102
723,716,137,0,102
723,717,137,0,102
723,718,137,0,102
723,719,137,0,102
723,720,137,0,102
723,721,137,0,102
723,722,137,0,102
723,724,137,0,102
