5,683,605,3,3
6,683,606,3,3
6,685,7,1,0
7,683,607,3,3
7,685,8,1,0
8,683,608,3,3
8,685,33,2,0
9,683,8,0,1
9,685,34,2,0
10,683,9,0,1
10,685,35,2,0
11,683,10,0,1
12,683,11,0,1
18,683,19,1,0
19,683,20,1,0
19,685,18,0,1
20,683,21,1,0
20,685,45,2,0
21,683,621,3,3
21,685,46,2,0
22,683,622,3,3
22,685,21,0,1
23,683,623,3,3
23,685,24,1,0
24,683,624,3,3
30,683,5,0,2
31,683,6,0,2
31,685,32,2,1
32,683,7,0,2
32,685,33,2,1
33,683,8,0,2
33,685,58,3,0
34,683,33,1,2
34,685,59,3,0
35,683,34,1,2
35,685,60,3,0
36,683,35,1,2
37,683,36,1,2
43,683,44,2,1
44,683,45,2,1
44,685,43,1,2
45,683,46,2,1
45,685,70,3,0
46,683,21,0,2
46,685,71,3,0
47,683,22,0,2
47,685,46,1,2
48,683,23,0,2
48,685,49,2,1
49,683,24,0,2
55,683,80,3,0
56,683,81,3,0
56,685,57,2,1
57,683,82,3,0
57,685,58,2,1
59,683,58,1,2
59,685,84,3,0
60,683,59,1,2
60,685,85,3,0
61,683,60,1,2
62,683,61,1,2
68,683,69,2,1
69,683,70,2,1
69,685,68,1,2
70,683,71,2,1
70,685,95,3,0
72,683,97,3,0
72,685,71,1,2
73,683,98,3,0
73,685,74,2,1
74,683,99,3,0
80,683,105,3,0
81,683,106,3,0
81,685,82,2,1
82,683,107,3,0
82,685,83,2,1
84,683,83,1,2
84,685,109,3,0
85,683,84,1,2
85,685,110,3,0
86,683,85,1,2
87,683,86,1,2
93,683,94,2,1
94,683,95,2,1
94,685,93,1,2
95,683,96,2,1
95,685,120,3,0
97,683,122,3,0
97,685,96,1,2
98,683,123,3,0
98,685,99,2,1
99,683,124,3,0
105,683,130,3,0
106,683,131,3,0
106,685,107,2,1
107,683,132,3,0
107,685,108,2,1
109,683,108,1,2
109,685,134,3,0
110,683,109,1,2
110,685,135,3,0
111,683,110,1,2
112,683,111,1,2
118,683,119,2,1
119,683,120,2,1
119,685,118,1,2
120,683,121,2,1
120,685,145,3,0
122,683,147,3,0
122,685,121,1,2
123,683,148,3,0
123,685,124,2,1
124,683,149,3,0
130,683,155,3,0
131,683,156,3,0
131,685,132,2,1
132,683,157,3,0
132,685,133,2,1
134,683,133,1,2
134,685,159,3,0
135,683,134,1,2
135,685,160,3,0
136,683,135,1,2
137,683,136,1,2
143,683,144,2,1
144,683,145,2,1
144,685,143,1,2
145,683,146,2,1
145,685,170,3,0
147,683,172,3,0
147,685,146,1,2
148,683,173,3,0
148,685,149,2,1
149,683,174,3,0
155,683,180,3,0
156,683,181,3,0
156,685,157,2,1
157,683,182,3,0
157,685,158,2,1
158,683,183,3,0
159,683,158,1,2
159,685,184,3,0
160,683,159,1,2
160,685,185,3,0
161,683,160,1,2
162,683,161,1,2
168,683,169,2,1
169,683,170,2,1
169,685,168,1,2
170,683,171,2,1
170,685,195,3,0
171,683,196,3,0
172,683,197,3,0
172,685,171,1,2
173,683,198,3,0
173,685,174,2,1
174,683,199,3,0
180,683,205,3,0
181,683,206,3,0
181,685,182,2,1
182,683,207,3,0
182,685,183,2,1
183,683,208,3,0
184,683,183,1,2
184,685,209,3,0
185,683,184,1,2
185,685,210,3,0
186,683,185,1,2
187,683,186,1,2
193,683,194,2,1
194,683,195,2,1
194,685,193,1,2
195,683,196,2,1
195,685,220,3,0
196,683,221,3,0
197,683,222,3,0
197,685,196,1,2
198,683,223,3,0
198,685,199,2,1
199,683,224,3,0
205,683,230,3,0
206,683,231,3,0
206,685,207,2,1
207,683,232,3,0
207,685,208,2,1
208,683,233,3,0
208,685,209,2,1
209,683,208,1,2
209,685,210,2,1
210,683,209,1,2
210,685,685,64,0
211,683,210,1,2
212,683,211,1,2
218,683,219,2,1
219,683,220,2,1
219,685,218,1,2
220,683,221,2,1
220,685,219,1,2
221,683,246,3,0
221,685,220,1,2
222,683,247,3,0
222,685,221,1,2
223,683,248,3,0
223,685,224,2,1
224,683,249,3,0
230,683,255,3,0
231,683,256,3,0
231,685,232,2,1
232,683,257,3,0
232,685,233,2,1
233,683,258,3,0
233,685,208,0,3
234,683,233,1,2
234,685,209,0,3
235,683,234,1,2
235,685,210,0,3
236,683,235,1,2
237,683,236,1,2
243,683,244,2,1
244,683,245,2,1
244,685,243,1,2
245,683,246,2,1
245,685,220,0,3
246,683,271,3,0
246,685,221,0,3
247,683,272,3,0
247,685,246,1,2
248,683,273,3,0
248,685,249,2,1
249,683,274,3,0
255,683,280,3,0
256,683,281,3,0
256,685,257,2,1
257,683,282,3,0
257,685,258,2,1
258,683,283,3,0
258,685,233,0,3
259,683,258,1,2
259,685,234,0,3
260,683,259,1,2
260,685,235,0,3
261,683,260,1,2
262,683,261,1,2
268,683,269,2,1
269,683,270,2,1
269,685,268,1,2
270,683,271,2,1
270,685,245,0,3
271,683,296,3,0
271,685,246,0,3
272,683,297,3,0
272,685,271,1,2
273,683,298,3,0
273,685,274,2,1
274,683,299,3,0
280,683,305,3,0
281,683,306,3,0
281,685,282,2,1
282,683,307,3,0
282,685,283,2,1
283,683,308,3,0
283,685,258,0,3
284,683,283,1,2
284,685,259,0,3
285,683,284,1,2
285,685,260,0,3
286,683,285,1,2
287,683,286,1,2
293,683,294,2,1
294,683,295,2,1
294,685,293,1,2
295,683,296,2,1
295,685,270,0,3
296,683,321,3,0
296,685,271,0,3
297,683,322,3,0
297,685,296,1,2
298,683,323,3,0
298,685,299,2,1
299,683,324,3,0
305,683,330,3,0
306,683,331,3,0
306,685,307,2,1
307,683,332,3,0
307,685,308,2,1
308,683,333,3,0
308,685,283,0,3
309,683,308,1,2
309,685,284,0,3
310,683,309,1,2
310,685,285,0,3
311,683,310,1,2
312,683,311,1,2
318,683,319,2,1
319,683,320,2,1
319,685,318,1,2
320,683,321,2,1
320,685,295,0,3
321,683,346,3,0
321,685,296,0,3
322,683,347,3,0
322,685,321,1,2
323,683,348,3,0
323,685,324,2,1
324,683,349,3,0
330,683,355,3,0
331,683,356,3,0
331,685,332,2,1
332,683,357,3,0
332,685,333,2,1
333,683,358,3,0
333,685,308,0,3
334,683,333,1,2
334,685,309,0,3
335,683,334,1,2
335,685,310,0,3
336,683,335,1,2
337,683,336,1,2
343,683,344,2,1
344,683,345,2,1
344,685,343,1,2
345,683,346,2,1
345,685,320,0,3
346,683,371,3,0
346,685,321,0,3
347,683,372,3,0
347,685,346,1,2
348,683,373,3,0
348,685,349,2,1
349,683,374,3,0
355,683,683,62,0
356,683,355,1,2
356,685,357,2,1
357,683,356,1,2
357,685,358,2,1
358,683,357,1,2
358,685,333,0,3
359,683,358,1,2
359,685,334,0,3
360,683,359,1,2
360,685,335,0,3
361,683,360,1,2
362,683,361,1,2
368,683,369,2,1
369,683,370,2,1
369,685,368,1,2
370,683,371,2,1
370,685,345,0,3
371,683,372,2,1
371,685,346,0,3
372,683,373,2,1
372,685,371,1,2
373,683,374,2,1
374,683,350,2,3
380,683,355,0,3
381,683,356,0,3
381,685,382,2,1
382,683,357,0,3
382,685,383,2,1
384,683,383,1,2
384,685,359,0,3
385,683,384,1,2
385,685,360,0,3
386,683,385,1,2
387,683,386,1,2
393,683,394,2,1
394,683,395,2,1
394,685,393,1,2
395,683,396,2,1
395,685,370,0,3
397,683,372,0,3
397,685,396,1,2
398,683,373,0,3
398,685,399,2,1
399,683,374,0,3
405,683,380,0,3
406,683,381,0,3
406,685,407,2,1
407,683,382,0,3
407,685,408,2,1
409,683,408,1,2
409,685,384,0,3
410,683,409,1,2
410,685,385,0,3
411,683,410,1,2
412,683,411,1,2
418,683,419,2,1
419,683,420,2,1
419,685,418,1,2
420,683,421,2,1
420,685,395,0,3
422,683,397,0,3
422,685,421,1,2
423,683,398,0,3
423,685,424,2,1
424,683,399,0,3
430,683,405,0,3
431,683,406,0,3
431,685,432,2,1
432,683,407,0,3
432,685,433,2,1
434,683,433,1,2
434,685,409,0,3
435,683,434,1,2
435,685,410,0,3
436,683,435,1,2
437,683,436,1,2
443,683,444,2,1
444,683,445,2,1
444,685,443,1,2
445,683,446,2,1
445,685,420,0,3
447,683,422,0,3
447,685,446,1,2
448,683,423,0,3
448,685,449,2,1
449,683,424,0,3
455,683,430,0,3
456,683,431,0,3
456,685,457,2,1
457,683,432,0,3
457,685,458,2,1
459,683,458,1,2
459,685,434,0,3
460,683,459,1,2
460,685,435,0,3
461,683,460,1,2
462,683,461,1,2
468,683,469,2,1
469,683,470,2,1
469,685,468,1,2
470,683,471,2,1
470,685,445,0,3
472,683,447,0,3
472,685,471,1,2
473,683,448,0,3
473,685,474,2,1
474,683,449,0,3
480,683,455,0,3
481,683,456,0,3
481,685,482,2,1
482,683,457,0,3
482,685,483,2,1
483,683,458,0,3
484,683,483,1,2
484,685,459,0,3
485,683,484,1,2
485,685,460,0,3
486,683,485,1,2
487,683,486,1,2
493,683,494,2,1
494,683,495,2,1
494,685,493,1,2
495,683,496,2,1
495,685,470,0,3
496,683,471,0,3
497,683,472,0,3
497,685,496,1,2
498,683,473,0,3
498,685,499,2,1
499,683,474,0,3
505,683,480,0,3
506,683,481,0,3
506,685,507,2,1
507,683,482,0,3
507,685,508,2,1
508,683,483,0,3
509,683,508,1,2
509,685,484,0,3
510,683,509,1,2
510,685,485,0,3
511,683,510,1,2
512,683,511,1,2
518,683,519,2,1
519,683,520,2,1
519,685,518,1,2
520,683,521,2,1
520,685,495,0,3
521,683,496,0,3
522,683,497,0,3
522,685,521,1,2
523,683,498,0,3
523,685,524,2,1
524,683,499,0,3
530,683,505,0,3
531,683,506,0,3
531,685,532,2,1
532,683,507,0,3
532,685,533,2,1
533,683,508,0,3
533,685,558,3,0
534,683,533,1,2
534,685,559,3,0
535,683,534,1,2
535,685,560,3,0
536,683,535,1,2
537,683,536,1,2
543,683,544,2,1
544,683,545,2,1
544,685,543,1,2
545,683,546,2,1
545,685,570,3,0
546,683,521,0,3
546,685,571,3,0
547,683,522,0,3
547,685,546,1,2
548,683,523,0,3
548,685,549,2,1
549,683,524,0,3
555,683,530,0,3
556,683,531,0,3
556,685,557,2,1
557,683,532,0,3
557,685,558,2,1
558,683,533,0,3
558,685,583,3,0
559,683,558,1,2
559,685,584,3,0
560,683,559,1,2
560,685,585,3,0
561,683,560,1,2
562,683,561,1,2
568,683,569,2,1
569,683,570,2,1
569,685,568,1,2
570,683,571,2,1
570,685,595,3,0
571,683,546,0,3
571,685,596,3,0
572,683,547,0,3
572,685,571,1,2
573,683,548,0,3
573,685,574,2,1
574,683,549,0,3
580,683,555,0,3
581,683,556,0,3
581,685,582,2,1
582,683,557,0,3
582,685,583,2,1
583,683,558,0,3
583,685,608,3,0
584,683,583,1,2
584,685,609,3,0
585,683,584,1,2
585,685,610,3,0
586,683,585,1,2
587,683,586,1,2
593,683,594,2,1
594,683,595,2,1
594,685,593,1,2
595,683,596,2,1
595,685,620,3,0
596,683,571,0,3
596,685,621,3,0
597,683,572,0,3
597,685,596,1,2
598,683,573,0,3
598,685,599,2,1
599,683,574,0,3
605,683,580,0,3
606,683,581,0,3
606,685,607,2,1
607,683,582,0,3
607,685,608,2,1
608,683,583,0,3
608,685,8,3,3
609,683,608,1,2
609,685,9,3,3
610,683,609,1,2
610,685,10,3,3
611,683,610,1,2
612,683,611,1,2
618,683,619,2,1
619,683,620,2,1
619,685,618,1,2
620,683,621,2,1
620,685,20,3,3
621,683,596,0,3
621,685,21,3,3
622,683,597,0,3
622,685,621,1,2
623,683,598,0,3
623,685,624,2,1
624,683,599,0,3
683,625,355,0,62
683,626,355,0,62
683,627,355,0,62
683,628,355,0,62
683,629,355,0,62
683,630,355,0,62
683,631,355,0,62
683,632,355,0,62
683,633,355,0,62
683,634,355,0,62
683,635,355,0,62
683,636,355,0,62
683,637,355,0,62
683,638,355,0,62
683,639,355,0,62
683,640,355,0,62
683,641,355,0,62
683,642,355,0,62
683,643,355,0,62
683,644,355,0,62
683,645,355,0,62
683,646,355,0,62
683,647,355,0,62
683,648,355,0,62
683,649,355,0,62
683,650,355,0,62
683,651,355,0,62
683,652,355,0,62
683,653,355,0,62
683,654,355,0,62
683,655,355,0,62
683,656,355,0,62
683,657,355,0,62
683,658,355,0,62
683,659,355,0,62
683,660,355,0,62
683,661,355,0,62
683,662,355,0,62
683,663,355,0,62
683,664,355,0,62
683,665,355,0,62
683,666,355,0,62
683,667,355,0,62
683,668,355,0,62
683,669,355,0,62
683,670,355,0,62
683,671,355,0,62
683,672,355,0,62
683,673,355,0,62
683,674,355,0,62
683,675,355,0,62
683,676,355,0,62
683,677,355,0,62
683,678,355,0,62
683,679,355,0,62
683,680,355,0,62
683,681,355,0,62
683,682,355,0,62
683,684,355,0,62
683,685,355,0,62
683,686,355,0,62
683,687,355,0,62
683,688,355,0,62
683,689,355,0,62
683,690,355,0,62
683,691,355,0,62
683,692,355,0,62
683,693,355,0,62
683,694,355,0,62
683,695,355,0,62
683,696,355,0,62
683,697,355,0,62
683,698,355,0,62
683,699,355,0,62
683,700,355,0,62
683,701,355,0,62
683,702,355,0,62
683,703,355,0,62
683,704,355,0,62
683,705,355,0,62
683,706,355,0,62
683,707,355,0,62
683,708,355,0,62
683,709,355,0,62
683,710,355,0,62
683,711,355,0,62
683,712,355,0,62
683,713,355,0,62
683,714,355,0,62
683,715,355,0,62
683,716,355,0,62
683,717,355,0,62
683,718,355,0,62
683,719,355,0,62
683,720,355,0,62
683,721,355,0,62
683,722,355,0,62
683,723,355,0,62
683,724,355,0,62
685,625,210,0,64
685,626,210,0,64
685,627,210,0,64
685,628,210,0,64
685,629,210,0,64
685,630,210,0,64
685,631,210,0,64
685,632,210,0,64
685,633,210,0,64
685,634,210,0,64
685,635,210,0,64
685,636,210,0,64
685,637,210,0,64
685,638,210,0,64
685,639,210,0,64
685,640,210,0,64
685,641,210,0,64
685,642,210,0,64
685,643,210,0,64
685,644,210,0,64
685,645,210,0,64
685,646,210,0,64
685,647,210,0,64
685,648,210,0,64
685,649,210,0,64
685,650,210,0,64
685,651,210,0,64
685,652,210,0,64
685,653,210,0,64
685,654,210,0,64
685,655,210,0,64
685,656,210,0,64
685,657,210,0,64
685,658,210,0,64
685,659,210,0,64
685,660,210,0,64
685,661,210,0,64
685,662,210,0,64
685,663,210,0,64
685,664,210,0,64
685,665,210,0,64
685,666,210,0,64
685,667,210,0,64
685,668,210,0,64
685,669,210,0,64
685,670,210,0,64
685,671,210,0,64
685,672,210,0,64
685,673,210,0,64
685,674,210,0,64
685,675,210,0,64
685,676,210,0,64
685,677,210,0,64
685,678,210,0,64
685,679,210,0,64
685,680,210,0,64
685,681,210,0,64
685,682,210,0,64
685,683,210,0,64
685,684,210,0,64
685,686,210,0,64
685,687,210,0,64
685,688,210,0,64
685,689,210,0,64
685,690,210,0,64
685,691,210,0,64
685,692,210,0,64
685,693,210,0,64
685,694,210,0,64
685,695,210,0,64
685,696,210,0,64
685,697,210,0,64
685,698,210,0,64
685,699,210,0,64
685,700,210,0,64
685,701,210,0,64
685,702,210,0,64
685,703,210,0,64
685,704,210,0,64
685,705,210,0,64
685,706,210,0,64
685,707,210,0,64
685,708,210,0,64
685,709,210,0,64
685,710,210,0,64
685,711,210,0,64
685,712,210,0,64
685,713,210,0,64
685,714,210,0,64
685,715,210,0,64
685,716,210,0,64
685,717,210,0,64
685,718,210,0,64
685,719,210,0,64
685,720,210,0,64
685,721,210,0,64
685,722,210,0,64
685,723,210,0,64
685,724,210,0,64
