0,625,1,0,0
4,625,625,4,0
5,625,4,0,1
6,625,5,0,1
7,625,6,0,1
8,625,7,0,1
9,625,8,0,1
10,625,9,0,1
11,625,10,0,1
12,625,11,0,1
13,625,12,0,1
17,625,18,1,0
18,625,19,1,0
19,625,20,1,0
20,625,21,1,0
21,625,22,1,0
22,625,23,1,0
23,625,24,1,0
24,625,0,1,2
25,625,0,0,1
26,625,1,0,2
29,625,4,0,2
30,625,5,0,2
31,625,6,0,2
32,625,7,0,2
33,625,8,0,2
35,625,34,1,2
36,625,35,1,2
37,625,36,1,2
38,625,37,1,2
42,625,43,2,1
43,625,44,2,1
44,625,45,2,1
45,625,46,2,1
47,625,22,0,2
48,625,23,0,2
49,625,24,0,2
50,625,25,0,2
51,625,26,0,3
54,625,29,0,3
55,625,30,0,3
56,625,31,0,3
57,625,32,0,3
58,625,33,0,3
60,625,59,1,2
61,625,60,1,2
62,625,61,1,2
63,625,62,1,2
67,625,68,2,1
68,625,69,2,1
69,625,70,2,1
70,625,71,2,1
72,625,47,0,3
73,625,48,0,3
74,625,49,0,3
75,625,50,0,2
76,625,51,0,3
79,625,54,0,3
80,625,55,0,3
81,625,56,0,3
82,625,57,0,3
83,625,58,0,3
84,625,59,0,3
85,625,84,1,2
86,625,85,1,2
87,625,86,1,2
88,625,87,1,2
92,625,93,2,1
93,625,94,2,1
94,625,95,2,1
95,625,96,2,1
96,625,71,0,3
97,625,72,0,3
98,625,73,0,3
99,625,74,0,3
100,625,75,0,2
101,625,76,0,3
104,625,79,0,3
105,625,80,0,3
106,625,81,0,3
107,625,82,0,3
108,625,83,0,3
109,625,84,0,3
110,625,109,1,2
111,625,110,1,2
112,625,111,1,2
113,625,112,1,2
117,625,118,2,1
118,625,119,2,1
119,625,120,2,1
120,625,121,2,1
121,625,96,0,3
122,625,97,0,3
123,625,98,0,3
124,625,99,0,3
125,625,100,0,2
126,625,101,0,3
129,625,104,0,3
130,625,105,0,3
131,625,106,0,3
132,625,107,0,3
133,625,108,0,3
134,625,109,0,3
134,627,159,3,0
135,625,134,1,2
135,627,160,3,0
136,625,135,1,2
136,627,161,3,0
137,625,136,1,2
138,625,137,1,2
142,625,143,2,1
143,625,144,2,1
144,625,145,2,1
145,625,146,2,1
145,627,170,3,0
146,625,121,0,3
146,627,171,3,0
147,625,122,0,3
148,625,123,0,3
149,625,124,0,3
150,625,125,0,2
151,625,126,0,3
154,625,129,0,3
155,625,130,0,3
156,625,131,0,3
157,625,132,0,3
158,625,133,0,3
159,625,134,0,3
159,679,184,3,0
160,625,159,1,2
160,679,185,3,0
161,625,160,1,2
161,679,186,3,0
162,625,161,1,2
163,625,162,1,2
167,625,168,2,1
168,625,169,2,1
169,625,170,2,1
170,625,171,2,1
170,679,195,3,0
171,625,146,0,3
171,679,196,3,0
172,625,147,0,3
173,625,148,0,3
174,625,149,0,3
175,625,150,0,2
176,625,151,0,3
179,625,154,0,3
180,625,155,0,3
181,625,156,0,3
182,625,157,0,3
183,625,158,0,3
184,625,159,0,3
185,625,184,1,2
186,625,185,1,2
187,625,186,1,2
188,625,187,1,2
192,625,193,2,1
193,625,194,2,1
194,625,195,2,1
195,625,196,2,1
196,625,171,0,3
197,625,172,0,3
198,625,173,0,3
199,625,174,0,3
200,625,175,0,2
201,625,176,0,3
204,625,179,0,3
205,625,180,0,3
206,625,181,0,3
207,625,182,0,3
208,625,183,0,3
209,625,184,0,3
210,625,209,1,2
211,625,210,1,2
212,625,211,1,2
213,625,212,1,2
217,625,218,2,1
218,625,219,2,1
219,625,220,2,1
220,625,221,2,1
221,625,196,0,3
222,625,197,0,3
223,625,198,0,3
224,625,199,0,3
225,625,200,0,2
226,625,201,0,3
229,625,204,0,3
230,625,205,0,3
231,625,206,0,3
232,625,207,0,3
233,625,208,0,3
234,625,209,0,3
235,625,234,1,2
236,625,235,1,2
237,625,236,1,2
238,625,237,1,2
242,625,243,2,1
243,625,244,2,1
244,625,245,2,1
245,625,246,2,1
246,625,221,0,3
247,625,222,0,3
248,625,223,0,3
249,625,224,0,3
250,625,225,0,2
251,625,226,0,3
254,625,229,0,3
255,625,230,0,3
256,625,231,0,3
257,625,232,0,3
258,625,233,0,3
259,625,234,0,3
260,625,259,1,2
261,625,260,1,2
262,625,261,1,2
263,625,262,1,2
267,625,268,2,1
268,625,269,2,1
269,625,270,2,1
270,625,271,2,1
271,625,246,0,3
272,625,247,0,3
273,625,248,0,3
274,625,249,0,3
275,625,250,0,2
276,625,251,0,3
279,625,254,0,3
280,625,255,0,3
281,625,256,0,3
282,625,257,0,3
283,625,258,0,3
284,625,259,0,3
285,625,284,1,2
286,625,285,1,2
287,625,286,1,2
288,625,287,1,2
292,625,293,2,1
293,625,294,2,1
294,625,295,2,1
295,625,296,2,1
296,625,271,0,3
297,625,272,0,3
298,625,273,0,3
299,625,274,0,3
300,625,275,0,2
301,625,276,0,3
304,625,279,0,3
305,625,280,0,3
306,625,281,0,3
307,625,282,0,3
308,625,283,0,3
309,625,284,0,3
310,625,309,1,2
311,625,310,1,2
312,625,311,1,2
313,625,312,1,2
317,625,318,2,1
318,625,319,2,1
319,625,320,2,1
320,625,321,2,1
321,625,296,0,3
322,625,297,0,3
323,625,298,0,3
324,625,299,0,3
325,625,350,2,0
326,625,351,3,0
329,625,354,3,0
330,625,355,3,0
331,625,356,3,0
332,625,357,3,0
333,625,358,3,0
335,625,334,1,2
336,625,335,1,2
337,625,336,1,2
338,625,337,1,2
342,625,343,2,1
343,625,344,2,1
344,625,345,2,1
345,625,346,2,1
347,625,372,3,0
348,625,373,3,0
349,625,374,3,0
350,625,375,2,0
351,625,376,3,0
354,625,379,3,0
355,625,380,3,0
356,625,381,3,0
357,625,382,3,0
358,625,383,3,0
360,625,359,1,2
361,625,360,1,2
362,625,361,1,2
363,625,362,1,2
367,625,368,2,1
368,625,369,2,1
369,625,370,2,1
370,625,371,2,1
372,625,397,3,0
373,625,398,3,0
374,625,399,3,0
375,625,400,2,0
376,625,401,3,0
379,625,404,3,0
380,625,405,3,0
381,625,406,3,0
382,625,407,3,0
383,625,408,3,0
384,625,409,3,0
385,625,384,1,2
386,625,385,1,2
387,625,386,1,2
388,625,387,1,2
392,625,393,2,1
393,625,394,2,1
394,625,395,2,1
395,625,396,2,1
396,625,421,3,0
397,625,422,3,0
398,625,423,3,0
399,625,424,3,0
400,625,425,2,0
401,625,426,3,0
404,625,429,3,0
405,625,430,3,0
406,625,431,3,0
407,625,432,3,0
408,625,433,3,0
409,625,434,3,0
410,625,409,1,2
411,625,410,1,2
412,625,411,1,2
413,625,412,1,2
417,625,418,2,1
418,625,419,2,1
419,625,420,2,1
420,625,421,2,1
421,625,446,3,0
422,625,447,3,0
423,625,448,3,0
424,625,449,3,0
425,625,450,2,0
426,625,451,3,0
429,625,454,3,0
430,625,455,3,0
431,625,456,3,0
432,625,457,3,0
433,625,458,3,0
434,625,459,3,0
434,627,435,2,1
435,625,434,1,2
435,627,436,2,1
436,625,435,1,2
436,627,627,6,0
437,625,436,1,2
438,625,437,1,2
442,625,443,2,1
443,625,444,2,1
444,625,445,2,1
445,625,446,2,1
445,627,444,1,2
446,625,471,3,0
446,627,445,1,2
447,625,472,3,0
448,625,473,3,0
449,625,474,3,0
450,625,475,2,0
451,625,476,3,0
454,625,479,3,0
455,625,480,3,0
456,625,481,3,0
457,625,482,3,0
458,625,483,3,0
459,625,484,3,0
459,627,434,0,3
459,679,460,2,1
460,625,459,1,2
460,627,435,0,3
460,679,461,2,1
461,625,460,1,2
461,627,436,0,3
461,679,679,58,0
462,625,461,1,2
463,625,462,1,2
467,625,468,2,1
468,625,469,2,1
469,625,470,2,1
470,625,471,2,1
470,627,445,0,3
470,679,469,1,2
471,625,496,3,0
471,627,446,0,3
471,679,470,1,2
472,625,497,3,0
473,625,498,3,0
474,625,499,3,0
475,625,500,2,0
476,625,501,3,0
479,625,504,3,0
480,625,505,3,0
481,625,506,3,0
482,625,507,3,0
483,625,508,3,0
484,625,509,3,0
484,679,459,0,3
485,625,484,1,2
485,679,460,0,3
486,625,485,1,2
486,679,461,0,3
487,625,486,1,2
488,625,487,1,2
492,625,493,2,1
493,625,494,2,1
494,625,495,2,1
495,625,496,2,1
495,679,470,0,3
496,625,521,3,0
496,679,471,0,3
497,625,522,3,0
498,625,523,3,0
499,625,524,3,0
500,625,525,2,0
501,625,526,3,0
504,625,529,3,0
505,625,530,3,0
506,625,531,3,0
507,625,532,3,0
508,625,533,3,0
509,625,534,3,0
510,625,509,1,2
511,625,510,1,2
512,625,511,1,2
513,625,512,1,2
517,625,518,2,1
518,625,519,2,1
519,625,520,2,1
520,625,521,2,1
521,625,546,3,0
522,625,547,3,0
523,625,548,3,0
524,625,549,3,0
525,625,550,2,0
526,625,551,3,0
529,625,554,3,0
530,625,555,3,0
531,625,556,3,0
532,625,557,3,0
533,625,558,3,0
534,625,559,3,0
535,625,534,1,2
536,625,535,1,2
537,625,536,1,2
538,625,537,1,2
542,625,543,2,1
543,625,544,2,1
544,625,545,2,1
545,625,546,2,1
546,625,571,3,0
547,625,572,3,0
548,625,573,3,0
549,625,574,3,0
550,625,575,2,0
551,625,576,3,0
554,625,579,3,0
555,625,580,3,0
556,625,581,3,0
557,625,582,3,0
558,625,583,3,0
559,625,584,3,0
560,625,559,1,2
561,625,560,1,2
562,625,561,1,2
563,625,562,1,2
567,625,568,2,1
568,625,569,2,1
569,625,570,2,1
570,625,571,2,1
571,625,596,3,0
572,625,597,3,0
573,625,598,3,0
574,625,599,3,0
575,625,600,2,0
576,625,601,3,0
579,625,604,3,0
580,625,605,3,0
581,625,606,3,0
582,625,607,3,0
583,625,608,3,0
584,625,609,3,0
585,625,584,1,2
586,625,585,1,2
587,625,586,1,2
588,625,587,1,2
592,625,593,2,1
593,625,594,2,1
594,625,595,2,1
595,625,596,2,1
596,625,621,3,0
597,625,622,3,0
598,625,623,3,0
599,625,624,3,0
600,625,0,2,3
601,625,1,3,3
604,625,4,3,3
605,625,5,3,3
606,625,6,3,3
607,625,7,3,3
608,625,8,3,3
609,625,9,3,3
610,625,609,1,2
611,625,610,1,2
612,625,611,1,2
613,625,612,1,2
617,625,618,2,1
618,625,619,2,1
619,625,620,2,1
620,625,621,2,1
621,625,21,3,3
622,625,22,3,3
623,625,23,3,3
624,625,24,3,3
625,626,4,0,4
625,627,4,0,4
625,628,4,0,4
625,629,4,0,4
625,630,4,0,4
625,631,4,0,4
625,632,4,0,4
625,633,4,0,4
625,634,4,0,4
625,635,4,0,4
625,636,4,0,4
625,637,4,0,4
625,638,4,0,4
625,639,4,0,4
625,640,4,0,4
625,641,4,0,4
625,642,4,0,4
625,643,4,0,4
625,644,4,0,4
625,645,4,0,4
625,646,4,0,4
625,647,4,0,4
625,648,4,0,4
625,649,4,0,4
625,650,4,0,4
625,651,4,0,4
625,652,4,0,4
625,653,4,0,4
625,654,4,0,4
625,655,4,0,4
625,656,4,0,4
625,657,4,0,4
625,658,4,0,4
625,659,4,0,4
625,660,4,0,4
625,661,4,0,4
625,662,4,0,4
625,663,4,0,4
625,664,4,0,4
625,665,4,0,4
625,666,4,0,4
625,667,4,0,4
625,668,4,0,4
625,669,4,0,4
625,670,4,0,4
625,671,4,0,4
625,672,4,0,4
625,673,4,0,4
625,674,4,0,4
625,675,4,0,4
625,676,4,0,4
625,677,4,0,4
625,678,4,0,4
625,679,4,0,4
625,680,4,0,4
625,681,4,0,4
625,682,4,0,4
625,683,4,0,4
625,684,4,0,4
625,685,4,0,4
625,686,4,0,4
625,687,4,0,4
625,688,4,0,4
625,689,4,0,4
625,690,4,0,4
625,691,4,0,4
625,692,4,0,4
625,693,4,0,4
625,694,4,0,4
625,695,4,0,4
625,696,4,0,4
625,697,4,0,4
625,698,4,0,4
625,699,4,0,4
625,700,4,0,4
625,701,4,0,4
625,702,4,0,4
625,703,4,0,4
625,704,4,0,4
625,705,4,0,4
625,706,4,0,4
625,707,4,0,4
625,708,4,0,4
625,709,4,0,4
625,710,4,0,4
625,711,4,0,4
625,712,4,0,4
625,713,4,0,4
625,714,4,0,4
625,715,4,0,4
625,716,4,0,4
625,717,4,0,4
625,718,4,0,4
625,719,4,0,4
625,720,4,0,4
625,721,4,0,4
625,722,4,0,4
625,723,4,0,4
625,724,4,0,4
627,625,436,0,6
627,626,436,0,6
627,628,436,0,6
627,629,436,0,6
627,630,436,0,6
627,631,436,0,6
627,632,436,0,6
627,633,436,0,6
627,634,436,0,6
627,635,436,0,6
627,636,436,0,6
627,637,436,0,6
627,638,436,0,6
627,639,436,0,6
627,640,436,0,6
627,641,436,0,6
627,642,436,0,6
627,643,436,0,6
627,644,436,0,6
627,645,436,0,6
627,646,436,0,6
627,647,436,0,6
627,648,436,0,6
627,649,436,0,6
627,650,436,0,6
627,651,436,0,6
627,652,436,0,6
627,653,436,0,6
627,654,436,0,6
627,655,436,0,6
627,656,436,0,6
627,657,436,0,6
627,658,436,0,6
627,659,436,0,6
627,660,436,0,6
627,661,436,0,6
627,662,436,0,6
627,663,436,0,6
627,664,436,0,6
627,665,436,0,6
627,666,436,0,6
627,667,436,0,6
627,668,436,0,6
627,669,436,0,6
627,670,436,0,6
627,671,436,0,6
627,672,436,0,6
627,673,436,0,6
627,674,436,0,6
627,675,436,0,6
627,676,436,0,6
627,677,436,0,6
627,678,436,0,6
627,679,436,0,6
627,680,436,0,6
627,681,436,0,6
627,682,436,0,6
627,683,436,0,6
627,684,436,0,6
627,685,436,0,6
627,686,436,0,6
627,687,436,0,6
627,688,436,0,6
627,689,436,0,6
627,690,436,0,6
627,691,436,0,6
627,692,436,0,6
627,693,436,0,6
627,694,436,0,6
627,695,436,0,6
627,696,436,0,6
627,697,436,0,6
627,698,436,0,6
627,699,436,0,6
627,700,436,0,6
627,701,436,0,6
627,702,436,0,6
627,703,436,0,6
627,704,436,0,6
627,705,436,0,6
627,706,436,0,6
627,707,436,0,6
627,708,436,0,6
627,709,436,0,6
627,710,436,0,6
627,711,436,0,6
627,712,436,0,6
627,713,436,0,6
627,714,436,0,6
627,715,436,0,6
627,716,436,0,6
627,717,436,0,6
627,718,436,0,6
627,719,436,0,6
627,720,436,0,6
627,721,436,0,6
627,722,436,0,6
627,723,436,0,6
627,724,436,0,6
679,625,461,0,58
679,626,461,0,58
679,627,461,0,58
679,628,461,0,58
679,629,461,0,58
679,630,461,0,58
679,631,461,0,58
679,632,461,0,58
679,633,461,0,58
679,634,461,0,58
679,635,461,0,58
679,636,461,0,58
679,637,461,0,58
679,638,461,0,58
679,639,461,0,58
679,640,461,0,58
679,641,461,0,58
679,642,461,0,58
679,643,461,0,58
679,644,461,0,58
679,645,461,0,58
679,646,461,0,58
679,647,461,0,58
679,648,461,0,58
679,649,461,0,58
679,650,461,0,58
679,651,461,0,58
679,652,461,0,58
679,653,461,0,58
679,654,461,0,58
679,655,461,0,58
679,656,461,0,58
679,657,461,0,58
679,658,461,0,58
679,659,461,0,58
679,660,461,0,58
679,661,461,0,58
679,662,461,0,58
679,663,461,0,58
679,664,461,0,58
679,665,461,0,58
679,666,461,0,58
679,667,461,0,58
679,668,461,0,58
679,669,461,0,58
679,670,461,0,58
679,671,461,0,58
679,672,461,0,58
679,673,461,0,58
679,674,461,0,58
679,675,461,0,58
679,676,461,0,58
679,677,461,0,58
679,678,461,0,58
679,680,461,0,58
679,681,461,0,58
679,682,461,0,58
679,683,461,0,58
679,684,461,0,58
679,685,461,0,58
679,686,461,0,58
679,687,461,0,58
679,688,461,0,58
679,689,461,0,58
679,690,461,0,58
679,691,461,0,58
679,692,461,0,58
679,693,461,0,58
679,694,461,0,58
679,695,461,0,58
679,696,461,0,58
679,697,461,0,58
679,698,461,0,58
679,699,461,0,58
679,700,461,0,58
679,701,461,0,58
679,702,461,0,58
679,703,461,0,58
679,704,461,0,58
679,705,461,0,58
679,706,461,0,58
679,707,461,0,58
679,708,461,0,58
679,709,461,0,58
679,710,461,0,58
679,711,461,0,58
679,712,461,0,58
679,713,461,0,58
679,714,461,0,58
679,715,461,0,58
679,716,461,0,58
679,717,461,0,58
679,718,461,0,58
679,719,461,0,58
679,720,461,0,58
679,721,461,0,58
679,722,461,0,58
679,723,461,0,58
679,724,461,0,58
