0,643,24,2,1
1,643,2,1,0
2,643,3,1,0
3,625,625,4,0
3,643,4,1,0
4,625,3,0,1
4,643,5,1,0
4,647,5,1,0
5,625,4,0,1
5,643,6,1,0
5,647,6,1,0
6,625,5,0,1
6,643,7,1,0
6,647,7,1,0
6,685,606,3,3
7,625,6,0,1
7,643,8,1,0
7,647,8,1,0
7,685,607,3,3
8,625,7,0,1
8,643,608,3,3
8,647,608,3,3
8,685,608,3,3
9,625,8,0,1
9,643,609,3,3
9,647,609,3,3
9,685,8,0,1
10,625,9,0,1
10,643,610,3,3
10,647,610,3,3
10,685,9,0,1
11,625,10,0,1
11,643,611,3,3
11,647,611,3,3
12,625,11,0,1
12,643,612,3,3
12,647,612,3,3
13,643,613,3,3
15,643,14,0,1
16,625,17,1,0
16,643,616,3,3
16,647,616,3,3
17,625,18,1,0
17,643,617,3,3
17,647,617,3,3
18,625,19,1,0
18,643,618,3,3
18,647,618,3,3
19,625,20,1,0
19,643,619,3,3
19,647,619,3,3
19,685,20,1,0
20,625,21,1,0
20,643,620,3,3
20,647,620,3,3
20,685,620,3,3
21,625,22,1,0
21,643,20,0,1
21,647,20,0,1
21,685,621,3,3
22,625,23,1,0
22,643,21,0,1
22,647,21,0,1
22,685,622,3,3
23,625,24,1,0
23,643,22,0,1
23,647,22,0,1
24,625,0,1,2
24,643,23,0,1
24,647,23,0,1
25,625,0,0,1
25,643,49,3,2
26,643,27,2,1
27,643,28,2,1
28,625,3,0,2
28,643,29,2,1
29,625,4,0,2
29,643,30,2,1
29,647,30,2,1
30,625,5,0,2
30,643,31,2,1
30,647,31,2,1
31,625,6,0,2
31,643,32,2,1
31,647,32,2,1
31,685,56,3,0
32,625,7,0,2
32,643,33,2,1
32,647,33,2,1
32,685,57,3,0
33,643,8,0,2
33,647,8,0,2
34,625,33,1,2
34,643,9,0,2
34,647,9,0,2
34,685,33,1,2
35,625,34,1,2
35,643,10,0,2
35,647,10,0,2
35,685,34,1,2
36,625,35,1,2
36,643,11,0,2
36,647,11,0,2
37,625,36,1,2
37,643,12,0,2
37,647,12,0,2
38,643,13,0,2
40,643,39,1,2
41,625,42,2,1
41,643,16,0,2
41,647,16,0,2
42,625,43,2,1
42,643,17,0,2
42,647,17,0,2
43,625,44,2,1
43,643,18,0,2
43,647,18,0,2
44,625,45,2,1
44,643,19,0,2
44,647,19,0,2
44,685,45,2,1
45,643,20,0,2
45,647,20,0,2
46,625,21,0,2
46,643,45,1,2
46,647,45,1,2
46,685,71,3,0
47,625,22,0,2
47,643,46,1,2
47,647,46,1,2
47,685,72,3,0
48,625,23,0,2
48,643,47,1,2
48,647,47,1,2
49,625,24,0,2
49,643,48,1,2
49,647,48,1,2
50,625,25,0,2
50,643,74,3,2
51,643,52,2,1
52,643,53,2,1
53,625,28,0,3
53,643,54,2,1
54,625,29,0,3
54,643,55,2,1
54,647,55,2,1
55,625,30,0,3
55,643,56,2,1
55,647,56,2,1
56,625,31,0,3
56,643,57,2,1
56,647,57,2,1
56,685,81,3,0
57,625,32,0,3
57,643,58,2,1
57,647,58,2,1
57,685,82,3,0
58,643,33,0,3
58,647,33,0,3
59,625,58,1,2
59,643,34,0,3
59,647,34,0,3
59,685,58,1,2
60,625,59,1,2
60,643,35,0,3
60,647,35,0,3
60,685,59,1,2
61,625,60,1,2
61,643,36,0,3
61,647,36,0,3
62,625,61,1,2
62,643,37,0,3
62,647,37,0,3
63,643,38,0,3
65,643,64,1,2
66,625,67,2,1
66,643,41,0,3
66,647,41,0,3
67,625,68,2,1
67,643,42,0,3
67,647,42,0,3
68,625,69,2,1
68,643,43,0,3
68,647,43,0,3
69,625,70,2,1
69,643,44,0,3
69,647,44,0,3
69,685,70,2,1
70,643,45,0,3
70,647,45,0,3
71,625,46,0,3
71,643,70,1,2
71,647,70,1,2
71,685,96,3,0
72,625,47,0,3
72,643,71,1,2
72,647,71,1,2
72,685,97,3,0
73,625,48,0,3
73,643,72,1,2
73,647,72,1,2
74,625,49,0,3
74,643,73,1,2
74,647,73,1,2
75,625,50,0,2
75,643,99,3,2
76,643,77,2,1
77,643,78,2,1
78,625,53,0,3
78,643,79,2,1
79,625,54,0,3
79,643,80,2,1
79,647,80,2,1
80,625,55,0,3
80,643,81,2,1
80,647,81,2,1
81,625,56,0,3
81,643,82,2,1
81,647,82,2,1
81,685,106,3,0
82,625,57,0,3
82,643,83,2,1
82,647,83,2,1
82,685,107,3,0
83,625,58,0,3
83,643,58,0,3
83,647,58,0,3
84,625,83,1,2
84,643,59,0,3
84,647,59,0,3
84,685,83,1,2
85,625,84,1,2
85,643,60,0,3
85,647,60,0,3
85,685,84,1,2
86,625,85,1,2
86,643,61,0,3
86,647,61,0,3
87,625,86,1,2
87,643,62,0,3
87,647,62,0,3
88,643,63,0,3
90,643,89,1,2
91,625,92,2,1
91,643,66,0,3
91,647,66,0,3
92,625,93,2,1
92,643,67,0,3
92,647,67,0,3
93,625,94,2,1
93,643,68,0,3
93,647,68,0,3
94,625,95,2,1
94,643,69,0,3
94,647,69,0,3
94,685,95,2,1
95,625,70,0,3
95,643,70,0,3
95,647,70,0,3
96,625,71,0,3
96,643,95,1,2
96,647,95,1,2
96,685,121,3,0
97,625,72,0,3
97,643,96,1,2
97,647,96,1,2
97,685,122,3,0
98,625,73,0,3
98,643,97,1,2
98,647,97,1,2
99,625,74,0,3
99,643,98,1,2
99,647,98,1,2
100,625,75,0,2
100,643,124,3,2
101,643,102,2,1
102,643,103,2,1
103,625,78,0,3
103,643,104,2,1
104,625,79,0,3
104,643,105,2,1
104,647,105,2,1
105,625,80,0,3
105,643,106,2,1
105,647,106,2,1
106,625,81,0,3
106,643,107,2,1
106,647,107,2,1
106,685,131,3,0
107,625,82,0,3
107,643,108,2,1
107,647,108,2,1
107,685,132,3,0
108,625,83,0,3
108,643,83,0,3
108,647,83,0,3
109,625,108,1,2
109,643,84,0,3
109,647,84,0,3
109,685,108,1,2
110,625,109,1,2
110,643,85,0,3
110,647,85,0,3
110,685,109,1,2
111,625,110,1,2
111,643,86,0,3
111,647,86,0,3
112,625,111,1,2
112,643,87,0,3
112,647,87,0,3
113,643,88,0,3
115,643,114,1,2
116,625,117,2,1
116,643,91,0,3
116,647,91,0,3
117,625,118,2,1
117,643,92,0,3
117,647,92,0,3
118,625,119,2,1
118,643,93,0,3
118,647,93,0,3
119,625,120,2,1
119,643,94,0,3
119,647,94,0,3
119,685,120,2,1
120,625,95,0,3
120,643,95,0,3
120,647,95,0,3
121,625,96,0,3
121,643,120,1,2
121,647,120,1,2
121,685,146,3,0
122,625,97,0,3
122,643,121,1,2
122,647,121,1,2
122,685,147,3,0
123,625,98,0,3
123,643,122,1,2
123,647,122,1,2
124,625,99,0,3
124,643,123,1,2
124,647,123,1,2
125,625,100,0,2
125,643,149,3,2
126,643,127,2,1
127,643,128,2,1
128,625,103,0,3
128,643,129,2,1
129,625,104,0,3
129,643,130,2,1
129,647,130,2,1
130,625,105,0,3
130,643,131,2,1
130,647,131,2,1
131,625,106,0,3
131,643,132,2,1
131,647,132,2,1
131,685,156,3,0
132,625,107,0,3
132,643,133,2,1
132,647,133,2,1
132,685,157,3,0
133,625,108,0,3
133,627,158,3,0
133,643,108,0,3
133,647,108,0,3
134,625,133,1,2
134,627,159,3,0
134,643,109,0,3
134,647,109,0,3
134,685,133,1,2
135,625,134,1,2
135,627,160,3,0
135,643,110,0,3
135,647,110,0,3
135,685,134,1,2
136,625,135,1,2
136,643,111,0,3
136,647,111,0,3
137,625,136,1,2
137,643,112,0,3
137,647,112,0,3
138,643,113,0,3
140,643,139,1,2
141,625,142,2,1
141,643,116,0,3
141,647,116,0,3
142,625,143,2,1
142,643,117,0,3
142,647,117,0,3
143,625,144,2,1
143,643,118,0,3
143,647,118,0,3
144,625,145,2,1
144,627,169,3,0
144,643,119,0,3
144,647,119,0,3
144,685,145,2,1
145,625,120,0,3
145,627,170,3,0
145,643,120,0,3
145,647,120,0,3
146,625,121,0,3
146,643,145,1,2
146,647,145,1,2
146,685,171,3,0
147,625,122,0,3
147,643,146,1,2
147,647,146,1,2
147,685,172,3,0
148,625,123,0,3
148,643,147,1,2
148,647,147,1,2
149,625,124,0,3
149,643,148,1,2
149,647,148,1,2
150,625,125,0,2
150,643,174,3,2
151,643,152,2,1
152,643,153,2,1
153,625,128,0,3
153,643,154,2,1
154,625,129,0,3
154,643,155,2,1
154,647,155,2,1
155,625,130,0,3
155,643,156,2,1
155,647,156,2,1
156,625,131,0,3
156,643,157,2,1
156,647,157,2,1
156,685,181,3,0
157,625,132,0,3
157,643,158,2,1
157,647,158,2,1
157,685,182,3,0
158,625,133,0,3
158,643,133,0,3
158,647,133,0,3
159,625,158,1,2
159,643,134,0,3
159,647,134,0,3
159,685,158,1,2
160,625,159,1,2
160,643,135,0,3
160,647,135,0,3
160,685,159,1,2
161,625,160,1,2
161,643,136,0,3
161,647,136,0,3
162,625,161,1,2
162,643,137,0,3
162,647,137,0,3
163,643,138,0,3
165,643,164,1,2
166,625,167,2,1
166,643,141,0,3
166,647,141,0,3
167,625,168,2,1
167,643,142,0,3
167,647,142,0,3
168,625,169,2,1
168,643,143,0,3
168,647,143,0,3
169,625,170,2,1
169,643,144,0,3
169,647,144,0,3
169,685,170,2,1
170,625,145,0,3
170,643,145,0,3
170,647,145,0,3
171,625,146,0,3
171,643,170,1,2
171,647,170,1,2
171,685,196,3,0
172,625,147,0,3
172,643,171,1,2
172,647,171,1,2
172,685,197,3,0
173,625,148,0,3
173,643,172,1,2
173,647,172,1,2
174,625,149,0,3
174,643,173,1,2
174,647,173,1,2
175,625,150,0,2
175,643,199,3,2
176,643,177,2,1
177,643,178,2,1
178,625,153,0,3
178,643,179,2,1
179,625,154,0,3
179,643,180,2,1
179,647,180,2,1
180,625,155,0,3
180,643,181,2,1
180,647,181,2,1
181,625,156,0,3
181,643,182,2,1
181,647,182,2,1
181,685,206,3,0
182,625,157,0,3
182,643,183,2,1
182,647,183,2,1
182,685,207,3,0
183,625,158,0,3
183,643,158,0,3
183,647,158,0,3
184,625,183,1,2
184,643,159,0,3
184,647,159,0,3
184,685,183,1,2
185,625,184,1,2
185,643,160,0,3
185,647,160,0,3
185,685,184,1,2
186,625,185,1,2
186,643,161,0,3
186,647,161,0,3
187,625,186,1,2
187,643,162,0,3
187,647,162,0,3
188,643,163,0,3
190,643,189,1,2
191,625,192,2,1
191,643,166,0,3
191,647,166,0,3
192,625,193,2,1
192,643,167,0,3
192,647,167,0,3
193,625,194,2,1
193,643,168,0,3
193,647,168,0,3
194,625,195,2,1
194,643,169,0,3
194,647,169,0,3
194,685,195,2,1
195,625,170,0,3
195,643,170,0,3
195,647,170,0,3
196,625,171,0,3
196,643,195,1,2
196,647,195,1,2
196,685,221,3,0
197,625,172,0,3
197,643,196,1,2
197,647,196,1,2
197,685,222,3,0
198,625,173,0,3
198,643,197,1,2
198,647,197,1,2
199,625,174,0,3
199,643,198,1,2
199,647,198,1,2
200,625,175,0,2
200,643,224,3,2
202,643,203,2,1
203,625,178,0,3
203,643,204,2,1
204,625,179,0,3
204,643,205,2,1
204,647,205,2,1
205,625,180,0,3
205,643,206,2,1
205,647,206,2,1
206,625,181,0,3
206,643,207,2,1
206,647,207,2,1
206,685,231,3,0
207,625,182,0,3
207,643,208,2,1
207,647,208,2,1
207,685,232,3,0
208,625,183,0,3
208,643,183,0,3
208,647,183,0,3
208,685,233,3,0
209,625,208,1,2
209,643,184,0,3
209,647,184,0,3
209,685,208,1,2
210,625,209,1,2
210,643,185,0,3
210,647,185,0,3
210,685,209,1,2
211,625,210,1,2
211,643,186,0,3
211,647,186,0,3
212,625,211,1,2
212,643,187,0,3
212,647,187,0,3
213,643,188,0,3
215,643,214,1,2
216,625,217,2,1
216,643,191,0,3
216,647,191,0,3
217,625,218,2,1
217,643,192,0,3
217,647,192,0,3
218,625,219,2,1
218,643,193,0,3
218,647,193,0,3
219,625,220,2,1
219,643,194,0,3
219,647,194,0,3
219,685,220,2,1
220,625,195,0,3
220,643,195,0,3
220,647,195,0,3
220,685,245,3,0
221,625,196,0,3
221,643,220,1,2
221,647,220,1,2
221,685,246,3,0
222,625,197,0,3
222,643,221,1,2
222,647,221,1,2
222,685,247,3,0
223,625,198,0,3
223,643,222,1,2
223,647,222,1,2
224,625,199,0,3
224,643,223,1,2
224,647,223,1,2
225,625,200,0,2
225,643,249,3,2
226,643,227,2,1
227,643,228,2,1
228,625,203,0,3
228,643,229,2,1
229,625,204,0,3
229,643,230,2,1
229,647,230,2,1
230,625,205,0,3
230,643,231,2,1
230,647,231,2,1
231,625,206,0,3
231,643,232,2,1
231,647,232,2,1
231,685,256,3,0
232,625,207,0,3
232,643,233,2,1
232,647,233,2,1
232,685,257,3,0
233,625,208,0,3
233,643,258,3,0
233,685,258,3,0
234,625,233,1,2
234,643,259,3,0
234,647,259,3,0
234,685,233,1,2
235,625,234,1,2
235,643,260,3,0
235,647,260,3,0
235,685,234,1,2
236,625,235,1,2
236,643,261,3,0
236,647,261,3,0
237,625,236,1,2
237,643,262,3,0
237,647,262,3,0
238,643,263,3,0
240,643,239,1,2
241,625,242,2,1
241,643,266,3,0
241,647,266,3,0
242,625,243,2,1
242,643,267,3,0
242,647,267,3,0
243,625,244,2,1
243,643,268,3,0
243,647,268,3,0
244,625,245,2,1
244,643,269,3,0
244,647,269,3,0
244,685,245,2,1
245,625,220,0,3
245,643,270,3,0
245,685,270,3,0
246,625,221,0,3
246,643,245,1,2
246,647,245,1,2
246,685,271,3,0
247,625,222,0,3
247,643,246,1,2
247,647,246,1,2
247,685,272,3,0
248,625,223,0,3
248,643,247,1,2
248,647,247,1,2
249,625,224,0,3
249,643,248,1,2
249,647,248,1,2
250,625,225,0,2
250,643,274,3,2
251,643,252,2,1
252,643,253,2,1
253,625,228,0,3
253,643,254,2,1
254,625,229,0,3
254,643,255,2,1
254,647,255,2,1
255,625,230,0,3
255,643,256,2,1
255,647,256,2,1
256,625,231,0,3
256,643,257,2,1
256,647,257,2,1
256,685,281,3,0
257,625,232,0,3
257,643,258,2,1
257,647,258,2,1
257,685,282,3,0
258,625,233,0,3
258,643,283,3,0
258,685,283,3,0
259,625,258,1,2
259,643,284,3,0
259,647,284,3,0
259,685,258,1,2
260,625,259,1,2
260,643,285,3,0
260,647,285,3,0
260,685,259,1,2
261,625,260,1,2
261,643,286,3,0
261,647,286,3,0
262,625,261,1,2
262,643,287,3,0
262,647,287,3,0
263,643,288,3,0
265,643,264,1,2
266,625,267,2,1
266,643,291,3,0
266,647,291,3,0
267,625,268,2,1
267,643,292,3,0
267,647,292,3,0
268,625,269,2,1
268,643,293,3,0
268,647,293,3,0
269,625,270,2,1
269,643,294,3,0
269,647,294,3,0
269,685,270,2,1
270,625,245,0,3
270,643,295,3,0
270,685,295,3,0
271,625,246,0,3
271,643,270,1,2
271,647,270,1,2
271,685,296,3,0
272,625,247,0,3
272,643,271,1,2
272,647,271,1,2
272,685,297,3,0
273,625,248,0,3
273,643,272,1,2
273,647,272,1,2
274,625,249,0,3
274,643,273,1,2
274,647,273,1,2
275,625,250,0,2
275,643,299,3,2
276,643,277,2,1
277,643,278,2,1
278,625,253,0,3
278,643,279,2,1
279,625,254,0,3
279,643,280,2,1
279,647,280,2,1
280,625,255,0,3
280,643,281,2,1
280,647,281,2,1
281,625,256,0,3
281,643,282,2,1
281,647,282,2,1
281,685,306,3,0
282,625,257,0,3
282,643,283,2,1
282,647,283,2,1
282,685,307,3,0
283,625,258,0,3
283,643,308,3,0
283,685,308,3,0
284,625,283,1,2
284,643,309,3,0
284,647,309,3,0
284,685,283,1,2
285,625,284,1,2
285,643,310,3,0
285,647,310,3,0
285,685,284,1,2
286,625,285,1,2
286,643,311,3,0
286,647,311,3,0
287,625,286,1,2
287,643,312,3,0
287,647,312,3,0
288,643,313,3,0
290,643,289,1,2
291,625,292,2,1
291,643,316,3,0
291,647,316,3,0
292,625,293,2,1
292,643,317,3,0
292,647,317,3,0
293,625,294,2,1
293,643,318,3,0
293,647,318,3,0
294,625,295,2,1
294,643,319,3,0
294,647,319,3,0
294,685,295,2,1
295,625,270,0,3
295,643,320,3,0
295,685,320,3,0
296,625,271,0,3
296,643,295,1,2
296,647,295,1,2
296,685,321,3,0
297,625,272,0,3
297,643,296,1,2
297,647,296,1,2
297,685,322,3,0
298,625,273,0,3
298,643,297,1,2
298,647,297,1,2
299,625,274,0,3
299,643,298,1,2
299,647,298,1,2
300,625,275,0,2
300,643,324,3,2
301,643,302,2,1
302,643,303,2,1
303,625,278,0,3
303,643,304,2,1
304,625,279,0,3
304,643,305,2,1
304,647,305,2,1
305,625,280,0,3
305,643,306,2,1
305,647,306,2,1
306,625,281,0,3
306,643,307,2,1
306,647,307,2,1
306,685,331,3,0
307,625,282,0,3
307,643,308,2,1
307,647,308,2,1
307,685,332,3,0
308,625,283,0,3
308,643,333,3,0
308,647,333,3,0
308,685,333,3,0
309,625,308,1,2
309,643,334,3,0
309,647,334,3,0
309,685,308,1,2
310,625,309,1,2
310,643,335,3,0
310,647,335,3,0
310,685,309,1,2
311,625,310,1,2
311,643,336,3,0
311,647,336,3,0
312,625,311,1,2
312,643,337,3,0
312,647,337,3,0
313,643,338,3,0
315,643,314,1,2
316,625,317,2,1
316,643,341,3,0
316,647,341,3,0
317,625,318,2,1
317,643,342,3,0
317,647,342,3,0
318,625,319,2,1
318,643,343,3,0
318,647,343,3,0
319,625,320,2,1
319,643,344,3,0
319,647,344,3,0
319,685,320,2,1
320,625,295,0,3
320,643,345,3,0
320,647,345,3,0
320,685,345,3,0
321,625,296,0,3
321,643,320,1,2
321,647,320,1,2
321,685,346,3,0
322,625,297,0,3
322,643,321,1,2
322,647,321,1,2
322,685,347,3,0
323,625,298,0,3
323,643,322,1,2
323,647,322,1,2
324,625,299,0,3
324,643,323,1,2
324,647,323,1,2
325,625,350,2,0
325,643,349,3,2
326,643,327,2,1
327,643,328,2,1
328,625,353,3,0
328,643,329,2,1
329,625,354,3,0
329,643,330,2,1
329,647,330,2,1
330,625,355,3,0
330,643,331,2,1
330,647,331,2,1
331,625,356,3,0
331,643,332,2,1
331,647,332,2,1
331,685,685,64,0
332,625,357,3,0
332,643,333,2,1
332,647,333,2,1
332,685,331,1,2
333,643,358,3,0
333,647,358,3,0
333,685,332,1,2
334,625,333,1,2
334,643,359,3,0
334,647,359,3,0
334,685,333,1,2
335,625,334,1,2
335,643,360,3,0
335,647,360,3,0
335,685,334,1,2
336,625,335,1,2
336,643,361,3,0
336,647,361,3,0
337,625,336,1,2
337,643,362,3,0
337,647,362,3,0
338,643,363,3,0
340,643,339,1,2
341,625,342,2,1
341,643,366,3,0
341,647,366,3,0
342,625,343,2,1
342,643,367,3,0
342,647,367,3,0
343,625,344,2,1
343,643,368,3,0
343,647,368,3,0
344,625,345,2,1
344,643,369,3,0
344,647,369,3,0
344,685,345,2,1
345,643,370,3,0
345,647,370,3,0
345,685,346,2,1
346,625,371,3,0
346,643,345,1,2
346,647,345,1,2
346,685,347,2,1
347,625,372,3,0
347,643,346,1,2
347,647,346,1,2
347,685,348,2,1
348,625,373,3,0
348,643,347,1,2
348,647,347,1,2
349,625,374,3,0
349,643,348,1,2
349,647,348,1,2
350,625,375,2,0
350,643,374,3,2
351,643,352,2,1
352,643,353,2,1
353,625,378,3,0
353,643,354,2,1
354,625,379,3,0
354,643,355,2,1
354,647,355,2,1
355,625,380,3,0
355,643,356,2,1
355,647,356,2,1
356,625,381,3,0
356,643,357,2,1
356,647,357,2,1
356,685,331,0,3
357,625,382,3,0
357,643,358,2,1
357,647,358,2,1
357,685,332,0,3
358,643,383,3,0
358,647,383,3,0
359,625,358,1,2
359,643,384,3,0
359,647,384,3,0
359,685,358,1,2
360,625,359,1,2
360,643,385,3,0
360,647,385,3,0
360,685,359,1,2
361,625,360,1,2
361,643,386,3,0
361,647,386,3,0
362,625,361,1,2
362,643,387,3,0
362,647,387,3,0
363,643,388,3,0
365,643,364,1,2
366,625,367,2,1
366,643,391,3,0
366,647,391,3,0
367,625,368,2,1
367,643,392,3,0
367,647,392,3,0
368,625,369,2,1
368,643,393,3,0
368,647,393,3,0
369,625,370,2,1
369,643,394,3,0
369,647,394,3,0
369,685,370,2,1
370,643,395,3,0
370,647,395,3,0
371,625,396,3,0
371,643,370,1,2
371,647,370,1,2
371,685,346,0,3
372,625,397,3,0
372,643,371,1,2
372,647,371,1,2
372,685,347,0,3
373,625,398,3,0
373,643,372,1,2
373,647,372,1,2
374,625,399,3,0
374,643,373,1,2
374,647,373,1,2
375,625,400,2,0
375,643,399,3,2
376,643,377,2,1
377,643,378,2,1
378,625,403,3,0
378,643,379,2,1
379,625,404,3,0
379,643,380,2,1
379,647,380,2,1
380,625,405,3,0
380,643,381,2,1
380,647,381,2,1
381,625,406,3,0
381,643,382,2,1
381,647,382,2,1
381,685,356,0,3
382,625,407,3,0
382,643,383,2,1
382,647,383,2,1
382,685,357,0,3
383,625,408,3,0
383,643,408,3,0
383,647,408,3,0
384,625,383,1,2
384,643,409,3,0
384,647,409,3,0
384,685,383,1,2
385,625,384,1,2
385,643,410,3,0
385,647,410,3,0
385,685,384,1,2
386,625,385,1,2
386,643,411,3,0
386,647,411,3,0
387,625,386,1,2
387,643,412,3,0
387,647,412,3,0
388,643,413,3,0
390,643,389,1,2
391,625,392,2,1
391,643,416,3,0
391,647,416,3,0
392,625,393,2,1
392,643,417,3,0
392,647,417,3,0
393,625,394,2,1
393,643,418,3,0
393,647,418,3,0
394,625,395,2,1
394,643,419,3,0
394,647,419,3,0
394,685,395,2,1
395,625,420,3,0
395,643,420,3,0
395,647,420,3,0
396,625,421,3,0
396,643,395,1,2
396,647,395,1,2
396,685,371,0,3
397,625,422,3,0
397,643,396,1,2
397,647,396,1,2
397,685,372,0,3
398,625,423,3,0
398,643,397,1,2
398,647,397,1,2
399,625,424,3,0
399,643,398,1,2
399,647,398,1,2
400,625,425,2,0
400,643,424,3,2
401,643,402,2,1
402,643,403,2,1
403,625,428,3,0
403,643,404,2,1
404,625,429,3,0
404,643,405,2,1
404,647,405,2,1
405,625,430,3,0
405,643,406,2,1
405,647,406,2,1
406,625,431,3,0
406,643,407,2,1
406,647,407,2,1
406,685,381,0,3
407,625,432,3,0
407,643,408,2,1
407,647,408,2,1
407,685,382,0,3
408,625,433,3,0
408,643,433,3,0
408,647,433,3,0
409,625,408,1,2
409,643,434,3,0
409,647,434,3,0
409,685,408,1,2
410,625,409,1,2
410,643,435,3,0
410,647,435,3,0
410,685,409,1,2
411,625,410,1,2
411,643,436,3,0
411,647,436,3,0
412,625,411,1,2
412,643,437,3,0
412,647,437,3,0
413,643,438,3,0
415,643,414,1,2
416,625,417,2,1
416,643,441,3,0
416,647,441,3,0
417,625,418,2,1
417,643,442,3,0
417,647,442,3,0
418,625,419,2,1
418,643,443,3,0
418,647,443,3,0
419,625,420,2,1
419,643,444,3,0
419,647,444,3,0
419,685,420,2,1
420,625,445,3,0
420,643,445,3,0
420,647,445,3,0
421,625,446,3,0
421,643,420,1,2
421,647,420,1,2
421,685,396,0,3
422,625,447,3,0
422,643,421,1,2
422,647,421,1,2
422,685,397,0,3
423,625,448,3,0
423,643,422,1,2
423,647,422,1,2
424,625,449,3,0
424,643,423,1,2
424,647,423,1,2
425,625,450,2,0
425,643,449,3,2
426,643,427,2,1
427,643,428,2,1
428,625,453,3,0
428,643,429,2,1
429,625,454,3,0
429,643,430,2,1
429,647,430,2,1
430,625,455,3,0
430,643,431,2,1
430,647,431,2,1
431,625,456,3,0
431,643,432,2,1
431,647,432,2,1
431,685,406,0,3
432,625,457,3,0
432,643,433,2,1
432,647,433,2,1
432,685,407,0,3
433,625,458,3,0
433,627,434,2,1
433,643,458,3,0
433,647,458,3,0
434,625,433,1,2
434,627,435,2,1
434,643,459,3,0
434,647,459,3,0
434,685,433,1,2
435,625,434,1,2
435,627,627,6,0
435,643,460,3,0
435,647,460,3,0
435,685,434,1,2
436,625,435,1,2
436,643,461,3,0
436,647,461,3,0
437,625,436,1,2
437,643,462,3,0
437,647,462,3,0
438,643,463,3,0
440,643,439,1,2
441,625,442,2,1
441,643,466,3,0
441,647,466,3,0
442,625,443,2,1
442,643,467,3,0
442,647,467,3,0
443,625,444,2,1
443,643,468,3,0
443,647,468,3,0
444,625,445,2,1
444,627,443,1,2
444,643,469,3,0
444,647,469,3,0
444,685,445,2,1
445,625,470,3,0
445,627,444,1,2
445,643,470,3,0
445,647,470,3,0
446,625,471,3,0
446,643,445,1,2
446,647,445,1,2
446,685,421,0,3
447,625,472,3,0
447,643,446,1,2
447,647,446,1,2
447,685,422,0,3
448,625,473,3,0
448,643,447,1,2
448,647,447,1,2
449,625,474,3,0
449,643,448,1,2
449,647,448,1,2
450,625,475,2,0
450,643,474,3,2
451,643,452,2,1
452,643,453,2,1
453,625,478,3,0
453,643,454,2,1
454,625,479,3,0
454,643,455,2,1
454,647,455,2,1
455,625,480,3,0
455,643,456,2,1
455,647,456,2,1
456,625,481,3,0
456,643,457,2,1
456,647,457,2,1
456,685,431,0,3
457,625,482,3,0
457,643,458,2,1
457,647,458,2,1
457,685,432,0,3
458,625,483,3,0
458,627,433,0,3
458,643,483,3,0
458,647,483,3,0
459,625,458,1,2
459,627,434,0,3
459,643,484,3,0
459,647,484,3,0
459,685,458,1,2
460,625,459,1,2
460,627,435,0,3
460,643,485,3,0
460,647,485,3,0
460,685,459,1,2
461,625,460,1,2
461,643,486,3,0
461,647,486,3,0
462,625,461,1,2
462,643,487,3,0
462,647,487,3,0
463,643,488,3,0
465,643,464,1,2
466,625,467,2,1
466,643,491,3,0
466,647,491,3,0
467,625,468,2,1
467,643,492,3,0
467,647,492,3,0
468,625,469,2,1
468,643,493,3,0
468,647,493,3,0
469,625,470,2,1
469,627,444,0,3
469,643,494,3,0
469,647,494,3,0
469,685,470,2,1
470,625,495,3,0
470,627,445,0,3
470,643,495,3,0
470,647,495,3,0
471,625,496,3,0
471,643,470,1,2
471,647,470,1,2
471,685,446,0,3
472,625,497,3,0
472,643,471,1,2
472,647,471,1,2
472,685,447,0,3
473,625,498,3,0
473,643,472,1,2
473,647,472,1,2
474,625,499,3,0
474,643,473,1,2
474,647,473,1,2
475,625,500,2,0
475,643,499,3,2
476,643,477,2,1
477,643,478,2,1
478,625,503,3,0
478,643,479,2,1
479,625,504,3,0
479,643,480,2,1
479,647,480,2,1
480,625,505,3,0
480,643,481,2,1
480,647,481,2,1
481,625,506,3,0
481,643,482,2,1
481,647,482,2,1
481,685,456,0,3
482,625,507,3,0
482,643,483,2,1
482,647,483,2,1
482,685,457,0,3
483,625,508,3,0
483,643,508,3,0
483,647,508,3,0
484,625,483,1,2
484,643,509,3,0
484,647,509,3,0
484,685,483,1,2
485,625,484,1,2
485,643,510,3,0
485,647,510,3,0
485,685,484,1,2
486,625,485,1,2
486,643,511,3,0
486,647,511,3,0
487,625,486,1,2
487,643,512,3,0
487,647,512,3,0
488,643,513,3,0
490,643,489,1,2
491,625,492,2,1
491,643,516,3,0
491,647,516,3,0
492,625,493,2,1
492,643,517,3,0
492,647,517,3,0
493,625,494,2,1
493,643,518,3,0
493,647,518,3,0
494,625,495,2,1
494,643,519,3,0
494,647,519,3,0
494,685,495,2,1
495,625,520,3,0
495,643,520,3,0
495,647,520,3,0
496,625,521,3,0
496,643,495,1,2
496,647,495,1,2
496,685,471,0,3
497,625,522,3,0
497,643,496,1,2
497,647,496,1,2
497,685,472,0,3
498,625,523,3,0
498,643,497,1,2
498,647,497,1,2
499,625,524,3,0
499,643,498,1,2
499,647,498,1,2
500,625,525,2,0
500,643,524,3,2
501,643,502,2,1
502,643,503,2,1
503,625,528,3,0
503,643,504,2,1
504,625,529,3,0
504,643,505,2,1
504,647,505,2,1
505,625,530,3,0
505,643,506,2,1
505,647,506,2,1
506,625,531,3,0
506,643,507,2,1
506,647,507,2,1
506,685,481,0,3
507,625,532,3,0
507,643,508,2,1
507,647,508,2,1
507,685,482,0,3
508,625,533,3,0
508,643,533,3,0
508,647,533,3,0
509,625,508,1,2
509,643,534,3,0
509,647,534,3,0
509,685,508,1,2
510,625,509,1,2
510,643,535,3,0
510,647,535,3,0
510,685,509,1,2
511,625,510,1,2
511,643,536,3,0
511,647,536,3,0
512,625,511,1,2
512,643,537,3,0
512,647,537,3,0
513,643,538,3,0
515,643,514,1,2
516,625,517,2,1
516,643,541,3,0
516,647,541,3,0
517,625,518,2,1
517,643,542,3,0
517,647,542,3,0
518,625,519,2,1
518,643,543,3,0
518,647,543,3,0
519,625,520,2,1
519,643,544,3,0
519,647,544,3,0
519,685,520,2,1
520,625,545,3,0
520,643,545,3,0
520,647,545,3,0
521,625,546,3,0
521,643,520,1,2
521,647,520,1,2
521,685,496,0,3
522,625,547,3,0
522,643,521,1,2
522,647,521,1,2
522,685,497,0,3
523,625,548,3,0
523,643,522,1,2
523,647,522,1,2
524,625,549,3,0
524,643,523,1,2
524,647,523,1,2
525,625,550,2,0
525,643,549,3,2
526,643,527,2,1
527,643,528,2,1
528,625,553,3,0
528,643,529,2,1
529,625,554,3,0
529,643,530,2,1
529,647,530,2,1
530,625,555,3,0
530,643,531,2,1
530,647,531,2,1
531,625,556,3,0
531,643,532,2,1
531,647,532,2,1
531,685,506,0,3
532,625,557,3,0
532,643,533,2,1
532,647,533,2,1
532,685,507,0,3
533,625,558,3,0
533,643,534,2,1
533,647,534,2,1
533,685,508,0,3
534,625,533,1,2
534,643,535,2,1
534,647,535,2,1
534,685,533,1,2
535,625,534,1,2
535,643,536,2,1
535,647,536,2,1
535,685,534,1,2
536,625,535,1,2
536,643,537,2,1
536,647,537,2,1
537,625,536,1,2
537,643,538,2,1
538,643,643,22,0
540,643,539,1,2
541,625,542,2,1
541,643,540,1,2
541,647,647,26,0
542,625,543,2,1
542,643,541,1,2
542,647,541,1,2
543,625,544,2,1
543,643,542,1,2
543,647,542,1,2
544,625,545,2,1
544,643,543,1,2
544,647,543,1,2
544,685,545,2,1
545,625,570,3,0
545,643,544,1,2
545,647,544,1,2
545,685,520,0,3
546,625,571,3,0
546,643,545,1,2
546,647,545,1,2
546,685,521,0,3
547,625,572,3,0
547,643,546,1,2
547,647,546,1,2
547,685,522,0,3
548,625,573,3,0
548,643,547,1,2
548,647,547,1,2
549,625,574,3,0
549,643,548,1,2
549,647,548,1,2
550,625,575,2,0
550,643,574,3,2
551,643,552,2,1
552,643,553,2,1
553,625,578,3,0
553,643,554,2,1
554,625,579,3,0
554,643,555,2,1
554,647,555,2,1
555,625,580,3,0
555,643,556,2,1
555,647,556,2,1
556,625,581,3,0
556,643,557,2,1
556,647,557,2,1
556,685,531,0,3
557,625,582,3,0
557,643,558,2,1
557,647,558,2,1
557,685,532,0,3
558,625,583,3,0
558,643,533,0,3
558,685,533,0,3
559,625,558,1,2
559,643,534,0,3
559,647,534,0,3
559,685,558,1,2
560,625,559,1,2
560,643,535,0,3
560,647,535,0,3
560,685,559,1,2
561,625,560,1,2
561,643,536,0,3
561,647,536,0,3
562,625,561,1,2
562,643,537,0,3
562,647,537,0,3
563,643,538,0,3
565,643,564,1,2
566,625,567,2,1
566,643,541,0,3
566,647,541,0,3
567,625,568,2,1
567,643,542,0,3
567,647,542,0,3
568,625,569,2,1
568,643,543,0,3
568,647,543,0,3
569,625,570,2,1
569,643,544,0,3
569,647,544,0,3
569,685,570,2,1
570,625,595,3,0
570,643,545,0,3
570,685,545,0,3
571,625,596,3,0
571,643,570,1,2
571,647,570,1,2
571,685,546,0,3
572,625,597,3,0
572,643,571,1,2
572,647,571,1,2
572,685,547,0,3
573,625,598,3,0
573,643,572,1,2
573,647,572,1,2
574,625,599,3,0
574,643,573,1,2
574,647,573,1,2
575,625,600,2,0
575,643,599,3,2
576,643,577,2,1
577,643,578,2,1
578,625,603,3,0
578,643,579,2,1
579,625,604,3,0
579,643,580,2,1
579,647,580,2,1
580,625,605,3,0
580,643,581,2,1
580,647,581,2,1
581,625,606,3,0
581,643,582,2,1
581,647,582,2,1
581,685,556,0,3
582,625,607,3,0
582,643,583,2,1
582,647,583,2,1
582,685,557,0,3
583,625,608,3,0
583,643,558,0,3
583,685,558,0,3
584,625,583,1,2
584,643,559,0,3
584,647,559,0,3
584,685,583,1,2
585,625,584,1,2
585,643,560,0,3
585,647,560,0,3
585,685,584,1,2
586,625,585,1,2
586,643,561,0,3
586,647,561,0,3
587,625,586,1,2
587,643,562,0,3
587,647,562,0,3
588,643,563,0,3
590,643,589,1,2
591,625,592,2,1
591,643,566,0,3
591,647,566,0,3
592,625,593,2,1
592,643,567,0,3
592,647,567,0,3
593,625,594,2,1
593,643,568,0,3
593,647,568,0,3
594,625,595,2,1
594,643,569,0,3
594,647,569,0,3
594,685,595,2,1
595,625,620,3,0
595,643,570,0,3
595,685,570,0,3
596,625,621,3,0
596,643,595,1,2
596,647,595,1,2
596,685,571,0,3
597,625,622,3,0
597,643,596,1,2
597,647,596,1,2
597,685,572,0,3
598,625,623,3,0
598,643,597,1,2
598,647,597,1,2
599,625,624,3,0
599,643,598,1,2
599,647,598,1,2
600,625,0,2,3
600,643,624,3,2
601,643,602,2,1
602,643,603,2,1
603,625,3,3,3
603,643,604,2,1
604,625,4,3,3
604,643,605,2,1
604,647,605,2,1
605,625,5,3,3
605,643,606,2,1
605,647,606,2,1
606,625,6,3,3
606,643,607,2,1
606,647,607,2,1
606,685,581,0,3
607,625,7,3,3
607,643,608,2,1
607,647,608,2,1
607,685,582,0,3
608,625,8,3,3
608,643,583,0,3
608,685,583,0,3
609,625,608,1,2
609,643,584,0,3
609,647,584,0,3
609,685,608,1,2
610,625,609,1,2
610,643,585,0,3
610,647,585,0,3
610,685,609,1,2
611,625,610,1,2
611,643,586,0,3
611,647,586,0,3
612,625,611,1,2
612,643,587,0,3
612,647,587,0,3
613,643,588,0,3
615,643,614,1,2
616,625,617,2,1
616,643,591,0,3
616,647,591,0,3
617,625,618,2,1
617,643,592,0,3
617,647,592,0,3
618,625,619,2,1
618,643,593,0,3
618,647,593,0,3
619,625,620,2,1
619,643,594,0,3
619,647,594,0,3
619,685,620,2,1
620,625,20,3,3
620,643,595,0,3
620,685,595,0,3
621,625,21,3,3
621,643,620,1,2
621,647,620,1,2
621,685,596,0,3
622,625,22,3,3
622,643,621,1,2
622,647,621,1,2
622,685,597,0,3
623,625,23,3,3
623,643,622,1,2
623,647,622,1,2
624,625,24,3,3
624,643,623,1,2
624,647,623,1,2
625,626,3,0,4
625,627,3,0,4
625,628,3,0,4
625,629,3,0,4
625,630,3,0,4
625,631,3,0,4
625,632,3,0,4
625,633,3,0,4
625,634,3,0,4
625,635,3,0,4
625,636,3,0,4
625,637,3,0,4
625,638,3,0,4
625,639,3,0,4
625,640,3,0,4
625,641,3,0,4
625,642,3,0,4
625,643,3,0,4
625,644,3,0,4
625,645,3,0,4
625,646,3,0,4
625,647,3,0,4
625,648,3,0,4
625,649,3,0,4
625,650,3,0,4
625,651,3,0,4
625,652,3,0,4
625,653,3,0,4
625,654,3,0,4
625,655,3,0,4
625,656,3,0,4
625,657,3,0,4
625,658,3,0,4
625,659,3,0,4
625,660,3,0,4
625,661,3,0,4
625,662,3,0,4
625,663,3,0,4
625,664,3,0,4
625,665,3,0,4
625,666,3,0,4
625,667,3,0,4
625,668,3,0,4
625,669,3,0,4
625,670,3,0,4
625,671,3,0,4
625,672,3,0,4
625,673,3,0,4
625,674,3,0,4
625,675,3,0,4
625,676,3,0,4
625,677,3,0,4
625,678,3,0,4
625,679,3,0,4
625,680,3,0,4
625,681,3,0,4
625,682,3,0,4
625,683,3,0,4
625,684,3,0,4
625,685,3,0,4
625,686,3,0,4
625,687,3,0,4
625,688,3,0,4
625,689,3,0,4
625,690,3,0,4
625,691,3,0,4
625,692,3,0,4
625,693,3,0,4
625,694,3,0,4
625,695,3,0,4
625,696,3,0,4
625,697,3,0,4
625,698,3,0,4
625,699,3,0,4
625,700,3,0,4
625,701,3,0,4
625,702,3,0,4
625,703,3,0,4
625,704,3,0,4
625,705,3,0,4
625,706,3,0,4
625,707,3,0,4
625,708,3,0,4
625,709,3,0,4
625,710,3,0,4
625,711,3,0,4
625,712,3,0,4
625,713,3,0,4
625,714,3,0,4
625,715,3,0,4
625,716,3,0,4
625,717,3,0,4
625,718,3,0,4
625,719,3,0,4
625,720,3,0,4
625,721,3,0,4
625,722,3,0,4
625,723,3,0,4
625,724,3,0,4
627,625,435,0,6
627,626,435,0,6
627,628,435,0,6
627,629,435,0,6
627,630,435,0,6
627,631,435,0,6
627,632,435,0,6
627,633,435,0,6
627,634,435,0,6
627,635,435,0,6
627,636,435,0,6
627,637,435,0,6
627,638,435,0,6
627,639,435,0,6
627,640,435,0,6
627,641,435,0,6
627,642,435,0,6
627,643,435,0,6
627,644,435,0,6
627,645,435,0,6
627,646,435,0,6
627,647,435,0,6
627,648,435,0,6
627,649,435,0,6
627,650,435,0,6
627,651,435,0,6
627,652,435,0,6
627,653,435,0,6
627,654,435,0,6
627,655,435,0,6
627,656,435,0,6
627,657,435,0,6
627,658,435,0,6
627,659,435,0,6
627,660,435,0,6
627,661,435,0,6
627,662,435,0,6
627,663,435,0,6
627,664,435,0,6
627,665,435,0,6
627,666,435,0,6
627,667,435,0,6
627,668,435,0,6
627,669,435,0,6
627,670,435,0,6
627,671,435,0,6
627,672,435,0,6
627,673,435,0,6
627,674,435,0,6
627,675,435,0,6
627,676,435,0,6
627,677,435,0,6
627,678,435,0,6
627,679,435,0,6
627,680,435,0,6
627,681,435,0,6
627,682,435,0,6
627,683,435,0,6
627,684,435,0,6
627,685,435,0,6
627,686,435,0,6
627,687,435,0,6
627,688,435,0,6
627,689,435,0,6
627,690,435,0,6
627,691,435,0,6
627,692,435,0,6
627,693,435,0,6
627,694,435,0,6
627,695,435,0,6
627,696,435,0,6
627,697,435,0,6
627,698,435,0,6
627,699,435,0,6
627,700,435,0,6
627,701,435,0,6
627,702,435,0,6
627,703,435,0,6
627,704,435,0,6
627,705,435,0,6
627,706,435,0,6
627,707,435,0,6
627,708,435,0,6
627,709,435,0,6
627,710,435,0,6
627,711,435,0,6
627,712,435,0,6
627,713,435,0,6
627,714,435,0,6
627,715,435,0,6
627,716,435,0,6
627,717,435,0,6
627,718,435,0,6
627,719,435,0,6
627,720,435,0,6
627,721,435,0,6
627,722,435,0,6
627,723,435,0,6
627,724,435,0,6
643,625,538,0,22
643,626,538,0,22
643,627,538,0,22
643,628,538,0,22
643,629,538,0,22
643,630,538,0,22
643,631,538,0,22
643,632,538,0,22
643,633,538,0,22
643,634,538,0,22
643,635,538,0,22
643,636,538,0,22
643,637,538,0,22
643,638,538,0,22
643,639,538,0,22
643,640,538,0,22
643,641,538,0,22
643,642,538,0,22
643,644,538,0,22
643,645,538,0,22
643,646,538,0,22
643,647,538,0,22
643,648,538,0,22
643,649,538,0,22
643,650,538,0,22
643,651,538,0,22
643,652,538,0,22
643,653,538,0,22
643,654,538,0,22
643,655,538,0,22
643,656,538,0,22
643,657,538,0,22
643,658,538,0,22
643,659,538,0,22
643,660,538,0,22
643,661,538,0,22
643,662,538,0,22
643,663,538,0,22
643,664,538,0,22
643,665,538,0,22
643,666,538,0,22
643,667,538,0,22
643,668,538,0,22
643,669,538,0,22
643,670,538,0,22
643,671,538,0,22
643,672,538,0,22
643,673,538,0,22
643,674,538,0,22
643,675,538,0,22
643,676,538,0,22
643,677,538,0,22
643,678,538,0,22
643,679,538,0,22
643,680,538,0,22
643,681,538,0,22
643,682,538,0,22
643,683,538,0,22
643,684,538,0,22
643,685,538,0,22
643,686,538,0,22
643,687,538,0,22
643,688,538,0,22
643,689,538,0,22
643,690,538,0,22
643,691,538,0,22
643,692,538,0,22
643,693,538,0,22
643,694,538,0,22
643,695,538,0,22
643,696,538,0,22
643,697,538,0,22
643,698,538,0,22
643,699,538,0,22
643,700,538,0,22
643,701,538,0,22
643,702,538,0,22
643,703,538,0,22
643,704,538,0,22
643,705,538,0,22
643,706,538,0,22
643,707,538,0,22
643,708,538,0,22
643,709,538,0,22
643,710,538,0,22
643,711,538,0,22
643,712,538,0,22
643,713,538,0,22
643,714,538,0,22
643,715,538,0,22
643,716,538,0,22
643,717,538,0,22
643,718,538,0,22
643,719,538,0,22
643,720,538,0,22
643,721,538,0,22
643,722,538,0,22
643,723,538,0,22
643,724,538,0,22
647,625,541,0,26
647,626,541,0,26
647,627,541,0,26
647,628,541,0,26
647,629,541,0,26
647,630,541,0,26
647,631,541,0,26
647,632,541,0,26
647,633,541,0,26
647,634,541,0,26
647,635,541,0,26
647,636,541,0,26
647,637,541,0,26
647,638,541,0,26
647,639,541,0,26
647,640,541,0,26
647,641,541,0,26
647,642,541,0,26
647,643,541,0,26
647,644,541,0,26
647,645,541,0,26
647,646,541,0,26
647,648,541,0,26
647,649,541,0,26
647,650,541,0,26
647,651,541,0,26
647,652,541,0,26
647,653,541,0,26
647,654,541,0,26
647,655,541,0,26
647,656,541,0,26
647,657,541,0,26
647,658,541,0,26
647,659,541,0,26
647,660,541,0,26
647,661,541,0,26
647,662,541,0,26
647,663,541,0,26
647,664,541,0,26
647,665,541,0,26
647,666,541,0,26
647,667,541,0,26
647,668,541,0,26
647,669,541,0,26
647,670,541,0,26
647,671,541,0,26
647,672,541,0,26
647,673,541,0,26
647,674,541,0,26
647,675,541,0,26
647,676,541,0,26
647,677,541,0,26
647,678,541,0,26
647,679,541,0,26
647,680,541,0,26
647,681,541,0,26
647,682,541,0,26
647,683,541,0,26
647,684,541,0,26
647,685,541,0,26
647,686,541,0,26
647,687,541,0,26
647,688,541,0,26
647,689,541,0,26
647,690,541,0,26
647,691,541,0,26
647,692,541,0,26
647,693,541,0,26
647,694,541,0,26
647,695,541,0,26
647,696,541,0,26
647,697,541,0,26
647,698,541,0,26
647,699,541,0,26
647,700,541,0,26
647,701,541,0,26
647,702,541,0,26
647,703,541,0,26
647,704,541,0,26
647,705,541,0,26
647,706,541,0,26
647,707,541,0,26
647,708,541,0,26
647,709,541,0,26
647,710,541,0,26
647,711,541,0,26
647,712,541,0,26
647,713,541,0,26
647,714,541,0,26
647,715,541,0,26
647,716,541,0,26
647,717,541,0,26
647,718,541,0,26
647,719,541,0,26
647,720,541,0,26
647,721,541,0,26
647,722,541,0,26
647,723,541,0,26
647,724,541,0,26
685,625,331,0,64
685,626,331,0,64
685,627,331,0,64
685,628,331,0,64
685,629,331,0,64
685,630,331,0,64
685,631,331,0,64
685,632,331,0,64
685,633,331,0,64
685,634,331,0,64
685,635,331,0,64
685,636,331,0,64
685,637,331,0,64
685,638,331,0,64
685,639,331,0,64
685,640,331,0,64
685,641,331,0,64
685,642,331,0,64
685,643,331,0,64
685,644,331,0,64
685,645,331,0,64
685,646,331,0,64
685,647,331,0,64
685,648,331,0,64
685,649,331,0,64
685,650,331,0,64
685,651,331,0,64
685,652,331,0,64
685,653,331,0,64
685,654,331,0,64
685,655,331,0,64
685,656,331,0,64
685,657,331,0,64
685,658,331,0,64
685,659,331,0,64
685,660,331,0,64
685,661,331,0,64
685,662,331,0,64
685,663,331,0,64
685,664,331,0,64
685,665,331,0,64
685,666,331,0,64
685,667,331,0,64
685,668,331,0,64
685,669,331,0,64
685,670,331,0,64
685,671,331,0,64
685,672,331,0,64
685,673,331,0,64
685,674,331,0,64
685,675,331,0,64
685,676,331,0,64
685,677,331,0,64
685,678,331,0,64
685,679,331,0,64
685,680,331,0,64
685,681,331,0,64
685,682,331,0,64
685,683,331,0,64
685,684,331,0,64
685,686,331,0,64
685,687,331,0,64
685,688,331,0,64
685,689,331,0,64
685,690,331,0,64
685,691,331,0,64
685,692,331,0,64
685,693,331,0,64
685,694,331,0,64
685,695,331,0,64
685,696,331,0,64
685,697,331,0,64
685,698,331,0,64
685,699,331,0,64
685,700,331,0,64
685,701,331,0,64
685,702,331,0,64
685,703,331,0,64
685,704,331,0,64
685,705,331,0,64
685,706,331,0,64
685,707,331,0,64
685,708,331,0,64
685,709,331,0,64
685,710,331,0,64
685,711,331,0,64
685,712,331,0,64
685,713,331,0,64
685,714,331,0,64
685,715,331,0,64
685,716,331,0,64
685,717,331,0,64
685,718,331,0,64
685,719,331,0,64
685,720,331,0,64
685,721,331,0,64
685,722,331,0,64
685,723,331,0,64
685,724,331,0,64
