0,634,24,2,1
0,647,24,2,1
0,651,24,2,1
0,662,25,1,0
0,677,24,2,1
0,698,600,3,2
1,634,0,0,0
1,647,0,0,0
1,662,26,2,0
1,677,0,0,0
2,647,1,0,1
2,662,27,2,0
3,662,28,2,0
5,662,30,2,0
6,647,7,1,0
6,662,31,2,0
6,677,7,1,0
7,634,8,1,0
7,647,8,1,0
7,651,8,1,0
7,662,32,2,0
7,677,8,1,0
7,698,607,3,3
8,634,9,1,0
8,647,9,1,0
8,651,9,1,0
8,662,33,2,0
8,677,9,1,0
8,697,9,1,0
8,698,608,3,3
9,634,10,1,0
9,647,10,1,0
9,651,10,1,0
9,662,34,2,0
9,677,10,1,0
9,697,10,1,0
9,698,609,3,3
9,716,34,2,0
10,634,610,3,3
10,647,610,3,3
10,651,610,3,3
10,662,35,2,0
10,677,35,2,0
10,697,35,2,0
10,698,610,3,3
11,634,611,3,3
11,647,611,3,3
11,651,611,3,3
11,662,10,0,1
11,677,36,2,0
11,697,36,2,0
11,698,10,0,1
12,634,612,3,3
12,647,612,3,3
12,651,612,3,3
12,662,11,0,1
12,677,37,2,0
12,697,37,2,0
12,698,11,0,1
13,634,613,3,3
13,647,613,3,3
13,651,613,3,3
13,662,12,0,1
13,677,38,2,0
13,698,12,0,1
14,647,614,3,3
14,662,13,0,1
14,677,39,2,0
15,662,14,0,1
17,662,18,1,0
18,647,618,3,3
18,662,19,1,0
19,634,619,3,3
19,647,619,3,3
19,662,20,1,0
19,677,44,2,0
20,634,620,3,3
20,647,620,3,3
20,651,620,3,3
20,662,21,1,0
20,677,45,2,0
20,698,21,1,0
21,634,621,3,3
21,647,621,3,3
21,651,621,3,3
21,662,22,1,0
21,677,46,2,0
21,697,46,2,0
21,698,22,1,0
22,634,622,3,3
22,647,622,3,3
22,651,622,3,3
22,662,47,2,0
22,677,47,2,0
22,697,47,2,0
22,698,622,3,3
22,716,47,2,0
23,634,22,0,1
23,647,22,0,1
23,651,22,0,1
23,662,48,2,0
23,677,22,0,1
23,697,22,0,1
23,698,623,3,3
23,716,48,2,0
24,634,23,0,1
24,647,23,0,1
24,651,23,0,1
24,662,49,2,0
24,677,23,0,1
24,697,23,0,1
24,698,624,3,3
25,634,49,3,2
25,647,49,3,2
25,651,49,3,2
25,662,50,2,0
25,677,49,3,2
25,698,0,0,1
26,634,25,1,1
26,647,25,1,1
26,662,51,3,0
26,677,25,1,1
27,647,26,1,2
27,662,52,3,0
28,662,53,3,0
30,662,55,3,0
31,647,32,2,1
31,662,56,3,0
31,677,32,2,1
32,634,33,2,1
32,647,33,2,1
32,651,33,2,1
32,662,57,3,0
32,677,33,2,1
32,698,7,0,2
33,634,34,2,1
33,647,34,2,1
33,651,34,2,1
33,662,58,3,0
33,677,34,2,1
33,697,34,2,1
33,698,8,0,2
34,634,35,2,1
34,647,35,2,1
34,651,35,2,1
34,662,59,3,0
34,677,35,2,1
34,697,35,2,1
34,698,9,0,2
34,716,59,3,0
35,634,10,0,2
35,647,10,0,2
35,651,10,0,2
35,662,60,3,0
35,677,60,3,0
35,698,10,0,2
36,634,11,0,2
36,647,11,0,2
36,651,11,0,2
36,662,35,1,2
36,677,61,3,0
36,697,61,3,0
36,698,35,1,2
37,634,12,0,2
37,647,12,0,2
37,651,12,0,2
37,662,36,1,2
37,677,62,3,0
37,697,62,3,0
37,698,36,1,2
38,634,13,0,2
38,647,13,0,2
38,651,13,0,2
38,662,37,1,2
38,677,63,3,0
38,698,37,1,2
39,647,14,0,2
39,662,38,1,2
39,677,64,3,0
40,662,39,1,2
42,662,43,2,1
43,647,18,0,2
43,662,44,2,1
44,634,19,0,2
44,647,19,0,2
44,662,45,2,1
44,677,69,3,0
45,634,20,0,2
45,647,20,0,2
45,651,20,0,2
45,662,46,2,1
45,677,70,3,0
45,698,46,2,1
46,634,21,0,2
46,647,21,0,2
46,651,21,0,2
46,662,47,2,1
46,677,71,3,0
46,697,71,3,0
46,698,47,2,1
47,634,22,0,2
47,647,22,0,2
47,651,22,0,2
47,662,72,3,0
47,677,72,3,0
47,698,22,0,2
47,716,72,3,0
48,634,47,1,2
48,647,47,1,2
48,651,47,1,2
48,662,73,3,0
48,677,47,1,2
48,697,47,1,2
48,698,23,0,2
48,716,73,3,0
49,634,48,1,2
49,647,48,1,2
49,651,48,1,2
49,662,74,3,0
49,677,48,1,2
49,697,48,1,2
49,698,24,0,2
50,634,74,3,2
50,647,74,3,2
50,651,74,3,2
50,662,75,2,0
50,677,74,3,2
50,698,75,2,0
51,634,50,1,1
51,647,50,1,1
51,662,76,3,0
51,677,50,1,1
52,647,51,1,2
52,662,77,3,0
53,662,78,3,0
55,662,80,3,0
56,647,57,2,1
56,662,81,3,0
56,677,57,2,1
57,634,58,2,1
57,647,58,2,1
57,651,58,2,1
57,662,82,3,0
57,677,58,2,1
57,698,82,3,0
58,634,59,2,1
58,647,59,2,1
58,651,59,2,1
58,662,83,3,0
58,677,59,2,1
58,697,59,2,1
58,698,83,3,0
59,634,60,2,1
59,647,60,2,1
59,651,60,2,1
59,662,84,3,0
59,677,60,2,1
59,697,60,2,1
59,698,84,3,0
59,716,84,3,0
60,634,35,0,3
60,647,35,0,3
60,651,35,0,3
60,662,85,3,0
61,634,36,0,3
61,647,36,0,3
61,651,36,0,3
61,662,60,1,2
61,677,86,3,0
61,697,86,3,0
61,698,60,1,2
62,634,37,0,3
62,647,37,0,3
62,651,37,0,3
62,662,61,1,2
62,677,87,3,0
62,697,87,3,0
62,698,61,1,2
63,634,38,0,3
63,647,38,0,3
63,651,38,0,3
63,662,62,1,2
63,677,88,3,0
63,698,62,1,2
64,647,39,0,3
64,662,63,1,2
64,677,89,3,0
65,662,64,1,2
67,662,68,2,1
68,647,43,0,3
68,662,69,2,1
69,634,44,0,3
69,647,44,0,3
69,662,70,2,1
69,677,94,3,0
70,634,45,0,3
70,647,45,0,3
70,651,45,0,3
70,662,71,2,1
70,677,95,3,0
70,698,71,2,1
71,634,46,0,3
71,647,46,0,3
71,651,46,0,3
71,662,72,2,1
71,677,96,3,0
71,697,96,3,0
71,698,72,2,1
72,634,47,0,3
72,647,47,0,3
72,651,47,0,3
72,662,97,3,0
72,716,97,3,0
73,634,72,1,2
73,647,72,1,2
73,651,72,1,2
73,662,98,3,0
73,677,72,1,2
73,697,72,1,2
73,698,98,3,0
73,716,98,3,0
74,634,73,1,2
74,647,73,1,2
74,651,73,1,2
74,662,99,3,0
74,677,73,1,2
74,697,73,1,2
74,698,99,3,0
75,634,99,3,2
75,647,99,3,2
75,651,99,3,2
75,662,100,2,0
75,677,99,3,2
75,698,100,2,0
76,634,75,1,1
76,647,75,1,1
76,662,101,3,0
76,677,75,1,1
77,647,76,1,2
77,662,102,3,0
78,662,103,3,0
80,662,105,3,0
81,647,82,2,1
81,662,106,3,0
81,677,82,2,1
82,634,83,2,1
82,647,83,2,1
82,651,83,2,1
82,662,107,3,0
82,677,83,2,1
82,698,107,3,0
83,634,84,2,1
83,647,84,2,1
83,651,84,2,1
83,662,108,3,0
83,677,84,2,1
83,697,84,2,1
83,698,108,3,0
84,634,85,2,1
84,647,85,2,1
84,651,85,2,1
84,662,109,3,0
84,677,85,2,1
84,697,85,2,1
84,698,109,3,0
84,716,109,3,0
85,634,60,0,3
85,647,60,0,3
85,651,60,0,3
85,662,110,3,0
86,634,61,0,3
86,647,61,0,3
86,651,61,0,3
86,662,85,1,2
86,677,111,3,0
86,697,111,3,0
86,698,85,1,2
87,634,62,0,3
87,647,62,0,3
87,651,62,0,3
87,662,86,1,2
87,677,112,3,0
87,697,112,3,0
87,698,86,1,2
88,634,63,0,3
88,647,63,0,3
88,651,63,0,3
88,662,87,1,2
88,677,113,3,0
88,698,87,1,2
89,647,64,0,3
89,662,88,1,2
89,677,114,3,0
90,662,89,1,2
92,662,93,2,1
93,647,68,0,3
93,662,94,2,1
94,634,69,0,3
94,647,69,0,3
94,662,95,2,1
94,677,119,3,0
95,634,70,0,3
95,647,70,0,3
95,651,70,0,3
95,662,96,2,1
95,677,120,3,0
95,698,96,2,1
96,634,71,0,3
96,647,71,0,3
96,651,71,0,3
96,662,97,2,1
96,677,121,3,0
96,697,121,3,0
96,698,97,2,1
97,634,72,0,3
97,647,72,0,3
97,651,72,0,3
97,662,122,3,0
97,716,122,3,0
98,634,97,1,2
98,647,97,1,2
98,651,97,1,2
98,662,123,3,0
98,677,97,1,2
98,697,97,1,2
98,698,123,3,0
98,716,123,3,0
99,634,98,1,2
99,647,98,1,2
99,651,98,1,2
99,662,124,3,0
99,677,98,1,2
99,697,98,1,2
99,698,124,3,0
100,634,124,3,2
100,647,124,3,2
100,651,124,3,2
100,662,125,2,0
100,677,124,3,2
100,698,125,2,0
101,634,100,1,1
101,647,100,1,1
101,662,126,3,0
101,677,100,1,1
102,647,101,1,2
102,662,127,3,0
103,662,128,3,0
105,662,130,3,0
106,647,107,2,1
106,662,131,3,0
106,677,107,2,1
107,634,108,2,1
107,647,108,2,1
107,651,108,2,1
107,662,132,3,0
107,677,108,2,1
107,698,132,3,0
108,634,109,2,1
108,647,109,2,1
108,651,109,2,1
108,662,133,3,0
108,677,109,2,1
108,697,109,2,1
108,698,133,3,0
109,634,110,2,1
109,647,110,2,1
109,651,110,2,1
109,662,134,3,0
109,677,110,2,1
109,697,110,2,1
109,698,134,3,0
109,716,134,3,0
110,634,85,0,3
110,647,85,0,3
110,651,85,0,3
110,662,135,3,0
110,677,111,2,1
111,634,86,0,3
111,647,86,0,3
111,651,86,0,3
111,662,110,1,2
111,677,112,2,1
111,697,136,3,0
111,698,110,1,2
112,634,87,0,3
112,647,87,0,3
112,651,87,0,3
112,662,111,1,2
112,677,113,2,1
112,697,137,3,0
112,698,111,1,2
113,634,88,0,3
113,647,88,0,3
113,651,88,0,3
113,662,112,1,2
113,677,114,2,1
113,698,112,1,2
114,647,89,0,3
114,662,113,1,2
114,677,677,56,0
115,662,114,1,2
117,662,118,2,1
118,647,93,0,3
118,662,119,2,1
119,634,94,0,3
119,647,94,0,3
119,662,120,2,1
119,677,118,1,2
120,634,95,0,3
120,647,95,0,3
120,651,95,0,3
120,662,121,2,1
120,677,119,1,2
120,698,121,2,1
121,634,96,0,3
121,647,96,0,3
121,651,96,0,3
121,662,122,2,1
121,677,120,1,2
121,697,146,3,0
121,698,122,2,1
122,634,97,0,3
122,647,97,0,3
122,651,97,0,3
122,662,147,3,0
122,677,121,1,2
122,716,147,3,0
123,634,122,1,2
123,647,122,1,2
123,651,122,1,2
123,662,148,3,0
123,677,122,1,2
123,697,122,1,2
123,698,148,3,0
123,716,148,3,0
124,634,123,1,2
124,647,123,1,2
124,651,123,1,2
124,662,149,3,0
124,677,123,1,2
124,697,123,1,2
124,698,149,3,0
125,634,149,3,2
125,647,149,3,2
125,651,149,3,2
125,662,126,1,1
125,677,149,3,2
125,698,150,2,0
126,634,125,1,1
126,647,125,1,1
126,662,127,2,1
126,677,125,1,1
127,647,126,1,2
127,662,128,2,1
128,662,662,41,0
130,662,129,1,2
131,647,132,2,1
131,662,130,1,2
131,677,132,2,1
132,634,133,2,1
132,647,133,2,1
132,651,133,2,1
132,662,131,1,2
132,677,133,2,1
132,698,157,3,0
133,634,134,2,1
133,647,134,2,1
133,651,134,2,1
133,662,132,1,2
133,677,134,2,1
133,697,134,2,1
133,698,158,3,0
134,634,135,2,1
134,647,135,2,1
134,651,135,2,1
134,662,133,1,2
134,677,135,2,1
134,697,135,2,1
134,698,159,3,0
134,716,159,3,0
135,634,110,0,3
135,647,110,0,3
135,651,110,0,3
135,662,134,1,2
135,677,110,0,3
136,634,111,0,3
136,647,111,0,3
136,651,111,0,3
136,662,135,1,2
136,677,111,0,3
136,697,161,3,0
136,698,135,1,2
137,634,112,0,3
137,647,112,0,3
137,651,112,0,3
137,662,136,1,2
137,677,112,0,3
137,697,162,3,0
137,698,136,1,2
138,634,113,0,3
138,647,113,0,3
138,651,113,0,3
138,662,137,1,2
138,677,113,0,3
138,698,137,1,2
139,647,114,0,3
139,662,138,1,2
139,677,114,0,3
140,662,139,1,2
142,662,143,2,1
143,647,118,0,3
143,662,144,2,1
144,634,119,0,3
144,647,119,0,3
144,662,145,2,1
144,677,119,0,3
145,634,120,0,3
145,647,120,0,3
145,651,120,0,3
145,662,146,2,1
145,677,120,0,3
145,698,146,2,1
146,634,121,0,3
146,647,121,0,3
146,651,121,0,3
146,662,147,2,1
146,677,121,0,3
146,697,171,3,0
146,698,147,2,1
147,634,122,0,3
147,647,122,0,3
147,651,122,0,3
147,662,148,2,1
147,677,122,0,3
147,716,172,3,0
148,634,147,1,2
148,647,147,1,2
148,651,147,1,2
148,662,149,2,1
148,677,147,1,2
148,697,147,1,2
148,698,173,3,0
148,716,173,3,0
149,634,148,1,2
149,647,148,1,2
149,651,148,1,2
149,662,125,2,3
149,677,148,1,2
149,697,148,1,2
149,698,174,3,0
150,634,174,3,2
150,647,174,3,2
150,651,174,3,2
150,662,125,0,2
150,677,174,3,2
150,698,175,2,0
151,634,150,1,1
151,647,150,1,1
151,662,126,0,3
151,677,150,1,1
152,647,151,1,2
152,662,127,0,3
153,662,128,0,3
155,662,130,0,3
156,647,157,2,1
156,662,131,0,3
156,677,157,2,1
157,634,158,2,1
157,647,158,2,1
157,651,158,2,1
157,662,132,0,3
157,677,158,2,1
157,698,182,3,0
158,634,159,2,1
158,647,159,2,1
158,651,159,2,1
158,662,133,0,3
158,677,159,2,1
158,697,159,2,1
158,698,183,3,0
159,634,160,2,1
159,647,160,2,1
159,651,160,2,1
159,662,134,0,3
159,677,160,2,1
159,697,160,2,1
159,698,184,3,0
159,716,184,3,0
160,634,135,0,3
160,647,135,0,3
160,662,135,0,3
160,677,135,0,3
160,698,185,3,0
161,634,136,0,3
161,647,136,0,3
161,651,136,0,3
161,662,160,1,2
161,677,136,0,3
161,697,186,3,0
161,698,160,1,2
162,634,137,0,3
162,647,137,0,3
162,651,137,0,3
162,662,161,1,2
162,677,137,0,3
162,697,187,3,0
162,698,161,1,2
163,634,138,0,3
163,647,138,0,3
163,651,138,0,3
163,662,162,1,2
163,677,138,0,3
163,698,162,1,2
164,647,139,0,3
164,662,163,1,2
164,677,139,0,3
165,662,164,1,2
167,662,168,2,1
168,647,143,0,3
168,662,169,2,1
169,634,144,0,3
169,647,144,0,3
169,662,170,2,1
169,677,144,0,3
170,634,145,0,3
170,647,145,0,3
170,651,145,0,3
170,662,171,2,1
170,677,145,0,3
170,698,171,2,1
171,634,146,0,3
171,647,146,0,3
171,651,146,0,3
171,662,172,2,1
171,677,146,0,3
171,697,196,3,0
171,698,172,2,1
172,634,147,0,3
172,647,147,0,3
172,662,147,0,3
172,677,147,0,3
172,698,197,3,0
172,716,197,3,0
173,634,172,1,2
173,647,172,1,2
173,651,172,1,2
173,662,148,0,3
173,677,172,1,2
173,697,172,1,2
173,698,198,3,0
173,716,198,3,0
174,634,173,1,2
174,647,173,1,2
174,651,173,1,2
174,662,149,0,3
174,677,173,1,2
174,697,173,1,2
174,698,199,3,0
175,634,199,3,2
175,647,199,3,2
175,651,199,3,2
175,662,150,0,2
175,677,199,3,2
175,698,200,2,0
176,634,175,1,1
176,647,175,1,1
176,662,151,0,3
176,677,175,1,1
177,647,176,1,2
177,662,152,0,3
178,662,153,0,3
180,662,155,0,3
181,647,182,2,1
181,662,156,0,3
181,677,182,2,1
182,634,183,2,1
182,647,183,2,1
182,651,183,2,1
182,662,157,0,3
182,677,183,2,1
182,698,207,3,0
183,634,184,2,1
183,647,184,2,1
183,651,184,2,1
183,662,158,0,3
183,677,184,2,1
183,697,184,2,1
183,698,208,3,0
184,634,185,2,1
184,647,185,2,1
184,651,185,2,1
184,662,159,0,3
184,677,185,2,1
184,697,185,2,1
184,698,209,3,0
184,716,209,3,0
185,634,160,0,3
185,647,160,0,3
185,662,160,0,3
185,677,160,0,3
185,697,186,2,1
185,698,210,3,0
186,634,161,0,3
186,647,161,0,3
186,651,161,0,3
186,662,185,1,2
186,677,161,0,3
186,697,187,2,1
186,698,185,1,2
187,634,162,0,3
187,647,162,0,3
187,651,162,0,3
187,662,186,1,2
187,677,162,0,3
187,697,697,76,0
187,698,186,1,2
188,634,163,0,3
188,647,163,0,3
188,651,163,0,3
188,662,187,1,2
188,677,163,0,3
188,698,187,1,2
189,647,164,0,3
189,662,188,1,2
189,677,164,0,3
190,662,189,1,2
192,662,193,2,1
193,647,168,0,3
193,662,194,2,1
194,634,169,0,3
194,647,169,0,3
194,662,195,2,1
194,677,169,0,3
195,634,170,0,3
195,647,170,0,3
195,651,170,0,3
195,662,196,2,1
195,677,170,0,3
195,698,196,2,1
196,634,171,0,3
196,647,171,0,3
196,651,171,0,3
196,662,197,2,1
196,677,171,0,3
196,697,195,1,2
196,698,197,2,1
197,634,172,0,3
197,647,172,0,3
197,662,172,0,3
197,677,172,0,3
197,697,196,1,2
197,698,222,3,0
197,716,222,3,0
198,634,197,1,2
198,647,197,1,2
198,651,197,1,2
198,662,173,0,3
198,677,197,1,2
198,697,197,1,2
198,698,223,3,0
198,716,223,3,0
199,634,198,1,2
199,647,198,1,2
199,651,198,1,2
199,662,174,0,3
199,677,198,1,2
199,697,198,1,2
199,698,224,3,0
200,634,224,3,2
200,647,224,3,2
200,651,224,3,2
200,662,175,0,2
200,677,224,3,2
200,698,225,2,0
201,634,200,1,1
201,647,200,1,1
201,662,176,0,3
201,677,200,1,1
202,647,201,1,2
202,662,177,0,3
203,662,178,0,3
205,662,180,0,3
206,647,207,2,1
206,662,181,0,3
206,677,207,2,1
207,634,208,2,1
207,647,208,2,1
207,651,208,2,1
207,662,182,0,3
207,677,208,2,1
207,698,232,3,0
208,634,209,2,1
208,647,209,2,1
208,651,209,2,1
208,662,183,0,3
208,677,209,2,1
208,697,209,2,1
208,698,233,3,0
209,634,210,2,1
209,647,210,2,1
209,651,210,2,1
209,662,184,0,3
209,677,210,2,1
209,697,210,2,1
209,698,234,3,0
209,716,234,3,0
210,647,185,0,3
210,662,185,0,3
210,677,185,0,3
210,697,185,0,3
210,698,235,3,0
210,716,235,3,0
211,634,236,3,0
211,647,186,0,3
211,651,186,0,3
211,662,210,1,2
211,677,186,0,3
211,697,186,0,3
211,698,210,1,2
212,634,237,3,0
212,647,187,0,3
212,651,187,0,3
212,662,211,1,2
212,677,187,0,3
212,697,187,0,3
212,698,211,1,2
213,634,238,3,0
213,647,188,0,3
213,651,188,0,3
213,662,212,1,2
213,677,188,0,3
213,698,212,1,2
214,647,189,0,3
214,662,213,1,2
214,677,189,0,3
215,662,214,1,2
217,662,218,2,1
218,647,193,0,3
218,662,219,2,1
219,634,244,3,0
219,647,194,0,3
219,662,220,2,1
219,677,194,0,3
220,634,245,3,0
220,647,195,0,3
220,651,195,0,3
220,662,221,2,1
220,677,195,0,3
220,698,221,2,1
221,634,246,3,0
221,647,196,0,3
221,651,196,0,3
221,662,222,2,1
221,677,196,0,3
221,697,196,0,3
221,698,222,2,1
222,647,197,0,3
222,662,197,0,3
222,677,197,0,3
222,697,197,0,3
222,698,247,3,0
222,716,247,3,0
223,634,222,1,2
223,647,222,1,2
223,651,222,1,2
223,662,198,0,3
223,677,222,1,2
223,697,222,1,2
223,698,248,3,0
223,716,248,3,0
224,634,223,1,2
224,647,223,1,2
224,651,223,1,2
224,662,199,0,3
224,677,223,1,2
224,697,223,1,2
224,698,249,3,0
225,634,249,3,2
225,647,249,3,2
225,651,249,3,2
225,662,200,0,2
225,677,249,3,2
225,698,250,2,0
226,634,225,1,1
226,647,225,1,1
226,662,201,0,3
226,677,225,1,1
227,647,226,1,2
227,662,202,0,3
228,662,203,0,3
230,662,205,0,3
231,647,232,2,1
231,662,206,0,3
231,677,232,2,1
232,634,233,2,1
232,647,233,2,1
232,651,233,2,1
232,662,207,0,3
232,677,233,2,1
232,698,257,3,0
233,634,234,2,1
233,647,234,2,1
233,651,234,2,1
233,662,208,0,3
233,677,234,2,1
233,697,234,2,1
233,698,258,3,0
234,634,235,2,1
234,647,235,2,1
234,651,235,2,1
234,662,209,0,3
234,677,235,2,1
234,697,235,2,1
234,698,259,3,0
234,716,716,95,0
235,662,210,0,3
235,677,210,0,3
235,697,210,0,3
235,698,260,3,0
235,716,234,1,2
236,634,261,3,0
236,647,261,3,0
236,651,211,0,3
236,662,235,1,2
236,677,211,0,3
236,697,211,0,3
236,698,235,1,2
237,634,262,3,0
237,647,262,3,0
237,651,212,0,3
237,662,236,1,2
237,677,212,0,3
237,697,212,0,3
237,698,236,1,2
238,634,263,3,0
238,647,263,3,0
238,651,213,0,3
238,662,237,1,2
238,677,213,0,3
238,698,237,1,2
239,647,264,3,0
239,662,238,1,2
239,677,214,0,3
240,662,239,1,2
242,662,243,2,1
243,647,268,3,0
243,662,244,2,1
244,634,269,3,0
244,647,269,3,0
244,662,245,2,1
244,677,219,0,3
245,634,270,3,0
245,647,270,3,0
245,651,220,0,3
245,662,246,2,1
245,677,220,0,3
245,698,246,2,1
246,634,271,3,0
246,647,271,3,0
246,651,221,0,3
246,662,247,2,1
246,677,221,0,3
246,697,221,0,3
246,698,247,2,1
247,662,222,0,3
247,677,222,0,3
247,697,222,0,3
247,698,272,3,0
247,716,248,2,1
248,634,247,1,2
248,647,247,1,2
248,651,247,1,2
248,662,223,0,3
248,677,247,1,2
248,697,247,1,2
248,698,273,3,0
249,634,248,1,2
249,647,248,1,2
249,651,248,1,2
249,662,224,0,3
249,677,248,1,2
249,697,248,1,2
249,698,274,3,0
250,634,274,3,2
250,647,274,3,2
250,651,274,3,2
250,662,225,0,2
250,677,274,3,2
250,698,275,2,0
251,634,250,1,1
251,647,250,1,1
251,662,226,0,3
251,677,250,1,1
252,647,251,1,2
252,662,227,0,3
253,662,228,0,3
255,662,230,0,3
256,647,257,2,1
256,662,231,0,3
256,677,257,2,1
257,634,258,2,1
257,647,258,2,1
257,651,258,2,1
257,662,232,0,3
257,677,258,2,1
257,698,282,3,0
258,634,259,2,1
258,647,259,2,1
258,651,259,2,1
258,662,233,0,3
258,677,259,2,1
258,697,259,2,1
258,698,283,3,0
259,634,260,2,1
259,647,260,2,1
259,651,260,2,1
259,662,234,0,3
259,677,260,2,1
259,697,260,2,1
259,698,284,3,0
259,716,234,0,3
260,651,285,3,0
260,662,235,0,3
260,677,235,0,3
260,697,235,0,3
260,698,285,3,0
261,634,286,3,0
261,647,286,3,0
261,651,286,3,0
261,662,260,1,2
261,677,236,0,3
261,697,236,0,3
261,698,260,1,2
262,634,287,3,0
262,647,287,3,0
262,651,287,3,0
262,662,261,1,2
262,677,237,0,3
262,697,237,0,3
262,698,261,1,2
263,634,288,3,0
263,647,288,3,0
263,651,288,3,0
263,662,262,1,2
263,677,238,0,3
263,698,262,1,2
264,647,289,3,0
264,662,263,1,2
264,677,239,0,3
265,662,264,1,2
267,662,268,2,1
268,647,293,3,0
268,662,269,2,1
269,634,294,3,0
269,647,294,3,0
269,662,270,2,1
269,677,244,0,3
270,634,295,3,0
270,647,295,3,0
270,651,295,3,0
270,662,271,2,1
270,677,245,0,3
270,698,271,2,1
271,634,296,3,0
271,647,296,3,0
271,651,296,3,0
271,662,272,2,1
271,677,246,0,3
271,697,246,0,3
271,698,272,2,1
272,651,297,3,0
272,662,247,0,3
272,677,247,0,3
272,697,247,0,3
272,698,297,3,0
272,716,247,0,3
273,634,272,1,2
273,647,272,1,2
273,651,272,1,2
273,662,248,0,3
273,677,272,1,2
273,697,272,1,2
273,698,298,3,0
273,716,248,0,3
274,634,273,1,2
274,647,273,1,2
274,651,273,1,2
274,662,249,0,3
274,677,273,1,2
274,697,273,1,2
274,698,299,3,0
275,634,299,3,2
275,647,299,3,2
275,651,299,3,2
275,662,250,0,2
275,677,299,3,2
275,698,300,2,0
276,634,275,1,1
276,647,275,1,1
276,662,251,0,3
276,677,275,1,1
277,647,276,1,2
277,662,252,0,3
278,662,253,0,3
280,662,255,0,3
281,647,282,2,1
281,662,256,0,3
281,677,282,2,1
282,634,283,2,1
282,647,283,2,1
282,651,283,2,1
282,662,257,0,3
282,677,283,2,1
282,698,307,3,0
283,634,284,2,1
283,647,284,2,1
283,651,284,2,1
283,662,258,0,3
283,677,284,2,1
283,697,284,2,1
283,698,308,3,0
284,634,285,2,1
284,647,285,2,1
284,651,285,2,1
284,662,259,0,3
284,677,285,2,1
284,697,285,2,1
284,698,309,3,0
284,716,259,0,3
285,634,310,3,0
285,647,310,3,0
285,651,310,3,0
285,662,260,0,3
285,677,260,0,3
285,697,260,0,3
285,698,310,3,0
286,634,311,3,0
286,647,311,3,0
286,651,311,3,0
286,662,285,1,2
286,677,261,0,3
286,697,261,0,3
286,698,285,1,2
287,634,312,3,0
287,647,312,3,0
287,651,312,3,0
287,662,286,1,2
287,677,262,0,3
287,697,262,0,3
287,698,286,1,2
288,634,313,3,0
288,647,313,3,0
288,651,313,3,0
288,662,287,1,2
288,677,263,0,3
288,698,287,1,2
289,647,314,3,0
289,662,288,1,2
289,677,264,0,3
290,662,289,1,2
292,662,293,2,1
293,647,318,3,0
293,662,294,2,1
294,634,319,3,0
294,647,319,3,0
294,662,295,2,1
294,677,269,0,3
295,634,320,3,0
295,647,320,3,0
295,651,320,3,0
295,662,296,2,1
295,677,270,0,3
295,698,296,2,1
296,634,321,3,0
296,647,321,3,0
296,651,321,3,0
296,662,297,2,1
296,677,271,0,3
296,697,271,0,3
296,698,297,2,1
297,634,322,3,0
297,647,322,3,0
297,651,322,3,0
297,662,272,0,3
297,677,272,0,3
297,697,272,0,3
297,698,322,3,0
297,716,272,0,3
298,634,297,1,2
298,647,297,1,2
298,651,297,1,2
298,662,273,0,3
298,677,297,1,2
298,697,297,1,2
298,698,323,3,0
298,716,273,0,3
299,634,298,1,2
299,647,298,1,2
299,651,298,1,2
299,662,274,0,3
299,677,298,1,2
299,697,298,1,2
299,698,324,3,0
300,634,324,3,2
300,647,324,3,2
300,651,324,3,2
300,662,275,0,2
300,677,324,3,2
300,698,325,2,0
301,634,300,1,1
301,647,300,1,1
301,662,276,0,3
301,677,300,1,1
302,647,301,1,2
302,662,277,0,3
303,662,278,0,3
305,662,280,0,3
306,647,307,2,1
306,662,281,0,3
306,677,307,2,1
307,634,308,2,1
307,647,308,2,1
307,651,308,2,1
307,662,282,0,3
307,677,308,2,1
307,698,332,3,0
308,634,309,2,1
308,647,309,2,1
308,651,309,2,1
308,662,283,0,3
308,677,309,2,1
308,697,309,2,1
308,698,333,3,0
309,634,310,2,1
309,647,310,2,1
309,651,310,2,1
309,662,284,0,3
309,677,310,2,1
309,697,310,2,1
309,698,334,3,0
309,716,284,0,3
310,634,335,3,0
310,647,335,3,0
310,651,335,3,0
310,662,285,0,3
310,677,285,0,3
310,697,285,0,3
310,698,335,3,0
311,634,336,3,0
311,647,336,3,0
311,651,336,3,0
311,662,310,1,2
311,677,286,0,3
311,697,286,0,3
311,698,310,1,2
312,634,337,3,0
312,647,337,3,0
312,651,337,3,0
312,662,311,1,2
312,677,287,0,3
312,697,287,0,3
312,698,311,1,2
313,634,338,3,0
313,647,338,3,0
313,651,338,3,0
313,662,312,1,2
313,677,288,0,3
313,698,312,1,2
314,647,339,3,0
314,662,313,1,2
314,677,289,0,3
315,662,314,1,2
317,662,318,2,1
318,647,343,3,0
318,662,319,2,1
319,634,344,3,0
319,647,344,3,0
319,662,320,2,1
319,677,294,0,3
320,634,345,3,0
320,647,345,3,0
320,651,345,3,0
320,662,321,2,1
320,677,295,0,3
320,698,321,2,1
321,634,346,3,0
321,647,346,3,0
321,651,346,3,0
321,662,322,2,1
321,677,296,0,3
321,697,296,0,3
321,698,322,2,1
322,634,347,3,0
322,647,347,3,0
322,651,347,3,0
322,662,297,0,3
322,677,297,0,3
322,697,297,0,3
322,698,347,3,0
322,716,297,0,3
323,634,322,1,2
323,647,322,1,2
323,651,322,1,2
323,662,298,0,3
323,677,322,1,2
323,697,322,1,2
323,698,348,3,0
323,716,298,0,3
324,634,323,1,2
324,647,323,1,2
324,651,323,1,2
324,662,299,0,3
324,677,323,1,2
324,697,323,1,2
324,698,349,3,0
325,634,349,3,2
325,647,349,3,2
325,651,349,3,2
325,662,300,0,2
325,677,349,3,2
325,698,350,2,0
326,634,325,1,1
326,647,325,1,1
326,662,301,0,3
326,677,325,1,1
327,647,326,1,2
327,662,302,0,3
328,662,303,0,3
330,662,305,0,3
331,647,332,2,1
331,662,306,0,3
331,677,332,2,1
332,634,333,2,1
332,647,333,2,1
332,651,333,2,1
332,662,307,0,3
332,677,333,2,1
332,698,357,3,0
333,634,334,2,1
333,647,334,2,1
333,651,334,2,1
333,662,308,0,3
333,677,334,2,1
333,697,334,2,1
333,698,358,3,0
334,634,335,2,1
334,647,335,2,1
334,651,335,2,1
334,662,309,0,3
334,677,335,2,1
334,697,335,2,1
334,698,359,3,0
334,716,309,0,3
335,634,360,3,0
335,647,360,3,0
335,651,360,3,0
335,662,310,0,3
335,677,310,0,3
335,697,310,0,3
335,698,360,3,0
336,634,361,3,0
336,647,361,3,0
336,651,361,3,0
336,662,335,1,2
336,677,311,0,3
336,697,311,0,3
336,698,335,1,2
337,634,362,3,0
337,647,362,3,0
337,651,362,3,0
337,662,336,1,2
337,677,312,0,3
337,697,312,0,3
337,698,336,1,2
338,634,363,3,0
338,647,363,3,0
338,651,363,3,0
338,662,337,1,2
338,677,313,0,3
338,698,337,1,2
339,647,364,3,0
339,662,338,1,2
339,677,314,0,3
340,662,339,1,2
342,662,343,2,1
343,647,368,3,0
343,662,344,2,1
344,634,369,3,0
344,647,369,3,0
344,662,345,2,1
344,677,319,0,3
345,634,370,3,0
345,647,370,3,0
345,651,370,3,0
345,662,346,2,1
345,677,320,0,3
345,698,346,2,1
346,634,371,3,0
346,647,371,3,0
346,651,371,3,0
346,662,347,2,1
346,677,321,0,3
346,697,321,0,3
346,698,347,2,1
347,634,372,3,0
347,647,372,3,0
347,651,372,3,0
347,662,322,0,3
347,677,322,0,3
347,697,322,0,3
347,698,372,3,0
347,716,322,0,3
348,634,347,1,2
348,647,347,1,2
348,651,347,1,2
348,662,323,0,3
348,677,347,1,2
348,697,347,1,2
348,698,373,3,0
348,716,323,0,3
349,634,348,1,2
349,647,348,1,2
349,651,348,1,2
349,662,324,0,3
349,677,348,1,2
349,697,348,1,2
349,698,374,3,0
350,634,374,3,2
350,647,374,3,2
350,651,374,3,2
350,662,325,0,2
350,677,374,3,2
350,698,351,1,1
351,634,350,1,1
351,647,350,1,1
351,662,326,0,3
351,677,350,1,1
352,647,351,1,2
352,662,327,0,3
353,662,328,0,3
355,662,330,0,3
356,647,357,2,1
356,662,331,0,3
356,677,357,2,1
357,634,358,2,1
357,647,358,2,1
357,651,358,2,1
357,662,332,0,3
357,677,358,2,1
357,698,698,77,0
358,634,359,2,1
358,647,359,2,1
358,651,359,2,1
358,662,333,0,3
358,677,359,2,1
358,697,359,2,1
358,698,357,1,2
359,634,360,2,1
359,647,360,2,1
359,651,360,2,1
359,662,334,0,3
359,677,360,2,1
359,697,360,2,1
359,698,358,1,2
359,716,334,0,3
360,634,385,3,0
360,647,385,3,0
360,651,385,3,0
360,662,335,0,3
360,677,335,0,3
360,698,359,1,2
361,634,386,3,0
361,647,386,3,0
361,651,386,3,0
361,662,360,1,2
361,677,336,0,3
361,697,336,0,3
361,698,360,1,2
362,634,387,3,0
362,647,387,3,0
362,651,387,3,0
362,662,361,1,2
362,677,337,0,3
362,697,337,0,3
362,698,361,1,2
363,634,388,3,0
363,647,388,3,0
363,651,388,3,0
363,662,362,1,2
363,677,338,0,3
363,698,362,1,2
364,647,389,3,0
364,662,363,1,2
364,677,339,0,3
365,662,364,1,2
367,662,368,2,1
368,647,393,3,0
368,662,369,2,1
369,634,394,3,0
369,647,394,3,0
369,662,370,2,1
369,677,344,0,3
370,634,395,3,0
370,647,395,3,0
370,651,395,3,0
370,662,371,2,1
370,677,345,0,3
370,698,371,2,1
371,634,396,3,0
371,647,396,3,0
371,651,396,3,0
371,662,372,2,1
371,677,346,0,3
371,697,346,0,3
371,698,372,2,1
372,634,397,3,0
372,647,397,3,0
372,651,397,3,0
372,662,347,0,3
372,677,347,0,3
372,698,373,2,1
372,716,347,0,3
373,634,372,1,2
373,647,372,1,2
373,651,372,1,2
373,662,348,0,3
373,677,372,1,2
373,697,372,1,2
373,698,374,2,1
373,716,348,0,3
374,634,373,1,2
374,647,373,1,2
374,651,373,1,2
374,662,349,0,3
374,677,373,1,2
374,697,373,1,2
374,698,350,2,3
375,634,399,3,2
375,647,399,3,2
375,651,399,3,2
375,662,350,0,2
375,677,399,3,2
375,698,350,0,2
376,634,375,1,1
376,647,375,1,1
376,662,351,0,3
376,677,375,1,1
377,647,376,1,2
377,662,352,0,3
378,662,353,0,3
380,662,355,0,3
381,647,382,2,1
381,662,356,0,3
381,677,382,2,1
382,634,383,2,1
382,647,383,2,1
382,651,383,2,1
382,662,357,0,3
382,677,383,2,1
382,698,357,0,3
383,634,384,2,1
383,647,384,2,1
383,651,384,2,1
383,662,358,0,3
383,677,384,2,1
383,697,384,2,1
383,698,358,0,3
384,634,385,2,1
384,647,385,2,1
384,651,385,2,1
384,662,359,0,3
384,677,385,2,1
384,697,385,2,1
384,698,359,0,3
384,716,359,0,3
385,634,410,3,0
385,647,410,3,0
385,651,410,3,0
385,662,360,0,3
386,634,411,3,0
386,647,411,3,0
386,651,411,3,0
386,662,385,1,2
386,677,361,0,3
386,697,361,0,3
386,698,385,1,2
387,634,412,3,0
387,647,412,3,0
387,651,412,3,0
387,662,386,1,2
387,677,362,0,3
387,697,362,0,3
387,698,386,1,2
388,634,413,3,0
388,647,413,3,0
388,651,413,3,0
388,662,387,1,2
388,677,363,0,3
388,698,387,1,2
389,647,414,3,0
389,662,388,1,2
389,677,364,0,3
390,662,389,1,2
392,662,393,2,1
393,647,418,3,0
393,662,394,2,1
394,634,419,3,0
394,647,419,3,0
394,662,395,2,1
394,677,369,0,3
395,634,420,3,0
395,647,420,3,0
395,651,420,3,0
395,662,396,2,1
395,677,370,0,3
395,698,396,2,1
396,634,421,3,0
396,647,421,3,0
396,651,421,3,0
396,662,397,2,1
396,677,371,0,3
396,697,371,0,3
396,698,397,2,1
397,634,422,3,0
397,647,422,3,0
397,651,422,3,0
397,662,372,0,3
397,716,372,0,3
398,634,397,1,2
398,647,397,1,2
398,651,397,1,2
398,662,373,0,3
398,677,397,1,2
398,697,397,1,2
398,698,373,0,3
398,716,373,0,3
399,634,398,1,2
399,647,398,1,2
399,651,398,1,2
399,662,374,0,3
399,677,398,1,2
399,697,398,1,2
399,698,374,0,3
400,634,424,3,2
400,647,424,3,2
400,651,424,3,2
400,662,375,0,2
400,677,424,3,2
400,698,375,0,2
401,634,400,1,1
401,647,400,1,1
401,662,376,0,3
401,677,400,1,1
402,647,401,1,2
402,662,377,0,3
403,662,378,0,3
405,662,380,0,3
406,647,407,2,1
406,662,381,0,3
406,677,407,2,1
407,634,408,2,1
407,647,408,2,1
407,651,408,2,1
407,662,382,0,3
407,677,408,2,1
407,698,382,0,3
408,634,409,2,1
408,647,409,2,1
408,651,409,2,1
408,662,383,0,3
408,677,409,2,1
408,697,409,2,1
408,698,383,0,3
409,634,410,2,1
409,647,410,2,1
409,651,410,2,1
409,662,384,0,3
409,677,410,2,1
409,697,410,2,1
409,698,384,0,3
409,716,384,0,3
410,634,435,3,0
410,647,435,3,0
410,651,435,3,0
410,662,385,0,3
411,634,436,3,0
411,647,436,3,0
411,651,436,3,0
411,662,410,1,2
411,677,386,0,3
411,697,386,0,3
411,698,410,1,2
412,634,437,3,0
412,647,437,3,0
412,651,437,3,0
412,662,411,1,2
412,677,387,0,3
412,697,387,0,3
412,698,411,1,2
413,634,438,3,0
413,647,438,3,0
413,651,438,3,0
413,662,412,1,2
413,677,388,0,3
413,698,412,1,2
414,647,439,3,0
414,662,413,1,2
414,677,389,0,3
415,662,414,1,2
417,662,418,2,1
418,647,443,3,0
418,662,419,2,1
419,634,444,3,0
419,647,444,3,0
419,662,420,2,1
419,677,394,0,3
420,634,445,3,0
420,647,445,3,0
420,651,445,3,0
420,662,421,2,1
420,677,395,0,3
420,698,421,2,1
421,634,446,3,0
421,647,446,3,0
421,651,446,3,0
421,662,422,2,1
421,677,396,0,3
421,697,396,0,3
421,698,422,2,1
422,634,447,3,0
422,647,447,3,0
422,651,447,3,0
422,662,397,0,3
422,716,397,0,3
423,634,422,1,2
423,647,422,1,2
423,651,422,1,2
423,662,398,0,3
423,677,422,1,2
423,697,422,1,2
423,698,398,0,3
423,716,398,0,3
424,634,423,1,2
424,647,423,1,2
424,651,423,1,2
424,662,399,0,3
424,677,423,1,2
424,697,423,1,2
424,698,399,0,3
425,634,449,3,2
425,647,449,3,2
425,651,449,3,2
425,662,400,0,2
425,677,449,3,2
425,698,400,0,2
426,634,425,1,1
426,647,425,1,1
426,662,401,0,3
426,677,425,1,1
427,647,426,1,2
427,662,402,0,3
428,662,403,0,3
430,662,405,0,3
431,647,432,2,1
431,662,406,0,3
431,677,432,2,1
432,634,433,2,1
432,647,433,2,1
432,651,433,2,1
432,662,407,0,3
432,677,433,2,1
432,698,407,0,3
433,634,434,2,1
433,647,434,2,1
433,651,434,2,1
433,662,408,0,3
433,677,434,2,1
433,697,434,2,1
433,698,408,0,3
434,634,435,2,1
434,647,435,2,1
434,651,435,2,1
434,662,409,0,3
434,677,435,2,1
434,697,435,2,1
434,698,409,0,3
434,716,409,0,3
435,634,460,3,0
435,647,460,3,0
435,651,460,3,0
435,662,410,0,3
435,677,460,3,0
436,634,461,3,0
436,647,461,3,0
436,651,461,3,0
436,662,435,1,2
436,677,461,3,0
436,697,411,0,3
436,698,435,1,2
437,634,462,3,0
437,647,462,3,0
437,651,462,3,0
437,662,436,1,2
437,677,462,3,0
437,697,412,0,3
437,698,436,1,2
438,634,463,3,0
438,647,463,3,0
438,651,463,3,0
438,662,437,1,2
438,677,463,3,0
438,698,437,1,2
439,647,464,3,0
439,662,438,1,2
439,677,464,3,0
440,662,439,1,2
442,662,443,2,1
443,647,468,3,0
443,662,444,2,1
444,634,469,3,0
444,647,469,3,0
444,662,445,2,1
444,677,469,3,0
445,634,470,3,0
445,647,470,3,0
445,651,470,3,0
445,662,446,2,1
445,677,470,3,0
445,698,446,2,1
446,634,471,3,0
446,647,471,3,0
446,651,471,3,0
446,662,447,2,1
446,677,471,3,0
446,697,421,0,3
446,698,447,2,1
447,634,472,3,0
447,647,472,3,0
447,651,472,3,0
447,662,422,0,3
447,677,472,3,0
447,716,422,0,3
448,634,447,1,2
448,647,447,1,2
448,651,447,1,2
448,662,423,0,3
448,677,447,1,2
448,697,447,1,2
448,698,423,0,3
448,716,423,0,3
449,634,448,1,2
449,647,448,1,2
449,651,448,1,2
449,662,424,0,3
449,677,448,1,2
449,697,448,1,2
449,698,424,0,3
450,634,474,3,2
450,647,474,3,2
450,651,474,3,2
450,662,475,2,0
450,677,474,3,2
450,698,425,0,2
451,634,450,1,1
451,647,450,1,1
451,662,476,3,0
451,677,450,1,1
452,647,451,1,2
452,662,477,3,0
453,662,478,3,0
455,662,480,3,0
456,647,457,2,1
456,662,481,3,0
456,677,457,2,1
457,634,458,2,1
457,647,458,2,1
457,651,458,2,1
457,662,482,3,0
457,677,458,2,1
457,698,432,0,3
458,634,459,2,1
458,647,459,2,1
458,651,459,2,1
458,662,483,3,0
458,677,459,2,1
458,697,459,2,1
458,698,433,0,3
459,634,460,2,1
459,647,460,2,1
459,651,460,2,1
459,662,484,3,0
459,677,460,2,1
459,697,460,2,1
459,698,434,0,3
459,716,434,0,3
460,634,485,3,0
460,647,485,3,0
460,662,485,3,0
460,677,485,3,0
461,634,486,3,0
461,647,486,3,0
461,651,486,3,0
461,662,460,1,2
461,677,486,3,0
461,697,436,0,3
461,698,460,1,2
462,634,487,3,0
462,647,487,3,0
462,651,487,3,0
462,662,461,1,2
462,677,487,3,0
462,697,437,0,3
462,698,461,1,2
463,634,488,3,0
463,647,488,3,0
463,651,488,3,0
463,662,462,1,2
463,677,488,3,0
463,698,462,1,2
464,647,489,3,0
464,662,463,1,2
464,677,489,3,0
465,662,464,1,2
467,662,468,2,1
468,647,493,3,0
468,662,469,2,1
469,634,494,3,0
469,647,494,3,0
469,662,470,2,1
469,677,494,3,0
470,634,495,3,0
470,647,495,3,0
470,651,495,3,0
470,662,471,2,1
470,677,495,3,0
470,698,471,2,1
471,634,496,3,0
471,647,496,3,0
471,651,496,3,0
471,662,472,2,1
471,677,496,3,0
471,697,446,0,3
471,698,472,2,1
472,634,497,3,0
472,647,497,3,0
472,662,497,3,0
472,677,497,3,0
472,716,447,0,3
473,634,472,1,2
473,647,472,1,2
473,651,472,1,2
473,662,498,3,0
473,677,472,1,2
473,697,472,1,2
473,698,448,0,3
473,716,448,0,3
474,634,473,1,2
474,647,473,1,2
474,651,473,1,2
474,662,499,3,0
474,677,473,1,2
474,697,473,1,2
474,698,449,0,3
475,634,499,3,2
475,647,499,3,2
475,651,499,3,2
475,662,500,2,0
475,677,499,3,2
475,698,450,0,2
476,634,475,1,1
476,647,475,1,1
476,662,501,3,0
476,677,475,1,1
477,647,476,1,2
477,662,502,3,0
478,662,503,3,0
480,662,505,3,0
481,647,482,2,1
481,662,506,3,0
481,677,482,2,1
482,634,483,2,1
482,647,483,2,1
482,651,483,2,1
482,662,507,3,0
482,677,483,2,1
482,698,457,0,3
483,634,484,2,1
483,647,484,2,1
483,651,484,2,1
483,662,508,3,0
483,677,484,2,1
483,697,484,2,1
483,698,458,0,3
484,634,485,2,1
484,647,485,2,1
484,651,485,2,1
484,662,509,3,0
484,677,485,2,1
484,697,485,2,1
484,698,459,0,3
484,716,459,0,3
485,634,510,3,0
485,647,510,3,0
485,662,510,3,0
485,677,510,3,0
485,698,460,0,3
486,634,511,3,0
486,647,511,3,0
486,651,511,3,0
486,662,485,1,2
486,677,511,3,0
486,697,461,0,3
486,698,485,1,2
487,634,512,3,0
487,647,512,3,0
487,651,512,3,0
487,662,486,1,2
487,677,512,3,0
487,697,462,0,3
487,698,486,1,2
488,634,513,3,0
488,647,513,3,0
488,651,513,3,0
488,662,487,1,2
488,677,513,3,0
488,698,487,1,2
489,647,514,3,0
489,662,488,1,2
489,677,514,3,0
490,662,489,1,2
492,662,493,2,1
493,647,518,3,0
493,662,494,2,1
494,634,519,3,0
494,647,519,3,0
494,662,495,2,1
494,677,519,3,0
495,634,520,3,0
495,647,520,3,0
495,651,520,3,0
495,662,496,2,1
495,677,520,3,0
495,698,496,2,1
496,634,521,3,0
496,647,521,3,0
496,651,521,3,0
496,662,497,2,1
496,677,521,3,0
496,697,471,0,3
496,698,497,2,1
497,634,522,3,0
497,647,522,3,0
497,662,522,3,0
497,677,522,3,0
497,698,472,0,3
497,716,472,0,3
498,634,497,1,2
498,647,497,1,2
498,651,497,1,2
498,662,523,3,0
498,677,497,1,2
498,697,497,1,2
498,698,473,0,3
498,716,473,0,3
499,634,498,1,2
499,647,498,1,2
499,651,498,1,2
499,662,524,3,0
499,677,498,1,2
499,697,498,1,2
499,698,474,0,3
500,634,524,3,2
500,647,524,3,2
500,651,524,3,2
500,662,525,2,0
500,677,524,3,2
500,698,475,0,2
501,634,500,1,1
501,647,500,1,1
501,662,526,3,0
501,677,500,1,1
502,647,501,1,2
502,662,527,3,0
503,662,528,3,0
505,662,530,3,0
506,647,507,2,1
506,662,531,3,0
506,677,507,2,1
507,634,508,2,1
507,647,508,2,1
507,651,508,2,1
507,662,532,3,0
507,677,508,2,1
507,698,482,0,3
508,634,509,2,1
508,647,509,2,1
508,651,509,2,1
508,662,533,3,0
508,677,509,2,1
508,697,509,2,1
508,698,483,0,3
509,634,510,2,1
509,647,510,2,1
509,651,510,2,1
509,662,534,3,0
509,677,510,2,1
509,697,510,2,1
509,698,484,0,3
509,716,484,0,3
510,634,511,2,1
510,647,535,3,0
510,662,535,3,0
510,677,535,3,0
510,697,535,3,0
510,698,485,0,3
511,634,512,2,1
511,647,536,3,0
511,651,536,3,0
511,662,510,1,2
511,677,536,3,0
511,697,536,3,0
511,698,510,1,2
512,634,513,2,1
512,647,537,3,0
512,651,537,3,0
512,662,511,1,2
512,677,537,3,0
512,697,537,3,0
512,698,511,1,2
513,634,514,2,1
513,647,538,3,0
513,651,538,3,0
513,662,512,1,2
513,677,538,3,0
513,698,512,1,2
514,647,539,3,0
514,662,513,1,2
514,677,539,3,0
515,662,514,1,2
517,662,518,2,1
518,647,543,3,0
518,662,519,2,1
519,634,634,13,0
519,647,544,3,0
519,662,520,2,1
519,677,544,3,0
520,634,519,1,2
520,647,545,3,0
520,651,545,3,0
520,662,521,2,1
520,677,545,3,0
520,698,521,2,1
521,634,520,1,2
521,647,546,3,0
521,651,546,3,0
521,662,522,2,1
521,677,546,3,0
521,697,546,3,0
521,698,522,2,1
522,634,521,1,2
522,647,547,3,0
522,662,547,3,0
522,677,547,3,0
522,697,547,3,0
522,698,497,0,3
522,716,497,0,3
523,634,522,1,2
523,647,522,1,2
523,651,522,1,2
523,662,548,3,0
523,677,522,1,2
523,697,522,1,2
523,698,498,0,3
523,716,498,0,3
524,634,523,1,2
524,647,523,1,2
524,651,523,1,2
524,662,549,3,0
524,677,523,1,2
524,697,523,1,2
524,698,499,0,3
525,634,549,3,2
525,647,549,3,2
525,651,549,3,2
525,662,550,2,0
525,677,549,3,2
525,698,500,0,2
526,634,525,1,1
526,647,525,1,1
526,662,551,3,0
526,677,525,1,1
527,647,526,1,2
527,662,552,3,0
528,662,553,3,0
530,662,555,3,0
531,647,532,2,1
531,662,556,3,0
531,677,532,2,1
532,634,533,2,1
532,647,533,2,1
532,651,533,2,1
532,662,557,3,0
532,677,533,2,1
532,698,507,0,3
533,634,534,2,1
533,647,534,2,1
533,651,534,2,1
533,662,558,3,0
533,677,534,2,1
533,697,534,2,1
533,698,508,0,3
534,634,535,2,1
534,647,535,2,1
534,651,535,2,1
534,662,559,3,0
534,677,535,2,1
534,697,535,2,1
534,698,509,0,3
534,716,509,0,3
535,647,536,2,1
535,662,560,3,0
535,677,560,3,0
535,697,560,3,0
535,698,510,0,3
535,716,510,0,3
536,634,511,0,3
536,647,537,2,1
536,651,561,3,0
536,662,535,1,2
536,677,561,3,0
536,697,561,3,0
536,698,535,1,2
537,634,512,0,3
537,647,538,2,1
537,651,562,3,0
537,662,536,1,2
537,677,562,3,0
537,697,562,3,0
537,698,536,1,2
538,634,513,0,3
538,647,539,2,1
538,651,563,3,0
538,662,537,1,2
538,677,563,3,0
538,698,537,1,2
539,647,540,2,1
539,662,538,1,2
539,677,564,3,0
540,662,539,1,2
542,662,543,2,1
543,647,647,26,0
543,662,544,2,1
544,634,519,0,3
544,647,543,1,2
544,662,545,2,1
544,677,569,3,0
545,634,520,0,3
545,647,544,1,2
545,651,570,3,0
545,662,546,2,1
545,677,570,3,0
545,698,546,2,1
546,634,521,0,3
546,647,545,1,2
546,651,571,3,0
546,662,547,2,1
546,677,571,3,0
546,697,571,3,0
546,698,547,2,1
547,647,546,1,2
547,662,572,3,0
547,677,572,3,0
547,697,572,3,0
547,698,522,0,3
547,716,522,0,3
548,634,547,1,2
548,647,547,1,2
548,651,547,1,2
548,662,573,3,0
548,677,547,1,2
548,697,547,1,2
548,698,523,0,3
548,716,523,0,3
549,634,548,1,2
549,647,548,1,2
549,651,548,1,2
549,662,574,3,0
549,677,548,1,2
549,697,548,1,2
549,698,524,0,3
550,634,574,3,2
550,647,574,3,2
550,651,574,3,2
550,662,575,2,0
550,677,574,3,2
550,698,525,0,2
551,634,550,1,1
551,647,550,1,1
551,662,576,3,0
551,677,550,1,1
552,647,551,1,2
552,662,577,3,0
553,662,578,3,0
555,662,580,3,0
556,647,557,2,1
556,662,581,3,0
556,677,557,2,1
557,634,558,2,1
557,647,558,2,1
557,651,558,2,1
557,662,582,3,0
557,677,558,2,1
557,698,532,0,3
558,634,559,2,1
558,647,559,2,1
558,651,559,2,1
558,662,583,3,0
558,677,559,2,1
558,697,559,2,1
558,698,533,0,3
559,634,560,2,1
559,647,560,2,1
559,651,560,2,1
559,662,584,3,0
559,677,560,2,1
559,697,560,2,1
559,698,534,0,3
559,716,584,3,0
560,651,561,2,1
560,662,585,3,0
560,677,585,3,0
560,697,585,3,0
560,698,535,0,3
561,634,536,0,3
561,647,536,0,3
561,651,562,2,1
561,662,560,1,2
561,677,586,3,0
561,697,586,3,0
561,698,560,1,2
562,634,537,0,3
562,647,537,0,3
562,651,563,2,1
562,662,561,1,2
562,677,587,3,0
562,697,587,3,0
562,698,561,1,2
563,634,538,0,3
563,647,538,0,3
563,651,651,30,0
563,662,562,1,2
563,677,588,3,0
563,698,562,1,2
564,647,539,0,3
564,662,563,1,2
564,677,589,3,0
565,662,564,1,2
567,662,568,2,1
568,647,543,0,3
568,662,569,2,1
569,634,544,0,3
569,647,544,0,3
569,662,570,2,1
569,677,594,3,0
570,634,545,0,3
570,647,545,0,3
570,651,569,1,2
570,662,571,2,1
570,677,595,3,0
570,698,571,2,1
571,634,546,0,3
571,647,546,0,3
571,651,570,1,2
571,662,572,2,1
571,677,596,3,0
571,697,596,3,0
571,698,572,2,1
572,651,571,1,2
572,662,597,3,0
572,677,597,3,0
572,697,597,3,0
572,698,547,0,3
572,716,597,3,0
573,634,572,1,2
573,647,572,1,2
573,651,572,1,2
573,662,598,3,0
573,677,572,1,2
573,697,572,1,2
573,698,548,0,3
573,716,598,3,0
574,634,573,1,2
574,647,573,1,2
574,651,573,1,2
574,662,599,3,0
574,677,573,1,2
574,697,573,1,2
574,698,549,0,3
575,634,599,3,2
575,647,599,3,2
575,651,599,3,2
575,662,600,2,0
575,677,599,3,2
575,698,550,0,2
576,634,575,1,1
576,647,575,1,1
576,662,601,3,0
576,677,575,1,1
577,647,576,1,2
577,662,602,3,0
578,662,603,3,0
580,662,605,3,0
581,647,582,2,1
581,662,606,3,0
581,677,582,2,1
582,634,583,2,1
582,647,583,2,1
582,651,583,2,1
582,662,607,3,0
582,677,583,2,1
582,698,557,0,3
583,634,584,2,1
583,647,584,2,1
583,651,584,2,1
583,662,608,3,0
583,677,584,2,1
583,697,584,2,1
583,698,558,0,3
584,634,585,2,1
584,647,585,2,1
584,651,585,2,1
584,662,609,3,0
584,677,585,2,1
584,697,585,2,1
584,698,559,0,3
584,716,609,3,0
585,651,560,0,3
585,662,610,3,0
585,677,610,3,0
585,697,610,3,0
585,698,560,0,3
586,634,561,0,3
586,647,561,0,3
586,651,561,0,3
586,662,585,1,2
586,677,611,3,0
586,697,611,3,0
586,698,585,1,2
587,634,562,0,3
587,647,562,0,3
587,651,562,0,3
587,662,586,1,2
587,677,612,3,0
587,697,612,3,0
587,698,586,1,2
588,634,563,0,3
588,647,563,0,3
588,651,563,0,3
588,662,587,1,2
588,677,613,3,0
588,698,587,1,2
589,647,564,0,3
589,662,588,1,2
589,677,614,3,0
590,662,589,1,2
592,662,593,2,1
593,647,568,0,3
593,662,594,2,1
594,634,569,0,3
594,647,569,0,3
594,662,595,2,1
594,677,619,3,0
595,634,570,0,3
595,647,570,0,3
595,651,570,0,3
595,662,596,2,1
595,677,620,3,0
595,698,596,2,1
596,634,571,0,3
596,647,571,0,3
596,651,571,0,3
596,662,597,2,1
596,677,621,3,0
596,697,621,3,0
596,698,597,2,1
597,651,572,0,3
597,662,622,3,0
597,677,622,3,0
597,697,622,3,0
597,698,572,0,3
597,716,622,3,0
598,634,597,1,2
598,647,597,1,2
598,651,597,1,2
598,662,623,3,0
598,677,597,1,2
598,697,597,1,2
598,698,573,0,3
598,716,623,3,0
599,634,598,1,2
599,647,598,1,2
599,651,598,1,2
599,662,624,3,0
599,677,598,1,2
599,697,598,1,2
599,698,574,0,3
600,634,624,3,2
600,647,624,3,2
600,651,624,3,2
600,662,0,2,3
600,677,624,3,2
600,698,575,0,2
601,634,600,1,1
601,647,600,1,1
601,662,1,3,3
601,677,600,1,1
602,647,601,1,2
602,662,2,3,3
603,662,3,3,3
605,662,5,3,3
606,647,607,2,1
606,662,6,3,3
606,677,607,2,1
607,634,608,2,1
607,647,608,2,1
607,651,608,2,1
607,662,7,3,3
607,677,608,2,1
607,698,582,0,3
608,634,609,2,1
608,647,609,2,1
608,651,609,2,1
608,662,8,3,3
608,677,609,2,1
608,697,609,2,1
608,698,583,0,3
609,634,610,2,1
609,647,610,2,1
609,651,610,2,1
609,662,9,3,3
609,677,610,2,1
609,697,610,2,1
609,698,584,0,3
609,716,9,3,3
610,634,585,0,3
610,647,585,0,3
610,651,585,0,3
610,662,10,3,3
610,677,10,3,3
610,697,10,3,3
610,698,585,0,3
611,634,586,0,3
611,647,586,0,3
611,651,586,0,3
611,662,610,1,2
611,677,11,3,3
611,697,11,3,3
611,698,610,1,2
612,634,587,0,3
612,647,587,0,3
612,651,587,0,3
612,662,611,1,2
612,677,12,3,3
612,697,12,3,3
612,698,611,1,2
613,634,588,0,3
613,647,588,0,3
613,651,588,0,3
613,662,612,1,2
613,677,13,3,3
613,698,612,1,2
614,647,589,0,3
614,662,613,1,2
614,677,14,3,3
615,662,614,1,2
617,662,618,2,1
618,647,593,0,3
618,662,619,2,1
619,634,594,0,3
619,647,594,0,3
619,662,620,2,1
619,677,19,3,3
620,634,595,0,3
620,647,595,0,3
620,651,595,0,3
620,662,621,2,1
620,677,20,3,3
620,698,621,2,1
621,634,596,0,3
621,647,596,0,3
621,651,596,0,3
621,662,622,2,1
621,677,21,3,3
621,697,21,3,3
621,698,622,2,1
622,634,597,0,3
622,647,597,0,3
622,651,597,0,3
622,662,22,3,3
622,677,22,3,3
622,697,22,3,3
622,698,597,0,3
622,716,22,3,3
623,634,622,1,2
623,647,622,1,2
623,651,622,1,2
623,662,23,3,3
623,677,622,1,2
623,697,622,1,2
623,698,598,0,3
623,716,23,3,3
624,634,623,1,2
624,647,623,1,2
624,651,623,1,2
624,662,24,3,3
624,677,623,1,2
624,697,623,1,2
624,698,599,0,3
634,625,519,0,13
634,626,519,0,13
634,627,519,0,13
634,628,519,0,13
634,629,519,0,13
634,630,519,0,13
634,631,519,0,13
634,632,519,0,13
634,633,519,0,13
634,635,519,0,13
634,636,519,0,13
634,637,519,0,13
634,638,519,0,13
634,639,519,0,13
634,640,519,0,13
634,641,519,0,13
634,642,519,0,13
634,643,519,0,13
634,644,519,0,13
634,645,519,0,13
634,646,519,0,13
634,647,519,0,13
634,648,519,0,13
634,649,519,0,13
634,650,519,0,13
634,651,519,0,13
634,652,519,0,13
634,653,519,0,13
634,654,519,0,13
634,655,519,0,13
634,656,519,0,13
634,657,519,0,13
634,658,519,0,13
634,659,519,0,13
634,660,519,0,13
634,661,519,0,13
634,662,519,0,13
634,663,519,0,13
634,664,519,0,13
634,665,519,0,13
634,666,519,0,13
634,667,519,0,13
634,668,519,0,13
634,669,519,0,13
634,670,519,0,13
634,671,519,0,13
634,672,519,0,13
634,673,519,0,13
634,674,519,0,13
634,675,519,0,13
634,676,519,0,13
634,677,519,0,13
634,678,519,0,13
634,679,519,0,13
634,680,519,0,13
634,681,519,0,13
634,682,519,0,13
634,683,519,0,13
634,684,519,0,13
634,685,519,0,13
634,686,519,0,13
634,687,519,0,13
634,688,519,0,13
634,689,519,0,13
634,690,519,0,13
634,691,519,0,13
634,692,519,0,13
634,693,519,0,13
634,694,519,0,13
634,695,519,0,13
634,696,519,0,13
634,697,519,0,13
634,698,519,0,13
634,699,519,0,13
634,700,519,0,13
634,701,519,0,13
634,702,519,0,13
634,703,519,0,13
634,704,519,0,13
634,705,519,0,13
634,706,519,0,13
634,707,519,0,13
634,708,519,0,13
634,709,519,0,13
634,710,519,0,13
634,711,519,0,13
634,712,519,0,13
634,713,519,0,13
634,714,519,0,13
634,715,519,0,13
634,716,519,0,13
634,717,519,0,13
634,718,519,0,13
634,719,519,0,13
634,720,519,0,13
634,721,519,0,13
634,722,519,0,13
634,723,519,0,13
634,724,519,0,13
647,625,543,0,26
647,626,543,0,26
647,627,543,0,26
647,628,543,0,26
647,629,543,0,26
647,630,543,0,26
647,631,543,0,26
647,632,543,0,26
647,633,543,0,26
647,634,543,0,26
647,635,543,0,26
647,636,543,0,26
647,637,543,0,26
647,638,543,0,26
647,639,543,0,26
647,640,543,0,26
647,641,543,0,26
647,642,543,0,26
647,643,543,0,26
647,644,543,0,26
647,645,543,0,26
647,646,543,0,26
647,648,543,0,26
647,649,543,0,26
647,650,543,0,26
647,651,543,0,26
647,652,543,0,26
647,653,543,0,26
647,654,543,0,26
647,655,543,0,26
647,656,543,0,26
647,657,543,0,26
647,658,543,0,26
647,659,543,0,26
647,660,543,0,26
647,661,543,0,26
647,662,543,0,26
647,663,543,0,26
647,664,543,0,26
647,665,543,0,26
647,666,543,0,26
647,667,543,0,26
647,668,543,0,26
647,669,543,0,26
647,670,543,0,26
647,671,543,0,26
647,672,543,0,26
647,673,543,0,26
647,674,543,0,26
647,675,543,0,26
647,676,543,0,26
647,677,543,0,26
647,678,543,0,26
647,679,543,0,26
647,680,543,0,26
647,681,543,0,26
647,682,543,0,26
647,683,543,0,26
647,684,543,0,26
647,685,543,0,26
647,686,543,0,26
647,687,543,0,26
647,688,543,0,26
647,689,543,0,26
647,690,543,0,26
647,691,543,0,26
647,692,543,0,26
647,693,543,0,26
647,694,543,0,26
647,695,543,0,26
647,696,543,0,26
647,697,543,0,26
647,698,543,0,26
647,699,543,0,26
647,700,543,0,26
647,701,543,0,26
647,702,543,0,26
647,703,543,0,26
647,704,543,0,26
647,705,543,0,26
647,706,543,0,26
647,707,543,0,26
647,708,543,0,26
647,709,543,0,26
647,710,543,0,26
647,711,543,0,26
647,712,543,0,26
647,713,543,0,26
647,714,543,0,26
647,715,543,0,26
647,716,543,0,26
647,717,543,0,26
647,718,543,0,26
647,719,543,0,26
647,720,543,0,26
647,721,543,0,26
647,722,543,0,26
647,723,543,0,26
647,724,543,0,26
651,625,563,0,30
651,626,563,0,30
651,627,563,0,30
651,628,563,0,30
651,629,563,0,30
651,630,563,0,30
651,631,563,0,30
651,632,563,0,30
651,633,563,0,30
651,634,563,0,30
651,635,563,0,30
651,636,563,0,30
651,637,563,0,30
651,638,563,0,30
651,639,563,0,30
651,640,563,0,30
651,641,563,0,30
651,642,563,0,30
651,643,563,0,30
651,644,563,0,30
651,645,563,0,30
651,646,563,0,30
651,647,563,0,30
651,648,563,0,30
651,649,563,0,30
651,650,563,0,30
651,652,563,0,30
651,653,563,0,30
651,654,563,0,30
651,655,563,0,30
651,656,563,0,30
651,657,563,0,30
651,658,563,0,30
651,659,563,0,30
651,660,563,0,30
651,661,563,0,30
651,662,563,0,30
651,663,563,0,30
651,664,563,0,30
651,665,563,0,30
651,666,563,0,30
651,667,563,0,30
651,668,563,0,30
651,669,563,0,30
651,670,563,0,30
651,671,563,0,30
651,672,563,0,30
651,673,563,0,30
651,674,563,0,30
651,675,563,0,30
651,676,563,0,30
651,677,563,0,30
651,678,563,0,30
651,679,563,0,30
651,680,563,0,30
651,681,563,0,30
651,682,563,0,30
651,683,563,0,30
651,684,563,0,30
651,685,563,0,30
651,686,563,0,30
651,687,563,0,30
651,688,563,0,30
651,689,563,0,30
651,690,563,0,30
651,691,563,0,30
651,692,563,0,30
651,693,563,0,30
651,694,563,0,30
651,695,563,0,30
651,696,563,0,30
651,697,563,0,30
651,698,563,0,30
651,699,563,0,30
651,700,563,0,30
651,701,563,0,30
651,702,563,0,30
651,703,563,0,30
651,704,563,0,30
651,705,563,0,30
651,706,563,0,30
651,707,563,0,30
651,708,563,0,30
651,709,563,0,30
651,710,563,0,30
651,711,563,0,30
651,712,563,0,30
651,713,563,0,30
651,714,563,0,30
651,715,563,0,30
651,716,563,0,30
651,717,563,0,30
651,718,563,0,30
651,719,563,0,30
651,720,563,0,30
651,721,563,0,30
651,722,563,0,30
651,723,563,0,30
651,724,563,0,30
662,625,128,0,41
662,626,128,0,41
662,627,128,0,41
662,628,128,0,41
662,629,128,0,41
662,630,128,0,41
662,631,128,0,41
662,632,128,0,41
662,633,128,0,41
662,634,128,0,41
662,635,128,0,41
662,636,128,0,41
662,637,128,0,41
662,638,128,0,41
662,639,128,0,41
662,640,128,0,41
662,641,128,0,41
662,642,128,0,41
662,643,128,0,41
662,644,128,0,41
662,645,128,0,41
662,646,128,0,41
662,647,128,0,41
662,648,128,0,41
662,649,128,0,41
662,650,128,0,41
662,651,128,0,41
662,652,128,0,41
662,653,128,0,41
662,654,128,0,41
662,655,128,0,41
662,656,128,0,41
662,657,128,0,41
662,658,128,0,41
662,659,128,0,41
662,660,128,0,41
662,661,128,0,41
662,663,128,0,41
662,664,128,0,41
662,665,128,0,41
662,666,128,0,41
662,667,128,0,41
662,668,128,0,41
662,669,128,0,41
662,670,128,0,41
662,671,128,0,41
662,672,128,0,41
662,673,128,0,41
662,674,128,0,41
662,675,128,0,41
662,676,128,0,41
662,677,128,0,41
662,678,128,0,41
662,679,128,0,41
662,680,128,0,41
662,681,128,0,41
662,682,128,0,41
662,683,128,0,41
662,684,128,0,41
662,685,128,0,41
662,686,128,0,41
662,687,128,0,41
662,688,128,0,41
662,689,128,0,41
662,690,128,0,41
662,691,128,0,41
662,692,128,0,41
662,693,128,0,41
662,694,128,0,41
662,695,128,0,41
662,696,128,0,41
662,697,128,0,41
662,698,128,0,41
662,699,128,0,41
662,700,128,0,41
662,701,128,0,41
662,702,128,0,41
662,703,128,0,41
662,704,128,0,41
662,705,128,0,41
662,706,128,0,41
662,707,128,0,41
662,708,128,0,41
662,709,128,0,41
662,710,128,0,41
662,711,128,0,41
662,712,128,0,41
662,713,128,0,41
662,714,128,0,41
662,715,128,0,41
662,716,128,0,41
662,717,128,0,41
662,718,128,0,41
662,719,128,0,41
662,720,128,0,41
662,721,128,0,41
662,722,128,0,41
662,723,128,0,41
662,724,128,0,41
677,625,114,0,56
677,626,114,0,56
677,627,114,0,56
677,628,114,0,56
677,629,114,0,56
677,630,114,0,56
677,631,114,0,56
677,632,114,0,56
677,633,114,0,56
677,634,114,0,56
677,635,114,0,56
677,636,114,0,56
677,637,114,0,56
677,638,114,0,56
677,639,114,0,56
677,640,114,0,56
677,641,114,0,56
677,642,114,0,56
677,643,114,0,56
677,644,114,0,56
677,645,114,0,56
677,646,114,0,56
677,647,114,0,56
677,648,114,0,56
677,649,114,0,56
677,650,114,0,56
677,651,114,0,56
677,652,114,0,56
677,653,114,0,56
677,654,114,0,56
677,655,114,0,56
677,656,114,0,56
677,657,114,0,56
677,658,114,0,56
677,659,114,0,56
677,660,114,0,56
677,661,114,0,56
677,662,114,0,56
677,663,114,0,56
677,664,114,0,56
677,665,114,0,56
677,666,114,0,56
677,667,114,0,56
677,668,114,0,56
677,669,114,0,56
677,670,114,0,56
677,671,114,0,56
677,672,114,0,56
677,673,114,0,56
677,674,114,0,56
677,675,114,0,56
677,676,114,0,56
677,678,114,0,56
677,679,114,0,56
677,680,114,0,56
677,681,114,0,56
677,682,114,0,56
677,683,114,0,56
677,684,114,0,56
677,685,114,0,56
677,686,114,0,56
677,687,114,0,56
677,688,114,0,56
677,689,114,0,56
677,690,114,0,56
677,691,114,0,56
677,692,114,0,56
677,693,114,0,56
677,694,114,0,56
677,695,114,0,56
677,696,114,0,56
677,697,114,0,56
677,698,114,0,56
677,699,114,0,56
677,700,114,0,56
677,701,114,0,56
677,702,114,0,56
677,703,114,0,56
677,704,114,0,56
677,705,114,0,56
677,706,114,0,56
677,707,114,0,56
677,708,114,0,56
677,709,114,0,56
677,710,114,0,56
677,711,114,0,56
677,712,114,0,56
677,713,114,0,56
677,714,114,0,56
677,715,114,0,56
677,716,114,0,56
677,717,114,0,56
677,718,114,0,56
677,719,114,0,56
677,720,114,0,56
677,721,114,0,56
677,722,114,0,56
677,723,114,0,56
677,724,114,0,56
697,625,187,0,76
697,626,187,0,76
697,627,187,0,76
697,628,187,0,76
697,629,187,0,76
697,630,187,0,76
697,631,187,0,76
697,632,187,0,76
697,633,187,0,76
697,634,187,0,76
697,635,187,0,76
697,636,187,0,76
697,637,187,0,76
697,638,187,0,76
697,639,187,0,76
697,640,187,0,76
697,641,187,0,76
697,642,187,0,76
697,643,187,0,76
697,644,187,0,76
697,645,187,0,76
697,646,187,0,76
697,647,187,0,76
697,648,187,0,76
697,649,187,0,76
697,650,187,0,76
697,651,187,0,76
697,652,187,0,76
697,653,187,0,76
697,654,187,0,76
697,655,187,0,76
697,656,187,0,76
697,657,187,0,76
697,658,187,0,76
697,659,187,0,76
697,660,187,0,76
697,661,187,0,76
697,662,187,0,76
697,663,187,0,76
697,664,187,0,76
697,665,187,0,76
697,666,187,0,76
697,667,187,0,76
697,668,187,0,76
697,669,187,0,76
697,670,187,0,76
697,671,187,0,76
697,672,187,0,76
697,673,187,0,76
697,674,187,0,76
697,675,187,0,76
697,676,187,0,76
697,677,187,0,76
697,678,187,0,76
697,679,187,0,76
697,680,187,0,76
697,681,187,0,76
697,682,187,0,76
697,683,187,0,76
697,684,187,0,76
697,685,187,0,76
697,686,187,0,76
697,687,187,0,76
697,688,187,0,76
697,689,187,0,76
697,690,187,0,76
697,691,187,0,76
697,692,187,0,76
697,693,187,0,76
697,694,187,0,76
697,695,187,0,76
697,696,187,0,76
697,698,187,0,76
697,699,187,0,76
697,700,187,0,76
697,701,187,0,76
697,702,187,0,76
697,703,187,0,76
697,704,187,0,76
697,705,187,0,76
697,706,187,0,76
697,707,187,0,76
697,708,187,0,76
697,709,187,0,76
697,710,187,0,76
697,711,187,0,76
697,712,187,0,76
697,713,187,0,76
697,714,187,0,76
697,715,187,0,76
697,716,187,0,76
697,717,187,0,76
697,718,187,0,76
697,719,187,0,76
697,720,187,0,76
697,721,187,0,76
697,722,187,0,76
697,723,187,0,76
697,724,187,0,76
698,625,357,0,77
698,626,357,0,77
698,627,357,0,77
698,628,357,0,77
698,629,357,0,77
698,630,357,0,77
698,631,357,0,77
698,632,357,0,77
698,633,357,0,77
698,634,357,0,77
698,635,357,0,77
698,636,357,0,77
698,637,357,0,77
698,638,357,0,77
698,639,357,0,77
698,640,357,0,77
698,641,357,0,77
698,642,357,0,77
698,643,357,0,77
698,644,357,0,77
698,645,357,0,77
698,646,357,0,77
698,647,357,0,77
698,648,357,0,77
698,649,357,0,77
698,650,357,0,77
698,651,357,0,77
698,652,357,0,77
698,653,357,0,77
698,654,357,0,77
698,655,357,0,77
698,656,357,0,77
698,657,357,0,77
698,658,357,0,77
698,659,357,0,77
698,660,357,0,77
698,661,357,0,77
698,662,357,0,77
698,663,357,0,77
698,664,357,0,77
698,665,357,0,77
698,666,357,0,77
698,667,357,0,77
698,668,357,0,77
698,669,357,0,77
698,670,357,0,77
698,671,357,0,77
698,672,357,0,77
698,673,357,0,77
698,674,357,0,77
698,675,357,0,77
698,676,357,0,77
698,677,357,0,77
698,678,357,0,77
698,679,357,0,77
698,680,357,0,77
698,681,357,0,77
698,682,357,0,77
698,683,357,0,77
698,684,357,0,77
698,685,357,0,77
698,686,357,0,77
698,687,357,0,77
698,688,357,0,77
698,689,357,0,77
698,690,357,0,77
698,691,357,0,77
698,692,357,0,77
698,693,357,0,77
698,694,357,0,77
698,695,357,0,77
698,696,357,0,77
698,697,357,0,77
698,699,357,0,77
698,700,357,0,77
698,701,357,0,77
698,702,357,0,77
698,703,357,0,77
698,704,357,0,77
698,705,357,0,77
698,706,357,0,77
698,707,357,0,77
698,708,357,0,77
698,709,357,0,77
698,710,357,0,77
698,711,357,0,77
698,712,357,0,77
698,713,357,0,77
698,714,357,0,77
698,715,357,0,77
698,716,357,0,77
698,717,357,0,77
698,718,357,0,77
698,719,357,0,77
698,720,357,0,77
698,721,357,0,77
698,722,357,0,77
698,723,357,0,77
698,724,357,0,77
716,625,234,0,95
716,626,234,0,95
716,627,234,0,95
716,628,234,0,95
716,629,234,0,95
716,630,234,0,95
716,631,234,0,95
716,632,234,0,95
716,633,234,0,95
716,634,234,0,95
716,635,234,0,95
716,636,234,0,95
716,637,234,0,95
716,638,234,0,95
716,639,234,0,95
716,640,234,0,95
716,641,234,0,95
716,642,234,0,95
716,643,234,0,95
716,644,234,0,95
716,645,234,0,95
716,646,234,0,95
716,647,234,0,95
716,648,234,0,95
716,649,234,0,95
716,650,234,0,95
716,651,234,0,95
716,652,234,0,95
716,653,234,0,95
716,654,234,0,95
716,655,234,0,95
716,656,234,0,95
716,657,234,0,95
716,658,234,0,95
716,659,234,0,95
716,660,234,0,95
716,661,234,0,95
716,662,234,0,95
716,663,234,0,95
716,664,234,0,95
716,665,234,0,95
716,666,234,0,95
716,667,234,0,95
716,668,234,0,95
716,669,234,0,95
716,670,234,0,95
716,671,234,0,95
716,672,234,0,95
716,673,234,0,95
716,674,234,0,95
716,675,234,0,95
716,676,234,0,95
716,677,234,0,95
716,678,234,0,95
716,679,234,0,95
716,680,234,0,95
716,681,234,0,95
716,682,234,0,95
716,683,234,0,95
716,684,234,0,95
716,685,234,0,95
716,686,234,0,95
716,687,234,0,95
716,688,234,0,95
716,689,234,0,95
716,690,234,0,95
716,691,234,0,95
716,692,234,0,95
716,693,234,0,95
716,694,234,0,95
716,695,234,0,95
716,696,234,0,95
716,697,234,0,95
716,698,234,0,95
716,699,234,0,95
716,700,234,0,95
716,701,234,0,95
716,702,234,0,95
716,703,234,0,95
716,704,234,0,95
716,705,234,0,95
716,706,234,0,95
716,707,234,0,95
716,708,234,0,95
716,709,234,0,95
716,710,234,0,95
716,711,234,0,95
716,712,234,0,95
716,713,234,0,95
716,714,234,0,95
716,715,234,0,95
716,717,234,0,95
716,718,234,0,95
716,719,234,0,95
716,720,234,0,95
716,721,234,0,95
716,722,234,0,95
716,723,234,0,95
716,724,234,0,95
