0,648,25,1,0
0,719,24,2,1
1,648,26,2,0
3,648,28,2,0
3,719,4,1,0
4,648,29,2,0
4,666,5,1,0
4,709,5,1,0
4,713,29,2,0
4,719,5,1,0
5,648,30,2,0
5,666,6,1,0
5,709,6,1,0
5,713,30,2,0
5,719,6,1,0
6,648,31,2,0
6,666,7,1,0
6,709,7,1,0
6,713,31,2,0
6,719,7,1,0
7,648,32,2,0
7,666,8,1,0
7,709,8,1,0
7,713,32,2,0
7,719,8,1,0
8,648,33,2,0
8,709,33,2,0
8,719,608,3,3
9,648,8,0,1
9,666,34,2,0
9,709,34,2,0
9,713,8,0,1
9,719,609,3,3
10,648,9,0,1
10,666,35,2,0
10,709,35,2,0
10,713,9,0,1
10,719,610,3,3
11,648,10,0,1
11,666,36,2,0
11,709,36,2,0
11,713,10,0,1
11,719,611,3,3
12,648,11,0,1
12,666,37,2,0
12,713,11,0,1
12,719,612,3,3
13,648,12,0,1
13,719,613,3,3
15,648,16,1,0
16,648,17,1,0
16,719,616,3,3
17,648,18,1,0
17,666,42,2,0
17,709,16,0,1
17,713,18,1,0
17,719,617,3,3
18,648,19,1,0
18,666,43,2,0
18,709,43,2,0
18,713,19,1,0
18,719,618,3,3
19,648,20,1,0
19,666,44,2,0
19,709,44,2,0
19,713,20,1,0
19,719,619,3,3
20,648,45,2,0
20,709,45,2,0
20,719,620,3,3
21,648,46,2,0
21,666,20,0,1
21,709,20,0,1
21,713,46,2,0
21,719,20,0,1
22,648,47,2,0
22,666,21,0,1
22,709,21,0,1
22,713,47,2,0
22,719,21,0,1
23,648,48,2,0
23,666,22,0,1
23,709,22,0,1
23,713,48,2,0
23,719,22,0,1
24,648,49,2,0
24,666,23,0,1
24,709,0,1,2
24,713,49,2,0
24,719,23,0,1
25,648,50,2,0
25,719,49,3,2
26,648,51,3,0
28,648,53,3,0
28,719,29,2,1
29,648,54,3,0
29,666,30,2,1
29,709,30,2,1
29,713,54,3,0
29,719,30,2,1
30,648,55,3,0
30,666,31,2,1
30,709,31,2,1
30,713,55,3,0
30,719,31,2,1
31,648,56,3,0
31,666,32,2,1
31,709,32,2,1
31,713,56,3,0
31,719,32,2,1
32,648,57,3,0
32,666,33,2,1
32,709,33,2,1
32,713,57,3,0
32,719,33,2,1
33,648,58,3,0
33,709,58,3,0
33,719,8,0,2
34,648,33,1,2
34,666,59,3,0
34,709,59,3,0
34,713,33,1,2
34,719,9,0,2
35,648,34,1,2
35,666,60,3,0
35,709,60,3,0
35,713,34,1,2
35,719,10,0,2
36,648,35,1,2
36,666,61,3,0
36,709,61,3,0
36,713,35,1,2
36,719,11,0,2
37,648,36,1,2
37,666,62,3,0
37,713,36,1,2
37,719,12,0,2
38,648,37,1,2
38,719,13,0,2
40,648,41,2,1
41,648,42,2,1
41,719,16,0,2
42,648,43,2,1
42,666,67,3,0
42,709,41,1,2
42,713,43,2,1
42,719,17,0,2
43,648,44,2,1
43,666,68,3,0
43,709,68,3,0
43,713,44,2,1
43,719,18,0,2
44,648,45,2,1
44,666,69,3,0
44,709,69,3,0
44,713,45,2,1
44,719,19,0,2
45,648,70,3,0
45,709,70,3,0
45,719,20,0,2
46,648,71,3,0
46,666,45,1,2
46,709,45,1,2
46,713,71,3,0
46,719,45,1,2
47,648,72,3,0
47,666,46,1,2
47,709,46,1,2
47,713,72,3,0
47,719,46,1,2
48,648,73,3,0
48,666,47,1,2
48,709,47,1,2
48,713,73,3,0
48,719,47,1,2
49,648,74,3,0
49,666,48,1,2
49,709,25,2,3
49,713,74,3,0
49,719,48,1,2
50,648,75,2,0
50,719,74,3,2
51,648,76,3,0
53,648,78,3,0
53,719,54,2,1
54,648,79,3,0
54,666,55,2,1
54,709,55,2,1
54,713,79,3,0
54,719,55,2,1
55,648,80,3,0
55,666,56,2,1
55,709,56,2,1
55,713,80,3,0
55,719,56,2,1
56,648,81,3,0
56,666,57,2,1
56,709,57,2,1
56,713,81,3,0
56,719,57,2,1
57,648,82,3,0
57,666,58,2,1
57,709,58,2,1
57,713,82,3,0
57,719,58,2,1
58,648,83,3,0
58,666,59,2,1
58,713,83,3,0
58,719,33,0,3
59,648,58,1,2
59,666,60,2,1
59,709,84,3,0
59,713,58,1,2
59,719,34,0,3
60,648,59,1,2
60,666,61,2,1
60,709,85,3,0
60,713,59,1,2
60,719,35,0,3
61,648,60,1,2
61,666,62,2,1
61,709,86,3,0
61,713,60,1,2
61,719,36,0,3
62,648,61,1,2
62,666,666,45,0
62,713,61,1,2
62,719,37,0,3
63,648,62,1,2
63,719,38,0,3
65,648,66,2,1
66,648,67,2,1
66,719,41,0,3
67,648,68,2,1
67,666,66,1,2
67,709,66,1,2
67,713,68,2,1
67,719,42,0,3
68,648,69,2,1
68,666,67,1,2
68,709,93,3,0
68,713,69,2,1
68,719,43,0,3
69,648,70,2,1
69,666,68,1,2
69,709,94,3,0
69,713,70,2,1
69,719,44,0,3
70,648,95,3,0
70,666,69,1,2
70,713,95,3,0
70,719,45,0,3
71,648,96,3,0
71,666,70,1,2
71,709,70,1,2
71,713,96,3,0
71,719,70,1,2
72,648,97,3,0
72,666,71,1,2
72,709,71,1,2
72,713,97,3,0
72,719,71,1,2
73,648,98,3,0
73,666,72,1,2
73,709,72,1,2
73,713,98,3,0
73,719,72,1,2
74,648,99,3,0
74,666,73,1,2
74,709,50,2,3
74,713,99,3,0
74,719,73,1,2
75,648,100,2,0
75,719,99,3,2
76,648,101,3,0
78,648,103,3,0
78,719,79,2,1
79,648,104,3,0
79,666,80,2,1
79,709,80,2,1
79,713,104,3,0
79,719,80,2,1
80,648,105,3,0
80,666,81,2,1
80,709,81,2,1
80,713,105,3,0
80,719,81,2,1
81,648,106,3,0
81,666,82,2,1
81,709,82,2,1
81,713,106,3,0
81,719,82,2,1
82,648,107,3,0
82,666,83,2,1
82,709,83,2,1
82,713,107,3,0
82,719,83,2,1
83,648,108,3,0
83,666,58,0,3
83,713,108,3,0
83,719,58,0,3
84,648,83,1,2
84,666,59,0,3
84,709,109,3,0
84,713,83,1,2
84,719,59,0,3
85,648,84,1,2
85,666,60,0,3
85,709,110,3,0
85,713,84,1,2
85,719,60,0,3
86,648,85,1,2
86,666,61,0,3
86,709,111,3,0
86,713,85,1,2
86,719,61,0,3
87,648,86,1,2
87,666,62,0,3
87,713,86,1,2
87,719,62,0,3
88,648,87,1,2
88,719,63,0,3
90,648,91,2,1
91,648,92,2,1
91,719,66,0,3
92,648,93,2,1
92,666,67,0,3
92,709,91,1,2
92,713,93,2,1
92,719,67,0,3
93,648,94,2,1
93,666,68,0,3
93,709,118,3,0
93,713,94,2,1
93,719,68,0,3
94,648,95,2,1
94,666,69,0,3
94,709,119,3,0
94,713,95,2,1
94,719,69,0,3
95,648,120,3,0
95,666,70,0,3
95,713,120,3,0
95,719,70,0,3
96,648,121,3,0
96,666,95,1,2
96,709,95,1,2
96,713,121,3,0
96,719,95,1,2
97,648,122,3,0
97,666,96,1,2
97,709,96,1,2
97,713,122,3,0
97,719,96,1,2
98,648,123,3,0
98,666,97,1,2
98,709,97,1,2
98,713,123,3,0
98,719,97,1,2
99,648,124,3,0
99,666,98,1,2
99,709,75,2,3
99,713,124,3,0
99,719,98,1,2
100,648,101,1,1
100,719,124,3,2
101,648,648,27,0
103,648,102,1,2
103,719,104,2,1
104,648,103,1,2
104,666,105,2,1
104,709,105,2,1
104,713,129,3,0
104,719,105,2,1
105,648,104,1,2
105,666,106,2,1
105,709,106,2,1
105,713,130,3,0
105,719,106,2,1
106,648,105,1,2
106,666,107,2,1
106,709,107,2,1
106,713,131,3,0
106,719,107,2,1
107,648,106,1,2
107,666,108,2,1
107,709,108,2,1
107,713,132,3,0
107,719,108,2,1
108,648,107,1,2
108,666,83,0,3
108,713,133,3,0
108,719,83,0,3
109,648,108,1,2
109,666,84,0,3
109,709,134,3,0
109,713,108,1,2
109,719,84,0,3
110,648,109,1,2
110,666,85,0,3
110,709,135,3,0
110,713,109,1,2
110,719,85,0,3
111,648,110,1,2
111,666,86,0,3
111,709,136,3,0
111,713,110,1,2
111,719,86,0,3
112,648,111,1,2
112,666,87,0,3
112,713,111,1,2
112,719,87,0,3
113,648,112,1,2
113,719,88,0,3
115,648,116,2,1
116,648,117,2,1
116,719,91,0,3
117,648,118,2,1
117,666,92,0,3
117,709,116,1,2
117,713,118,2,1
117,719,92,0,3
118,648,119,2,1
118,666,93,0,3
118,709,143,3,0
118,713,119,2,1
118,719,93,0,3
119,648,120,2,1
119,666,94,0,3
119,709,144,3,0
119,713,120,2,1
119,719,94,0,3
120,648,121,2,1
120,666,95,0,3
120,713,145,3,0
120,719,95,0,3
121,648,122,2,1
121,666,120,1,2
121,709,120,1,2
121,713,146,3,0
121,719,120,1,2
122,648,123,2,1
122,666,121,1,2
122,709,121,1,2
122,713,147,3,0
122,719,121,1,2
123,648,124,2,1
123,666,122,1,2
123,709,122,1,2
123,713,148,3,0
123,719,122,1,2
124,648,100,2,3
124,666,123,1,2
124,709,100,2,3
124,713,149,3,0
124,719,123,1,2
125,648,100,0,2
125,719,149,3,2
126,648,101,0,3
128,648,103,0,3
128,719,129,2,1
129,648,104,0,3
129,666,130,2,1
129,709,130,2,1
129,713,154,3,0
129,719,130,2,1
130,648,105,0,3
130,666,131,2,1
130,709,131,2,1
130,713,155,3,0
130,719,131,2,1
131,648,106,0,3
131,666,132,2,1
131,709,132,2,1
131,713,156,3,0
131,719,132,2,1
132,648,107,0,3
132,666,133,2,1
132,709,133,2,1
132,713,157,3,0
132,719,133,2,1
133,648,108,0,3
133,666,108,0,3
133,709,134,2,1
133,713,158,3,0
133,719,108,0,3
134,648,133,1,2
134,666,109,0,3
134,709,135,2,1
134,713,133,1,2
134,719,109,0,3
135,648,134,1,2
135,666,110,0,3
135,709,136,2,1
135,713,134,1,2
135,719,110,0,3
136,648,135,1,2
136,666,111,0,3
136,709,709,88,0
136,713,135,1,2
136,719,111,0,3
137,648,136,1,2
137,666,112,0,3
137,713,136,1,2
137,719,112,0,3
138,648,137,1,2
138,719,113,0,3
140,648,141,2,1
141,648,142,2,1
141,719,116,0,3
142,648,143,2,1
142,666,117,0,3
142,709,141,1,2
142,713,143,2,1
142,719,117,0,3
143,648,144,2,1
143,666,118,0,3
143,709,142,1,2
143,713,144,2,1
143,719,118,0,3
144,648,145,2,1
144,666,119,0,3
144,709,143,1,2
144,713,145,2,1
144,719,119,0,3
145,648,120,0,3
145,666,120,0,3
145,709,144,1,2
145,713,170,3,0
145,719,120,0,3
146,648,121,0,3
146,666,145,1,2
146,709,145,1,2
146,713,171,3,0
146,719,145,1,2
147,648,122,0,3
147,666,146,1,2
147,709,146,1,2
147,713,172,3,0
147,719,146,1,2
148,648,123,0,3
148,666,147,1,2
148,709,147,1,2
148,713,173,3,0
148,719,147,1,2
149,648,124,0,3
149,666,148,1,2
149,709,125,2,3
149,713,174,3,0
149,719,148,1,2
150,648,125,0,2
150,719,174,3,2
151,648,126,0,3
153,648,128,0,3
153,719,154,2,1
154,648,129,0,3
154,666,155,2,1
154,709,155,2,1
154,713,179,3,0
154,719,155,2,1
155,648,130,0,3
155,666,156,2,1
155,709,156,2,1
155,713,180,3,0
155,719,156,2,1
156,648,131,0,3
156,666,157,2,1
156,709,157,2,1
156,713,181,3,0
156,719,157,2,1
157,648,132,0,3
157,666,158,2,1
157,709,158,2,1
157,713,182,3,0
157,719,158,2,1
158,648,133,0,3
158,666,133,0,3
158,709,133,0,3
158,713,183,3,0
158,719,133,0,3
159,648,158,1,2
159,666,134,0,3
159,709,134,0,3
159,713,158,1,2
159,719,134,0,3
160,648,159,1,2
160,666,135,0,3
160,709,135,0,3
160,713,159,1,2
160,719,135,0,3
161,648,160,1,2
161,666,136,0,3
161,709,136,0,3
161,713,160,1,2
161,719,136,0,3
162,648,161,1,2
162,666,137,0,3
162,713,161,1,2
162,719,137,0,3
163,648,162,1,2
163,719,138,0,3
165,648,166,2,1
166,648,167,2,1
166,719,141,0,3
167,648,168,2,1
167,666,142,0,3
167,709,166,1,2
167,713,168,2,1
167,719,142,0,3
168,648,169,2,1
168,666,143,0,3
168,709,143,0,3
168,713,169,2,1
168,719,143,0,3
169,648,170,2,1
169,666,144,0,3
169,709,144,0,3
169,713,170,2,1
169,719,144,0,3
170,648,145,0,3
170,666,145,0,3
170,709,145,0,3
170,713,195,3,0
170,719,145,0,3
171,648,146,0,3
171,666,170,1,2
171,709,170,1,2
171,713,196,3,0
171,719,170,1,2
172,648,147,0,3
172,666,171,1,2
172,709,171,1,2
172,713,197,3,0
172,719,171,1,2
173,648,148,0,3
173,666,172,1,2
173,709,172,1,2
173,713,198,3,0
173,719,172,1,2
174,648,149,0,3
174,666,173,1,2
174,709,150,2,3
174,713,199,3,0
174,719,173,1,2
175,648,150,0,2
175,719,199,3,2
176,648,151,0,3
178,648,153,0,3
178,719,179,2,1
179,648,154,0,3
179,666,180,2,1
179,709,180,2,1
179,713,204,3,0
179,719,180,2,1
180,648,155,0,3
180,666,181,2,1
180,709,181,2,1
180,713,205,3,0
180,719,181,2,1
181,648,156,0,3
181,666,182,2,1
181,709,182,2,1
181,713,206,3,0
181,719,182,2,1
182,648,157,0,3
182,666,183,2,1
182,709,183,2,1
182,713,207,3,0
182,719,183,2,1
183,648,158,0,3
183,666,158,0,3
183,709,158,0,3
183,713,208,3,0
183,719,158,0,3
184,648,183,1,2
184,666,159,0,3
184,709,159,0,3
184,713,183,1,2
184,719,159,0,3
185,648,184,1,2
185,666,160,0,3
185,709,160,0,3
185,713,184,1,2
185,719,160,0,3
186,648,185,1,2
186,666,161,0,3
186,709,161,0,3
186,713,185,1,2
186,719,161,0,3
187,648,186,1,2
187,666,162,0,3
187,713,186,1,2
187,719,162,0,3
188,648,187,1,2
188,719,163,0,3
190,648,191,2,1
191,648,192,2,1
191,719,166,0,3
192,648,193,2,1
192,666,167,0,3
192,709,191,1,2
192,713,193,2,1
192,719,167,0,3
193,648,194,2,1
193,666,168,0,3
193,709,168,0,3
193,713,194,2,1
193,719,168,0,3
194,648,195,2,1
194,666,169,0,3
194,709,169,0,3
194,713,195,2,1
194,719,169,0,3
195,648,170,0,3
195,666,170,0,3
195,709,170,0,3
195,713,220,3,0
195,719,170,0,3
196,648,171,0,3
196,666,195,1,2
196,709,195,1,2
196,713,221,3,0
196,719,195,1,2
197,648,172,0,3
197,666,196,1,2
197,709,196,1,2
197,713,222,3,0
197,719,196,1,2
198,648,173,0,3
198,666,197,1,2
198,709,197,1,2
198,713,223,3,0
198,719,197,1,2
199,648,174,0,3
199,666,198,1,2
199,709,175,2,3
199,713,224,3,0
199,719,198,1,2
200,648,175,0,2
200,719,224,3,2
201,648,176,0,3
203,648,178,0,3
203,719,204,2,1
204,648,179,0,3
204,666,205,2,1
204,709,205,2,1
204,713,229,3,0
204,719,205,2,1
205,648,180,0,3
205,666,206,2,1
205,709,206,2,1
205,713,230,3,0
205,719,206,2,1
206,648,181,0,3
206,666,207,2,1
206,709,207,2,1
206,713,231,3,0
206,719,207,2,1
207,648,182,0,3
207,666,208,2,1
207,709,208,2,1
207,713,232,3,0
207,719,208,2,1
208,648,183,0,3
208,666,183,0,3
208,709,183,0,3
208,713,233,3,0
208,719,183,0,3
209,648,208,1,2
209,666,184,0,3
209,709,184,0,3
209,713,208,1,2
209,719,184,0,3
210,648,209,1,2
210,666,185,0,3
210,709,185,0,3
210,713,209,1,2
210,719,185,0,3
211,648,210,1,2
211,666,186,0,3
211,709,186,0,3
211,713,210,1,2
211,719,186,0,3
212,648,211,1,2
212,666,187,0,3
212,713,211,1,2
212,719,187,0,3
213,648,212,1,2
213,719,188,0,3
215,648,216,2,1
216,648,217,2,1
216,719,191,0,3
217,648,218,2,1
217,666,192,0,3
217,709,216,1,2
217,713,218,2,1
217,719,192,0,3
218,648,219,2,1
218,666,193,0,3
218,709,193,0,3
218,713,219,2,1
218,719,193,0,3
219,648,220,2,1
219,666,194,0,3
219,709,194,0,3
219,713,220,2,1
219,719,194,0,3
220,648,195,0,3
220,666,195,0,3
220,709,195,0,3
220,713,245,3,0
220,719,195,0,3
221,648,196,0,3
221,666,220,1,2
221,709,220,1,2
221,713,246,3,0
221,719,220,1,2
222,648,197,0,3
222,666,221,1,2
222,709,221,1,2
222,713,247,3,0
222,719,221,1,2
223,648,198,0,3
223,666,222,1,2
223,709,222,1,2
223,713,248,3,0
223,719,222,1,2
224,648,199,0,3
224,666,223,1,2
224,709,200,2,3
224,713,249,3,0
224,719,223,1,2
225,648,200,0,2
225,719,249,3,2
226,648,201,0,3
228,648,203,0,3
228,719,229,2,1
229,648,204,0,3
229,666,230,2,1
229,709,230,2,1
229,713,254,3,0
229,719,230,2,1
230,648,205,0,3
230,666,231,2,1
230,709,231,2,1
230,713,255,3,0
230,719,231,2,1
231,648,206,0,3
231,666,232,2,1
231,709,232,2,1
231,713,256,3,0
231,719,232,2,1
232,648,207,0,3
232,666,233,2,1
232,709,233,2,1
232,713,257,3,0
232,719,233,2,1
233,648,208,0,3
233,666,208,0,3
233,709,208,0,3
233,713,258,3,0
233,719,208,0,3
234,648,233,1,2
234,666,209,0,3
234,709,209,0,3
234,713,233,1,2
234,719,209,0,3
235,648,234,1,2
235,666,210,0,3
235,709,210,0,3
235,713,234,1,2
235,719,210,0,3
236,648,235,1,2
236,666,211,0,3
236,709,211,0,3
236,713,235,1,2
236,719,211,0,3
237,648,236,1,2
237,666,212,0,3
237,713,236,1,2
237,719,212,0,3
238,648,237,1,2
238,719,213,0,3
240,648,241,2,1
241,648,242,2,1
241,719,216,0,3
242,648,243,2,1
242,666,217,0,3
242,709,241,1,2
242,713,243,2,1
242,719,217,0,3
243,648,244,2,1
243,666,218,0,3
243,709,218,0,3
243,713,244,2,1
243,719,218,0,3
244,648,245,2,1
244,666,219,0,3
244,709,219,0,3
244,713,245,2,1
244,719,219,0,3
245,648,220,0,3
245,666,220,0,3
245,709,220,0,3
245,713,270,3,0
245,719,220,0,3
246,648,221,0,3
246,666,245,1,2
246,709,245,1,2
246,713,271,3,0
246,719,245,1,2
247,648,222,0,3
247,666,246,1,2
247,709,246,1,2
247,713,272,3,0
247,719,246,1,2
248,648,223,0,3
248,666,247,1,2
248,709,247,1,2
248,713,273,3,0
248,719,247,1,2
249,648,224,0,3
249,666,248,1,2
249,709,225,2,3
249,713,274,3,0
249,719,248,1,2
250,648,225,0,2
250,719,274,3,2
251,648,226,0,3
253,648,228,0,3
253,719,254,2,1
254,648,229,0,3
254,666,255,2,1
254,709,255,2,1
254,713,279,3,0
254,719,255,2,1
255,648,230,0,3
255,666,256,2,1
255,709,256,2,1
255,713,280,3,0
255,719,256,2,1
256,648,231,0,3
256,666,257,2,1
256,709,257,2,1
256,713,281,3,0
256,719,257,2,1
257,648,232,0,3
257,666,258,2,1
257,709,258,2,1
257,713,282,3,0
257,719,258,2,1
258,648,233,0,3
258,666,233,0,3
258,709,233,0,3
258,713,283,3,0
258,719,233,0,3
259,648,258,1,2
259,666,234,0,3
259,709,234,0,3
259,713,258,1,2
259,719,234,0,3
260,648,259,1,2
260,666,235,0,3
260,709,235,0,3
260,713,259,1,2
260,719,235,0,3
261,648,260,1,2
261,666,236,0,3
261,709,236,0,3
261,713,260,1,2
261,719,236,0,3
262,648,261,1,2
262,666,237,0,3
262,713,261,1,2
262,719,237,0,3
263,648,262,1,2
263,719,238,0,3
265,648,266,2,1
266,648,267,2,1
266,719,241,0,3
267,648,268,2,1
267,666,242,0,3
267,709,266,1,2
267,713,268,2,1
267,719,242,0,3
268,648,269,2,1
268,666,243,0,3
268,709,243,0,3
268,713,269,2,1
268,719,243,0,3
269,648,270,2,1
269,666,244,0,3
269,709,244,0,3
269,713,270,2,1
269,719,244,0,3
270,648,245,0,3
270,666,245,0,3
270,709,245,0,3
270,713,295,3,0
270,719,245,0,3
271,648,246,0,3
271,666,270,1,2
271,709,270,1,2
271,713,296,3,0
271,719,270,1,2
272,648,247,0,3
272,666,271,1,2
272,709,271,1,2
272,713,297,3,0
272,719,271,1,2
273,648,248,0,3
273,666,272,1,2
273,709,272,1,2
273,713,298,3,0
273,719,272,1,2
274,648,249,0,3
274,666,273,1,2
274,709,250,2,3
274,713,299,3,0
274,719,273,1,2
275,648,250,0,2
275,719,299,3,2
276,648,251,0,3
278,648,253,0,3
278,719,279,2,1
279,648,254,0,3
279,666,280,2,1
279,709,280,2,1
279,713,713,92,0
279,719,280,2,1
280,648,255,0,3
280,666,281,2,1
280,709,281,2,1
280,713,279,1,2
280,719,281,2,1
281,648,256,0,3
281,666,282,2,1
281,709,282,2,1
281,713,280,1,2
281,719,282,2,1
282,648,257,0,3
282,666,283,2,1
282,709,283,2,1
282,713,281,1,2
282,719,283,2,1
283,648,258,0,3
283,666,258,0,3
283,709,258,0,3
283,713,282,1,2
284,648,283,1,2
284,666,259,0,3
284,709,259,0,3
284,713,283,1,2
284,719,259,0,3
285,648,284,1,2
285,666,260,0,3
285,709,260,0,3
285,713,284,1,2
285,719,260,0,3
286,648,285,1,2
286,666,261,0,3
286,709,261,0,3
286,713,285,1,2
286,719,261,0,3
287,648,286,1,2
287,666,262,0,3
287,713,286,1,2
287,719,262,0,3
288,648,287,1,2
288,719,263,0,3
290,648,291,2,1
291,648,292,2,1
291,719,266,0,3
292,648,293,2,1
292,666,267,0,3
292,709,291,1,2
292,713,293,2,1
292,719,267,0,3
293,648,294,2,1
293,666,268,0,3
293,709,268,0,3
293,713,294,2,1
293,719,268,0,3
294,648,295,2,1
294,666,269,0,3
294,709,269,0,3
294,713,295,2,1
294,719,269,0,3
295,648,270,0,3
295,666,270,0,3
295,709,270,0,3
295,713,296,2,1
296,648,271,0,3
296,666,295,1,2
296,709,295,1,2
296,713,297,2,1
296,719,295,1,2
297,648,272,0,3
297,666,296,1,2
297,709,296,1,2
297,713,298,2,1
297,719,296,1,2
298,648,273,0,3
298,666,297,1,2
298,709,297,1,2
298,713,299,2,1
298,719,297,1,2
299,648,274,0,3
299,666,298,1,2
299,709,275,2,3
299,713,275,2,3
299,719,298,1,2
300,648,275,0,2
300,719,324,3,2
301,648,276,0,3
303,648,278,0,3
303,719,304,2,1
304,648,279,0,3
304,666,305,2,1
304,709,305,2,1
304,713,279,0,3
304,719,305,2,1
305,648,280,0,3
305,666,306,2,1
305,709,306,2,1
305,713,280,0,3
305,719,306,2,1
306,648,281,0,3
306,666,307,2,1
306,709,307,2,1
306,713,281,0,3
306,719,307,2,1
307,648,282,0,3
307,666,308,2,1
307,709,308,2,1
307,713,282,0,3
307,719,308,2,1
308,648,283,0,3
308,666,283,0,3
308,709,283,0,3
308,719,333,3,0
309,648,308,1,2
309,666,284,0,3
309,709,284,0,3
309,713,308,1,2
309,719,334,3,0
310,648,309,1,2
310,666,285,0,3
310,709,285,0,3
310,713,309,1,2
310,719,335,3,0
311,648,310,1,2
311,666,286,0,3
311,709,286,0,3
311,713,310,1,2
311,719,336,3,0
312,648,311,1,2
312,666,287,0,3
312,713,311,1,2
312,719,337,3,0
313,648,312,1,2
313,719,338,3,0
315,648,316,2,1
316,648,317,2,1
316,719,341,3,0
317,648,318,2,1
317,666,292,0,3
317,709,316,1,2
317,713,318,2,1
317,719,342,3,0
318,648,319,2,1
318,666,293,0,3
318,709,293,0,3
318,713,319,2,1
318,719,343,3,0
319,648,320,2,1
319,666,294,0,3
319,709,294,0,3
319,713,320,2,1
319,719,344,3,0
320,648,295,0,3
320,666,295,0,3
320,709,295,0,3
320,719,345,3,0
321,648,296,0,3
321,666,320,1,2
321,709,320,1,2
321,713,296,0,3
321,719,320,1,2
322,648,297,0,3
322,666,321,1,2
322,709,321,1,2
322,713,297,0,3
322,719,321,1,2
323,648,298,0,3
323,666,322,1,2
323,709,322,1,2
323,713,298,0,3
323,719,322,1,2
324,648,299,0,3
324,666,323,1,2
324,709,300,2,3
324,713,299,0,3
324,719,323,1,2
325,648,300,0,2
325,719,349,3,2
326,648,301,0,3
328,648,303,0,3
328,719,329,2,1
329,648,304,0,3
329,666,330,2,1
329,709,330,2,1
329,713,304,0,3
329,719,330,2,1
330,648,305,0,3
330,666,331,2,1
330,709,331,2,1
330,713,305,0,3
330,719,331,2,1
331,648,306,0,3
331,666,332,2,1
331,709,332,2,1
331,713,306,0,3
331,719,332,2,1
332,648,307,0,3
332,666,333,2,1
332,709,333,2,1
332,713,307,0,3
332,719,333,2,1
333,648,308,0,3
333,709,308,0,3
333,719,358,3,0
334,648,333,1,2
334,666,309,0,3
334,709,309,0,3
334,713,333,1,2
334,719,359,3,0
335,648,334,1,2
335,666,310,0,3
335,709,310,0,3
335,713,334,1,2
335,719,360,3,0
336,648,335,1,2
336,666,311,0,3
336,709,311,0,3
336,713,335,1,2
336,719,361,3,0
337,648,336,1,2
337,666,312,0,3
337,713,336,1,2
337,719,362,3,0
338,648,337,1,2
338,719,363,3,0
340,648,341,2,1
341,648,342,2,1
341,719,366,3,0
342,648,343,2,1
342,666,317,0,3
342,709,341,1,2
342,713,343,2,1
342,719,367,3,0
343,648,344,2,1
343,666,318,0,3
343,709,318,0,3
343,713,344,2,1
343,719,368,3,0
344,648,345,2,1
344,666,319,0,3
344,709,319,0,3
344,713,345,2,1
344,719,369,3,0
345,648,320,0,3
345,709,320,0,3
345,719,370,3,0
346,648,321,0,3
346,666,345,1,2
346,709,345,1,2
346,713,321,0,3
346,719,345,1,2
347,648,322,0,3
347,666,346,1,2
347,709,346,1,2
347,713,322,0,3
347,719,346,1,2
348,648,323,0,3
348,666,347,1,2
348,709,347,1,2
348,713,323,0,3
348,719,347,1,2
349,648,324,0,3
349,666,348,1,2
349,709,325,2,3
349,713,324,0,3
349,719,348,1,2
350,648,325,0,2
350,719,374,3,2
351,648,326,0,3
353,648,328,0,3
353,719,354,2,1
354,648,329,0,3
354,666,355,2,1
354,709,355,2,1
354,713,329,0,3
354,719,355,2,1
355,648,330,0,3
355,666,356,2,1
355,709,356,2,1
355,713,330,0,3
355,719,356,2,1
356,648,331,0,3
356,666,357,2,1
356,709,357,2,1
356,713,331,0,3
356,719,357,2,1
357,648,332,0,3
357,666,358,2,1
357,709,358,2,1
357,713,332,0,3
357,719,358,2,1
358,648,333,0,3
358,709,333,0,3
358,719,383,3,0
359,648,358,1,2
359,666,334,0,3
359,709,334,0,3
359,713,358,1,2
359,719,384,3,0
360,648,359,1,2
360,666,335,0,3
360,709,335,0,3
360,713,359,1,2
360,719,385,3,0
361,648,360,1,2
361,666,336,0,3
361,709,336,0,3
361,713,360,1,2
361,719,386,3,0
362,648,361,1,2
362,666,337,0,3
362,713,361,1,2
362,719,387,3,0
363,648,362,1,2
363,719,388,3,0
365,648,366,2,1
366,648,367,2,1
366,719,391,3,0
367,648,368,2,1
367,666,342,0,3
367,709,366,1,2
367,713,368,2,1
367,719,392,3,0
368,648,369,2,1
368,666,343,0,3
368,709,343,0,3
368,713,369,2,1
368,719,393,3,0
369,648,370,2,1
369,666,344,0,3
369,709,344,0,3
369,713,370,2,1
369,719,394,3,0
370,648,345,0,3
370,709,345,0,3
370,719,395,3,0
371,648,346,0,3
371,666,370,1,2
371,709,370,1,2
371,713,346,0,3
371,719,370,1,2
372,648,347,0,3
372,666,371,1,2
372,709,371,1,2
372,713,347,0,3
372,719,371,1,2
373,648,348,0,3
373,666,372,1,2
373,709,372,1,2
373,713,348,0,3
373,719,372,1,2
374,648,349,0,3
374,666,373,1,2
374,713,349,0,3
374,719,373,1,2
375,648,350,0,2
375,719,399,3,2
376,648,351,0,3
378,648,353,0,3
378,719,379,2,1
379,648,354,0,3
379,666,380,2,1
379,709,380,2,1
379,713,354,0,3
379,719,380,2,1
380,648,355,0,3
380,666,381,2,1
380,709,381,2,1
380,713,355,0,3
380,719,381,2,1
381,648,356,0,3
381,666,382,2,1
381,709,382,2,1
381,713,356,0,3
381,719,382,2,1
382,648,357,0,3
382,666,383,2,1
382,709,383,2,1
382,713,357,0,3
382,719,383,2,1
383,648,358,0,3
383,666,408,3,0
383,713,358,0,3
383,719,408,3,0
384,648,383,1,2
384,666,409,3,0
384,709,359,0,3
384,713,383,1,2
384,719,409,3,0
385,648,384,1,2
385,666,410,3,0
385,709,360,0,3
385,713,384,1,2
385,719,410,3,0
386,648,385,1,2
386,666,411,3,0
386,709,361,0,3
386,713,385,1,2
386,719,411,3,0
387,648,386,1,2
387,666,412,3,0
387,713,386,1,2
387,719,412,3,0
388,648,387,1,2
388,719,413,3,0
390,648,391,2,1
391,648,392,2,1
391,719,416,3,0
392,648,393,2,1
392,666,417,3,0
392,709,391,1,2
392,713,393,2,1
392,719,417,3,0
393,648,394,2,1
393,666,418,3,0
393,709,368,0,3
393,713,394,2,1
393,719,418,3,0
394,648,395,2,1
394,666,419,3,0
394,709,369,0,3
394,713,395,2,1
394,719,419,3,0
395,648,370,0,3
395,666,420,3,0
395,713,370,0,3
395,719,420,3,0
396,648,371,0,3
396,666,395,1,2
396,709,395,1,2
396,713,371,0,3
396,719,395,1,2
397,648,372,0,3
397,666,396,1,2
397,709,396,1,2
397,713,372,0,3
397,719,396,1,2
398,648,373,0,3
398,666,397,1,2
398,709,397,1,2
398,713,373,0,3
398,719,397,1,2
399,648,374,0,3
399,666,398,1,2
399,709,375,2,3
399,713,374,0,3
399,719,398,1,2
400,648,375,0,2
400,719,424,3,2
401,648,376,0,3
403,648,378,0,3
403,719,404,2,1
404,648,379,0,3
404,666,405,2,1
404,709,405,2,1
404,713,379,0,3
404,719,405,2,1
405,648,380,0,3
405,666,406,2,1
405,709,406,2,1
405,713,380,0,3
405,719,406,2,1
406,648,381,0,3
406,666,407,2,1
406,709,407,2,1
406,713,381,0,3
406,719,407,2,1
407,648,382,0,3
407,666,408,2,1
407,709,408,2,1
407,713,382,0,3
407,719,408,2,1
408,648,383,0,3
408,666,433,3,0
408,713,383,0,3
408,719,433,3,0
409,648,408,1,2
409,666,434,3,0
409,709,384,0,3
409,713,408,1,2
409,719,434,3,0
410,648,409,1,2
410,666,435,3,0
410,709,385,0,3
410,713,409,1,2
410,719,435,3,0
411,648,410,1,2
411,666,436,3,0
411,709,386,0,3
411,713,410,1,2
411,719,436,3,0
412,648,411,1,2
412,666,437,3,0
412,713,411,1,2
412,719,437,3,0
413,648,412,1,2
413,719,438,3,0
415,648,416,2,1
416,648,417,2,1
416,719,441,3,0
417,648,418,2,1
417,666,442,3,0
417,709,416,1,2
417,713,418,2,1
417,719,442,3,0
418,648,419,2,1
418,666,443,3,0
418,709,393,0,3
418,713,419,2,1
418,719,443,3,0
419,648,420,2,1
419,666,444,3,0
419,709,394,0,3
419,713,420,2,1
419,719,444,3,0
420,648,395,0,3
420,666,445,3,0
420,713,395,0,3
420,719,445,3,0
421,648,396,0,3
421,666,420,1,2
421,709,420,1,2
421,713,396,0,3
421,719,420,1,2
422,648,397,0,3
422,666,421,1,2
422,709,421,1,2
422,713,397,0,3
422,719,421,1,2
423,648,398,0,3
423,666,422,1,2
423,709,422,1,2
423,713,398,0,3
423,719,422,1,2
424,648,399,0,3
424,666,423,1,2
424,709,400,2,3
424,713,399,0,3
424,719,423,1,2
425,648,450,2,0
425,719,449,3,2
426,648,451,3,0
428,648,453,3,0
428,719,429,2,1
429,648,454,3,0
429,666,430,2,1
429,709,430,2,1
429,713,404,0,3
429,719,430,2,1
430,648,455,3,0
430,666,431,2,1
430,709,431,2,1
430,713,405,0,3
430,719,431,2,1
431,648,456,3,0
431,666,432,2,1
431,709,432,2,1
431,713,406,0,3
431,719,432,2,1
432,648,457,3,0
432,666,433,2,1
432,709,433,2,1
432,713,407,0,3
432,719,433,2,1
433,648,458,3,0
433,666,458,3,0
433,713,408,0,3
433,719,458,3,0
434,648,433,1,2
434,666,459,3,0
434,709,409,0,3
434,713,433,1,2
434,719,459,3,0
435,648,434,1,2
435,666,460,3,0
435,709,410,0,3
435,713,434,1,2
435,719,460,3,0
436,648,435,1,2
436,666,461,3,0
436,709,411,0,3
436,713,435,1,2
436,719,461,3,0
437,648,436,1,2
437,666,462,3,0
437,713,436,1,2
437,719,462,3,0
438,648,437,1,2
438,719,463,3,0
440,648,441,2,1
441,648,442,2,1
441,719,466,3,0
442,648,443,2,1
442,666,467,3,0
442,709,441,1,2
442,713,443,2,1
442,719,467,3,0
443,648,444,2,1
443,666,468,3,0
443,709,418,0,3
443,713,444,2,1
443,719,468,3,0
444,648,445,2,1
444,666,469,3,0
444,709,419,0,3
444,713,445,2,1
444,719,469,3,0
445,648,470,3,0
445,666,470,3,0
445,713,420,0,3
445,719,470,3,0
446,648,471,3,0
446,666,445,1,2
446,709,445,1,2
446,713,421,0,3
446,719,445,1,2
447,648,472,3,0
447,666,446,1,2
447,709,446,1,2
447,713,422,0,3
447,719,446,1,2
448,648,473,3,0
448,666,447,1,2
448,709,447,1,2
448,713,423,0,3
448,719,447,1,2
449,648,474,3,0
449,666,448,1,2
449,709,425,2,3
449,713,424,0,3
449,719,448,1,2
450,648,475,2,0
450,719,474,3,2
451,648,476,3,0
453,648,478,3,0
453,719,454,2,1
454,648,479,3,0
454,666,455,2,1
454,709,455,2,1
454,713,429,0,3
454,719,455,2,1
455,648,480,3,0
455,666,456,2,1
455,709,456,2,1
455,713,430,0,3
455,719,456,2,1
456,648,481,3,0
456,666,457,2,1
456,709,457,2,1
456,713,431,0,3
456,719,457,2,1
457,648,482,3,0
457,666,458,2,1
457,709,458,2,1
457,713,432,0,3
457,719,458,2,1
458,648,483,3,0
458,666,483,3,0
458,709,483,3,0
458,713,433,0,3
458,719,483,3,0
459,648,458,1,2
459,666,484,3,0
459,709,484,3,0
459,713,458,1,2
459,719,484,3,0
460,648,459,1,2
460,666,485,3,0
460,709,485,3,0
460,713,459,1,2
460,719,485,3,0
461,648,460,1,2
461,666,486,3,0
461,709,486,3,0
461,713,460,1,2
461,719,486,3,0
462,648,461,1,2
462,666,487,3,0
462,713,461,1,2
462,719,487,3,0
463,648,462,1,2
463,719,488,3,0
465,648,466,2,1
466,648,467,2,1
466,719,491,3,0
467,648,468,2,1
467,666,492,3,0
467,709,466,1,2
467,713,468,2,1
467,719,492,3,0
468,648,469,2,1
468,666,493,3,0
468,709,493,3,0
468,713,469,2,1
468,719,493,3,0
469,648,470,2,1
469,666,494,3,0
469,709,494,3,0
469,713,470,2,1
469,719,494,3,0
470,648,495,3,0
470,666,495,3,0
470,709,495,3,0
470,713,445,0,3
470,719,495,3,0
471,648,496,3,0
471,666,470,1,2
471,709,470,1,2
471,713,446,0,3
471,719,470,1,2
472,648,497,3,0
472,666,471,1,2
472,709,471,1,2
472,713,447,0,3
472,719,471,1,2
473,648,498,3,0
473,666,472,1,2
473,709,472,1,2
473,713,448,0,3
473,719,472,1,2
474,648,499,3,0
474,666,473,1,2
474,709,450,2,3
474,713,449,0,3
474,719,473,1,2
475,648,500,2,0
475,719,499,3,2
476,648,501,3,0
478,648,503,3,0
478,719,479,2,1
479,648,504,3,0
479,666,480,2,1
479,709,480,2,1
479,713,454,0,3
479,719,480,2,1
480,648,505,3,0
480,666,481,2,1
480,709,481,2,1
480,713,455,0,3
480,719,481,2,1
481,648,506,3,0
481,666,482,2,1
481,709,482,2,1
481,713,456,0,3
481,719,482,2,1
482,648,507,3,0
482,666,483,2,1
482,709,483,2,1
482,713,457,0,3
482,719,483,2,1
483,648,508,3,0
483,666,508,3,0
483,709,508,3,0
483,713,458,0,3
483,719,508,3,0
484,648,483,1,2
484,666,509,3,0
484,709,509,3,0
484,713,483,1,2
484,719,509,3,0
485,648,484,1,2
485,666,510,3,0
485,709,510,3,0
485,713,484,1,2
485,719,510,3,0
486,648,485,1,2
486,666,511,3,0
486,709,511,3,0
486,713,485,1,2
486,719,511,3,0
487,648,486,1,2
487,666,512,3,0
487,713,486,1,2
487,719,512,3,0
488,648,487,1,2
488,719,513,3,0
490,648,491,2,1
491,648,492,2,1
491,719,516,3,0
492,648,493,2,1
492,666,517,3,0
492,709,491,1,2
492,713,493,2,1
492,719,517,3,0
493,648,494,2,1
493,666,518,3,0
493,709,518,3,0
493,713,494,2,1
493,719,518,3,0
494,648,495,2,1
494,666,519,3,0
494,709,519,3,0
494,713,495,2,1
494,719,519,3,0
495,648,520,3,0
495,666,520,3,0
495,709,520,3,0
495,713,470,0,3
495,719,520,3,0
496,648,521,3,0
496,666,495,1,2
496,709,495,1,2
496,713,471,0,3
496,719,495,1,2
497,648,522,3,0
497,666,496,1,2
497,709,496,1,2
497,713,472,0,3
497,719,496,1,2
498,648,523,3,0
498,666,497,1,2
498,709,497,1,2
498,713,473,0,3
498,719,497,1,2
499,648,524,3,0
499,666,498,1,2
499,709,475,2,3
499,713,474,0,3
499,719,498,1,2
500,648,525,2,0
500,719,524,3,2
501,648,526,3,0
503,648,528,3,0
503,719,504,2,1
504,648,529,3,0
504,666,505,2,1
504,709,505,2,1
504,713,479,0,3
504,719,505,2,1
505,648,530,3,0
505,666,506,2,1
505,709,506,2,1
505,713,480,0,3
505,719,506,2,1
506,648,531,3,0
506,666,507,2,1
506,709,507,2,1
506,713,481,0,3
506,719,507,2,1
507,648,532,3,0
507,666,508,2,1
507,709,508,2,1
507,713,482,0,3
507,719,508,2,1
508,648,533,3,0
508,666,533,3,0
508,709,533,3,0
508,713,483,0,3
508,719,533,3,0
509,648,508,1,2
509,666,534,3,0
509,709,534,3,0
509,713,508,1,2
509,719,534,3,0
510,648,509,1,2
510,666,535,3,0
510,709,535,3,0
510,713,509,1,2
510,719,535,3,0
511,648,510,1,2
511,666,536,3,0
511,709,536,3,0
511,713,510,1,2
511,719,536,3,0
512,648,511,1,2
512,666,537,3,0
512,713,511,1,2
512,719,537,3,0
513,648,512,1,2
513,719,538,3,0
515,648,516,2,1
516,648,517,2,1
516,719,541,3,0
517,648,518,2,1
517,666,542,3,0
517,709,516,1,2
517,713,518,2,1
517,719,542,3,0
518,648,519,2,1
518,666,543,3,0
518,709,543,3,0
518,713,519,2,1
518,719,543,3,0
519,648,520,2,1
519,666,544,3,0
519,709,544,3,0
519,713,520,2,1
519,719,544,3,0
520,648,545,3,0
520,666,545,3,0
520,709,545,3,0
520,713,495,0,3
520,719,545,3,0
521,648,546,3,0
521,666,520,1,2
521,709,520,1,2
521,713,496,0,3
521,719,520,1,2
522,648,547,3,0
522,666,521,1,2
522,709,521,1,2
522,713,497,0,3
522,719,521,1,2
523,648,548,3,0
523,666,522,1,2
523,709,522,1,2
523,713,498,0,3
523,719,522,1,2
524,648,549,3,0
524,666,523,1,2
524,709,500,2,3
524,713,499,0,3
524,719,523,1,2
525,648,550,2,0
525,719,549,3,2
526,648,551,3,0
528,648,553,3,0
528,719,529,2,1
529,648,554,3,0
529,666,530,2,1
529,709,530,2,1
529,713,504,0,3
529,719,530,2,1
530,648,555,3,0
530,666,531,2,1
530,709,531,2,1
530,713,505,0,3
530,719,531,2,1
531,648,556,3,0
531,666,532,2,1
531,709,532,2,1
531,713,506,0,3
531,719,532,2,1
532,648,557,3,0
532,666,533,2,1
532,709,533,2,1
532,713,507,0,3
532,719,533,2,1
533,648,558,3,0
533,666,558,3,0
533,709,558,3,0
533,713,508,0,3
533,719,558,3,0
534,648,533,1,2
534,666,559,3,0
534,709,559,3,0
534,713,533,1,2
534,719,559,3,0
535,648,534,1,2
535,666,560,3,0
535,709,560,3,0
535,713,534,1,2
535,719,560,3,0
536,648,535,1,2
536,666,561,3,0
536,709,561,3,0
536,713,535,1,2
536,719,561,3,0
537,648,536,1,2
537,666,562,3,0
537,713,536,1,2
537,719,562,3,0
538,648,537,1,2
538,719,563,3,0
540,648,541,2,1
541,648,542,2,1
541,719,566,3,0
542,648,543,2,1
542,666,567,3,0
542,709,541,1,2
542,713,543,2,1
542,719,567,3,0
543,648,544,2,1
543,666,568,3,0
543,709,568,3,0
543,713,544,2,1
543,719,568,3,0
544,648,545,2,1
544,666,569,3,0
544,709,569,3,0
544,713,545,2,1
544,719,569,3,0
545,648,570,3,0
545,666,570,3,0
545,709,570,3,0
545,713,520,0,3
545,719,570,3,0
546,648,571,3,0
546,666,545,1,2
546,709,545,1,2
546,713,521,0,3
546,719,545,1,2
547,648,572,3,0
547,666,546,1,2
547,709,546,1,2
547,713,522,0,3
547,719,546,1,2
548,648,573,3,0
548,666,547,1,2
548,709,547,1,2
548,713,523,0,3
548,719,547,1,2
549,648,574,3,0
549,666,548,1,2
549,709,525,2,3
549,713,524,0,3
549,719,548,1,2
550,648,575,2,0
550,719,574,3,2
551,648,576,3,0
553,648,578,3,0
553,719,554,2,1
554,648,579,3,0
554,666,555,2,1
554,709,555,2,1
554,713,529,0,3
554,719,555,2,1
555,648,580,3,0
555,666,556,2,1
555,709,556,2,1
555,713,530,0,3
555,719,556,2,1
556,648,581,3,0
556,666,557,2,1
556,709,557,2,1
556,713,531,0,3
556,719,557,2,1
557,648,582,3,0
557,666,558,2,1
557,709,558,2,1
557,713,532,0,3
557,719,558,2,1
558,648,583,3,0
558,666,583,3,0
558,709,583,3,0
558,713,533,0,3
558,719,583,3,0
559,648,558,1,2
559,666,584,3,0
559,709,584,3,0
559,713,558,1,2
559,719,584,3,0
560,648,559,1,2
560,666,585,3,0
560,709,585,3,0
560,713,559,1,2
560,719,585,3,0
561,648,560,1,2
561,666,586,3,0
561,709,586,3,0
561,713,560,1,2
561,719,586,3,0
562,648,561,1,2
562,666,587,3,0
562,713,561,1,2
562,719,587,3,0
563,648,562,1,2
563,719,588,3,0
565,648,566,2,1
566,648,567,2,1
566,719,591,3,0
567,648,568,2,1
567,666,592,3,0
567,709,566,1,2
567,713,568,2,1
567,719,592,3,0
568,648,569,2,1
568,666,593,3,0
568,709,593,3,0
568,713,569,2,1
568,719,593,3,0
569,648,570,2,1
569,666,594,3,0
569,709,594,3,0
569,713,570,2,1
569,719,594,3,0
570,648,595,3,0
570,666,595,3,0
570,709,595,3,0
570,713,545,0,3
570,719,595,3,0
571,648,596,3,0
571,666,570,1,2
571,709,570,1,2
571,713,546,0,3
571,719,570,1,2
572,648,597,3,0
572,666,571,1,2
572,709,571,1,2
572,713,547,0,3
572,719,571,1,2
573,648,598,3,0
573,666,572,1,2
573,709,572,1,2
573,713,548,0,3
573,719,572,1,2
574,648,599,3,0
574,666,573,1,2
574,709,550,2,3
574,713,549,0,3
574,719,573,1,2
575,648,600,2,0
575,719,599,3,2
576,648,601,3,0
578,648,603,3,0
578,719,579,2,1
579,648,604,3,0
579,666,580,2,1
579,709,580,2,1
579,713,554,0,3
579,719,580,2,1
580,648,605,3,0
580,666,581,2,1
580,709,581,2,1
580,713,555,0,3
580,719,581,2,1
581,648,606,3,0
581,666,582,2,1
581,709,582,2,1
581,713,556,0,3
581,719,582,2,1
582,648,607,3,0
582,666,583,2,1
582,709,583,2,1
582,713,557,0,3
582,719,583,2,1
583,648,608,3,0
583,666,608,3,0
583,709,608,3,0
583,713,558,0,3
584,648,583,1,2
584,666,609,3,0
584,709,609,3,0
584,713,583,1,2
584,719,609,3,0
585,648,584,1,2
585,666,610,3,0
585,709,610,3,0
585,713,584,1,2
585,719,610,3,0
586,648,585,1,2
586,666,611,3,0
586,709,611,3,0
586,713,585,1,2
586,719,611,3,0
587,648,586,1,2
587,666,612,3,0
587,713,586,1,2
587,719,612,3,0
588,648,587,1,2
588,719,613,3,0
590,648,591,2,1
591,648,592,2,1
591,719,616,3,0
592,648,593,2,1
592,666,617,3,0
592,709,591,1,2
592,713,593,2,1
592,719,617,3,0
593,648,594,2,1
593,666,618,3,0
593,709,618,3,0
593,713,594,2,1
593,719,618,3,0
594,648,595,2,1
594,666,619,3,0
594,709,619,3,0
594,713,595,2,1
594,719,619,3,0
595,648,620,3,0
595,666,620,3,0
595,709,620,3,0
595,713,570,0,3
596,648,621,3,0
596,666,595,1,2
596,709,595,1,2
596,713,571,0,3
596,719,595,1,2
597,648,622,3,0
597,666,596,1,2
597,709,596,1,2
597,713,572,0,3
597,719,596,1,2
598,648,623,3,0
598,666,597,1,2
598,709,597,1,2
598,713,573,0,3
598,719,597,1,2
599,648,624,3,0
599,666,598,1,2
599,709,575,2,3
599,713,574,0,3
599,719,598,1,2
600,648,0,2,3
600,719,624,3,2
601,648,1,3,3
603,648,3,3,3
603,719,604,2,1
604,648,4,3,3
604,666,605,2,1
604,709,605,2,1
604,713,4,3,3
604,719,605,2,1
605,648,5,3,3
605,666,606,2,1
605,709,606,2,1
605,713,5,3,3
605,719,606,2,1
606,648,6,3,3
606,666,607,2,1
606,709,607,2,1
606,713,6,3,3
606,719,607,2,1
607,648,7,3,3
607,666,608,2,1
607,709,608,2,1
607,713,7,3,3
607,719,608,2,1
608,648,8,3,3
608,666,8,3,3
608,709,8,3,3
608,719,609,2,1
609,648,608,1,2
609,666,9,3,3
609,709,9,3,3
609,713,608,1,2
609,719,610,2,1
610,648,609,1,2
610,666,10,3,3
610,709,10,3,3
610,713,609,1,2
610,719,611,2,1
611,648,610,1,2
611,666,11,3,3
611,709,11,3,3
611,713,610,1,2
611,719,612,2,1
612,648,611,1,2
612,666,12,3,3
612,713,611,1,2
612,719,613,2,1
613,648,612,1,2
613,719,719,98,0
615,648,616,2,1
616,648,617,2,1
616,719,615,1,2
617,648,618,2,1
617,666,17,3,3
617,709,616,1,2
617,713,618,2,1
617,719,616,1,2
618,648,619,2,1
618,666,18,3,3
618,709,18,3,3
618,713,619,2,1
618,719,617,1,2
619,648,620,2,1
619,666,19,3,3
619,709,19,3,3
619,713,620,2,1
619,719,618,1,2
620,648,20,3,3
620,666,20,3,3
620,709,20,3,3
620,719,619,1,2
621,648,21,3,3
621,666,620,1,2
621,709,620,1,2
621,713,21,3,3
621,719,620,1,2
622,648,22,3,3
622,666,621,1,2
622,709,621,1,2
622,713,22,3,3
622,719,621,1,2
623,648,23,3,3
623,666,622,1,2
623,709,622,1,2
623,713,23,3,3
623,719,622,1,2
624,648,24,3,3
624,666,623,1,2
624,709,600,2,3
624,713,24,3,3
624,719,623,1,2
648,625,101,0,27
648,626,101,0,27
648,627,101,0,27
648,628,101,0,27
648,629,101,0,27
648,630,101,0,27
648,631,101,0,27
648,632,101,0,27
648,633,101,0,27
648,634,101,0,27
648,635,101,0,27
648,636,101,0,27
648,637,101,0,27
648,638,101,0,27
648,639,101,0,27
648,640,101,0,27
648,641,101,0,27
648,642,101,0,27
648,643,101,0,27
648,644,101,0,27
648,645,101,0,27
648,646,101,0,27
648,647,101,0,27
648,649,101,0,27
648,650,101,0,27
648,651,101,0,27
648,652,101,0,27
648,653,101,0,27
648,654,101,0,27
648,655,101,0,27
648,656,101,0,27
648,657,101,0,27
648,658,101,0,27
648,659,101,0,27
648,660,101,0,27
648,661,101,0,27
648,662,101,0,27
648,663,101,0,27
648,664,101,0,27
648,665,101,0,27
648,666,101,0,27
648,667,101,0,27
648,668,101,0,27
648,669,101,0,27
648,670,101,0,27
648,671,101,0,27
648,672,101,0,27
648,673,101,0,27
648,674,101,0,27
648,675,101,0,27
648,676,101,0,27
648,677,101,0,27
648,678,101,0,27
648,679,101,0,27
648,680,101,0,27
648,681,101,0,27
648,682,101,0,27
648,683,101,0,27
648,684,101,0,27
648,685,101,0,27
648,686,101,0,27
648,687,101,0,27
648,688,101,0,27
648,689,101,0,27
648,690,101,0,27
648,691,101,0,27
648,692,101,0,27
648,693,101,0,27
648,694,101,0,27
648,695,101,0,27
648,696,101,0,27
648,697,101,0,27
648,698,101,0,27
648,699,101,0,27
648,700,101,0,27
648,701,101,0,27
648,702,101,0,27
648,703,101,0,27
648,704,101,0,27
648,705,101,0,27
648,706,101,0,27
648,707,101,0,27
648,708,101,0,27
648,709,101,0,27
648,710,101,0,27
648,711,101,0,27
648,712,101,0,27
648,713,101,0,27
648,714,101,0,27
648,715,101,0,27
648,716,101,0,27
648,717,101,0,27
648,718,101,0,27
648,719,101,0,27
648,720,101,0,27
648,721,101,0,27
648,722,101,0,27
648,723,101,0,27
648,724,101,0,27
666,625,62,0,45
666,626,62,0,45
666,627,62,0,45
666,628,62,0,45
666,629,62,0,45
666,630,62,0,45
666,631,62,0,45
666,632,62,0,45
666,633,62,0,45
666,634,62,0,45
666,635,62,0,45
666,636,62,0,45
666,637,62,0,45
666,638,62,0,45
666,639,62,0,45
666,640,62,0,45
666,641,62,0,45
666,642,62,0,45
666,643,62,0,45
666,644,62,0,45
666,645,62,0,45
666,646,62,0,45
666,647,62,0,45
666,648,62,0,45
666,649,62,0,45
666,650,62,0,45
666,651,62,0,45
666,652,62,0,45
666,653,62,0,45
666,654,62,0,45
666,655,62,0,45
666,656,62,0,45
666,657,62,0,45
666,658,62,0,45
666,659,62,0,45
666,660,62,0,45
666,661,62,0,45
666,662,62,0,45
666,663,62,0,45
666,664,62,0,45
666,665,62,0,45
666,667,62,0,45
666,668,62,0,45
666,669,62,0,45
666,670,62,0,45
666,671,62,0,45
666,672,62,0,45
666,673,62,0,45
666,674,62,0,45
666,675,62,0,45
666,676,62,0,45
666,677,62,0,45
666,678,62,0,45
666,679,62,0,45
666,680,62,0,45
666,681,62,0,45
666,682,62,0,45
666,683,62,0,45
666,684,62,0,45
666,685,62,0,45
666,686,62,0,45
666,687,62,0,45
666,688,62,0,45
666,689,62,0,45
666,690,62,0,45
666,691,62,0,45
666,692,62,0,45
666,693,62,0,45
666,694,62,0,45
666,695,62,0,45
666,696,62,0,45
666,697,62,0,45
666,698,62,0,45
666,699,62,0,45
666,700,62,0,45
666,701,62,0,45
666,702,62,0,45
666,703,62,0,45
666,704,62,0,45
666,705,62,0,45
666,706,62,0,45
666,707,62,0,45
666,708,62,0,45
666,709,62,0,45
666,710,62,0,45
666,711,62,0,45
666,712,62,0,45
666,713,62,0,45
666,714,62,0,45
666,715,62,0,45
666,716,62,0,45
666,717,62,0,45
666,718,62,0,45
666,719,62,0,45
666,720,62,0,45
666,721,62,0,45
666,722,62,0,45
666,723,62,0,45
666,724,62,0,45
709,625,136,0,88
709,626,136,0,88
709,627,136,0,88
709,628,136,0,88
709,629,136,0,88
709,630,136,0,88
709,631,136,0,88
709,632,136,0,88
709,633,136,0,88
709,634,136,0,88
709,635,136,0,88
709,636,136,0,88
709,637,136,0,88
709,638,136,0,88
709,639,136,0,88
709,640,136,0,88
709,641,136,0,88
709,642,136,0,88
709,643,136,0,88
709,644,136,0,88
709,645,136,0,88
709,646,136,0,88
709,647,136,0,88
709,648,136,0,88
709,649,136,0,88
709,650,136,0,88
709,651,136,0,88
709,652,136,0,88
709,653,136,0,88
709,654,136,0,88
709,655,136,0,88
709,656,136,0,88
709,657,136,0,88
709,658,136,0,88
709,659,136,0,88
709,660,136,0,88
709,661,136,0,88
709,662,136,0,88
709,663,136,0,88
709,664,136,0,88
709,665,136,0,88
709,666,136,0,88
709,667,136,0,88
709,668,136,0,88
709,669,136,0,88
709,670,136,0,88
709,671,136,0,88
709,672,136,0,88
709,673,136,0,88
709,674,136,0,88
709,675,136,0,88
709,676,136,0,88
709,677,136,0,88
709,678,136,0,88
709,679,136,0,88
709,680,136,0,88
709,681,136,0,88
709,682,136,0,88
709,683,136,0,88
709,684,136,0,88
709,685,136,0,88
709,686,136,0,88
709,687,136,0,88
709,688,136,0,88
709,689,136,0,88
709,690,136,0,88
709,691,136,0,88
709,692,136,0,88
709,693,136,0,88
709,694,136,0,88
709,695,136,0,88
709,696,136,0,88
709,697,136,0,88
709,698,136,0,88
709,699,136,0,88
709,700,136,0,88
709,701,136,0,88
709,702,136,0,88
709,703,136,0,88
709,704,136,0,88
709,705,136,0,88
709,706,136,0,88
709,707,136,0,88
709,708,136,0,88
709,710,136,0,88
709,711,136,0,88
709,712,136,0,88
709,713,136,0,88
709,714,136,0,88
709,715,136,0,88
709,716,136,0,88
709,717,136,0,88
709,718,136,0,88
709,719,136,0,88
709,720,136,0,88
709,721,136,0,88
709,722,136,0,88
709,723,136,0,88
709,724,136,0,88
713,625,279,0,92
713,626,279,0,92
713,627,279,0,92
713,628,279,0,92
713,629,279,0,92
713,630,279,0,92
713,631,279,0,92
713,632,279,0,92
713,633,279,0,92
713,634,279,0,92
713,635,279,0,92
713,636,279,0,92
713,637,279,0,92
713,638,279,0,92
713,639,279,0,92
713,640,279,0,92
713,641,279,0,92
713,642,279,0,92
713,643,279,0,92
713,644,279,0,92
713,645,279,0,92
713,646,279,0,92
713,647,279,0,92
713,648,279,0,92
713,649,279,0,92
713,650,279,0,92
713,651,279,0,92
713,652,279,0,92
713,653,279,0,92
713,654,279,0,92
713,655,279,0,92
713,656,279,0,92
713,657,279,0,92
713,658,279,0,92
713,659,279,0,92
713,660,279,0,92
713,661,279,0,92
713,662,279,0,92
713,663,279,0,92
713,664,279,0,92
713,665,279,0,92
713,666,279,0,92
713,667,279,0,92
713,668,279,0,92
713,669,279,0,92
713,670,279,0,92
713,671,279,0,92
713,672,279,0,92
713,673,279,0,92
713,674,279,0,92
713,675,279,0,92
713,676,279,0,92
713,677,279,0,92
713,678,279,0,92
713,679,279,0,92
713,680,279,0,92
713,681,279,0,92
713,682,279,0,92
713,683,279,0,92
713,684,279,0,92
713,685,279,0,92
713,686,279,0,92
713,687,279,0,92
713,688,279,0,92
713,689,279,0,92
713,690,279,0,92
713,691,279,0,92
713,692,279,0,92
713,693,279,0,92
713,694,279,0,92
713,695,279,0,92
713,696,279,0,92
713,697,279,0,92
713,698,279,0,92
713,699,279,0,92
713,700,279,0,92
713,701,279,0,92
713,702,279,0,92
713,703,279,0,92
713,704,279,0,92
713,705,279,0,92
713,706,279,0,92
713,707,279,0,92
713,708,279,0,92
713,709,279,0,92
713,710,279,0,92
713,711,279,0,92
713,712,279,0,92
713,714,279,0,92
713,715,279,0,92
713,716,279,0,92
713,717,279,0,92
713,718,279,0,92
713,719,279,0,92
713,720,279,0,92
713,721,279,0,92
713,722,279,0,92
713,723,279,0,92
713,724,279,0,92
719,625,613,0,98
719,626,613,0,98
719,627,613,0,98
719,628,613,0,98
719,629,613,0,98
719,630,613,0,98
719,631,613,0,98
719,632,613,0,98
719,633,613,0,98
719,634,613,0,98
719,635,613,0,98
719,636,613,0,98
719,637,613,0,98
719,638,613,0,98
719,639,613,0,98
719,640,613,0,98
719,641,613,0,98
719,642,613,0,98
719,643,613,0,98
719,644,613,0,98
719,645,613,0,98
719,646,613,0,98
719,647,613,0,98
719,648,613,0,98
719,649,613,0,98
719,650,613,0,98
719,651,613,0,98
719,652,613,0,98
719,653,613,0,98
719,654,613,0,98
719,655,613,0,98
719,656,613,0,98
719,657,613,0,98
719,658,613,0,98
719,659,613,0,98
719,660,613,0,98
719,661,613,0,98
719,662,613,0,98
719,663,613,0,98
719,664,613,0,98
719,665,613,0,98
719,666,613,0,98
719,667,613,0,98
719,668,613,0,98
719,669,613,0,98
719,670,613,0,98
719,671,613,0,98
719,672,613,0,98
719,673,613,0,98
719,674,613,0,98
719,675,613,0,98
719,676,613,0,98
719,677,613,0,98
719,678,613,0,98
719,679,613,0,98
719,680,613,0,98
719,681,613,0,98
719,682,613,0,98
719,683,613,0,98
719,684,613,0,98
719,685,613,0,98
719,686,613,0,98
719,687,613,0,98
719,688,613,0,98
719,689,613,0,98
719,690,613,0,98
719,691,613,0,98
719,692,613,0,98
719,693,613,0,98
719,694,613,0,98
719,695,613,0,98
719,696,613,0,98
719,697,613,0,98
719,698,613,0,98
719,699,613,0,98
719,700,613,0,98
719,701,613,0,98
719,702,613,0,98
719,703,613,0,98
719,704,613,0,98
719,705,613,0,98
719,706,613,0,98
719,707,613,0,98
719,708,613,0,98
719,709,613,0,98
719,710,613,0,98
719,711,613,0,98
719,712,613,0,98
719,713,613,0,98
719,714,613,0,98
719,715,613,0,98
719,716,613,0,98
719,717,613,0,98
719,718,613,0,98
719,720,613,0,98
719,721,613,0,98
719,722,613,0,98
719,723,613,0,98
719,724,613,0,98
