0,626,24,2,1
0,633,600,3,2
0,640,25,1,0
0,653,24,2,1
0,689,25,1,0
0,715,24,2,1
0,717,24,2,1
1,626,0,0,0
1,653,0,0,0
1,715,0,0,0
2,626,1,0,1
2,653,1,0,1
5,626,6,1,0
5,653,6,1,0
6,626,7,1,0
6,653,7,1,0
6,715,7,1,0
7,626,8,1,0
7,633,607,3,3
7,640,32,2,0
7,653,8,1,0
7,689,32,2,0
7,715,8,1,0
7,717,8,1,0
8,626,9,1,0
8,633,608,3,3
8,640,33,2,0
8,644,608,3,3
8,653,9,1,0
8,689,33,2,0
8,702,9,1,0
8,710,9,1,0
8,715,9,1,0
8,717,9,1,0
9,626,10,1,0
9,633,609,3,3
9,640,34,2,0
9,644,609,3,3
9,653,10,1,0
9,689,34,2,0
9,692,10,1,0
9,701,10,1,0
9,702,10,1,0
9,710,10,1,0
9,715,10,1,0
9,717,10,1,0
10,626,35,2,0
10,633,610,3,3
10,640,35,2,0
10,644,610,3,3
10,653,610,3,3
10,689,35,2,0
10,715,35,2,0
11,626,36,2,0
11,633,10,0,1
11,640,10,0,1
11,644,10,0,1
11,653,611,3,3
11,689,10,0,1
11,702,36,2,0
11,710,611,3,3
11,715,36,2,0
11,717,36,2,0
12,626,37,2,0
12,633,11,0,1
12,640,11,0,1
12,644,11,0,1
12,653,612,3,3
12,689,11,0,1
12,702,37,2,0
12,710,612,3,3
12,715,37,2,0
12,717,37,2,0
13,626,38,2,0
13,633,12,0,1
13,640,12,0,1
13,653,613,3,3
13,689,12,0,1
13,715,38,2,0
13,717,38,2,0
14,626,39,2,0
14,653,614,3,3
14,715,39,2,0
15,626,40,2,0
15,653,615,3,3
18,626,43,2,0
18,653,618,3,3
19,626,44,2,0
19,653,619,3,3
19,715,44,2,0
20,626,45,2,0
20,633,21,1,0
20,640,21,1,0
20,653,620,3,3
20,689,21,1,0
20,715,45,2,0
20,717,45,2,0
21,626,46,2,0
21,633,22,1,0
21,640,22,1,0
21,644,22,1,0
21,653,621,3,3
21,689,22,1,0
21,702,46,2,0
21,710,621,3,3
21,715,46,2,0
21,717,46,2,0
22,626,47,2,0
22,633,23,1,0
22,640,23,1,0
22,644,23,1,0
22,653,622,3,3
22,689,23,1,0
22,692,21,0,1
22,701,21,0,1
22,702,47,2,0
22,710,622,3,3
22,715,47,2,0
22,717,47,2,0
23,626,48,2,0
23,633,623,3,3
23,640,48,2,0
23,644,623,3,3
23,653,623,3,3
23,689,48,2,0
23,692,24,1,0
23,701,24,1,0
23,715,48,2,0
24,626,23,0,1
24,633,624,3,3
24,640,49,2,0
24,644,624,3,3
24,653,23,0,1
24,689,49,2,0
24,702,23,0,1
24,710,23,0,1
24,715,23,0,1
24,717,23,0,1
25,626,49,3,2
25,633,0,0,1
25,640,50,2,0
25,653,49,3,2
25,689,50,2,0
25,715,49,3,2
25,717,49,3,2
26,626,25,1,1
26,653,25,1,1
26,715,25,1,1
27,626,26,1,2
27,653,26,1,2
30,626,31,2,1
30,653,31,2,1
31,626,32,2,1
31,653,32,2,1
31,715,32,2,1
32,626,33,2,1
32,633,7,0,2
32,640,57,3,0
32,653,33,2,1
32,689,57,3,0
32,715,33,2,1
32,717,33,2,1
33,626,34,2,1
33,633,8,0,2
33,640,58,3,0
33,644,8,0,2
33,653,34,2,1
33,689,58,3,0
33,702,34,2,1
33,710,34,2,1
33,715,34,2,1
33,717,34,2,1
34,626,35,2,1
34,633,9,0,2
34,640,59,3,0
34,644,9,0,2
34,653,35,2,1
34,689,59,3,0
34,692,35,2,1
34,701,35,2,1
34,702,35,2,1
34,710,35,2,1
34,715,35,2,1
34,717,35,2,1
35,626,60,3,0
35,633,10,0,2
35,640,60,3,0
35,644,10,0,2
35,653,10,0,2
35,689,60,3,0
35,717,36,2,1
36,626,61,3,0
36,633,35,1,2
36,640,35,1,2
36,644,35,1,2
36,653,11,0,2
36,689,35,1,2
36,702,61,3,0
36,710,11,0,2
36,715,61,3,0
36,717,37,2,1
37,626,62,3,0
37,633,36,1,2
37,640,36,1,2
37,644,36,1,2
37,653,12,0,2
37,689,36,1,2
37,702,62,3,0
37,710,12,0,2
37,715,62,3,0
37,717,38,2,1
38,626,63,3,0
38,633,37,1,2
38,640,37,1,2
38,653,13,0,2
38,689,37,1,2
38,715,63,3,0
38,717,717,96,0
39,626,64,3,0
39,653,14,0,2
39,715,64,3,0
40,626,65,3,0
40,653,15,0,2
43,626,68,3,0
43,653,18,0,2
44,626,69,3,0
44,653,19,0,2
44,715,69,3,0
45,626,70,3,0
45,633,46,2,1
45,640,46,2,1
45,653,20,0,2
45,689,46,2,1
45,715,70,3,0
45,717,44,1,2
46,626,71,3,0
46,633,47,2,1
46,640,47,2,1
46,644,47,2,1
46,653,21,0,2
46,689,47,2,1
46,702,71,3,0
46,710,21,0,2
46,715,71,3,0
46,717,45,1,2
47,626,72,3,0
47,633,48,2,1
47,640,48,2,1
47,644,48,2,1
47,653,22,0,2
47,689,48,2,1
47,692,46,1,2
47,701,46,1,2
47,702,72,3,0
47,710,22,0,2
47,715,72,3,0
47,717,46,1,2
48,626,73,3,0
48,633,23,0,2
48,640,73,3,0
48,644,23,0,2
48,653,23,0,2
48,689,73,3,0
48,692,49,2,1
48,701,49,2,1
48,717,47,1,2
49,626,48,1,2
49,633,24,0,2
49,640,74,3,0
49,644,24,0,2
49,653,48,1,2
49,689,74,3,0
49,702,48,1,2
49,710,48,1,2
49,715,48,1,2
49,717,48,1,2
50,626,74,3,2
50,633,75,2,0
50,640,75,2,0
50,653,74,3,2
50,689,75,2,0
50,715,74,3,2
50,717,74,3,2
51,626,50,1,1
51,653,50,1,1
51,715,50,1,1
52,626,51,1,2
52,653,51,1,2
55,626,56,2,1
55,653,56,2,1
56,626,57,2,1
56,653,57,2,1
56,715,57,2,1
57,626,58,2,1
57,633,82,3,0
57,640,82,3,0
57,653,58,2,1
57,689,82,3,0
57,715,58,2,1
57,717,58,2,1
58,626,59,2,1
58,633,83,3,0
58,640,83,3,0
58,644,83,3,0
58,653,59,2,1
58,689,83,3,0
58,702,59,2,1
58,710,59,2,1
58,715,59,2,1
58,717,59,2,1
59,626,60,2,1
59,633,84,3,0
59,640,84,3,0
59,644,84,3,0
59,653,60,2,1
59,689,84,3,0
59,692,60,2,1
59,701,60,2,1
59,702,60,2,1
59,710,60,2,1
59,715,60,2,1
59,717,60,2,1
60,640,85,3,0
60,653,35,0,3
60,689,85,3,0
60,701,701,80,0
60,702,61,2,1
60,717,35,0,3
61,626,86,3,0
61,633,60,1,2
61,640,60,1,2
61,644,60,1,2
61,653,36,0,3
61,689,60,1,2
61,702,62,2,1
61,710,36,0,3
61,715,86,3,0
61,717,36,0,3
62,626,87,3,0
62,633,61,1,2
62,640,61,1,2
62,644,61,1,2
62,653,37,0,3
62,689,61,1,2
62,702,702,81,0
62,710,37,0,3
62,715,87,3,0
62,717,37,0,3
63,626,88,3,0
63,633,62,1,2
63,640,62,1,2
63,653,38,0,3
63,689,62,1,2
63,715,88,3,0
63,717,38,0,3
64,626,89,3,0
64,653,39,0,3
64,715,89,3,0
65,626,90,3,0
65,653,40,0,3
68,626,93,3,0
68,653,43,0,3
69,626,94,3,0
69,653,44,0,3
69,715,94,3,0
70,626,95,3,0
70,633,71,2,1
70,640,71,2,1
70,653,45,0,3
70,689,71,2,1
70,715,95,3,0
70,717,45,0,3
71,626,96,3,0
71,633,72,2,1
71,640,72,2,1
71,644,72,2,1
71,653,46,0,3
71,689,72,2,1
71,702,70,1,2
71,710,46,0,3
71,715,96,3,0
71,717,46,0,3
72,626,97,3,0
72,633,73,2,1
72,640,73,2,1
72,644,73,2,1
72,653,47,0,3
72,689,73,2,1
72,692,71,1,2
72,701,71,1,2
72,702,71,1,2
72,710,47,0,3
72,715,97,3,0
72,717,47,0,3
73,640,98,3,0
73,653,48,0,3
73,689,98,3,0
73,692,74,2,1
73,701,74,2,1
73,702,72,1,2
73,717,48,0,3
74,626,73,1,2
74,633,99,3,0
74,640,99,3,0
74,644,99,3,0
74,653,73,1,2
74,689,99,3,0
74,702,73,1,2
74,710,73,1,2
74,715,73,1,2
74,717,73,1,2
75,626,99,3,2
75,633,100,2,0
75,640,100,2,0
75,653,99,3,2
75,689,100,2,0
75,715,99,3,2
75,717,99,3,2
76,626,75,1,1
76,653,75,1,1
76,715,75,1,1
77,626,76,1,2
77,653,76,1,2
80,626,81,2,1
80,653,81,2,1
81,626,82,2,1
81,653,82,2,1
81,715,82,2,1
82,626,83,2,1
82,633,107,3,0
82,640,107,3,0
82,653,83,2,1
82,689,107,3,0
82,715,83,2,1
82,717,83,2,1
83,626,84,2,1
83,633,108,3,0
83,640,108,3,0
83,644,108,3,0
83,653,84,2,1
83,689,108,3,0
83,702,84,2,1
83,710,84,2,1
83,715,84,2,1
83,717,84,2,1
84,626,85,2,1
84,633,109,3,0
84,640,109,3,0
84,644,109,3,0
84,653,85,2,1
84,689,109,3,0
84,692,85,2,1
84,701,85,2,1
84,702,85,2,1
84,710,85,2,1
84,715,85,2,1
84,717,85,2,1
85,626,86,2,1
85,640,110,3,0
85,653,60,0,3
85,689,110,3,0
85,692,692,71,0
85,701,60,0,3
85,702,60,0,3
85,715,86,2,1
85,717,60,0,3
86,626,87,2,1
86,633,85,1,2
86,640,85,1,2
86,644,85,1,2
86,653,61,0,3
86,689,85,1,2
86,702,61,0,3
86,710,61,0,3
86,715,87,2,1
86,717,61,0,3
87,626,88,2,1
87,633,86,1,2
87,640,86,1,2
87,644,86,1,2
87,653,62,0,3
87,689,86,1,2
87,702,62,0,3
87,710,62,0,3
87,715,88,2,1
87,717,62,0,3
88,626,89,2,1
88,633,87,1,2
88,640,87,1,2
88,653,63,0,3
88,689,87,1,2
88,715,89,2,1
88,717,63,0,3
89,626,90,2,1
89,653,64,0,3
89,715,715,94,0
90,626,626,5,0
90,653,65,0,3
93,626,92,1,2
93,653,68,0,3
94,626,93,1,2
94,653,69,0,3
94,715,93,1,2
95,626,94,1,2
95,633,96,2,1
95,640,96,2,1
95,653,70,0,3
95,689,96,2,1
95,715,94,1,2
95,717,70,0,3
96,626,95,1,2
96,633,97,2,1
96,640,97,2,1
96,644,97,2,1
96,653,71,0,3
96,689,97,2,1
96,702,71,0,3
96,710,71,0,3
96,715,95,1,2
96,717,71,0,3
97,626,96,1,2
97,633,98,2,1
97,640,98,2,1
97,644,98,2,1
97,653,72,0,3
97,689,98,2,1
97,692,96,1,2
97,701,96,1,2
97,702,72,0,3
97,710,72,0,3
97,715,96,1,2
97,717,72,0,3
98,626,97,1,2
98,640,123,3,0
98,653,73,0,3
98,689,123,3,0
98,692,99,2,1
98,701,99,2,1
98,702,73,0,3
98,715,97,1,2
98,717,73,0,3
99,626,98,1,2
99,633,124,3,0
99,640,124,3,0
99,644,124,3,0
99,653,98,1,2
99,689,124,3,0
99,702,98,1,2
99,710,98,1,2
99,715,98,1,2
99,717,98,1,2
100,626,124,3,2
100,633,125,2,0
100,640,125,2,0
100,653,124,3,2
100,689,125,2,0
100,715,124,3,2
100,717,124,3,2
101,626,100,1,1
101,653,100,1,1
101,715,100,1,1
102,626,101,1,2
102,653,101,1,2
105,626,106,2,1
105,653,106,2,1
106,626,107,2,1
106,653,107,2,1
106,715,107,2,1
107,626,108,2,1
107,633,132,3,0
107,640,132,3,0
107,653,108,2,1
107,689,132,3,0
107,715,108,2,1
107,717,108,2,1
108,626,109,2,1
108,633,133,3,0
108,640,133,3,0
108,644,133,3,0
108,653,109,2,1
108,689,133,3,0
108,702,109,2,1
108,710,109,2,1
108,715,109,2,1
108,717,109,2,1
109,626,110,2,1
109,633,134,3,0
109,640,134,3,0
109,644,134,3,0
109,653,110,2,1
109,689,134,3,0
109,692,110,2,1
109,701,110,2,1
109,702,110,2,1
109,710,110,2,1
109,715,110,2,1
109,717,110,2,1
110,626,85,0,3
110,640,135,3,0
110,653,85,0,3
110,689,135,3,0
110,692,85,0,3
110,701,85,0,3
110,702,85,0,3
110,710,135,3,0
110,715,85,0,3
110,717,85,0,3
111,626,86,0,3
111,633,110,1,2
111,640,110,1,2
111,644,110,1,2
111,653,86,0,3
111,689,110,1,2
111,702,86,0,3
111,710,136,3,0
111,715,86,0,3
111,717,86,0,3
112,626,87,0,3
112,633,111,1,2
112,640,111,1,2
112,644,111,1,2
112,653,87,0,3
112,689,111,1,2
112,702,87,0,3
112,710,137,3,0
112,715,87,0,3
112,717,87,0,3
113,626,88,0,3
113,633,112,1,2
113,640,112,1,2
113,653,88,0,3
113,689,112,1,2
113,715,88,0,3
113,717,88,0,3
114,626,89,0,3
114,653,89,0,3
114,715,89,0,3
115,626,90,0,3
115,653,90,0,3
118,626,93,0,3
118,653,93,0,3
119,626,94,0,3
119,653,94,0,3
119,715,94,0,3
120,626,95,0,3
120,633,121,2,1
120,640,121,2,1
120,653,95,0,3
120,689,121,2,1
120,715,95,0,3
120,717,95,0,3
121,626,96,0,3
121,633,122,2,1
121,640,122,2,1
121,644,122,2,1
121,653,96,0,3
121,689,122,2,1
121,702,96,0,3
121,710,146,3,0
121,715,96,0,3
121,717,96,0,3
122,626,97,0,3
122,633,123,2,1
122,640,123,2,1
122,644,123,2,1
122,653,97,0,3
122,689,123,2,1
122,692,121,1,2
122,701,121,1,2
122,702,97,0,3
122,710,147,3,0
122,715,97,0,3
122,717,97,0,3
123,626,98,0,3
123,640,148,3,0
123,653,98,0,3
123,689,148,3,0
123,692,124,2,1
123,702,98,0,3
123,710,148,3,0
123,715,98,0,3
123,717,98,0,3
124,626,123,1,2
124,633,149,3,0
124,640,149,3,0
124,644,149,3,0
124,653,123,1,2
124,689,149,3,0
124,702,123,1,2
124,710,123,1,2
124,715,123,1,2
124,717,123,1,2
125,626,149,3,2
125,633,150,2,0
125,640,150,2,0
125,653,149,3,2
125,689,150,2,0
125,715,149,3,2
125,717,149,3,2
126,626,125,1,1
126,653,125,1,1
126,715,125,1,1
127,626,126,1,2
127,653,126,1,2
130,626,131,2,1
130,653,131,2,1
131,626,132,2,1
131,653,132,2,1
131,715,132,2,1
132,626,133,2,1
132,633,157,3,0
132,640,157,3,0
132,653,133,2,1
132,689,157,3,0
132,715,133,2,1
132,717,133,2,1
133,626,134,2,1
133,633,158,3,0
133,640,158,3,0
133,644,158,3,0
133,653,134,2,1
133,689,158,3,0
133,702,134,2,1
133,710,134,2,1
133,715,134,2,1
133,717,134,2,1
134,626,135,2,1
134,633,159,3,0
134,640,159,3,0
134,644,159,3,0
134,653,135,2,1
134,689,159,3,0
134,692,135,2,1
134,701,135,2,1
134,702,135,2,1
134,710,135,2,1
134,715,135,2,1
134,717,135,2,1
135,626,110,0,3
135,640,160,3,0
135,653,110,0,3
135,689,160,3,0
135,692,110,0,3
135,702,110,0,3
135,710,160,3,0
135,715,110,0,3
135,717,110,0,3
136,626,111,0,3
136,633,135,1,2
136,640,135,1,2
136,644,135,1,2
136,653,111,0,3
136,689,135,1,2
136,702,111,0,3
136,710,161,3,0
136,715,111,0,3
136,717,111,0,3
137,626,112,0,3
137,633,136,1,2
137,640,136,1,2
137,644,136,1,2
137,653,112,0,3
137,689,136,1,2
137,702,112,0,3
137,710,162,3,0
137,715,112,0,3
137,717,112,0,3
138,626,113,0,3
138,633,137,1,2
138,640,137,1,2
138,653,113,0,3
138,689,137,1,2
138,715,113,0,3
138,717,113,0,3
139,626,114,0,3
139,653,114,0,3
139,715,114,0,3
140,626,115,0,3
140,653,115,0,3
143,626,118,0,3
143,653,118,0,3
144,626,119,0,3
144,653,119,0,3
144,715,119,0,3
145,626,120,0,3
145,633,146,2,1
145,640,146,2,1
145,653,120,0,3
145,689,146,2,1
145,715,120,0,3
145,717,120,0,3
146,626,121,0,3
146,633,147,2,1
146,640,147,2,1
146,644,147,2,1
146,653,121,0,3
146,689,147,2,1
146,702,121,0,3
146,710,171,3,0
146,715,121,0,3
146,717,121,0,3
147,626,122,0,3
147,633,148,2,1
147,640,148,2,1
147,644,148,2,1
147,653,122,0,3
147,689,148,2,1
147,692,146,1,2
147,701,146,1,2
147,702,122,0,3
147,710,172,3,0
147,715,122,0,3
147,717,122,0,3
148,626,123,0,3
148,640,173,3,0
148,653,123,0,3
148,689,173,3,0
148,701,149,2,1
148,702,123,0,3
148,710,173,3,0
148,715,123,0,3
148,717,123,0,3
149,626,148,1,2
149,633,174,3,0
149,640,174,3,0
149,644,174,3,0
149,653,148,1,2
149,689,174,3,0
149,702,148,1,2
149,710,148,1,2
149,715,148,1,2
149,717,148,1,2
150,626,174,3,2
150,633,175,2,0
150,640,175,2,0
150,653,174,3,2
150,689,151,1,1
150,715,174,3,2
150,717,174,3,2
151,626,150,1,1
151,653,150,1,1
151,715,150,1,1
152,626,151,1,2
152,653,151,1,2
155,626,156,2,1
155,653,156,2,1
156,626,157,2,1
156,653,157,2,1
156,715,157,2,1
157,626,158,2,1
157,633,182,3,0
157,640,182,3,0
157,653,158,2,1
157,689,689,68,0
157,715,158,2,1
157,717,158,2,1
158,626,159,2,1
158,633,183,3,0
158,640,183,3,0
158,644,183,3,0
158,653,159,2,1
158,689,157,1,2
158,702,159,2,1
158,710,159,2,1
158,715,159,2,1
158,717,159,2,1
159,626,160,2,1
159,633,184,3,0
159,640,184,3,0
159,644,184,3,0
159,653,160,2,1
159,689,158,1,2
159,692,160,2,1
159,701,160,2,1
159,702,160,2,1
159,710,160,2,1
159,715,160,2,1
159,717,160,2,1
160,626,135,0,3
160,633,185,3,0
160,640,185,3,0
160,653,135,0,3
160,689,159,1,2
160,702,135,0,3
160,710,185,3,0
160,715,135,0,3
160,717,135,0,3
161,626,136,0,3
161,633,160,1,2
161,640,160,1,2
161,644,160,1,2
161,653,136,0,3
161,689,160,1,2
161,702,136,0,3
161,710,186,3,0
161,715,136,0,3
161,717,136,0,3
162,626,137,0,3
162,633,161,1,2
162,640,161,1,2
162,644,161,1,2
162,653,137,0,3
162,689,161,1,2
162,702,137,0,3
162,710,187,3,0
162,715,137,0,3
162,717,137,0,3
163,626,138,0,3
163,633,162,1,2
163,640,162,1,2
163,653,138,0,3
163,689,162,1,2
163,715,138,0,3
163,717,138,0,3
164,626,139,0,3
164,653,139,0,3
164,715,139,0,3
165,626,140,0,3
165,653,140,0,3
168,626,143,0,3
168,653,143,0,3
169,626,144,0,3
169,653,144,0,3
169,715,144,0,3
170,626,145,0,3
170,633,171,2,1
170,640,171,2,1
170,653,145,0,3
170,689,171,2,1
170,715,145,0,3
170,717,145,0,3
171,626,146,0,3
171,633,172,2,1
171,640,172,2,1
171,644,172,2,1
171,653,146,0,3
171,689,172,2,1
171,702,146,0,3
171,710,196,3,0
171,715,146,0,3
171,717,146,0,3
172,626,147,0,3
172,633,173,2,1
172,640,173,2,1
172,644,173,2,1
172,653,147,0,3
172,689,173,2,1
172,692,171,1,2
172,701,171,1,2
172,702,147,0,3
172,710,197,3,0
172,715,147,0,3
172,717,147,0,3
173,626,148,0,3
173,633,198,3,0
173,640,198,3,0
173,653,148,0,3
173,689,174,2,1
173,692,174,2,1
173,701,174,2,1
173,702,148,0,3
173,710,198,3,0
173,715,148,0,3
173,717,148,0,3
174,626,173,1,2
174,633,199,3,0
174,640,199,3,0
174,644,199,3,0
174,653,173,1,2
174,689,150,2,3
174,702,173,1,2
174,710,173,1,2
174,715,173,1,2
174,717,173,1,2
175,626,199,3,2
175,633,200,2,0
175,640,200,2,0
175,653,199,3,2
175,689,150,0,2
175,715,199,3,2
175,717,199,3,2
176,626,175,1,1
176,653,175,1,1
176,715,175,1,1
177,626,176,1,2
177,653,176,1,2
180,626,181,2,1
180,653,181,2,1
181,626,182,2,1
181,653,182,2,1
181,715,182,2,1
182,626,183,2,1
182,633,207,3,0
182,640,207,3,0
182,653,183,2,1
182,689,157,0,3
182,715,183,2,1
182,717,183,2,1
183,626,184,2,1
183,633,208,3,0
183,640,208,3,0
183,644,208,3,0
183,653,184,2,1
183,689,158,0,3
183,702,184,2,1
183,710,184,2,1
183,715,184,2,1
183,717,184,2,1
184,626,185,2,1
184,633,209,3,0
184,640,209,3,0
184,644,209,3,0
184,653,185,2,1
184,689,159,0,3
184,692,185,2,1
184,701,185,2,1
184,702,185,2,1
184,710,185,2,1
184,715,185,2,1
184,717,185,2,1
185,626,160,0,3
185,633,210,3,0
185,640,210,3,0
185,702,160,0,3
185,710,210,3,0
185,715,160,0,3
185,717,160,0,3
186,626,161,0,3
186,633,185,1,2
186,640,185,1,2
186,644,185,1,2
186,653,161,0,3
186,689,185,1,2
186,702,161,0,3
186,710,211,3,0
186,715,161,0,3
186,717,161,0,3
187,626,162,0,3
187,633,186,1,2
187,640,186,1,2
187,644,186,1,2
187,653,162,0,3
187,689,186,1,2
187,702,162,0,3
187,710,212,3,0
187,715,162,0,3
187,717,162,0,3
188,626,163,0,3
188,633,187,1,2
188,640,187,1,2
188,653,163,0,3
188,689,187,1,2
188,715,163,0,3
188,717,163,0,3
189,626,164,0,3
189,653,164,0,3
189,715,164,0,3
190,626,165,0,3
190,653,165,0,3
193,626,168,0,3
193,653,168,0,3
194,626,169,0,3
194,653,169,0,3
194,715,169,0,3
195,626,170,0,3
195,633,196,2,1
195,640,196,2,1
195,653,170,0,3
195,689,196,2,1
195,715,170,0,3
195,717,170,0,3
196,626,171,0,3
196,633,197,2,1
196,640,197,2,1
196,644,197,2,1
196,653,171,0,3
196,689,197,2,1
196,702,171,0,3
196,710,221,3,0
196,715,171,0,3
196,717,171,0,3
197,626,172,0,3
197,633,198,2,1
197,640,198,2,1
197,644,198,2,1
197,653,172,0,3
197,689,198,2,1
197,692,196,1,2
197,701,196,1,2
197,702,172,0,3
197,710,222,3,0
197,715,172,0,3
197,717,172,0,3
198,626,173,0,3
198,633,223,3,0
198,640,223,3,0
198,692,199,2,1
198,701,199,2,1
198,702,173,0,3
198,710,223,3,0
198,715,173,0,3
198,717,173,0,3
199,626,198,1,2
199,633,224,3,0
199,640,224,3,0
199,644,224,3,0
199,653,198,1,2
199,689,174,0,3
199,702,198,1,2
199,710,198,1,2
199,715,198,1,2
199,717,198,1,2
200,626,224,3,2
200,633,225,2,0
200,640,201,1,1
200,653,224,3,2
200,689,175,0,2
200,715,224,3,2
200,717,224,3,2
201,626,200,1,1
201,653,200,1,1
201,715,200,1,1
202,626,201,1,2
202,653,201,1,2
205,626,206,2,1
205,653,206,2,1
206,626,207,2,1
206,653,207,2,1
206,715,207,2,1
207,626,208,2,1
207,633,232,3,0
207,640,640,19,0
207,653,208,2,1
207,689,182,0,3
207,715,208,2,1
207,717,208,2,1
208,626,209,2,1
208,633,233,3,0
208,640,207,1,2
208,644,233,3,0
208,653,209,2,1
208,689,183,0,3
208,702,209,2,1
208,710,209,2,1
208,715,209,2,1
208,717,209,2,1
209,626,210,2,1
209,633,234,3,0
209,640,208,1,2
209,644,234,3,0
209,653,210,2,1
209,689,184,0,3
209,692,210,2,1
209,701,210,2,1
209,702,210,2,1
209,710,210,2,1
209,715,210,2,1
209,717,210,2,1
210,626,185,0,3
210,633,235,3,0
210,640,209,1,2
210,653,235,3,0
210,702,185,0,3
210,710,235,3,0
210,715,185,0,3
210,717,185,0,3
211,626,186,0,3
211,633,210,1,2
211,640,210,1,2
211,644,210,1,2
211,653,236,3,0
211,689,210,1,2
211,702,186,0,3
211,710,236,3,0
211,715,186,0,3
211,717,186,0,3
212,626,187,0,3
212,633,211,1,2
212,640,211,1,2
212,644,211,1,2
212,653,237,3,0
212,689,211,1,2
212,702,187,0,3
212,710,237,3,0
212,715,187,0,3
212,717,187,0,3
213,626,188,0,3
213,633,212,1,2
213,640,212,1,2
213,653,238,3,0
213,689,212,1,2
213,715,188,0,3
213,717,188,0,3
214,626,189,0,3
214,653,239,3,0
214,715,189,0,3
215,626,190,0,3
215,653,240,3,0
218,626,193,0,3
218,653,243,3,0
219,626,194,0,3
219,653,244,3,0
219,715,194,0,3
220,626,195,0,3
220,633,221,2,1
220,640,221,2,1
220,653,245,3,0
220,689,221,2,1
220,715,195,0,3
220,717,195,0,3
221,626,196,0,3
221,633,222,2,1
221,640,222,2,1
221,644,222,2,1
221,653,246,3,0
221,689,222,2,1
221,702,196,0,3
221,710,246,3,0
221,715,196,0,3
221,717,196,0,3
222,626,197,0,3
222,633,223,2,1
222,640,223,2,1
222,644,223,2,1
222,653,247,3,0
222,689,223,2,1
222,692,221,1,2
222,701,221,1,2
222,702,197,0,3
222,710,247,3,0
222,715,197,0,3
222,717,197,0,3
223,626,198,0,3
223,633,248,3,0
223,640,224,2,1
223,653,248,3,0
223,692,224,2,1
223,701,224,2,1
223,702,198,0,3
223,710,248,3,0
223,715,198,0,3
223,717,198,0,3
224,626,223,1,2
224,633,249,3,0
224,640,200,2,3
224,644,249,3,0
224,653,223,1,2
224,689,199,0,3
224,702,223,1,2
224,710,223,1,2
224,715,223,1,2
224,717,223,1,2
225,626,249,3,2
225,633,250,2,0
225,640,200,0,2
225,653,249,3,2
225,689,200,0,2
225,715,249,3,2
225,717,249,3,2
226,626,225,1,1
226,653,225,1,1
226,715,225,1,1
227,626,226,1,2
227,653,226,1,2
230,626,231,2,1
230,653,231,2,1
231,626,232,2,1
231,653,232,2,1
231,715,232,2,1
232,626,233,2,1
232,633,257,3,0
232,640,207,0,3
232,653,233,2,1
232,689,207,0,3
232,715,233,2,1
232,717,233,2,1
233,626,234,2,1
233,633,258,3,0
233,640,208,0,3
233,644,258,3,0
233,653,234,2,1
233,689,208,0,3
233,702,234,2,1
233,710,234,2,1
233,715,234,2,1
233,717,234,2,1
234,626,235,2,1
234,633,259,3,0
234,640,209,0,3
234,644,259,3,0
234,653,235,2,1
234,689,209,0,3
234,692,235,2,1
234,701,235,2,1
234,702,235,2,1
234,710,235,2,1
234,715,235,2,1
234,717,235,2,1
235,626,210,0,3
235,633,260,3,0
235,644,260,3,0
235,653,260,3,0
235,710,260,3,0
235,715,210,0,3
235,717,210,0,3
236,626,211,0,3
236,633,235,1,2
236,640,235,1,2
236,644,235,1,2
236,653,261,3,0
236,689,235,1,2
236,702,211,0,3
236,710,261,3,0
236,715,211,0,3
236,717,211,0,3
237,626,212,0,3
237,633,236,1,2
237,640,236,1,2
237,644,236,1,2
237,653,262,3,0
237,689,236,1,2
237,702,212,0,3
237,710,262,3,0
237,715,212,0,3
237,717,212,0,3
238,626,213,0,3
238,633,237,1,2
238,640,237,1,2
238,653,263,3,0
238,689,237,1,2
238,715,213,0,3
238,717,213,0,3
239,626,214,0,3
239,653,264,3,0
239,715,214,0,3
240,626,215,0,3
240,653,265,3,0
243,626,218,0,3
243,653,268,3,0
244,626,219,0,3
244,653,269,3,0
244,715,219,0,3
245,626,220,0,3
245,633,246,2,1
245,640,246,2,1
245,653,270,3,0
245,689,246,2,1
245,715,220,0,3
245,717,220,0,3
246,626,221,0,3
246,633,247,2,1
246,640,247,2,1
246,644,247,2,1
246,653,271,3,0
246,689,247,2,1
246,702,221,0,3
246,710,271,3,0
246,715,221,0,3
246,717,221,0,3
247,626,222,0,3
247,633,248,2,1
247,640,248,2,1
247,644,248,2,1
247,653,272,3,0
247,689,248,2,1
247,692,246,1,2
247,701,246,1,2
247,702,222,0,3
247,710,272,3,0
247,715,222,0,3
247,717,222,0,3
248,626,223,0,3
248,633,273,3,0
248,644,273,3,0
248,653,273,3,0
248,692,249,2,1
248,701,249,2,1
248,710,273,3,0
248,715,223,0,3
248,717,223,0,3
249,626,248,1,2
249,633,274,3,0
249,640,224,0,3
249,644,274,3,0
249,653,248,1,2
249,689,224,0,3
249,702,248,1,2
249,710,248,1,2
249,715,248,1,2
249,717,248,1,2
250,626,274,3,2
250,633,275,2,0
250,640,225,0,2
250,653,274,3,2
250,689,225,0,2
250,715,274,3,2
250,717,274,3,2
251,626,250,1,1
251,653,250,1,1
251,715,250,1,1
252,626,251,1,2
252,653,251,1,2
255,626,256,2,1
255,653,256,2,1
256,626,257,2,1
256,653,257,2,1
256,715,257,2,1
257,626,258,2,1
257,633,282,3,0
257,640,232,0,3
257,653,258,2,1
257,689,232,0,3
257,715,258,2,1
257,717,258,2,1
258,626,259,2,1
258,633,283,3,0
258,640,233,0,3
258,644,283,3,0
258,653,259,2,1
258,689,233,0,3
258,702,259,2,1
258,710,259,2,1
258,715,259,2,1
258,717,259,2,1
259,626,260,2,1
259,633,284,3,0
259,640,234,0,3
259,644,284,3,0
259,653,260,2,1
259,689,234,0,3
259,692,260,2,1
259,701,260,2,1
259,702,260,2,1
259,710,260,2,1
259,715,260,2,1
259,717,260,2,1
260,626,235,0,3
260,633,285,3,0
260,644,285,3,0
260,653,285,3,0
260,715,235,0,3
261,626,236,0,3
261,633,260,1,2
261,640,260,1,2
261,644,260,1,2
261,653,286,3,0
261,689,260,1,2
261,702,236,0,3
261,710,286,3,0
261,715,236,0,3
261,717,236,0,3
262,626,237,0,3
262,633,261,1,2
262,640,261,1,2
262,644,261,1,2
262,653,287,3,0
262,689,261,1,2
262,702,237,0,3
262,710,287,3,0
262,715,237,0,3
262,717,237,0,3
263,626,238,0,3
263,633,262,1,2
263,640,262,1,2
263,653,288,3,0
263,689,262,1,2
263,715,238,0,3
263,717,238,0,3
264,626,239,0,3
264,653,289,3,0
264,715,239,0,3
265,626,240,0,3
265,653,290,3,0
268,626,243,0,3
268,653,293,3,0
269,626,244,0,3
269,653,294,3,0
269,715,244,0,3
270,626,245,0,3
270,633,271,2,1
270,640,271,2,1
270,653,295,3,0
270,689,271,2,1
270,715,245,0,3
270,717,245,0,3
271,626,246,0,3
271,633,272,2,1
271,640,272,2,1
271,644,272,2,1
271,653,296,3,0
271,689,272,2,1
271,702,246,0,3
271,710,296,3,0
271,715,246,0,3
271,717,246,0,3
272,626,247,0,3
272,633,273,2,1
272,640,273,2,1
272,644,273,2,1
272,653,297,3,0
272,689,273,2,1
272,692,271,1,2
272,701,271,1,2
272,702,247,0,3
272,710,297,3,0
272,715,247,0,3
272,717,247,0,3
273,626,248,0,3
273,633,298,3,0
273,644,298,3,0
273,653,298,3,0
273,692,274,2,1
273,701,274,2,1
273,715,248,0,3
274,626,273,1,2
274,633,299,3,0
274,640,249,0,3
274,644,299,3,0
274,653,273,1,2
274,689,249,0,3
274,702,273,1,2
274,710,273,1,2
274,715,273,1,2
274,717,273,1,2
275,626,299,3,2
275,633,300,2,0
275,640,250,0,2
275,653,299,3,2
275,689,250,0,2
275,715,299,3,2
275,717,299,3,2
276,626,275,1,1
276,653,275,1,1
276,715,275,1,1
277,626,276,1,2
277,653,276,1,2
280,626,281,2,1
280,653,281,2,1
281,626,282,2,1
281,653,282,2,1
281,715,282,2,1
282,626,283,2,1
282,633,307,3,0
282,640,257,0,3
282,653,283,2,1
282,689,257,0,3
282,715,283,2,1
282,717,283,2,1
283,626,284,2,1
283,633,308,3,0
283,640,258,0,3
283,644,308,3,0
283,653,284,2,1
283,689,258,0,3
283,702,284,2,1
283,710,284,2,1
283,715,284,2,1
283,717,284,2,1
284,626,285,2,1
284,633,309,3,0
284,640,259,0,3
284,644,309,3,0
284,653,285,2,1
284,689,259,0,3
284,692,285,2,1
284,701,285,2,1
284,702,285,2,1
284,710,285,2,1
284,715,285,2,1
284,717,285,2,1
285,626,260,0,3
285,633,310,3,0
285,644,310,3,0
285,653,310,3,0
285,689,260,0,3
285,715,260,0,3
286,626,261,0,3
286,633,285,1,2
286,640,285,1,2
286,644,285,1,2
286,653,311,3,0
286,689,285,1,2
286,702,261,0,3
286,710,311,3,0
286,715,261,0,3
286,717,261,0,3
287,626,262,0,3
287,633,286,1,2
287,640,286,1,2
287,644,286,1,2
287,653,312,3,0
287,689,286,1,2
287,702,262,0,3
287,710,312,3,0
287,715,262,0,3
287,717,262,0,3
288,626,263,0,3
288,633,287,1,2
288,640,287,1,2
288,653,313,3,0
288,689,287,1,2
288,715,263,0,3
288,717,263,0,3
289,626,264,0,3
289,653,314,3,0
289,715,264,0,3
290,626,265,0,3
290,653,315,3,0
293,626,268,0,3
293,653,318,3,0
294,626,269,0,3
294,653,319,3,0
294,715,269,0,3
295,626,270,0,3
295,633,296,2,1
295,640,296,2,1
295,653,320,3,0
295,689,296,2,1
295,715,270,0,3
295,717,270,0,3
296,626,271,0,3
296,633,297,2,1
296,640,297,2,1
296,644,297,2,1
296,653,321,3,0
296,689,297,2,1
296,702,271,0,3
296,710,321,3,0
296,715,271,0,3
296,717,271,0,3
297,626,272,0,3
297,633,298,2,1
297,640,298,2,1
297,644,298,2,1
297,653,322,3,0
297,689,298,2,1
297,692,296,1,2
297,701,296,1,2
297,702,272,0,3
297,710,322,3,0
297,715,272,0,3
297,717,272,0,3
298,626,273,0,3
298,633,323,3,0
298,644,323,3,0
298,653,323,3,0
298,689,273,0,3
298,692,299,2,1
298,701,299,2,1
298,715,273,0,3
299,626,298,1,2
299,633,324,3,0
299,640,274,0,3
299,644,324,3,0
299,653,298,1,2
299,689,274,0,3
299,702,298,1,2
299,710,298,1,2
299,715,298,1,2
299,717,298,1,2
300,626,324,3,2
300,633,325,2,0
300,640,275,0,2
300,653,324,3,2
300,689,275,0,2
300,715,324,3,2
300,717,324,3,2
301,626,300,1,1
301,653,300,1,1
301,715,300,1,1
302,626,301,1,2
302,653,301,1,2
305,626,306,2,1
305,653,306,2,1
306,626,307,2,1
306,653,307,2,1
306,715,307,2,1
307,626,308,2,1
307,633,332,3,0
307,640,282,0,3
307,653,308,2,1
307,689,282,0,3
307,715,308,2,1
307,717,308,2,1
308,626,309,2,1
308,633,333,3,0
308,640,283,0,3
308,644,333,3,0
308,653,309,2,1
308,689,283,0,3
308,702,309,2,1
308,710,309,2,1
308,715,309,2,1
308,717,309,2,1
309,626,310,2,1
309,633,334,3,0
309,640,284,0,3
309,644,334,3,0
309,653,310,2,1
309,689,284,0,3
309,692,310,2,1
309,701,310,2,1
309,702,310,2,1
309,710,310,2,1
309,715,310,2,1
309,717,310,2,1
310,626,285,0,3
310,633,335,3,0
310,644,335,3,0
310,653,335,3,0
310,689,285,0,3
310,715,285,0,3
311,626,286,0,3
311,633,310,1,2
311,640,310,1,2
311,644,310,1,2
311,653,336,3,0
311,689,310,1,2
311,702,286,0,3
311,710,336,3,0
311,715,286,0,3
311,717,286,0,3
312,626,287,0,3
312,633,311,1,2
312,640,311,1,2
312,644,311,1,2
312,653,337,3,0
312,689,311,1,2
312,702,287,0,3
312,710,337,3,0
312,715,287,0,3
312,717,287,0,3
313,626,288,0,3
313,633,312,1,2
313,640,312,1,2
313,653,338,3,0
313,689,312,1,2
313,715,288,0,3
313,717,288,0,3
314,626,289,0,3
314,653,339,3,0
314,715,289,0,3
315,626,290,0,3
315,653,340,3,0
318,626,293,0,3
318,653,343,3,0
319,626,294,0,3
319,653,344,3,0
319,715,294,0,3
320,626,295,0,3
320,633,321,2,1
320,640,321,2,1
320,653,345,3,0
320,689,321,2,1
320,715,295,0,3
320,717,295,0,3
321,626,296,0,3
321,633,322,2,1
321,640,322,2,1
321,644,322,2,1
321,653,346,3,0
321,689,322,2,1
321,702,296,0,3
321,710,346,3,0
321,715,296,0,3
321,717,296,0,3
322,626,297,0,3
322,633,323,2,1
322,640,323,2,1
322,644,323,2,1
322,653,347,3,0
322,689,323,2,1
322,692,321,1,2
322,701,321,1,2
322,702,297,0,3
322,710,347,3,0
322,715,297,0,3
322,717,297,0,3
323,626,298,0,3
323,633,348,3,0
323,644,348,3,0
323,653,348,3,0
323,689,298,0,3
323,692,324,2,1
323,701,324,2,1
323,715,298,0,3
324,626,323,1,2
324,633,349,3,0
324,640,299,0,3
324,644,349,3,0
324,653,323,1,2
324,689,299,0,3
324,702,323,1,2
324,710,323,1,2
324,715,323,1,2
324,717,323,1,2
325,626,349,3,2
325,633,350,2,0
325,640,300,0,2
325,653,349,3,2
325,689,300,0,2
325,715,349,3,2
325,717,349,3,2
326,626,325,1,1
326,653,325,1,1
326,715,325,1,1
327,626,326,1,2
327,653,326,1,2
330,626,331,2,1
330,653,331,2,1
331,626,332,2,1
331,653,332,2,1
331,715,332,2,1
332,626,333,2,1
332,633,357,3,0
332,640,307,0,3
332,653,333,2,1
332,689,307,0,3
332,715,333,2,1
332,717,333,2,1
333,626,334,2,1
333,633,358,3,0
333,640,308,0,3
333,644,358,3,0
333,653,334,2,1
333,689,308,0,3
333,702,334,2,1
333,710,334,2,1
333,715,334,2,1
333,717,334,2,1
334,626,335,2,1
334,633,359,3,0
334,640,309,0,3
334,644,359,3,0
334,653,335,2,1
334,689,309,0,3
334,692,335,2,1
334,701,335,2,1
334,702,335,2,1
334,710,335,2,1
334,715,335,2,1
334,717,335,2,1
335,626,310,0,3
335,633,360,3,0
335,640,310,0,3
335,644,360,3,0
335,653,360,3,0
335,689,310,0,3
335,715,310,0,3
336,626,311,0,3
336,633,335,1,2
336,640,335,1,2
336,644,335,1,2
336,653,361,3,0
336,689,335,1,2
336,702,311,0,3
336,710,361,3,0
336,715,311,0,3
336,717,311,0,3
337,626,312,0,3
337,633,336,1,2
337,640,336,1,2
337,644,336,1,2
337,653,362,3,0
337,689,336,1,2
337,702,312,0,3
337,710,362,3,0
337,715,312,0,3
337,717,312,0,3
338,626,313,0,3
338,633,337,1,2
338,640,337,1,2
338,653,363,3,0
338,689,337,1,2
338,715,313,0,3
338,717,313,0,3
339,626,314,0,3
339,653,364,3,0
339,715,314,0,3
340,626,315,0,3
340,653,365,3,0
343,626,318,0,3
343,653,368,3,0
344,626,319,0,3
344,653,369,3,0
344,715,319,0,3
345,626,320,0,3
345,633,346,2,1
345,640,346,2,1
345,653,370,3,0
345,689,346,2,1
345,715,320,0,3
345,717,320,0,3
346,626,321,0,3
346,633,347,2,1
346,640,347,2,1
346,644,347,2,1
346,653,371,3,0
346,689,347,2,1
346,702,321,0,3
346,710,371,3,0
346,715,321,0,3
346,717,321,0,3
347,626,322,0,3
347,633,348,2,1
347,640,348,2,1
347,644,348,2,1
347,653,372,3,0
347,689,348,2,1
347,692,346,1,2
347,701,346,1,2
347,702,322,0,3
347,710,372,3,0
347,715,322,0,3
347,717,322,0,3
348,626,323,0,3
348,633,373,3,0
348,640,323,0,3
348,644,373,3,0
348,653,373,3,0
348,689,323,0,3
348,692,349,2,1
348,701,349,2,1
348,715,323,0,3
349,626,348,1,2
349,633,374,3,0
349,640,324,0,3
349,644,374,3,0
349,653,348,1,2
349,689,324,0,3
349,702,348,1,2
349,710,348,1,2
349,715,348,1,2
349,717,348,1,2
350,626,374,3,2
350,633,351,1,1
350,640,325,0,2
350,653,374,3,2
350,689,325,0,2
350,715,374,3,2
350,717,374,3,2
351,626,350,1,1
351,653,350,1,1
351,715,350,1,1
352,626,351,1,2
352,653,351,1,2
355,626,356,2,1
355,653,356,2,1
356,626,357,2,1
356,653,357,2,1
356,715,357,2,1
357,626,358,2,1
357,633,633,12,0
357,640,332,0,3
357,653,358,2,1
357,689,332,0,3
357,715,358,2,1
357,717,358,2,1
358,626,359,2,1
358,633,357,1,2
358,640,333,0,3
358,644,644,23,0
358,653,359,2,1
358,689,333,0,3
358,702,359,2,1
358,710,359,2,1
358,715,359,2,1
358,717,359,2,1
359,626,360,2,1
359,633,358,1,2
359,640,334,0,3
359,644,358,1,2
359,653,360,2,1
359,689,334,0,3
359,692,360,2,1
359,701,360,2,1
359,702,360,2,1
359,710,360,2,1
359,715,360,2,1
359,717,360,2,1
360,626,335,0,3
360,633,359,1,2
360,640,335,0,3
360,644,359,1,2
360,653,385,3,0
360,689,335,0,3
360,717,385,3,0
361,626,336,0,3
361,633,360,1,2
361,640,360,1,2
361,644,360,1,2
361,653,386,3,0
361,689,360,1,2
361,702,336,0,3
361,710,386,3,0
361,715,336,0,3
361,717,386,3,0
362,626,337,0,3
362,633,361,1,2
362,640,361,1,2
362,644,361,1,2
362,653,387,3,0
362,689,361,1,2
362,702,337,0,3
362,710,387,3,0
362,715,337,0,3
362,717,387,3,0
363,626,338,0,3
363,633,362,1,2
363,640,362,1,2
363,653,388,3,0
363,689,362,1,2
363,715,338,0,3
363,717,388,3,0
364,626,339,0,3
364,653,389,3,0
364,715,339,0,3
365,626,340,0,3
365,653,390,3,0
368,626,343,0,3
368,653,393,3,0
369,626,344,0,3
369,653,394,3,0
369,715,344,0,3
370,626,345,0,3
370,633,371,2,1
370,640,371,2,1
370,653,395,3,0
370,689,371,2,1
370,715,345,0,3
370,717,395,3,0
371,626,346,0,3
371,633,372,2,1
371,640,372,2,1
371,644,372,2,1
371,653,396,3,0
371,689,372,2,1
371,702,346,0,3
371,710,396,3,0
371,715,346,0,3
371,717,396,3,0
372,626,347,0,3
372,633,373,2,1
372,640,373,2,1
372,644,373,2,1
372,653,397,3,0
372,689,373,2,1
372,692,371,1,2
372,701,371,1,2
372,702,347,0,3
372,710,397,3,0
372,715,347,0,3
372,717,397,3,0
373,626,348,0,3
373,633,374,2,1
373,640,348,0,3
373,644,374,2,1
373,653,398,3,0
373,689,348,0,3
373,692,374,2,1
373,701,374,2,1
373,717,398,3,0
374,626,373,1,2
374,633,350,2,3
374,640,349,0,3
374,644,350,2,3
374,653,373,1,2
374,689,349,0,3
374,702,373,1,2
374,710,373,1,2
374,715,373,1,2
374,717,373,1,2
375,626,399,3,2
375,633,350,0,2
375,640,350,0,2
375,653,399,3,2
375,689,350,0,2
375,715,399,3,2
375,717,399,3,2
376,626,375,1,1
376,653,375,1,1
376,715,375,1,1
377,626,376,1,2
377,653,376,1,2
380,626,381,2,1
380,653,381,2,1
381,626,382,2,1
381,653,382,2,1
381,715,382,2,1
382,626,383,2,1
382,633,357,0,3
382,640,357,0,3
382,653,383,2,1
382,689,357,0,3
382,715,383,2,1
382,717,383,2,1
383,626,384,2,1
383,633,358,0,3
383,640,358,0,3
383,644,358,0,3
383,653,384,2,1
383,689,358,0,3
383,702,384,2,1
383,710,384,2,1
383,715,384,2,1
383,717,384,2,1
384,626,385,2,1
384,633,359,0,3
384,640,359,0,3
384,644,359,0,3
384,653,385,2,1
384,689,359,0,3
384,692,385,2,1
384,701,385,2,1
384,702,385,2,1
384,710,385,2,1
384,715,385,2,1
384,717,385,2,1
385,640,360,0,3
385,653,410,3,0
385,689,360,0,3
385,701,410,3,0
385,702,410,3,0
385,717,410,3,0
386,626,361,0,3
386,633,385,1,2
386,640,385,1,2
386,644,385,1,2
386,653,411,3,0
386,689,385,1,2
386,702,411,3,0
386,710,411,3,0
386,715,361,0,3
386,717,411,3,0
387,626,362,0,3
387,633,386,1,2
387,640,386,1,2
387,644,386,1,2
387,653,412,3,0
387,689,386,1,2
387,702,412,3,0
387,710,412,3,0
387,715,362,0,3
387,717,412,3,0
388,626,363,0,3
388,633,387,1,2
388,640,387,1,2
388,653,413,3,0
388,689,387,1,2
388,715,363,0,3
388,717,413,3,0
389,626,364,0,3
389,653,414,3,0
389,715,364,0,3
390,626,365,0,3
390,653,415,3,0
393,626,368,0,3
393,653,418,3,0
394,626,369,0,3
394,653,419,3,0
394,715,369,0,3
395,626,370,0,3
395,633,396,2,1
395,640,396,2,1
395,653,420,3,0
395,689,396,2,1
395,715,370,0,3
395,717,420,3,0
396,626,371,0,3
396,633,397,2,1
396,640,397,2,1
396,644,397,2,1
396,653,421,3,0
396,689,397,2,1
396,702,421,3,0
396,710,421,3,0
396,715,371,0,3
396,717,421,3,0
397,626,372,0,3
397,633,398,2,1
397,640,398,2,1
397,644,398,2,1
397,653,422,3,0
397,689,398,2,1
397,692,396,1,2
397,701,396,1,2
397,702,422,3,0
397,710,422,3,0
397,715,372,0,3
397,717,422,3,0
398,640,373,0,3
398,653,423,3,0
398,689,373,0,3
398,692,399,2,1
398,701,399,2,1
398,702,423,3,0
398,717,423,3,0
399,626,398,1,2
399,633,374,0,3
399,640,374,0,3
399,644,374,0,3
399,653,398,1,2
399,689,374,0,3
399,702,398,1,2
399,710,398,1,2
399,715,398,1,2
399,717,398,1,2
400,626,424,3,2
400,633,375,0,2
400,640,375,0,2
400,653,424,3,2
400,689,375,0,2
400,715,424,3,2
400,717,424,3,2
401,626,400,1,1
401,653,400,1,1
401,715,400,1,1
402,626,401,1,2
402,653,401,1,2
405,626,406,2,1
405,653,406,2,1
406,626,407,2,1
406,653,407,2,1
406,715,407,2,1
407,626,408,2,1
407,633,382,0,3
407,640,382,0,3
407,653,408,2,1
407,689,382,0,3
407,715,408,2,1
407,717,408,2,1
408,626,409,2,1
408,633,383,0,3
408,640,383,0,3
408,644,383,0,3
408,653,409,2,1
408,689,383,0,3
408,702,409,2,1
408,710,409,2,1
408,715,409,2,1
408,717,409,2,1
409,626,410,2,1
409,633,384,0,3
409,640,384,0,3
409,644,384,0,3
409,653,410,2,1
409,689,384,0,3
409,692,410,2,1
409,701,410,2,1
409,702,410,2,1
409,710,410,2,1
409,715,410,2,1
409,717,410,2,1
410,626,435,3,0
410,640,385,0,3
410,653,435,3,0
410,689,385,0,3
410,692,435,3,0
410,701,435,3,0
410,702,435,3,0
410,710,411,2,1
410,715,435,3,0
410,717,435,3,0
411,626,436,3,0
411,633,410,1,2
411,640,410,1,2
411,644,410,1,2
411,653,436,3,0
411,689,410,1,2
411,702,436,3,0
411,710,412,2,1
411,715,436,3,0
411,717,436,3,0
412,626,437,3,0
412,633,411,1,2
412,640,411,1,2
412,644,411,1,2
412,653,437,3,0
412,689,411,1,2
412,702,437,3,0
412,710,710,89,0
412,715,437,3,0
412,717,437,3,0
413,626,438,3,0
413,633,412,1,2
413,640,412,1,2
413,653,438,3,0
413,689,412,1,2
413,715,438,3,0
413,717,438,3,0
414,626,439,3,0
414,653,439,3,0
414,715,439,3,0
415,626,440,3,0
415,653,440,3,0
418,626,443,3,0
418,653,443,3,0
419,626,444,3,0
419,653,444,3,0
419,715,444,3,0
420,626,445,3,0
420,633,421,2,1
420,640,421,2,1
420,653,445,3,0
420,689,421,2,1
420,715,445,3,0
420,717,445,3,0
421,626,446,3,0
421,633,422,2,1
421,640,422,2,1
421,644,422,2,1
421,653,446,3,0
421,689,422,2,1
421,702,446,3,0
421,710,420,1,2
421,715,446,3,0
421,717,446,3,0
422,626,447,3,0
422,633,423,2,1
422,640,423,2,1
422,644,423,2,1
422,653,447,3,0
422,689,423,2,1
422,692,421,1,2
422,701,421,1,2
422,702,447,3,0
422,710,421,1,2
422,715,447,3,0
422,717,447,3,0
423,626,448,3,0
423,640,398,0,3
423,653,448,3,0
423,689,398,0,3
423,692,424,2,1
423,701,424,2,1
423,702,448,3,0
423,710,422,1,2
423,715,448,3,0
423,717,448,3,0
424,626,423,1,2
424,633,399,0,3
424,640,399,0,3
424,644,399,0,3
424,653,423,1,2
424,689,399,0,3
424,702,423,1,2
424,710,423,1,2
424,715,423,1,2
424,717,423,1,2
425,626,449,3,2
425,633,400,0,2
425,640,400,0,2
425,653,449,3,2
425,689,400,0,2
425,715,449,3,2
425,717,449,3,2
426,626,425,1,1
426,653,425,1,1
426,715,425,1,1
427,626,426,1,2
427,653,426,1,2
430,626,431,2,1
430,653,431,2,1
431,626,432,2,1
431,653,432,2,1
431,715,432,2,1
432,626,433,2,1
432,633,407,0,3
432,640,407,0,3
432,653,433,2,1
432,689,407,0,3
432,715,433,2,1
432,717,433,2,1
433,626,434,2,1
433,633,408,0,3
433,640,408,0,3
433,644,408,0,3
433,653,434,2,1
433,689,408,0,3
433,702,434,2,1
433,710,434,2,1
433,715,434,2,1
433,717,434,2,1
434,626,435,2,1
434,633,409,0,3
434,640,409,0,3
434,644,409,0,3
434,653,435,2,1
434,689,409,0,3
434,692,435,2,1
434,701,435,2,1
434,702,435,2,1
434,710,435,2,1
434,715,435,2,1
434,717,435,2,1
435,626,460,3,0
435,640,410,0,3
435,653,460,3,0
435,689,410,0,3
435,692,460,3,0
435,702,460,3,0
435,710,410,0,3
435,715,460,3,0
435,717,460,3,0
436,626,461,3,0
436,633,435,1,2
436,640,435,1,2
436,644,435,1,2
436,653,461,3,0
436,689,435,1,2
436,702,461,3,0
436,710,411,0,3
436,715,461,3,0
436,717,461,3,0
437,626,462,3,0
437,633,436,1,2
437,640,436,1,2
437,644,436,1,2
437,653,462,3,0
437,689,436,1,2
437,702,462,3,0
437,710,412,0,3
437,715,462,3,0
437,717,462,3,0
438,626,463,3,0
438,633,437,1,2
438,640,437,1,2
438,653,463,3,0
438,689,437,1,2
438,715,463,3,0
438,717,463,3,0
439,626,464,3,0
439,653,464,3,0
439,715,464,3,0
440,626,465,3,0
440,653,465,3,0
443,626,468,3,0
443,653,468,3,0
444,626,469,3,0
444,653,469,3,0
444,715,469,3,0
445,626,470,3,0
445,633,446,2,1
445,640,446,2,1
445,653,470,3,0
445,689,446,2,1
445,715,470,3,0
445,717,470,3,0
446,626,471,3,0
446,633,447,2,1
446,640,447,2,1
446,644,447,2,1
446,653,471,3,0
446,689,447,2,1
446,702,471,3,0
446,710,421,0,3
446,715,471,3,0
446,717,471,3,0
447,626,472,3,0
447,633,448,2,1
447,640,448,2,1
447,644,448,2,1
447,653,472,3,0
447,689,448,2,1
447,692,446,1,2
447,701,446,1,2
447,702,472,3,0
447,710,422,0,3
447,715,472,3,0
447,717,472,3,0
448,626,473,3,0
448,640,423,0,3
448,653,473,3,0
448,689,423,0,3
448,692,449,2,1
448,701,449,2,1
448,702,473,3,0
448,710,423,0,3
448,715,473,3,0
448,717,473,3,0
449,626,448,1,2
449,633,424,0,3
449,640,424,0,3
449,644,424,0,3
449,653,448,1,2
449,689,424,0,3
449,702,448,1,2
449,710,448,1,2
449,715,448,1,2
449,717,448,1,2
450,626,474,3,2
450,633,425,0,2
450,640,425,0,2
450,653,474,3,2
450,689,425,0,2
450,715,474,3,2
450,717,474,3,2
451,626,450,1,1
451,653,450,1,1
451,715,450,1,1
452,626,451,1,2
452,653,451,1,2
455,626,456,2,1
455,653,456,2,1
456,626,457,2,1
456,653,457,2,1
456,715,457,2,1
457,626,458,2,1
457,633,432,0,3
457,640,432,0,3
457,653,458,2,1
457,689,432,0,3
457,715,458,2,1
457,717,458,2,1
458,626,459,2,1
458,633,433,0,3
458,640,433,0,3
458,644,433,0,3
458,653,459,2,1
458,689,433,0,3
458,702,459,2,1
458,710,459,2,1
458,715,459,2,1
458,717,459,2,1
459,626,460,2,1
459,633,434,0,3
459,640,434,0,3
459,644,434,0,3
459,653,460,2,1
459,689,434,0,3
459,692,460,2,1
459,701,460,2,1
459,702,460,2,1
459,710,460,2,1
459,715,460,2,1
459,717,460,2,1
460,626,485,3,0
460,640,435,0,3
460,653,485,3,0
460,689,435,0,3
460,702,485,3,0
460,710,435,0,3
460,715,485,3,0
460,717,485,3,0
461,626,486,3,0
461,633,460,1,2
461,640,460,1,2
461,644,460,1,2
461,653,486,3,0
461,689,460,1,2
461,702,486,3,0
461,710,436,0,3
461,715,486,3,0
461,717,486,3,0
462,626,487,3,0
462,633,461,1,2
462,640,461,1,2
462,644,461,1,2
462,653,487,3,0
462,689,461,1,2
462,702,487,3,0
462,710,437,0,3
462,715,487,3,0
462,717,487,3,0
463,626,488,3,0
463,633,462,1,2
463,640,462,1,2
463,653,488,3,0
463,689,462,1,2
463,715,488,3,0
463,717,488,3,0
464,626,489,3,0
464,653,489,3,0
464,715,489,3,0
465,626,490,3,0
465,653,490,3,0
468,626,493,3,0
468,653,493,3,0
469,626,494,3,0
469,653,494,3,0
469,715,494,3,0
470,626,495,3,0
470,633,471,2,1
470,640,471,2,1
470,653,495,3,0
470,689,471,2,1
470,715,495,3,0
470,717,495,3,0
471,626,496,3,0
471,633,472,2,1
471,640,472,2,1
471,644,472,2,1
471,653,496,3,0
471,689,472,2,1
471,702,496,3,0
471,710,446,0,3
471,715,496,3,0
471,717,496,3,0
472,626,497,3,0
472,633,473,2,1
472,640,473,2,1
472,644,473,2,1
472,653,497,3,0
472,689,473,2,1
472,692,471,1,2
472,701,471,1,2
472,702,497,3,0
472,710,447,0,3
472,715,497,3,0
472,717,497,3,0
473,626,498,3,0
473,640,448,0,3
473,653,498,3,0
473,689,448,0,3
473,692,474,2,1
473,701,474,2,1
473,702,498,3,0
473,710,448,0,3
473,715,498,3,0
473,717,498,3,0
474,626,473,1,2
474,633,449,0,3
474,640,449,0,3
474,644,449,0,3
474,653,473,1,2
474,689,449,0,3
474,702,473,1,2
474,710,473,1,2
474,715,473,1,2
474,717,473,1,2
475,626,499,3,2
475,633,450,0,2
475,640,450,0,2
475,653,499,3,2
475,689,500,2,0
475,715,499,3,2
475,717,499,3,2
476,626,475,1,1
476,653,475,1,1
476,715,475,1,1
477,626,476,1,2
477,653,476,1,2
480,626,481,2,1
480,653,481,2,1
481,626,482,2,1
481,653,482,2,1
481,715,482,2,1
482,626,483,2,1
482,633,457,0,3
482,640,457,0,3
482,653,483,2,1
482,689,507,3,0
482,715,483,2,1
482,717,483,2,1
483,626,484,2,1
483,633,458,0,3
483,640,458,0,3
483,644,458,0,3
483,653,484,2,1
483,689,508,3,0
483,702,484,2,1
483,710,484,2,1
483,715,484,2,1
483,717,484,2,1
484,626,485,2,1
484,633,459,0,3
484,640,459,0,3
484,644,459,0,3
484,653,485,2,1
484,689,509,3,0
484,692,485,2,1
484,701,485,2,1
484,702,485,2,1
484,710,485,2,1
484,715,485,2,1
484,717,485,2,1
485,626,510,3,0
485,633,460,0,3
485,640,460,0,3
485,702,510,3,0
485,710,460,0,3
485,715,510,3,0
485,717,510,3,0
486,626,511,3,0
486,633,485,1,2
486,640,485,1,2
486,644,485,1,2
486,653,511,3,0
486,689,485,1,2
486,702,511,3,0
486,710,461,0,3
486,715,511,3,0
486,717,511,3,0
487,626,512,3,0
487,633,486,1,2
487,640,486,1,2
487,644,486,1,2
487,653,512,3,0
487,689,486,1,2
487,702,512,3,0
487,710,462,0,3
487,715,512,3,0
487,717,512,3,0
488,626,513,3,0
488,633,487,1,2
488,640,487,1,2
488,653,513,3,0
488,689,487,1,2
488,715,513,3,0
488,717,513,3,0
489,626,514,3,0
489,653,514,3,0
489,715,514,3,0
490,626,515,3,0
490,653,515,3,0
493,626,518,3,0
493,653,518,3,0
494,626,519,3,0
494,653,519,3,0
494,715,519,3,0
495,626,520,3,0
495,633,496,2,1
495,640,496,2,1
495,653,520,3,0
495,689,496,2,1
495,715,520,3,0
495,717,520,3,0
496,626,521,3,0
496,633,497,2,1
496,640,497,2,1
496,644,497,2,1
496,653,521,3,0
496,689,497,2,1
496,702,521,3,0
496,710,471,0,3
496,715,521,3,0
496,717,521,3,0
497,626,522,3,0
497,633,498,2,1
497,640,498,2,1
497,644,498,2,1
497,653,522,3,0
497,689,498,2,1
497,692,496,1,2
497,701,496,1,2
497,702,522,3,0
497,710,472,0,3
497,715,522,3,0
497,717,522,3,0
498,626,523,3,0
498,633,473,0,3
498,640,473,0,3
498,692,499,2,1
498,701,499,2,1
498,702,523,3,0
498,710,473,0,3
498,715,523,3,0
498,717,523,3,0
499,626,498,1,2
499,633,474,0,3
499,640,474,0,3
499,644,474,0,3
499,653,498,1,2
499,689,524,3,0
499,702,498,1,2
499,710,498,1,2
499,715,498,1,2
499,717,498,1,2
500,626,524,3,2
500,633,475,0,2
500,640,475,0,2
500,653,524,3,2
500,689,525,2,0
500,715,524,3,2
500,717,524,3,2
501,626,500,1,1
501,653,500,1,1
501,715,500,1,1
502,626,501,1,2
502,653,501,1,2
505,626,506,2,1
505,653,506,2,1
506,626,507,2,1
506,653,507,2,1
506,715,507,2,1
507,626,508,2,1
507,633,482,0,3
507,640,482,0,3
507,653,508,2,1
507,689,532,3,0
507,715,508,2,1
507,717,508,2,1
508,626,509,2,1
508,633,483,0,3
508,640,483,0,3
508,644,483,0,3
508,653,509,2,1
508,689,533,3,0
508,702,509,2,1
508,710,509,2,1
508,715,509,2,1
508,717,509,2,1
509,626,510,2,1
509,633,484,0,3
509,640,484,0,3
509,644,484,0,3
509,653,510,2,1
509,689,534,3,0
509,692,510,2,1
509,701,510,2,1
509,702,510,2,1
509,710,510,2,1
509,715,510,2,1
509,717,510,2,1
510,626,535,3,0
510,633,485,0,3
510,640,485,0,3
510,653,511,2,1
510,702,535,3,0
510,710,485,0,3
510,715,535,3,0
510,717,535,3,0
511,626,536,3,0
511,633,510,1,2
511,640,510,1,2
511,644,510,1,2
511,653,512,2,1
511,689,510,1,2
511,702,536,3,0
511,710,486,0,3
511,715,536,3,0
511,717,536,3,0
512,626,537,3,0
512,633,511,1,2
512,640,511,1,2
512,644,511,1,2
512,653,513,2,1
512,689,511,1,2
512,702,537,3,0
512,710,487,0,3
512,715,537,3,0
512,717,537,3,0
513,626,538,3,0
513,633,512,1,2
513,640,512,1,2
513,653,514,2,1
513,689,512,1,2
513,715,538,3,0
513,717,538,3,0
514,626,539,3,0
514,653,515,2,1
514,715,539,3,0
515,626,540,3,0
515,653,653,32,0
518,626,543,3,0
518,653,517,1,2
519,626,544,3,0
519,653,518,1,2
519,715,544,3,0
520,626,545,3,0
520,633,521,2,1
520,640,521,2,1
520,653,519,1,2
520,689,521,2,1
520,715,545,3,0
520,717,545,3,0
521,626,546,3,0
521,633,522,2,1
521,640,522,2,1
521,644,522,2,1
521,653,520,1,2
521,689,522,2,1
521,702,546,3,0
521,710,496,0,3
521,715,546,3,0
521,717,546,3,0
522,626,547,3,0
522,633,523,2,1
522,640,523,2,1
522,644,523,2,1
522,653,521,1,2
522,689,523,2,1
522,692,521,1,2
522,701,521,1,2
522,702,547,3,0
522,710,497,0,3
522,715,547,3,0
522,717,547,3,0
523,626,548,3,0
523,633,498,0,3
523,640,498,0,3
523,653,522,1,2
523,692,524,2,1
523,701,524,2,1
523,702,548,3,0
523,710,498,0,3
523,715,548,3,0
523,717,548,3,0
524,626,523,1,2
524,633,499,0,3
524,640,499,0,3
524,644,499,0,3
524,653,523,1,2
524,689,549,3,0
524,702,523,1,2
524,710,523,1,2
524,715,523,1,2
524,717,523,1,2
525,626,549,3,2
525,633,500,0,2
525,640,550,2,0
525,653,549,3,2
525,689,550,2,0
525,715,549,3,2
525,717,549,3,2
526,626,525,1,1
526,653,525,1,1
526,715,525,1,1
527,626,526,1,2
527,653,526,1,2
530,626,531,2,1
530,653,531,2,1
531,626,532,2,1
531,653,532,2,1
531,715,532,2,1
532,626,533,2,1
532,633,507,0,3
532,640,557,3,0
532,653,533,2,1
532,689,557,3,0
532,715,533,2,1
532,717,533,2,1
533,626,534,2,1
533,633,508,0,3
533,640,558,3,0
533,644,508,0,3
533,653,534,2,1
533,689,558,3,0
533,702,534,2,1
533,710,534,2,1
533,715,534,2,1
533,717,534,2,1
534,626,535,2,1
534,633,509,0,3
534,640,559,3,0
534,644,509,0,3
534,653,535,2,1
534,689,559,3,0
534,692,535,2,1
534,701,535,2,1
534,702,535,2,1
534,710,535,2,1
534,715,535,2,1
534,717,535,2,1
535,626,560,3,0
535,633,510,0,3
535,653,510,0,3
535,710,510,0,3
535,715,560,3,0
535,717,560,3,0
536,626,561,3,0
536,633,535,1,2
536,640,535,1,2
536,644,535,1,2
536,653,511,0,3
536,689,535,1,2
536,702,561,3,0
536,710,511,0,3
536,715,561,3,0
536,717,561,3,0
537,626,562,3,0
537,633,536,1,2
537,640,536,1,2
537,644,536,1,2
537,653,512,0,3
537,689,536,1,2
537,702,562,3,0
537,710,512,0,3
537,715,562,3,0
537,717,562,3,0
538,626,563,3,0
538,633,537,1,2
538,640,537,1,2
538,653,513,0,3
538,689,537,1,2
538,715,563,3,0
538,717,563,3,0
539,626,564,3,0
539,653,514,0,3
539,715,564,3,0
540,626,565,3,0
540,653,515,0,3
543,626,568,3,0
543,653,518,0,3
544,626,569,3,0
544,653,519,0,3
544,715,569,3,0
545,626,570,3,0
545,633,546,2,1
545,640,546,2,1
545,653,520,0,3
545,689,546,2,1
545,715,570,3,0
545,717,570,3,0
546,626,571,3,0
546,633,547,2,1
546,640,547,2,1
546,644,547,2,1
546,653,521,0,3
546,689,547,2,1
546,702,571,3,0
546,710,521,0,3
546,715,571,3,0
546,717,571,3,0
547,626,572,3,0
547,633,548,2,1
547,640,548,2,1
547,644,548,2,1
547,653,522,0,3
547,689,548,2,1
547,692,546,1,2
547,701,546,1,2
547,702,572,3,0
547,710,522,0,3
547,715,572,3,0
547,717,572,3,0
548,626,573,3,0
548,633,523,0,3
548,653,523,0,3
548,692,549,2,1
548,701,549,2,1
548,710,523,0,3
548,715,573,3,0
548,717,573,3,0
549,626,548,1,2
549,633,524,0,3
549,640,574,3,0
549,644,524,0,3
549,653,548,1,2
549,689,574,3,0
549,702,548,1,2
549,710,548,1,2
549,715,548,1,2
549,717,548,1,2
550,626,574,3,2
550,633,525,0,2
550,640,575,2,0
550,653,574,3,2
550,689,575,2,0
550,715,574,3,2
550,717,574,3,2
551,626,550,1,1
551,653,550,1,1
551,715,550,1,1
552,626,551,1,2
552,653,551,1,2
555,626,556,2,1
555,653,556,2,1
556,626,557,2,1
556,653,557,2,1
556,715,557,2,1
557,626,558,2,1
557,633,532,0,3
557,640,582,3,0
557,653,558,2,1
557,689,582,3,0
557,715,558,2,1
557,717,558,2,1
558,626,559,2,1
558,633,533,0,3
558,640,583,3,0
558,644,533,0,3
558,653,559,2,1
558,689,583,3,0
558,702,559,2,1
558,710,559,2,1
558,715,559,2,1
558,717,559,2,1
559,626,560,2,1
559,633,534,0,3
559,640,584,3,0
559,644,534,0,3
559,653,560,2,1
559,689,584,3,0
559,692,560,2,1
559,701,560,2,1
559,702,560,2,1
559,710,560,2,1
559,715,560,2,1
559,717,560,2,1
560,626,585,3,0
560,633,535,0,3
560,644,535,0,3
560,653,535,0,3
560,710,535,0,3
560,715,585,3,0
561,626,586,3,0
561,633,560,1,2
561,640,560,1,2
561,644,560,1,2
561,653,536,0,3
561,689,560,1,2
561,702,586,3,0
561,710,536,0,3
561,715,586,3,0
561,717,586,3,0
562,626,587,3,0
562,633,561,1,2
562,640,561,1,2
562,644,561,1,2
562,653,537,0,3
562,689,561,1,2
562,702,587,3,0
562,710,537,0,3
562,715,587,3,0
562,717,587,3,0
563,626,588,3,0
563,633,562,1,2
563,640,562,1,2
563,653,538,0,3
563,689,562,1,2
563,715,588,3,0
563,717,588,3,0
564,626,589,3,0
564,653,539,0,3
564,715,589,3,0
565,626,590,3,0
565,653,540,0,3
568,626,593,3,0
568,653,543,0,3
569,626,594,3,0
569,653,544,0,3
569,715,594,3,0
570,626,595,3,0
570,633,571,2,1
570,640,571,2,1
570,653,545,0,3
570,689,571,2,1
570,715,595,3,0
570,717,595,3,0
571,626,596,3,0
571,633,572,2,1
571,640,572,2,1
571,644,572,2,1
571,653,546,0,3
571,689,572,2,1
571,702,596,3,0
571,710,546,0,3
571,715,596,3,0
571,717,596,3,0
572,626,597,3,0
572,633,573,2,1
572,640,573,2,1
572,644,573,2,1
572,653,547,0,3
572,689,573,2,1
572,692,571,1,2
572,701,571,1,2
572,702,597,3,0
572,710,547,0,3
572,715,597,3,0
572,717,597,3,0
573,626,598,3,0
573,633,548,0,3
573,644,548,0,3
573,653,548,0,3
573,692,574,2,1
573,701,574,2,1
573,710,548,0,3
573,715,598,3,0
574,626,573,1,2
574,633,549,0,3
574,640,599,3,0
574,644,549,0,3
574,653,573,1,2
574,689,599,3,0
574,702,573,1,2
574,710,573,1,2
574,715,573,1,2
574,717,573,1,2
575,626,599,3,2
575,633,550,0,2
575,640,600,2,0
575,653,599,3,2
575,689,600,2,0
575,715,599,3,2
575,717,599,3,2
576,626,575,1,1
576,653,575,1,1
576,715,575,1,1
577,626,576,1,2
577,653,576,1,2
580,626,581,2,1
580,653,581,2,1
581,626,582,2,1
581,653,582,2,1
581,715,582,2,1
582,626,583,2,1
582,633,557,0,3
582,640,607,3,0
582,653,583,2,1
582,689,607,3,0
582,715,583,2,1
582,717,583,2,1
583,626,584,2,1
583,633,558,0,3
583,640,608,3,0
583,644,558,0,3
583,653,584,2,1
583,689,608,3,0
583,702,584,2,1
583,710,584,2,1
583,715,584,2,1
583,717,584,2,1
584,626,585,2,1
584,633,559,0,3
584,640,609,3,0
584,644,559,0,3
584,653,585,2,1
584,689,609,3,0
584,692,585,2,1
584,701,585,2,1
584,702,585,2,1
584,710,585,2,1
584,715,585,2,1
584,717,585,2,1
585,626,610,3,0
585,633,560,0,3
585,644,560,0,3
585,653,560,0,3
585,689,610,3,0
585,715,610,3,0
586,626,611,3,0
586,633,585,1,2
586,640,585,1,2
586,644,585,1,2
586,653,561,0,3
586,689,585,1,2
586,702,611,3,0
586,710,561,0,3
586,715,611,3,0
586,717,611,3,0
587,626,612,3,0
587,633,586,1,2
587,640,586,1,2
587,644,586,1,2
587,653,562,0,3
587,689,586,1,2
587,702,612,3,0
587,710,562,0,3
587,715,612,3,0
587,717,612,3,0
588,626,613,3,0
588,633,587,1,2
588,640,587,1,2
588,653,563,0,3
588,689,587,1,2
588,715,613,3,0
588,717,613,3,0
589,626,614,3,0
589,653,564,0,3
589,715,614,3,0
590,626,615,3,0
590,653,565,0,3
593,626,618,3,0
593,653,568,0,3
594,626,619,3,0
594,653,569,0,3
594,715,619,3,0
595,626,620,3,0
595,633,596,2,1
595,640,596,2,1
595,653,570,0,3
595,689,596,2,1
595,715,620,3,0
595,717,620,3,0
596,626,621,3,0
596,633,597,2,1
596,640,597,2,1
596,644,597,2,1
596,653,571,0,3
596,689,597,2,1
596,702,621,3,0
596,710,571,0,3
596,715,621,3,0
596,717,621,3,0
597,626,622,3,0
597,633,598,2,1
597,640,598,2,1
597,644,598,2,1
597,653,572,0,3
597,689,598,2,1
597,692,596,1,2
597,701,596,1,2
597,702,622,3,0
597,710,572,0,3
597,715,622,3,0
597,717,622,3,0
598,626,623,3,0
598,633,573,0,3
598,644,573,0,3
598,653,573,0,3
598,689,623,3,0
598,692,599,2,1
598,701,599,2,1
598,715,623,3,0
599,626,598,1,2
599,633,574,0,3
599,640,624,3,0
599,644,574,0,3
599,653,598,1,2
599,689,624,3,0
599,702,598,1,2
599,710,598,1,2
599,715,598,1,2
599,717,598,1,2
600,626,624,3,2
600,633,575,0,2
600,640,0,2,3
600,653,624,3,2
600,689,0,2,3
600,715,624,3,2
600,717,624,3,2
601,626,600,1,1
601,653,600,1,1
601,715,600,1,1
602,626,601,1,2
602,653,601,1,2
605,626,606,2,1
605,653,606,2,1
606,626,607,2,1
606,653,607,2,1
606,715,607,2,1
607,626,608,2,1
607,633,582,0,3
607,640,7,3,3
607,653,608,2,1
607,689,7,3,3
607,715,608,2,1
607,717,608,2,1
608,626,609,2,1
608,633,583,0,3
608,640,8,3,3
608,644,583,0,3
608,653,609,2,1
608,689,8,3,3
608,702,609,2,1
608,710,609,2,1
608,715,609,2,1
608,717,609,2,1
609,626,610,2,1
609,633,584,0,3
609,640,9,3,3
609,644,584,0,3
609,653,610,2,1
609,689,9,3,3
609,692,610,2,1
609,701,610,2,1
609,702,610,2,1
609,710,610,2,1
609,715,610,2,1
609,717,610,2,1
610,626,10,3,3
610,633,585,0,3
610,644,585,0,3
610,653,585,0,3
610,689,10,3,3
610,715,10,3,3
611,626,11,3,3
611,633,610,1,2
611,640,610,1,2
611,644,610,1,2
611,653,586,0,3
611,689,610,1,2
611,702,11,3,3
611,710,586,0,3
611,715,11,3,3
611,717,11,3,3
612,626,12,3,3
612,633,611,1,2
612,640,611,1,2
612,644,611,1,2
612,653,587,0,3
612,689,611,1,2
612,702,12,3,3
612,710,587,0,3
612,715,12,3,3
612,717,12,3,3
613,626,13,3,3
613,633,612,1,2
613,640,612,1,2
613,653,588,0,3
613,689,612,1,2
613,715,13,3,3
613,717,13,3,3
614,626,14,3,3
614,653,589,0,3
614,715,14,3,3
615,626,15,3,3
615,653,590,0,3
618,626,18,3,3
618,653,593,0,3
619,626,19,3,3
619,653,594,0,3
619,715,19,3,3
620,626,20,3,3
620,633,621,2,1
620,640,621,2,1
620,653,595,0,3
620,689,621,2,1
620,715,20,3,3
620,717,20,3,3
621,626,21,3,3
621,633,622,2,1
621,640,622,2,1
621,644,622,2,1
621,653,596,0,3
621,689,622,2,1
621,702,21,3,3
621,710,596,0,3
621,715,21,3,3
621,717,21,3,3
622,626,22,3,3
622,633,623,2,1
622,640,623,2,1
622,644,623,2,1
622,653,597,0,3
622,689,623,2,1
622,692,621,1,2
622,701,621,1,2
622,702,22,3,3
622,710,597,0,3
622,715,22,3,3
622,717,22,3,3
623,626,23,3,3
623,633,598,0,3
623,644,598,0,3
623,653,598,0,3
623,689,23,3,3
623,692,624,2,1
623,701,624,2,1
623,715,23,3,3
624,626,623,1,2
624,633,599,0,3
624,640,24,3,3
624,644,599,0,3
624,653,623,1,2
624,689,24,3,3
624,702,623,1,2
624,710,623,1,2
624,715,623,1,2
624,717,623,1,2
626,625,90,0,5
626,627,90,0,5
626,628,90,0,5
626,629,90,0,5
626,630,90,0,5
626,631,90,0,5
626,632,90,0,5
626,633,90,0,5
626,634,90,0,5
626,635,90,0,5
626,636,90,0,5
626,637,90,0,5
626,638,90,0,5
626,639,90,0,5
626,640,90,0,5
626,641,90,0,5
626,642,90,0,5
626,643,90,0,5
626,644,90,0,5
626,645,90,0,5
626,646,90,0,5
626,647,90,0,5
626,648,90,0,5
626,649,90,0,5
626,650,90,0,5
626,651,90,0,5
626,652,90,0,5
626,653,90,0,5
626,654,90,0,5
626,655,90,0,5
626,656,90,0,5
626,657,90,0,5
626,658,90,0,5
626,659,90,0,5
626,660,90,0,5
626,661,90,0,5
626,662,90,0,5
626,663,90,0,5
626,664,90,0,5
626,665,90,0,5
626,666,90,0,5
626,667,90,0,5
626,668,90,0,5
626,669,90,0,5
626,670,90,0,5
626,671,90,0,5
626,672,90,0,5
626,673,90,0,5
626,674,90,0,5
626,675,90,0,5
626,676,90,0,5
626,677,90,0,5
626,678,90,0,5
626,679,90,0,5
626,680,90,0,5
626,681,90,0,5
626,682,90,0,5
626,683,90,0,5
626,684,90,0,5
626,685,90,0,5
626,686,90,0,5
626,687,90,0,5
626,688,90,0,5
626,689,90,0,5
626,690,90,0,5
626,691,90,0,5
626,692,90,0,5
626,693,90,0,5
626,694,90,0,5
626,695,90,0,5
626,696,90,0,5
626,697,90,0,5
626,698,90,0,5
626,699,90,0,5
626,700,90,0,5
626,701,90,0,5
626,702,90,0,5
626,703,90,0,5
626,704,90,0,5
626,705,90,0,5
626,706,90,0,5
626,707,90,0,5
626,708,90,0,5
626,709,90,0,5
626,710,90,0,5
626,711,90,0,5
626,712,90,0,5
626,713,90,0,5
626,714,90,0,5
626,715,90,0,5
626,716,90,0,5
626,717,90,0,5
626,718,90,0,5
626,719,90,0,5
626,720,90,0,5
626,721,90,0,5
626,722,90,0,5
626,723,90,0,5
626,724,90,0,5
633,625,357,0,12
633,626,357,0,12
633,627,357,0,12
633,628,357,0,12
633,629,357,0,12
633,630,357,0,12
633,631,357,0,12
633,632,357,0,12
633,634,357,0,12
633,635,357,0,12
633,636,357,0,12
633,637,357,0,12
633,638,357,0,12
633,639,357,0,12
633,640,357,0,12
633,641,357,0,12
633,642,357,0,12
633,643,357,0,12
633,644,357,0,12
633,645,357,0,12
633,646,357,0,12
633,647,357,0,12
633,648,357,0,12
633,649,357,0,12
633,650,357,0,12
633,651,357,0,12
633,652,357,0,12
633,653,357,0,12
633,654,357,0,12
633,655,357,0,12
633,656,357,0,12
633,657,357,0,12
633,658,357,0,12
633,659,357,0,12
633,660,357,0,12
633,661,357,0,12
633,662,357,0,12
633,663,357,0,12
633,664,357,0,12
633,665,357,0,12
633,666,357,0,12
633,667,357,0,12
633,668,357,0,12
633,669,357,0,12
633,670,357,0,12
633,671,357,0,12
633,672,357,0,12
633,673,357,0,12
633,674,357,0,12
633,675,357,0,12
633,676,357,0,12
633,677,357,0,12
633,678,357,0,12
633,679,357,0,12
633,680,357,0,12
633,681,357,0,12
633,682,357,0,12
633,683,357,0,12
633,684,357,0,12
633,685,357,0,12
633,686,357,0,12
633,687,357,0,12
633,688,357,0,12
633,689,357,0,12
633,690,357,0,12
633,691,357,0,12
633,692,357,0,12
633,693,357,0,12
633,694,357,0,12
633,695,357,0,12
633,696,357,0,12
633,697,357,0,12
633,698,357,0,12
633,699,357,0,12
633,700,357,0,12
633,701,357,0,12
633,702,357,0,12
633,703,357,0,12
633,704,357,0,12
633,705,357,0,12
633,706,357,0,12
633,707,357,0,12
633,708,357,0,12
633,709,357,0,12
633,710,357,0,12
633,711,357,0,12
633,712,357,0,12
633,713,357,0,12
633,714,357,0,12
633,715,357,0,12
633,716,357,0,12
633,717,357,0,12
633,718,357,0,12
633,719,357,0,12
633,720,357,0,12
633,721,357,0,12
633,722,357,0,12
633,723,357,0,12
633,724,357,0,12
640,625,207,0,19
640,626,207,0,19
640,627,207,0,19
640,628,207,0,19
640,629,207,0,19
640,630,207,0,19
640,631,207,0,19
640,632,207,0,19
640,633,207,0,19
640,634,207,0,19
640,635,207,0,19
640,636,207,0,19
640,637,207,0,19
640,638,207,0,19
640,639,207,0,19
640,641,207,0,19
640,642,207,0,19
640,643,207,0,19
640,644,207,0,19
640,645,207,0,19
640,646,207,0,19
640,647,207,0,19
640,648,207,0,19
640,649,207,0,19
640,650,207,0,19
640,651,207,0,19
640,652,207,0,19
640,653,207,0,19
640,654,207,0,19
640,655,207,0,19
640,656,207,0,19
640,657,207,0,19
640,658,207,0,19
640,659,207,0,19
640,660,207,0,19
640,661,207,0,19
640,662,207,0,19
640,663,207,0,19
640,664,207,0,19
640,665,207,0,19
640,666,207,0,19
640,667,207,0,19
640,668,207,0,19
640,669,207,0,19
640,670,207,0,19
640,671,207,0,19
640,672,207,0,19
640,673,207,0,19
640,674,207,0,19
640,675,207,0,19
640,676,207,0,19
640,677,207,0,19
640,678,207,0,19
640,679,207,0,19
640,680,207,0,19
640,681,207,0,19
640,682,207,0,19
640,683,207,0,19
640,684,207,0,19
640,685,207,0,19
640,686,207,0,19
640,687,207,0,19
640,688,207,0,19
640,689,207,0,19
640,690,207,0,19
640,691,207,0,19
640,692,207,0,19
640,693,207,0,19
640,694,207,0,19
640,695,207,0,19
640,696,207,0,19
640,697,207,0,19
640,698,207,0,19
640,699,207,0,19
640,700,207,0,19
640,701,207,0,19
640,702,207,0,19
640,703,207,0,19
640,704,207,0,19
640,705,207,0,19
640,706,207,0,19
640,707,207,0,19
640,708,207,0,19
640,709,207,0,19
640,710,207,0,19
640,711,207,0,19
640,712,207,0,19
640,713,207,0,19
640,714,207,0,19
640,715,207,0,19
640,716,207,0,19
640,717,207,0,19
640,718,207,0,19
640,719,207,0,19
640,720,207,0,19
640,721,207,0,19
640,722,207,0,19
640,723,207,0,19
640,724,207,0,19
644,625,358,0,23
644,626,358,0,23
644,627,358,0,23
644,628,358,0,23
644,629,358,0,23
644,630,358,0,23
644,631,358,0,23
644,632,358,0,23
644,633,358,0,23
644,634,358,0,23
644,635,358,0,23
644,636,358,0,23
644,637,358,0,23
644,638,358,0,23
644,639,358,0,23
644,640,358,0,23
644,641,358,0,23
644,642,358,0,23
644,643,358,0,23
644,645,358,0,23
644,646,358,0,23
644,647,358,0,23
644,648,358,0,23
644,649,358,0,23
644,650,358,0,23
644,651,358,0,23
644,652,358,0,23
644,653,358,0,23
644,654,358,0,23
644,655,358,0,23
644,656,358,0,23
644,657,358,0,23
644,658,358,0,23
644,659,358,0,23
644,660,358,0,23
644,661,358,0,23
644,662,358,0,23
644,663,358,0,23
644,664,358,0,23
644,665,358,0,23
644,666,358,0,23
644,667,358,0,23
644,668,358,0,23
644,669,358,0,23
644,670,358,0,23
644,671,358,0,23
644,672,358,0,23
644,673,358,0,23
644,674,358,0,23
644,675,358,0,23
644,676,358,0,23
644,677,358,0,23
644,678,358,0,23
644,679,358,0,23
644,680,358,0,23
644,681,358,0,23
644,682,358,0,23
644,683,358,0,23
644,684,358,0,23
644,685,358,0,23
644,686,358,0,23
644,687,358,0,23
644,688,358,0,23
644,689,358,0,23
644,690,358,0,23
644,691,358,0,23
644,692,358,0,23
644,693,358,0,23
644,694,358,0,23
644,695,358,0,23
644,696,358,0,23
644,697,358,0,23
644,698,358,0,23
644,699,358,0,23
644,700,358,0,23
644,701,358,0,23
644,702,358,0,23
644,703,358,0,23
644,704,358,0,23
644,705,358,0,23
644,706,358,0,23
644,707,358,0,23
644,708,358,0,23
644,709,358,0,23
644,710,358,0,23
644,711,358,0,23
644,712,358,0,23
644,713,358,0,23
644,714,358,0,23
644,715,358,0,23
644,716,358,0,23
644,717,358,0,23
644,718,358,0,23
644,719,358,0,23
644,720,358,0,23
644,721,358,0,23
644,722,358,0,23
644,723,358,0,23
644,724,358,0,23
653,625,515,0,32
653,626,515,0,32
653,627,515,0,32
653,628,515,0,32
653,629,515,0,32
653,630,515,0,32
653,631,515,0,32
653,632,515,0,32
653,633,515,0,32
653,634,515,0,32
653,635,515,0,32
653,636,515,0,32
653,637,515,0,32
653,638,515,0,32
653,639,515,0,32
653,640,515,0,32
653,641,515,0,32
653,642,515,0,32
653,643,515,0,32
653,644,515,0,32
653,645,515,0,32
653,646,515,0,32
653,647,515,0,32
653,648,515,0,32
653,649,515,0,32
653,650,515,0,32
653,651,515,0,32
653,652,515,0,32
653,654,515,0,32
653,655,515,0,32
653,656,515,0,32
653,657,515,0,32
653,658,515,0,32
653,659,515,0,32
653,660,515,0,32
653,661,515,0,32
653,662,515,0,32
653,663,515,0,32
653,664,515,0,32
653,665,515,0,32
653,666,515,0,32
653,667,515,0,32
653,668,515,0,32
653,669,515,0,32
653,670,515,0,32
653,671,515,0,32
653,672,515,0,32
653,673,515,0,32
653,674,515,0,32
653,675,515,0,32
653,676,515,0,32
653,677,515,0,32
653,678,515,0,32
653,679,515,0,32
653,680,515,0,32
653,681,515,0,32
653,682,515,0,32
653,683,515,0,32
653,684,515,0,32
653,685,515,0,32
653,686,515,0,32
653,687,515,0,32
653,688,515,0,32
653,689,515,0,32
653,690,515,0,32
653,691,515,0,32
653,692,515,0,32
653,693,515,0,32
653,694,515,0,32
653,695,515,0,32
653,696,515,0,32
653,697,515,0,32
653,698,515,0,32
653,699,515,0,32
653,700,515,0,32
653,701,515,0,32
653,702,515,0,32
653,703,515,0,32
653,704,515,0,32
653,705,515,0,32
653,706,515,0,32
653,707,515,0,32
653,708,515,0,32
653,709,515,0,32
653,710,515,0,32
653,711,515,0,32
653,712,515,0,32
653,713,515,0,32
653,714,515,0,32
653,715,515,0,32
653,716,515,0,32
653,717,515,0,32
653,718,515,0,32
653,719,515,0,32
653,720,515,0,32
653,721,515,0,32
653,722,515,0,32
653,723,515,0,32
653,724,515,0,32
689,625,157,0,68
689,626,157,0,68
689,627,157,0,68
689,628,157,0,68
689,629,157,0,68
689,630,157,0,68
689,631,157,0,68
689,632,157,0,68
689,633,157,0,68
689,634,157,0,68
689,635,157,0,68
689,636,157,0,68
689,637,157,0,68
689,638,157,0,68
689,639,157,0,68
689,640,157,0,68
689,641,157,0,68
689,642,157,0,68
689,643,157,0,68
689,644,157,0,68
689,645,157,0,68
689,646,157,0,68
689,647,157,0,68
689,648,157,0,68
689,649,157,0,68
689,650,157,0,68
689,651,157,0,68
689,652,157,0,68
689,653,157,0,68
689,654,157,0,68
689,655,157,0,68
689,656,157,0,68
689,657,157,0,68
689,658,157,0,68
689,659,157,0,68
689,660,157,0,68
689,661,157,0,68
689,662,157,0,68
689,663,157,0,68
689,664,157,0,68
689,665,157,0,68
689,666,157,0,68
689,667,157,0,68
689,668,157,0,68
689,669,157,0,68
689,670,157,0,68
689,671,157,0,68
689,672,157,0,68
689,673,157,0,68
689,674,157,0,68
689,675,157,0,68
689,676,157,0,68
689,677,157,0,68
689,678,157,0,68
689,679,157,0,68
689,680,157,0,68
689,681,157,0,68
689,682,157,0,68
689,683,157,0,68
689,684,157,0,68
689,685,157,0,68
689,686,157,0,68
689,687,157,0,68
689,688,157,0,68
689,690,157,0,68
689,691,157,0,68
689,692,157,0,68
689,693,157,0,68
689,694,157,0,68
689,695,157,0,68
689,696,157,0,68
689,697,157,0,68
689,698,157,0,68
689,699,157,0,68
689,700,157,0,68
689,701,157,0,68
689,702,157,0,68
689,703,157,0,68
689,704,157,0,68
689,705,157,0,68
689,706,157,0,68
689,707,157,0,68
689,708,157,0,68
689,709,157,0,68
689,710,157,0,68
689,711,157,0,68
689,712,157,0,68
689,713,157,0,68
689,714,157,0,68
689,715,157,0,68
689,716,157,0,68
689,717,157,0,68
689,718,157,0,68
689,719,157,0,68
689,720,157,0,68
689,721,157,0,68
689,722,157,0,68
689,723,157,0,68
689,724,157,0,68
692,625,85,0,71
692,626,85,0,71
692,627,85,0,71
692,628,85,0,71
692,629,85,0,71
692,630,85,0,71
692,631,85,0,71
692,632,85,0,71
692,633,85,0,71
692,634,85,0,71
692,635,85,0,71
692,636,85,0,71
692,637,85,0,71
692,638,85,0,71
692,639,85,0,71
692,640,85,0,71
692,641,85,0,71
692,642,85,0,71
692,643,85,0,71
692,644,85,0,71
692,645,85,0,71
692,646,85,0,71
692,647,85,0,71
692,648,85,0,71
692,649,85,0,71
692,650,85,0,71
692,651,85,0,71
692,652,85,0,71
692,653,85,0,71
692,654,85,0,71
692,655,85,0,71
692,656,85,0,71
692,657,85,0,71
692,658,85,0,71
692,659,85,0,71
692,660,85,0,71
692,661,85,0,71
692,662,85,0,71
692,663,85,0,71
692,664,85,0,71
692,665,85,0,71
692,666,85,0,71
692,667,85,0,71
692,668,85,0,71
692,669,85,0,71
692,670,85,0,71
692,671,85,0,71
692,672,85,0,71
692,673,85,0,71
692,674,85,0,71
692,675,85,0,71
692,676,85,0,71
692,677,85,0,71
692,678,85,0,71
692,679,85,0,71
692,680,85,0,71
692,681,85,0,71
692,682,85,0,71
692,683,85,0,71
692,684,85,0,71
692,685,85,0,71
692,686,85,0,71
692,687,85,0,71
692,688,85,0,71
692,689,85,0,71
692,690,85,0,71
692,691,85,0,71
692,693,85,0,71
692,694,85,0,71
692,695,85,0,71
692,696,85,0,71
692,697,85,0,71
692,698,85,0,71
692,699,85,0,71
692,700,85,0,71
692,701,85,0,71
692,702,85,0,71
692,703,85,0,71
692,704,85,0,71
692,705,85,0,71
692,706,85,0,71
692,707,85,0,71
692,708,85,0,71
692,709,85,0,71
692,710,85,0,71
692,711,85,0,71
692,712,85,0,71
692,713,85,0,71
692,714,85,0,71
692,715,85,0,71
692,716,85,0,71
692,717,85,0,71
692,718,85,0,71
692,719,85,0,71
692,720,85,0,71
692,721,85,0,71
692,722,85,0,71
692,723,85,0,71
692,724,85,0,71
701,625,60,0,80
701,626,60,0,80
701,627,60,0,80
701,628,60,0,80
701,629,60,0,80
701,630,60,0,80
701,631,60,0,80
701,632,60,0,80
701,633,60,0,80
701,634,60,0,80
701,635,60,0,80
701,636,60,0,80
701,637,60,0,80
701,638,60,0,80
701,639,60,0,80
701,640,60,0,80
701,641,60,0,80
701,642,60,0,80
701,643,60,0,80
701,644,60,0,80
701,645,60,0,80
701,646,60,0,80
701,647,60,0,80
701,648,60,0,80
701,649,60,0,80
701,650,60,0,80
701,651,60,0,80
701,652,60,0,80
701,653,60,0,80
701,654,60,0,80
701,655,60,0,80
701,656,60,0,80
701,657,60,0,80
701,658,60,0,80
701,659,60,0,80
701,660,60,0,80
701,661,60,0,80
701,662,60,0,80
701,663,60,0,80
701,664,60,0,80
701,665,60,0,80
701,666,60,0,80
701,667,60,0,80
701,668,60,0,80
701,669,60,0,80
701,670,60,0,80
701,671,60,0,80
701,672,60,0,80
701,673,60,0,80
701,674,60,0,80
701,675,60,0,80
701,676,60,0,80
701,677,60,0,80
701,678,60,0,80
701,679,60,0,80
701,680,60,0,80
701,681,60,0,80
701,682,60,0,80
701,683,60,0,80
701,684,60,0,80
701,685,60,0,80
701,686,60,0,80
701,687,60,0,80
701,688,60,0,80
701,689,60,0,80
701,690,60,0,80
701,691,60,0,80
701,692,60,0,80
701,693,60,0,80
701,694,60,0,80
701,695,60,0,80
701,696,60,0,80
701,697,60,0,80
701,698,60,0,80
701,699,60,0,80
701,700,60,0,80
701,702,60,0,80
701,703,60,0,80
701,704,60,0,80
701,705,60,0,80
701,706,60,0,80
701,707,60,0,80
701,708,60,0,80
701,709,60,0,80
701,710,60,0,80
701,711,60,0,80
701,712,60,0,80
701,713,60,0,80
701,714,60,0,80
701,715,60,0,80
701,716,60,0,80
701,717,60,0,80
701,718,60,0,80
701,719,60,0,80
701,720,60,0,80
701,721,60,0,80
701,722,60,0,80
701,723,60,0,80
701,724,60,0,80
702,625,62,0,81
702,626,62,0,81
702,627,62,0,81
702,628,62,0,81
702,629,62,0,81
702,630,62,0,81
702,631,62,0,81
702,632,62,0,81
702,633,62,0,81
702,634,62,0,81
702,635,62,0,81
702,636,62,0,81
702,637,62,0,81
702,638,62,0,81
702,639,62,0,81
702,640,62,0,81
702,641,62,0,81
702,642,62,0,81
702,643,62,0,81
702,644,62,0,81
702,645,62,0,81
702,646,62,0,81
702,647,62,0,81
702,648,62,0,81
702,649,62,0,81
702,650,62,0,81
702,651,62,0,81
702,652,62,0,81
702,653,62,0,81
702,654,62,0,81
702,655,62,0,81
702,656,62,0,81
702,657,62,0,81
702,658,62,0,81
702,659,62,0,81
702,660,62,0,81
702,661,62,0,81
702,662,62,0,81
702,663,62,0,81
702,664,62,0,81
702,665,62,0,81
702,666,62,0,81
702,667,62,0,81
702,668,62,0,81
702,669,62,0,81
702,670,62,0,81
702,671,62,0,81
702,672,62,0,81
702,673,62,0,81
702,674,62,0,81
702,675,62,0,81
702,676,62,0,81
702,677,62,0,81
702,678,62,0,81
702,679,62,0,81
702,680,62,0,81
702,681,62,0,81
702,682,62,0,81
702,683,62,0,81
702,684,62,0,81
702,685,62,0,81
702,686,62,0,81
702,687,62,0,81
702,688,62,0,81
702,689,62,0,81
702,690,62,0,81
702,691,62,0,81
702,692,62,0,81
702,693,62,0,81
702,694,62,0,81
702,695,62,0,81
702,696,62,0,81
702,697,62,0,81
702,698,62,0,81
702,699,62,0,81
702,700,62,0,81
702,701,62,0,81
702,703,62,0,81
702,704,62,0,81
702,705,62,0,81
702,706,62,0,81
702,707,62,0,81
702,708,62,0,81
702,709,62,0,81
702,710,62,0,81
702,711,62,0,81
702,712,62,0,81
702,713,62,0,81
702,714,62,0,81
702,715,62,0,81
702,716,62,0,81
702,717,62,0,81
702,718,62,0,81
702,719,62,0,81
702,720,62,0,81
702,721,62,0,81
702,722,62,0,81
702,723,62,0,81
702,724,62,0,81
710,625,412,0,89
710,626,412,0,89
710,627,412,0,89
710,628,412,0,89
710,629,412,0,89
710,630,412,0,89
710,631,412,0,89
710,632,412,0,89
710,633,412,0,89
710,634,412,0,89
710,635,412,0,89
710,636,412,0,89
710,637,412,0,89
710,638,412,0,89
710,639,412,0,89
710,640,412,0,89
710,641,412,0,89
710,642,412,0,89
710,643,412,0,89
710,644,412,0,89
710,645,412,0,89
710,646,412,0,89
710,647,412,0,89
710,648,412,0,89
710,649,412,0,89
710,650,412,0,89
710,651,412,0,89
710,652,412,0,89
710,653,412,0,89
710,654,412,0,89
710,655,412,0,89
710,656,412,0,89
710,657,412,0,89
710,658,412,0,89
710,659,412,0,89
710,660,412,0,89
710,661,412,0,89
710,662,412,0,89
710,663,412,0,89
710,664,412,0,89
710,665,412,0,89
710,666,412,0,89
710,667,412,0,89
710,668,412,0,89
710,669,412,0,89
710,670,412,0,89
710,671,412,0,89
710,672,412,0,89
710,673,412,0,89
710,674,412,0,89
710,675,412,0,89
710,676,412,0,89
710,677,412,0,89
710,678,412,0,89
710,679,412,0,89
710,680,412,0,89
710,681,412,0,89
710,682,412,0,89
710,683,412,0,89
710,684,412,0,89
710,685,412,0,89
710,686,412,0,89
710,687,412,0,89
710,688,412,0,89
710,689,412,0,89
710,690,412,0,89
710,691,412,0,89
710,692,412,0,89
710,693,412,0,89
710,694,412,0,89
710,695,412,0,89
710,696,412,0,89
710,697,412,0,89
710,698,412,0,89
710,699,412,0,89
710,700,412,0,89
710,701,412,0,89
710,702,412,0,89
710,703,412,0,89
710,704,412,0,89
710,705,412,0,89
710,706,412,0,89
710,707,412,0,89
710,708,412,0,89
710,709,412,0,89
710,711,412,0,89
710,712,412,0,89
710,713,412,0,89
710,714,412,0,89
710,715,412,0,89
710,716,412,0,89
710,717,412,0,89
710,718,412,0,89
710,719,412,0,89
710,720,412,0,89
710,721,412,0,89
710,722,412,0,89
710,723,412,0,89
710,724,412,0,89
715,625,89,0,94
715,626,89,0,94
715,627,89,0,94
715,628,89,0,94
715,629,89,0,94
715,630,89,0,94
715,631,89,0,94
715,632,89,0,94
715,633,89,0,94
715,634,89,0,94
715,635,89,0,94
715,636,89,0,94
715,637,89,0,94
715,638,89,0,94
715,639,89,0,94
715,640,89,0,94
715,641,89,0,94
715,642,89,0,94
715,643,89,0,94
715,644,89,0,94
715,645,89,0,94
715,646,89,0,94
715,647,89,0,94
715,648,89,0,94
715,649,89,0,94
715,650,89,0,94
715,651,89,0,94
715,652,89,0,94
715,653,89,0,94
715,654,89,0,94
715,655,89,0,94
715,656,89,0,94
715,657,89,0,94
715,658,89,0,94
715,659,89,0,94
715,660,89,0,94
715,661,89,0,94
715,662,89,0,94
715,663,89,0,94
715,664,89,0,94
715,665,89,0,94
715,666,89,0,94
715,667,89,0,94
715,668,89,0,94
715,669,89,0,94
715,670,89,0,94
715,671,89,0,94
715,672,89,0,94
715,673,89,0,94
715,674,89,0,94
715,675,89,0,94
715,676,89,0,94
715,677,89,0,94
715,678,89,0,94
715,679,89,0,94
715,680,89,0,94
715,681,89,0,94
715,682,89,0,94
715,683,89,0,94
715,684,89,0,94
715,685,89,0,94
715,686,89,0,94
715,687,89,0,94
715,688,89,0,94
715,689,89,0,94
715,690,89,0,94
715,691,89,0,94
715,692,89,0,94
715,693,89,0,94
715,694,89,0,94
715,695,89,0,94
715,696,89,0,94
715,697,89,0,94
715,698,89,0,94
715,699,89,0,94
715,700,89,0,94
715,701,89,0,94
715,702,89,0,94
715,703,89,0,94
715,704,89,0,94
715,705,89,0,94
715,706,89,0,94
715,707,89,0,94
715,708,89,0,94
715,709,89,0,94
715,710,89,0,94
715,711,89,0,94
715,712,89,0,94
715,713,89,0,94
715,714,89,0,94
715,716,89,0,94
715,717,89,0,94
715,718,89,0,94
715,719,89,0,94
715,720,89,0,94
715,721,89,0,94
715,722,89,0,94
715,723,89,0,94
715,724,89,0,94
717,625,38,0,96
717,626,38,0,96
717,627,38,0,96
717,628,38,0,96
717,629,38,0,96
717,630,38,0,96
717,631,38,0,96
717,632,38,0,96
717,633,38,0,96
717,634,38,0,96
717,635,38,0,96
717,636,38,0,96
717,637,38,0,96
717,638,38,0,96
717,639,38,0,96
717,640,38,0,96
717,641,38,0,96
717,642,38,0,96
717,643,38,0,96
717,644,38,0,96
717,645,38,0,96
717,646,38,0,96
717,647,38,0,96
717,648,38,0,96
717,649,38,0,96
717,650,38,0,96
717,651,38,0,96
717,652,38,0,96
717,653,38,0,96
717,654,38,0,96
717,655,38,0,96
717,656,38,0,96
717,657,38,0,96
717,658,38,0,96
717,659,38,0,96
717,660,38,0,96
717,661,38,0,96
717,662,38,0,96
717,663,38,0,96
717,664,38,0,96
717,665,38,0,96
717,666,38,0,96
717,667,38,0,96
717,668,38,0,96
717,669,38,0,96
717,670,38,0,96
717,671,38,0,96
717,672,38,0,96
717,673,38,0,96
717,674,38,0,96
717,675,38,0,96
717,676,38,0,96
717,677,38,0,96
717,678,38,0,96
717,679,38,0,96
717,680,38,0,96
717,681,38,0,96
717,682,38,0,96
717,683,38,0,96
717,684,38,0,96
717,685,38,0,96
717,686,38,0,96
717,687,38,0,96
717,688,38,0,96
717,689,38,0,96
717,690,38,0,96
717,691,38,0,96
717,692,38,0,96
717,693,38,0,96
717,694,38,0,96
717,695,38,0,96
717,696,38,0,96
717,697,38,0,96
717,698,38,0,96
717,699,38,0,96
717,700,38,0,96
717,701,38,0,96
717,702,38,0,96
717,703,38,0,96
717,704,38,0,96
717,705,38,0,96
717,706,38,0,96
717,707,38,0,96
717,708,38,0,96
717,709,38,0,96
717,710,38,0,96
717,711,38,0,96
717,712,38,0,96
717,713,38,0,96
717,714,38,0,96
717,715,38,0,96
717,716,38,0,96
717,718,38,0,96
717,719,38,0,96
717,720,38,0,96
717,721,38,0,96
717,722,38,0,96
717,723,38,0,96
717,724,38,0,96
