1,681,26,2,0
2,639,27,2,0
2,666,27,2,0
2,680,27,2,0
2,700,27,2,0
3,629,28,2,0
3,634,28,2,0
3,666,28,2,0
3,687,28,2,0
3,700,28,2,0
3,709,603,3,3
4,666,29,2,0
4,700,29,2,0
4,709,604,3,3
5,666,30,2,0
5,694,30,2,0
5,700,30,2,0
5,709,605,3,3
6,700,31,2,0
6,709,606,3,3
7,666,6,0,1
7,694,6,0,1
7,700,6,0,1
7,709,6,0,1
8,666,7,0,1
8,694,7,0,1
8,700,7,0,1
8,709,7,0,1
9,632,10,1,0
9,665,10,1,0
9,666,8,0,1
9,700,8,0,1
9,709,8,0,1
10,666,9,0,1
10,700,9,0,1
10,709,9,0,1
11,656,12,1,0
11,666,10,0,1
11,688,12,1,0
12,630,13,1,0
12,659,13,1,0
12,668,13,1,0
12,671,13,1,0
12,676,13,1,0
12,690,13,1,0
13,643,613,3,3
13,653,613,3,3
13,711,613,3,3
13,719,613,3,3
14,626,39,2,0
14,641,614,3,3
14,677,39,2,0
14,684,614,3,3
14,693,39,2,0
15,666,16,1,0
15,700,16,1,0
15,709,14,0,1
16,633,41,2,0
16,658,616,3,3
16,661,41,2,0
16,666,17,1,0
16,689,616,3,3
16,696,616,3,3
16,698,41,2,0
16,700,17,1,0
16,709,17,1,0
16,710,616,3,3
17,638,617,3,3
17,666,18,1,0
17,700,18,1,0
17,709,18,1,0
18,664,43,2,0
18,666,19,1,0
18,672,43,2,0
18,694,19,1,0
18,700,19,1,0
18,701,43,2,0
18,709,19,1,0
18,712,43,2,0
19,700,44,2,0
19,709,619,3,3
20,666,45,2,0
20,694,21,1,0
20,700,45,2,0
20,709,620,3,3
21,627,22,1,0
21,636,22,1,0
21,644,22,1,0
21,652,22,1,0
21,657,22,1,0
21,666,46,2,0
21,685,22,1,0
21,697,22,1,0
21,700,46,2,0
21,702,22,1,0
21,708,22,1,0
21,709,621,3,3
21,722,22,1,0
22,637,23,1,0
22,649,23,1,0
22,651,23,1,0
22,663,23,1,0
22,666,47,2,0
22,674,23,1,0
22,682,23,1,0
22,700,47,2,0
22,707,23,1,0
22,709,23,1,0
22,717,23,1,0
22,720,23,1,0
23,666,24,1,0
23,669,24,1,0
23,686,24,1,0
23,704,24,1,0
23,715,24,1,0
23,723,24,1,0
24,628,0,1,2
24,635,0,1,2
24,642,0,1,2
24,645,0,1,2
24,650,0,1,2
24,678,0,1,2
24,691,0,1,2
24,695,0,1,2
26,681,51,3,0
27,639,52,3,0
27,666,52,3,0
27,680,52,3,0
27,700,700,79,0
28,629,53,3,0
28,634,53,3,0
28,666,53,3,0
28,687,53,3,0
28,700,27,1,2
28,709,53,3,0
29,666,54,3,0
29,700,28,1,2
29,709,54,3,0
30,666,55,3,0
30,694,55,3,0
30,700,29,1,2
30,709,55,3,0
31,700,30,1,2
32,666,31,1,2
32,694,31,1,2
32,700,31,1,2
32,709,31,1,2
33,666,32,1,2
33,694,32,1,2
33,700,32,1,2
33,709,32,1,2
34,632,35,2,1
34,665,35,2,1
34,666,33,1,2
34,700,33,1,2
34,709,33,1,2
35,666,34,1,2
35,700,34,1,2
35,709,34,1,2
36,656,37,2,1
36,666,35,1,2
36,688,37,2,1
37,630,38,2,1
37,659,38,2,1
37,668,38,2,1
37,671,38,2,1
37,676,38,2,1
37,690,38,2,1
38,643,13,0,2
38,653,13,0,2
38,711,13,0,2
38,719,13,0,2
39,626,64,3,0
39,641,14,0,2
39,677,64,3,0
39,684,14,0,2
39,693,64,3,0
40,666,41,2,1
40,700,41,2,1
40,709,39,1,2
41,633,66,3,0
41,640,16,0,2
41,658,16,0,2
41,666,42,2,1
41,689,16,0,2
41,696,16,0,2
41,698,66,3,0
41,700,42,2,1
41,709,42,2,1
41,710,16,0,2
42,638,17,0,2
42,666,43,2,1
42,700,43,2,1
42,703,17,0,2
42,709,43,2,1
43,664,68,3,0
43,666,44,2,1
43,672,68,3,0
43,694,44,2,1
43,700,44,2,1
43,709,44,2,1
43,712,68,3,0
44,700,45,2,1
45,666,70,3,0
45,694,46,2,1
45,700,46,2,1
45,709,70,3,0
46,627,47,2,1
46,636,47,2,1
46,644,47,2,1
46,652,47,2,1
46,657,47,2,1
46,666,71,3,0
46,679,47,2,1
46,685,47,2,1
46,697,47,2,1
46,700,47,2,1
46,702,47,2,1
46,708,47,2,1
46,709,71,3,0
46,722,47,2,1
47,637,48,2,1
47,649,48,2,1
47,651,48,2,1
47,660,48,2,1
47,663,48,2,1
47,666,72,3,0
47,674,48,2,1
47,682,48,2,1
47,700,48,2,1
47,707,48,2,1
47,709,48,2,1
47,717,48,2,1
47,720,48,2,1
48,625,49,2,1
48,631,49,2,1
48,666,49,2,1
48,669,49,2,1
48,686,49,2,1
48,704,49,2,1
48,715,49,2,1
48,723,49,2,1
49,628,25,2,3
49,635,25,2,3
49,642,25,2,3
49,645,25,2,3
49,650,25,2,3
49,678,25,2,3
49,691,25,2,3
49,695,25,2,3
51,681,76,3,0
52,639,77,3,0
52,666,77,3,0
52,680,77,3,0
52,700,27,0,3
53,629,78,3,0
53,634,78,3,0
53,666,78,3,0
53,687,78,3,0
53,700,28,0,3
53,709,78,3,0
54,666,79,3,0
54,700,29,0,3
54,709,79,3,0
55,666,80,3,0
55,694,80,3,0
55,700,30,0,3
55,709,80,3,0
56,666,81,3,0
56,694,81,3,0
57,666,56,1,2
57,694,56,1,2
57,700,56,1,2
57,709,56,1,2
58,666,57,1,2
58,694,57,1,2
58,700,57,1,2
58,709,57,1,2
59,632,60,2,1
59,665,60,2,1
59,666,58,1,2
59,700,58,1,2
59,709,58,1,2
60,666,59,1,2
60,700,59,1,2
60,709,59,1,2
61,656,62,2,1
61,666,60,1,2
61,688,62,2,1
62,630,63,2,1
62,659,63,2,1
62,668,63,2,1
62,671,63,2,1
62,676,63,2,1
62,690,63,2,1
63,643,38,0,3
63,653,38,0,3
63,711,38,0,3
63,719,38,0,3
64,626,89,3,0
64,641,39,0,3
64,677,89,3,0
64,684,39,0,3
65,666,66,2,1
65,700,66,2,1
65,709,64,1,2
66,633,91,3,0
66,640,41,0,3
66,658,41,0,3
66,661,41,0,3
66,666,67,2,1
66,689,41,0,3
66,696,41,0,3
66,698,91,3,0
66,700,67,2,1
66,709,67,2,1
66,710,41,0,3
67,638,42,0,3
67,666,68,2,1
67,700,68,2,1
67,703,42,0,3
67,709,68,2,1
68,664,93,3,0
68,666,69,2,1
68,672,93,3,0
68,694,69,2,1
68,700,69,2,1
68,701,43,0,3
68,709,69,2,1
68,712,93,3,0
69,666,94,3,0
69,694,94,3,0
70,666,95,3,0
70,694,71,2,1
70,700,45,0,3
70,709,95,3,0
71,627,72,2,1
71,636,72,2,1
71,644,72,2,1
71,652,72,2,1
71,657,72,2,1
71,666,96,3,0
71,679,72,2,1
71,685,72,2,1
71,697,72,2,1
71,700,46,0,3
71,702,72,2,1
71,708,72,2,1
71,709,96,3,0
71,722,72,2,1
72,637,73,2,1
72,649,73,2,1
72,651,73,2,1
72,660,73,2,1
72,663,73,2,1
72,666,97,3,0
72,674,73,2,1
72,682,73,2,1
72,700,47,0,3
72,707,73,2,1
72,709,73,2,1
72,717,73,2,1
72,720,73,2,1
73,625,74,2,1
73,631,74,2,1
73,666,74,2,1
73,669,74,2,1
73,686,74,2,1
73,704,74,2,1
73,715,74,2,1
73,723,74,2,1
74,628,50,2,3
74,635,50,2,3
74,642,50,2,3
74,645,50,2,3
74,678,50,2,3
74,691,50,2,3
74,695,50,2,3
76,681,101,3,0
77,639,102,3,0
77,666,102,3,0
77,680,102,3,0
77,700,52,0,3
78,629,103,3,0
78,634,103,3,0
78,666,103,3,0
78,687,103,3,0
78,700,53,0,3
78,709,103,3,0
79,666,104,3,0
79,700,54,0,3
79,709,104,3,0
80,666,105,3,0
80,694,105,3,0
80,700,55,0,3
80,709,105,3,0
81,666,106,3,0
81,694,106,3,0
82,666,81,1,2
82,694,81,1,2
82,700,81,1,2
82,709,81,1,2
83,666,82,1,2
83,694,82,1,2
83,700,82,1,2
83,709,82,1,2
84,665,85,2,1
84,666,83,1,2
84,700,83,1,2
84,709,83,1,2
85,666,84,1,2
85,700,84,1,2
85,709,84,1,2
86,656,87,2,1
86,666,85,1,2
86,688,87,2,1
87,630,88,2,1
87,668,88,2,1
87,671,88,2,1
87,676,88,2,1
87,690,88,2,1
88,643,63,0,3
88,653,63,0,3
88,711,63,0,3
88,719,63,0,3
89,626,114,3,0
89,641,64,0,3
89,677,114,3,0
89,684,114,3,0
89,693,64,0,3
90,666,91,2,1
90,700,91,2,1
90,709,89,1,2
91,633,116,3,0
91,640,66,0,3
91,658,116,3,0
91,661,66,0,3
91,666,92,2,1
91,689,66,0,3
91,696,66,0,3
91,698,116,3,0
91,700,92,2,1
91,709,92,2,1
91,710,116,3,0
92,638,67,0,3
92,666,93,2,1
92,700,93,2,1
92,703,67,0,3
92,709,93,2,1
93,664,118,3,0
93,666,94,2,1
93,672,118,3,0
93,694,94,2,1
93,700,94,2,1
93,701,68,0,3
93,709,94,2,1
93,712,118,3,0
94,666,119,3,0
94,694,119,3,0
95,666,120,3,0
95,694,96,2,1
95,700,70,0,3
95,709,120,3,0
96,627,97,2,1
96,636,97,2,1
96,644,97,2,1
96,652,97,2,1
96,657,97,2,1
96,666,121,3,0
96,679,97,2,1
96,685,97,2,1
96,697,97,2,1
96,700,71,0,3
96,702,97,2,1
96,708,97,2,1
96,709,121,3,0
96,722,97,2,1
97,637,98,2,1
97,649,98,2,1
97,651,98,2,1
97,660,98,2,1
97,663,98,2,1
97,666,122,3,0
97,674,98,2,1
97,682,98,2,1
97,700,72,0,3
97,707,98,2,1
97,709,98,2,1
97,717,98,2,1
97,720,98,2,1
98,625,99,2,1
98,631,99,2,1
98,666,99,2,1
98,669,99,2,1
98,686,99,2,1
98,704,99,2,1
98,715,99,2,1
98,723,99,2,1
99,628,75,2,3
99,635,75,2,3
99,645,75,2,3
99,650,75,2,3
99,678,75,2,3
99,691,75,2,3
99,695,75,2,3
101,681,126,3,0
102,639,127,3,0
102,666,127,3,0
102,680,127,3,0
102,700,77,0,3
103,629,128,3,0
103,634,128,3,0
103,666,128,3,0
103,687,128,3,0
103,700,78,0,3
103,709,128,3,0
104,666,129,3,0
104,700,79,0,3
104,709,129,3,0
105,666,130,3,0
105,694,130,3,0
105,700,80,0,3
105,709,130,3,0
106,666,131,3,0
106,694,131,3,0
107,666,106,1,2
107,694,106,1,2
107,700,106,1,2
107,709,106,1,2
108,666,107,1,2
108,694,107,1,2
108,700,107,1,2
108,709,107,1,2
109,632,110,2,1
109,665,110,2,1
109,666,108,1,2
109,700,108,1,2
109,709,108,1,2
110,666,109,1,2
110,700,109,1,2
110,709,109,1,2
111,656,112,2,1
111,666,110,1,2
111,688,112,2,1
112,630,113,2,1
112,659,113,2,1
112,668,113,2,1
112,671,113,2,1
112,676,113,2,1
112,690,113,2,1
113,643,88,0,3
113,653,88,0,3
113,711,138,3,0
113,719,88,0,3
114,641,89,0,3
114,684,139,3,0
114,693,89,0,3
115,666,116,2,1
115,700,116,2,1
115,709,114,1,2
116,633,141,3,0
116,640,91,0,3
116,658,141,3,0
116,661,91,0,3
116,666,117,2,1
116,689,91,0,3
116,696,91,0,3
116,698,141,3,0
116,700,117,2,1
116,709,117,2,1
116,710,141,3,0
117,638,142,3,0
117,666,118,2,1
117,700,118,2,1
117,703,92,0,3
117,709,118,2,1
118,664,143,3,0
118,666,119,2,1
118,672,143,3,0
118,694,119,2,1
118,700,119,2,1
118,701,93,0,3
118,709,119,2,1
119,666,144,3,0
119,694,144,3,0
120,666,145,3,0
120,694,121,2,1
120,700,95,0,3
120,709,145,3,0
121,627,122,2,1
121,636,122,2,1
121,644,122,2,1
121,652,122,2,1
121,657,122,2,1
121,666,146,3,0
121,679,122,2,1
121,685,122,2,1
121,697,122,2,1
121,700,96,0,3
121,702,122,2,1
121,708,122,2,1
121,709,146,3,0
121,722,122,2,1
122,637,123,2,1
122,649,123,2,1
122,651,123,2,1
122,660,123,2,1
122,663,123,2,1
122,666,147,3,0
122,674,123,2,1
122,682,123,2,1
122,700,97,0,3
122,707,123,2,1
122,709,123,2,1
122,717,123,2,1
122,720,123,2,1
123,625,124,2,1
123,631,124,2,1
123,666,124,2,1
123,669,124,2,1
123,686,124,2,1
123,704,124,2,1
123,715,124,2,1
123,723,124,2,1
124,628,100,2,3
124,635,100,2,3
124,642,100,2,3
124,645,100,2,3
124,650,100,2,3
124,678,100,2,3
124,691,100,2,3
124,695,100,2,3
126,681,151,3,0
127,639,152,3,0
127,666,152,3,0
127,700,102,0,3
128,634,153,3,0
128,666,153,3,0
128,687,153,3,0
128,700,103,0,3
128,709,153,3,0
129,666,154,3,0
129,700,104,0,3
129,709,154,3,0
130,666,155,3,0
130,694,155,3,0
130,700,105,0,3
130,709,155,3,0
131,666,156,3,0
131,694,156,3,0
131,700,106,0,3
131,709,156,3,0
132,666,131,1,2
132,694,131,1,2
132,700,131,1,2
132,709,131,1,2
133,666,132,1,2
133,694,132,1,2
133,700,132,1,2
133,709,132,1,2
134,632,135,2,1
134,666,133,1,2
134,700,133,1,2
134,709,133,1,2
135,666,134,1,2
135,700,134,1,2
135,709,134,1,2
136,656,137,2,1
136,666,135,1,2
136,688,137,2,1
137,630,138,2,1
137,659,138,2,1
137,668,138,2,1
137,671,138,2,1
137,676,138,2,1
137,690,138,2,1
138,643,113,0,3
138,653,113,0,3
138,711,163,3,0
138,719,113,0,3
139,626,114,0,3
139,641,164,3,0
139,677,114,0,3
139,684,164,3,0
139,693,114,0,3
140,666,141,2,1
140,700,141,2,1
141,633,166,3,0
141,640,116,0,3
141,658,166,3,0
141,661,116,0,3
141,666,142,2,1
141,689,116,0,3
141,696,166,3,0
141,698,166,3,0
141,700,142,2,1
141,709,142,2,1
141,710,166,3,0
142,638,167,3,0
142,666,143,2,1
142,700,143,2,1
142,703,117,0,3
142,709,143,2,1
143,666,144,2,1
143,672,168,3,0
143,694,144,2,1
143,700,144,2,1
143,701,118,0,3
143,709,144,2,1
143,712,118,0,3
144,666,169,3,0
144,694,169,3,0
144,700,119,0,3
144,709,169,3,0
145,666,170,3,0
145,694,146,2,1
145,700,120,0,3
145,709,170,3,0
146,627,147,2,1
146,636,147,2,1
146,644,147,2,1
146,652,147,2,1
146,657,147,2,1
146,666,171,3,0
146,679,147,2,1
146,685,147,2,1
146,697,147,2,1
146,700,121,0,3
146,702,147,2,1
146,708,147,2,1
146,709,171,3,0
146,722,147,2,1
147,637,148,2,1
147,649,148,2,1
147,651,148,2,1
147,660,148,2,1
147,663,148,2,1
147,666,172,3,0
147,674,148,2,1
147,682,148,2,1
147,700,122,0,3
147,707,148,2,1
147,709,148,2,1
147,717,148,2,1
147,720,148,2,1
148,625,149,2,1
148,631,149,2,1
148,666,149,2,1
148,669,149,2,1
148,686,149,2,1
148,704,149,2,1
148,715,149,2,1
148,723,149,2,1
149,628,125,2,3
149,635,125,2,3
149,642,125,2,3
149,645,125,2,3
149,650,125,2,3
149,678,125,2,3
149,691,125,2,3
149,695,125,2,3
151,681,176,3,0
152,666,177,3,0
152,680,127,0,3
152,700,127,0,3
153,629,128,0,3
153,634,178,3,0
153,666,178,3,0
153,700,128,0,3
153,709,178,3,0
154,666,179,3,0
154,700,129,0,3
154,709,179,3,0
155,666,180,3,0
155,694,694,73,0
155,700,130,0,3
155,709,180,3,0
156,666,181,3,0
156,694,155,1,2
156,700,131,0,3
156,709,181,3,0
157,666,156,1,2
157,694,156,1,2
157,700,156,1,2
157,709,156,1,2
158,666,157,1,2
158,694,157,1,2
158,700,157,1,2
158,709,157,1,2
159,632,160,2,1
159,665,160,2,1
159,666,158,1,2
159,700,158,1,2
159,709,158,1,2
160,666,159,1,2
160,700,159,1,2
160,709,159,1,2
161,656,162,2,1
161,666,160,1,2
161,688,162,2,1
162,630,163,2,1
162,659,163,2,1
162,668,163,2,1
162,671,163,2,1
162,676,163,2,1
162,690,163,2,1
163,643,138,0,3
163,653,138,0,3
163,711,188,3,0
163,719,138,0,3
164,626,139,0,3
164,641,189,3,0
164,677,139,0,3
164,684,189,3,0
164,693,139,0,3
165,666,166,2,1
165,700,166,2,1
165,709,164,1,2
166,640,141,0,3
166,658,191,3,0
166,661,141,0,3
166,666,167,2,1
166,689,141,0,3
166,696,191,3,0
166,698,191,3,0
166,700,167,2,1
166,709,167,2,1
166,710,191,3,0
167,638,192,3,0
167,666,168,2,1
167,700,168,2,1
167,703,142,0,3
167,709,168,2,1
168,664,143,0,3
168,666,169,2,1
168,694,169,2,1
168,700,169,2,1
168,701,143,0,3
168,709,169,2,1
168,712,143,0,3
169,666,194,3,0
169,694,170,2,1
169,700,144,0,3
169,709,194,3,0
170,666,195,3,0
170,694,171,2,1
170,700,145,0,3
170,709,195,3,0
171,627,172,2,1
171,636,172,2,1
171,644,172,2,1
171,652,172,2,1
171,657,172,2,1
171,666,196,3,0
171,679,172,2,1
171,685,172,2,1
171,697,172,2,1
171,700,146,0,3
171,702,172,2,1
171,709,196,3,0
171,722,172,2,1
172,637,173,2,1
172,649,173,2,1
172,660,173,2,1
172,663,173,2,1
172,666,197,3,0
172,674,173,2,1
172,682,173,2,1
172,700,147,0,3
172,707,173,2,1
172,709,173,2,1
172,717,173,2,1
172,720,173,2,1
173,625,174,2,1
173,631,174,2,1
173,666,174,2,1
173,669,174,2,1
173,686,174,2,1
173,704,174,2,1
173,715,174,2,1
173,723,174,2,1
174,628,150,2,3
174,635,150,2,3
174,642,150,2,3
174,645,150,2,3
174,650,150,2,3
174,678,150,2,3
174,691,150,2,3
174,695,150,2,3
176,681,201,3,0
177,639,152,0,3
177,666,202,3,0
177,680,152,0,3
177,700,152,0,3
178,629,153,0,3
178,634,203,3,0
178,666,203,3,0
178,687,153,0,3
178,700,153,0,3
178,709,203,3,0
179,666,204,3,0
179,700,154,0,3
179,709,204,3,0
180,666,205,3,0
180,694,155,0,3
180,700,155,0,3
180,709,205,3,0
181,666,206,3,0
181,700,156,0,3
181,709,206,3,0
182,666,181,1,2
182,694,181,1,2
182,700,181,1,2
182,709,181,1,2
183,666,182,1,2
183,694,182,1,2
183,700,182,1,2
183,709,182,1,2
184,632,185,2,1
184,665,185,2,1
184,666,183,1,2
184,700,183,1,2
184,709,183,1,2
185,666,184,1,2
185,700,184,1,2
185,709,184,1,2
186,656,187,2,1
186,666,185,1,2
186,688,187,2,1
187,630,188,2,1
187,659,188,2,1
187,668,188,2,1
187,671,188,2,1
187,676,188,2,1
187,690,188,2,1
188,643,163,0,3
188,653,163,0,3
188,711,213,3,0
188,719,163,0,3
189,626,164,0,3
189,641,214,3,0
189,677,164,0,3
189,684,214,3,0
189,693,164,0,3
190,666,191,2,1
190,700,191,2,1
190,709,189,1,2
191,633,166,0,3
191,640,166,0,3
191,658,216,3,0
191,661,166,0,3
191,666,192,2,1
191,689,166,0,3
191,696,216,3,0
191,700,192,2,1
191,709,192,2,1
191,710,216,3,0
192,638,217,3,0
192,666,193,2,1
192,700,193,2,1
192,703,167,0,3
192,709,193,2,1
193,664,168,0,3
193,666,194,2,1
193,672,168,0,3
193,694,194,2,1
193,700,194,2,1
193,701,168,0,3
193,709,194,2,1
193,712,168,0,3
194,666,219,3,0
194,700,169,0,3
194,709,219,3,0
195,666,220,3,0
195,694,196,2,1
195,700,170,0,3
195,709,220,3,0
196,627,197,2,1
196,636,197,2,1
196,644,197,2,1
196,652,197,2,1
196,657,197,2,1
196,666,221,3,0
196,679,197,2,1
196,685,197,2,1
196,697,197,2,1
196,700,171,0,3
196,702,197,2,1
196,708,197,2,1
196,709,221,3,0
196,722,197,2,1
197,637,198,2,1
197,649,198,2,1
197,651,198,2,1
197,660,198,2,1
197,663,198,2,1
197,666,222,3,0
197,682,198,2,1
197,700,172,0,3
197,707,198,2,1
197,709,198,2,1
197,717,198,2,1
197,720,198,2,1
198,625,199,2,1
198,631,199,2,1
198,666,199,2,1
198,669,199,2,1
198,686,199,2,1
198,704,199,2,1
198,715,199,2,1
198,723,199,2,1
199,628,175,2,3
199,635,175,2,3
199,642,175,2,3
199,645,175,2,3
199,650,175,2,3
199,678,175,2,3
199,691,175,2,3
199,695,175,2,3
201,681,226,3,0
202,639,177,0,3
202,666,227,3,0
202,680,177,0,3
202,700,177,0,3
203,629,178,0,3
203,634,228,3,0
203,666,228,3,0
203,687,178,0,3
203,700,178,0,3
203,709,228,3,0
204,666,229,3,0
204,700,179,0,3
204,709,229,3,0
205,666,230,3,0
205,694,180,0,3
205,700,180,0,3
205,709,230,3,0
206,666,231,3,0
206,700,181,0,3
206,709,231,3,0
207,666,206,1,2
207,694,206,1,2
207,700,206,1,2
207,709,206,1,2
208,666,207,1,2
208,694,207,1,2
208,700,207,1,2
208,709,207,1,2
209,632,210,2,1
209,665,210,2,1
209,666,208,1,2
209,700,208,1,2
209,709,208,1,2
210,666,209,1,2
210,700,209,1,2
210,709,209,1,2
211,656,212,2,1
211,666,210,1,2
211,688,212,2,1
212,630,213,2,1
212,659,213,2,1
212,668,213,2,1
212,671,213,2,1
212,676,213,2,1
212,690,213,2,1
213,643,188,0,3
213,653,238,3,0
213,711,238,3,0
213,719,188,0,3
214,626,189,0,3
214,641,239,3,0
214,677,189,0,3
214,684,239,3,0
214,693,189,0,3
215,666,216,2,1
215,700,216,2,1
215,709,214,1,2
216,633,191,0,3
216,640,191,0,3
216,658,241,3,0
216,661,191,0,3
216,666,217,2,1
216,689,191,0,3
216,696,241,3,0
216,698,191,0,3
216,700,217,2,1
216,709,217,2,1
216,710,241,3,0
217,638,242,3,0
217,666,218,2,1
217,700,218,2,1
217,703,192,0,3
217,709,218,2,1
218,664,193,0,3
218,666,219,2,1
218,672,193,0,3
218,694,219,2,1
218,700,219,2,1
218,701,193,0,3
218,709,219,2,1
218,712,193,0,3
219,666,244,3,0
219,700,194,0,3
219,709,244,3,0
220,666,245,3,0
220,694,221,2,1
220,700,195,0,3
220,709,245,3,0
221,627,222,2,1
221,636,222,2,1
221,644,222,2,1
221,652,222,2,1
221,657,222,2,1
221,666,246,3,0
221,679,222,2,1
221,685,222,2,1
221,697,222,2,1
221,700,196,0,3
221,708,222,2,1
221,709,246,3,0
221,722,222,2,1
222,637,223,2,1
222,649,223,2,1
222,651,223,2,1
222,660,223,2,1
222,663,223,2,1
222,666,247,3,0
222,674,223,2,1
222,682,223,2,1
222,700,197,0,3
222,707,223,2,1
222,709,223,2,1
222,717,223,2,1
222,720,223,2,1
223,625,224,2,1
223,631,224,2,1
223,666,224,2,1
223,669,224,2,1
223,686,224,2,1
223,704,224,2,1
223,715,224,2,1
223,723,224,2,1
224,628,200,2,3
224,642,200,2,3
224,645,200,2,3
224,650,200,2,3
224,678,200,2,3
224,695,200,2,3
226,681,251,3,0
227,639,202,0,3
227,666,252,3,0
227,680,202,0,3
227,700,202,0,3
228,629,203,0,3
228,634,253,3,0
228,666,253,3,0
228,687,203,0,3
228,700,203,0,3
228,709,253,3,0
229,666,254,3,0
229,700,204,0,3
229,709,254,3,0
230,666,255,3,0
230,694,205,0,3
230,700,205,0,3
230,709,255,3,0
231,666,256,3,0
231,700,206,0,3
231,709,256,3,0
232,666,231,1,2
232,694,231,1,2
232,700,231,1,2
232,709,231,1,2
233,666,232,1,2
233,694,232,1,2
233,700,232,1,2
233,709,232,1,2
234,632,235,2,1
234,665,235,2,1
234,666,233,1,2
234,700,233,1,2
234,709,233,1,2
235,666,234,1,2
235,700,234,1,2
235,709,234,1,2
236,656,237,2,1
236,666,235,1,2
236,688,237,2,1
237,630,238,2,1
237,659,238,2,1
237,668,238,2,1
237,671,238,2,1
237,676,238,2,1
237,690,238,2,1
238,643,263,3,0
238,653,263,3,0
238,711,263,3,0
238,719,213,0,3
239,626,214,0,3
239,641,264,3,0
239,677,214,0,3
239,684,264,3,0
239,693,214,0,3
240,666,241,2,1
240,700,241,2,1
240,709,239,1,2
241,633,216,0,3
241,640,216,0,3
241,658,266,3,0
241,661,216,0,3
241,666,242,2,1
241,689,216,0,3
241,696,266,3,0
241,698,216,0,3
241,700,242,2,1
241,709,242,2,1
241,710,266,3,0
242,638,267,3,0
242,666,243,2,1
242,700,243,2,1
242,703,217,0,3
242,709,243,2,1
243,664,218,0,3
243,666,244,2,1
243,672,218,0,3
243,694,244,2,1
243,700,244,2,1
243,701,218,0,3
243,709,244,2,1
243,712,218,0,3
244,666,269,3,0
244,700,219,0,3
244,709,269,3,0
245,666,270,3,0
245,694,246,2,1
245,700,220,0,3
245,709,270,3,0
246,627,247,2,1
246,636,247,2,1
246,644,247,2,1
246,652,247,2,1
246,657,247,2,1
246,666,271,3,0
246,679,247,2,1
246,685,247,2,1
246,697,247,2,1
246,700,221,0,3
246,702,247,2,1
246,708,247,2,1
246,709,271,3,0
246,722,247,2,1
247,637,248,2,1
247,649,248,2,1
247,651,248,2,1
247,660,248,2,1
247,663,248,2,1
247,666,272,3,0
247,674,248,2,1
247,700,222,0,3
247,707,248,2,1
247,709,248,2,1
247,717,248,2,1
247,720,248,2,1
248,625,249,2,1
248,631,249,2,1
248,666,249,2,1
248,669,249,2,1
248,686,249,2,1
248,704,249,2,1
248,715,249,2,1
248,723,249,2,1
249,628,225,2,3
249,635,225,2,3
249,642,225,2,3
249,645,225,2,3
249,650,225,2,3
249,678,225,2,3
249,691,225,2,3
251,681,276,3,0
252,639,227,0,3
252,666,277,3,0
252,680,227,0,3
252,700,227,0,3
253,629,228,0,3
253,634,278,3,0
253,666,278,3,0
253,687,228,0,3
253,700,228,0,3
253,709,278,3,0
254,666,279,3,0
254,700,229,0,3
254,709,279,3,0
255,666,280,3,0
255,694,230,0,3
255,700,230,0,3
255,709,280,3,0
256,666,281,3,0
256,700,231,0,3
256,709,281,3,0
257,666,256,1,2
257,694,256,1,2
257,700,256,1,2
257,709,256,1,2
258,666,257,1,2
258,694,257,1,2
258,700,257,1,2
258,709,257,1,2
259,632,260,2,1
259,665,260,2,1
259,666,258,1,2
259,700,258,1,2
259,709,258,1,2
260,666,259,1,2
260,700,259,1,2
260,709,259,1,2
261,656,262,2,1
261,666,260,1,2
261,688,262,2,1
262,630,263,2,1
262,659,263,2,1
262,668,263,2,1
262,671,263,2,1
262,676,263,2,1
262,690,263,2,1
263,643,288,3,0
263,653,288,3,0
263,711,288,3,0
263,719,238,0,3
264,626,239,0,3
264,641,289,3,0
264,677,239,0,3
264,684,289,3,0
264,693,239,0,3
265,666,266,2,1
265,700,266,2,1
265,709,264,1,2
266,633,241,0,3
266,640,241,0,3
266,658,291,3,0
266,661,241,0,3
266,666,267,2,1
266,689,241,0,3
266,696,291,3,0
266,698,241,0,3
266,700,267,2,1
266,709,267,2,1
266,710,291,3,0
267,638,292,3,0
267,666,268,2,1
267,700,268,2,1
267,703,242,0,3
267,709,268,2,1
268,664,243,0,3
268,666,269,2,1
268,672,243,0,3
268,694,269,2,1
268,700,269,2,1
268,701,243,0,3
268,709,269,2,1
268,712,243,0,3
269,666,294,3,0
269,700,244,0,3
269,709,294,3,0
270,666,295,3,0
270,694,271,2,1
270,700,245,0,3
270,709,295,3,0
271,627,272,2,1
271,636,272,2,1
271,644,272,2,1
271,652,272,2,1
271,657,272,2,1
271,666,296,3,0
271,679,272,2,1
271,685,272,2,1
271,697,272,2,1
271,700,246,0,3
271,702,272,2,1
271,708,272,2,1
271,709,296,3,0
272,637,273,2,1
272,649,273,2,1
272,651,273,2,1
272,660,273,2,1
272,663,273,2,1
272,666,297,3,0
272,674,273,2,1
272,682,273,2,1
272,700,247,0,3
272,707,273,2,1
272,709,273,2,1
272,720,273,2,1
273,625,274,2,1
273,631,274,2,1
273,666,274,2,1
273,669,274,2,1
273,686,274,2,1
273,704,274,2,1
273,715,274,2,1
273,723,274,2,1
274,628,250,2,3
274,635,250,2,3
274,642,250,2,3
274,645,250,2,3
274,650,250,2,3
274,678,250,2,3
274,691,250,2,3
274,695,250,2,3
277,639,252,0,3
277,666,302,3,0
277,680,252,0,3
277,700,252,0,3
278,629,253,0,3
278,634,303,3,0
278,666,303,3,0
278,687,253,0,3
278,700,253,0,3
278,709,303,3,0
279,666,304,3,0
279,700,254,0,3
279,709,304,3,0
280,666,305,3,0
280,694,255,0,3
280,700,255,0,3
280,709,305,3,0
281,666,306,3,0
281,700,256,0,3
281,709,306,3,0
282,666,281,1,2
282,694,281,1,2
282,700,281,1,2
282,709,281,1,2
283,666,282,1,2
283,694,282,1,2
283,700,282,1,2
283,709,282,1,2
284,632,285,2,1
284,665,285,2,1
284,666,283,1,2
284,700,283,1,2
284,709,283,1,2
285,666,284,1,2
285,700,284,1,2
285,709,284,1,2
286,656,287,2,1
286,666,285,1,2
286,688,287,2,1
287,630,288,2,1
287,659,288,2,1
287,668,288,2,1
287,671,288,2,1
287,676,288,2,1
287,690,288,2,1
288,643,313,3,0
288,653,313,3,0
288,711,313,3,0
288,719,263,0,3
289,626,264,0,3
289,641,314,3,0
289,677,264,0,3
289,684,314,3,0
289,693,264,0,3
290,666,291,2,1
290,700,291,2,1
290,709,289,1,2
291,633,266,0,3
291,640,266,0,3
291,658,316,3,0
291,661,266,0,3
291,666,292,2,1
291,689,316,3,0
291,696,316,3,0
291,698,266,0,3
291,700,292,2,1
291,709,292,2,1
291,710,316,3,0
292,638,317,3,0
292,666,293,2,1
292,700,293,2,1
292,703,267,0,3
292,709,293,2,1
293,664,268,0,3
293,666,294,2,1
293,672,268,0,3
293,694,294,2,1
293,700,294,2,1
293,701,268,0,3
293,709,294,2,1
293,712,268,0,3
294,666,319,3,0
294,700,269,0,3
294,709,319,3,0
295,666,320,3,0
295,694,296,2,1
295,700,270,0,3
295,709,320,3,0
296,627,297,2,1
296,644,297,2,1
296,652,297,2,1
296,657,297,2,1
296,666,321,3,0
296,679,297,2,1
296,685,297,2,1
296,697,297,2,1
296,700,271,0,3
296,702,297,2,1
296,708,297,2,1
296,709,321,3,0
296,722,297,2,1
297,637,298,2,1
297,649,298,2,1
297,651,298,2,1
297,660,298,2,1
297,663,298,2,1
297,666,322,3,0
297,674,298,2,1
297,682,298,2,1
297,700,272,0,3
297,707,298,2,1
297,709,298,2,1
297,717,298,2,1
298,625,299,2,1
298,631,299,2,1
298,666,299,2,1
298,669,299,2,1
298,686,299,2,1
298,704,299,2,1
298,715,299,2,1
298,723,299,2,1
299,628,275,2,3
299,635,275,2,3
299,642,275,2,3
299,645,275,2,3
299,650,275,2,3
299,678,275,2,3
299,691,275,2,3
299,695,275,2,3
301,681,276,0,3
302,639,277,0,3
302,666,666,45,0
302,680,277,0,3
302,700,277,0,3
303,629,278,0,3
303,666,302,1,2
303,687,278,0,3
303,700,278,0,3
303,709,328,3,0
304,666,303,1,2
304,700,279,0,3
304,709,329,3,0
305,666,304,1,2
305,694,280,0,3
305,700,280,0,3
305,709,330,3,0
306,666,305,1,2
306,700,281,0,3
306,709,331,3,0
307,666,306,1,2
307,694,306,1,2
307,700,306,1,2
307,709,306,1,2
308,666,307,1,2
308,694,307,1,2
308,700,307,1,2
308,709,307,1,2
309,632,310,2,1
309,665,310,2,1
309,666,308,1,2
309,700,308,1,2
309,709,308,1,2
310,666,309,1,2
310,700,309,1,2
310,709,309,1,2
311,656,312,2,1
311,666,310,1,2
311,688,312,2,1
312,630,313,2,1
312,659,313,2,1
312,668,313,2,1
312,671,313,2,1
312,676,313,2,1
312,690,313,2,1
313,643,338,3,0
313,653,338,3,0
313,711,338,3,0
313,719,338,3,0
314,626,289,0,3
314,641,339,3,0
314,677,289,0,3
314,684,339,3,0
314,693,289,0,3
315,666,316,2,1
315,700,316,2,1
315,709,314,1,2
316,633,291,0,3
316,640,291,0,3
316,658,341,3,0
316,661,291,0,3
316,666,317,2,1
316,689,341,3,0
316,696,341,3,0
316,698,291,0,3
316,700,317,2,1
316,709,317,2,1
316,710,341,3,0
317,638,342,3,0
317,666,318,2,1
317,700,318,2,1
317,703,292,0,3
317,709,318,2,1
318,664,293,0,3
318,666,319,2,1
318,672,293,0,3
318,694,319,2,1
318,700,319,2,1
318,701,293,0,3
318,709,319,2,1
318,712,293,0,3
319,666,320,2,1
319,700,294,0,3
319,709,344,3,0
320,666,321,2,1
320,694,321,2,1
320,700,295,0,3
320,709,345,3,0
321,627,322,2,1
321,636,322,2,1
321,644,322,2,1
321,652,322,2,1
321,657,322,2,1
321,666,322,2,1
321,679,322,2,1
321,685,322,2,1
321,697,322,2,1
321,700,296,0,3
321,702,322,2,1
321,708,322,2,1
321,709,346,3,0
321,722,322,2,1
322,637,323,2,1
322,649,323,2,1
322,651,323,2,1
322,660,323,2,1
322,663,323,2,1
322,666,323,2,1
322,674,323,2,1
322,682,323,2,1
322,700,297,0,3
322,707,323,2,1
322,709,323,2,1
322,717,323,2,1
322,720,323,2,1
323,625,324,2,1
323,631,324,2,1
323,666,324,2,1
323,669,324,2,1
323,686,324,2,1
323,704,324,2,1
323,715,324,2,1
323,723,324,2,1
324,628,300,2,3
324,635,300,2,3
324,642,300,2,3
324,645,300,2,3
324,650,300,2,3
324,678,300,2,3
324,691,300,2,3
324,695,300,2,3
326,681,301,0,3
327,639,302,0,3
327,666,302,0,3
327,680,302,0,3
327,700,302,0,3
328,629,303,0,3
328,634,303,0,3
328,666,303,0,3
328,687,303,0,3
328,700,303,0,3
328,709,709,88,0
329,666,304,0,3
329,700,304,0,3
329,709,328,1,2
330,666,305,0,3
330,694,305,0,3
330,700,305,0,3
330,709,329,1,2
331,700,306,0,3
331,709,330,1,2
332,666,331,1,2
332,694,331,1,2
332,700,331,1,2
332,709,331,1,2
333,666,332,1,2
333,694,332,1,2
333,700,332,1,2
333,709,332,1,2
334,632,335,2,1
334,665,335,2,1
334,666,333,1,2
334,700,333,1,2
334,709,333,1,2
335,666,334,1,2
335,700,334,1,2
335,709,334,1,2
336,656,337,2,1
336,666,335,1,2
336,688,337,2,1
337,630,338,2,1
337,659,338,2,1
337,668,338,2,1
337,671,338,2,1
337,676,338,2,1
337,690,338,2,1
338,643,363,3,0
338,653,363,3,0
338,711,363,3,0
338,719,363,3,0
339,626,314,0,3
339,641,364,3,0
339,677,314,0,3
339,684,364,3,0
339,693,314,0,3
340,666,341,2,1
340,700,341,2,1
340,709,339,1,2
341,633,316,0,3
341,640,366,3,0
341,658,366,3,0
341,661,316,0,3
341,666,342,2,1
341,689,366,3,0
341,696,366,3,0
341,698,316,0,3
341,700,342,2,1
341,709,342,2,1
341,710,366,3,0
342,638,367,3,0
342,666,343,2,1
342,700,343,2,1
342,703,367,3,0
342,709,343,2,1
343,664,318,0,3
343,666,344,2,1
343,672,318,0,3
343,694,344,2,1
343,700,344,2,1
343,701,318,0,3
343,709,344,2,1
343,712,318,0,3
344,700,319,0,3
344,709,345,2,1
345,666,320,0,3
345,694,346,2,1
345,700,320,0,3
345,709,346,2,1
346,627,347,2,1
346,636,347,2,1
346,644,347,2,1
346,657,347,2,1
346,666,321,0,3
346,679,347,2,1
346,685,347,2,1
346,697,347,2,1
346,700,321,0,3
346,702,347,2,1
346,708,347,2,1
346,709,347,2,1
346,722,347,2,1
347,637,348,2,1
347,649,348,2,1
347,651,348,2,1
347,660,348,2,1
347,663,348,2,1
347,666,322,0,3
347,674,348,2,1
347,682,348,2,1
347,700,322,0,3
347,707,348,2,1
347,709,348,2,1
347,717,348,2,1
347,720,348,2,1
348,625,349,2,1
348,631,349,2,1
348,666,349,2,1
348,686,349,2,1
348,704,349,2,1
348,723,349,2,1
349,628,325,2,3
349,635,325,2,3
349,642,325,2,3
349,650,325,2,3
349,678,325,2,3
349,691,325,2,3
349,695,325,2,3
351,681,326,0,3
352,639,327,0,3
352,666,327,0,3
352,680,327,0,3
352,700,377,3,0
353,629,328,0,3
353,634,328,0,3
353,666,328,0,3
353,687,328,0,3
353,700,378,3,0
353,709,328,0,3
354,666,329,0,3
354,700,379,3,0
354,709,329,0,3
355,666,330,0,3
355,694,330,0,3
355,700,380,3,0
355,709,330,0,3
357,666,356,1,2
357,694,356,1,2
357,700,356,1,2
357,709,356,1,2
358,666,357,1,2
358,694,357,1,2
358,700,357,1,2
358,709,357,1,2
359,632,360,2,1
359,665,360,2,1
359,666,358,1,2
359,700,358,1,2
359,709,358,1,2
360,666,359,1,2
360,700,359,1,2
360,709,359,1,2
361,656,362,2,1
361,666,360,1,2
361,688,362,2,1
362,630,363,2,1
362,659,363,2,1
362,668,363,2,1
362,671,363,2,1
362,676,363,2,1
362,690,363,2,1
363,643,388,3,0
363,653,388,3,0
363,711,388,3,0
363,719,388,3,0
364,626,339,0,3
364,641,389,3,0
364,677,339,0,3
364,684,389,3,0
364,693,339,0,3
365,666,366,2,1
365,700,366,2,1
365,709,364,1,2
366,633,341,0,3
366,640,391,3,0
366,658,391,3,0
366,661,391,3,0
366,666,367,2,1
366,689,391,3,0
366,696,391,3,0
366,698,341,0,3
366,700,367,2,1
366,709,367,2,1
366,710,391,3,0
367,638,392,3,0
367,666,368,2,1
367,700,368,2,1
367,703,392,3,0
367,709,368,2,1
368,664,343,0,3
368,666,369,2,1
368,672,343,0,3
368,694,369,2,1
368,700,369,2,1
368,701,393,3,0
368,709,369,2,1
368,712,343,0,3
370,666,345,0,3
370,694,371,2,1
370,700,395,3,0
370,709,345,0,3
371,627,372,2,1
371,636,372,2,1
371,644,372,2,1
371,652,372,2,1
371,657,372,2,1
371,666,346,0,3
371,679,372,2,1
371,700,396,3,0
371,702,372,2,1
371,708,372,2,1
371,709,346,0,3
371,722,372,2,1
372,637,373,2,1
372,651,373,2,1
372,660,373,2,1
372,663,373,2,1
372,666,347,0,3
372,674,373,2,1
372,682,373,2,1
372,700,397,3,0
372,707,373,2,1
372,709,373,2,1
372,717,373,2,1
372,720,373,2,1
373,625,374,2,1
373,631,374,2,1
373,666,374,2,1
373,669,374,2,1
373,686,374,2,1
373,704,374,2,1
373,715,374,2,1
373,723,374,2,1
374,628,350,2,3
374,635,350,2,3
374,642,350,2,3
374,645,350,2,3
374,650,350,2,3
374,678,350,2,3
374,691,350,2,3
374,695,350,2,3
376,681,351,0,3
377,639,352,0,3
377,666,352,0,3
377,680,352,0,3
377,700,402,3,0
378,629,353,0,3
378,634,353,0,3
378,666,353,0,3
378,687,353,0,3
378,700,403,3,0
378,709,353,0,3
379,666,354,0,3
379,700,404,3,0
379,709,354,0,3
380,666,355,0,3
380,694,355,0,3
380,700,405,3,0
380,709,355,0,3
381,666,356,0,3
381,694,356,0,3
382,666,381,1,2
382,694,381,1,2
382,700,381,1,2
382,709,381,1,2
383,666,382,1,2
383,694,382,1,2
383,700,382,1,2
383,709,382,1,2
384,632,385,2,1
384,665,385,2,1
384,666,383,1,2
384,700,383,1,2
384,709,383,1,2
385,666,384,1,2
385,700,384,1,2
385,709,384,1,2
386,666,385,1,2
386,688,387,2,1
387,630,388,2,1
387,659,388,2,1
387,668,388,2,1
387,671,388,2,1
387,676,388,2,1
388,643,413,3,0
388,653,413,3,0
388,711,413,3,0
388,719,413,3,0
389,626,364,0,3
389,641,414,3,0
389,677,364,0,3
389,693,414,3,0
390,666,391,2,1
390,700,391,2,1
390,709,389,1,2
391,633,366,0,3
391,640,416,3,0
391,661,416,3,0
391,666,392,2,1
391,689,416,3,0
391,696,416,3,0
391,698,366,0,3
391,700,392,2,1
391,709,392,2,1
392,638,417,3,0
392,666,393,2,1
392,700,393,2,1
392,703,417,3,0
392,709,393,2,1
393,664,368,0,3
393,666,394,2,1
393,672,368,0,3
393,694,394,2,1
393,700,394,2,1
393,701,418,3,0
393,709,394,2,1
393,712,368,0,3
394,666,369,0,3
394,694,369,0,3
395,666,370,0,3
395,694,396,2,1
395,700,420,3,0
395,709,370,0,3
396,627,397,2,1
396,636,397,2,1
396,652,397,2,1
396,657,397,2,1
396,666,371,0,3
396,679,397,2,1
396,685,397,2,1
396,697,397,2,1
396,700,421,3,0
396,702,397,2,1
396,708,397,2,1
396,709,371,0,3
396,722,397,2,1
397,637,398,2,1
397,649,398,2,1
397,651,398,2,1
397,660,398,2,1
397,663,398,2,1
397,666,372,0,3
397,674,398,2,1
397,682,398,2,1
397,700,422,3,0
397,707,398,2,1
397,709,398,2,1
397,717,398,2,1
397,720,398,2,1
398,625,399,2,1
398,631,399,2,1
398,666,399,2,1
398,669,399,2,1
398,686,399,2,1
398,715,399,2,1
399,635,375,2,3
399,642,375,2,3
399,645,375,2,3
399,650,375,2,3
399,678,375,2,3
399,691,375,2,3
399,695,375,2,3
401,681,376,0,3
402,639,377,0,3
402,666,377,0,3
402,680,377,0,3
402,700,427,3,0
403,629,378,0,3
403,634,378,0,3
403,666,378,0,3
403,687,378,0,3
403,700,428,3,0
403,709,378,0,3
404,666,379,0,3
404,700,429,3,0
404,709,379,0,3
405,666,380,0,3
405,694,380,0,3
405,700,430,3,0
405,709,380,0,3
406,666,381,0,3
406,694,381,0,3
407,666,406,1,2
407,694,406,1,2
407,700,406,1,2
407,709,406,1,2
408,666,407,1,2
408,694,407,1,2
408,700,407,1,2
408,709,407,1,2
409,632,410,2,1
409,665,410,2,1
409,666,408,1,2
409,700,408,1,2
409,709,408,1,2
410,666,409,1,2
410,700,409,1,2
410,709,409,1,2
411,656,412,2,1
411,666,410,1,2
412,630,413,2,1
412,659,413,2,1
412,668,413,2,1
412,671,413,2,1
412,676,413,2,1
412,690,413,2,1
413,643,438,3,0
413,653,438,3,0
413,719,438,3,0
414,626,389,0,3
414,641,439,3,0
414,677,389,0,3
414,684,389,0,3
414,693,439,3,0
415,666,416,2,1
415,700,416,2,1
415,709,414,1,2
416,633,391,0,3
416,640,441,3,0
416,658,391,0,3
416,661,441,3,0
416,666,417,2,1
416,689,441,3,0
416,696,441,3,0
416,698,391,0,3
416,700,417,2,1
416,709,417,2,1
416,710,391,0,3
417,666,418,2,1
417,700,418,2,1
417,703,442,3,0
417,709,418,2,1
418,664,393,0,3
418,666,419,2,1
418,672,393,0,3
418,694,419,2,1
418,700,419,2,1
418,701,443,3,0
418,709,419,2,1
418,712,393,0,3
419,666,394,0,3
419,694,394,0,3
420,666,395,0,3
420,694,421,2,1
420,700,445,3,0
420,709,395,0,3
421,627,422,2,1
421,636,422,2,1
421,644,422,2,1
421,652,422,2,1
421,657,422,2,1
421,666,396,0,3
421,679,422,2,1
421,685,422,2,1
421,697,422,2,1
421,700,446,3,0
421,702,422,2,1
421,708,422,2,1
421,709,396,0,3
421,722,422,2,1
422,649,423,2,1
422,651,423,2,1
422,660,423,2,1
422,663,423,2,1
422,666,397,0,3
422,674,423,2,1
422,682,423,2,1
422,700,447,3,0
422,707,423,2,1
422,709,423,2,1
422,717,423,2,1
422,720,423,2,1
423,625,424,2,1
423,631,424,2,1
423,666,424,2,1
423,669,424,2,1
423,686,424,2,1
423,704,424,2,1
423,715,424,2,1
423,723,424,2,1
424,628,400,2,3
424,635,400,2,3
424,642,400,2,3
424,645,400,2,3
424,650,400,2,3
424,691,400,2,3
424,695,400,2,3
426,681,401,0,3
427,639,402,0,3
427,666,402,0,3
427,680,402,0,3
427,700,452,3,0
428,629,403,0,3
428,634,403,0,3
428,666,403,0,3
428,687,403,0,3
428,700,453,3,0
428,709,403,0,3
429,666,404,0,3
429,700,454,3,0
429,709,404,0,3
430,666,405,0,3
430,694,405,0,3
430,700,455,3,0
430,709,405,0,3
431,666,406,0,3
431,694,406,0,3
431,700,456,3,0
432,666,431,1,2
432,694,431,1,2
432,700,431,1,2
432,709,431,1,2
433,666,432,1,2
433,694,432,1,2
433,700,432,1,2
433,709,432,1,2
434,632,435,2,1
434,665,435,2,1
434,666,433,1,2
434,700,433,1,2
434,709,433,1,2
435,666,434,1,2
435,700,434,1,2
435,709,434,1,2
436,656,437,2,1
436,666,435,1,2
436,688,437,2,1
437,630,438,2,1
437,659,438,2,1
437,668,438,2,1
437,671,438,2,1
437,676,438,2,1
437,690,438,2,1
438,643,463,3,0
438,653,463,3,0
438,711,413,0,3
438,719,463,3,0
439,626,464,3,0
439,677,464,3,0
439,684,414,0,3
439,693,464,3,0
440,666,441,2,1
440,700,441,2,1
440,709,439,1,2
441,633,416,0,3
441,640,466,3,0
441,658,416,0,3
441,661,466,3,0
441,666,442,2,1
441,689,466,3,0
441,698,416,0,3
441,700,442,2,1
441,709,442,2,1
441,710,416,0,3
442,638,417,0,3
442,666,443,2,1
442,700,443,2,1
442,703,467,3,0
442,709,443,2,1
443,664,418,0,3
443,666,444,2,1
443,672,418,0,3
443,694,444,2,1
443,700,444,2,1
443,701,468,3,0
443,709,444,2,1
443,712,468,3,0
444,666,419,0,3
444,694,419,0,3
444,700,469,3,0
445,666,420,0,3
445,694,446,2,1
445,700,470,3,0
445,709,420,0,3
446,627,447,2,1
446,636,447,2,1
446,644,447,2,1
446,652,447,2,1
446,657,447,2,1
446,666,421,0,3
446,679,447,2,1
446,685,447,2,1
446,697,447,2,1
446,700,471,3,0
446,702,447,2,1
446,708,447,2,1
446,709,421,0,3
446,722,447,2,1
447,637,448,2,1
447,649,448,2,1
447,651,448,2,1
447,660,448,2,1
447,663,448,2,1
447,666,422,0,3
447,674,448,2,1
447,682,448,2,1
447,700,472,3,0
447,707,448,2,1
447,709,448,2,1
447,717,448,2,1
447,720,448,2,1
448,625,449,2,1
448,631,449,2,1
448,666,449,2,1
448,669,449,2,1
448,686,449,2,1
448,704,449,2,1
448,715,449,2,1
448,723,449,2,1
449,628,425,2,3
449,635,425,2,3
449,642,425,2,3
449,645,425,2,3
449,650,425,2,3
449,678,425,2,3
449,691,425,2,3
449,695,425,2,3
451,681,426,0,3
452,639,427,0,3
452,666,427,0,3
452,680,477,3,0
452,700,477,3,0
453,629,478,3,0
453,634,428,0,3
453,666,428,0,3
453,687,428,0,3
453,700,478,3,0
453,709,428,0,3
454,666,429,0,3
454,700,479,3,0
454,709,429,0,3
455,666,430,0,3
455,694,430,0,3
455,700,480,3,0
455,709,430,0,3
456,666,431,0,3
456,694,431,0,3
456,700,481,3,0
456,709,431,0,3
457,666,456,1,2
457,694,456,1,2
457,700,456,1,2
457,709,456,1,2
458,666,457,1,2
458,694,457,1,2
458,700,457,1,2
458,709,457,1,2
459,632,460,2,1
459,665,460,2,1
459,666,458,1,2
459,700,458,1,2
459,709,458,1,2
460,666,459,1,2
460,700,459,1,2
460,709,459,1,2
461,656,462,2,1
461,666,460,1,2
461,688,462,2,1
462,630,463,2,1
462,659,463,2,1
462,671,463,2,1
462,676,463,2,1
462,690,463,2,1
463,643,488,3,0
463,653,488,3,0
463,711,438,0,3
463,719,488,3,0
464,626,489,3,0
464,641,439,0,3
464,677,489,3,0
464,684,439,0,3
464,693,489,3,0
465,666,466,2,1
465,700,466,2,1
465,709,464,1,2
466,633,441,0,3
466,640,491,3,0
466,658,441,0,3
466,661,491,3,0
466,666,467,2,1
466,689,491,3,0
466,696,441,0,3
466,698,441,0,3
466,700,467,2,1
466,709,467,2,1
466,710,441,0,3
467,638,442,0,3
467,666,468,2,1
467,700,468,2,1
467,703,492,3,0
467,709,468,2,1
468,664,493,3,0
468,666,469,2,1
468,672,443,0,3
468,694,469,2,1
468,700,469,2,1
468,701,493,3,0
468,709,469,2,1
468,712,493,3,0
469,666,444,0,3
469,694,444,0,3
469,700,494,3,0
469,709,444,0,3
470,666,445,0,3
470,694,471,2,1
470,700,495,3,0
470,709,445,0,3
471,627,472,2,1
471,636,472,2,1
471,644,472,2,1
471,652,472,2,1
471,657,472,2,1
471,666,446,0,3
471,679,472,2,1
471,685,472,2,1
471,697,472,2,1
471,700,496,3,0
471,702,472,2,1
471,708,472,2,1
471,709,446,0,3
471,722,472,2,1
472,637,473,2,1
472,649,473,2,1
472,651,473,2,1
472,660,473,2,1
472,663,473,2,1
472,666,447,0,3
472,674,473,2,1
472,682,473,2,1
472,700,497,3,0
472,707,473,2,1
472,709,473,2,1
472,717,473,2,1
472,720,473,2,1
473,625,474,2,1
473,631,474,2,1
473,666,474,2,1
473,669,474,2,1
473,686,474,2,1
473,704,474,2,1
473,715,474,2,1
473,723,474,2,1
474,628,450,2,3
474,635,450,2,3
474,642,450,2,3
474,645,450,2,3
474,650,450,2,3
474,678,450,2,3
474,691,450,2,3
474,695,450,2,3
476,681,451,0,3
477,639,502,3,0
477,666,452,0,3
477,680,502,3,0
477,700,502,3,0
478,629,503,3,0
478,634,453,0,3
478,666,453,0,3
478,687,503,3,0
478,700,503,3,0
478,709,453,0,3
479,666,454,0,3
479,700,504,3,0
479,709,454,0,3
480,666,455,0,3
480,694,505,3,0
480,700,505,3,0
480,709,455,0,3
481,666,456,0,3
481,700,506,3,0
481,709,456,0,3
482,666,481,1,2
482,694,481,1,2
482,700,481,1,2
482,709,481,1,2
483,666,482,1,2
483,694,482,1,2
483,700,482,1,2
483,709,482,1,2
484,632,485,2,1
484,665,485,2,1
484,666,483,1,2
484,700,483,1,2
484,709,483,1,2
485,666,484,1,2
485,700,484,1,2
485,709,484,1,2
486,656,487,2,1
486,666,485,1,2
486,688,487,2,1
487,630,488,2,1
487,659,488,2,1
487,668,488,2,1
487,671,488,2,1
487,676,488,2,1
487,690,488,2,1
488,643,513,3,0
488,653,513,3,0
488,711,463,0,3
488,719,513,3,0
489,626,514,3,0
489,641,464,0,3
489,677,514,3,0
489,684,464,0,3
489,693,514,3,0
490,666,491,2,1
490,700,491,2,1
490,709,489,1,2
491,633,516,3,0
491,640,516,3,0
491,658,466,0,3
491,661,516,3,0
491,666,492,2,1
491,689,516,3,0
491,696,466,0,3
491,698,466,0,3
491,700,492,2,1
491,709,492,2,1
491,710,466,0,3
492,638,467,0,3
492,666,493,2,1
492,700,493,2,1
492,703,517,3,0
492,709,493,2,1
493,664,518,3,0
493,666,494,2,1
493,672,518,3,0
493,694,494,2,1
493,700,494,2,1
493,701,518,3,0
493,709,494,2,1
493,712,518,3,0
494,666,469,0,3
494,700,519,3,0
494,709,469,0,3
495,666,470,0,3
495,694,496,2,1
495,700,520,3,0
495,709,470,0,3
496,627,497,2,1
496,636,497,2,1
496,644,497,2,1
496,652,497,2,1
496,657,497,2,1
496,666,471,0,3
496,679,497,2,1
496,685,497,2,1
496,697,497,2,1
496,700,521,3,0
496,702,497,2,1
496,708,497,2,1
496,709,471,0,3
496,722,497,2,1
497,637,498,2,1
497,649,498,2,1
497,651,498,2,1
497,660,498,2,1
497,663,498,2,1
497,666,472,0,3
497,674,498,2,1
497,682,498,2,1
497,700,522,3,0
497,707,498,2,1
497,709,498,2,1
497,717,498,2,1
497,720,498,2,1
498,625,499,2,1
498,631,499,2,1
498,666,499,2,1
498,669,499,2,1
498,686,499,2,1
498,704,499,2,1
498,715,499,2,1
498,723,499,2,1
499,628,475,2,3
499,635,475,2,3
499,642,475,2,3
499,645,475,2,3
499,650,475,2,3
499,678,475,2,3
499,691,475,2,3
499,695,475,2,3
501,681,476,0,3
502,639,527,3,0
502,666,477,0,3
502,680,527,3,0
502,700,527,3,0
503,629,528,3,0
503,634,478,0,3
503,666,478,0,3
503,687,528,3,0
503,700,528,3,0
503,709,478,0,3
504,666,479,0,3
504,700,529,3,0
504,709,479,0,3
505,666,480,0,3
505,694,530,3,0
505,700,530,3,0
505,709,480,0,3
506,666,481,0,3
506,700,531,3,0
506,709,481,0,3
507,666,506,1,2
507,694,506,1,2
507,700,506,1,2
507,709,506,1,2
508,666,507,1,2
508,694,507,1,2
508,700,507,1,2
508,709,507,1,2
509,632,510,2,1
509,665,510,2,1
509,666,508,1,2
509,700,508,1,2
509,709,508,1,2
510,666,509,1,2
510,700,509,1,2
510,709,509,1,2
511,656,512,2,1
511,666,510,1,2
511,688,512,2,1
512,630,513,2,1
512,659,513,2,1
512,668,513,2,1
512,671,513,2,1
512,676,513,2,1
512,690,513,2,1
513,643,538,3,0
513,711,488,0,3
513,719,538,3,0
514,626,539,3,0
514,641,489,0,3
514,677,539,3,0
514,684,489,0,3
514,693,539,3,0
515,666,516,2,1
515,700,516,2,1
515,709,514,1,2
516,633,541,3,0
516,640,541,3,0
516,658,491,0,3
516,661,541,3,0
516,666,517,2,1
516,689,541,3,0
516,696,491,0,3
516,698,541,3,0
516,700,517,2,1
516,709,517,2,1
516,710,491,0,3
517,638,492,0,3
517,666,518,2,1
517,700,518,2,1
517,703,542,3,0
517,709,518,2,1
518,664,543,3,0
518,666,519,2,1
518,672,543,3,0
518,694,519,2,1
518,700,519,2,1
518,701,543,3,0
518,709,519,2,1
518,712,543,3,0
519,666,494,0,3
519,700,544,3,0
519,709,494,0,3
520,666,495,0,3
520,694,521,2,1
520,700,545,3,0
520,709,495,0,3
521,627,522,2,1
521,636,522,2,1
521,644,522,2,1
521,652,522,2,1
521,657,522,2,1
521,666,496,0,3
521,679,522,2,1
521,685,522,2,1
521,697,522,2,1
521,700,546,3,0
521,702,522,2,1
521,708,522,2,1
521,709,496,0,3
521,722,522,2,1
522,637,523,2,1
522,649,523,2,1
522,651,523,2,1
522,660,523,2,1
522,663,523,2,1
522,666,497,0,3
522,674,523,2,1
522,682,523,2,1
522,700,547,3,0
522,707,523,2,1
522,709,523,2,1
522,717,523,2,1
522,720,523,2,1
523,625,524,2,1
523,631,524,2,1
523,666,524,2,1
523,669,524,2,1
523,686,524,2,1
523,704,524,2,1
523,715,524,2,1
523,723,524,2,1
524,628,500,2,3
524,635,500,2,3
524,642,500,2,3
524,645,500,2,3
524,650,500,2,3
524,678,500,2,3
524,691,500,2,3
524,695,500,2,3
526,681,501,0,3
527,639,552,3,0
527,666,502,0,3
527,680,552,3,0
527,700,552,3,0
528,629,553,3,0
528,634,503,0,3
528,666,503,0,3
528,687,553,3,0
528,700,553,3,0
528,709,503,0,3
529,666,504,0,3
529,700,554,3,0
529,709,504,0,3
530,666,505,0,3
530,694,555,3,0
530,700,555,3,0
530,709,505,0,3
531,666,506,0,3
531,700,556,3,0
531,709,506,0,3
532,666,531,1,2
532,694,531,1,2
532,700,531,1,2
532,709,531,1,2
533,666,532,1,2
533,694,532,1,2
533,700,532,1,2
533,709,532,1,2
534,632,535,2,1
534,665,535,2,1
534,666,533,1,2
534,700,533,1,2
534,709,533,1,2
535,666,534,1,2
535,700,534,1,2
535,709,534,1,2
536,656,537,2,1
536,666,535,1,2
536,688,537,2,1
537,659,538,2,1
537,668,538,2,1
537,671,538,2,1
537,676,538,2,1
537,690,538,2,1
538,653,513,0,3
538,711,513,0,3
538,719,563,3,0
539,626,564,3,0
539,641,514,0,3
539,677,564,3,0
539,684,514,0,3
539,693,564,3,0
540,666,541,2,1
540,700,541,2,1
540,709,539,1,2
541,633,566,3,0
541,640,566,3,0
541,658,516,0,3
541,661,566,3,0
541,666,542,2,1
541,689,566,3,0
541,696,516,0,3
541,698,566,3,0
541,700,542,2,1
541,709,542,2,1
541,710,516,0,3
542,638,517,0,3
542,666,543,2,1
542,700,543,2,1
542,703,567,3,0
542,709,543,2,1
543,664,568,3,0
543,666,544,2,1
543,672,568,3,0
543,694,544,2,1
543,700,544,2,1
543,701,568,3,0
543,709,544,2,1
543,712,568,3,0
544,666,519,0,3
544,700,569,3,0
544,709,519,0,3
545,666,520,0,3
545,694,546,2,1
545,700,570,3,0
545,709,520,0,3
546,627,547,2,1
546,636,547,2,1
546,644,547,2,1
546,652,547,2,1
546,657,547,2,1
546,666,521,0,3
546,679,547,2,1
546,685,547,2,1
546,697,547,2,1
546,700,571,3,0
546,702,547,2,1
546,708,547,2,1
546,709,521,0,3
546,722,547,2,1
547,637,548,2,1
547,649,548,2,1
547,651,548,2,1
547,660,548,2,1
547,663,548,2,1
547,666,522,0,3
547,674,548,2,1
547,682,548,2,1
547,700,572,3,0
547,707,548,2,1
547,709,548,2,1
547,717,548,2,1
547,720,548,2,1
548,625,549,2,1
548,631,549,2,1
548,666,549,2,1
548,669,549,2,1
548,704,549,2,1
548,715,549,2,1
548,723,549,2,1
549,628,525,2,3
549,635,525,2,3
549,642,525,2,3
549,645,525,2,3
549,650,525,2,3
549,678,525,2,3
549,691,525,2,3
549,695,525,2,3
551,681,526,0,3
552,639,577,3,0
552,666,527,0,3
552,680,577,3,0
552,700,577,3,0
553,629,578,3,0
553,634,528,0,3
553,666,528,0,3
553,687,578,3,0
553,700,578,3,0
553,709,528,0,3
554,666,529,0,3
554,700,579,3,0
554,709,529,0,3
555,666,530,0,3
555,694,580,3,0
555,700,580,3,0
555,709,530,0,3
556,666,531,0,3
556,700,581,3,0
556,709,531,0,3
557,666,556,1,2
557,694,556,1,2
557,700,556,1,2
557,709,556,1,2
558,666,557,1,2
558,694,557,1,2
558,700,557,1,2
558,709,557,1,2
559,632,560,2,1
559,665,560,2,1
559,666,558,1,2
559,700,558,1,2
559,709,558,1,2
560,666,559,1,2
560,700,559,1,2
560,709,559,1,2
561,656,562,2,1
561,666,560,1,2
561,688,562,2,1
562,630,563,2,1
562,659,563,2,1
562,668,563,2,1
562,676,563,2,1
562,690,563,2,1
563,643,538,0,3
563,653,538,0,3
563,711,538,0,3
563,719,588,3,0
564,626,589,3,0
564,641,539,0,3
564,677,589,3,0
564,684,539,0,3
564,693,589,3,0
565,666,566,2,1
565,700,566,2,1
565,709,564,1,2
566,633,591,3,0
566,640,591,3,0
566,658,541,0,3
566,661,591,3,0
566,666,567,2,1
566,689,591,3,0
566,696,541,0,3
566,698,591,3,0
566,700,567,2,1
566,709,567,2,1
566,710,541,0,3
567,638,542,0,3
567,666,568,2,1
567,700,568,2,1
567,703,592,3,0
567,709,568,2,1
568,664,593,3,0
568,666,569,2,1
568,672,593,3,0
568,694,569,2,1
568,700,569,2,1
568,701,593,3,0
568,709,569,2,1
568,712,593,3,0
569,666,544,0,3
569,700,594,3,0
569,709,544,0,3
570,666,545,0,3
570,694,571,2,1
570,700,595,3,0
570,709,545,0,3
571,627,572,2,1
571,636,572,2,1
571,644,572,2,1
571,652,572,2,1
571,657,572,2,1
571,666,546,0,3
571,679,572,2,1
571,685,572,2,1
571,697,572,2,1
571,700,596,3,0
571,702,572,2,1
571,708,572,2,1
571,709,546,0,3
571,722,572,2,1
572,637,573,2,1
572,649,573,2,1
572,651,573,2,1
572,660,573,2,1
572,663,573,2,1
572,666,547,0,3
572,674,573,2,1
572,682,573,2,1
572,700,597,3,0
572,707,573,2,1
572,709,573,2,1
572,717,573,2,1
572,720,573,2,1
573,625,574,2,1
573,631,574,2,1
573,666,574,2,1
573,669,574,2,1
573,686,574,2,1
573,704,574,2,1
573,715,574,2,1
573,723,574,2,1
574,628,550,2,3
574,635,550,2,3
574,642,550,2,3
574,645,550,2,3
574,650,550,2,3
574,678,550,2,3
574,691,550,2,3
574,695,550,2,3
576,681,551,0,3
577,639,602,3,0
577,666,552,0,3
577,680,602,3,0
577,700,602,3,0
578,629,603,3,0
578,634,553,0,3
578,666,553,0,3
578,687,603,3,0
578,700,603,3,0
578,709,553,0,3
579,666,554,0,3
579,700,604,3,0
579,709,554,0,3
580,666,555,0,3
580,694,605,3,0
580,700,605,3,0
580,709,555,0,3
581,666,556,0,3
581,700,606,3,0
581,709,556,0,3
582,666,581,1,2
582,694,581,1,2
582,700,581,1,2
582,709,581,1,2
583,666,582,1,2
583,694,582,1,2
583,700,582,1,2
583,709,582,1,2
584,632,585,2,1
584,665,585,2,1
584,666,583,1,2
584,700,583,1,2
584,709,583,1,2
585,666,584,1,2
585,700,584,1,2
585,709,584,1,2
586,656,587,2,1
586,666,585,1,2
586,688,587,2,1
587,630,588,2,1
587,659,588,2,1
587,668,588,2,1
587,671,588,2,1
587,690,588,2,1
588,643,563,0,3
588,653,563,0,3
588,711,563,0,3
588,719,613,3,0
589,626,614,3,0
589,641,564,0,3
589,677,614,3,0
589,684,564,0,3
589,693,614,3,0
590,666,591,2,1
590,700,591,2,1
590,709,589,1,2
591,633,616,3,0
591,640,616,3,0
591,658,566,0,3
591,661,616,3,0
591,666,592,2,1
591,696,566,0,3
591,698,616,3,0
591,700,592,2,1
591,709,592,2,1
591,710,566,0,3
592,638,567,0,3
592,666,593,2,1
592,700,593,2,1
592,703,617,3,0
592,709,593,2,1
593,664,618,3,0
593,666,594,2,1
593,672,618,3,0
593,694,594,2,1
593,700,594,2,1
593,701,618,3,0
593,709,594,2,1
593,712,618,3,0
594,666,569,0,3
594,700,619,3,0
594,709,569,0,3
595,666,570,0,3
595,694,596,2,1
595,700,620,3,0
595,709,570,0,3
596,627,597,2,1
596,636,597,2,1
596,644,597,2,1
596,652,597,2,1
596,657,597,2,1
596,666,571,0,3
596,679,597,2,1
596,685,597,2,1
596,697,597,2,1
596,700,621,3,0
596,702,597,2,1
596,708,597,2,1
596,709,571,0,3
596,722,597,2,1
597,637,598,2,1
597,649,598,2,1
597,651,598,2,1
597,660,598,2,1
597,663,598,2,1
597,666,572,0,3
597,674,598,2,1
597,682,598,2,1
597,700,622,3,0
597,709,598,2,1
597,717,598,2,1
597,720,598,2,1
598,625,599,2,1
598,631,599,2,1
598,666,599,2,1
598,669,599,2,1
598,686,599,2,1
598,704,599,2,1
598,715,599,2,1
598,723,599,2,1
599,628,575,2,3
599,635,575,2,3
599,642,575,2,3
599,645,575,2,3
599,650,575,2,3
599,678,575,2,3
599,691,575,2,3
599,695,575,2,3
601,681,1,3,3
602,639,2,3,3
602,666,577,0,3
602,680,2,3,3
602,700,2,3,3
603,629,3,3,3
603,634,578,0,3
603,666,578,0,3
603,687,3,3,3
603,700,3,3,3
603,709,578,0,3
604,666,579,0,3
604,700,4,3,3
604,709,579,0,3
605,666,580,0,3
605,694,5,3,3
605,700,5,3,3
605,709,580,0,3
606,666,581,0,3
606,700,6,3,3
606,709,581,0,3
607,666,606,1,2
607,694,606,1,2
607,700,606,1,2
607,709,606,1,2
608,666,607,1,2
608,694,607,1,2
608,700,607,1,2
608,709,607,1,2
609,632,610,2,1
609,665,610,2,1
609,666,608,1,2
609,700,608,1,2
609,709,608,1,2
610,666,609,1,2
610,700,609,1,2
610,709,609,1,2
611,656,612,2,1
611,666,610,1,2
611,688,612,2,1
612,630,613,2,1
612,659,613,2,1
612,668,613,2,1
612,671,613,2,1
612,676,613,2,1
612,690,613,2,1
613,643,588,0,3
613,653,588,0,3
613,711,588,0,3
614,626,14,3,3
614,641,589,0,3
614,677,14,3,3
614,684,589,0,3
614,693,14,3,3
615,666,616,2,1
615,700,616,2,1
615,709,614,1,2
616,633,16,3,3
616,640,16,3,3
616,658,591,0,3
616,661,16,3,3
616,666,617,2,1
616,689,591,0,3
616,696,591,0,3
616,698,16,3,3
616,700,617,2,1
616,709,617,2,1
616,710,591,0,3
617,638,592,0,3
617,666,618,2,1
617,700,618,2,1
617,703,17,3,3
617,709,618,2,1
618,664,18,3,3
618,666,619,2,1
618,672,18,3,3
618,694,619,2,1
618,700,619,2,1
618,701,18,3,3
618,709,619,2,1
618,712,18,3,3
619,666,594,0,3
619,700,19,3,3
619,709,594,0,3
620,666,595,0,3
620,694,621,2,1
620,700,20,3,3
620,709,595,0,3
621,636,622,2,1
621,644,622,2,1
621,652,622,2,1
621,666,596,0,3
621,679,622,2,1
621,685,622,2,1
621,697,622,2,1
621,700,21,3,3
621,702,622,2,1
621,708,622,2,1
621,709,596,0,3
621,722,622,2,1
622,637,623,2,1
622,649,623,2,1
622,651,623,2,1
622,660,623,2,1
622,666,597,0,3
622,674,623,2,1
622,682,623,2,1
622,700,22,3,3
622,707,623,2,1
622,709,623,2,1
622,717,623,2,1
622,720,623,2,1
623,625,624,2,1
623,631,624,2,1
623,666,624,2,1
623,669,624,2,1
623,686,624,2,1
623,704,624,2,1
623,715,624,2,1
623,723,624,2,1
624,628,600,2,3
624,635,600,2,3
624,642,600,2,3
624,645,600,2,3
624,650,600,2,3
624,678,600,2,3
624,691,600,2,3
624,695,600,2,3
666,625,302,0,45
666,626,302,0,45
666,627,302,0,45
666,628,302,0,45
666,629,302,0,45
666,630,302,0,45
666,631,302,0,45
666,632,302,0,45
666,633,302,0,45
666,634,302,0,45
666,635,302,0,45
666,636,302,0,45
666,637,302,0,45
666,638,302,0,45
666,639,302,0,45
666,640,302,0,45
666,641,302,0,45
666,642,302,0,45
666,643,302,0,45
666,644,302,0,45
666,645,302,0,45
666,646,302,0,45
666,647,302,0,45
666,648,302,0,45
666,649,302,0,45
666,650,302,0,45
666,651,302,0,45
666,652,302,0,45
666,653,302,0,45
666,654,302,0,45
666,655,302,0,45
666,656,302,0,45
666,657,302,0,45
666,658,302,0,45
666,659,302,0,45
666,660,302,0,45
666,661,302,0,45
666,662,302,0,45
666,663,302,0,45
666,664,302,0,45
666,665,302,0,45
666,667,302,0,45
666,668,302,0,45
666,669,302,0,45
666,670,302,0,45
666,671,302,0,45
666,672,302,0,45
666,673,302,0,45
666,674,302,0,45
666,675,302,0,45
666,676,302,0,45
666,677,302,0,45
666,678,302,0,45
666,679,302,0,45
666,680,302,0,45
666,681,302,0,45
666,682,302,0,45
666,683,302,0,45
666,684,302,0,45
666,685,302,0,45
666,686,302,0,45
666,687,302,0,45
666,688,302,0,45
666,689,302,0,45
666,690,302,0,45
666,691,302,0,45
666,692,302,0,45
666,693,302,0,45
666,694,302,0,45
666,695,302,0,45
666,696,302,0,45
666,697,302,0,45
666,698,302,0,45
666,699,302,0,45
666,700,302,0,45
666,701,302,0,45
666,702,302,0,45
666,703,302,0,45
666,704,302,0,45
666,705,302,0,45
666,706,302,0,45
666,707,302,0,45
666,708,302,0,45
666,709,302,0,45
666,710,302,0,45
666,711,302,0,45
666,712,302,0,45
666,713,302,0,45
666,714,302,0,45
666,715,302,0,45
666,716,302,0,45
666,717,302,0,45
666,718,302,0,45
666,719,302,0,45
666,720,302,0,45
666,721,302,0,45
666,722,302,0,45
666,723,302,0,45
666,724,302,0,45
694,625,155,0,73
694,626,155,0,73
694,627,155,0,73
694,628,155,0,73
694,629,155,0,73
694,630,155,0,73
694,631,155,0,73
694,632,155,0,73
694,633,155,0,73
694,634,155,0,73
694,635,155,0,73
694,636,155,0,73
694,637,155,0,73
694,638,155,0,73
694,639,155,0,73
694,640,155,0,73
694,641,155,0,73
694,642,155,0,73
694,643,155,0,73
694,644,155,0,73
694,645,155,0,73
694,646,155,0,73
694,647,155,0,73
694,648,155,0,73
694,649,155,0,73
694,650,155,0,73
694,651,155,0,73
694,652,155,0,73
694,653,155,0,73
694,654,155,0,73
694,655,155,0,73
694,656,155,0,73
694,657,155,0,73
694,658,155,0,73
694,659,155,0,73
694,660,155,0,73
694,661,155,0,73
694,662,155,0,73
694,663,155,0,73
694,664,155,0,73
694,665,155,0,73
694,666,155,0,73
694,667,155,0,73
694,668,155,0,73
694,669,155,0,73
694,670,155,0,73
694,671,155,0,73
694,672,155,0,73
694,673,155,0,73
694,674,155,0,73
694,675,155,0,73
694,676,155,0,73
694,677,155,0,73
694,678,155,0,73
694,679,155,0,73
694,680,155,0,73
694,681,155,0,73
694,682,155,0,73
694,683,155,0,73
694,684,155,0,73
694,685,155,0,73
694,686,155,0,73
694,687,155,0,73
694,688,155,0,73
694,689,155,0,73
694,690,155,0,73
694,691,155,0,73
694,692,155,0,73
694,693,155,0,73
694,695,155,0,73
694,696,155,0,73
694,697,155,0,73
694,698,155,0,73
694,699,155,0,73
694,700,155,0,73
694,701,155,0,73
694,702,155,0,73
694,703,155,0,73
694,704,155,0,73
694,705,155,0,73
694,706,155,0,73
694,707,155,0,73
694,708,155,0,73
694,709,155,0,73
694,710,155,0,73
694,711,155,0,73
694,712,155,0,73
694,713,155,0,73
694,714,155,0,73
694,715,155,0,73
694,716,155,0,73
694,717,155,0,73
694,718,155,0,73
694,719,155,0,73
694,720,155,0,73
694,721,155,0,73
694,722,155,0,73
694,723,155,0,73
694,724,155,0,73
700,625,27,0,79
700,626,27,0,79
700,627,27,0,79
700,628,27,0,79
700,629,27,0,79
700,630,27,0,79
700,631,27,0,79
700,632,27,0,79
700,633,27,0,79
700,634,27,0,79
700,635,27,0,79
700,636,27,0,79
700,637,27,0,79
700,638,27,0,79
700,639,27,0,79
700,640,27,0,79
700,641,27,0,79
700,642,27,0,79
700,643,27,0,79
700,644,27,0,79
700,645,27,0,79
700,646,27,0,79
700,647,27,0,79
700,648,27,0,79
700,649,27,0,79
700,650,27,0,79
700,651,27,0,79
700,652,27,0,79
700,653,27,0,79
700,654,27,0,79
700,655,27,0,79
700,656,27,0,79
700,657,27,0,79
700,658,27,0,79
700,659,27,0,79
700,660,27,0,79
700,661,27,0,79
700,662,27,0,79
700,663,27,0,79
700,664,27,0,79
700,665,27,0,79
700,666,27,0,79
700,667,27,0,79
700,668,27,0,79
700,669,27,0,79
700,670,27,0,79
700,671,27,0,79
700,672,27,0,79
700,673,27,0,79
700,674,27,0,79
700,675,27,0,79
700,676,27,0,79
700,677,27,0,79
700,678,27,0,79
700,679,27,0,79
700,680,27,0,79
700,681,27,0,79
700,682,27,0,79
700,683,27,0,79
700,684,27,0,79
700,685,27,0,79
700,686,27,0,79
700,687,27,0,79
700,688,27,0,79
700,689,27,0,79
700,690,27,0,79
700,691,27,0,79
700,692,27,0,79
700,693,27,0,79
700,694,27,0,79
700,695,27,0,79
700,696,27,0,79
700,697,27,0,79
700,698,27,0,79
700,699,27,0,79
700,701,27,0,79
700,702,27,0,79
700,703,27,0,79
700,704,27,0,79
700,705,27,0,79
700,706,27,0,79
700,707,27,0,79
700,708,27,0,79
700,709,27,0,79
700,710,27,0,79
700,711,27,0,79
700,712,27,0,79
700,713,27,0,79
700,714,27,0,79
700,715,27,0,79
700,716,27,0,79
700,717,27,0,79
700,718,27,0,79
700,719,27,0,79
700,720,27,0,79
700,721,27,0,79
700,722,27,0,79
700,723,27,0,79
700,724,27,0,79
709,625,328,0,88
709,626,328,0,88
709,627,328,0,88
709,628,328,0,88
709,629,328,0,88
709,630,328,0,88
709,631,328,0,88
709,632,328,0,88
709,633,328,0,88
709,634,328,0,88
709,635,328,0,88
709,636,328,0,88
709,637,328,0,88
709,638,328,0,88
709,639,328,0,88
709,640,328,0,88
709,641,328,0,88
709,642,328,0,88
709,643,328,0,88
709,644,328,0,88
709,645,328,0,88
709,646,328,0,88
709,647,328,0,88
709,648,328,0,88
709,649,328,0,88
709,650,328,0,88
709,651,328,0,88
709,652,328,0,88
709,653,328,0,88
709,654,328,0,88
709,655,328,0,88
709,656,328,0,88
709,657,328,0,88
709,658,328,0,88
709,659,328,0,88
709,660,328,0,88
709,661,328,0,88
709,662,328,0,88
709,663,328,0,88
709,664,328,0,88
709,665,328,0,88
709,666,328,0,88
709,667,328,0,88
709,668,328,0,88
709,669,328,0,88
709,670,328,0,88
709,671,328,0,88
709,672,328,0,88
709,673,328,0,88
709,674,328,0,88
709,675,328,0,88
709,676,328,0,88
709,677,328,0,88
709,678,328,0,88
709,679,328,0,88
709,680,328,0,88
709,681,328,0,88
709,682,328,0,88
709,683,328,0,88
709,684,328,0,88
709,685,328,0,88
709,686,328,0,88
709,687,328,0,88
709,688,328,0,88
709,689,328,0,88
709,690,328,0,88
709,691,328,0,88
709,692,328,0,88
709,693,328,0,88
709,694,328,0,88
709,695,328,0,88
709,696,328,0,88
709,697,328,0,88
709,698,328,0,88
709,699,328,0,88
709,700,328,0,88
709,701,328,0,88
709,702,328,0,88
709,703,328,0,88
709,704,328,0,88
709,705,328,0,88
709,706,328,0,88
709,707,328,0,88
709,708,328,0,88
709,710,328,0,88
709,711,328,0,88
709,712,328,0,88
709,713,328,0,88
709,714,328,0,88
709,715,328,0,88
709,716,328,0,88
709,717,328,0,88
709,718,328,0,88
709,719,328,0,88
709,720,328,0,88
709,721,328,0,88
709,722,328,0,88
709,723,328,0,88
709,724,328,0,88
