0,659,1,0,0
0,670,25,1,0
1,659,2,1,0
1,670,26,2,0
1,681,26,2,0
1,723,601,3,3
2,659,3,1,0
2,660,27,2,0
2,670,27,2,0
2,681,27,2,0
2,723,602,3,3
3,659,4,1,0
3,660,28,2,0
3,665,4,1,0
3,670,28,2,0
3,681,28,2,0
3,723,603,3,3
4,659,5,1,0
4,660,29,2,0
4,665,5,1,0
4,670,29,2,0
4,681,29,2,0
4,723,604,3,3
5,659,30,2,0
5,660,30,2,0
5,665,30,2,0
5,670,30,2,0
5,681,30,2,0
5,723,605,3,3
6,659,31,2,0
6,660,5,0,1
6,665,31,2,0
6,670,5,0,1
6,681,5,0,1
6,706,5,0,1
6,723,5,0,1
7,659,32,2,0
7,660,6,0,1
7,665,32,2,0
7,670,6,0,1
7,681,6,0,1
7,723,6,0,1
8,659,33,2,0
8,660,7,0,1
8,665,33,2,0
8,670,7,0,1
8,681,7,0,1
8,723,7,0,1
9,659,34,2,0
9,660,8,0,1
9,670,8,0,1
9,681,8,0,1
9,723,8,0,1
10,659,35,2,0
10,670,9,0,1
10,681,9,0,1
10,723,9,0,1
11,659,36,2,0
11,670,10,0,1
12,659,37,2,0
12,670,13,1,0
13,659,38,2,0
13,670,14,1,0
13,681,14,1,0
14,659,39,2,0
14,670,15,1,0
14,681,15,1,0
14,723,15,1,0
15,659,40,2,0
15,660,16,1,0
15,665,40,2,0
15,670,16,1,0
15,681,16,1,0
15,723,16,1,0
16,659,41,2,0
16,660,17,1,0
16,665,41,2,0
16,670,17,1,0
16,681,17,1,0
16,723,17,1,0
17,659,42,2,0
17,660,18,1,0
17,665,42,2,0
17,670,18,1,0
17,681,18,1,0
17,723,18,1,0
18,659,43,2,0
18,660,43,2,0
18,665,43,2,0
18,670,43,2,0
18,681,43,2,0
18,723,618,3,3
19,659,18,0,1
19,660,44,2,0
19,665,18,0,1
19,670,44,2,0
19,681,44,2,0
19,723,619,3,3
20,659,19,0,1
20,660,45,2,0
20,665,19,0,1
20,670,45,2,0
20,681,45,2,0
20,723,620,3,3
21,659,20,0,1
21,660,46,2,0
21,665,20,0,1
21,670,46,2,0
21,681,46,2,0
21,723,621,3,3
22,659,21,0,1
22,670,47,2,0
22,681,47,2,0
22,723,622,3,3
23,659,22,0,1
23,670,48,2,0
23,681,48,2,0
24,659,23,0,1
24,670,49,2,0
25,659,26,1,1
25,670,50,2,0
26,659,27,2,1
26,670,51,3,0
26,681,51,3,0
26,723,1,0,2
27,659,28,2,1
27,660,660,39,0
27,670,52,3,0
27,681,52,3,0
27,723,2,0,2
28,659,29,2,1
28,660,27,1,2
28,665,29,2,1
28,670,53,3,0
28,681,53,3,0
28,723,3,0,2
29,659,30,2,1
29,660,28,1,2
29,665,30,2,1
29,670,54,3,0
29,681,54,3,0
29,723,4,0,2
30,659,55,3,0
30,660,29,1,2
30,665,55,3,0
30,670,55,3,0
30,681,55,3,0
30,723,5,0,2
31,659,56,3,0
31,660,30,1,2
31,665,56,3,0
31,670,30,1,2
31,681,30,1,2
31,706,30,1,2
31,723,30,1,2
32,659,57,3,0
32,660,31,1,2
32,665,57,3,0
32,670,31,1,2
32,681,31,1,2
32,723,31,1,2
33,659,58,3,0
33,660,32,1,2
33,665,58,3,0
33,670,32,1,2
33,681,32,1,2
33,723,32,1,2
34,659,59,3,0
34,660,33,1,2
34,670,33,1,2
34,681,33,1,2
34,723,33,1,2
35,659,60,3,0
35,670,34,1,2
35,681,34,1,2
35,723,34,1,2
36,659,61,3,0
36,670,35,1,2
37,659,62,3,0
37,670,38,2,1
38,659,63,3,0
38,670,39,2,1
38,681,39,2,1
39,659,64,3,0
39,670,40,2,1
39,681,40,2,1
39,723,40,2,1
40,659,65,3,0
40,660,41,2,1
40,665,65,3,0
40,670,41,2,1
40,681,41,2,1
40,723,41,2,1
41,659,66,3,0
41,660,42,2,1
41,665,66,3,0
41,670,42,2,1
41,681,42,2,1
41,723,42,2,1
42,659,67,3,0
42,660,43,2,1
42,665,67,3,0
42,670,43,2,1
42,681,43,2,1
42,723,43,2,1
43,659,68,3,0
43,660,44,2,1
43,665,68,3,0
43,670,68,3,0
43,681,68,3,0
43,723,18,0,2
44,659,43,1,2
44,660,45,2,1
44,665,43,1,2
44,670,69,3,0
44,681,69,3,0
44,723,19,0,2
45,659,44,1,2
45,660,46,2,1
45,665,44,1,2
45,670,70,3,0
45,681,70,3,0
45,723,20,0,2
46,659,45,1,2
46,660,47,2,1
46,665,45,1,2
46,670,71,3,0
46,681,71,3,0
46,723,21,0,2
47,659,46,1,2
47,670,72,3,0
47,681,72,3,0
47,723,22,0,2
48,659,47,1,2
48,670,73,3,0
48,681,73,3,0
49,659,48,1,2
49,670,74,3,0
50,659,51,1,1
50,670,75,2,0
51,659,52,2,1
51,670,76,3,0
51,681,76,3,0
51,723,26,0,3
52,659,53,2,1
52,660,27,0,3
52,670,77,3,0
52,681,77,3,0
52,723,27,0,3
53,659,54,2,1
53,660,28,0,3
53,665,54,2,1
53,670,78,3,0
53,681,78,3,0
53,723,28,0,3
54,659,55,2,1
54,660,29,0,3
54,665,55,2,1
54,670,79,3,0
54,681,79,3,0
54,723,29,0,3
55,659,80,3,0
55,665,80,3,0
55,670,80,3,0
55,681,80,3,0
55,723,30,0,3
56,659,81,3,0
56,660,55,1,2
56,665,81,3,0
56,670,55,1,2
56,681,55,1,2
56,706,55,1,2
56,723,55,1,2
57,659,82,3,0
57,660,56,1,2
57,665,82,3,0
57,670,56,1,2
57,681,56,1,2
57,723,56,1,2
58,659,83,3,0
58,660,57,1,2
58,665,83,3,0
58,670,57,1,2
58,681,57,1,2
58,723,57,1,2
59,659,84,3,0
59,660,58,1,2
59,670,58,1,2
59,681,58,1,2
59,723,58,1,2
60,659,85,3,0
60,670,59,1,2
60,681,59,1,2
60,723,59,1,2
61,659,86,3,0
61,670,60,1,2
62,659,87,3,0
62,670,63,2,1
63,659,88,3,0
63,670,64,2,1
63,681,64,2,1
64,659,89,3,0
64,670,65,2,1
64,681,65,2,1
64,723,65,2,1
65,659,90,3,0
65,660,66,2,1
65,665,90,3,0
65,670,66,2,1
65,681,66,2,1
65,723,66,2,1
66,659,91,3,0
66,660,67,2,1
66,665,91,3,0
66,670,67,2,1
66,681,67,2,1
66,723,67,2,1
67,659,92,3,0
67,660,68,2,1
67,665,92,3,0
67,670,68,2,1
67,681,68,2,1
67,723,68,2,1
68,659,93,3,0
68,665,93,3,0
68,670,93,3,0
68,681,93,3,0
68,723,43,0,3
69,659,68,1,2
69,660,44,0,3
69,665,68,1,2
69,670,94,3,0
69,681,94,3,0
69,723,44,0,3
70,659,69,1,2
70,660,45,0,3
70,665,69,1,2
70,670,95,3,0
70,681,95,3,0
70,723,45,0,3
71,659,70,1,2
71,660,46,0,3
71,665,70,1,2
71,670,96,3,0
71,681,96,3,0
71,723,46,0,3
72,659,71,1,2
72,670,97,3,0
72,681,97,3,0
72,723,47,0,3
73,659,72,1,2
73,670,98,3,0
73,681,98,3,0
74,659,73,1,2
74,670,99,3,0
75,659,76,1,1
75,670,100,2,0
76,659,77,2,1
76,670,101,3,0
76,681,101,3,0
76,723,101,3,0
77,659,78,2,1
77,660,52,0,3
77,670,102,3,0
77,681,102,3,0
77,723,102,3,0
78,659,79,2,1
78,660,53,0,3
78,665,79,2,1
78,670,103,3,0
78,681,103,3,0
78,723,103,3,0
79,659,80,2,1
79,660,54,0,3
79,665,80,2,1
79,670,104,3,0
79,681,104,3,0
79,723,104,3,0
80,659,81,2,1
80,665,105,3,0
80,670,105,3,0
80,681,105,3,0
80,706,105,3,0
81,659,82,2,1
81,660,80,1,2
81,665,106,3,0
81,670,80,1,2
81,681,80,1,2
81,706,80,1,2
81,723,80,1,2
82,659,83,2,1
82,660,81,1,2
82,665,107,3,0
82,670,81,1,2
82,681,81,1,2
82,723,81,1,2
83,659,84,2,1
83,660,82,1,2
83,665,108,3,0
83,670,82,1,2
83,681,82,1,2
83,723,82,1,2
84,659,85,2,1
84,660,83,1,2
84,670,83,1,2
84,681,83,1,2
84,723,83,1,2
85,659,86,2,1
85,670,84,1,2
85,681,84,1,2
85,723,84,1,2
86,659,87,2,1
86,670,85,1,2
87,659,659,38,0
87,670,88,2,1
88,659,87,1,2
88,670,89,2,1
88,681,89,2,1
89,659,88,1,2
89,670,90,2,1
89,681,90,2,1
89,723,90,2,1
90,659,89,1,2
90,660,91,2,1
90,665,115,3,0
90,670,91,2,1
90,681,91,2,1
90,723,91,2,1
91,659,90,1,2
91,660,92,2,1
91,665,116,3,0
91,670,92,2,1
91,681,92,2,1
91,723,92,2,1
92,659,91,1,2
92,660,93,2,1
92,665,117,3,0
92,670,93,2,1
92,681,93,2,1
92,723,93,2,1
93,659,92,1,2
93,665,118,3,0
93,670,118,3,0
93,681,118,3,0
93,706,118,3,0
94,659,93,1,2
94,660,69,0,3
94,665,93,1,2
94,670,119,3,0
94,681,119,3,0
94,723,119,3,0
95,659,94,1,2
95,660,70,0,3
95,665,94,1,2
95,670,120,3,0
95,681,120,3,0
95,723,120,3,0
96,659,95,1,2
96,660,71,0,3
96,665,95,1,2
96,670,121,3,0
96,681,121,3,0
96,723,121,3,0
97,659,96,1,2
97,670,122,3,0
97,681,122,3,0
97,723,122,3,0
98,659,97,1,2
98,670,123,3,0
98,681,123,3,0
99,659,98,1,2
99,670,124,3,0
100,659,101,1,1
100,670,125,2,0
101,659,102,2,1
101,670,126,3,0
101,681,126,3,0
101,723,126,3,0
102,659,103,2,1
102,660,77,0,3
102,670,127,3,0
102,681,127,3,0
102,723,127,3,0
103,659,104,2,1
103,660,78,0,3
103,665,104,2,1
103,670,128,3,0
103,681,128,3,0
103,723,128,3,0
104,659,105,2,1
104,660,79,0,3
104,665,105,2,1
104,670,129,3,0
104,681,129,3,0
104,723,129,3,0
105,659,80,0,3
105,665,130,3,0
105,670,130,3,0
105,681,130,3,0
105,706,706,85,0
106,659,81,0,3
106,660,105,1,2
106,665,131,3,0
106,670,105,1,2
106,681,105,1,2
106,706,105,1,2
106,723,105,1,2
107,659,82,0,3
107,660,106,1,2
107,665,132,3,0
107,670,106,1,2
107,681,106,1,2
107,723,106,1,2
108,659,83,0,3
108,660,107,1,2
108,665,133,3,0
108,670,107,1,2
108,681,107,1,2
108,723,107,1,2
109,659,84,0,3
109,660,108,1,2
109,670,108,1,2
109,681,108,1,2
109,723,108,1,2
110,659,85,0,3
110,670,109,1,2
110,681,109,1,2
110,723,109,1,2
111,659,86,0,3
111,670,110,1,2
112,659,87,0,3
112,670,113,2,1
113,659,88,0,3
113,670,114,2,1
113,681,114,2,1
114,659,89,0,3
114,670,115,2,1
114,681,115,2,1
114,723,115,2,1
115,659,90,0,3
115,660,116,2,1
115,665,140,3,0
115,670,116,2,1
115,681,116,2,1
115,723,116,2,1
116,659,91,0,3
116,660,117,2,1
116,665,141,3,0
116,670,117,2,1
116,681,117,2,1
116,723,117,2,1
117,659,92,0,3
117,660,118,2,1
117,665,142,3,0
117,670,118,2,1
117,681,118,2,1
117,723,118,2,1
118,659,93,0,3
118,665,143,3,0
118,670,143,3,0
118,681,143,3,0
118,706,119,2,1
119,659,118,1,2
119,660,94,0,3
119,665,118,1,2
119,670,144,3,0
119,681,144,3,0
119,723,144,3,0
120,659,119,1,2
120,660,95,0,3
120,665,119,1,2
120,670,145,3,0
120,681,145,3,0
120,723,145,3,0
121,659,120,1,2
121,660,96,0,3
121,665,120,1,2
121,670,146,3,0
121,681,146,3,0
121,723,146,3,0
122,659,121,1,2
122,670,147,3,0
122,681,147,3,0
122,723,147,3,0
123,659,122,1,2
123,670,148,3,0
123,681,148,3,0
124,659,123,1,2
124,670,149,3,0
125,659,126,1,1
125,670,150,2,0
126,659,127,2,1
126,670,151,3,0
126,681,151,3,0
126,723,151,3,0
127,659,128,2,1
127,660,102,0,3
127,670,152,3,0
127,681,152,3,0
127,723,152,3,0
128,659,129,2,1
128,660,103,0,3
128,665,129,2,1
128,670,153,3,0
128,681,153,3,0
128,723,153,3,0
129,659,130,2,1
129,660,104,0,3
129,665,130,2,1
129,670,154,3,0
129,681,154,3,0
129,723,154,3,0
130,659,105,0,3
130,660,105,0,3
130,665,131,2,1
130,670,155,3,0
130,681,155,3,0
130,723,155,3,0
131,659,106,0,3
131,660,130,1,2
131,665,132,2,1
131,670,130,1,2
131,681,130,1,2
131,706,130,1,2
131,723,130,1,2
132,659,107,0,3
132,660,131,1,2
132,665,133,2,1
132,670,131,1,2
132,681,131,1,2
132,723,131,1,2
133,659,108,0,3
133,660,132,1,2
133,665,134,2,1
133,670,132,1,2
133,681,132,1,2
133,723,132,1,2
134,659,109,0,3
134,660,133,1,2
134,670,133,1,2
134,681,133,1,2
134,723,133,1,2
135,659,110,0,3
135,670,134,1,2
135,681,134,1,2
135,723,134,1,2
136,659,111,0,3
136,670,135,1,2
137,659,112,0,3
137,670,138,2,1
138,659,113,0,3
138,670,139,2,1
138,681,139,2,1
139,659,114,0,3
139,670,140,2,1
139,681,140,2,1
139,723,140,2,1
140,659,115,0,3
140,660,141,2,1
140,665,665,44,0
140,670,141,2,1
140,681,141,2,1
140,723,141,2,1
141,659,116,0,3
141,660,142,2,1
141,665,140,1,2
141,670,142,2,1
141,681,142,2,1
141,723,142,2,1
142,659,117,0,3
142,660,143,2,1
142,665,141,1,2
142,670,143,2,1
142,681,143,2,1
142,723,143,2,1
143,659,118,0,3
143,660,118,0,3
143,665,142,1,2
143,670,168,3,0
143,681,168,3,0
143,723,168,3,0
144,659,143,1,2
144,660,119,0,3
144,665,143,1,2
144,670,169,3,0
144,681,169,3,0
144,723,169,3,0
145,659,144,1,2
145,660,120,0,3
145,665,144,1,2
145,670,170,3,0
145,681,170,3,0
145,723,170,3,0
146,659,145,1,2
146,660,121,0,3
146,665,145,1,2
146,670,171,3,0
146,681,171,3,0
146,723,171,3,0
147,659,146,1,2
147,670,172,3,0
147,681,172,3,0
147,723,172,3,0
148,659,147,1,2
148,670,173,3,0
148,681,173,3,0
149,659,148,1,2
149,670,174,3,0
150,659,151,1,1
150,670,175,2,0
151,659,152,2,1
151,670,176,3,0
151,681,176,3,0
151,723,176,3,0
152,659,153,2,1
152,660,127,0,3
152,670,177,3,0
152,681,177,3,0
152,723,177,3,0
153,659,154,2,1
153,660,128,0,3
153,665,154,2,1
153,670,178,3,0
153,681,178,3,0
153,723,178,3,0
154,659,155,2,1
154,660,129,0,3
154,665,155,2,1
154,670,179,3,0
154,681,179,3,0
154,723,179,3,0
155,659,130,0,3
155,660,130,0,3
155,670,180,3,0
155,681,180,3,0
155,723,180,3,0
156,659,131,0,3
156,660,155,1,2
156,665,131,0,3
156,670,155,1,2
156,681,155,1,2
156,706,155,1,2
156,723,155,1,2
157,659,132,0,3
157,660,156,1,2
157,665,132,0,3
157,670,156,1,2
157,681,156,1,2
157,723,156,1,2
158,659,133,0,3
158,660,157,1,2
158,665,133,0,3
158,670,157,1,2
158,681,157,1,2
158,723,157,1,2
159,659,134,0,3
159,660,158,1,2
159,670,158,1,2
159,681,158,1,2
159,723,158,1,2
160,659,135,0,3
160,670,159,1,2
160,681,159,1,2
160,723,159,1,2
161,659,136,0,3
161,670,160,1,2
162,659,137,0,3
162,670,163,2,1
163,659,138,0,3
163,670,164,2,1
163,681,164,2,1
164,659,139,0,3
164,670,165,2,1
164,681,165,2,1
164,723,165,2,1
165,659,140,0,3
165,660,166,2,1
165,665,140,0,3
165,670,166,2,1
165,681,166,2,1
165,723,166,2,1
166,659,141,0,3
166,660,167,2,1
166,665,141,0,3
166,670,167,2,1
166,681,167,2,1
166,723,167,2,1
167,659,142,0,3
167,660,168,2,1
167,665,142,0,3
167,670,168,2,1
167,681,168,2,1
167,723,168,2,1
168,659,143,0,3
168,660,143,0,3
168,670,193,3,0
168,681,193,3,0
168,723,193,3,0
169,659,168,1,2
169,660,144,0,3
169,665,168,1,2
169,670,194,3,0
169,681,194,3,0
169,723,194,3,0
170,659,169,1,2
170,660,145,0,3
170,665,169,1,2
170,670,195,3,0
170,681,195,3,0
170,723,195,3,0
171,659,170,1,2
171,660,146,0,3
171,665,170,1,2
171,670,196,3,0
171,681,196,3,0
171,723,196,3,0
172,659,171,1,2
172,670,197,3,0
172,681,197,3,0
172,723,197,3,0
173,659,172,1,2
173,670,198,3,0
173,681,198,3,0
174,659,173,1,2
174,670,199,3,0
175,659,176,1,1
175,670,200,2,0
176,659,177,2,1
176,670,201,3,0
176,681,201,3,0
176,723,201,3,0
177,659,178,2,1
177,660,152,0,3
177,670,202,3,0
177,681,202,3,0
177,723,202,3,0
178,659,179,2,1
178,660,153,0,3
178,665,179,2,1
178,670,203,3,0
178,681,203,3,0
178,723,203,3,0
179,659,180,2,1
179,660,154,0,3
179,665,180,2,1
179,670,204,3,0
179,681,204,3,0
179,723,204,3,0
180,659,155,0,3
180,660,155,0,3
180,670,205,3,0
180,681,205,3,0
180,723,205,3,0
181,659,156,0,3
181,660,180,1,2
181,665,156,0,3
181,670,180,1,2
181,681,180,1,2
181,706,180,1,2
181,723,180,1,2
182,659,157,0,3
182,660,181,1,2
182,665,157,0,3
182,670,181,1,2
182,681,181,1,2
182,723,181,1,2
183,659,158,0,3
183,660,182,1,2
183,665,158,0,3
183,670,182,1,2
183,681,182,1,2
183,723,182,1,2
184,659,159,0,3
184,660,183,1,2
184,670,183,1,2
184,681,183,1,2
184,723,183,1,2
185,659,160,0,3
185,670,184,1,2
185,681,184,1,2
185,723,184,1,2
186,659,161,0,3
186,670,185,1,2
187,659,162,0,3
187,670,188,2,1
188,659,163,0,3
188,670,189,2,1
188,681,189,2,1
189,659,164,0,3
189,670,190,2,1
189,681,190,2,1
189,723,190,2,1
190,659,165,0,3
190,660,191,2,1
190,665,165,0,3
190,670,191,2,1
190,681,191,2,1
190,723,191,2,1
191,659,166,0,3
191,660,192,2,1
191,665,166,0,3
191,670,192,2,1
191,681,192,2,1
191,723,192,2,1
192,659,167,0,3
192,660,193,2,1
192,665,167,0,3
192,670,193,2,1
192,681,193,2,1
192,723,193,2,1
193,659,168,0,3
193,660,168,0,3
193,670,218,3,0
193,681,218,3,0
193,723,218,3,0
194,659,193,1,2
194,660,169,0,3
194,665,193,1,2
194,670,219,3,0
194,681,219,3,0
194,723,219,3,0
195,659,194,1,2
195,660,170,0,3
195,665,194,1,2
195,670,220,3,0
195,681,220,3,0
195,723,220,3,0
196,659,195,1,2
196,660,171,0,3
196,665,195,1,2
196,670,221,3,0
196,681,221,3,0
196,723,221,3,0
197,659,196,1,2
197,670,222,3,0
197,681,222,3,0
197,723,222,3,0
198,659,197,1,2
198,670,223,3,0
198,681,223,3,0
199,659,198,1,2
199,670,224,3,0
200,659,201,1,1
200,670,225,2,0
201,659,202,2,1
201,670,226,3,0
201,681,226,3,0
201,723,226,3,0
202,659,203,2,1
202,660,177,0,3
202,670,227,3,0
202,681,227,3,0
202,723,227,3,0
203,659,204,2,1
203,660,178,0,3
203,665,204,2,1
203,670,228,3,0
203,681,228,3,0
203,723,228,3,0
204,659,205,2,1
204,660,179,0,3
204,665,205,2,1
204,670,229,3,0
204,681,229,3,0
204,723,229,3,0
205,659,180,0,3
205,660,180,0,3
205,670,230,3,0
205,681,230,3,0
205,723,230,3,0
206,659,181,0,3
206,660,205,1,2
206,665,181,0,3
206,670,205,1,2
206,681,205,1,2
206,706,205,1,2
206,723,205,1,2
207,659,182,0,3
207,660,206,1,2
207,665,182,0,3
207,670,206,1,2
207,681,206,1,2
207,723,206,1,2
208,659,183,0,3
208,660,207,1,2
208,665,183,0,3
208,670,207,1,2
208,681,207,1,2
208,723,207,1,2
209,659,184,0,3
209,660,208,1,2
209,670,208,1,2
209,681,208,1,2
209,723,208,1,2
210,659,185,0,3
210,670,209,1,2
210,681,209,1,2
210,723,209,1,2
211,659,186,0,3
211,670,210,1,2
212,659,187,0,3
212,670,213,2,1
213,659,188,0,3
213,670,214,2,1
213,681,214,2,1
214,659,189,0,3
214,670,215,2,1
214,681,215,2,1
214,723,215,2,1
215,659,190,0,3
215,660,216,2,1
215,665,190,0,3
215,670,216,2,1
215,681,216,2,1
215,723,216,2,1
216,659,191,0,3
216,660,217,2,1
216,665,191,0,3
216,670,217,2,1
216,681,217,2,1
216,723,217,2,1
217,659,192,0,3
217,660,218,2,1
217,665,192,0,3
217,670,218,2,1
217,681,218,2,1
217,723,218,2,1
218,659,193,0,3
218,660,193,0,3
218,670,243,3,0
218,681,243,3,0
218,723,243,3,0
219,659,218,1,2
219,660,194,0,3
219,665,218,1,2
219,670,244,3,0
219,681,244,3,0
219,723,244,3,0
220,659,219,1,2
220,660,195,0,3
220,665,219,1,2
220,670,245,3,0
220,681,245,3,0
220,723,245,3,0
221,659,220,1,2
221,660,196,0,3
221,665,220,1,2
221,670,246,3,0
221,681,246,3,0
221,723,246,3,0
222,659,221,1,2
222,670,247,3,0
222,681,247,3,0
222,723,247,3,0
223,659,222,1,2
223,670,248,3,0
223,681,248,3,0
224,659,223,1,2
224,670,249,3,0
225,659,226,1,1
225,670,250,2,0
226,659,227,2,1
226,670,251,3,0
226,681,251,3,0
226,723,251,3,0
227,659,228,2,1
227,660,202,0,3
227,670,252,3,0
227,681,252,3,0
227,723,252,3,0
228,659,229,2,1
228,660,203,0,3
228,665,229,2,1
228,670,253,3,0
228,681,253,3,0
228,723,253,3,0
229,659,230,2,1
229,660,204,0,3
229,665,230,2,1
229,670,254,3,0
229,681,254,3,0
229,723,254,3,0
230,659,205,0,3
230,660,205,0,3
230,670,255,3,0
230,681,255,3,0
230,723,255,3,0
231,659,206,0,3
231,660,230,1,2
231,665,206,0,3
231,670,230,1,2
231,681,230,1,2
231,706,230,1,2
231,723,230,1,2
232,659,207,0,3
232,660,231,1,2
232,665,207,0,3
232,670,231,1,2
232,681,231,1,2
232,723,231,1,2
233,659,208,0,3
233,660,232,1,2
233,665,208,0,3
233,670,232,1,2
233,681,232,1,2
233,723,232,1,2
234,659,209,0,3
234,660,233,1,2
234,670,233,1,2
234,681,233,1,2
234,723,233,1,2
235,659,210,0,3
235,670,234,1,2
235,681,234,1,2
235,723,234,1,2
236,659,211,0,3
236,670,235,1,2
237,659,212,0,3
237,670,238,2,1
238,659,213,0,3
238,670,239,2,1
238,681,239,2,1
239,659,214,0,3
239,670,240,2,1
239,681,240,2,1
239,723,240,2,1
240,659,215,0,3
240,660,241,2,1
240,665,215,0,3
240,670,241,2,1
240,681,241,2,1
240,723,241,2,1
241,659,216,0,3
241,660,242,2,1
241,665,216,0,3
241,670,242,2,1
241,681,242,2,1
241,723,242,2,1
242,659,217,0,3
242,660,243,2,1
242,665,217,0,3
242,670,243,2,1
242,681,243,2,1
242,723,243,2,1
243,659,218,0,3
243,660,218,0,3
243,670,268,3,0
243,681,268,3,0
243,723,268,3,0
244,659,243,1,2
244,660,219,0,3
244,665,243,1,2
244,670,269,3,0
244,681,269,3,0
244,723,269,3,0
245,659,244,1,2
245,660,220,0,3
245,665,244,1,2
245,670,270,3,0
245,681,270,3,0
245,723,270,3,0
246,659,245,1,2
246,660,221,0,3
246,665,245,1,2
246,670,271,3,0
246,681,271,3,0
246,723,271,3,0
247,659,246,1,2
247,670,272,3,0
247,681,272,3,0
247,723,272,3,0
248,659,247,1,2
248,670,273,3,0
248,681,273,3,0
249,659,248,1,2
249,670,274,3,0
250,659,251,1,1
250,670,274,3,2
251,659,252,2,1
251,670,250,1,1
251,681,276,3,0
251,723,276,3,0
252,659,253,2,1
252,660,227,0,3
252,670,251,1,2
252,681,277,3,0
252,723,277,3,0
253,659,254,2,1
253,660,228,0,3
253,665,254,2,1
253,670,252,1,2
253,681,278,3,0
253,723,278,3,0
254,659,255,2,1
254,660,229,0,3
254,665,255,2,1
254,670,253,1,2
254,681,279,3,0
254,723,279,3,0
255,659,230,0,3
255,660,230,0,3
255,670,254,1,2
255,723,280,3,0
256,659,231,0,3
256,660,255,1,2
256,665,231,0,3
256,670,255,1,2
256,681,255,1,2
256,706,255,1,2
256,723,255,1,2
257,659,232,0,3
257,660,256,1,2
257,665,232,0,3
257,670,256,1,2
257,681,256,1,2
257,723,256,1,2
258,659,233,0,3
258,660,257,1,2
258,665,233,0,3
258,670,257,1,2
258,681,257,1,2
258,723,257,1,2
259,659,234,0,3
259,660,258,1,2
259,670,258,1,2
259,681,258,1,2
259,723,258,1,2
260,659,235,0,3
260,670,259,1,2
260,681,259,1,2
260,723,259,1,2
261,659,236,0,3
261,670,260,1,2
262,659,237,0,3
262,670,263,2,1
263,659,238,0,3
263,670,264,2,1
263,681,264,2,1
264,659,239,0,3
264,670,265,2,1
264,681,265,2,1
264,723,265,2,1
265,659,240,0,3
265,660,266,2,1
265,665,240,0,3
265,670,266,2,1
265,681,266,2,1
265,723,266,2,1
266,659,241,0,3
266,660,267,2,1
266,665,241,0,3
266,670,267,2,1
266,681,267,2,1
266,723,267,2,1
267,659,242,0,3
267,660,268,2,1
267,665,242,0,3
267,670,268,2,1
267,681,268,2,1
267,723,268,2,1
268,659,243,0,3
268,660,243,0,3
268,670,269,2,1
268,723,293,3,0
269,659,268,1,2
269,660,244,0,3
269,665,268,1,2
269,670,270,2,1
269,681,294,3,0
269,723,294,3,0
270,659,269,1,2
270,660,245,0,3
270,665,269,1,2
270,670,271,2,1
270,681,295,3,0
270,723,295,3,0
271,659,270,1,2
271,660,246,0,3
271,665,270,1,2
271,670,272,2,1
271,681,296,3,0
271,723,296,3,0
272,659,271,1,2
272,670,273,2,1
272,681,297,3,0
272,723,297,3,0
273,659,272,1,2
273,670,274,2,1
273,681,298,3,0
274,659,273,1,2
274,670,670,49,0
275,659,276,1,1
275,670,250,0,2
276,659,277,2,1
276,670,251,0,3
276,681,275,1,1
276,723,301,3,0
277,659,278,2,1
277,660,252,0,3
277,670,252,0,3
277,681,276,1,2
277,723,302,3,0
278,659,279,2,1
278,660,253,0,3
278,665,279,2,1
278,670,253,0,3
278,681,277,1,2
278,723,303,3,0
279,659,280,2,1
279,660,254,0,3
279,665,280,2,1
279,670,254,0,3
279,681,278,1,2
279,723,304,3,0
280,659,255,0,3
280,660,255,0,3
280,665,255,0,3
280,670,255,0,3
280,681,279,1,2
280,723,305,3,0
281,659,256,0,3
281,660,280,1,2
281,665,256,0,3
281,670,280,1,2
281,681,280,1,2
281,706,280,1,2
281,723,280,1,2
282,659,257,0,3
282,660,281,1,2
282,665,257,0,3
282,670,281,1,2
282,681,281,1,2
282,723,281,1,2
283,659,258,0,3
283,660,282,1,2
283,665,258,0,3
283,670,282,1,2
283,681,282,1,2
283,723,282,1,2
284,659,259,0,3
284,660,283,1,2
284,670,283,1,2
284,681,283,1,2
284,723,283,1,2
285,659,260,0,3
285,670,284,1,2
285,681,284,1,2
285,723,284,1,2
286,659,261,0,3
286,670,285,1,2
287,659,262,0,3
287,670,288,2,1
288,659,263,0,3
288,670,289,2,1
288,681,289,2,1
289,659,264,0,3
289,670,290,2,1
289,681,290,2,1
289,723,290,2,1
290,659,265,0,3
290,660,291,2,1
290,665,265,0,3
290,670,291,2,1
290,681,291,2,1
290,723,291,2,1
291,659,266,0,3
291,660,292,2,1
291,665,266,0,3
291,670,292,2,1
291,681,292,2,1
291,723,292,2,1
292,659,267,0,3
292,660,293,2,1
292,665,267,0,3
292,670,293,2,1
292,681,293,2,1
292,723,293,2,1
293,659,268,0,3
293,660,268,0,3
293,665,268,0,3
293,670,268,0,3
293,681,294,2,1
293,723,318,3,0
294,659,293,1,2
294,660,269,0,3
294,665,293,1,2
294,670,269,0,3
294,681,295,2,1
294,723,319,3,0
295,659,294,1,2
295,660,270,0,3
295,665,294,1,2
295,670,270,0,3
295,681,296,2,1
295,723,320,3,0
296,659,295,1,2
296,660,271,0,3
296,665,295,1,2
296,670,271,0,3
296,681,297,2,1
296,723,321,3,0
297,659,296,1,2
297,670,272,0,3
297,681,298,2,1
297,723,322,3,0
298,659,297,1,2
298,670,273,0,3
298,681,681,60,0
299,659,298,1,2
299,670,274,0,3
300,659,301,1,1
300,670,275,0,2
301,659,302,2,1
301,670,276,0,3
301,681,276,0,3
301,723,326,3,0
302,659,303,2,1
302,660,277,0,3
302,670,277,0,3
302,681,277,0,3
302,723,327,3,0
303,659,304,2,1
303,660,278,0,3
303,665,304,2,1
303,670,278,0,3
303,681,278,0,3
303,723,328,3,0
304,659,305,2,1
304,660,279,0,3
304,665,305,2,1
304,670,279,0,3
304,681,279,0,3
304,723,329,3,0
305,659,280,0,3
305,660,280,0,3
305,665,280,0,3
305,670,280,0,3
305,681,280,0,3
305,723,330,3,0
306,659,281,0,3
306,660,305,1,2
306,665,281,0,3
306,670,305,1,2
306,681,305,1,2
306,706,305,1,2
306,723,305,1,2
307,659,282,0,3
307,660,306,1,2
307,665,282,0,3
307,670,306,1,2
307,681,306,1,2
307,723,306,1,2
308,659,283,0,3
308,660,307,1,2
308,665,283,0,3
308,670,307,1,2
308,681,307,1,2
308,723,307,1,2
309,659,284,0,3
309,660,308,1,2
309,670,308,1,2
309,681,308,1,2
309,723,308,1,2
310,659,285,0,3
310,670,309,1,2
310,681,309,1,2
310,723,309,1,2
311,659,286,0,3
311,670,310,1,2
312,659,287,0,3
312,670,313,2,1
313,659,288,0,3
313,670,314,2,1
313,681,314,2,1
314,659,289,0,3
314,670,315,2,1
314,681,315,2,1
314,723,315,2,1
315,659,290,0,3
315,660,316,2,1
315,665,290,0,3
315,670,316,2,1
315,681,316,2,1
315,723,316,2,1
316,659,291,0,3
316,660,317,2,1
316,665,291,0,3
316,670,317,2,1
316,681,317,2,1
316,723,317,2,1
317,659,292,0,3
317,660,318,2,1
317,665,292,0,3
317,670,318,2,1
317,681,318,2,1
317,723,318,2,1
318,659,293,0,3
318,660,293,0,3
318,665,293,0,3
318,670,293,0,3
318,681,293,0,3
318,723,343,3,0
319,659,318,1,2
319,660,294,0,3
319,665,318,1,2
319,670,294,0,3
319,681,294,0,3
319,723,344,3,0
320,659,319,1,2
320,660,295,0,3
320,665,319,1,2
320,670,295,0,3
320,681,295,0,3
320,723,345,3,0
321,659,320,1,2
321,660,296,0,3
321,665,320,1,2
321,670,296,0,3
321,681,296,0,3
321,723,346,3,0
322,659,321,1,2
322,670,297,0,3
322,681,297,0,3
322,723,347,3,0
323,659,322,1,2
323,670,298,0,3
323,681,298,0,3
324,659,323,1,2
324,670,299,0,3
325,659,326,1,1
325,670,300,0,2
326,659,327,2,1
326,670,301,0,3
326,681,301,0,3
326,723,351,3,0
327,659,328,2,1
327,660,302,0,3
327,670,302,0,3
327,681,302,0,3
327,723,352,3,0
328,659,329,2,1
328,660,303,0,3
328,665,329,2,1
328,670,303,0,3
328,681,303,0,3
328,723,353,3,0
329,659,330,2,1
329,660,304,0,3
329,665,330,2,1
329,670,304,0,3
329,681,304,0,3
329,723,354,3,0
330,659,305,0,3
330,660,305,0,3
330,665,305,0,3
330,670,305,0,3
330,681,305,0,3
330,723,355,3,0
331,659,306,0,3
331,660,330,1,2
331,665,306,0,3
331,670,330,1,2
331,681,330,1,2
331,706,330,1,2
331,723,330,1,2
332,659,307,0,3
332,660,331,1,2
332,665,307,0,3
332,670,331,1,2
332,681,331,1,2
332,723,331,1,2
333,659,308,0,3
333,660,332,1,2
333,665,308,0,3
333,670,332,1,2
333,681,332,1,2
333,723,332,1,2
334,659,309,0,3
334,660,333,1,2
334,670,333,1,2
334,681,333,1,2
334,723,333,1,2
335,659,310,0,3
335,670,334,1,2
335,681,334,1,2
335,723,334,1,2
336,659,311,0,3
336,670,335,1,2
337,659,312,0,3
337,670,338,2,1
338,659,313,0,3
338,670,339,2,1
338,681,339,2,1
339,659,314,0,3
339,670,340,2,1
339,681,340,2,1
339,723,340,2,1
340,659,315,0,3
340,660,341,2,1
340,665,315,0,3
340,670,341,2,1
340,681,341,2,1
340,723,341,2,1
341,659,316,0,3
341,660,342,2,1
341,665,316,0,3
341,670,342,2,1
341,681,342,2,1
341,723,342,2,1
342,659,317,0,3
342,660,343,2,1
342,665,317,0,3
342,670,343,2,1
342,681,343,2,1
342,723,343,2,1
343,659,318,0,3
343,660,318,0,3
343,665,318,0,3
343,670,318,0,3
343,681,318,0,3
343,723,368,3,0
344,659,343,1,2
344,660,319,0,3
344,665,343,1,2
344,670,319,0,3
344,681,319,0,3
344,723,369,3,0
345,659,344,1,2
345,660,320,0,3
345,665,344,1,2
345,670,320,0,3
345,681,320,0,3
345,723,370,3,0
346,659,345,1,2
346,660,321,0,3
346,665,345,1,2
346,670,321,0,3
346,681,321,0,3
346,723,371,3,0
347,659,346,1,2
347,670,322,0,3
347,681,322,0,3
347,723,372,3,0
348,659,347,1,2
348,670,323,0,3
348,681,323,0,3
349,659,348,1,2
349,670,324,0,3
350,659,351,1,1
350,670,325,0,2
351,659,352,2,1
351,670,326,0,3
351,681,326,0,3
351,723,376,3,0
352,659,353,2,1
352,660,377,3,0
352,670,327,0,3
352,681,327,0,3
352,723,377,3,0
353,659,354,2,1
353,660,378,3,0
353,665,354,2,1
353,670,328,0,3
353,681,328,0,3
353,723,378,3,0
354,659,355,2,1
354,660,379,3,0
354,665,355,2,1
354,670,329,0,3
354,681,329,0,3
354,723,379,3,0
355,659,330,0,3
355,665,330,0,3
355,670,330,0,3
355,681,330,0,3
355,723,380,3,0
356,659,331,0,3
356,660,355,1,2
356,665,331,0,3
356,670,355,1,2
356,681,355,1,2
356,706,355,1,2
356,723,355,1,2
357,659,332,0,3
357,660,356,1,2
357,665,332,0,3
357,670,356,1,2
357,681,356,1,2
357,723,356,1,2
358,659,333,0,3
358,660,357,1,2
358,665,333,0,3
358,670,357,1,2
358,681,357,1,2
358,723,357,1,2
359,659,334,0,3
359,660,358,1,2
359,670,358,1,2
359,681,358,1,2
359,723,358,1,2
360,659,335,0,3
360,670,359,1,2
360,681,359,1,2
360,723,359,1,2
361,659,336,0,3
361,670,360,1,2
362,659,337,0,3
362,670,363,2,1
363,659,338,0,3
363,670,364,2,1
363,681,364,2,1
364,659,339,0,3
364,670,365,2,1
364,681,365,2,1
364,723,365,2,1
365,659,340,0,3
365,660,366,2,1
365,665,340,0,3
365,670,366,2,1
365,681,366,2,1
365,723,366,2,1
366,659,341,0,3
366,660,367,2,1
366,665,341,0,3
366,670,367,2,1
366,681,367,2,1
366,723,367,2,1
367,659,342,0,3
367,660,368,2,1
367,665,342,0,3
367,670,368,2,1
367,681,368,2,1
367,723,368,2,1
368,659,343,0,3
368,665,343,0,3
368,670,343,0,3
368,681,343,0,3
368,723,393,3,0
369,659,368,1,2
369,660,394,3,0
369,665,368,1,2
369,670,344,0,3
369,681,344,0,3
369,723,394,3,0
370,659,369,1,2
370,660,395,3,0
370,665,369,1,2
370,670,345,0,3
370,681,345,0,3
370,723,395,3,0
371,659,370,1,2
371,660,396,3,0
371,665,370,1,2
371,670,346,0,3
371,681,346,0,3
371,723,396,3,0
372,659,371,1,2
372,670,347,0,3
372,681,347,0,3
372,723,397,3,0
373,659,372,1,2
373,670,348,0,3
373,681,348,0,3
374,659,373,1,2
374,670,349,0,3
375,659,376,1,1
375,670,350,0,2
376,659,377,2,1
376,670,351,0,3
376,681,351,0,3
376,723,723,102,0
377,659,378,2,1
377,660,402,3,0
377,670,352,0,3
377,681,352,0,3
377,723,376,1,2
378,659,379,2,1
378,660,403,3,0
378,665,379,2,1
378,670,353,0,3
378,681,353,0,3
378,723,377,1,2
379,659,380,2,1
379,660,404,3,0
379,665,380,2,1
379,670,354,0,3
379,681,354,0,3
379,723,378,1,2
380,659,355,0,3
380,665,355,0,3
380,670,355,0,3
380,681,355,0,3
380,723,379,1,2
381,659,356,0,3
381,660,380,1,2
381,665,356,0,3
381,670,380,1,2
381,681,380,1,2
381,706,380,1,2
381,723,380,1,2
382,659,357,0,3
382,660,381,1,2
382,665,357,0,3
382,670,381,1,2
382,681,381,1,2
382,723,381,1,2
383,659,358,0,3
383,660,382,1,2
383,665,358,0,3
383,670,382,1,2
383,681,382,1,2
383,723,382,1,2
384,659,359,0,3
384,660,383,1,2
384,670,383,1,2
384,681,383,1,2
384,723,383,1,2
385,659,360,0,3
385,670,384,1,2
385,681,384,1,2
385,723,384,1,2
386,659,361,0,3
386,670,385,1,2
387,659,362,0,3
387,670,388,2,1
388,659,363,0,3
388,670,389,2,1
388,681,389,2,1
389,659,364,0,3
389,670,390,2,1
389,681,390,2,1
389,723,390,2,1
390,659,365,0,3
390,660,391,2,1
390,665,365,0,3
390,670,391,2,1
390,681,391,2,1
390,723,391,2,1
391,659,366,0,3
391,660,392,2,1
391,665,366,0,3
391,670,392,2,1
391,681,392,2,1
391,723,392,2,1
392,659,367,0,3
392,660,393,2,1
392,665,367,0,3
392,670,393,2,1
392,681,393,2,1
392,723,393,2,1
393,659,368,0,3
393,665,368,0,3
393,670,368,0,3
393,681,368,0,3
393,723,394,2,1
394,659,393,1,2
394,660,419,3,0
394,665,393,1,2
394,670,369,0,3
394,681,369,0,3
394,723,395,2,1
395,659,394,1,2
395,660,420,3,0
395,665,394,1,2
395,670,370,0,3
395,681,370,0,3
395,723,396,2,1
396,659,395,1,2
396,660,421,3,0
396,665,395,1,2
396,670,371,0,3
396,681,371,0,3
396,723,397,2,1
397,659,396,1,2
397,670,372,0,3
397,681,372,0,3
397,723,398,2,1
398,659,397,1,2
398,670,373,0,3
398,681,373,0,3
399,659,398,1,2
399,670,374,0,3
400,659,401,1,1
400,670,375,0,2
401,659,402,2,1
401,670,376,0,3
401,681,376,0,3
401,723,376,0,3
402,659,403,2,1
402,660,427,3,0
402,670,377,0,3
402,681,377,0,3
402,723,377,0,3
403,659,404,2,1
403,660,428,3,0
403,665,404,2,1
403,670,378,0,3
403,681,378,0,3
403,723,378,0,3
404,659,405,2,1
404,660,429,3,0
404,665,405,2,1
404,670,379,0,3
404,681,379,0,3
404,723,379,0,3
405,659,430,3,0
405,665,380,0,3
405,670,380,0,3
405,681,380,0,3
405,706,380,0,3
406,659,431,3,0
406,660,405,1,2
406,665,381,0,3
406,670,405,1,2
406,681,405,1,2
406,706,405,1,2
406,723,405,1,2
407,659,432,3,0
407,660,406,1,2
407,665,382,0,3
407,670,406,1,2
407,681,406,1,2
407,723,406,1,2
408,659,433,3,0
408,660,407,1,2
408,665,383,0,3
408,670,407,1,2
408,681,407,1,2
408,723,407,1,2
409,659,434,3,0
409,660,408,1,2
409,670,408,1,2
409,681,408,1,2
409,723,408,1,2
410,659,435,3,0
410,670,409,1,2
410,681,409,1,2
410,723,409,1,2
411,659,436,3,0
411,670,410,1,2
412,659,437,3,0
412,670,413,2,1
413,659,438,3,0
413,670,414,2,1
413,681,414,2,1
414,659,439,3,0
414,670,415,2,1
414,681,415,2,1
414,723,415,2,1
415,659,440,3,0
415,660,416,2,1
415,665,390,0,3
415,670,416,2,1
415,681,416,2,1
415,723,416,2,1
416,659,441,3,0
416,660,417,2,1
416,665,391,0,3
416,670,417,2,1
416,681,417,2,1
416,723,417,2,1
417,659,442,3,0
417,660,418,2,1
417,665,392,0,3
417,670,418,2,1
417,681,418,2,1
417,723,418,2,1
418,659,443,3,0
418,665,393,0,3
418,670,393,0,3
418,681,393,0,3
418,706,393,0,3
419,659,418,1,2
419,660,444,3,0
419,665,418,1,2
419,670,394,0,3
419,681,394,0,3
419,723,394,0,3
420,659,419,1,2
420,660,445,3,0
420,665,419,1,2
420,670,395,0,3
420,681,395,0,3
420,723,395,0,3
421,659,420,1,2
421,660,446,3,0
421,665,420,1,2
421,670,396,0,3
421,681,396,0,3
421,723,396,0,3
422,659,421,1,2
422,670,397,0,3
422,681,397,0,3
422,723,397,0,3
423,659,422,1,2
423,670,398,0,3
423,681,398,0,3
424,659,423,1,2
424,670,399,0,3
425,659,426,1,1
425,670,400,0,2
426,659,427,2,1
426,670,401,0,3
426,681,401,0,3
426,723,401,0,3
427,659,428,2,1
427,660,452,3,0
427,670,402,0,3
427,681,402,0,3
427,723,402,0,3
428,659,429,2,1
428,660,453,3,0
428,665,429,2,1
428,670,403,0,3
428,681,403,0,3
428,723,403,0,3
429,659,430,2,1
429,660,454,3,0
429,665,430,2,1
429,670,404,0,3
429,681,404,0,3
429,723,404,0,3
430,659,455,3,0
430,660,455,3,0
430,665,405,0,3
430,670,405,0,3
430,681,405,0,3
431,659,456,3,0
431,660,430,1,2
431,665,406,0,3
431,670,430,1,2
431,681,430,1,2
431,706,430,1,2
431,723,430,1,2
432,659,457,3,0
432,660,431,1,2
432,665,407,0,3
432,670,431,1,2
432,681,431,1,2
432,723,431,1,2
433,659,458,3,0
433,660,432,1,2
433,665,408,0,3
433,670,432,1,2
433,681,432,1,2
433,723,432,1,2
434,659,459,3,0
434,660,433,1,2
434,670,433,1,2
434,681,433,1,2
434,723,433,1,2
435,659,460,3,0
435,670,434,1,2
435,681,434,1,2
435,723,434,1,2
436,659,461,3,0
436,670,435,1,2
437,659,462,3,0
437,670,438,2,1
438,659,463,3,0
438,670,439,2,1
438,681,439,2,1
439,659,464,3,0
439,670,440,2,1
439,681,440,2,1
439,723,440,2,1
440,659,465,3,0
440,660,441,2,1
440,665,415,0,3
440,670,441,2,1
440,681,441,2,1
440,723,441,2,1
441,659,466,3,0
441,660,442,2,1
441,665,416,0,3
441,670,442,2,1
441,681,442,2,1
441,723,442,2,1
442,659,467,3,0
442,660,443,2,1
442,665,417,0,3
442,670,443,2,1
442,681,443,2,1
442,723,443,2,1
443,659,468,3,0
443,660,468,3,0
443,665,418,0,3
443,670,418,0,3
443,681,418,0,3
444,659,443,1,2
444,660,469,3,0
444,665,443,1,2
444,670,419,0,3
444,681,419,0,3
444,723,419,0,3
445,659,444,1,2
445,660,470,3,0
445,665,444,1,2
445,670,420,0,3
445,681,420,0,3
445,723,420,0,3
446,659,445,1,2
446,660,471,3,0
446,665,445,1,2
446,670,421,0,3
446,681,421,0,3
446,723,421,0,3
447,659,446,1,2
447,670,422,0,3
447,681,422,0,3
447,723,422,0,3
448,659,447,1,2
448,670,423,0,3
448,681,423,0,3
449,659,448,1,2
449,670,424,0,3
450,659,451,1,1
450,670,425,0,2
451,659,452,2,1
451,670,426,0,3
451,681,426,0,3
451,723,426,0,3
452,659,453,2,1
452,660,477,3,0
452,670,427,0,3
452,681,427,0,3
452,723,427,0,3
453,659,454,2,1
453,660,478,3,0
453,665,454,2,1
453,670,428,0,3
453,681,428,0,3
453,723,428,0,3
454,659,455,2,1
454,660,479,3,0
454,665,455,2,1
454,670,429,0,3
454,681,429,0,3
454,723,429,0,3
455,659,480,3,0
455,660,480,3,0
455,670,430,0,3
455,681,430,0,3
455,723,430,0,3
456,659,481,3,0
456,660,455,1,2
456,665,481,3,0
456,670,455,1,2
456,681,455,1,2
456,706,455,1,2
456,723,455,1,2
457,659,482,3,0
457,660,456,1,2
457,665,482,3,0
457,670,456,1,2
457,681,456,1,2
457,723,456,1,2
458,659,483,3,0
458,660,457,1,2
458,665,483,3,0
458,670,457,1,2
458,681,457,1,2
458,723,457,1,2
459,659,484,3,0
459,660,458,1,2
459,670,458,1,2
459,681,458,1,2
459,723,458,1,2
460,659,485,3,0
460,670,459,1,2
460,681,459,1,2
460,723,459,1,2
461,659,486,3,0
461,670,460,1,2
462,659,487,3,0
462,670,463,2,1
463,659,488,3,0
463,670,464,2,1
463,681,464,2,1
464,659,489,3,0
464,670,465,2,1
464,681,465,2,1
464,723,465,2,1
465,659,490,3,0
465,660,466,2,1
465,665,490,3,0
465,670,466,2,1
465,681,466,2,1
465,723,466,2,1
466,659,491,3,0
466,660,467,2,1
466,665,491,3,0
466,670,467,2,1
466,681,467,2,1
466,723,467,2,1
467,659,492,3,0
467,660,468,2,1
467,665,492,3,0
467,670,468,2,1
467,681,468,2,1
467,723,468,2,1
468,659,493,3,0
468,660,493,3,0
468,670,443,0,3
468,681,443,0,3
468,723,443,0,3
469,659,468,1,2
469,660,494,3,0
469,665,468,1,2
469,670,444,0,3
469,681,444,0,3
469,723,444,0,3
470,659,469,1,2
470,660,495,3,0
470,665,469,1,2
470,670,445,0,3
470,681,445,0,3
470,723,445,0,3
471,659,470,1,2
471,660,496,3,0
471,665,470,1,2
471,670,446,0,3
471,681,446,0,3
471,723,446,0,3
472,659,471,1,2
472,670,447,0,3
472,681,447,0,3
472,723,447,0,3
473,659,472,1,2
473,670,448,0,3
473,681,448,0,3
474,659,473,1,2
474,670,449,0,3
475,659,476,1,1
475,670,450,0,2
476,659,477,2,1
476,670,451,0,3
476,681,451,0,3
476,723,451,0,3
477,659,478,2,1
477,660,502,3,0
477,670,452,0,3
477,681,452,0,3
477,723,452,0,3
478,659,479,2,1
478,660,503,3,0
478,665,479,2,1
478,670,453,0,3
478,681,453,0,3
478,723,453,0,3
479,659,480,2,1
479,660,504,3,0
479,665,480,2,1
479,670,454,0,3
479,681,454,0,3
479,723,454,0,3
480,659,505,3,0
480,660,505,3,0
480,670,455,0,3
480,681,455,0,3
480,723,455,0,3
481,659,506,3,0
481,660,480,1,2
481,665,506,3,0
481,670,480,1,2
481,681,480,1,2
481,706,480,1,2
481,723,480,1,2
482,659,507,3,0
482,660,481,1,2
482,665,507,3,0
482,670,481,1,2
482,681,481,1,2
482,723,481,1,2
483,659,508,3,0
483,660,482,1,2
483,665,508,3,0
483,670,482,1,2
483,681,482,1,2
483,723,482,1,2
484,659,509,3,0
484,660,483,1,2
484,670,483,1,2
484,681,483,1,2
484,723,483,1,2
485,659,510,3,0
485,670,484,1,2
485,681,484,1,2
485,723,484,1,2
486,659,511,3,0
486,670,485,1,2
487,659,512,3,0
487,670,488,2,1
488,659,513,3,0
488,670,489,2,1
488,681,489,2,1
489,659,514,3,0
489,670,490,2,1
489,681,490,2,1
489,723,490,2,1
490,659,515,3,0
490,660,491,2,1
490,665,515,3,0
490,670,491,2,1
490,681,491,2,1
490,723,491,2,1
491,659,516,3,0
491,660,492,2,1
491,665,516,3,0
491,670,492,2,1
491,681,492,2,1
491,723,492,2,1
492,659,517,3,0
492,660,493,2,1
492,665,517,3,0
492,670,493,2,1
492,681,493,2,1
492,723,493,2,1
493,659,518,3,0
493,660,518,3,0
493,670,468,0,3
493,681,468,0,3
493,723,468,0,3
494,659,493,1,2
494,660,519,3,0
494,665,493,1,2
494,670,469,0,3
494,681,469,0,3
494,723,469,0,3
495,659,494,1,2
495,660,520,3,0
495,665,494,1,2
495,670,470,0,3
495,681,470,0,3
495,723,470,0,3
496,659,495,1,2
496,660,521,3,0
496,665,495,1,2
496,670,471,0,3
496,681,471,0,3
496,723,471,0,3
497,659,496,1,2
497,670,472,0,3
497,681,472,0,3
497,723,472,0,3
498,659,497,1,2
498,670,473,0,3
498,681,473,0,3
499,659,498,1,2
499,670,474,0,3
500,659,501,1,1
500,670,475,0,2
501,659,502,2,1
501,670,476,0,3
501,681,476,0,3
501,723,476,0,3
502,659,503,2,1
502,660,527,3,0
502,670,477,0,3
502,681,477,0,3
502,723,477,0,3
503,659,504,2,1
503,660,528,3,0
503,665,504,2,1
503,670,478,0,3
503,681,478,0,3
503,723,478,0,3
504,659,505,2,1
504,660,529,3,0
504,665,505,2,1
504,670,479,0,3
504,681,479,0,3
504,723,479,0,3
505,659,530,3,0
505,660,530,3,0
505,670,480,0,3
505,681,480,0,3
505,723,480,0,3
506,659,531,3,0
506,660,505,1,2
506,665,531,3,0
506,670,505,1,2
506,681,505,1,2
506,706,505,1,2
506,723,505,1,2
507,659,532,3,0
507,660,506,1,2
507,665,532,3,0
507,670,506,1,2
507,681,506,1,2
507,723,506,1,2
508,659,533,3,0
508,660,507,1,2
508,665,533,3,0
508,670,507,1,2
508,681,507,1,2
508,723,507,1,2
509,659,534,3,0
509,660,508,1,2
509,670,508,1,2
509,681,508,1,2
509,723,508,1,2
510,659,535,3,0
510,670,509,1,2
510,681,509,1,2
510,723,509,1,2
511,659,536,3,0
511,670,510,1,2
512,659,537,3,0
512,670,513,2,1
513,659,538,3,0
513,670,514,2,1
513,681,514,2,1
514,659,539,3,0
514,670,515,2,1
514,681,515,2,1
514,723,515,2,1
515,659,540,3,0
515,660,516,2,1
515,665,540,3,0
515,670,516,2,1
515,681,516,2,1
515,723,516,2,1
516,659,541,3,0
516,660,517,2,1
516,665,541,3,0
516,670,517,2,1
516,681,517,2,1
516,723,517,2,1
517,659,542,3,0
517,660,518,2,1
517,665,542,3,0
517,670,518,2,1
517,681,518,2,1
517,723,518,2,1
518,659,543,3,0
518,660,543,3,0
518,670,493,0,3
518,681,493,0,3
518,723,493,0,3
519,659,518,1,2
519,660,544,3,0
519,665,518,1,2
519,670,494,0,3
519,681,494,0,3
519,723,494,0,3
520,659,519,1,2
520,660,545,3,0
520,665,519,1,2
520,670,495,0,3
520,681,495,0,3
520,723,495,0,3
521,659,520,1,2
521,660,546,3,0
521,665,520,1,2
521,670,496,0,3
521,681,496,0,3
521,723,496,0,3
522,659,521,1,2
522,670,497,0,3
522,681,497,0,3
522,723,497,0,3
523,659,522,1,2
523,670,498,0,3
523,681,498,0,3
524,659,523,1,2
524,670,499,0,3
525,659,526,1,1
525,670,500,0,2
526,659,527,2,1
526,670,501,0,3
526,681,501,0,3
526,723,501,0,3
527,659,528,2,1
527,660,552,3,0
527,670,502,0,3
527,681,502,0,3
527,723,502,0,3
528,659,529,2,1
528,660,553,3,0
528,665,529,2,1
528,670,503,0,3
528,681,503,0,3
528,723,503,0,3
529,659,530,2,1
529,660,554,3,0
529,665,530,2,1
529,670,504,0,3
529,681,504,0,3
529,723,504,0,3
530,659,555,3,0
530,660,555,3,0
530,670,505,0,3
530,681,505,0,3
530,723,505,0,3
531,659,556,3,0
531,660,530,1,2
531,665,556,3,0
531,670,530,1,2
531,681,530,1,2
531,706,530,1,2
531,723,530,1,2
532,659,557,3,0
532,660,531,1,2
532,665,557,3,0
532,670,531,1,2
532,681,531,1,2
532,723,531,1,2
533,659,558,3,0
533,660,532,1,2
533,665,558,3,0
533,670,532,1,2
533,681,532,1,2
533,723,532,1,2
534,659,559,3,0
534,660,533,1,2
534,670,533,1,2
534,681,533,1,2
534,723,533,1,2
535,659,560,3,0
535,670,534,1,2
535,681,534,1,2
535,723,534,1,2
536,659,561,3,0
536,670,535,1,2
537,659,562,3,0
537,670,538,2,1
538,659,563,3,0
538,670,539,2,1
538,681,539,2,1
539,659,564,3,0
539,670,540,2,1
539,681,540,2,1
539,723,540,2,1
540,659,565,3,0
540,660,541,2,1
540,665,565,3,0
540,670,541,2,1
540,681,541,2,1
540,723,541,2,1
541,659,566,3,0
541,660,542,2,1
541,665,566,3,0
541,670,542,2,1
541,681,542,2,1
541,723,542,2,1
542,659,567,3,0
542,660,543,2,1
542,665,567,3,0
542,670,543,2,1
542,681,543,2,1
542,723,543,2,1
543,659,568,3,0
543,660,568,3,0
543,670,518,0,3
543,681,518,0,3
543,723,518,0,3
544,659,543,1,2
544,660,569,3,0
544,665,543,1,2
544,670,519,0,3
544,681,519,0,3
544,723,519,0,3
545,659,544,1,2
545,660,570,3,0
545,665,544,1,2
545,670,520,0,3
545,681,520,0,3
545,723,520,0,3
546,659,545,1,2
546,660,571,3,0
546,665,545,1,2
546,670,521,0,3
546,681,521,0,3
546,723,521,0,3
547,659,546,1,2
547,670,522,0,3
547,681,522,0,3
547,723,522,0,3
548,659,547,1,2
548,670,523,0,3
548,681,523,0,3
549,659,548,1,2
549,670,524,0,3
550,659,551,1,1
550,670,525,0,2
551,659,552,2,1
551,670,526,0,3
551,681,526,0,3
551,723,526,0,3
552,659,553,2,1
552,660,577,3,0
552,670,527,0,3
552,681,527,0,3
552,723,527,0,3
553,659,554,2,1
553,660,578,3,0
553,665,554,2,1
553,670,528,0,3
553,681,528,0,3
553,723,528,0,3
554,659,555,2,1
554,660,579,3,0
554,665,555,2,1
554,670,529,0,3
554,681,529,0,3
554,723,529,0,3
555,659,580,3,0
555,660,580,3,0
555,670,530,0,3
555,681,530,0,3
555,723,530,0,3
556,659,581,3,0
556,660,555,1,2
556,665,581,3,0
556,670,555,1,2
556,681,555,1,2
556,706,555,1,2
556,723,555,1,2
557,659,582,3,0
557,660,556,1,2
557,665,582,3,0
557,670,556,1,2
557,681,556,1,2
557,723,556,1,2
558,659,583,3,0
558,660,557,1,2
558,665,583,3,0
558,670,557,1,2
558,681,557,1,2
558,723,557,1,2
559,659,584,3,0
559,660,558,1,2
559,670,558,1,2
559,681,558,1,2
559,723,558,1,2
560,659,585,3,0
560,670,559,1,2
560,681,559,1,2
560,723,559,1,2
561,659,586,3,0
561,670,560,1,2
562,659,587,3,0
562,670,563,2,1
563,659,588,3,0
563,670,564,2,1
563,681,564,2,1
564,659,589,3,0
564,670,565,2,1
564,681,565,2,1
564,723,565,2,1
565,659,590,3,0
565,660,566,2,1
565,665,590,3,0
565,670,566,2,1
565,681,566,2,1
565,723,566,2,1
566,659,591,3,0
566,660,567,2,1
566,665,591,3,0
566,670,567,2,1
566,681,567,2,1
566,723,567,2,1
567,659,592,3,0
567,660,568,2,1
567,665,592,3,0
567,670,568,2,1
567,681,568,2,1
567,723,568,2,1
568,659,593,3,0
568,660,593,3,0
568,670,543,0,3
568,681,543,0,3
568,723,543,0,3
569,659,568,1,2
569,660,594,3,0
569,665,568,1,2
569,670,544,0,3
569,681,544,0,3
569,723,544,0,3
570,659,569,1,2
570,660,595,3,0
570,665,569,1,2
570,670,545,0,3
570,681,545,0,3
570,723,545,0,3
571,659,570,1,2
571,660,596,3,0
571,665,570,1,2
571,670,546,0,3
571,681,546,0,3
571,723,546,0,3
572,659,571,1,2
572,670,547,0,3
572,681,547,0,3
572,723,547,0,3
573,659,572,1,2
573,670,548,0,3
573,681,548,0,3
574,659,573,1,2
574,670,549,0,3
575,659,576,1,1
575,670,600,2,0
576,659,577,2,1
576,670,601,3,0
576,681,551,0,3
576,723,551,0,3
577,659,578,2,1
577,660,602,3,0
577,670,602,3,0
577,681,552,0,3
577,723,552,0,3
578,659,579,2,1
578,660,603,3,0
578,665,579,2,1
578,670,603,3,0
578,681,553,0,3
578,723,553,0,3
579,659,580,2,1
579,660,604,3,0
579,665,580,2,1
579,670,604,3,0
579,681,554,0,3
579,723,554,0,3
580,659,605,3,0
580,660,605,3,0
580,665,605,3,0
580,670,605,3,0
580,723,555,0,3
581,659,606,3,0
581,660,580,1,2
581,665,606,3,0
581,670,580,1,2
581,681,580,1,2
581,706,580,1,2
581,723,580,1,2
582,659,607,3,0
582,660,581,1,2
582,665,607,3,0
582,670,581,1,2
582,681,581,1,2
582,723,581,1,2
583,659,608,3,0
583,660,582,1,2
583,665,608,3,0
583,670,582,1,2
583,681,582,1,2
583,723,582,1,2
584,659,609,3,0
584,660,583,1,2
584,670,583,1,2
584,681,583,1,2
584,723,583,1,2
585,659,610,3,0
585,670,584,1,2
585,681,584,1,2
585,723,584,1,2
586,659,611,3,0
586,670,585,1,2
587,659,612,3,0
587,670,588,2,1
588,659,613,3,0
588,670,589,2,1
588,681,589,2,1
589,659,614,3,0
589,670,590,2,1
589,681,590,2,1
589,723,590,2,1
590,659,615,3,0
590,660,591,2,1
590,665,615,3,0
590,670,591,2,1
590,681,591,2,1
590,723,591,2,1
591,659,616,3,0
591,660,592,2,1
591,665,616,3,0
591,670,592,2,1
591,681,592,2,1
591,723,592,2,1
592,659,617,3,0
592,660,593,2,1
592,665,617,3,0
592,670,593,2,1
592,681,593,2,1
592,723,593,2,1
593,659,618,3,0
593,660,618,3,0
593,665,618,3,0
593,670,618,3,0
593,723,568,0,3
594,659,593,1,2
594,660,619,3,0
594,665,593,1,2
594,670,619,3,0
594,681,569,0,3
594,723,569,0,3
595,659,594,1,2
595,660,620,3,0
595,665,594,1,2
595,670,620,3,0
595,681,570,0,3
595,723,570,0,3
596,659,595,1,2
596,660,621,3,0
596,665,595,1,2
596,670,621,3,0
596,681,571,0,3
596,723,571,0,3
597,659,596,1,2
597,670,622,3,0
597,681,572,0,3
597,723,572,0,3
598,659,597,1,2
598,670,623,3,0
598,681,573,0,3
599,659,598,1,2
599,670,624,3,0
600,659,601,1,1
600,670,0,2,3
601,659,602,2,1
601,670,1,3,3
601,681,1,3,3
601,723,576,0,3
602,659,603,2,1
602,660,2,3,3
602,670,2,3,3
602,681,2,3,3
602,723,577,0,3
603,659,604,2,1
603,660,3,3,3
603,665,604,2,1
603,670,3,3,3
603,681,3,3,3
603,723,578,0,3
604,659,605,2,1
604,660,4,3,3
604,665,605,2,1
604,670,4,3,3
604,681,4,3,3
604,723,579,0,3
605,659,5,3,3
605,660,5,3,3
605,665,5,3,3
605,670,5,3,3
605,681,5,3,3
605,723,580,0,3
606,659,6,3,3
606,660,605,1,2
606,665,6,3,3
606,670,605,1,2
606,681,605,1,2
606,706,605,1,2
606,723,605,1,2
607,659,7,3,3
607,660,606,1,2
607,665,7,3,3
607,670,606,1,2
607,681,606,1,2
607,723,606,1,2
608,659,8,3,3
608,660,607,1,2
608,665,8,3,3
608,670,607,1,2
608,681,607,1,2
608,723,607,1,2
609,659,9,3,3
609,660,608,1,2
609,670,608,1,2
609,681,608,1,2
609,723,608,1,2
610,659,10,3,3
610,670,609,1,2
610,681,609,1,2
610,723,609,1,2
611,659,11,3,3
611,670,610,1,2
612,659,12,3,3
612,670,613,2,1
613,659,13,3,3
613,670,614,2,1
613,681,614,2,1
614,659,14,3,3
614,670,615,2,1
614,681,615,2,1
614,723,615,2,1
615,659,15,3,3
615,660,616,2,1
615,665,15,3,3
615,670,616,2,1
615,681,616,2,1
615,723,616,2,1
616,659,16,3,3
616,660,617,2,1
616,665,16,3,3
616,670,617,2,1
616,681,617,2,1
616,723,617,2,1
617,659,17,3,3
617,660,618,2,1
617,665,17,3,3
617,670,618,2,1
617,681,618,2,1
617,723,618,2,1
618,659,18,3,3
618,660,18,3,3
618,665,18,3,3
618,670,18,3,3
618,681,18,3,3
618,723,593,0,3
619,659,618,1,2
619,660,19,3,3
619,665,618,1,2
619,670,19,3,3
619,681,19,3,3
619,723,594,0,3
620,659,619,1,2
620,660,20,3,3
620,665,619,1,2
620,670,20,3,3
620,681,20,3,3
620,723,595,0,3
621,659,620,1,2
621,660,21,3,3
621,665,620,1,2
621,670,21,3,3
621,681,21,3,3
621,723,596,0,3
622,659,621,1,2
622,670,22,3,3
622,681,22,3,3
622,723,597,0,3
623,659,622,1,2
623,670,23,3,3
623,681,23,3,3
624,659,623,1,2
624,670,24,3,3
659,625,87,0,38
659,626,87,0,38
659,627,87,0,38
659,628,87,0,38
659,629,87,0,38
659,630,87,0,38
659,631,87,0,38
659,632,87,0,38
659,633,87,0,38
659,634,87,0,38
659,635,87,0,38
659,636,87,0,38
659,637,87,0,38
659,638,87,0,38
659,639,87,0,38
659,640,87,0,38
659,641,87,0,38
659,642,87,0,38
659,643,87,0,38
659,644,87,0,38
659,645,87,0,38
659,646,87,0,38
659,647,87,0,38
659,648,87,0,38
659,649,87,0,38
659,650,87,0,38
659,651,87,0,38
659,652,87,0,38
659,653,87,0,38
659,654,87,0,38
659,655,87,0,38
659,656,87,0,38
659,657,87,0,38
659,658,87,0,38
659,660,87,0,38
659,661,87,0,38
659,662,87,0,38
659,663,87,0,38
659,664,87,0,38
659,665,87,0,38
659,666,87,0,38
659,667,87,0,38
659,668,87,0,38
659,669,87,0,38
659,670,87,0,38
659,671,87,0,38
659,672,87,0,38
659,673,87,0,38
659,674,87,0,38
659,675,87,0,38
659,676,87,0,38
659,677,87,0,38
659,678,87,0,38
659,679,87,0,38
659,680,87,0,38
659,681,87,0,38
659,682,87,0,38
659,683,87,0,38
659,684,87,0,38
659,685,87,0,38
659,686,87,0,38
659,687,87,0,38
659,688,87,0,38
659,689,87,0,38
659,690,87,0,38
659,691,87,0,38
659,692,87,0,38
659,693,87,0,38
659,694,87,0,38
659,695,87,0,38
659,696,87,0,38
659,697,87,0,38
659,698,87,0,38
659,699,87,0,38
659,700,87,0,38
659,701,87,0,38
659,702,87,0,38
659,703,87,0,38
659,704,87,0,38
659,705,87,0,38
659,706,87,0,38
659,707,87,0,38
659,708,87,0,38
659,709,87,0,38
659,710,87,0,38
659,711,87,0,38
659,712,87,0,38
659,713,87,0,38
659,714,87,0,38
659,715,87,0,38
659,716,87,0,38
659,717,87,0,38
659,718,87,0,38
659,719,87,0,38
659,720,87,0,38
659,721,87,0,38
659,722,87,0,38
659,723,87,0,38
659,724,87,0,38
660,625,27,0,39
660,626,27,0,39
660,627,27,0,39
660,628,27,0,39
660,629,27,0,39
660,630,27,0,39
660,631,27,0,39
660,632,27,0,39
660,633,27,0,39
660,634,27,0,39
660,635,27,0,39
660,636,27,0,39
660,637,27,0,39
660,638,27,0,39
660,639,27,0,39
660,640,27,0,39
660,641,27,0,39
660,642,27,0,39
660,643,27,0,39
660,644,27,0,39
660,645,27,0,39
660,646,27,0,39
660,647,27,0,39
660,648,27,0,39
660,649,27,0,39
660,650,27,0,39
660,651,27,0,39
660,652,27,0,39
660,653,27,0,39
660,654,27,0,39
660,655,27,0,39
660,656,27,0,39
660,657,27,0,39
660,658,27,0,39
660,659,27,0,39
660,661,27,0,39
660,662,27,0,39
660,663,27,0,39
660,664,27,0,39
660,665,27,0,39
660,666,27,0,39
660,667,27,0,39
660,668,27,0,39
660,669,27,0,39
660,670,27,0,39
660,671,27,0,39
660,672,27,0,39
660,673,27,0,39
660,674,27,0,39
660,675,27,0,39
660,676,27,0,39
660,677,27,0,39
660,678,27,0,39
660,679,27,0,39
660,680,27,0,39
660,681,27,0,39
660,682,27,0,39
660,683,27,0,39
660,684,27,0,39
660,685,27,0,39
660,686,27,0,39
660,687,27,0,39
660,688,27,0,39
660,689,27,0,39
660,690,27,0,39
660,691,27,0,39
660,692,27,0,39
660,693,27,0,39
660,694,27,0,39
660,695,27,0,39
660,696,27,0,39
660,697,27,0,39
660,698,27,0,39
660,699,27,0,39
660,700,27,0,39
660,701,27,0,39
660,702,27,0,39
660,703,27,0,39
660,704,27,0,39
660,705,27,0,39
660,706,27,0,39
660,707,27,0,39
660,708,27,0,39
660,709,27,0,39
660,710,27,0,39
660,711,27,0,39
660,712,27,0,39
660,713,27,0,39
660,714,27,0,39
660,715,27,0,39
660,716,27,0,39
660,717,27,0,39
660,718,27,0,39
660,719,27,0,39
660,720,27,0,39
660,721,27,0,39
660,722,27,0,39
660,723,27,0,39
660,724,27,0,39
665,625,140,0,44
665,626,140,0,44
665,627,140,0,44
665,628,140,0,44
665,629,140,0,44
665,630,140,0,44
665,631,140,0,44
665,632,140,0,44
665,633,140,0,44
665,634,140,0,44
665,635,140,0,44
665,636,140,0,44
665,637,140,0,44
665,638,140,0,44
665,639,140,0,44
665,640,140,0,44
665,641,140,0,44
665,642,140,0,44
665,643,140,0,44
665,644,140,0,44
665,645,140,0,44
665,646,140,0,44
665,647,140,0,44
665,648,140,0,44
665,649,140,0,44
665,650,140,0,44
665,651,140,0,44
665,652,140,0,44
665,653,140,0,44
665,654,140,0,44
665,655,140,0,44
665,656,140,0,44
665,657,140,0,44
665,658,140,0,44
665,659,140,0,44
665,660,140,0,44
665,661,140,0,44
665,662,140,0,44
665,663,140,0,44
665,664,140,0,44
665,666,140,0,44
665,667,140,0,44
665,668,140,0,44
665,669,140,0,44
665,670,140,0,44
665,671,140,0,44
665,672,140,0,44
665,673,140,0,44
665,674,140,0,44
665,675,140,0,44
665,676,140,0,44
665,677,140,0,44
665,678,140,0,44
665,679,140,0,44
665,680,140,0,44
665,681,140,0,44
665,682,140,0,44
665,683,140,0,44
665,684,140,0,44
665,685,140,0,44
665,686,140,0,44
665,687,140,0,44
665,688,140,0,44
665,689,140,0,44
665,690,140,0,44
665,691,140,0,44
665,692,140,0,44
665,693,140,0,44
665,694,140,0,44
665,695,140,0,44
665,696,140,0,44
665,697,140,0,44
665,698,140,0,44
665,699,140,0,44
665,700,140,0,44
665,701,140,0,44
665,702,140,0,44
665,703,140,0,44
665,704,140,0,44
665,705,140,0,44
665,706,140,0,44
665,707,140,0,44
665,708,140,0,44
665,709,140,0,44
665,710,140,0,44
665,711,140,0,44
665,712,140,0,44
665,713,140,0,44
665,714,140,0,44
665,715,140,0,44
665,716,140,0,44
665,717,140,0,44
665,718,140,0,44
665,719,140,0,44
665,720,140,0,44
665,721,140,0,44
665,722,140,0,44
665,723,140,0,44
665,724,140,0,44
670,625,274,0,49
670,626,274,0,49
670,627,274,0,49
670,628,274,0,49
670,629,274,0,49
670,630,274,0,49
670,631,274,0,49
670,632,274,0,49
670,633,274,0,49
670,634,274,0,49
670,635,274,0,49
670,636,274,0,49
670,637,274,0,49
670,638,274,0,49
670,639,274,0,49
670,640,274,0,49
670,641,274,0,49
670,642,274,0,49
670,643,274,0,49
670,644,274,0,49
670,645,274,0,49
670,646,274,0,49
670,647,274,0,49
670,648,274,0,49
670,649,274,0,49
670,650,274,0,49
670,651,274,0,49
670,652,274,0,49
670,653,274,0,49
670,654,274,0,49
670,655,274,0,49
670,656,274,0,49
670,657,274,0,49
670,658,274,0,49
670,659,274,0,49
670,660,274,0,49
670,661,274,0,49
670,662,274,0,49
670,663,274,0,49
670,664,274,0,49
670,665,274,0,49
670,666,274,0,49
670,667,274,0,49
670,668,274,0,49
670,669,274,0,49
670,671,274,0,49
670,672,274,0,49
670,673,274,0,49
670,674,274,0,49
670,675,274,0,49
670,676,274,0,49
670,677,274,0,49
670,678,274,0,49
670,679,274,0,49
670,680,274,0,49
670,681,274,0,49
670,682,274,0,49
670,683,274,0,49
670,684,274,0,49
670,685,274,0,49
670,686,274,0,49
670,687,274,0,49
670,688,274,0,49
670,689,274,0,49
670,690,274,0,49
670,691,274,0,49
670,692,274,0,49
670,693,274,0,49
670,694,274,0,49
670,695,274,0,49
670,696,274,0,49
670,697,274,0,49
670,698,274,0,49
670,699,274,0,49
670,700,274,0,49
670,701,274,0,49
670,702,274,0,49
670,703,274,0,49
670,704,274,0,49
670,705,274,0,49
670,706,274,0,49
670,707,274,0,49
670,708,274,0,49
670,709,274,0,49
670,710,274,0,49
670,711,274,0,49
670,712,274,0,49
670,713,274,0,49
670,714,274,0,49
670,715,274,0,49
670,716,274,0,49
670,717,274,0,49
670,718,274,0,49
670,719,274,0,49
670,720,274,0,49
670,721,274,0,49
670,722,274,0,49
670,723,274,0,49
670,724,274,0,49
681,625,298,0,60
681,626,298,0,60
681,627,298,0,60
681,628,298,0,60
681,629,298,0,60
681,630,298,0,60
681,631,298,0,60
681,632,298,0,60
681,633,298,0,60
681,634,298,0,60
681,635,298,0,60
681,636,298,0,60
681,637,298,0,60
681,638,298,0,60
681,639,298,0,60
681,640,298,0,60
681,641,298,0,60
681,642,298,0,60
681,643,298,0,60
681,644,298,0,60
681,645,298,0,60
681,646,298,0,60
681,647,298,0,60
681,648,298,0,60
681,649,298,0,60
681,650,298,0,60
681,651,298,0,60
681,652,298,0,60
681,653,298,0,60
681,654,298,0,60
681,655,298,0,60
681,656,298,0,60
681,657,298,0,60
681,658,298,0,60
681,659,298,0,60
681,660,298,0,60
681,661,298,0,60
681,662,298,0,60
681,663,298,0,60
681,664,298,0,60
681,665,298,0,60
681,666,298,0,60
681,667,298,0,60
681,668,298,0,60
681,669,298,0,60
681,670,298,0,60
681,671,298,0,60
681,672,298,0,60
681,673,298,0,60
681,674,298,0,60
681,675,298,0,60
681,676,298,0,60
681,677,298,0,60
681,678,298,0,60
681,679,298,0,60
681,680,298,0,60
681,682,298,0,60
681,683,298,0,60
681,684,298,0,60
681,685,298,0,60
681,686,298,0,60
681,687,298,0,60
681,688,298,0,60
681,689,298,0,60
681,690,298,0,60
681,691,298,0,60
681,692,298,0,60
681,693,298,0,60
681,694,298,0,60
681,695,298,0,60
681,696,298,0,60
681,697,298,0,60
681,698,298,0,60
681,699,298,0,60
681,700,298,0,60
681,701,298,0,60
681,702,298,0,60
681,703,298,0,60
681,704,298,0,60
681,705,298,0,60
681,706,298,0,60
681,707,298,0,60
681,708,298,0,60
681,709,298,0,60
681,710,298,0,60
681,711,298,0,60
681,712,298,0,60
681,713,298,0,60
681,714,298,0,60
681,715,298,0,60
681,716,298,0,60
681,717,298,0,60
681,718,298,0,60
681,719,298,0,60
681,720,298,0,60
681,721,298,0,60
681,722,298,0,60
681,723,298,0,60
681,724,298,0,60
706,625,105,0,85
706,626,105,0,85
706,627,105,0,85
706,628,105,0,85
706,629,105,0,85
706,630,105,0,85
706,631,105,0,85
706,632,105,0,85
706,633,105,0,85
706,634,105,0,85
706,635,105,0,85
706,636,105,0,85
706,637,105,0,85
706,638,105,0,85
706,639,105,0,85
706,640,105,0,85
706,641,105,0,85
706,642,105,0,85
706,643,105,0,85
706,644,105,0,85
706,645,105,0,85
706,646,105,0,85
706,647,105,0,85
706,648,105,0,85
706,649,105,0,85
706,650,105,0,85
706,651,105,0,85
706,652,105,0,85
706,653,105,0,85
706,654,105,0,85
706,655,105,0,85
706,656,105,0,85
706,657,105,0,85
706,658,105,0,85
706,659,105,0,85
706,660,105,0,85
706,661,105,0,85
706,662,105,0,85
706,663,105,0,85
706,664,105,0,85
706,665,105,0,85
706,666,105,0,85
706,667,105,0,85
706,668,105,0,85
706,669,105,0,85
706,670,105,0,85
706,671,105,0,85
706,672,105,0,85
706,673,105,0,85
706,674,105,0,85
706,675,105,0,85
706,676,105,0,85
706,677,105,0,85
706,678,105,0,85
706,679,105,0,85
706,680,105,0,85
706,681,105,0,85
706,682,105,0,85
706,683,105,0,85
706,684,105,0,85
706,685,105,0,85
706,686,105,0,85
706,687,105,0,85
706,688,105,0,85
706,689,105,0,85
706,690,105,0,85
706,691,105,0,85
706,692,105,0,85
706,693,105,0,85
706,694,105,0,85
706,695,105,0,85
706,696,105,0,85
706,697,105,0,85
706,698,105,0,85
706,699,105,0,85
706,700,105,0,85
706,701,105,0,85
706,702,105,0,85
706,703,105,0,85
706,704,105,0,85
706,705,105,0,85
706,707,105,0,85
706,708,105,0,85
706,709,105,0,85
706,710,105,0,85
706,711,105,0,85
706,712,105,0,85
706,713,105,0,85
706,714,105,0,85
706,715,105,0,85
706,716,105,0,85
706,717,105,0,85
706,718,105,0,85
706,719,105,0,85
706,720,105,0,85
706,721,105,0,85
706,722,105,0,85
706,723,105,0,85
706,724,105,0,85
723,625,376,0,102
723,626,376,0,102
723,627,376,0,102
723,628,376,0,102
723,629,376,0,102
723,630,376,0,102
723,631,376,0,102
723,632,376,0,102
723,633,376,0,102
723,634,376,0,102
723,635,376,0,102
723,636,376,0,102
723,637,376,0,102
723,638,376,0,102
723,639,376,0,102
723,640,376,0,102
723,641,376,0,102
723,642,376,0,102
723,643,376,0,102
723,644,376,0,102
723,645,376,0,102
723,646,376,0,102
723,647,376,0,102
723,648,376,0,102
723,649,376,0,102
723,650,376,0,102
723,651,376,0,102
723,652,376,0,102
723,653,376,0,102
723,654,376,0,102
723,655,376,0,102
723,656,376,0,102
723,657,376,0,102
723,658,376,0,102
723,659,376,0,102
723,660,376,0,102
723,661,376,0,102
723,662,376,0,102
723,663,376,0,102
723,664,376,0,102
723,665,376,0,102
723,666,376,0,102
723,667,376,0,102
723,668,376,0,102
723,669,376,0,102
723,670,376,0,102
723,671,376,0,102
723,672,376,0,102
723,673,376,0,102
723,674,376,0,102
723,675,376,0,102
723,676,376,0,102
723,677,376,0,102
723,678,376,0,102
723,679,376,0,102
723,680,376,0,102
723,681,376,0,102
723,682,376,0,102
723,683,376,0,102
723,684,376,0,102
723,685,376,0,102
723,686,376,0,102
723,687,376,0,102
723,688,376,0,102
723,689,376,0,102
723,690,376,0,102
723,691,376,0,102
723,692,376,0,102
723,693,376,0,102
723,694,376,0,102
723,695,376,0,102
723,696,376,0,102
723,697,376,0,102
723,698,376,0,102
723,699,376,0,102
723,700,376,0,102
723,701,376,0,102
723,702,376,0,102
723,703,376,0,102
723,704,376,0,102
723,705,376,0,102
723,706,376,0,102
723,707,376,0,102
723,708,376,0,102
723,709,376,0,102
723,710,376,0,102
723,711,376,0,102
723,712,376,0,102
723,713,376,0,102
723,714,376,0,102
723,715,376,0,102
723,716,376,0,102
723,717,376,0,102
723,718,376,0,102
723,719,376,0,102
723,720,376,0,102
723,721,376,0,102
723,722,376,0,102
723,724,376,0,102
