0,635,25,1,0
0,668,24,2,1
0,693,24,2,1
1,635,26,2,0
1,668,0,0,0
2,668,1,0,1
3,635,28,2,0
3,668,2,0,1
4,635,29,2,0
4,668,5,1,0
4,693,5,1,0
5,635,30,2,0
5,668,6,1,0
5,693,6,1,0
5,720,30,2,0
6,635,31,2,0
6,665,7,1,0
6,668,7,1,0
6,693,7,1,0
6,720,31,2,0
7,635,32,2,0
7,665,8,1,0
7,668,8,1,0
7,693,8,1,0
7,720,32,2,0
8,635,33,2,0
8,665,9,1,0
8,668,9,1,0
8,672,9,1,0
8,693,9,1,0
8,701,33,2,0
8,720,33,2,0
9,635,34,2,0
9,665,34,2,0
9,668,609,3,3
9,693,34,2,0
9,701,34,2,0
10,635,9,0,1
10,665,35,2,0
10,668,610,3,3
10,693,35,2,0
10,701,9,0,1
10,720,9,0,1
11,635,10,0,1
11,665,36,2,0
11,668,611,3,3
11,693,36,2,0
11,720,10,0,1
12,635,11,0,1
12,668,612,3,3
12,693,37,2,0
12,720,11,0,1
13,635,12,0,1
13,668,613,3,3
13,693,38,2,0
14,635,13,0,1
14,668,15,1,0
16,635,17,1,0
16,668,616,3,3
17,635,18,1,0
17,668,617,3,3
17,693,42,2,0
18,635,19,1,0
18,665,43,2,0
18,668,618,3,3
18,693,43,2,0
18,720,19,1,0
19,635,20,1,0
19,665,44,2,0
19,668,619,3,3
19,693,44,2,0
19,720,20,1,0
20,635,21,1,0
20,665,45,2,0
20,668,620,3,3
20,693,45,2,0
20,720,21,1,0
21,635,46,2,0
21,665,46,2,0
21,668,621,3,3
21,693,46,2,0
21,701,46,2,0
22,635,47,2,0
22,665,21,0,1
22,668,21,0,1
22,693,21,0,1
22,701,23,1,0
22,720,47,2,0
23,635,48,2,0
23,665,22,0,1
23,668,22,0,1
23,693,22,0,1
23,720,48,2,0
24,635,49,2,0
24,665,23,0,1
24,668,23,0,1
24,693,23,0,1
24,720,49,2,0
25,635,50,2,0
25,668,49,3,2
25,693,49,3,2
26,635,51,3,0
26,668,25,1,1
27,668,26,1,2
28,635,53,3,0
28,668,27,1,2
29,635,54,3,0
29,668,30,2,1
29,693,30,2,1
30,635,55,3,0
30,668,31,2,1
30,693,31,2,1
30,720,55,3,0
31,633,56,3,0
31,635,56,3,0
31,665,32,2,1
31,668,32,2,1
31,693,32,2,1
31,720,56,3,0
32,633,57,3,0
32,635,57,3,0
32,665,33,2,1
32,668,33,2,1
32,693,33,2,1
32,720,57,3,0
33,633,58,3,0
33,635,58,3,0
33,665,34,2,1
33,668,34,2,1
33,672,34,2,1
33,693,34,2,1
33,701,58,3,0
33,720,58,3,0
34,633,59,3,0
34,635,59,3,0
34,665,59,3,0
34,668,9,0,2
34,701,59,3,0
35,635,34,1,2
35,665,60,3,0
35,668,10,0,2
35,693,60,3,0
35,701,34,1,2
35,720,34,1,2
36,635,35,1,2
36,665,61,3,0
36,668,11,0,2
36,693,61,3,0
36,720,35,1,2
37,635,36,1,2
37,668,12,0,2
37,693,62,3,0
37,720,36,1,2
38,635,37,1,2
38,668,13,0,2
38,693,63,3,0
39,635,38,1,2
39,668,40,2,1
41,635,42,2,1
41,668,16,0,2
42,635,43,2,1
42,668,17,0,2
42,693,67,3,0
43,635,44,2,1
43,665,68,3,0
43,668,18,0,2
43,693,68,3,0
43,720,44,2,1
44,635,45,2,1
44,665,69,3,0
44,668,19,0,2
44,693,69,3,0
44,720,45,2,1
45,635,46,2,1
45,665,70,3,0
45,668,20,0,2
45,693,70,3,0
45,701,44,1,2
45,720,46,2,1
46,633,71,3,0
46,635,71,3,0
46,665,71,3,0
46,668,21,0,2
46,701,71,3,0
47,633,72,3,0
47,635,72,3,0
47,665,46,1,2
47,668,46,1,2
47,693,46,1,2
47,701,48,2,1
47,720,72,3,0
48,633,73,3,0
48,635,73,3,0
48,665,47,1,2
48,668,47,1,2
48,693,47,1,2
48,720,73,3,0
49,635,74,3,0
49,665,48,1,2
49,668,48,1,2
49,693,48,1,2
49,720,74,3,0
50,635,75,2,0
50,668,74,3,2
50,693,74,3,2
51,635,76,3,0
51,668,50,1,1
52,668,51,1,2
53,635,78,3,0
53,668,52,1,2
54,635,79,3,0
54,668,55,2,1
54,693,55,2,1
55,635,80,3,0
55,668,56,2,1
55,693,56,2,1
55,720,80,3,0
56,635,81,3,0
56,665,57,2,1
56,668,57,2,1
56,693,57,2,1
56,720,81,3,0
57,635,82,3,0
57,665,58,2,1
57,668,58,2,1
57,693,58,2,1
57,720,82,3,0
58,635,83,3,0
58,665,59,2,1
58,668,59,2,1
58,672,59,2,1
58,693,59,2,1
58,701,83,3,0
58,720,83,3,0
59,635,84,3,0
59,665,84,3,0
59,668,34,0,3
59,693,60,2,1
59,701,84,3,0
60,635,59,1,2
60,665,85,3,0
60,668,35,0,3
60,693,61,2,1
60,701,59,1,2
60,720,59,1,2
61,635,60,1,2
61,665,86,3,0
61,668,36,0,3
61,693,62,2,1
61,720,60,1,2
62,635,61,1,2
62,668,37,0,3
62,693,63,2,1
62,720,61,1,2
63,635,62,1,2
63,668,38,0,3
63,693,693,72,0
64,635,63,1,2
64,668,65,2,1
66,635,67,2,1
66,668,41,0,3
67,635,68,2,1
67,668,42,0,3
67,693,66,1,2
68,635,69,2,1
68,665,93,3,0
68,668,43,0,3
68,693,67,1,2
68,720,69,2,1
69,635,70,2,1
69,665,94,3,0
69,668,44,0,3
69,693,68,1,2
69,720,70,2,1
70,635,71,2,1
70,665,95,3,0
70,668,45,0,3
70,693,69,1,2
70,701,69,1,2
70,720,71,2,1
71,635,96,3,0
71,665,96,3,0
71,668,46,0,3
71,693,70,1,2
71,701,96,3,0
72,635,97,3,0
72,665,71,1,2
72,668,71,1,2
72,693,71,1,2
72,701,73,2,1
72,720,97,3,0
73,635,98,3,0
73,665,72,1,2
73,668,72,1,2
73,693,72,1,2
73,720,98,3,0
74,635,99,3,0
74,665,73,1,2
74,668,73,1,2
74,693,73,1,2
74,720,99,3,0
75,635,100,2,0
75,668,99,3,2
75,693,99,3,2
76,635,101,3,0
76,668,75,1,1
77,668,76,1,2
78,635,103,3,0
78,668,77,1,2
79,635,104,3,0
79,668,80,2,1
79,693,80,2,1
80,635,105,3,0
80,668,81,2,1
80,693,81,2,1
80,720,105,3,0
81,635,106,3,0
81,665,82,2,1
81,668,82,2,1
81,693,82,2,1
81,720,106,3,0
82,635,107,3,0
82,665,83,2,1
82,668,83,2,1
82,693,83,2,1
82,720,107,3,0
83,635,108,3,0
83,665,84,2,1
83,668,84,2,1
83,672,84,2,1
83,693,84,2,1
83,701,701,80,0
83,720,108,3,0
84,635,109,3,0
84,665,109,3,0
84,668,59,0,3
84,693,59,0,3
84,701,83,1,2
84,720,109,3,0
85,635,84,1,2
85,665,110,3,0
85,668,60,0,3
85,693,60,0,3
85,701,84,1,2
85,720,84,1,2
86,635,85,1,2
86,665,111,3,0
86,668,61,0,3
86,693,61,0,3
86,720,85,1,2
87,635,86,1,2
87,668,62,0,3
87,693,62,0,3
87,720,86,1,2
88,635,87,1,2
88,668,63,0,3
88,693,63,0,3
89,635,88,1,2
89,668,90,2,1
91,635,92,2,1
91,668,66,0,3
92,635,93,2,1
92,668,67,0,3
92,693,67,0,3
93,635,94,2,1
93,665,118,3,0
93,668,68,0,3
93,693,68,0,3
93,720,94,2,1
94,635,95,2,1
94,665,119,3,0
94,668,69,0,3
94,693,69,0,3
94,720,95,2,1
95,635,96,2,1
95,665,120,3,0
95,668,70,0,3
95,693,70,0,3
95,701,94,1,2
95,720,96,2,1
96,635,121,3,0
96,665,121,3,0
96,668,71,0,3
96,693,71,0,3
96,701,97,2,1
96,720,121,3,0
97,635,122,3,0
97,665,96,1,2
97,668,96,1,2
97,693,96,1,2
97,701,98,2,1
97,720,122,3,0
98,635,123,3,0
98,665,97,1,2
98,668,97,1,2
98,693,97,1,2
98,720,123,3,0
99,635,124,3,0
99,665,98,1,2
99,668,98,1,2
99,693,98,1,2
99,720,124,3,0
100,635,125,2,0
100,668,124,3,2
100,693,124,3,2
101,635,126,3,0
101,668,100,1,1
102,668,101,1,2
103,635,128,3,0
103,668,102,1,2
104,635,129,3,0
104,668,105,2,1
104,693,105,2,1
105,635,130,3,0
105,668,106,2,1
105,693,106,2,1
105,720,130,3,0
106,635,131,3,0
106,665,107,2,1
106,668,107,2,1
106,693,107,2,1
106,720,131,3,0
107,635,132,3,0
107,665,108,2,1
107,668,108,2,1
107,693,108,2,1
107,720,132,3,0
108,635,133,3,0
108,665,109,2,1
108,668,109,2,1
108,672,109,2,1
108,693,109,2,1
108,701,83,0,3
108,720,133,3,0
109,635,134,3,0
109,665,134,3,0
109,668,84,0,3
109,693,84,0,3
109,720,134,3,0
110,635,109,1,2
110,665,135,3,0
110,668,85,0,3
110,693,85,0,3
110,701,109,1,2
110,720,109,1,2
111,635,110,1,2
111,665,136,3,0
111,668,86,0,3
111,693,86,0,3
111,720,110,1,2
112,635,111,1,2
112,668,87,0,3
112,693,87,0,3
112,720,111,1,2
113,635,112,1,2
113,668,88,0,3
113,693,88,0,3
114,635,113,1,2
114,668,115,2,1
116,635,117,2,1
116,668,91,0,3
117,635,118,2,1
117,668,92,0,3
117,693,92,0,3
118,635,119,2,1
118,665,143,3,0
118,668,93,0,3
118,693,93,0,3
118,720,119,2,1
119,635,120,2,1
119,665,144,3,0
119,668,94,0,3
119,693,94,0,3
119,720,120,2,1
120,635,121,2,1
120,665,145,3,0
120,668,95,0,3
120,693,95,0,3
120,701,119,1,2
120,720,121,2,1
121,635,146,3,0
121,665,146,3,0
121,668,96,0,3
121,693,96,0,3
121,720,146,3,0
122,635,147,3,0
122,665,121,1,2
122,668,121,1,2
122,693,121,1,2
122,701,123,2,1
122,720,147,3,0
123,635,148,3,0
123,665,122,1,2
123,668,122,1,2
123,693,122,1,2
123,720,148,3,0
124,635,149,3,0
124,665,123,1,2
124,668,123,1,2
124,693,123,1,2
124,720,149,3,0
125,635,150,2,0
125,668,149,3,2
125,693,149,3,2
126,635,151,3,0
126,668,125,1,1
127,668,126,1,2
128,635,153,3,0
128,668,127,1,2
129,635,154,3,0
129,668,130,2,1
129,693,130,2,1
130,635,155,3,0
130,668,131,2,1
130,693,131,2,1
130,720,155,3,0
131,635,156,3,0
131,665,132,2,1
131,668,132,2,1
131,693,132,2,1
131,720,156,3,0
132,635,157,3,0
132,665,133,2,1
132,668,133,2,1
132,693,133,2,1
132,720,157,3,0
133,635,158,3,0
133,665,134,2,1
133,668,134,2,1
133,672,134,2,1
133,693,134,2,1
133,701,108,0,3
133,720,158,3,0
134,635,159,3,0
134,665,135,2,1
134,693,109,0,3
134,720,159,3,0
135,635,134,1,2
135,665,136,2,1
135,668,160,3,0
135,693,110,0,3
135,701,134,1,2
135,720,134,1,2
136,635,135,1,2
136,665,137,2,1
136,668,161,3,0
136,693,111,0,3
136,720,135,1,2
137,635,136,1,2
137,668,162,3,0
137,693,112,0,3
137,720,136,1,2
138,635,137,1,2
138,668,163,3,0
138,693,113,0,3
139,635,138,1,2
139,668,140,2,1
141,635,142,2,1
141,668,166,3,0
142,635,143,2,1
142,668,167,3,0
142,693,117,0,3
143,635,144,2,1
143,665,665,44,0
143,668,168,3,0
143,693,118,0,3
143,720,144,2,1
144,635,145,2,1
144,665,143,1,2
144,668,169,3,0
144,693,119,0,3
144,720,145,2,1
145,635,146,2,1
145,665,144,1,2
145,668,170,3,0
145,693,120,0,3
145,701,144,1,2
145,720,146,2,1
146,635,171,3,0
146,665,145,1,2
146,693,121,0,3
146,720,171,3,0
147,635,172,3,0
147,665,146,1,2
147,668,146,1,2
147,693,146,1,2
147,701,148,2,1
147,720,172,3,0
148,635,173,3,0
148,665,147,1,2
148,668,147,1,2
148,693,147,1,2
148,720,173,3,0
149,635,174,3,0
149,665,148,1,2
149,668,148,1,2
149,693,148,1,2
149,720,174,3,0
150,635,175,2,0
150,668,174,3,2
150,693,174,3,2
151,635,176,3,0
151,668,150,1,1
152,668,151,1,2
153,635,178,3,0
154,635,179,3,0
154,668,155,2,1
154,693,155,2,1
155,635,180,3,0
155,668,156,2,1
155,693,156,2,1
155,720,180,3,0
156,635,181,3,0
156,665,157,2,1
156,668,157,2,1
156,693,157,2,1
156,720,181,3,0
157,635,182,3,0
157,665,158,2,1
157,668,158,2,1
157,693,158,2,1
157,720,182,3,0
158,635,183,3,0
158,665,159,2,1
158,668,159,2,1
158,672,159,2,1
158,693,159,2,1
158,701,133,0,3
158,720,183,3,0
159,635,184,3,0
159,668,184,3,0
159,672,672,51,0
159,693,134,0,3
159,720,184,3,0
160,635,159,1,2
160,665,135,0,3
160,668,185,3,0
160,693,135,0,3
160,701,159,1,2
160,720,159,1,2
161,635,160,1,2
161,665,136,0,3
161,668,186,3,0
161,693,136,0,3
161,720,160,1,2
162,635,161,1,2
162,668,187,3,0
162,693,137,0,3
162,720,161,1,2
163,635,162,1,2
163,668,188,3,0
163,693,138,0,3
164,635,163,1,2
164,668,165,2,1
166,635,167,2,1
166,668,191,3,0
167,635,168,2,1
167,668,192,3,0
167,693,142,0,3
168,635,169,2,1
168,665,143,0,3
168,668,193,3,0
168,693,143,0,3
168,720,169,2,1
169,635,170,2,1
169,665,144,0,3
169,668,194,3,0
169,693,144,0,3
169,720,170,2,1
170,635,171,2,1
170,665,145,0,3
170,668,195,3,0
170,693,145,0,3
170,701,169,1,2
170,720,171,2,1
171,635,196,3,0
171,668,196,3,0
171,672,170,1,2
171,693,146,0,3
171,720,196,3,0
172,635,197,3,0
172,665,171,1,2
172,668,171,1,2
172,693,171,1,2
172,701,173,2,1
172,720,197,3,0
173,635,198,3,0
173,665,172,1,2
173,668,172,1,2
173,693,172,1,2
173,720,198,3,0
174,635,199,3,0
174,665,173,1,2
174,668,173,1,2
174,693,173,1,2
174,720,199,3,0
175,635,200,2,0
175,668,199,3,2
175,693,199,3,2
176,635,201,3,0
176,668,175,1,1
177,668,176,1,2
178,635,203,3,0
178,668,177,1,2
179,635,204,3,0
179,668,180,2,1
179,693,180,2,1
180,635,205,3,0
180,668,181,2,1
180,693,181,2,1
180,720,205,3,0
181,635,206,3,0
181,665,182,2,1
181,668,182,2,1
181,693,182,2,1
181,720,206,3,0
182,635,207,3,0
182,665,183,2,1
182,668,183,2,1
182,693,183,2,1
182,720,207,3,0
183,635,208,3,0
183,665,184,2,1
183,668,184,2,1
183,672,184,2,1
183,693,184,2,1
183,701,158,0,3
183,720,208,3,0
184,635,209,3,0
184,668,209,3,0
184,672,159,0,3
184,693,159,0,3
184,720,209,3,0
185,635,184,1,2
185,665,160,0,3
185,668,210,3,0
185,693,160,0,3
185,701,184,1,2
185,720,184,1,2
186,635,185,1,2
186,665,161,0,3
186,668,211,3,0
186,693,161,0,3
186,720,185,1,2
187,635,186,1,2
187,668,212,3,0
187,693,162,0,3
187,720,186,1,2
188,635,187,1,2
188,668,213,3,0
188,693,163,0,3
189,635,188,1,2
189,668,190,2,1
191,635,192,2,1
191,668,216,3,0
192,635,193,2,1
192,668,217,3,0
192,693,167,0,3
193,635,194,2,1
193,665,168,0,3
193,668,218,3,0
193,693,168,0,3
193,720,194,2,1
194,635,195,2,1
194,665,169,0,3
194,668,219,3,0
194,693,169,0,3
194,720,195,2,1
195,635,196,2,1
195,665,170,0,3
195,668,220,3,0
195,693,170,0,3
195,701,194,1,2
195,720,196,2,1
196,635,221,3,0
196,668,221,3,0
196,672,171,0,3
196,693,171,0,3
196,720,221,3,0
197,635,222,3,0
197,665,196,1,2
197,668,196,1,2
197,693,196,1,2
197,701,198,2,1
197,720,222,3,0
198,635,223,3,0
198,665,197,1,2
198,668,197,1,2
198,693,197,1,2
198,720,223,3,0
199,635,224,3,0
199,665,198,1,2
199,668,198,1,2
199,693,198,1,2
199,720,224,3,0
200,635,201,1,1
200,668,224,3,2
200,693,224,3,2
201,635,202,2,1
201,668,200,1,1
202,668,201,1,2
203,635,635,14,0
203,668,202,1,2
204,635,203,1,2
204,668,205,2,1
204,693,205,2,1
205,635,204,1,2
205,668,206,2,1
205,693,206,2,1
205,720,230,3,0
206,635,205,1,2
206,665,207,2,1
206,668,207,2,1
206,693,207,2,1
206,720,231,3,0
207,635,206,1,2
207,665,208,2,1
207,668,208,2,1
207,693,208,2,1
207,720,232,3,0
208,635,207,1,2
208,665,209,2,1
208,668,209,2,1
208,672,209,2,1
208,693,209,2,1
208,701,183,0,3
208,720,233,3,0
209,635,208,1,2
209,668,234,3,0
209,672,184,0,3
209,693,184,0,3
209,720,234,3,0
210,635,209,1,2
210,665,185,0,3
210,668,235,3,0
210,693,185,0,3
210,701,209,1,2
210,720,209,1,2
211,635,210,1,2
211,665,186,0,3
211,668,236,3,0
211,693,186,0,3
211,720,210,1,2
212,635,211,1,2
212,668,237,3,0
212,693,187,0,3
212,720,211,1,2
213,635,212,1,2
213,668,238,3,0
213,693,188,0,3
214,635,213,1,2
214,668,215,2,1
216,635,217,2,1
216,668,241,3,0
217,635,218,2,1
217,668,242,3,0
217,693,192,0,3
218,635,219,2,1
218,665,193,0,3
218,668,243,3,0
218,693,193,0,3
218,720,219,2,1
219,635,220,2,1
219,665,194,0,3
219,668,244,3,0
219,693,194,0,3
219,720,220,2,1
220,635,221,2,1
220,665,195,0,3
220,668,245,3,0
220,693,195,0,3
220,701,219,1,2
220,720,221,2,1
221,635,222,2,1
221,668,246,3,0
221,672,196,0,3
221,693,196,0,3
221,720,246,3,0
222,635,223,2,1
222,665,221,1,2
222,668,221,1,2
222,693,221,1,2
222,701,223,2,1
222,720,247,3,0
223,635,224,2,1
223,665,222,1,2
223,668,222,1,2
223,693,222,1,2
223,720,248,3,0
224,635,200,2,3
224,665,223,1,2
224,668,223,1,2
224,693,223,1,2
224,720,249,3,0
225,635,200,0,2
225,668,249,3,2
225,693,249,3,2
226,635,201,0,3
226,668,225,1,1
227,668,226,1,2
228,635,203,0,3
228,668,227,1,2
229,635,204,0,3
229,668,230,2,1
229,693,230,2,1
230,635,205,0,3
230,668,231,2,1
230,693,231,2,1
230,720,255,3,0
231,635,206,0,3
231,665,232,2,1
231,668,232,2,1
231,693,232,2,1
231,720,256,3,0
232,635,207,0,3
232,665,233,2,1
232,668,233,2,1
232,693,233,2,1
232,720,257,3,0
233,635,208,0,3
233,665,234,2,1
233,668,234,2,1
233,672,234,2,1
233,693,234,2,1
233,701,208,0,3
233,720,258,3,0
234,668,259,3,0
234,693,209,0,3
234,720,259,3,0
235,635,234,1,2
235,665,210,0,3
235,668,260,3,0
235,693,210,0,3
235,701,234,1,2
235,720,234,1,2
236,635,235,1,2
236,665,211,0,3
236,668,261,3,0
236,693,211,0,3
236,720,235,1,2
237,635,236,1,2
237,668,262,3,0
237,693,212,0,3
237,720,236,1,2
238,635,237,1,2
238,668,263,3,0
238,693,213,0,3
239,635,238,1,2
239,668,240,2,1
241,635,242,2,1
241,668,266,3,0
242,635,243,2,1
242,668,267,3,0
242,693,217,0,3
243,635,244,2,1
243,665,218,0,3
243,668,268,3,0
243,693,218,0,3
243,720,244,2,1
244,635,245,2,1
244,665,219,0,3
244,668,269,3,0
244,693,219,0,3
244,720,245,2,1
245,635,246,2,1
245,665,220,0,3
245,668,270,3,0
245,693,220,0,3
245,701,244,1,2
245,720,246,2,1
246,668,271,3,0
246,693,221,0,3
246,720,271,3,0
247,635,222,0,3
247,665,246,1,2
247,668,246,1,2
247,693,246,1,2
247,701,248,2,1
247,720,272,3,0
248,635,223,0,3
248,665,247,1,2
248,668,247,1,2
248,693,247,1,2
248,720,273,3,0
249,635,224,0,3
249,665,248,1,2
249,668,248,1,2
249,693,248,1,2
249,720,274,3,0
250,635,225,0,2
250,668,274,3,2
250,693,274,3,2
251,635,226,0,3
251,668,250,1,1
252,668,251,1,2
253,635,228,0,3
253,668,252,1,2
254,635,229,0,3
254,668,255,2,1
254,693,255,2,1
255,635,230,0,3
255,668,256,2,1
255,693,256,2,1
255,720,280,3,0
256,635,231,0,3
256,665,257,2,1
256,668,257,2,1
256,693,257,2,1
256,720,281,3,0
257,635,232,0,3
257,665,258,2,1
257,668,258,2,1
257,693,258,2,1
257,720,282,3,0
258,635,233,0,3
258,665,259,2,1
258,668,259,2,1
258,672,259,2,1
258,693,259,2,1
258,701,233,0,3
258,720,283,3,0
259,635,234,0,3
259,668,284,3,0
259,693,234,0,3
259,720,284,3,0
260,635,259,1,2
260,665,235,0,3
260,668,285,3,0
260,693,235,0,3
260,701,259,1,2
260,720,259,1,2
261,635,260,1,2
261,665,236,0,3
261,668,286,3,0
261,693,236,0,3
261,720,260,1,2
262,635,261,1,2
262,668,287,3,0
262,693,237,0,3
262,720,261,1,2
263,635,262,1,2
263,668,288,3,0
263,693,238,0,3
264,635,263,1,2
264,668,265,2,1
266,635,267,2,1
266,668,291,3,0
267,635,268,2,1
267,668,292,3,0
267,693,242,0,3
268,635,269,2,1
268,665,243,0,3
268,668,293,3,0
268,693,243,0,3
268,720,269,2,1
269,635,270,2,1
269,665,244,0,3
269,668,294,3,0
269,693,244,0,3
269,720,270,2,1
270,635,271,2,1
270,665,245,0,3
270,668,295,3,0
270,693,245,0,3
270,701,269,1,2
270,720,271,2,1
271,635,246,0,3
271,668,296,3,0
271,693,246,0,3
271,720,296,3,0
272,635,247,0,3
272,665,271,1,2
272,668,271,1,2
272,693,271,1,2
272,701,273,2,1
272,720,297,3,0
273,635,248,0,3
273,665,272,1,2
273,668,272,1,2
273,693,272,1,2
273,720,298,3,0
274,635,249,0,3
274,665,273,1,2
274,668,273,1,2
274,693,273,1,2
274,720,299,3,0
275,635,250,0,2
275,668,299,3,2
275,693,299,3,2
276,635,251,0,3
276,668,275,1,1
277,668,276,1,2
278,635,253,0,3
278,668,277,1,2
279,635,254,0,3
279,668,280,2,1
279,693,280,2,1
280,635,255,0,3
280,668,281,2,1
280,693,281,2,1
280,720,720,99,0
281,635,256,0,3
281,665,282,2,1
281,668,282,2,1
281,693,282,2,1
281,720,280,1,2
282,635,257,0,3
282,665,283,2,1
282,668,283,2,1
282,693,283,2,1
282,720,281,1,2
283,635,258,0,3
283,665,284,2,1
283,668,284,2,1
283,672,284,2,1
283,693,284,2,1
283,701,258,0,3
283,720,282,1,2
284,635,259,0,3
284,665,259,0,3
284,668,309,3,0
284,693,259,0,3
284,720,283,1,2
285,635,284,1,2
285,665,260,0,3
285,668,310,3,0
285,693,260,0,3
285,701,284,1,2
285,720,284,1,2
286,635,285,1,2
286,665,261,0,3
286,668,311,3,0
286,693,261,0,3
286,720,285,1,2
287,635,286,1,2
287,668,312,3,0
287,693,262,0,3
287,720,286,1,2
288,635,287,1,2
288,668,313,3,0
288,693,263,0,3
289,635,288,1,2
289,668,290,2,1
291,635,292,2,1
291,668,316,3,0
292,635,293,2,1
292,668,317,3,0
292,693,267,0,3
293,635,294,2,1
293,665,268,0,3
293,668,318,3,0
293,693,268,0,3
293,720,294,2,1
294,635,295,2,1
294,665,269,0,3
294,668,319,3,0
294,693,269,0,3
294,720,295,2,1
295,635,296,2,1
295,665,270,0,3
295,668,320,3,0
295,693,270,0,3
295,701,294,1,2
295,720,296,2,1
296,635,271,0,3
296,665,271,0,3
296,668,321,3,0
296,693,271,0,3
296,720,297,2,1
297,635,272,0,3
297,665,296,1,2
297,668,296,1,2
297,693,296,1,2
297,701,298,2,1
297,720,298,2,1
298,635,273,0,3
298,665,297,1,2
298,668,297,1,2
298,693,297,1,2
298,720,299,2,1
299,635,274,0,3
299,665,298,1,2
299,668,298,1,2
299,693,298,1,2
299,720,275,2,3
300,635,275,0,2
300,668,324,3,2
300,693,324,3,2
301,635,276,0,3
301,668,300,1,1
302,668,301,1,2
303,635,278,0,3
303,668,302,1,2
304,635,279,0,3
304,668,305,2,1
304,693,305,2,1
305,635,280,0,3
305,668,306,2,1
305,693,306,2,1
305,720,280,0,3
306,635,281,0,3
306,665,307,2,1
306,668,307,2,1
306,693,307,2,1
306,720,281,0,3
307,635,282,0,3
307,665,308,2,1
307,668,308,2,1
307,693,308,2,1
307,720,282,0,3
308,635,283,0,3
308,665,309,2,1
308,668,309,2,1
308,672,309,2,1
308,693,309,2,1
308,701,283,0,3
308,720,283,0,3
309,635,284,0,3
309,665,284,0,3
309,668,334,3,0
309,693,284,0,3
310,635,309,1,2
310,665,285,0,3
310,668,335,3,0
310,693,285,0,3
310,701,309,1,2
310,720,309,1,2
311,635,310,1,2
311,665,286,0,3
311,668,336,3,0
311,693,286,0,3
311,720,310,1,2
312,635,311,1,2
312,668,337,3,0
312,693,287,0,3
312,720,311,1,2
313,635,312,1,2
313,668,338,3,0
313,693,288,0,3
314,635,313,1,2
314,668,315,2,1
316,635,317,2,1
316,668,341,3,0
317,635,318,2,1
317,668,342,3,0
317,693,292,0,3
318,635,319,2,1
318,665,293,0,3
318,668,343,3,0
318,693,293,0,3
318,720,319,2,1
319,635,320,2,1
319,665,294,0,3
319,668,344,3,0
319,693,294,0,3
319,720,320,2,1
320,635,321,2,1
320,665,295,0,3
320,668,345,3,0
320,693,295,0,3
320,701,319,1,2
320,720,321,2,1
321,635,296,0,3
321,665,296,0,3
321,668,346,3,0
321,693,296,0,3
322,635,297,0,3
322,665,321,1,2
322,668,321,1,2
322,693,321,1,2
322,701,323,2,1
322,720,297,0,3
323,635,298,0,3
323,665,322,1,2
323,668,322,1,2
323,693,322,1,2
323,720,298,0,3
324,635,299,0,3
324,665,323,1,2
324,668,323,1,2
324,693,323,1,2
324,720,299,0,3
325,635,300,0,2
325,668,349,3,2
325,693,349,3,2
326,635,301,0,3
326,668,325,1,1
327,668,326,1,2
328,635,303,0,3
328,668,327,1,2
329,635,304,0,3
329,668,330,2,1
329,693,330,2,1
330,635,305,0,3
330,668,331,2,1
330,693,331,2,1
330,720,305,0,3
331,633,633,12,0
331,635,306,0,3
331,665,332,2,1
331,668,332,2,1
331,693,332,2,1
331,720,306,0,3
332,633,331,1,2
332,635,307,0,3
332,665,333,2,1
332,668,333,2,1
332,693,333,2,1
332,720,307,0,3
333,633,332,1,2
333,635,308,0,3
333,665,334,2,1
333,668,334,2,1
333,672,334,2,1
333,693,334,2,1
333,701,308,0,3
333,720,308,0,3
334,633,333,1,2
334,635,309,0,3
334,665,309,0,3
334,668,359,3,0
334,693,309,0,3
334,701,309,0,3
335,635,334,1,2
335,665,310,0,3
335,668,360,3,0
335,693,310,0,3
335,701,334,1,2
335,720,334,1,2
336,635,335,1,2
336,665,311,0,3
336,668,361,3,0
336,693,311,0,3
336,720,335,1,2
337,635,336,1,2
337,668,362,3,0
337,693,312,0,3
337,720,336,1,2
338,635,337,1,2
338,668,363,3,0
338,693,313,0,3
339,635,338,1,2
339,668,340,2,1
341,635,342,2,1
341,668,366,3,0
342,635,343,2,1
342,668,367,3,0
342,693,317,0,3
343,635,344,2,1
343,665,318,0,3
343,668,368,3,0
343,693,318,0,3
343,720,344,2,1
344,635,345,2,1
344,665,319,0,3
344,668,369,3,0
344,693,319,0,3
344,720,345,2,1
345,635,346,2,1
345,665,320,0,3
345,668,370,3,0
345,693,320,0,3
345,701,344,1,2
345,720,346,2,1
346,633,347,2,1
346,635,321,0,3
346,665,321,0,3
346,668,371,3,0
346,693,321,0,3
346,701,321,0,3
347,633,348,2,1
347,635,322,0,3
347,665,346,1,2
347,668,346,1,2
347,693,346,1,2
347,701,348,2,1
347,720,322,0,3
348,633,349,2,1
348,635,323,0,3
348,665,347,1,2
348,668,347,1,2
348,693,347,1,2
348,720,323,0,3
349,635,324,0,3
349,665,348,1,2
349,668,348,1,2
349,693,348,1,2
349,720,324,0,3
350,635,325,0,2
350,668,374,3,2
350,693,374,3,2
351,635,326,0,3
351,668,350,1,1
352,668,351,1,2
353,635,328,0,3
353,668,352,1,2
354,635,329,0,3
354,668,355,2,1
354,693,355,2,1
355,635,330,0,3
355,668,356,2,1
355,693,356,2,1
355,720,330,0,3
356,633,331,0,3
356,635,331,0,3
356,665,357,2,1
356,668,357,2,1
356,693,357,2,1
356,720,331,0,3
357,633,332,0,3
357,635,332,0,3
357,665,358,2,1
357,668,358,2,1
357,693,358,2,1
357,720,332,0,3
358,633,333,0,3
358,635,333,0,3
358,665,359,2,1
358,668,359,2,1
358,672,359,2,1
358,693,359,2,1
358,701,333,0,3
358,720,333,0,3
359,633,334,0,3
359,635,334,0,3
359,665,334,0,3
359,668,384,3,0
359,701,334,0,3
360,635,359,1,2
360,665,335,0,3
360,668,385,3,0
360,693,335,0,3
360,701,359,1,2
360,720,359,1,2
361,635,360,1,2
361,665,336,0,3
361,668,386,3,0
361,693,336,0,3
361,720,360,1,2
362,635,361,1,2
362,668,387,3,0
362,693,337,0,3
362,720,361,1,2
363,635,362,1,2
363,668,388,3,0
363,693,338,0,3
364,635,363,1,2
364,668,365,2,1
366,635,367,2,1
366,668,391,3,0
367,635,368,2,1
367,668,392,3,0
367,693,342,0,3
368,635,369,2,1
368,665,343,0,3
368,668,393,3,0
368,693,343,0,3
368,720,369,2,1
369,635,370,2,1
369,665,344,0,3
369,668,394,3,0
369,693,344,0,3
369,720,370,2,1
370,635,371,2,1
370,665,345,0,3
370,668,395,3,0
370,693,345,0,3
370,701,369,1,2
370,720,371,2,1
371,633,346,0,3
371,635,346,0,3
371,665,346,0,3
371,668,396,3,0
371,701,346,0,3
372,633,347,0,3
372,635,347,0,3
372,665,371,1,2
372,668,371,1,2
372,693,371,1,2
372,701,373,2,1
372,720,347,0,3
373,633,348,0,3
373,635,348,0,3
373,665,372,1,2
373,668,372,1,2
373,693,372,1,2
373,720,348,0,3
374,635,349,0,3
374,665,373,1,2
374,668,373,1,2
374,693,373,1,2
374,720,349,0,3
375,635,350,0,2
375,668,399,3,2
375,693,399,3,2
376,635,351,0,3
376,668,375,1,1
377,668,376,1,2
378,635,353,0,3
378,668,377,1,2
379,635,354,0,3
379,668,380,2,1
379,693,380,2,1
380,635,355,0,3
380,668,381,2,1
380,693,381,2,1
380,720,355,0,3
381,635,356,0,3
381,665,382,2,1
381,668,382,2,1
381,693,382,2,1
381,720,356,0,3
382,635,357,0,3
382,665,383,2,1
382,668,383,2,1
382,693,383,2,1
382,720,357,0,3
383,635,358,0,3
383,665,384,2,1
383,668,384,2,1
383,672,384,2,1
383,693,384,2,1
383,701,358,0,3
383,720,358,0,3
384,635,359,0,3
384,665,359,0,3
384,668,409,3,0
384,693,409,3,0
384,701,359,0,3
385,635,384,1,2
385,665,360,0,3
385,668,410,3,0
385,693,410,3,0
385,701,384,1,2
385,720,384,1,2
386,635,385,1,2
386,665,361,0,3
386,668,411,3,0
386,693,411,3,0
386,720,385,1,2
387,635,386,1,2
387,668,412,3,0
387,693,412,3,0
387,720,386,1,2
388,635,387,1,2
388,668,413,3,0
388,693,413,3,0
389,635,388,1,2
389,668,390,2,1
391,635,392,2,1
391,668,416,3,0
392,635,393,2,1
392,668,417,3,0
392,693,417,3,0
393,635,394,2,1
393,665,368,0,3
393,668,418,3,0
393,693,418,3,0
393,720,394,2,1
394,635,395,2,1
394,665,369,0,3
394,668,419,3,0
394,693,419,3,0
394,720,395,2,1
395,635,396,2,1
395,665,370,0,3
395,668,420,3,0
395,693,420,3,0
395,701,394,1,2
395,720,396,2,1
396,635,371,0,3
396,665,371,0,3
396,668,421,3,0
396,693,421,3,0
396,701,371,0,3
397,635,372,0,3
397,665,396,1,2
397,668,396,1,2
397,693,396,1,2
397,701,398,2,1
397,720,372,0,3
398,635,373,0,3
398,665,397,1,2
398,668,397,1,2
398,693,397,1,2
398,720,373,0,3
399,635,374,0,3
399,665,398,1,2
399,668,398,1,2
399,693,398,1,2
399,720,374,0,3
400,635,375,0,2
400,668,424,3,2
400,693,424,3,2
401,635,376,0,3
401,668,400,1,1
402,668,401,1,2
403,635,378,0,3
403,668,402,1,2
404,635,379,0,3
404,668,405,2,1
404,693,405,2,1
405,635,380,0,3
405,668,406,2,1
405,693,406,2,1
405,720,380,0,3
406,635,381,0,3
406,665,407,2,1
406,668,407,2,1
406,693,407,2,1
406,720,381,0,3
407,635,382,0,3
407,665,408,2,1
407,668,408,2,1
407,693,408,2,1
407,720,382,0,3
408,635,383,0,3
408,665,409,2,1
408,668,409,2,1
408,672,409,2,1
408,693,409,2,1
408,701,433,3,0
408,720,383,0,3
409,635,384,0,3
409,665,384,0,3
409,668,434,3,0
409,693,434,3,0
409,720,384,0,3
410,635,409,1,2
410,665,385,0,3
410,668,435,3,0
410,693,435,3,0
410,701,409,1,2
410,720,409,1,2
411,635,410,1,2
411,665,386,0,3
411,668,436,3,0
411,693,436,3,0
411,720,410,1,2
412,635,411,1,2
412,668,437,3,0
412,693,437,3,0
412,720,411,1,2
413,635,412,1,2
413,668,438,3,0
413,693,438,3,0
414,635,413,1,2
414,668,415,2,1
416,635,417,2,1
416,668,441,3,0
417,635,418,2,1
417,668,442,3,0
417,693,442,3,0
418,635,419,2,1
418,665,393,0,3
418,668,443,3,0
418,693,443,3,0
418,720,419,2,1
419,635,420,2,1
419,665,394,0,3
419,668,444,3,0
419,693,444,3,0
419,720,420,2,1
420,635,421,2,1
420,665,395,0,3
420,668,445,3,0
420,693,445,3,0
420,701,419,1,2
420,720,421,2,1
421,635,396,0,3
421,665,396,0,3
421,668,446,3,0
421,693,446,3,0
421,720,396,0,3
422,635,397,0,3
422,665,421,1,2
422,668,421,1,2
422,693,421,1,2
422,701,423,2,1
422,720,397,0,3
423,635,398,0,3
423,665,422,1,2
423,668,422,1,2
423,693,422,1,2
423,720,398,0,3
424,635,399,0,3
424,665,423,1,2
424,668,423,1,2
424,693,423,1,2
424,720,399,0,3
425,635,400,0,2
425,668,449,3,2
425,693,449,3,2
426,635,401,0,3
426,668,425,1,1
427,668,426,1,2
428,635,403,0,3
428,668,427,1,2
429,635,404,0,3
429,668,430,2,1
429,693,430,2,1
430,635,405,0,3
430,668,431,2,1
430,693,431,2,1
430,720,405,0,3
431,635,406,0,3
431,665,432,2,1
431,668,432,2,1
431,693,432,2,1
431,720,406,0,3
432,635,407,0,3
432,665,433,2,1
432,668,433,2,1
432,693,433,2,1
432,720,407,0,3
433,635,408,0,3
433,665,434,2,1
433,668,434,2,1
433,672,434,2,1
433,693,434,2,1
433,701,458,3,0
433,720,408,0,3
434,635,409,0,3
434,665,409,0,3
434,668,435,2,1
434,693,459,3,0
434,720,409,0,3
435,635,434,1,2
435,665,410,0,3
435,668,436,2,1
435,693,460,3,0
435,701,434,1,2
435,720,434,1,2
436,635,435,1,2
436,665,411,0,3
436,668,437,2,1
436,693,461,3,0
436,720,435,1,2
437,635,436,1,2
437,668,438,2,1
437,693,462,3,0
437,720,436,1,2
438,635,437,1,2
438,668,439,2,1
438,693,463,3,0
439,635,438,1,2
439,668,440,2,1
441,635,442,2,1
441,668,668,47,0
442,635,443,2,1
442,668,441,1,2
442,693,467,3,0
443,635,444,2,1
443,665,418,0,3
443,668,442,1,2
443,693,468,3,0
443,720,444,2,1
444,635,445,2,1
444,665,419,0,3
444,668,443,1,2
444,693,469,3,0
444,720,445,2,1
445,635,446,2,1
445,665,420,0,3
445,668,444,1,2
445,693,470,3,0
445,701,444,1,2
445,720,446,2,1
446,635,421,0,3
446,665,421,0,3
446,668,445,1,2
446,693,471,3,0
446,720,421,0,3
447,635,422,0,3
447,665,446,1,2
447,668,446,1,2
447,693,446,1,2
447,701,448,2,1
447,720,422,0,3
448,635,423,0,3
448,665,447,1,2
448,668,447,1,2
448,693,447,1,2
448,720,423,0,3
449,635,424,0,3
449,665,448,1,2
449,668,448,1,2
449,693,448,1,2
449,720,424,0,3
450,635,425,0,2
450,668,474,3,2
450,693,474,3,2
451,635,426,0,3
451,668,450,1,1
452,668,451,1,2
453,635,428,0,3
453,668,452,1,2
454,635,429,0,3
454,668,455,2,1
454,693,455,2,1
455,635,430,0,3
455,668,456,2,1
455,693,456,2,1
455,720,430,0,3
456,635,431,0,3
456,665,457,2,1
456,668,457,2,1
456,693,457,2,1
456,720,431,0,3
457,635,432,0,3
457,665,458,2,1
457,668,458,2,1
457,693,458,2,1
457,720,432,0,3
458,635,433,0,3
458,665,459,2,1
458,668,459,2,1
458,672,459,2,1
458,693,459,2,1
458,701,483,3,0
458,720,433,0,3
459,635,434,0,3
459,693,484,3,0
459,720,434,0,3
460,635,459,1,2
460,665,485,3,0
460,668,435,0,3
460,693,485,3,0
460,701,459,1,2
460,720,459,1,2
461,635,460,1,2
461,665,486,3,0
461,668,436,0,3
461,693,486,3,0
461,720,460,1,2
462,635,461,1,2
462,668,437,0,3
462,693,487,3,0
462,720,461,1,2
463,635,462,1,2
463,668,438,0,3
463,693,488,3,0
464,635,463,1,2
464,668,465,2,1
466,635,467,2,1
466,668,441,0,3
467,635,468,2,1
467,668,442,0,3
467,693,492,3,0
468,635,469,2,1
468,665,493,3,0
468,668,443,0,3
468,693,493,3,0
468,720,469,2,1
469,635,470,2,1
469,665,494,3,0
469,668,444,0,3
469,693,494,3,0
469,720,470,2,1
470,635,471,2,1
470,665,495,3,0
470,668,445,0,3
470,693,495,3,0
470,701,469,1,2
470,720,471,2,1
471,635,446,0,3
471,693,496,3,0
471,720,446,0,3
472,635,447,0,3
472,665,471,1,2
472,668,471,1,2
472,693,471,1,2
472,701,473,2,1
472,720,447,0,3
473,635,448,0,3
473,665,472,1,2
473,668,472,1,2
473,693,472,1,2
473,720,448,0,3
474,635,449,0,3
474,665,473,1,2
474,668,473,1,2
474,693,473,1,2
474,720,449,0,3
475,635,450,0,2
475,668,499,3,2
475,693,499,3,2
476,635,451,0,3
476,668,475,1,1
477,668,476,1,2
478,635,453,0,3
478,668,477,1,2
479,635,454,0,3
479,668,480,2,1
479,693,480,2,1
480,635,455,0,3
480,668,481,2,1
480,693,481,2,1
480,720,455,0,3
481,635,456,0,3
481,665,482,2,1
481,668,482,2,1
481,693,482,2,1
481,720,456,0,3
482,635,457,0,3
482,665,483,2,1
482,668,483,2,1
482,693,483,2,1
482,720,457,0,3
483,635,458,0,3
483,665,484,2,1
483,668,484,2,1
483,672,484,2,1
483,693,484,2,1
483,701,508,3,0
483,720,458,0,3
484,635,459,0,3
484,668,459,0,3
484,672,509,3,0
484,693,509,3,0
484,720,459,0,3
485,635,484,1,2
485,665,510,3,0
485,668,460,0,3
485,693,510,3,0
485,701,484,1,2
485,720,484,1,2
486,635,485,1,2
486,665,511,3,0
486,668,461,0,3
486,693,511,3,0
486,720,485,1,2
487,635,486,1,2
487,668,462,0,3
487,693,512,3,0
487,720,486,1,2
488,635,487,1,2
488,668,463,0,3
488,693,513,3,0
489,635,488,1,2
489,668,490,2,1
491,635,492,2,1
491,668,466,0,3
492,635,493,2,1
492,668,467,0,3
492,693,517,3,0
493,635,494,2,1
493,665,518,3,0
493,668,468,0,3
493,693,518,3,0
493,720,494,2,1
494,635,495,2,1
494,665,519,3,0
494,668,469,0,3
494,693,519,3,0
494,720,495,2,1
495,635,496,2,1
495,665,520,3,0
495,668,470,0,3
495,693,520,3,0
495,701,494,1,2
495,720,496,2,1
496,635,471,0,3
496,668,471,0,3
496,672,521,3,0
496,693,521,3,0
496,720,471,0,3
497,635,472,0,3
497,665,496,1,2
497,668,496,1,2
497,693,496,1,2
497,701,498,2,1
497,720,472,0,3
498,635,473,0,3
498,665,497,1,2
498,668,497,1,2
498,693,497,1,2
498,720,473,0,3
499,635,474,0,3
499,665,498,1,2
499,668,498,1,2
499,693,498,1,2
499,720,474,0,3
500,635,475,0,2
500,668,524,3,2
500,693,524,3,2
501,635,476,0,3
501,668,500,1,1
502,668,501,1,2
503,635,478,0,3
503,668,502,1,2
504,635,479,0,3
504,668,505,2,1
504,693,505,2,1
505,635,480,0,3
505,668,506,2,1
505,693,506,2,1
505,720,480,0,3
506,635,481,0,3
506,665,507,2,1
506,668,507,2,1
506,693,507,2,1
506,720,481,0,3
507,635,482,0,3
507,665,508,2,1
507,668,508,2,1
507,693,508,2,1
507,720,482,0,3
508,635,483,0,3
508,665,509,2,1
508,668,509,2,1
508,672,509,2,1
508,693,509,2,1
508,701,533,3,0
508,720,483,0,3
509,635,484,0,3
509,668,484,0,3
509,672,534,3,0
509,693,534,3,0
509,720,484,0,3
510,635,509,1,2
510,665,535,3,0
510,668,485,0,3
510,693,535,3,0
510,701,509,1,2
510,720,509,1,2
511,635,510,1,2
511,665,536,3,0
511,668,486,0,3
511,693,536,3,0
511,720,510,1,2
512,635,511,1,2
512,668,487,0,3
512,693,537,3,0
512,720,511,1,2
513,635,512,1,2
513,668,488,0,3
513,693,538,3,0
514,635,513,1,2
514,668,515,2,1
516,635,517,2,1
516,668,491,0,3
517,635,518,2,1
517,668,492,0,3
517,693,542,3,0
518,635,519,2,1
518,665,543,3,0
518,668,493,0,3
518,693,543,3,0
518,720,519,2,1
519,635,520,2,1
519,665,544,3,0
519,668,494,0,3
519,693,544,3,0
519,720,520,2,1
520,635,521,2,1
520,665,545,3,0
520,668,495,0,3
520,693,545,3,0
520,701,519,1,2
520,720,521,2,1
521,635,496,0,3
521,668,496,0,3
521,672,546,3,0
521,693,546,3,0
521,720,496,0,3
522,635,497,0,3
522,665,521,1,2
522,668,521,1,2
522,693,521,1,2
522,701,523,2,1
522,720,497,0,3
523,635,498,0,3
523,665,522,1,2
523,668,522,1,2
523,693,522,1,2
523,720,498,0,3
524,635,499,0,3
524,665,523,1,2
524,668,523,1,2
524,693,523,1,2
524,720,499,0,3
525,635,550,2,0
525,668,549,3,2
525,693,549,3,2
526,635,551,3,0
526,668,525,1,1
527,668,526,1,2
528,635,553,3,0
528,668,527,1,2
529,635,554,3,0
529,668,530,2,1
529,693,530,2,1
530,635,555,3,0
530,668,531,2,1
530,693,531,2,1
530,720,505,0,3
531,635,556,3,0
531,665,532,2,1
531,668,532,2,1
531,693,532,2,1
531,720,506,0,3
532,635,557,3,0
532,665,533,2,1
532,668,533,2,1
532,693,533,2,1
532,720,507,0,3
533,635,558,3,0
533,665,534,2,1
533,668,534,2,1
533,672,534,2,1
533,693,534,2,1
533,701,558,3,0
533,720,508,0,3
534,668,509,0,3
534,693,559,3,0
534,720,509,0,3
535,635,534,1,2
535,665,560,3,0
535,668,510,0,3
535,693,560,3,0
535,701,534,1,2
535,720,534,1,2
536,635,535,1,2
536,665,561,3,0
536,668,511,0,3
536,693,561,3,0
536,720,535,1,2
537,635,536,1,2
537,668,512,0,3
537,693,562,3,0
537,720,536,1,2
538,635,537,1,2
538,668,513,0,3
538,693,563,3,0
539,635,538,1,2
539,668,540,2,1
541,635,542,2,1
541,668,516,0,3
542,635,543,2,1
542,668,517,0,3
542,693,567,3,0
543,635,544,2,1
543,665,568,3,0
543,668,518,0,3
543,693,568,3,0
543,720,544,2,1
544,635,545,2,1
544,665,569,3,0
544,668,519,0,3
544,693,569,3,0
544,720,545,2,1
545,635,546,2,1
545,665,570,3,0
545,668,520,0,3
545,693,570,3,0
545,701,544,1,2
545,720,546,2,1
546,668,521,0,3
546,693,571,3,0
546,720,521,0,3
547,635,572,3,0
547,665,546,1,2
547,668,546,1,2
547,693,546,1,2
547,701,548,2,1
547,720,522,0,3
548,635,573,3,0
548,665,547,1,2
548,668,547,1,2
548,693,547,1,2
548,720,523,0,3
549,635,574,3,0
549,665,548,1,2
549,668,548,1,2
549,693,548,1,2
549,720,524,0,3
550,635,575,2,0
550,668,574,3,2
550,693,574,3,2
551,635,576,3,0
551,668,550,1,1
552,668,551,1,2
553,635,578,3,0
553,668,552,1,2
554,635,579,3,0
554,668,555,2,1
554,693,555,2,1
555,635,580,3,0
555,668,556,2,1
555,693,556,2,1
555,720,530,0,3
556,635,581,3,0
556,665,557,2,1
556,668,557,2,1
556,693,557,2,1
556,720,531,0,3
557,635,582,3,0
557,665,558,2,1
557,668,558,2,1
557,693,558,2,1
557,720,532,0,3
558,635,583,3,0
558,665,559,2,1
558,668,559,2,1
558,672,559,2,1
558,693,559,2,1
558,701,583,3,0
558,720,533,0,3
559,635,584,3,0
559,668,534,0,3
559,693,584,3,0
559,720,534,0,3
560,635,559,1,2
560,665,585,3,0
560,668,535,0,3
560,693,585,3,0
560,701,559,1,2
560,720,559,1,2
561,635,560,1,2
561,665,586,3,0
561,668,536,0,3
561,693,586,3,0
561,720,560,1,2
562,635,561,1,2
562,668,537,0,3
562,693,587,3,0
562,720,561,1,2
563,635,562,1,2
563,668,538,0,3
563,693,588,3,0
564,635,563,1,2
564,668,565,2,1
566,635,567,2,1
566,668,541,0,3
567,635,568,2,1
567,668,542,0,3
567,693,592,3,0
568,635,569,2,1
568,665,593,3,0
568,668,543,0,3
568,693,593,3,0
568,720,569,2,1
569,635,570,2,1
569,665,594,3,0
569,668,544,0,3
569,693,594,3,0
569,720,570,2,1
570,635,571,2,1
570,665,595,3,0
570,668,545,0,3
570,693,595,3,0
570,701,569,1,2
570,720,571,2,1
571,635,596,3,0
571,668,546,0,3
571,693,596,3,0
571,720,546,0,3
572,635,597,3,0
572,665,571,1,2
572,668,571,1,2
572,693,571,1,2
572,701,573,2,1
572,720,547,0,3
573,635,598,3,0
573,665,572,1,2
573,668,572,1,2
573,693,572,1,2
573,720,548,0,3
574,635,599,3,0
574,665,573,1,2
574,668,573,1,2
574,693,573,1,2
574,720,549,0,3
575,635,600,2,0
575,668,599,3,2
575,693,599,3,2
576,635,601,3,0
576,668,575,1,1
577,668,576,1,2
578,635,603,3,0
578,668,577,1,2
579,635,604,3,0
579,668,580,2,1
579,693,580,2,1
580,635,605,3,0
580,668,581,2,1
580,693,581,2,1
580,720,555,0,3
581,635,606,3,0
581,665,582,2,1
581,668,582,2,1
581,693,582,2,1
581,720,556,0,3
582,635,607,3,0
582,665,583,2,1
582,668,583,2,1
582,693,583,2,1
582,720,557,0,3
583,635,608,3,0
583,665,584,2,1
583,668,584,2,1
583,672,584,2,1
583,693,584,2,1
583,701,608,3,0
583,720,558,0,3
584,635,609,3,0
584,665,609,3,0
584,668,559,0,3
584,693,609,3,0
584,720,559,0,3
585,635,584,1,2
585,665,610,3,0
585,668,560,0,3
585,693,610,3,0
585,701,584,1,2
585,720,584,1,2
586,635,585,1,2
586,665,611,3,0
586,668,561,0,3
586,693,611,3,0
586,720,585,1,2
587,635,586,1,2
587,668,562,0,3
587,693,612,3,0
587,720,586,1,2
588,635,587,1,2
588,668,563,0,3
588,693,613,3,0
589,635,588,1,2
589,668,590,2,1
591,635,592,2,1
591,668,566,0,3
592,635,593,2,1
592,668,567,0,3
592,693,617,3,0
593,635,594,2,1
593,665,618,3,0
593,668,568,0,3
593,693,618,3,0
593,720,594,2,1
594,635,595,2,1
594,665,619,3,0
594,668,569,0,3
594,693,619,3,0
594,720,595,2,1
595,635,596,2,1
595,665,620,3,0
595,668,570,0,3
595,693,620,3,0
595,701,594,1,2
595,720,596,2,1
596,635,621,3,0
596,665,621,3,0
596,668,571,0,3
596,693,621,3,0
596,720,571,0,3
597,635,622,3,0
597,665,596,1,2
597,668,596,1,2
597,693,596,1,2
597,701,598,2,1
597,720,572,0,3
598,635,623,3,0
598,665,597,1,2
598,668,597,1,2
598,693,597,1,2
598,720,573,0,3
599,635,624,3,0
599,665,598,1,2
599,668,598,1,2
599,693,598,1,2
599,720,574,0,3
600,635,0,2,3
600,668,624,3,2
600,693,624,3,2
601,635,1,3,3
601,668,600,1,1
602,668,601,1,2
603,635,3,3,3
603,668,602,1,2
604,635,4,3,3
604,668,605,2,1
604,693,605,2,1
605,635,5,3,3
605,668,606,2,1
605,693,606,2,1
605,720,5,3,3
606,635,6,3,3
606,665,607,2,1
606,668,607,2,1
606,693,607,2,1
606,720,6,3,3
607,635,7,3,3
607,665,608,2,1
607,668,608,2,1
607,693,608,2,1
607,720,7,3,3
608,635,8,3,3
608,665,609,2,1
608,668,609,2,1
608,672,609,2,1
608,693,609,2,1
608,701,8,3,3
608,720,8,3,3
609,635,9,3,3
609,665,9,3,3
609,668,584,0,3
609,693,9,3,3
610,635,609,1,2
610,665,10,3,3
610,668,585,0,3
610,693,10,3,3
610,701,609,1,2
610,720,609,1,2
611,635,610,1,2
611,665,11,3,3
611,668,586,0,3
611,693,11,3,3
611,720,610,1,2
612,635,611,1,2
612,668,587,0,3
612,693,12,3,3
612,720,611,1,2
613,635,612,1,2
613,668,588,0,3
613,693,13,3,3
614,635,613,1,2
614,668,615,2,1
616,635,617,2,1
616,668,591,0,3
617,635,618,2,1
617,668,592,0,3
617,693,17,3,3
618,635,619,2,1
618,665,18,3,3
618,668,593,0,3
618,693,18,3,3
618,720,619,2,1
619,635,620,2,1
619,665,19,3,3
619,668,594,0,3
619,693,19,3,3
619,720,620,2,1
620,635,621,2,1
620,665,20,3,3
620,668,595,0,3
620,693,20,3,3
620,701,619,1,2
620,720,621,2,1
621,635,21,3,3
621,665,21,3,3
621,668,596,0,3
621,693,21,3,3
622,635,22,3,3
622,665,621,1,2
622,668,621,1,2
622,693,621,1,2
622,701,623,2,1
622,720,22,3,3
623,635,23,3,3
623,665,622,1,2
623,668,622,1,2
623,693,622,1,2
623,720,23,3,3
624,635,24,3,3
624,665,623,1,2
624,668,623,1,2
624,693,623,1,2
624,720,24,3,3
633,625,331,0,12
633,626,331,0,12
633,627,331,0,12
633,628,331,0,12
633,629,331,0,12
633,630,331,0,12
633,631,331,0,12
633,632,331,0,12
633,634,331,0,12
633,635,331,0,12
633,636,331,0,12
633,637,331,0,12
633,638,331,0,12
633,639,331,0,12
633,640,331,0,12
633,641,331,0,12
633,642,331,0,12
633,643,331,0,12
633,644,331,0,12
633,645,331,0,12
633,646,331,0,12
633,647,331,0,12
633,648,331,0,12
633,649,331,0,12
633,650,331,0,12
633,651,331,0,12
633,652,331,0,12
633,653,331,0,12
633,654,331,0,12
633,655,331,0,12
633,656,331,0,12
633,657,331,0,12
633,658,331,0,12
633,659,331,0,12
633,660,331,0,12
633,661,331,0,12
633,662,331,0,12
633,663,331,0,12
633,664,331,0,12
633,665,331,0,12
633,666,331,0,12
633,667,331,0,12
633,668,331,0,12
633,669,331,0,12
633,670,331,0,12
633,671,331,0,12
633,672,331,0,12
633,673,331,0,12
633,674,331,0,12
633,675,331,0,12
633,676,331,0,12
633,677,331,0,12
633,678,331,0,12
633,679,331,0,12
633,680,331,0,12
633,681,331,0,12
633,682,331,0,12
633,683,331,0,12
633,684,331,0,12
633,685,331,0,12
633,686,331,0,12
633,687,331,0,12
633,688,331,0,12
633,689,331,0,12
633,690,331,0,12
633,691,331,0,12
633,692,331,0,12
633,693,331,0,12
633,694,331,0,12
633,695,331,0,12
633,696,331,0,12
633,697,331,0,12
633,698,331,0,12
633,699,331,0,12
633,700,331,0,12
633,701,331,0,12
633,702,331,0,12
633,703,331,0,12
633,704,331,0,12
633,705,331,0,12
633,706,331,0,12
633,707,331,0,12
633,708,331,0,12
633,709,331,0,12
633,710,331,0,12
633,711,331,0,12
633,712,331,0,12
633,713,331,0,12
633,714,331,0,12
633,715,331,0,12
633,716,331,0,12
633,717,331,0,12
633,718,331,0,12
633,719,331,0,12
633,720,331,0,12
633,721,331,0,12
633,722,331,0,12
633,723,331,0,12
633,724,331,0,12
635,625,203,0,14
635,626,203,0,14
635,627,203,0,14
635,628,203,0,14
635,629,203,0,14
635,630,203,0,14
635,631,203,0,14
635,632,203,0,14
635,633,203,0,14
635,634,203,0,14
635,636,203,0,14
635,637,203,0,14
635,638,203,0,14
635,639,203,0,14
635,640,203,0,14
635,641,203,0,14
635,642,203,0,14
635,643,203,0,14
635,644,203,0,14
635,645,203,0,14
635,646,203,0,14
635,647,203,0,14
635,648,203,0,14
635,649,203,0,14
635,650,203,0,14
635,651,203,0,14
635,652,203,0,14
635,653,203,0,14
635,654,203,0,14
635,655,203,0,14
635,656,203,0,14
635,657,203,0,14
635,658,203,0,14
635,659,203,0,14
635,660,203,0,14
635,661,203,0,14
635,662,203,0,14
635,663,203,0,14
635,664,203,0,14
635,665,203,0,14
635,666,203,0,14
635,667,203,0,14
635,668,203,0,14
635,669,203,0,14
635,670,203,0,14
635,671,203,0,14
635,672,203,0,14
635,673,203,0,14
635,674,203,0,14
635,675,203,0,14
635,676,203,0,14
635,677,203,0,14
635,678,203,0,14
635,679,203,0,14
635,680,203,0,14
635,681,203,0,14
635,682,203,0,14
635,683,203,0,14
635,684,203,0,14
635,685,203,0,14
635,686,203,0,14
635,687,203,0,14
635,688,203,0,14
635,689,203,0,14
635,690,203,0,14
635,691,203,0,14
635,692,203,0,14
635,693,203,0,14
635,694,203,0,14
635,695,203,0,14
635,696,203,0,14
635,697,203,0,14
635,698,203,0,14
635,699,203,0,14
635,700,203,0,14
635,701,203,0,14
635,702,203,0,14
635,703,203,0,14
635,704,203,0,14
635,705,203,0,14
635,706,203,0,14
635,707,203,0,14
635,708,203,0,14
635,709,203,0,14
635,710,203,0,14
635,711,203,0,14
635,712,203,0,14
635,713,203,0,14
635,714,203,0,14
635,715,203,0,14
635,716,203,0,14
635,717,203,0,14
635,718,203,0,14
635,719,203,0,14
635,720,203,0,14
635,721,203,0,14
635,722,203,0,14
635,723,203,0,14
635,724,203,0,14
665,625,143,0,44
665,626,143,0,44
665,627,143,0,44
665,628,143,0,44
665,629,143,0,44
665,630,143,0,44
665,631,143,0,44
665,632,143,0,44
665,633,143,0,44
665,634,143,0,44
665,635,143,0,44
665,636,143,0,44
665,637,143,0,44
665,638,143,0,44
665,639,143,0,44
665,640,143,0,44
665,641,143,0,44
665,642,143,0,44
665,643,143,0,44
665,644,143,0,44
665,645,143,0,44
665,646,143,0,44
665,647,143,0,44
665,648,143,0,44
665,649,143,0,44
665,650,143,0,44
665,651,143,0,44
665,652,143,0,44
665,653,143,0,44
665,654,143,0,44
665,655,143,0,44
665,656,143,0,44
665,657,143,0,44
665,658,143,0,44
665,659,143,0,44
665,660,143,0,44
665,661,143,0,44
665,662,143,0,44
665,663,143,0,44
665,664,143,0,44
665,666,143,0,44
665,667,143,0,44
665,668,143,0,44
665,669,143,0,44
665,670,143,0,44
665,671,143,0,44
665,672,143,0,44
665,673,143,0,44
665,674,143,0,44
665,675,143,0,44
665,676,143,0,44
665,677,143,0,44
665,678,143,0,44
665,679,143,0,44
665,680,143,0,44
665,681,143,0,44
665,682,143,0,44
665,683,143,0,44
665,684,143,0,44
665,685,143,0,44
665,686,143,0,44
665,687,143,0,44
665,688,143,0,44
665,689,143,0,44
665,690,143,0,44
665,691,143,0,44
665,692,143,0,44
665,693,143,0,44
665,694,143,0,44
665,695,143,0,44
665,696,143,0,44
665,697,143,0,44
665,698,143,0,44
665,699,143,0,44
665,700,143,0,44
665,701,143,0,44
665,702,143,0,44
665,703,143,0,44
665,704,143,0,44
665,705,143,0,44
665,706,143,0,44
665,707,143,0,44
665,708,143,0,44
665,709,143,0,44
665,710,143,0,44
665,711,143,0,44
665,712,143,0,44
665,713,143,0,44
665,714,143,0,44
665,715,143,0,44
665,716,143,0,44
665,717,143,0,44
665,718,143,0,44
665,719,143,0,44
665,720,143,0,44
665,721,143,0,44
665,722,143,0,44
665,723,143,0,44
665,724,143,0,44
668,625,441,0,47
668,626,441,0,47
668,627,441,0,47
668,628,441,0,47
668,629,441,0,47
668,630,441,0,47
668,631,441,0,47
668,632,441,0,47
668,633,441,0,47
668,634,441,0,47
668,635,441,0,47
668,636,441,0,47
668,637,441,0,47
668,638,441,0,47
668,639,441,0,47
668,640,441,0,47
668,641,441,0,47
668,642,441,0,47
668,643,441,0,47
668,644,441,0,47
668,645,441,0,47
668,646,441,0,47
668,647,441,0,47
668,648,441,0,47
668,649,441,0,47
668,650,441,0,47
668,651,441,0,47
668,652,441,0,47
668,653,441,0,47
668,654,441,0,47
668,655,441,0,47
668,656,441,0,47
668,657,441,0,47
668,658,441,0,47
668,659,441,0,47
668,660,441,0,47
668,661,441,0,47
668,662,441,0,47
668,663,441,0,47
668,664,441,0,47
668,665,441,0,47
668,666,441,0,47
668,667,441,0,47
668,669,441,0,47
668,670,441,0,47
668,671,441,0,47
668,672,441,0,47
668,673,441,0,47
668,674,441,0,47
668,675,441,0,47
668,676,441,0,47
668,677,441,0,47
668,678,441,0,47
668,679,441,0,47
668,680,441,0,47
668,681,441,0,47
668,682,441,0,47
668,683,441,0,47
668,684,441,0,47
668,685,441,0,47
668,686,441,0,47
668,687,441,0,47
668,688,441,0,47
668,689,441,0,47
668,690,441,0,47
668,691,441,0,47
668,692,441,0,47
668,693,441,0,47
668,694,441,0,47
668,695,441,0,47
668,696,441,0,47
668,697,441,0,47
668,698,441,0,47
668,699,441,0,47
668,700,441,0,47
668,701,441,0,47
668,702,441,0,47
668,703,441,0,47
668,704,441,0,47
668,705,441,0,47
668,706,441,0,47
668,707,441,0,47
668,708,441,0,47
668,709,441,0,47
668,710,441,0,47
668,711,441,0,47
668,712,441,0,47
668,713,441,0,47
668,714,441,0,47
668,715,441,0,47
668,716,441,0,47
668,717,441,0,47
668,718,441,0,47
668,719,441,0,47
668,720,441,0,47
668,721,441,0,47
668,722,441,0,47
668,723,441,0,47
668,724,441,0,47
672,625,159,0,51
672,626,159,0,51
672,627,159,0,51
672,628,159,0,51
672,629,159,0,51
672,630,159,0,51
672,631,159,0,51
672,632,159,0,51
672,633,159,0,51
672,634,159,0,51
672,635,159,0,51
672,636,159,0,51
672,637,159,0,51
672,638,159,0,51
672,639,159,0,51
672,640,159,0,51
672,641,159,0,51
672,642,159,0,51
672,643,159,0,51
672,644,159,0,51
672,645,159,0,51
672,646,159,0,51
672,647,159,0,51
672,648,159,0,51
672,649,159,0,51
672,650,159,0,51
672,651,159,0,51
672,652,159,0,51
672,653,159,0,51
672,654,159,0,51
672,655,159,0,51
672,656,159,0,51
672,657,159,0,51
672,658,159,0,51
672,659,159,0,51
672,660,159,0,51
672,661,159,0,51
672,662,159,0,51
672,663,159,0,51
672,664,159,0,51
672,665,159,0,51
672,666,159,0,51
672,667,159,0,51
672,668,159,0,51
672,669,159,0,51
672,670,159,0,51
672,671,159,0,51
672,673,159,0,51
672,674,159,0,51
672,675,159,0,51
672,676,159,0,51
672,677,159,0,51
672,678,159,0,51
672,679,159,0,51
672,680,159,0,51
672,681,159,0,51
672,682,159,0,51
672,683,159,0,51
672,684,159,0,51
672,685,159,0,51
672,686,159,0,51
672,687,159,0,51
672,688,159,0,51
672,689,159,0,51
672,690,159,0,51
672,691,159,0,51
672,692,159,0,51
672,693,159,0,51
672,694,159,0,51
672,695,159,0,51
672,696,159,0,51
672,697,159,0,51
672,698,159,0,51
672,699,159,0,51
672,700,159,0,51
672,701,159,0,51
672,702,159,0,51
672,703,159,0,51
672,704,159,0,51
672,705,159,0,51
672,706,159,0,51
672,707,159,0,51
672,708,159,0,51
672,709,159,0,51
672,710,159,0,51
672,711,159,0,51
672,712,159,0,51
672,713,159,0,51
672,714,159,0,51
672,715,159,0,51
672,716,159,0,51
672,717,159,0,51
672,718,159,0,51
672,719,159,0,51
672,720,159,0,51
672,721,159,0,51
672,722,159,0,51
672,723,159,0,51
672,724,159,0,51
693,625,63,0,72
693,626,63,0,72
693,627,63,0,72
693,628,63,0,72
693,629,63,0,72
693,630,63,0,72
693,631,63,0,72
693,632,63,0,72
693,633,63,0,72
693,634,63,0,72
693,635,63,0,72
693,636,63,0,72
693,637,63,0,72
693,638,63,0,72
693,639,63,0,72
693,640,63,0,72
693,641,63,0,72
693,642,63,0,72
693,643,63,0,72
693,644,63,0,72
693,645,63,0,72
693,646,63,0,72
693,647,63,0,72
693,648,63,0,72
693,649,63,0,72
693,650,63,0,72
693,651,63,0,72
693,652,63,0,72
693,653,63,0,72
693,654,63,0,72
693,655,63,0,72
693,656,63,0,72
693,657,63,0,72
693,658,63,0,72
693,659,63,0,72
693,660,63,0,72
693,661,63,0,72
693,662,63,0,72
693,663,63,0,72
693,664,63,0,72
693,665,63,0,72
693,666,63,0,72
693,667,63,0,72
693,668,63,0,72
693,669,63,0,72
693,670,63,0,72
693,671,63,0,72
693,672,63,0,72
693,673,63,0,72
693,674,63,0,72
693,675,63,0,72
693,676,63,0,72
693,677,63,0,72
693,678,63,0,72
693,679,63,0,72
693,680,63,0,72
693,681,63,0,72
693,682,63,0,72
693,683,63,0,72
693,684,63,0,72
693,685,63,0,72
693,686,63,0,72
693,687,63,0,72
693,688,63,0,72
693,689,63,0,72
693,690,63,0,72
693,691,63,0,72
693,692,63,0,72
693,694,63,0,72
693,695,63,0,72
693,696,63,0,72
693,697,63,0,72
693,698,63,0,72
693,699,63,0,72
693,700,63,0,72
693,701,63,0,72
693,702,63,0,72
693,703,63,0,72
693,704,63,0,72
693,705,63,0,72
693,706,63,0,72
693,707,63,0,72
693,708,63,0,72
693,709,63,0,72
693,710,63,0,72
693,711,63,0,72
693,712,63,0,72
693,713,63,0,72
693,714,63,0,72
693,715,63,0,72
693,716,63,0,72
693,717,63,0,72
693,718,63,0,72
693,719,63,0,72
693,720,63,0,72
693,721,63,0,72
693,722,63,0,72
693,723,63,0,72
693,724,63,0,72
701,625,83,0,80
701,626,83,0,80
701,627,83,0,80
701,628,83,0,80
701,629,83,0,80
701,630,83,0,80
701,631,83,0,80
701,632,83,0,80
701,633,83,0,80
701,634,83,0,80
701,635,83,0,80
701,636,83,0,80
701,637,83,0,80
701,638,83,0,80
701,639,83,0,80
701,640,83,0,80
701,641,83,0,80
701,642,83,0,80
701,643,83,0,80
701,644,83,0,80
701,645,83,0,80
701,646,83,0,80
701,647,83,0,80
701,648,83,0,80
701,649,83,0,80
701,650,83,0,80
701,651,83,0,80
701,652,83,0,80
701,653,83,0,80
701,654,83,0,80
701,655,83,0,80
701,656,83,0,80
701,657,83,0,80
701,658,83,0,80
701,659,83,0,80
701,660,83,0,80
701,661,83,0,80
701,662,83,0,80
701,663,83,0,80
701,664,83,0,80
701,665,83,0,80
701,666,83,0,80
701,667,83,0,80
701,668,83,0,80
701,669,83,0,80
701,670,83,0,80
701,671,83,0,80
701,672,83,0,80
701,673,83,0,80
701,674,83,0,80
701,675,83,0,80
701,676,83,0,80
701,677,83,0,80
701,678,83,0,80
701,679,83,0,80
701,680,83,0,80
701,681,83,0,80
701,682,83,0,80
701,683,83,0,80
701,684,83,0,80
701,685,83,0,80
701,686,83,0,80
701,687,83,0,80
701,688,83,0,80
701,689,83,0,80
701,690,83,0,80
701,691,83,0,80
701,692,83,0,80
701,693,83,0,80
701,694,83,0,80
701,695,83,0,80
701,696,83,0,80
701,697,83,0,80
701,698,83,0,80
701,699,83,0,80
701,700,83,0,80
701,702,83,0,80
701,703,83,0,80
701,704,83,0,80
701,705,83,0,80
701,706,83,0,80
701,707,83,0,80
701,708,83,0,80
701,709,83,0,80
701,710,83,0,80
701,711,83,0,80
701,712,83,0,80
701,713,83,0,80
701,714,83,0,80
701,715,83,0,80
701,716,83,0,80
701,717,83,0,80
701,718,83,0,80
701,719,83,0,80
701,720,83,0,80
701,721,83,0,80
701,722,83,0,80
701,723,83,0,80
701,724,83,0,80
720,625,280,0,99
720,626,280,0,99
720,627,280,0,99
720,628,280,0,99
720,629,280,0,99
720,630,280,0,99
720,631,280,0,99
720,632,280,0,99
720,633,280,0,99
720,634,280,0,99
720,635,280,0,99
720,636,280,0,99
720,637,280,0,99
720,638,280,0,99
720,639,280,0,99
720,640,280,0,99
720,641,280,0,99
720,642,280,0,99
720,643,280,0,99
720,644,280,0,99
720,645,280,0,99
720,646,280,0,99
720,647,280,0,99
720,648,280,0,99
720,649,280,0,99
720,650,280,0,99
720,651,280,0,99
720,652,280,0,99
720,653,280,0,99
720,654,280,0,99
720,655,280,0,99
720,656,280,0,99
720,657,280,0,99
720,658,280,0,99
720,659,280,0,99
720,660,280,0,99
720,661,280,0,99
720,662,280,0,99
720,663,280,0,99
720,664,280,0,99
720,665,280,0,99
720,666,280,0,99
720,667,280,0,99
720,668,280,0,99
720,669,280,0,99
720,670,280,0,99
720,671,280,0,99
720,672,280,0,99
720,673,280,0,99
720,674,280,0,99
720,675,280,0,99
720,676,280,0,99
720,677,280,0,99
720,678,280,0,99
720,679,280,0,99
720,680,280,0,99
720,681,280,0,99
720,682,280,0,99
720,683,280,0,99
720,684,280,0,99
720,685,280,0,99
720,686,280,0,99
720,687,280,0,99
720,688,280,0,99
720,689,280,0,99
720,690,280,0,99
720,691,280,0,99
720,692,280,0,99
720,693,280,0,99
720,694,280,0,99
720,695,280,0,99
720,696,280,0,99
720,697,280,0,99
720,698,280,0,99
720,699,280,0,99
720,700,280,0,99
720,701,280,0,99
720,702,280,0,99
720,703,280,0,99
720,704,280,0,99
720,705,280,0,99
720,706,280,0,99
720,707,280,0,99
720,708,280,0,99
720,709,280,0,99
720,710,280,0,99
720,711,280,0,99
720,712,280,0,99
720,713,280,0,99
720,714,280,0,99
720,715,280,0,99
720,716,280,0,99
720,717,280,0,99
720,718,280,0,99
720,719,280,0,99
720,721,280,0,99
720,722,280,0,99
720,723,280,0,99
720,724,280,0,99
