0,719,25,1,0
1,719,26,2,0
2,719,27,2,0
3,719,28,2,0
4,719,29,2,0
5,719,30,2,0
6,692,31,2,0
6,701,31,2,0
6,719,5,0,1
7,719,6,0,1
8,719,7,0,1
9,719,8,0,1
10,719,9,0,1
11,719,10,0,1
13,719,14,1,0
14,719,15,1,0
15,719,16,1,0
16,719,17,1,0
17,719,18,1,0
18,719,43,2,0
19,719,44,2,0
20,719,45,2,0
21,719,46,2,0
22,719,47,2,0
23,719,48,2,0
25,719,50,2,0
26,719,51,3,0
27,719,52,3,0
28,719,53,3,0
29,719,54,3,0
30,701,31,2,1
30,719,55,3,0
31,692,56,3,0
31,701,701,80,0
31,719,30,1,2
32,719,31,1,2
33,719,32,1,2
34,719,33,1,2
35,719,34,1,2
36,719,35,1,2
38,719,39,2,1
39,719,40,2,1
40,719,41,2,1
41,719,42,2,1
42,719,43,2,1
43,701,42,1,2
43,719,68,3,0
44,719,69,3,0
45,719,70,3,0
46,719,71,3,0
47,719,72,3,0
48,719,73,3,0
50,719,75,2,0
51,719,76,3,0
52,719,77,3,0
53,719,78,3,0
54,719,79,3,0
55,692,56,2,1
55,701,30,0,3
55,719,80,3,0
56,692,692,71,0
56,701,31,0,3
56,719,55,1,2
57,719,56,1,2
58,719,57,1,2
59,719,58,1,2
60,719,59,1,2
61,719,60,1,2
63,719,64,2,1
64,719,65,2,1
65,719,66,2,1
66,719,67,2,1
67,719,68,2,1
68,692,67,1,2
68,701,43,0,3
68,719,93,3,0
69,719,94,3,0
70,719,95,3,0
71,719,96,3,0
72,719,97,3,0
73,719,98,3,0
75,719,100,2,0
76,719,101,3,0
77,719,102,3,0
78,719,103,3,0
79,719,104,3,0
80,692,55,0,3
80,701,55,0,3
80,719,105,3,0
81,692,56,0,3
81,701,56,0,3
81,719,80,1,2
82,719,81,1,2
83,719,82,1,2
84,719,83,1,2
85,719,84,1,2
86,719,85,1,2
88,719,89,2,1
89,719,90,2,1
90,719,91,2,1
91,719,92,2,1
92,719,93,2,1
93,692,68,0,3
93,701,68,0,3
93,719,118,3,0
94,719,119,3,0
95,719,120,3,0
96,719,121,3,0
97,719,122,3,0
98,719,123,3,0
100,719,125,2,0
101,719,126,3,0
102,719,127,3,0
103,719,128,3,0
104,719,129,3,0
105,692,80,0,3
105,719,130,3,0
106,692,81,0,3
106,701,81,0,3
106,719,105,1,2
107,719,106,1,2
108,719,107,1,2
109,719,108,1,2
110,719,109,1,2
111,719,110,1,2
113,719,114,2,1
114,719,115,2,1
115,719,116,2,1
116,719,117,2,1
117,719,118,2,1
118,692,93,0,3
118,719,143,3,0
119,719,144,3,0
120,719,145,3,0
121,719,146,3,0
122,719,147,3,0
123,719,148,3,0
125,719,150,2,0
126,719,151,3,0
127,719,152,3,0
128,719,153,3,0
129,719,154,3,0
130,719,155,3,0
131,692,106,0,3
131,701,106,0,3
131,719,130,1,2
132,719,131,1,2
133,719,132,1,2
134,719,133,1,2
135,719,134,1,2
136,719,135,1,2
138,719,139,2,1
139,719,140,2,1
140,719,141,2,1
141,719,142,2,1
142,719,143,2,1
143,719,168,3,0
144,719,169,3,0
145,719,170,3,0
146,719,171,3,0
147,719,172,3,0
148,719,173,3,0
150,719,175,2,0
151,719,176,3,0
152,719,177,3,0
153,719,178,3,0
154,719,179,3,0
155,719,180,3,0
156,692,131,0,3
156,701,131,0,3
156,719,155,1,2
157,719,156,1,2
158,719,157,1,2
159,719,158,1,2
160,719,159,1,2
161,719,160,1,2
163,719,164,2,1
164,719,165,2,1
165,719,166,2,1
166,719,167,2,1
167,719,168,2,1
168,719,193,3,0
169,719,194,3,0
170,719,195,3,0
171,719,196,3,0
172,719,197,3,0
173,719,198,3,0
175,719,200,2,0
176,719,201,3,0
177,719,202,3,0
178,719,203,3,0
179,719,204,3,0
180,719,205,3,0
181,692,156,0,3
181,701,156,0,3
181,719,180,1,2
182,719,181,1,2
183,719,182,1,2
184,719,183,1,2
185,719,184,1,2
186,719,185,1,2
188,719,189,2,1
189,719,190,2,1
190,719,191,2,1
191,719,192,2,1
192,719,193,2,1
193,719,218,3,0
194,719,219,3,0
195,719,220,3,0
196,719,221,3,0
197,719,222,3,0
198,719,223,3,0
200,719,225,2,0
201,719,226,3,0
202,719,227,3,0
203,719,228,3,0
204,719,229,3,0
205,719,230,3,0
206,692,181,0,3
206,701,181,0,3
206,719,205,1,2
207,719,206,1,2
208,719,207,1,2
209,719,208,1,2
210,719,209,1,2
211,719,210,1,2
213,719,214,2,1
214,719,215,2,1
215,719,216,2,1
216,719,217,2,1
217,719,218,2,1
218,719,243,3,0
219,719,244,3,0
220,719,245,3,0
221,719,246,3,0
222,719,247,3,0
223,719,248,3,0
225,719,250,2,0
226,719,251,3,0
227,719,252,3,0
228,719,253,3,0
229,719,254,3,0
230,719,255,3,0
231,692,206,0,3
231,701,206,0,3
231,719,230,1,2
232,719,231,1,2
233,719,232,1,2
234,719,233,1,2
235,719,234,1,2
236,719,235,1,2
238,719,239,2,1
239,719,240,2,1
240,719,241,2,1
241,719,242,2,1
242,719,243,2,1
243,719,268,3,0
244,719,269,3,0
245,719,270,3,0
246,719,271,3,0
247,719,272,3,0
248,719,273,3,0
250,719,275,2,0
251,719,276,3,0
252,719,277,3,0
253,719,278,3,0
254,719,279,3,0
255,719,280,3,0
256,692,231,0,3
256,701,231,0,3
256,719,255,1,2
257,719,256,1,2
258,719,257,1,2
259,719,258,1,2
260,719,259,1,2
261,719,260,1,2
263,719,264,2,1
264,719,265,2,1
265,719,266,2,1
266,719,267,2,1
267,719,268,2,1
268,719,293,3,0
269,719,294,3,0
270,719,295,3,0
271,719,296,3,0
272,719,297,3,0
273,719,298,3,0
275,719,719,98,0
276,719,275,1,1
277,719,276,1,2
278,719,277,1,2
279,719,278,1,2
280,719,279,1,2
281,692,256,0,3
281,701,256,0,3
281,719,280,1,2
282,719,281,1,2
283,719,282,1,2
284,719,283,1,2
285,719,284,1,2
286,719,285,1,2
288,719,289,2,1
289,719,290,2,1
290,719,291,2,1
291,719,292,2,1
292,719,293,2,1
293,719,294,2,1
294,719,295,2,1
295,719,296,2,1
296,719,297,2,1
297,719,298,2,1
298,719,299,2,1
300,719,275,0,2
301,719,276,0,3
302,719,277,0,3
303,719,278,0,3
304,719,279,0,3
305,719,280,0,3
306,692,281,0,3
306,701,281,0,3
306,719,305,1,2
307,719,306,1,2
308,719,307,1,2
309,719,308,1,2
310,719,309,1,2
311,719,310,1,2
313,719,314,2,1
314,719,315,2,1
315,719,316,2,1
316,719,317,2,1
317,719,318,2,1
318,719,293,0,3
319,719,294,0,3
320,719,295,0,3
321,719,296,0,3
322,719,297,0,3
323,719,298,0,3
325,719,300,0,2
326,719,301,0,3
327,719,302,0,3
328,719,303,0,3
329,719,304,0,3
330,719,305,0,3
331,692,306,0,3
331,701,306,0,3
331,719,330,1,2
332,719,331,1,2
333,719,332,1,2
334,719,333,1,2
335,719,334,1,2
336,719,335,1,2
338,719,339,2,1
339,719,340,2,1
340,719,341,2,1
341,719,342,2,1
342,719,343,2,1
343,719,318,0,3
344,719,319,0,3
345,719,320,0,3
346,719,321,0,3
347,719,322,0,3
348,719,323,0,3
350,719,325,0,2
351,719,326,0,3
352,719,327,0,3
353,719,328,0,3
354,719,329,0,3
355,701,380,3,0
355,719,330,0,3
356,692,331,0,3
356,701,381,3,0
356,719,355,1,2
357,719,356,1,2
358,719,357,1,2
359,719,358,1,2
360,719,359,1,2
361,719,360,1,2
363,719,364,2,1
364,719,365,2,1
365,719,366,2,1
366,719,367,2,1
367,719,368,2,1
368,701,393,3,0
368,719,343,0,3
369,719,344,0,3
370,719,345,0,3
371,719,346,0,3
372,719,347,0,3
373,719,348,0,3
375,719,350,0,2
376,719,351,0,3
377,719,352,0,3
378,719,353,0,3
379,719,354,0,3
380,692,405,3,0
380,701,405,3,0
380,719,355,0,3
381,692,406,3,0
381,701,406,3,0
381,719,380,1,2
382,719,381,1,2
383,719,382,1,2
384,719,383,1,2
385,719,384,1,2
386,719,385,1,2
388,719,389,2,1
389,719,390,2,1
390,719,391,2,1
391,719,392,2,1
392,719,393,2,1
393,692,418,3,0
393,701,418,3,0
393,719,368,0,3
394,719,369,0,3
395,719,370,0,3
396,719,371,0,3
397,719,372,0,3
398,719,373,0,3
400,719,375,0,2
401,719,376,0,3
402,719,377,0,3
403,719,378,0,3
404,719,379,0,3
405,692,430,3,0
405,719,380,0,3
406,692,431,3,0
406,701,431,3,0
406,719,405,1,2
407,719,406,1,2
408,719,407,1,2
409,719,408,1,2
410,719,409,1,2
411,719,410,1,2
413,719,414,2,1
414,719,415,2,1
415,719,416,2,1
416,719,417,2,1
417,719,418,2,1
418,692,443,3,0
418,719,393,0,3
419,719,394,0,3
420,719,395,0,3
421,719,396,0,3
422,719,397,0,3
423,719,398,0,3
425,719,400,0,2
426,719,401,0,3
427,719,402,0,3
428,719,403,0,3
429,719,404,0,3
430,719,405,0,3
431,692,456,3,0
431,701,456,3,0
431,719,430,1,2
432,719,431,1,2
433,719,432,1,2
434,719,433,1,2
435,719,434,1,2
436,719,435,1,2
438,719,439,2,1
439,719,440,2,1
440,719,441,2,1
441,719,442,2,1
442,719,443,2,1
443,719,418,0,3
444,719,419,0,3
445,719,420,0,3
446,719,421,0,3
447,719,422,0,3
448,719,423,0,3
450,719,425,0,2
451,719,426,0,3
452,719,427,0,3
453,719,428,0,3
454,719,429,0,3
455,719,430,0,3
456,692,481,3,0
456,701,481,3,0
456,719,455,1,2
457,719,456,1,2
458,719,457,1,2
459,719,458,1,2
460,719,459,1,2
461,719,460,1,2
463,719,464,2,1
464,719,465,2,1
465,719,466,2,1
466,719,467,2,1
467,719,468,2,1
468,719,443,0,3
469,719,444,0,3
470,719,445,0,3
471,719,446,0,3
472,719,447,0,3
473,719,448,0,3
475,719,450,0,2
476,719,451,0,3
477,719,452,0,3
478,719,453,0,3
479,719,454,0,3
480,719,455,0,3
481,692,506,3,0
481,701,506,3,0
481,719,480,1,2
482,719,481,1,2
483,719,482,1,2
484,719,483,1,2
485,719,484,1,2
486,719,485,1,2
488,719,489,2,1
489,719,490,2,1
490,719,491,2,1
491,719,492,2,1
492,719,493,2,1
493,719,468,0,3
494,719,469,0,3
495,719,470,0,3
496,719,471,0,3
497,719,472,0,3
498,719,473,0,3
500,719,475,0,2
501,719,476,0,3
502,719,477,0,3
503,719,478,0,3
504,719,479,0,3
505,719,480,0,3
506,692,531,3,0
506,701,531,3,0
506,719,505,1,2
507,719,506,1,2
508,719,507,1,2
509,719,508,1,2
510,719,509,1,2
511,719,510,1,2
513,719,514,2,1
514,719,515,2,1
515,719,516,2,1
516,719,517,2,1
517,719,518,2,1
518,719,493,0,3
519,719,494,0,3
520,719,495,0,3
521,719,496,0,3
522,719,497,0,3
523,719,498,0,3
525,719,500,0,2
526,719,501,0,3
527,719,502,0,3
528,719,503,0,3
529,719,504,0,3
530,719,505,0,3
531,692,556,3,0
531,701,556,3,0
531,719,530,1,2
532,719,531,1,2
533,719,532,1,2
534,719,533,1,2
535,719,534,1,2
536,719,535,1,2
538,719,539,2,1
539,719,540,2,1
540,719,541,2,1
541,719,542,2,1
542,719,543,2,1
543,719,518,0,3
544,719,519,0,3
545,719,520,0,3
546,719,521,0,3
547,719,522,0,3
548,719,523,0,3
550,719,525,0,2
551,719,526,0,3
552,719,527,0,3
553,719,528,0,3
554,719,529,0,3
555,719,530,0,3
556,692,581,3,0
556,701,581,3,0
556,719,555,1,2
557,719,556,1,2
558,719,557,1,2
559,719,558,1,2
560,719,559,1,2
561,719,560,1,2
563,719,564,2,1
564,719,565,2,1
565,719,566,2,1
566,719,567,2,1
567,719,568,2,1
568,719,543,0,3
569,719,544,0,3
570,719,545,0,3
571,719,546,0,3
572,719,547,0,3
573,719,548,0,3
575,719,550,0,2
576,719,551,0,3
577,719,552,0,3
578,719,553,0,3
579,719,554,0,3
580,719,555,0,3
581,692,606,3,0
581,701,606,3,0
581,719,580,1,2
582,719,581,1,2
583,719,582,1,2
584,719,583,1,2
585,719,584,1,2
586,719,585,1,2
588,719,589,2,1
589,719,590,2,1
590,719,591,2,1
591,719,592,2,1
592,719,593,2,1
593,719,568,0,3
594,719,569,0,3
595,719,570,0,3
596,719,571,0,3
597,719,572,0,3
598,719,573,0,3
600,719,0,2,3
601,719,1,3,3
602,719,2,3,3
603,719,3,3,3
604,719,4,3,3
605,719,5,3,3
606,692,6,3,3
606,701,6,3,3
606,719,605,1,2
607,719,606,1,2
608,719,607,1,2
609,719,608,1,2
610,719,609,1,2
611,719,610,1,2
613,719,614,2,1
614,719,615,2,1
615,719,616,2,1
616,719,617,2,1
617,719,618,2,1
618,719,18,3,3
619,719,19,3,3
620,719,20,3,3
621,719,21,3,3
622,719,22,3,3
623,719,23,3,3
692,625,56,0,71
692,626,56,0,71
692,627,56,0,71
692,628,56,0,71
692,629,56,0,71
692,630,56,0,71
692,631,56,0,71
692,632,56,0,71
692,633,56,0,71
692,634,56,0,71
692,635,56,0,71
692,636,56,0,71
692,637,56,0,71
692,638,56,0,71
692,639,56,0,71
692,640,56,0,71
692,641,56,0,71
692,642,56,0,71
692,643,56,0,71
692,644,56,0,71
692,645,56,0,71
692,646,56,0,71
692,647,56,0,71
692,648,56,0,71
692,649,56,0,71
692,650,56,0,71
692,651,56,0,71
692,652,56,0,71
692,653,56,0,71
692,654,56,0,71
692,655,56,0,71
692,656,56,0,71
692,657,56,0,71
692,658,56,0,71
692,659,56,0,71
692,660,56,0,71
692,661,56,0,71
692,662,56,0,71
692,663,56,0,71
692,664,56,0,71
692,665,56,0,71
692,666,56,0,71
692,667,56,0,71
692,668,56,0,71
692,669,56,0,71
692,670,56,0,71
692,671,56,0,71
692,672,56,0,71
692,673,56,0,71
692,674,56,0,71
692,675,56,0,71
692,676,56,0,71
692,677,56,0,71
692,678,56,0,71
692,679,56,0,71
692,680,56,0,71
692,681,56,0,71
692,682,56,0,71
692,683,56,0,71
692,684,56,0,71
692,685,56,0,71
692,686,56,0,71
692,687,56,0,71
692,688,56,0,71
692,689,56,0,71
692,690,56,0,71
692,691,56,0,71
692,693,56,0,71
692,694,56,0,71
692,695,56,0,71
692,696,56,0,71
692,697,56,0,71
692,698,56,0,71
692,699,56,0,71
692,700,56,0,71
692,701,56,0,71
692,702,56,0,71
692,703,56,0,71
692,704,56,0,71
692,705,56,0,71
692,706,56,0,71
692,707,56,0,71
692,708,56,0,71
692,709,56,0,71
692,710,56,0,71
692,711,56,0,71
692,712,56,0,71
692,713,56,0,71
692,714,56,0,71
692,715,56,0,71
692,716,56,0,71
692,717,56,0,71
692,718,56,0,71
692,719,56,0,71
692,720,56,0,71
692,721,56,0,71
692,722,56,0,71
692,723,56,0,71
692,724,56,0,71
701,625,31,0,80
701,626,31,0,80
701,627,31,0,80
701,628,31,0,80
701,629,31,0,80
701,630,31,0,80
701,631,31,0,80
701,632,31,0,80
701,633,31,0,80
701,634,31,0,80
701,635,31,0,80
701,636,31,0,80
701,637,31,0,80
701,638,31,0,80
701,639,31,0,80
701,640,31,0,80
701,641,31,0,80
701,642,31,0,80
701,643,31,0,80
701,644,31,0,80
701,645,31,0,80
701,646,31,0,80
701,647,31,0,80
701,648,31,0,80
701,649,31,0,80
701,650,31,0,80
701,651,31,0,80
701,652,31,0,80
701,653,31,0,80
701,654,31,0,80
701,655,31,0,80
701,656,31,0,80
701,657,31,0,80
701,658,31,0,80
701,659,31,0,80
701,660,31,0,80
701,661,31,0,80
701,662,31,0,80
701,663,31,0,80
701,664,31,0,80
701,665,31,0,80
701,666,31,0,80
701,667,31,0,80
701,668,31,0,80
701,669,31,0,80
701,670,31,0,80
701,671,31,0,80
701,672,31,0,80
701,673,31,0,80
701,674,31,0,80
701,675,31,0,80
701,676,31,0,80
701,677,31,0,80
701,678,31,0,80
701,679,31,0,80
701,680,31,0,80
701,681,31,0,80
701,682,31,0,80
701,683,31,0,80
701,684,31,0,80
701,685,31,0,80
701,686,31,0,80
701,687,31,0,80
701,688,31,0,80
701,689,31,0,80
701,690,31,0,80
701,691,31,0,80
701,692,31,0,80
701,693,31,0,80
701,694,31,0,80
701,695,31,0,80
701,696,31,0,80
701,697,31,0,80
701,698,31,0,80
701,699,31,0,80
701,700,31,0,80
701,702,31,0,80
701,703,31,0,80
701,704,31,0,80
701,705,31,0,80
701,706,31,0,80
701,707,31,0,80
701,708,31,0,80
701,709,31,0,80
701,710,31,0,80
701,711,31,0,80
701,712,31,0,80
701,713,31,0,80
701,714,31,0,80
701,715,31,0,80
701,716,31,0,80
701,717,31,0,80
701,718,31,0,80
701,719,31,0,80
701,720,31,0,80
701,721,31,0,80
701,722,31,0,80
701,723,31,0,80
701,724,31,0,80
719,625,275,0,98
719,626,275,0,98
719,627,275,0,98
719,628,275,0,98
719,629,275,0,98
719,630,275,0,98
719,631,275,0,98
719,632,275,0,98
719,633,275,0,98
719,634,275,0,98
719,635,275,0,98
719,636,275,0,98
719,637,275,0,98
719,638,275,0,98
719,639,275,0,98
719,640,275,0,98
719,641,275,0,98
719,642,275,0,98
719,643,275,0,98
719,644,275,0,98
719,645,275,0,98
719,646,275,0,98
719,647,275,0,98
719,648,275,0,98
719,649,275,0,98
719,650,275,0,98
719,651,275,0,98
719,652,275,0,98
719,653,275,0,98
719,654,275,0,98
719,655,275,0,98
719,656,275,0,98
719,657,275,0,98
719,658,275,0,98
719,659,275,0,98
719,660,275,0,98
719,661,275,0,98
719,662,275,0,98
719,663,275,0,98
719,664,275,0,98
719,665,275,0,98
719,666,275,0,98
719,667,275,0,98
719,668,275,0,98
719,669,275,0,98
719,670,275,0,98
719,671,275,0,98
719,672,275,0,98
719,673,275,0,98
719,674,275,0,98
719,675,275,0,98
719,676,275,0,98
719,677,275,0,98
719,678,275,0,98
719,679,275,0,98
719,680,275,0,98
719,681,275,0,98
719,682,275,0,98
719,683,275,0,98
719,684,275,0,98
719,685,275,0,98
719,686,275,0,98
719,687,275,0,98
719,688,275,0,98
719,689,275,0,98
719,690,275,0,98
719,691,275,0,98
719,692,275,0,98
719,693,275,0,98
719,694,275,0,98
719,695,275,0,98
719,696,275,0,98
719,697,275,0,98
719,698,275,0,98
719,699,275,0,98
719,700,275,0,98
719,701,275,0,98
719,702,275,0,98
719,703,275,0,98
719,704,275,0,98
719,705,275,0,98
719,706,275,0,98
719,707,275,0,98
719,708,275,0,98
719,709,275,0,98
719,710,275,0,98
719,711,275,0,98
719,712,275,0,98
719,713,275,0,98
719,714,275,0,98
719,715,275,0,98
719,716,275,0,98
719,717,275,0,98
719,718,275,0,98
719,720,275,0,98
719,721,275,0,98
719,722,275,0,98
719,723,275,0,98
719,724,275,0,98
