1,630,26,2,0
1,631,631,10,0
2,630,27,2,0
2,631,1,0,1
2,637,602,3,3
2,654,1,0,1
3,630,28,2,0
3,631,2,0,1
3,633,4,1,0
3,637,603,3,3
3,644,603,3,3
3,696,4,1,0
4,630,29,2,0
4,631,3,0,1
4,633,5,1,0
4,637,604,3,3
4,644,604,3,3
4,694,5,1,0
4,696,5,1,0
5,625,605,3,3
5,626,30,2,0
5,630,30,2,0
5,631,4,0,1
5,633,30,2,0
5,635,605,3,3
5,636,30,2,0
5,637,605,3,3
5,639,605,3,3
5,641,605,3,3
5,643,605,3,3
5,644,605,3,3
5,646,30,2,0
5,647,605,3,3
5,650,605,3,3
5,651,605,3,3
5,655,30,2,0
5,656,605,3,3
5,657,605,3,3
5,660,605,3,3
5,666,30,2,0
5,670,605,3,3
5,675,30,2,0
5,677,30,2,0
5,678,30,2,0
5,681,605,3,3
5,682,30,2,0
5,683,30,2,0
5,686,30,2,0
5,687,605,3,3
5,692,30,2,0
5,695,605,3,3
5,697,30,2,0
5,700,605,3,3
5,701,30,2,0
5,702,30,2,0
5,706,30,2,0
5,709,30,2,0
5,710,605,3,3
5,711,605,3,3
5,714,30,2,0
5,715,30,2,0
5,716,30,2,0
5,719,605,3,3
5,720,30,2,0
5,721,30,2,0
5,723,30,2,0
6,627,5,0,1
6,628,5,0,1
6,629,5,0,1
6,630,5,0,1
6,631,5,0,1
6,632,5,0,1
6,633,31,2,0
6,634,5,0,1
6,637,5,0,1
6,638,5,0,1
6,642,5,0,1
6,644,5,0,1
6,645,5,0,1
6,648,5,0,1
6,649,5,0,1
6,652,5,0,1
6,653,5,0,1
6,654,5,0,1
6,658,5,0,1
6,659,5,0,1
6,661,5,0,1
6,662,5,0,1
6,663,5,0,1
6,664,5,0,1
6,665,5,0,1
6,667,5,0,1
6,668,5,0,1
6,669,5,0,1
6,671,5,0,1
6,672,5,0,1
6,673,5,0,1
6,674,5,0,1
6,676,5,0,1
6,680,5,0,1
6,684,5,0,1
6,685,5,0,1
6,688,5,0,1
6,689,5,0,1
6,690,5,0,1
6,691,5,0,1
6,693,5,0,1
6,698,5,0,1
6,699,5,0,1
6,701,5,0,1
6,703,5,0,1
6,704,5,0,1
6,707,5,0,1
6,708,5,0,1
6,712,5,0,1
6,713,5,0,1
6,717,5,0,1
6,718,5,0,1
6,722,5,0,1
6,724,5,0,1
7,630,6,0,1
7,631,6,0,1
7,633,32,2,0
7,637,6,0,1
7,644,6,0,1
7,694,32,2,0
7,696,607,3,3
7,701,6,0,1
8,630,7,0,1
8,631,7,0,1
8,633,33,2,0
8,637,7,0,1
8,644,7,0,1
8,696,608,3,3
9,630,8,0,1
9,631,8,0,1
9,637,8,0,1
9,654,10,1,0
10,630,9,0,1
10,631,9,0,1
13,630,14,1,0
14,630,15,1,0
14,631,15,1,0
15,630,16,1,0
15,631,16,1,0
15,637,16,1,0
16,630,17,1,0
16,631,17,1,0
16,633,41,2,0
16,637,17,1,0
16,644,17,1,0
16,696,616,3,3
17,630,18,1,0
17,631,18,1,0
17,633,42,2,0
17,637,18,1,0
17,644,18,1,0
17,694,42,2,0
17,696,617,3,3
18,630,43,2,0
18,631,19,1,0
18,633,43,2,0
18,637,618,3,3
18,644,618,3,3
18,701,43,2,0
19,630,44,2,0
19,631,20,1,0
19,633,18,0,1
19,637,619,3,3
19,644,619,3,3
19,694,18,0,1
19,696,18,0,1
19,701,20,1,0
20,630,45,2,0
20,631,21,1,0
20,633,19,0,1
20,637,620,3,3
20,644,620,3,3
20,696,19,0,1
21,630,46,2,0
21,631,22,1,0
21,637,621,3,3
22,630,47,2,0
22,631,23,1,0
22,654,21,0,1
23,630,48,2,0
26,630,51,3,0
26,631,1,0,2
27,630,52,3,0
27,631,2,0,2
27,637,2,0,2
27,654,26,1,2
28,630,53,3,0
28,631,3,0,2
28,633,29,2,1
28,637,3,0,2
28,644,3,0,2
28,696,29,2,1
29,630,54,3,0
29,631,4,0,2
29,633,30,2,1
29,637,4,0,2
29,644,4,0,2
29,694,30,2,1
29,696,30,2,1
30,625,5,0,2
30,626,55,3,0
30,630,55,3,0
30,631,5,0,2
30,633,55,3,0
30,635,5,0,2
30,636,55,3,0
30,637,5,0,2
30,639,5,0,2
30,640,5,0,2
30,641,5,0,2
30,643,5,0,2
30,644,5,0,2
30,647,5,0,2
30,650,5,0,2
30,651,5,0,2
30,655,55,3,0
30,656,5,0,2
30,657,5,0,2
30,660,5,0,2
30,666,55,3,0
30,670,5,0,2
30,675,55,3,0
30,677,55,3,0
30,678,55,3,0
30,681,5,0,2
30,683,55,3,0
30,686,55,3,0
30,687,5,0,2
30,695,5,0,2
30,697,55,3,0
30,700,5,0,2
30,701,55,3,0
30,702,55,3,0
30,705,5,0,2
30,706,55,3,0
30,709,55,3,0
30,710,5,0,2
30,711,5,0,2
30,714,55,3,0
30,715,55,3,0
30,716,55,3,0
30,719,5,0,2
30,720,55,3,0
30,721,55,3,0
30,723,55,3,0
31,627,30,1,2
31,628,30,1,2
31,629,30,1,2
31,630,30,1,2
31,631,30,1,2
31,632,30,1,2
31,633,56,3,0
31,634,30,1,2
31,637,30,1,2
31,638,30,1,2
31,642,30,1,2
31,644,30,1,2
31,645,30,1,2
31,648,30,1,2
31,649,30,1,2
31,652,30,1,2
31,653,30,1,2
31,654,30,1,2
31,658,30,1,2
31,659,30,1,2
31,661,30,1,2
31,662,30,1,2
31,663,30,1,2
31,664,30,1,2
31,665,30,1,2
31,667,30,1,2
31,668,30,1,2
31,669,30,1,2
31,671,30,1,2
31,672,30,1,2
31,673,30,1,2
31,674,30,1,2
31,676,30,1,2
31,679,30,1,2
31,680,30,1,2
31,685,30,1,2
31,688,30,1,2
31,689,30,1,2
31,690,30,1,2
31,691,30,1,2
31,693,30,1,2
31,698,30,1,2
31,699,30,1,2
31,701,30,1,2
31,703,30,1,2
31,704,30,1,2
31,707,30,1,2
31,708,30,1,2
31,712,30,1,2
31,713,30,1,2
31,717,30,1,2
31,718,30,1,2
31,722,30,1,2
31,724,30,1,2
32,630,31,1,2
32,631,31,1,2
32,633,57,3,0
32,637,31,1,2
32,644,31,1,2
32,694,57,3,0
32,696,7,0,2
32,701,31,1,2
33,630,32,1,2
33,631,32,1,2
33,633,58,3,0
33,637,32,1,2
33,644,32,1,2
33,696,8,0,2
34,630,33,1,2
34,631,33,1,2
34,637,33,1,2
34,654,35,2,1
35,630,34,1,2
35,631,34,1,2
38,630,39,2,1
39,630,40,2,1
39,631,40,2,1
40,630,41,2,1
40,631,41,2,1
40,637,41,2,1
41,630,42,2,1
41,631,42,2,1
41,633,66,3,0
41,637,42,2,1
41,644,42,2,1
41,696,16,0,2
42,630,43,2,1
42,631,43,2,1
42,633,67,3,0
42,637,43,2,1
42,644,43,2,1
42,694,67,3,0
42,696,17,0,2
42,701,41,1,2
43,630,68,3,0
43,633,68,3,0
43,637,18,0,2
43,644,18,0,2
43,701,68,3,0
44,630,69,3,0
44,631,19,0,2
44,633,43,1,2
44,637,19,0,2
44,644,19,0,2
44,694,43,1,2
44,696,43,1,2
44,701,45,2,1
45,630,70,3,0
45,631,20,0,2
45,633,44,1,2
45,637,20,0,2
45,644,20,0,2
45,696,44,1,2
46,630,71,3,0
46,631,21,0,2
46,637,21,0,2
47,630,72,3,0
47,631,22,0,2
47,654,46,1,2
48,630,73,3,0
51,630,76,3,0
51,631,26,0,3
52,630,77,3,0
52,631,27,0,3
52,637,27,0,3
52,654,51,1,2
53,630,78,3,0
53,631,28,0,3
53,633,54,2,1
53,637,28,0,3
53,644,28,0,3
53,696,54,2,1
54,630,79,3,0
54,631,29,0,3
54,633,55,2,1
54,637,29,0,3
54,644,29,0,3
54,694,55,2,1
54,696,55,2,1
55,625,30,0,3
55,626,80,3,0
55,630,80,3,0
55,631,30,0,3
55,635,30,0,3
55,636,80,3,0
55,637,30,0,3
55,639,30,0,3
55,640,30,0,3
55,641,30,0,3
55,643,30,0,3
55,644,30,0,3
55,646,30,0,3
55,647,30,0,3
55,650,30,0,3
55,651,30,0,3
55,656,30,0,3
55,657,30,0,3
55,660,30,0,3
55,670,30,0,3
55,675,80,3,0
55,677,80,3,0
55,678,80,3,0
55,681,30,0,3
55,682,30,0,3
55,683,80,3,0
55,686,80,3,0
55,687,80,3,0
55,692,30,0,3
55,694,56,2,1
55,695,30,0,3
55,697,80,3,0
55,700,30,0,3
55,701,80,3,0
55,705,30,0,3
55,706,80,3,0
55,709,80,3,0
55,710,30,0,3
55,711,30,0,3
55,714,80,3,0
55,715,80,3,0
55,716,80,3,0
55,719,30,0,3
55,720,80,3,0
55,721,80,3,0
55,723,80,3,0
56,627,55,1,2
56,628,55,1,2
56,629,55,1,2
56,630,55,1,2
56,631,55,1,2
56,632,55,1,2
56,634,55,1,2
56,637,55,1,2
56,638,55,1,2
56,642,55,1,2
56,644,55,1,2
56,645,55,1,2
56,648,55,1,2
56,649,55,1,2
56,652,55,1,2
56,653,55,1,2
56,654,55,1,2
56,658,55,1,2
56,659,55,1,2
56,661,55,1,2
56,662,55,1,2
56,663,55,1,2
56,664,55,1,2
56,665,55,1,2
56,667,55,1,2
56,668,55,1,2
56,669,55,1,2
56,671,55,1,2
56,672,55,1,2
56,673,55,1,2
56,674,55,1,2
56,676,55,1,2
56,679,55,1,2
56,680,55,1,2
56,684,55,1,2
56,685,55,1,2
56,688,55,1,2
56,689,55,1,2
56,690,55,1,2
56,691,55,1,2
56,693,55,1,2
56,694,57,2,1
56,698,55,1,2
56,699,55,1,2
56,701,55,1,2
56,703,55,1,2
56,704,55,1,2
56,707,55,1,2
56,708,55,1,2
56,712,55,1,2
56,713,55,1,2
56,717,55,1,2
56,718,55,1,2
56,722,55,1,2
56,724,55,1,2
57,630,56,1,2
57,631,56,1,2
57,633,82,3,0
57,637,56,1,2
57,644,56,1,2
57,694,694,73,0
57,696,32,0,3
57,701,56,1,2
58,630,57,1,2
58,631,57,1,2
58,633,83,3,0
58,637,57,1,2
58,644,57,1,2
58,696,33,0,3
59,630,58,1,2
59,631,58,1,2
59,637,58,1,2
59,654,60,2,1
60,630,59,1,2
60,631,59,1,2
63,630,64,2,1
64,630,65,2,1
64,631,65,2,1
65,630,66,2,1
65,631,66,2,1
65,637,66,2,1
66,630,67,2,1
66,631,67,2,1
66,633,91,3,0
66,637,67,2,1
66,644,67,2,1
66,696,41,0,3
67,630,68,2,1
67,631,68,2,1
67,633,92,3,0
67,637,68,2,1
67,644,68,2,1
67,694,66,1,2
67,696,42,0,3
67,701,66,1,2
68,630,93,3,0
68,637,43,0,3
68,644,43,0,3
68,694,67,1,2
68,701,93,3,0
69,630,94,3,0
69,631,44,0,3
69,633,68,1,2
69,637,44,0,3
69,644,44,0,3
69,694,68,1,2
69,696,68,1,2
69,701,70,2,1
70,630,95,3,0
70,631,45,0,3
70,633,69,1,2
70,637,45,0,3
70,644,45,0,3
70,696,69,1,2
71,630,96,3,0
71,631,46,0,3
71,637,46,0,3
72,630,97,3,0
72,631,47,0,3
72,654,71,1,2
73,630,98,3,0
76,630,101,3,0
76,631,51,0,3
77,630,102,3,0
77,631,52,0,3
77,637,52,0,3
77,654,76,1,2
78,630,103,3,0
78,631,53,0,3
78,633,79,2,1
78,637,53,0,3
78,644,103,3,0
78,696,79,2,1
79,630,104,3,0
79,631,54,0,3
79,633,80,2,1
79,637,54,0,3
79,644,104,3,0
79,694,80,2,1
79,696,80,2,1
80,625,105,3,0
80,630,105,3,0
80,631,55,0,3
80,635,55,0,3
80,636,105,3,0
80,637,55,0,3
80,639,55,0,3
80,640,55,0,3
80,641,55,0,3
80,643,55,0,3
80,644,105,3,0
80,646,55,0,3
80,647,55,0,3
80,650,55,0,3
80,651,55,0,3
80,655,55,0,3
80,656,105,3,0
80,657,55,0,3
80,660,55,0,3
80,666,55,0,3
80,670,55,0,3
80,677,105,3,0
80,678,105,3,0
80,681,55,0,3
80,682,55,0,3
80,683,105,3,0
80,686,105,3,0
80,687,105,3,0
80,692,55,0,3
80,694,55,0,3
80,695,55,0,3
80,697,105,3,0
80,700,55,0,3
80,701,701,80,0
80,702,55,0,3
80,705,55,0,3
80,709,105,3,0
80,710,55,0,3
80,711,55,0,3
80,714,105,3,0
80,716,105,3,0
80,719,55,0,3
80,721,105,3,0
80,723,105,3,0
81,627,80,1,2
81,628,80,1,2
81,629,80,1,2
81,630,80,1,2
81,631,80,1,2
81,632,80,1,2
81,634,80,1,2
81,637,80,1,2
81,638,80,1,2
81,644,80,1,2
81,645,80,1,2
81,648,80,1,2
81,649,80,1,2
81,652,80,1,2
81,653,80,1,2
81,654,80,1,2
81,658,80,1,2
81,659,80,1,2
81,661,80,1,2
81,662,80,1,2
81,663,80,1,2
81,664,80,1,2
81,665,80,1,2
81,667,80,1,2
81,668,80,1,2
81,669,80,1,2
81,671,80,1,2
81,672,80,1,2
81,673,80,1,2
81,674,80,1,2
81,676,80,1,2
81,679,80,1,2
81,680,80,1,2
81,684,80,1,2
81,685,80,1,2
81,688,80,1,2
81,689,80,1,2
81,691,80,1,2
81,693,80,1,2
81,694,56,0,3
81,698,80,1,2
81,699,80,1,2
81,701,80,1,2
81,703,80,1,2
81,704,80,1,2
81,707,80,1,2
81,708,80,1,2
81,712,80,1,2
81,713,80,1,2
81,717,80,1,2
81,718,80,1,2
81,722,80,1,2
81,724,80,1,2
82,630,81,1,2
82,631,81,1,2
82,633,107,3,0
82,637,81,1,2
82,644,81,1,2
82,694,57,0,3
82,696,57,0,3
82,701,81,1,2
83,630,82,1,2
83,631,82,1,2
83,633,108,3,0
83,637,82,1,2
83,644,82,1,2
83,696,58,0,3
84,630,83,1,2
84,631,83,1,2
84,637,83,1,2
84,654,85,2,1
85,630,84,1,2
85,631,84,1,2
88,630,89,2,1
89,630,90,2,1
89,631,90,2,1
90,630,91,2,1
90,631,91,2,1
90,637,91,2,1
91,630,92,2,1
91,631,92,2,1
91,633,116,3,0
91,637,92,2,1
91,644,92,2,1
91,696,66,0,3
92,630,93,2,1
92,631,93,2,1
92,633,117,3,0
92,637,93,2,1
92,644,93,2,1
92,694,67,0,3
92,696,67,0,3
92,701,91,1,2
93,630,118,3,0
93,631,68,0,3
93,637,68,0,3
93,694,68,0,3
93,701,94,2,1
94,630,119,3,0
94,631,69,0,3
94,633,93,1,2
94,637,69,0,3
94,644,119,3,0
94,694,93,1,2
94,696,93,1,2
94,701,95,2,1
95,630,120,3,0
95,631,70,0,3
95,633,94,1,2
95,637,70,0,3
95,644,120,3,0
95,696,94,1,2
96,630,121,3,0
96,631,71,0,3
96,637,71,0,3
97,630,122,3,0
97,631,72,0,3
97,654,96,1,2
98,630,123,3,0
101,630,126,3,0
101,631,76,0,3
102,630,127,3,0
102,631,77,0,3
102,637,127,3,0
102,654,101,1,2
103,630,128,3,0
103,631,78,0,3
103,633,104,2,1
103,637,128,3,0
103,644,128,3,0
103,696,104,2,1
104,630,129,3,0
104,631,79,0,3
104,633,105,2,1
104,637,129,3,0
104,644,129,3,0
104,694,105,2,1
104,696,105,2,1
105,625,130,3,0
105,626,80,0,3
105,630,130,3,0
105,631,80,0,3
105,635,80,0,3
105,636,130,3,0
105,637,130,3,0
105,639,130,3,0
105,640,80,0,3
105,641,80,0,3
105,643,80,0,3
105,644,130,3,0
105,646,80,0,3
105,647,80,0,3
105,650,130,3,0
105,651,80,0,3
105,655,80,0,3
105,656,130,3,0
105,657,80,0,3
105,660,80,0,3
105,666,80,0,3
105,670,80,0,3
105,675,80,0,3
105,678,130,3,0
105,681,80,0,3
105,682,80,0,3
105,683,130,3,0
105,686,130,3,0
105,687,130,3,0
105,692,80,0,3
105,694,80,0,3
105,695,80,0,3
105,697,130,3,0
105,700,80,0,3
105,701,80,0,3
105,702,80,0,3
105,705,80,0,3
105,706,80,0,3
105,709,130,3,0
105,710,130,3,0
105,711,130,3,0
105,714,130,3,0
105,715,80,0,3
105,716,130,3,0
105,719,80,0,3
105,720,80,0,3
105,723,130,3,0
106,627,105,1,2
106,628,105,1,2
106,629,105,1,2
106,630,105,1,2
106,631,105,1,2
106,632,105,1,2
106,634,105,1,2
106,637,105,1,2
106,638,105,1,2
106,642,105,1,2
106,644,105,1,2
106,645,105,1,2
106,649,105,1,2
106,652,105,1,2
106,653,105,1,2
106,654,105,1,2
106,658,105,1,2
106,659,105,1,2
106,661,105,1,2
106,662,105,1,2
106,663,105,1,2
106,664,105,1,2
106,665,105,1,2
106,667,105,1,2
106,668,105,1,2
106,669,105,1,2
106,671,105,1,2
106,672,105,1,2
106,673,105,1,2
106,674,105,1,2
106,676,105,1,2
106,679,105,1,2
106,680,105,1,2
106,684,105,1,2
106,685,105,1,2
106,688,105,1,2
106,689,105,1,2
106,690,105,1,2
106,691,105,1,2
106,693,105,1,2
106,694,81,0,3
106,698,105,1,2
106,699,105,1,2
106,701,105,1,2
106,703,105,1,2
106,704,105,1,2
106,707,105,1,2
106,708,105,1,2
106,712,105,1,2
106,713,105,1,2
106,717,105,1,2
106,718,105,1,2
106,722,105,1,2
106,724,105,1,2
107,630,106,1,2
107,631,106,1,2
107,633,132,3,0
107,637,106,1,2
107,644,106,1,2
107,694,82,0,3
107,696,82,0,3
107,701,106,1,2
108,630,107,1,2
108,631,107,1,2
108,633,133,3,0
108,637,107,1,2
108,644,107,1,2
108,696,83,0,3
109,630,108,1,2
109,631,108,1,2
109,637,108,1,2
109,654,110,2,1
110,630,109,1,2
110,631,109,1,2
113,630,114,2,1
114,630,115,2,1
114,631,115,2,1
115,630,116,2,1
115,631,116,2,1
115,637,116,2,1
116,630,117,2,1
116,631,117,2,1
116,633,141,3,0
116,637,117,2,1
116,644,117,2,1
116,696,91,0,3
117,630,118,2,1
117,631,118,2,1
117,633,142,3,0
117,637,118,2,1
117,644,118,2,1
117,694,92,0,3
117,696,92,0,3
117,701,116,1,2
118,630,143,3,0
118,631,93,0,3
118,694,93,0,3
119,630,144,3,0
119,631,94,0,3
119,633,118,1,2
119,637,144,3,0
119,644,144,3,0
119,694,118,1,2
119,696,118,1,2
119,701,120,2,1
120,630,145,3,0
120,631,95,0,3
120,633,119,1,2
120,637,145,3,0
120,644,145,3,0
120,696,119,1,2
121,630,146,3,0
121,631,96,0,3
121,637,146,3,0
122,630,147,3,0
122,631,97,0,3
122,654,121,1,2
123,630,148,3,0
126,630,151,3,0
126,631,101,0,3
127,630,152,3,0
127,631,102,0,3
127,637,152,3,0
127,654,126,1,2
128,630,153,3,0
128,631,103,0,3
128,633,129,2,1
128,637,153,3,0
128,644,153,3,0
128,696,129,2,1
129,630,154,3,0
129,631,104,0,3
129,633,130,2,1
129,637,154,3,0
129,644,154,3,0
129,694,130,2,1
129,696,130,2,1
130,625,155,3,0
130,626,105,0,3
130,630,155,3,0
130,631,105,0,3
130,635,105,0,3
130,636,155,3,0
130,637,155,3,0
130,639,155,3,0
130,640,105,0,3
130,641,155,3,0
130,643,105,0,3
130,644,155,3,0
130,646,105,0,3
130,647,105,0,3
130,650,155,3,0
130,651,105,0,3
130,655,105,0,3
130,656,155,3,0
130,657,105,0,3
130,660,155,3,0
130,666,105,0,3
130,670,105,0,3
130,675,105,0,3
130,677,105,0,3
130,681,105,0,3
130,682,105,0,3
130,683,155,3,0
130,686,155,3,0
130,687,155,3,0
130,692,105,0,3
130,694,105,0,3
130,695,105,0,3
130,696,155,3,0
130,697,155,3,0
130,700,155,3,0
130,701,105,0,3
130,702,105,0,3
130,705,105,0,3
130,706,105,0,3
130,710,155,3,0
130,711,155,3,0
130,715,105,0,3
130,716,155,3,0
130,719,105,0,3
130,720,105,0,3
130,721,105,0,3
131,627,130,1,2
131,628,130,1,2
131,629,130,1,2
131,630,130,1,2
131,631,130,1,2
131,632,130,1,2
131,634,130,1,2
131,637,130,1,2
131,638,130,1,2
131,642,130,1,2
131,644,130,1,2
131,645,130,1,2
131,648,130,1,2
131,649,130,1,2
131,652,130,1,2
131,653,130,1,2
131,654,130,1,2
131,658,130,1,2
131,659,130,1,2
131,661,130,1,2
131,663,130,1,2
131,664,130,1,2
131,665,130,1,2
131,667,130,1,2
131,668,130,1,2
131,669,130,1,2
131,671,130,1,2
131,672,130,1,2
131,673,130,1,2
131,674,130,1,2
131,676,130,1,2
131,679,130,1,2
131,684,130,1,2
131,685,130,1,2
131,688,130,1,2
131,690,130,1,2
131,691,130,1,2
131,693,130,1,2
131,694,106,0,3
131,696,156,3,0
131,698,130,1,2
131,699,130,1,2
131,701,130,1,2
131,704,130,1,2
131,707,130,1,2
131,708,130,1,2
131,712,130,1,2
131,713,130,1,2
131,717,130,1,2
131,718,130,1,2
131,722,130,1,2
131,724,130,1,2
132,630,131,1,2
132,631,131,1,2
132,633,157,3,0
132,637,131,1,2
132,644,131,1,2
132,694,107,0,3
132,696,157,3,0
132,701,131,1,2
133,630,132,1,2
133,631,132,1,2
133,633,158,3,0
133,637,132,1,2
133,644,132,1,2
133,696,158,3,0
134,630,133,1,2
134,631,133,1,2
134,637,133,1,2
134,654,135,2,1
135,630,134,1,2
135,631,134,1,2
138,630,139,2,1
139,630,140,2,1
139,631,140,2,1
140,630,141,2,1
140,631,141,2,1
140,637,141,2,1
141,630,142,2,1
141,631,142,2,1
141,633,166,3,0
141,637,142,2,1
141,644,142,2,1
141,696,166,3,0
142,630,143,2,1
142,631,143,2,1
142,633,167,3,0
142,637,143,2,1
142,644,143,2,1
142,694,117,0,3
142,696,167,3,0
142,701,141,1,2
143,630,168,3,0
143,631,118,0,3
143,694,118,0,3
143,696,168,3,0
144,630,169,3,0
144,631,119,0,3
144,633,143,1,2
144,637,169,3,0
144,644,169,3,0
144,694,143,1,2
144,696,143,1,2
144,701,145,2,1
145,630,170,3,0
145,631,120,0,3
145,633,144,1,2
145,637,170,3,0
145,644,170,3,0
145,696,144,1,2
146,630,171,3,0
146,631,121,0,3
146,637,171,3,0
147,630,172,3,0
147,631,122,0,3
147,654,146,1,2
148,630,173,3,0
151,630,176,3,0
151,631,126,0,3
152,630,177,3,0
152,631,127,0,3
152,637,177,3,0
152,654,151,1,2
153,630,178,3,0
153,631,128,0,3
153,633,154,2,1
153,637,178,3,0
153,644,178,3,0
153,654,128,0,3
153,696,154,2,1
154,630,179,3,0
154,631,129,0,3
154,633,155,2,1
154,637,179,3,0
154,644,179,3,0
154,654,129,0,3
154,694,155,2,1
154,696,155,2,1
155,625,180,3,0
155,626,130,0,3
155,630,180,3,0
155,631,130,0,3
155,635,130,0,3
155,637,180,3,0
155,639,180,3,0
155,640,130,0,3
155,641,180,3,0
155,643,130,0,3
155,644,180,3,0
155,646,130,0,3
155,647,130,0,3
155,650,180,3,0
155,651,130,0,3
155,654,130,0,3
155,655,130,0,3
155,656,180,3,0
155,657,180,3,0
155,660,180,3,0
155,666,130,0,3
155,670,130,0,3
155,675,130,0,3
155,677,130,0,3
155,678,130,0,3
155,681,130,0,3
155,682,130,0,3
155,686,180,3,0
155,687,180,3,0
155,692,130,0,3
155,694,130,0,3
155,695,130,0,3
155,696,180,3,0
155,697,180,3,0
155,700,180,3,0
155,701,130,0,3
155,702,130,0,3
155,705,130,0,3
155,706,130,0,3
155,709,130,0,3
155,710,180,3,0
155,711,180,3,0
155,714,130,0,3
155,715,130,0,3
155,716,180,3,0
155,719,130,0,3
155,720,130,0,3
155,721,130,0,3
155,723,130,0,3
156,627,155,1,2
156,628,155,1,2
156,630,155,1,2
156,631,155,1,2
156,632,155,1,2
156,634,155,1,2
156,637,155,1,2
156,638,155,1,2
156,642,155,1,2
156,644,155,1,2
156,645,155,1,2
156,648,155,1,2
156,649,155,1,2
156,652,155,1,2
156,653,155,1,2
156,654,155,1,2
156,658,155,1,2
156,659,155,1,2
156,661,155,1,2
156,662,155,1,2
156,663,155,1,2
156,664,155,1,2
156,665,155,1,2
156,667,155,1,2
156,669,155,1,2
156,671,155,1,2
156,672,155,1,2
156,673,155,1,2
156,674,155,1,2
156,676,155,1,2
156,679,155,1,2
156,680,155,1,2
156,684,155,1,2
156,685,155,1,2
156,689,155,1,2
156,690,155,1,2
156,691,155,1,2
156,693,155,1,2
156,694,131,0,3
156,696,181,3,0
156,698,155,1,2
156,699,155,1,2
156,701,155,1,2
156,703,155,1,2
156,704,155,1,2
156,707,155,1,2
156,708,155,1,2
156,713,155,1,2
156,717,155,1,2
156,718,155,1,2
156,722,155,1,2
156,724,155,1,2
157,630,156,1,2
157,631,156,1,2
157,633,182,3,0
157,637,156,1,2
157,644,156,1,2
157,694,132,0,3
157,696,182,3,0
157,701,156,1,2
158,630,157,1,2
158,631,157,1,2
158,633,183,3,0
158,637,157,1,2
158,644,157,1,2
158,696,183,3,0
159,630,158,1,2
159,631,158,1,2
159,637,158,1,2
159,654,160,2,1
160,630,159,1,2
160,631,159,1,2
163,630,164,2,1
164,630,165,2,1
164,631,165,2,1
165,630,166,2,1
165,631,166,2,1
165,637,166,2,1
166,630,167,2,1
166,631,167,2,1
166,633,191,3,0
166,637,167,2,1
166,644,167,2,1
166,696,191,3,0
167,630,168,2,1
167,631,168,2,1
167,633,192,3,0
167,637,168,2,1
167,644,168,2,1
167,694,142,0,3
167,696,192,3,0
167,701,166,1,2
168,630,193,3,0
168,631,143,0,3
168,654,143,0,3
168,694,143,0,3
168,696,193,3,0
169,630,194,3,0
169,631,144,0,3
169,633,168,1,2
169,637,194,3,0
169,644,194,3,0
169,654,144,0,3
169,694,168,1,2
169,696,168,1,2
169,701,170,2,1
170,630,195,3,0
170,631,145,0,3
170,633,169,1,2
170,637,195,3,0
170,644,195,3,0
170,654,145,0,3
170,696,169,1,2
171,630,196,3,0
171,631,146,0,3
171,637,196,3,0
171,654,146,0,3
172,630,197,3,0
172,631,147,0,3
172,654,171,1,2
173,630,198,3,0
176,630,201,3,0
176,631,151,0,3
177,630,202,3,0
177,631,152,0,3
177,637,202,3,0
177,654,176,1,2
178,630,203,3,0
178,631,153,0,3
178,633,179,2,1
178,637,203,3,0
178,644,203,3,0
178,696,179,2,1
179,630,204,3,0
179,631,154,0,3
179,633,180,2,1
179,637,204,3,0
179,644,204,3,0
179,694,180,2,1
179,696,180,2,1
180,625,205,3,0
180,626,155,0,3
180,630,205,3,0
180,631,155,0,3
180,633,181,2,1
180,635,155,0,3
180,636,155,0,3
180,637,205,3,0
180,639,205,3,0
180,640,155,0,3
180,641,205,3,0
180,643,155,0,3
180,644,205,3,0
180,646,155,0,3
180,647,155,0,3
180,650,205,3,0
180,651,155,0,3
180,655,155,0,3
180,656,205,3,0
180,657,205,3,0
180,660,205,3,0
180,666,155,0,3
180,670,155,0,3
180,675,155,0,3
180,677,155,0,3
180,678,155,0,3
180,681,155,0,3
180,682,155,0,3
180,683,155,0,3
180,686,205,3,0
180,687,205,3,0
180,692,155,0,3
180,694,155,0,3
180,695,155,0,3
180,696,205,3,0
180,700,205,3,0
180,701,155,0,3
180,702,155,0,3
180,705,155,0,3
180,706,155,0,3
180,709,155,0,3
180,710,205,3,0
180,711,205,3,0
180,714,155,0,3
180,715,155,0,3
180,719,155,0,3
180,720,155,0,3
180,721,155,0,3
180,723,155,0,3
181,627,180,1,2
181,628,180,1,2
181,629,180,1,2
181,630,180,1,2
181,631,180,1,2
181,632,180,1,2
181,633,182,2,1
181,634,180,1,2
181,637,180,1,2
181,638,180,1,2
181,642,180,1,2
181,644,180,1,2
181,645,180,1,2
181,648,180,1,2
181,649,180,1,2
181,652,180,1,2
181,654,180,1,2
181,658,180,1,2
181,659,180,1,2
181,661,180,1,2
181,662,180,1,2
181,663,180,1,2
181,665,180,1,2
181,667,180,1,2
181,668,180,1,2
181,669,180,1,2
181,671,180,1,2
181,672,180,1,2
181,673,180,1,2
181,676,180,1,2
181,679,180,1,2
181,680,180,1,2
181,684,180,1,2
181,685,180,1,2
181,688,180,1,2
181,689,180,1,2
181,690,180,1,2
181,691,180,1,2
181,693,180,1,2
181,694,156,0,3
181,696,206,3,0
181,698,180,1,2
181,699,180,1,2
181,701,180,1,2
181,703,180,1,2
181,704,180,1,2
181,707,180,1,2
181,712,180,1,2
181,713,180,1,2
181,717,180,1,2
181,718,180,1,2
181,722,180,1,2
181,724,180,1,2
182,630,181,1,2
182,631,181,1,2
182,633,183,2,1
182,637,181,1,2
182,644,181,1,2
182,694,157,0,3
182,696,207,3,0
182,701,181,1,2
183,630,182,1,2
183,631,182,1,2
183,633,633,12,0
183,637,182,1,2
183,644,182,1,2
183,696,208,3,0
184,630,183,1,2
184,631,183,1,2
184,637,183,1,2
184,654,185,2,1
185,630,184,1,2
185,631,184,1,2
188,630,189,2,1
189,630,190,2,1
189,631,190,2,1
190,630,191,2,1
190,631,191,2,1
190,637,191,2,1
191,630,192,2,1
191,631,192,2,1
191,633,190,1,2
191,637,192,2,1
191,644,192,2,1
191,696,216,3,0
192,630,193,2,1
192,631,193,2,1
192,633,191,1,2
192,637,193,2,1
192,644,193,2,1
192,694,167,0,3
192,696,217,3,0
192,701,191,1,2
193,630,218,3,0
193,631,168,0,3
193,633,192,1,2
193,637,218,3,0
193,694,168,0,3
193,696,218,3,0
194,630,219,3,0
194,631,169,0,3
194,633,193,1,2
194,637,219,3,0
194,644,219,3,0
194,694,193,1,2
194,696,193,1,2
194,701,195,2,1
195,630,220,3,0
195,631,170,0,3
195,633,194,1,2
195,637,220,3,0
195,644,220,3,0
195,696,194,1,2
196,630,221,3,0
196,631,171,0,3
196,637,221,3,0
197,630,222,3,0
197,631,172,0,3
197,654,196,1,2
198,630,223,3,0
201,630,226,3,0
201,631,176,0,3
202,630,227,3,0
202,631,177,0,3
202,637,227,3,0
202,654,201,1,2
203,630,228,3,0
203,631,178,0,3
203,633,204,2,1
203,637,228,3,0
203,644,228,3,0
203,696,204,2,1
204,630,229,3,0
204,631,179,0,3
204,633,205,2,1
204,637,229,3,0
204,644,229,3,0
204,694,205,2,1
204,696,205,2,1
205,625,230,3,0
205,626,180,0,3
205,630,230,3,0
205,631,180,0,3
205,633,180,0,3
205,635,180,0,3
205,636,180,0,3
205,637,230,3,0
205,639,230,3,0
205,640,180,0,3
205,641,230,3,0
205,643,180,0,3
205,644,230,3,0
205,646,180,0,3
205,647,180,0,3
205,650,230,3,0
205,651,180,0,3
205,655,180,0,3
205,656,230,3,0
205,657,230,3,0
205,660,230,3,0
205,666,180,0,3
205,670,180,0,3
205,675,180,0,3
205,677,180,0,3
205,678,180,0,3
205,681,180,0,3
205,682,180,0,3
205,683,180,0,3
205,686,230,3,0
205,687,230,3,0
205,692,180,0,3
205,695,180,0,3
205,696,230,3,0
205,697,180,0,3
205,700,230,3,0
205,701,180,0,3
205,702,180,0,3
205,705,180,0,3
205,706,180,0,3
205,709,180,0,3
205,710,230,3,0
205,711,230,3,0
205,714,180,0,3
205,715,180,0,3
205,716,180,0,3
205,719,180,0,3
205,720,180,0,3
205,721,180,0,3
205,723,180,0,3
206,627,205,1,2
206,628,205,1,2
206,629,205,1,2
206,630,205,1,2
206,631,205,1,2
206,632,205,1,2
206,633,181,0,3
206,634,205,1,2
206,637,205,1,2
206,638,205,1,2
206,642,205,1,2
206,644,205,1,2
206,645,205,1,2
206,648,205,1,2
206,649,205,1,2
206,652,205,1,2
206,653,205,1,2
206,654,205,1,2
206,658,205,1,2
206,659,205,1,2
206,662,205,1,2
206,663,205,1,2
206,664,205,1,2
206,665,205,1,2
206,667,205,1,2
206,668,205,1,2
206,669,205,1,2
206,671,205,1,2
206,673,205,1,2
206,674,205,1,2
206,676,205,1,2
206,679,205,1,2
206,680,205,1,2
206,684,205,1,2
206,685,205,1,2
206,688,205,1,2
206,689,205,1,2
206,690,205,1,2
206,693,205,1,2
206,696,231,3,0
206,698,205,1,2
206,699,205,1,2
206,701,205,1,2
206,703,205,1,2
206,704,205,1,2
206,707,205,1,2
206,708,205,1,2
206,712,205,1,2
206,713,205,1,2
206,717,205,1,2
206,718,205,1,2
206,722,205,1,2
206,724,205,1,2
207,630,206,1,2
207,631,206,1,2
207,633,182,0,3
207,637,206,1,2
207,644,206,1,2
207,694,182,0,3
207,696,232,3,0
207,701,206,1,2
208,630,207,1,2
208,631,207,1,2
208,633,183,0,3
208,637,207,1,2
208,644,207,1,2
208,696,233,3,0
209,630,208,1,2
209,631,208,1,2
209,637,208,1,2
209,654,210,2,1
210,630,209,1,2
210,631,209,1,2
213,630,214,2,1
214,630,215,2,1
214,631,215,2,1
215,630,216,2,1
215,631,216,2,1
215,637,216,2,1
216,630,217,2,1
216,631,217,2,1
216,633,191,0,3
216,637,217,2,1
216,644,217,2,1
216,696,241,3,0
217,630,218,2,1
217,631,218,2,1
217,633,192,0,3
217,637,218,2,1
217,644,218,2,1
217,694,192,0,3
217,696,242,3,0
217,701,216,1,2
218,630,243,3,0
218,631,193,0,3
218,633,193,0,3
218,637,243,3,0
218,644,243,3,0
218,696,243,3,0
219,630,244,3,0
219,631,194,0,3
219,633,218,1,2
219,637,244,3,0
219,644,244,3,0
219,694,218,1,2
219,696,218,1,2
219,701,220,2,1
220,630,245,3,0
220,631,195,0,3
220,633,219,1,2
220,637,245,3,0
220,644,245,3,0
220,696,219,1,2
221,630,246,3,0
221,631,196,0,3
221,637,246,3,0
222,630,247,3,0
222,631,197,0,3
222,654,221,1,2
223,630,248,3,0
226,630,251,3,0
226,631,201,0,3
227,630,252,3,0
227,631,202,0,3
227,637,252,3,0
227,654,226,1,2
228,630,253,3,0
228,631,203,0,3
228,633,229,2,1
228,637,253,3,0
228,644,253,3,0
228,696,229,2,1
229,630,254,3,0
229,631,204,0,3
229,633,230,2,1
229,637,254,3,0
229,644,254,3,0
229,694,230,2,1
229,696,230,2,1
230,625,255,3,0
230,626,205,0,3
230,630,255,3,0
230,631,205,0,3
230,633,205,0,3
230,635,205,0,3
230,636,205,0,3
230,637,255,3,0
230,639,255,3,0
230,640,205,0,3
230,641,255,3,0
230,643,255,3,0
230,644,255,3,0
230,646,205,0,3
230,647,255,3,0
230,650,255,3,0
230,651,205,0,3
230,655,205,0,3
230,656,255,3,0
230,657,255,3,0
230,660,255,3,0
230,666,205,0,3
230,670,205,0,3
230,675,205,0,3
230,677,205,0,3
230,678,205,0,3
230,681,205,0,3
230,682,205,0,3
230,683,205,0,3
230,686,255,3,0
230,687,255,3,0
230,692,205,0,3
230,695,205,0,3
230,696,255,3,0
230,697,205,0,3
230,700,255,3,0
230,701,205,0,3
230,702,205,0,3
230,705,205,0,3
230,706,205,0,3
230,709,205,0,3
230,710,255,3,0
230,711,255,3,0
230,714,205,0,3
230,715,205,0,3
230,716,205,0,3
230,719,205,0,3
230,720,205,0,3
230,721,205,0,3
230,723,205,0,3
231,627,230,1,2
231,628,230,1,2
231,629,230,1,2
231,630,230,1,2
231,631,230,1,2
231,632,230,1,2
231,633,206,0,3
231,634,230,1,2
231,637,230,1,2
231,638,230,1,2
231,642,230,1,2
231,644,230,1,2
231,645,230,1,2
231,648,230,1,2
231,649,230,1,2
231,652,230,1,2
231,653,230,1,2
231,654,230,1,2
231,658,230,1,2
231,659,230,1,2
231,661,230,1,2
231,662,230,1,2
231,663,230,1,2
231,664,230,1,2
231,665,230,1,2
231,667,230,1,2
231,668,230,1,2
231,669,230,1,2
231,671,230,1,2
231,672,230,1,2
231,673,230,1,2
231,674,230,1,2
231,676,230,1,2
231,679,230,1,2
231,680,230,1,2
231,684,230,1,2
231,685,230,1,2
231,688,230,1,2
231,689,230,1,2
231,690,230,1,2
231,691,230,1,2
231,693,230,1,2
231,696,256,3,0
231,698,230,1,2
231,699,230,1,2
231,701,230,1,2
231,703,230,1,2
231,704,230,1,2
231,707,230,1,2
231,708,230,1,2
231,712,230,1,2
231,713,230,1,2
231,717,230,1,2
231,718,230,1,2
231,722,230,1,2
231,724,230,1,2
232,630,231,1,2
232,631,231,1,2
232,633,207,0,3
232,637,231,1,2
232,644,231,1,2
232,694,207,0,3
232,696,257,3,0
232,701,231,1,2
233,630,232,1,2
233,631,232,1,2
233,633,208,0,3
233,637,232,1,2
233,644,232,1,2
233,696,258,3,0
234,630,233,1,2
234,631,233,1,2
234,637,233,1,2
234,654,235,2,1
235,630,234,1,2
235,631,234,1,2
238,630,239,2,1
239,630,240,2,1
239,631,240,2,1
240,630,241,2,1
240,631,241,2,1
240,637,241,2,1
241,630,242,2,1
241,631,242,2,1
241,633,216,0,3
241,637,242,2,1
241,644,242,2,1
241,696,266,3,0
242,630,243,2,1
242,631,243,2,1
242,633,217,0,3
242,637,243,2,1
242,644,243,2,1
242,694,217,0,3
242,696,267,3,0
242,701,241,1,2
243,631,218,0,3
243,633,218,0,3
243,637,268,3,0
243,644,268,3,0
243,696,268,3,0
244,630,269,3,0
244,631,219,0,3
244,633,243,1,2
244,637,269,3,0
244,644,269,3,0
244,694,243,1,2
244,696,243,1,2
244,701,245,2,1
245,630,270,3,0
245,631,220,0,3
245,633,244,1,2
245,637,270,3,0
245,644,270,3,0
245,696,244,1,2
246,630,271,3,0
246,631,221,0,3
246,637,271,3,0
247,630,272,3,0
247,631,222,0,3
247,654,246,1,2
248,630,273,3,0
251,630,250,1,1
251,631,226,0,3
252,630,251,1,2
252,631,227,0,3
252,637,277,3,0
252,654,251,1,2
253,630,252,1,2
253,631,228,0,3
253,633,254,2,1
253,637,278,3,0
253,644,278,3,0
253,696,254,2,1
254,630,253,1,2
254,631,229,0,3
254,633,255,2,1
254,637,279,3,0
254,644,279,3,0
254,694,255,2,1
254,696,255,2,1
255,625,280,3,0
255,626,230,0,3
255,630,254,1,2
255,631,230,0,3
255,633,230,0,3
255,635,280,3,0
255,636,230,0,3
255,637,280,3,0
255,639,280,3,0
255,640,230,0,3
255,641,280,3,0
255,643,280,3,0
255,644,280,3,0
255,646,230,0,3
255,647,280,3,0
255,650,280,3,0
255,651,280,3,0
255,655,230,0,3
255,656,280,3,0
255,657,280,3,0
255,660,280,3,0
255,666,230,0,3
255,670,230,0,3
255,675,230,0,3
255,677,230,0,3
255,678,230,0,3
255,681,280,3,0
255,682,230,0,3
255,683,230,0,3
255,686,280,3,0
255,687,280,3,0
255,692,230,0,3
255,695,230,0,3
255,696,280,3,0
255,697,230,0,3
255,700,280,3,0
255,701,230,0,3
255,702,230,0,3
255,705,230,0,3
255,706,230,0,3
255,709,230,0,3
255,710,280,3,0
255,711,280,3,0
255,714,230,0,3
255,715,230,0,3
255,716,230,0,3
255,719,230,0,3
255,720,230,0,3
255,721,230,0,3
255,723,230,0,3
256,627,255,1,2
256,628,255,1,2
256,629,255,1,2
256,630,255,1,2
256,631,255,1,2
256,632,255,1,2
256,633,231,0,3
256,634,255,1,2
256,637,255,1,2
256,638,255,1,2
256,642,255,1,2
256,644,255,1,2
256,645,255,1,2
256,648,255,1,2
256,649,255,1,2
256,652,255,1,2
256,653,255,1,2
256,654,255,1,2
256,658,255,1,2
256,659,255,1,2
256,661,255,1,2
256,662,255,1,2
256,663,255,1,2
256,664,255,1,2
256,665,255,1,2
256,668,255,1,2
256,669,255,1,2
256,672,255,1,2
256,673,255,1,2
256,674,255,1,2
256,676,255,1,2
256,679,255,1,2
256,680,255,1,2
256,684,255,1,2
256,685,255,1,2
256,688,255,1,2
256,689,255,1,2
256,690,255,1,2
256,691,255,1,2
256,693,255,1,2
256,696,281,3,0
256,698,255,1,2
256,699,255,1,2
256,701,255,1,2
256,703,255,1,2
256,704,255,1,2
256,707,255,1,2
256,708,255,1,2
256,712,255,1,2
256,713,255,1,2
256,718,255,1,2
256,724,255,1,2
257,630,256,1,2
257,631,256,1,2
257,633,232,0,3
257,637,256,1,2
257,644,256,1,2
257,694,232,0,3
257,696,282,3,0
257,701,256,1,2
258,630,257,1,2
258,631,257,1,2
258,633,233,0,3
258,637,257,1,2
258,644,257,1,2
258,696,283,3,0
259,630,258,1,2
259,631,258,1,2
259,637,258,1,2
259,654,260,2,1
260,630,259,1,2
260,631,259,1,2
263,630,264,2,1
264,630,265,2,1
264,631,265,2,1
265,630,266,2,1
265,631,266,2,1
265,637,266,2,1
266,630,267,2,1
266,631,267,2,1
266,633,241,0,3
266,637,267,2,1
266,644,267,2,1
266,696,291,3,0
267,630,268,2,1
267,631,268,2,1
267,633,242,0,3
267,637,268,2,1
267,644,268,2,1
267,694,242,0,3
267,696,292,3,0
267,701,266,1,2
268,630,269,2,1
268,631,243,0,3
268,633,243,0,3
268,637,293,3,0
268,644,293,3,0
268,696,293,3,0
269,630,270,2,1
269,631,244,0,3
269,633,268,1,2
269,637,294,3,0
269,644,294,3,0
269,694,268,1,2
269,696,268,1,2
269,701,270,2,1
270,630,271,2,1
270,631,245,0,3
270,633,269,1,2
270,637,295,3,0
270,644,295,3,0
270,696,269,1,2
271,630,272,2,1
271,631,246,0,3
271,637,296,3,0
272,630,273,2,1
272,631,247,0,3
272,654,271,1,2
273,630,630,9,0
276,630,251,0,3
276,631,251,0,3
277,630,252,0,3
277,631,252,0,3
277,637,302,3,0
277,654,276,1,2
278,630,253,0,3
278,631,253,0,3
278,633,279,2,1
278,637,303,3,0
278,644,303,3,0
278,696,279,2,1
279,630,254,0,3
279,631,254,0,3
279,633,280,2,1
279,637,304,3,0
279,644,304,3,0
279,694,280,2,1
279,696,280,2,1
280,625,305,3,0
280,626,255,0,3
280,630,255,0,3
280,631,255,0,3
280,633,255,0,3
280,635,305,3,0
280,636,255,0,3
280,637,305,3,0
280,639,305,3,0
280,640,255,0,3
280,641,305,3,0
280,643,305,3,0
280,644,305,3,0
280,646,255,0,3
280,647,305,3,0
280,650,305,3,0
280,651,305,3,0
280,655,255,0,3
280,656,305,3,0
280,657,305,3,0
280,660,305,3,0
280,666,255,0,3
280,670,305,3,0
280,675,255,0,3
280,677,255,0,3
280,678,255,0,3
280,681,305,3,0
280,682,255,0,3
280,683,255,0,3
280,687,305,3,0
280,692,255,0,3
280,695,305,3,0
280,696,305,3,0
280,697,255,0,3
280,700,305,3,0
280,701,255,0,3
280,702,255,0,3
280,705,255,0,3
280,706,255,0,3
280,709,255,0,3
280,710,305,3,0
280,711,305,3,0
280,714,255,0,3
280,715,255,0,3
280,716,255,0,3
280,719,255,0,3
280,720,255,0,3
280,721,255,0,3
280,723,255,0,3
281,627,280,1,2
281,628,280,1,2
281,629,280,1,2
281,630,280,1,2
281,631,280,1,2
281,632,280,1,2
281,633,256,0,3
281,634,280,1,2
281,637,280,1,2
281,638,280,1,2
281,642,280,1,2
281,644,280,1,2
281,645,280,1,2
281,648,280,1,2
281,649,280,1,2
281,652,280,1,2
281,653,280,1,2
281,654,280,1,2
281,658,280,1,2
281,659,280,1,2
281,661,280,1,2
281,662,280,1,2
281,663,280,1,2
281,664,280,1,2
281,665,280,1,2
281,667,280,1,2
281,668,280,1,2
281,669,280,1,2
281,671,280,1,2
281,672,280,1,2
281,674,280,1,2
281,679,280,1,2
281,680,280,1,2
281,684,280,1,2
281,685,280,1,2
281,688,280,1,2
281,689,280,1,2
281,690,280,1,2
281,691,280,1,2
281,693,280,1,2
281,696,306,3,0
281,698,280,1,2
281,699,280,1,2
281,701,280,1,2
281,703,280,1,2
281,704,280,1,2
281,707,280,1,2
281,708,280,1,2
281,712,280,1,2
281,717,280,1,2
281,718,280,1,2
281,722,280,1,2
281,724,280,1,2
282,630,281,1,2
282,631,281,1,2
282,633,257,0,3
282,637,281,1,2
282,644,281,1,2
282,694,257,0,3
282,696,307,3,0
282,701,281,1,2
283,630,282,1,2
283,631,282,1,2
283,633,258,0,3
283,637,282,1,2
283,644,282,1,2
283,696,308,3,0
284,630,283,1,2
284,631,283,1,2
284,637,283,1,2
284,654,285,2,1
285,630,284,1,2
285,631,284,1,2
288,630,289,2,1
289,630,290,2,1
289,631,290,2,1
290,630,291,2,1
290,631,291,2,1
290,637,291,2,1
291,630,292,2,1
291,631,292,2,1
291,633,266,0,3
291,637,292,2,1
291,644,292,2,1
291,696,316,3,0
292,630,293,2,1
292,631,293,2,1
292,633,267,0,3
292,637,293,2,1
292,644,293,2,1
292,694,267,0,3
292,696,317,3,0
292,701,291,1,2
293,630,268,0,3
293,631,268,0,3
293,633,268,0,3
293,637,318,3,0
293,644,318,3,0
293,696,318,3,0
294,630,269,0,3
294,631,269,0,3
294,633,293,1,2
294,637,319,3,0
294,644,319,3,0
294,694,293,1,2
294,696,293,1,2
294,701,295,2,1
295,630,270,0,3
295,631,270,0,3
295,633,294,1,2
295,637,320,3,0
295,644,320,3,0
295,696,294,1,2
296,630,271,0,3
296,631,271,0,3
296,637,321,3,0
297,630,272,0,3
297,631,272,0,3
297,654,296,1,2
298,630,273,0,3
301,630,276,0,3
301,631,276,0,3
302,630,277,0,3
302,631,277,0,3
302,637,327,3,0
302,654,301,1,2
303,630,278,0,3
303,631,278,0,3
303,633,304,2,1
303,637,328,3,0
303,644,328,3,0
303,696,304,2,1
304,630,279,0,3
304,631,279,0,3
304,633,305,2,1
304,637,329,3,0
304,644,329,3,0
304,694,305,2,1
304,696,305,2,1
305,625,330,3,0
305,626,280,0,3
305,630,280,0,3
305,631,280,0,3
305,633,280,0,3
305,635,330,3,0
305,636,280,0,3
305,637,330,3,0
305,639,330,3,0
305,640,280,0,3
305,641,330,3,0
305,643,330,3,0
305,644,330,3,0
305,646,280,0,3
305,647,330,3,0
305,650,330,3,0
305,651,330,3,0
305,655,280,0,3
305,656,330,3,0
305,657,330,3,0
305,660,330,3,0
305,666,280,0,3
305,670,330,3,0
305,675,280,0,3
305,677,280,0,3
305,678,280,0,3
305,681,330,3,0
305,682,280,0,3
305,683,280,0,3
305,686,280,0,3
305,687,330,3,0
305,692,280,0,3
305,695,330,3,0
305,697,280,0,3
305,700,330,3,0
305,701,280,0,3
305,702,280,0,3
305,705,280,0,3
305,706,280,0,3
305,709,280,0,3
305,710,330,3,0
305,711,330,3,0
305,714,280,0,3
305,715,280,0,3
305,716,280,0,3
305,719,330,3,0
305,720,280,0,3
305,721,280,0,3
305,723,280,0,3
306,627,305,1,2
306,628,305,1,2
306,629,305,1,2
306,630,305,1,2
306,631,305,1,2
306,632,305,1,2
306,633,281,0,3
306,637,305,1,2
306,638,305,1,2
306,642,305,1,2
306,644,305,1,2
306,645,305,1,2
306,648,305,1,2
306,649,305,1,2
306,652,305,1,2
306,653,305,1,2
306,654,305,1,2
306,658,305,1,2
306,659,305,1,2
306,661,305,1,2
306,662,305,1,2
306,663,305,1,2
306,664,305,1,2
306,665,305,1,2
306,667,305,1,2
306,668,305,1,2
306,669,305,1,2
306,671,305,1,2
306,672,305,1,2
306,673,305,1,2
306,674,305,1,2
306,676,305,1,2
306,679,305,1,2
306,680,305,1,2
306,684,305,1,2
306,685,305,1,2
306,688,305,1,2
306,689,305,1,2
306,690,305,1,2
306,691,305,1,2
306,693,305,1,2
306,698,305,1,2
306,699,305,1,2
306,701,305,1,2
306,703,305,1,2
306,704,305,1,2
306,707,305,1,2
306,708,305,1,2
306,712,305,1,2
306,713,305,1,2
306,717,305,1,2
306,722,305,1,2
306,724,305,1,2
307,630,306,1,2
307,631,306,1,2
307,633,282,0,3
307,637,306,1,2
307,644,306,1,2
307,694,282,0,3
307,696,332,3,0
307,701,306,1,2
308,630,307,1,2
308,631,307,1,2
308,633,283,0,3
308,637,307,1,2
308,644,307,1,2
308,696,333,3,0
309,630,308,1,2
309,631,308,1,2
309,637,308,1,2
309,654,310,2,1
310,630,309,1,2
310,631,309,1,2
313,630,314,2,1
314,630,315,2,1
314,631,315,2,1
315,630,316,2,1
315,631,316,2,1
315,637,316,2,1
316,630,317,2,1
316,631,317,2,1
316,633,291,0,3
316,637,317,2,1
316,644,317,2,1
316,696,341,3,0
317,630,318,2,1
317,631,318,2,1
317,633,292,0,3
317,637,318,2,1
317,644,318,2,1
317,694,292,0,3
317,696,342,3,0
317,701,316,1,2
318,630,293,0,3
318,631,293,0,3
318,633,293,0,3
318,637,343,3,0
318,644,343,3,0
319,630,294,0,3
319,631,294,0,3
319,633,318,1,2
319,637,344,3,0
319,644,344,3,0
319,694,318,1,2
319,696,318,1,2
319,701,320,2,1
320,630,295,0,3
320,631,295,0,3
320,633,319,1,2
320,637,345,3,0
320,644,345,3,0
320,696,319,1,2
321,630,296,0,3
321,631,296,0,3
321,637,346,3,0
322,630,297,0,3
322,631,297,0,3
322,654,321,1,2
323,630,298,0,3
326,630,301,0,3
326,631,351,3,0
327,630,302,0,3
327,631,352,3,0
327,637,352,3,0
327,654,326,1,2
328,630,303,0,3
328,631,353,3,0
328,633,329,2,1
328,637,353,3,0
328,644,353,3,0
328,696,329,2,1
329,630,304,0,3
329,631,354,3,0
329,633,330,2,1
329,637,354,3,0
329,644,354,3,0
329,694,330,2,1
329,696,330,2,1
330,625,355,3,0
330,626,305,0,3
330,630,305,0,3
330,631,355,3,0
330,633,305,0,3
330,635,355,3,0
330,636,305,0,3
330,637,355,3,0
330,639,355,3,0
330,640,355,3,0
330,641,355,3,0
330,643,355,3,0
330,644,355,3,0
330,646,305,0,3
330,647,355,3,0
330,650,355,3,0
330,651,355,3,0
330,655,305,0,3
330,656,355,3,0
330,657,355,3,0
330,660,355,3,0
330,666,305,0,3
330,670,355,3,0
330,675,305,0,3
330,677,305,0,3
330,678,305,0,3
330,681,355,3,0
330,682,305,0,3
330,683,305,0,3
330,686,305,0,3
330,687,355,3,0
330,692,305,0,3
330,695,355,3,0
330,697,305,0,3
330,700,355,3,0
330,701,305,0,3
330,702,305,0,3
330,705,355,3,0
330,706,305,0,3
330,709,305,0,3
330,710,355,3,0
330,711,355,3,0
330,714,305,0,3
330,715,305,0,3
330,716,305,0,3
330,719,355,3,0
330,720,305,0,3
330,721,305,0,3
330,723,305,0,3
331,627,330,1,2
331,628,330,1,2
331,629,330,1,2
331,630,330,1,2
331,631,330,1,2
331,632,330,1,2
331,633,306,0,3
331,634,330,1,2
331,637,330,1,2
331,638,330,1,2
331,642,330,1,2
331,644,330,1,2
331,648,330,1,2
331,649,330,1,2
331,653,330,1,2
331,654,330,1,2
331,658,330,1,2
331,659,330,1,2
331,661,330,1,2
331,662,330,1,2
331,663,330,1,2
331,664,330,1,2
331,665,330,1,2
331,667,330,1,2
331,668,330,1,2
331,671,330,1,2
331,672,330,1,2
331,673,330,1,2
331,674,330,1,2
331,676,330,1,2
331,679,330,1,2
331,680,330,1,2
331,684,330,1,2
331,688,330,1,2
331,689,330,1,2
331,690,330,1,2
331,691,330,1,2
331,698,330,1,2
331,699,330,1,2
331,701,330,1,2
331,703,330,1,2
331,704,330,1,2
331,707,330,1,2
331,708,330,1,2
331,712,330,1,2
331,713,330,1,2
331,717,330,1,2
331,718,330,1,2
331,722,330,1,2
331,724,330,1,2
332,630,331,1,2
332,631,331,1,2
332,633,307,0,3
332,637,331,1,2
332,644,331,1,2
332,694,307,0,3
332,696,357,3,0
332,701,331,1,2
333,630,332,1,2
333,631,332,1,2
333,633,308,0,3
333,637,332,1,2
333,644,332,1,2
333,696,358,3,0
334,630,333,1,2
334,631,333,1,2
334,637,333,1,2
334,654,335,2,1
335,630,334,1,2
335,631,334,1,2
338,630,339,2,1
339,630,340,2,1
339,631,340,2,1
340,630,341,2,1
340,631,341,2,1
340,637,341,2,1
341,630,342,2,1
341,631,342,2,1
341,633,316,0,3
341,637,342,2,1
341,644,342,2,1
341,696,366,3,0
342,630,343,2,1
342,631,343,2,1
342,633,317,0,3
342,637,343,2,1
342,644,343,2,1
342,694,317,0,3
342,696,367,3,0
342,701,341,1,2
343,630,318,0,3
343,633,318,0,3
343,637,368,3,0
343,644,368,3,0
343,701,318,0,3
344,630,319,0,3
344,631,369,3,0
344,633,343,1,2
344,637,369,3,0
344,644,369,3,0
344,694,343,1,2
344,696,343,1,2
344,701,345,2,1
345,630,320,0,3
345,631,370,3,0
345,633,344,1,2
345,637,370,3,0
345,644,370,3,0
345,696,344,1,2
346,630,321,0,3
346,631,371,3,0
346,637,371,3,0
347,630,322,0,3
347,631,372,3,0
347,654,346,1,2
348,630,323,0,3
351,630,326,0,3
351,631,376,3,0
352,630,327,0,3
352,631,377,3,0
352,637,377,3,0
352,654,351,1,2
353,630,328,0,3
353,631,378,3,0
353,633,354,2,1
353,637,378,3,0
353,644,378,3,0
353,696,354,2,1
354,630,329,0,3
354,631,379,3,0
354,633,355,2,1
354,637,379,3,0
354,644,379,3,0
354,694,355,2,1
354,696,355,2,1
355,625,380,3,0
355,626,330,0,3
355,630,330,0,3
355,631,380,3,0
355,633,330,0,3
355,635,380,3,0
355,636,330,0,3
355,637,380,3,0
355,639,380,3,0
355,640,380,3,0
355,641,380,3,0
355,643,380,3,0
355,644,380,3,0
355,646,380,3,0
355,647,380,3,0
355,650,380,3,0
355,651,380,3,0
355,655,330,0,3
355,656,380,3,0
355,657,380,3,0
355,660,380,3,0
355,666,330,0,3
355,670,380,3,0
355,675,330,0,3
355,677,330,0,3
355,678,330,0,3
355,681,380,3,0
355,682,380,3,0
355,683,330,0,3
355,686,330,0,3
355,692,380,3,0
355,695,380,3,0
355,697,330,0,3
355,700,380,3,0
355,701,330,0,3
355,702,330,0,3
355,705,380,3,0
355,706,330,0,3
355,709,330,0,3
355,710,380,3,0
355,711,380,3,0
355,714,330,0,3
355,715,330,0,3
355,716,330,0,3
355,719,380,3,0
355,720,330,0,3
355,721,330,0,3
355,723,330,0,3
356,627,355,1,2
356,628,355,1,2
356,629,355,1,2
356,630,355,1,2
356,631,355,1,2
356,632,355,1,2
356,633,331,0,3
356,634,355,1,2
356,637,355,1,2
356,638,355,1,2
356,642,355,1,2
356,644,355,1,2
356,645,355,1,2
356,648,355,1,2
356,652,355,1,2
356,653,355,1,2
356,654,355,1,2
356,658,355,1,2
356,659,355,1,2
356,661,355,1,2
356,662,355,1,2
356,663,355,1,2
356,664,355,1,2
356,665,355,1,2
356,667,355,1,2
356,668,355,1,2
356,669,355,1,2
356,671,355,1,2
356,672,355,1,2
356,673,355,1,2
356,674,355,1,2
356,676,355,1,2
356,679,355,1,2
356,680,355,1,2
356,684,355,1,2
356,685,355,1,2
356,688,355,1,2
356,689,355,1,2
356,690,355,1,2
356,691,355,1,2
356,693,355,1,2
356,699,355,1,2
356,701,355,1,2
356,703,355,1,2
356,704,355,1,2
356,707,355,1,2
356,708,355,1,2
356,712,355,1,2
356,713,355,1,2
356,717,355,1,2
356,718,355,1,2
356,722,355,1,2
357,630,356,1,2
357,631,356,1,2
357,633,332,0,3
357,637,356,1,2
357,644,356,1,2
357,694,332,0,3
357,696,382,3,0
357,701,356,1,2
358,630,357,1,2
358,631,357,1,2
358,633,333,0,3
358,637,357,1,2
358,644,357,1,2
358,696,383,3,0
359,630,358,1,2
359,631,358,1,2
359,637,358,1,2
359,654,360,2,1
360,630,359,1,2
360,631,359,1,2
363,630,364,2,1
364,630,365,2,1
364,631,365,2,1
365,630,366,2,1
365,631,366,2,1
365,637,366,2,1
366,630,367,2,1
366,631,367,2,1
366,633,341,0,3
366,637,367,2,1
366,644,367,2,1
366,696,391,3,0
367,630,368,2,1
367,631,368,2,1
367,633,342,0,3
367,637,368,2,1
367,644,368,2,1
367,694,342,0,3
367,696,392,3,0
367,701,366,1,2
368,630,343,0,3
368,633,343,0,3
368,637,393,3,0
368,644,393,3,0
368,701,343,0,3
369,630,344,0,3
369,631,394,3,0
369,633,368,1,2
369,637,394,3,0
369,644,394,3,0
369,694,368,1,2
369,696,368,1,2
369,701,370,2,1
370,630,345,0,3
370,631,395,3,0
370,633,369,1,2
370,637,395,3,0
370,644,395,3,0
370,696,369,1,2
371,630,346,0,3
371,631,396,3,0
371,637,396,3,0
372,630,347,0,3
372,631,397,3,0
372,654,371,1,2
373,630,348,0,3
376,630,351,0,3
376,631,401,3,0
377,630,352,0,3
377,631,402,3,0
377,637,402,3,0
377,654,376,1,2
378,630,353,0,3
378,631,403,3,0
378,633,379,2,1
378,637,403,3,0
378,644,644,23,0
378,696,379,2,1
379,630,354,0,3
379,631,404,3,0
379,633,380,2,1
379,637,404,3,0
379,644,378,1,2
379,694,380,2,1
379,696,380,2,1
380,626,355,0,3
380,630,355,0,3
380,631,405,3,0
380,635,405,3,0
380,636,355,0,3
380,637,405,3,0
380,639,405,3,0
380,640,405,3,0
380,641,405,3,0
380,643,405,3,0
380,644,379,1,2
380,646,405,3,0
380,647,405,3,0
380,650,405,3,0
380,651,405,3,0
380,655,405,3,0
380,657,405,3,0
380,660,405,3,0
380,666,405,3,0
380,670,405,3,0
380,675,355,0,3
380,677,355,0,3
380,678,355,0,3
380,681,405,3,0
380,682,405,3,0
380,683,355,0,3
380,686,355,0,3
380,687,355,0,3
380,692,405,3,0
380,694,405,3,0
380,695,405,3,0
380,697,355,0,3
380,700,405,3,0
380,701,355,0,3
380,702,405,3,0
380,705,405,3,0
380,706,355,0,3
380,709,355,0,3
380,710,405,3,0
380,711,405,3,0
380,714,355,0,3
380,715,355,0,3
380,716,355,0,3
380,719,405,3,0
380,720,355,0,3
380,721,355,0,3
380,723,355,0,3
381,627,380,1,2
381,629,380,1,2
381,630,380,1,2
381,631,380,1,2
381,632,380,1,2
381,634,380,1,2
381,637,380,1,2
381,638,380,1,2
381,642,380,1,2
381,644,380,1,2
381,645,380,1,2
381,648,380,1,2
381,649,380,1,2
381,652,380,1,2
381,653,380,1,2
381,654,380,1,2
381,658,380,1,2
381,659,380,1,2
381,661,380,1,2
381,662,380,1,2
381,663,380,1,2
381,664,380,1,2
381,665,380,1,2
381,667,380,1,2
381,668,380,1,2
381,669,380,1,2
381,671,380,1,2
381,672,380,1,2
381,673,380,1,2
381,674,380,1,2
381,676,380,1,2
381,679,380,1,2
381,680,380,1,2
381,684,380,1,2
381,685,380,1,2
381,688,380,1,2
381,689,380,1,2
381,690,380,1,2
381,691,380,1,2
381,693,380,1,2
381,694,406,3,0
381,698,380,1,2
381,699,380,1,2
381,701,380,1,2
381,703,380,1,2
381,707,380,1,2
381,708,380,1,2
381,712,380,1,2
381,713,380,1,2
381,717,380,1,2
381,718,380,1,2
381,722,380,1,2
381,724,380,1,2
382,630,381,1,2
382,631,381,1,2
382,633,357,0,3
382,637,381,1,2
382,644,381,1,2
382,694,407,3,0
382,696,407,3,0
382,701,381,1,2
383,630,382,1,2
383,631,382,1,2
383,633,358,0,3
383,637,382,1,2
383,644,382,1,2
383,696,408,3,0
384,630,383,1,2
384,631,383,1,2
384,637,383,1,2
384,654,385,2,1
385,630,384,1,2
385,631,384,1,2
388,630,389,2,1
389,630,390,2,1
389,631,390,2,1
390,630,391,2,1
390,631,391,2,1
390,637,391,2,1
391,630,392,2,1
391,631,392,2,1
391,633,366,0,3
391,637,392,2,1
391,644,392,2,1
391,696,416,3,0
392,630,393,2,1
392,631,393,2,1
392,633,367,0,3
392,637,393,2,1
392,644,393,2,1
392,694,417,3,0
392,696,417,3,0
392,701,391,1,2
393,630,368,0,3
393,631,418,3,0
393,637,418,3,0
393,644,394,2,1
393,694,418,3,0
393,701,368,0,3
394,630,369,0,3
394,631,419,3,0
394,633,393,1,2
394,637,419,3,0
394,644,395,2,1
394,694,393,1,2
394,696,393,1,2
394,701,395,2,1
395,630,370,0,3
395,631,420,3,0
395,633,394,1,2
395,637,420,3,0
395,644,396,2,1
395,696,394,1,2
396,630,371,0,3
396,631,421,3,0
396,637,421,3,0
397,630,372,0,3
397,631,422,3,0
397,654,396,1,2
398,630,373,0,3
401,630,376,0,3
401,631,426,3,0
402,630,377,0,3
402,631,427,3,0
402,637,637,16,0
402,654,401,1,2
403,630,378,0,3
403,631,428,3,0
403,633,404,2,1
403,637,402,1,2
403,644,378,0,3
403,696,404,2,1
404,630,379,0,3
404,631,429,3,0
404,633,405,2,1
404,637,403,1,2
404,644,379,0,3
404,694,405,2,1
404,696,405,2,1
405,625,380,0,3
405,626,430,3,0
405,630,380,0,3
405,631,430,3,0
405,635,430,3,0
405,636,380,0,3
405,637,404,1,2
405,640,430,3,0
405,641,430,3,0
405,643,430,3,0
405,644,380,0,3
405,646,430,3,0
405,647,430,3,0
405,651,430,3,0
405,655,430,3,0
405,656,380,0,3
405,657,430,3,0
405,660,430,3,0
405,666,430,3,0
405,670,430,3,0
405,675,430,3,0
405,677,380,0,3
405,678,380,0,3
405,681,430,3,0
405,682,430,3,0
405,683,380,0,3
405,686,380,0,3
405,687,380,0,3
405,692,430,3,0
405,694,430,3,0
405,695,430,3,0
405,697,380,0,3
405,700,430,3,0
405,701,430,3,0
405,702,430,3,0
405,705,430,3,0
405,706,430,3,0
405,709,380,0,3
405,714,380,0,3
405,715,430,3,0
405,716,380,0,3
405,719,430,3,0
405,720,430,3,0
405,721,380,0,3
405,723,380,0,3
406,627,405,1,2
406,628,405,1,2
406,629,405,1,2
406,630,405,1,2
406,631,405,1,2
406,632,405,1,2
406,634,405,1,2
406,637,405,1,2
406,638,405,1,2
406,642,405,1,2
406,644,405,1,2
406,645,405,1,2
406,648,405,1,2
406,649,405,1,2
406,652,405,1,2
406,653,405,1,2
406,654,405,1,2
406,658,405,1,2
406,661,405,1,2
406,662,405,1,2
406,663,405,1,2
406,664,405,1,2
406,665,405,1,2
406,667,405,1,2
406,668,405,1,2
406,669,405,1,2
406,671,405,1,2
406,672,405,1,2
406,673,405,1,2
406,674,405,1,2
406,676,405,1,2
406,679,405,1,2
406,680,405,1,2
406,684,405,1,2
406,685,405,1,2
406,688,405,1,2
406,689,405,1,2
406,690,405,1,2
406,691,405,1,2
406,693,405,1,2
406,694,431,3,0
406,698,405,1,2
406,701,405,1,2
406,703,405,1,2
406,704,405,1,2
406,707,405,1,2
406,708,405,1,2
406,712,405,1,2
406,713,405,1,2
406,717,405,1,2
406,718,405,1,2
406,722,405,1,2
406,724,405,1,2
407,630,406,1,2
407,631,406,1,2
407,633,382,0,3
407,637,406,1,2
407,644,406,1,2
407,694,432,3,0
407,696,432,3,0
407,701,406,1,2
408,630,407,1,2
408,631,407,1,2
408,633,383,0,3
408,637,407,1,2
408,644,407,1,2
408,696,433,3,0
409,630,408,1,2
409,631,408,1,2
409,637,408,1,2
409,654,410,2,1
410,630,409,1,2
410,631,409,1,2
413,630,414,2,1
414,630,415,2,1
414,631,415,2,1
415,630,416,2,1
415,631,416,2,1
415,637,416,2,1
416,630,417,2,1
416,631,417,2,1
416,633,391,0,3
416,637,417,2,1
416,644,417,2,1
416,696,441,3,0
417,630,418,2,1
417,631,418,2,1
417,633,392,0,3
417,637,418,2,1
417,644,418,2,1
417,694,442,3,0
417,696,442,3,0
417,701,416,1,2
418,630,393,0,3
418,631,443,3,0
418,637,419,2,1
418,694,443,3,0
419,630,394,0,3
419,631,444,3,0
419,633,418,1,2
419,637,420,2,1
419,644,394,0,3
419,694,418,1,2
419,696,418,1,2
419,701,420,2,1
420,630,395,0,3
420,631,445,3,0
420,633,419,1,2
420,637,421,2,1
420,644,395,0,3
420,696,419,1,2
421,630,396,0,3
421,631,446,3,0
421,637,422,2,1
422,630,397,0,3
422,631,447,3,0
422,654,421,1,2
423,630,398,0,3
426,630,401,0,3
426,631,451,3,0
427,630,402,0,3
427,631,452,3,0
427,637,402,0,3
427,654,426,1,2
428,630,403,0,3
428,631,453,3,0
428,633,429,2,1
428,637,403,0,3
428,644,403,0,3
428,696,429,2,1
429,630,404,0,3
429,631,454,3,0
429,633,430,2,1
429,637,404,0,3
429,644,404,0,3
429,694,430,2,1
429,696,430,2,1
430,625,405,0,3
430,626,455,3,0
430,630,405,0,3
430,631,455,3,0
430,635,455,3,0
430,636,405,0,3
430,637,405,0,3
430,639,405,0,3
430,640,455,3,0
430,643,455,3,0
430,644,405,0,3
430,646,455,3,0
430,647,455,3,0
430,650,405,0,3
430,651,455,3,0
430,655,455,3,0
430,656,405,0,3
430,657,455,3,0
430,666,455,3,0
430,670,455,3,0
430,675,455,3,0
430,677,455,3,0
430,678,405,0,3
430,681,455,3,0
430,682,455,3,0
430,683,405,0,3
430,686,405,0,3
430,687,405,0,3
430,692,455,3,0
430,694,455,3,0
430,695,455,3,0
430,696,431,2,1
430,697,405,0,3
430,701,455,3,0
430,702,455,3,0
430,705,455,3,0
430,706,455,3,0
430,709,405,0,3
430,710,405,0,3
430,711,405,0,3
430,714,405,0,3
430,715,455,3,0
430,716,405,0,3
430,719,455,3,0
430,720,455,3,0
430,721,455,3,0
430,723,405,0,3
431,627,430,1,2
431,628,430,1,2
431,629,430,1,2
431,630,430,1,2
431,631,430,1,2
431,632,430,1,2
431,634,430,1,2
431,637,430,1,2
431,638,430,1,2
431,642,430,1,2
431,644,430,1,2
431,645,430,1,2
431,648,430,1,2
431,649,430,1,2
431,652,430,1,2
431,653,430,1,2
431,654,430,1,2
431,658,430,1,2
431,659,430,1,2
431,661,430,1,2
431,662,430,1,2
431,663,430,1,2
431,664,430,1,2
431,665,430,1,2
431,667,430,1,2
431,668,430,1,2
431,669,430,1,2
431,671,430,1,2
431,672,430,1,2
431,673,430,1,2
431,674,430,1,2
431,676,430,1,2
431,679,430,1,2
431,680,430,1,2
431,684,430,1,2
431,685,430,1,2
431,688,430,1,2
431,689,430,1,2
431,690,430,1,2
431,691,430,1,2
431,693,430,1,2
431,694,456,3,0
431,696,432,2,1
431,698,430,1,2
431,699,430,1,2
431,701,430,1,2
431,703,430,1,2
431,704,430,1,2
431,707,430,1,2
431,708,430,1,2
431,712,430,1,2
431,713,430,1,2
431,717,430,1,2
431,718,430,1,2
431,722,430,1,2
431,724,430,1,2
432,630,431,1,2
432,631,431,1,2
432,633,407,0,3
432,637,431,1,2
432,644,431,1,2
432,694,457,3,0
432,696,433,2,1
432,701,431,1,2
433,630,432,1,2
433,631,432,1,2
433,633,408,0,3
433,637,432,1,2
433,644,432,1,2
433,696,696,75,0
434,630,433,1,2
434,631,433,1,2
434,637,433,1,2
434,654,435,2,1
435,630,434,1,2
435,631,434,1,2
438,630,439,2,1
439,630,440,2,1
439,631,440,2,1
440,630,441,2,1
440,631,441,2,1
440,637,441,2,1
441,630,442,2,1
441,631,442,2,1
441,633,416,0,3
441,637,442,2,1
441,644,442,2,1
441,696,440,1,2
442,630,443,2,1
442,631,443,2,1
442,633,417,0,3
442,637,443,2,1
442,644,443,2,1
442,694,467,3,0
442,696,441,1,2
442,701,441,1,2
443,630,418,0,3
443,631,468,3,0
443,694,468,3,0
443,696,442,1,2
444,630,419,0,3
444,631,469,3,0
444,633,443,1,2
444,637,419,0,3
444,644,419,0,3
444,694,443,1,2
444,696,443,1,2
444,701,445,2,1
445,630,420,0,3
445,631,470,3,0
445,633,444,1,2
445,637,420,0,3
445,644,420,0,3
445,696,444,1,2
446,630,421,0,3
446,631,471,3,0
446,637,421,0,3
447,630,422,0,3
447,631,472,3,0
447,654,446,1,2
448,630,423,0,3
451,630,426,0,3
451,631,476,3,0
452,630,427,0,3
452,631,477,3,0
452,637,427,0,3
453,630,428,0,3
453,631,478,3,0
453,633,454,2,1
453,637,428,0,3
453,644,428,0,3
453,654,478,3,0
453,696,454,2,1
454,630,429,0,3
454,631,479,3,0
454,633,455,2,1
454,637,429,0,3
454,644,429,0,3
454,654,479,3,0
454,694,455,2,1
454,696,455,2,1
455,625,430,0,3
455,626,480,3,0
455,630,430,0,3
455,631,480,3,0
455,635,480,3,0
455,636,430,0,3
455,637,430,0,3
455,639,430,0,3
455,640,480,3,0
455,641,430,0,3
455,643,480,3,0
455,644,430,0,3
455,646,480,3,0
455,647,480,3,0
455,650,430,0,3
455,651,480,3,0
455,654,480,3,0
455,655,480,3,0
455,656,430,0,3
455,660,430,0,3
455,666,480,3,0
455,670,480,3,0
455,675,480,3,0
455,677,480,3,0
455,678,480,3,0
455,681,480,3,0
455,682,480,3,0
455,683,430,0,3
455,686,430,0,3
455,687,430,0,3
455,692,480,3,0
455,694,480,3,0
455,695,480,3,0
455,696,430,0,3
455,697,430,0,3
455,700,430,0,3
455,701,480,3,0
455,702,480,3,0
455,705,480,3,0
455,706,480,3,0
455,709,480,3,0
455,710,430,0,3
455,711,430,0,3
455,714,480,3,0
455,715,480,3,0
455,716,430,0,3
455,719,480,3,0
455,720,480,3,0
455,721,480,3,0
455,723,480,3,0
456,627,455,1,2
456,628,455,1,2
456,629,455,1,2
456,630,455,1,2
456,631,455,1,2
456,632,455,1,2
456,634,455,1,2
456,637,455,1,2
456,638,455,1,2
456,642,455,1,2
456,644,455,1,2
456,645,455,1,2
456,648,455,1,2
456,649,455,1,2
456,652,455,1,2
456,653,455,1,2
456,658,455,1,2
456,659,455,1,2
456,661,455,1,2
456,662,455,1,2
456,663,455,1,2
456,664,455,1,2
456,665,455,1,2
456,667,455,1,2
456,668,455,1,2
456,669,455,1,2
456,671,455,1,2
456,672,455,1,2
456,673,455,1,2
456,674,455,1,2
456,676,455,1,2
456,679,455,1,2
456,680,455,1,2
456,684,455,1,2
456,685,455,1,2
456,688,455,1,2
456,689,455,1,2
456,690,455,1,2
456,691,455,1,2
456,693,455,1,2
456,694,481,3,0
456,696,431,0,3
456,698,455,1,2
456,699,455,1,2
456,701,455,1,2
456,703,455,1,2
456,704,455,1,2
456,707,455,1,2
456,708,455,1,2
456,712,455,1,2
456,713,455,1,2
456,717,455,1,2
456,718,455,1,2
456,722,455,1,2
456,724,455,1,2
457,630,456,1,2
457,631,456,1,2
457,633,432,0,3
457,637,456,1,2
457,644,456,1,2
457,694,482,3,0
457,696,432,0,3
457,701,456,1,2
458,630,457,1,2
458,631,457,1,2
458,633,433,0,3
458,637,457,1,2
458,644,457,1,2
458,696,433,0,3
459,630,458,1,2
459,631,458,1,2
459,637,458,1,2
459,654,460,2,1
460,630,459,1,2
460,631,459,1,2
463,630,464,2,1
464,630,465,2,1
464,631,465,2,1
465,630,466,2,1
465,631,466,2,1
465,637,466,2,1
466,630,467,2,1
466,631,467,2,1
466,633,441,0,3
466,637,467,2,1
466,644,467,2,1
466,696,441,0,3
467,630,468,2,1
467,631,468,2,1
467,633,442,0,3
467,637,468,2,1
467,644,468,2,1
467,694,492,3,0
467,696,442,0,3
467,701,466,1,2
468,630,443,0,3
468,631,493,3,0
468,654,493,3,0
468,694,493,3,0
468,696,443,0,3
469,630,444,0,3
469,631,494,3,0
469,633,468,1,2
469,637,444,0,3
469,644,444,0,3
469,654,494,3,0
469,694,468,1,2
469,696,468,1,2
469,701,470,2,1
470,630,445,0,3
470,631,495,3,0
470,633,469,1,2
470,637,445,0,3
470,644,445,0,3
470,654,495,3,0
470,696,469,1,2
471,630,446,0,3
471,631,496,3,0
471,637,446,0,3
471,654,496,3,0
472,630,447,0,3
472,631,497,3,0
472,654,471,1,2
473,630,448,0,3
476,630,451,0,3
476,631,501,3,0
477,630,452,0,3
477,631,502,3,0
477,637,452,0,3
477,654,476,1,2
478,630,453,0,3
478,631,503,3,0
478,633,479,2,1
478,637,453,0,3
478,644,453,0,3
478,654,477,1,2
478,696,479,2,1
479,630,454,0,3
479,631,504,3,0
479,633,480,2,1
479,637,454,0,3
479,644,454,0,3
479,654,478,1,2
479,694,480,2,1
479,696,480,2,1
480,625,455,0,3
480,626,505,3,0
480,630,455,0,3
480,631,505,3,0
480,635,505,3,0
480,636,505,3,0
480,637,455,0,3
480,639,455,0,3
480,640,505,3,0
480,641,455,0,3
480,643,505,3,0
480,644,455,0,3
480,646,505,3,0
480,647,505,3,0
480,650,455,0,3
480,651,505,3,0
480,654,479,1,2
480,655,505,3,0
480,656,455,0,3
480,657,455,0,3
480,660,455,0,3
480,666,505,3,0
480,670,505,3,0
480,675,505,3,0
480,677,505,3,0
480,678,505,3,0
480,681,505,3,0
480,682,505,3,0
480,683,505,3,0
480,686,455,0,3
480,687,455,0,3
480,692,505,3,0
480,694,505,3,0
480,695,505,3,0
480,696,455,0,3
480,697,455,0,3
480,700,455,0,3
480,701,505,3,0
480,702,505,3,0
480,705,505,3,0
480,706,505,3,0
480,709,505,3,0
480,710,455,0,3
480,711,455,0,3
480,714,505,3,0
480,715,505,3,0
480,716,455,0,3
480,719,505,3,0
480,720,505,3,0
480,721,505,3,0
480,723,505,3,0
481,627,480,1,2
481,628,480,1,2
481,629,480,1,2
481,630,480,1,2
481,631,480,1,2
481,632,480,1,2
481,634,480,1,2
481,637,480,1,2
481,638,480,1,2
481,642,480,1,2
481,644,480,1,2
481,645,480,1,2
481,648,480,1,2
481,649,480,1,2
481,652,480,1,2
481,653,480,1,2
481,654,480,1,2
481,658,480,1,2
481,659,480,1,2
481,661,480,1,2
481,662,480,1,2
481,663,480,1,2
481,664,480,1,2
481,665,480,1,2
481,667,480,1,2
481,668,480,1,2
481,669,480,1,2
481,671,480,1,2
481,672,480,1,2
481,673,480,1,2
481,674,480,1,2
481,676,480,1,2
481,679,480,1,2
481,680,480,1,2
481,684,480,1,2
481,685,480,1,2
481,688,480,1,2
481,689,480,1,2
481,690,480,1,2
481,691,480,1,2
481,693,480,1,2
481,694,506,3,0
481,696,456,0,3
481,698,480,1,2
481,699,480,1,2
481,701,480,1,2
481,703,480,1,2
481,704,480,1,2
481,707,480,1,2
481,708,480,1,2
481,712,480,1,2
481,713,480,1,2
481,717,480,1,2
481,718,480,1,2
481,722,480,1,2
481,724,480,1,2
482,630,481,1,2
482,631,481,1,2
482,633,457,0,3
482,637,481,1,2
482,644,481,1,2
482,694,507,3,0
482,696,457,0,3
482,701,481,1,2
483,630,482,1,2
483,631,482,1,2
483,633,458,0,3
483,637,482,1,2
483,644,482,1,2
483,696,458,0,3
484,630,483,1,2
484,631,483,1,2
484,637,483,1,2
484,654,485,2,1
485,630,484,1,2
485,631,484,1,2
488,630,489,2,1
489,630,490,2,1
489,631,490,2,1
490,630,491,2,1
490,631,491,2,1
490,637,491,2,1
491,630,492,2,1
491,631,492,2,1
491,633,466,0,3
491,637,492,2,1
491,644,492,2,1
491,696,466,0,3
492,630,493,2,1
492,631,493,2,1
492,633,467,0,3
492,637,493,2,1
492,644,493,2,1
492,694,517,3,0
492,696,467,0,3
492,701,491,1,2
493,630,468,0,3
493,631,518,3,0
493,654,494,2,1
493,694,518,3,0
493,696,468,0,3
494,630,469,0,3
494,631,519,3,0
494,633,493,1,2
494,637,469,0,3
494,644,469,0,3
494,654,495,2,1
494,694,493,1,2
494,696,493,1,2
494,701,495,2,1
495,630,470,0,3
495,631,520,3,0
495,633,494,1,2
495,637,470,0,3
495,644,470,0,3
495,654,496,2,1
495,696,494,1,2
496,630,471,0,3
496,631,521,3,0
496,637,471,0,3
496,654,654,33,0
497,630,472,0,3
497,631,522,3,0
497,654,496,1,2
498,630,473,0,3
501,630,476,0,3
501,631,526,3,0
502,630,477,0,3
502,631,527,3,0
502,637,477,0,3
502,654,501,1,2
503,630,478,0,3
503,631,528,3,0
503,633,504,2,1
503,637,478,0,3
503,644,478,0,3
503,696,504,2,1
504,630,479,0,3
504,631,529,3,0
504,633,505,2,1
504,637,479,0,3
504,644,479,0,3
504,694,505,2,1
504,696,505,2,1
505,625,480,0,3
505,626,530,3,0
505,630,480,0,3
505,631,530,3,0
505,633,530,3,0
505,635,530,3,0
505,636,530,3,0
505,637,480,0,3
505,639,480,0,3
505,640,530,3,0
505,641,480,0,3
505,643,530,3,0
505,644,480,0,3
505,646,530,3,0
505,647,530,3,0
505,650,480,0,3
505,651,530,3,0
505,655,530,3,0
505,656,480,0,3
505,657,480,0,3
505,660,480,0,3
505,666,530,3,0
505,670,530,3,0
505,675,530,3,0
505,677,530,3,0
505,678,530,3,0
505,681,530,3,0
505,682,530,3,0
505,683,530,3,0
505,686,480,0,3
505,687,480,0,3
505,692,530,3,0
505,695,530,3,0
505,696,480,0,3
505,697,530,3,0
505,700,480,0,3
505,701,530,3,0
505,702,530,3,0
505,705,530,3,0
505,706,530,3,0
505,709,530,3,0
505,710,480,0,3
505,711,480,0,3
505,714,530,3,0
505,715,530,3,0
505,716,530,3,0
505,719,530,3,0
505,720,530,3,0
505,721,530,3,0
505,723,530,3,0
506,627,505,1,2
506,628,505,1,2
506,629,505,1,2
506,630,505,1,2
506,631,505,1,2
506,632,505,1,2
506,633,531,3,0
506,634,505,1,2
506,637,505,1,2
506,638,505,1,2
506,642,505,1,2
506,644,505,1,2
506,645,505,1,2
506,648,505,1,2
506,649,505,1,2
506,652,505,1,2
506,653,505,1,2
506,654,505,1,2
506,658,505,1,2
506,659,505,1,2
506,661,505,1,2
506,662,505,1,2
506,663,505,1,2
506,664,505,1,2
506,665,505,1,2
506,667,505,1,2
506,668,505,1,2
506,669,505,1,2
506,671,505,1,2
506,672,505,1,2
506,673,505,1,2
506,674,505,1,2
506,676,505,1,2
506,679,505,1,2
506,680,505,1,2
506,684,505,1,2
506,685,505,1,2
506,688,505,1,2
506,689,505,1,2
506,690,505,1,2
506,691,505,1,2
506,693,505,1,2
506,696,481,0,3
506,698,505,1,2
506,699,505,1,2
506,701,505,1,2
506,703,505,1,2
506,704,505,1,2
506,707,505,1,2
506,708,505,1,2
506,712,505,1,2
506,713,505,1,2
506,717,505,1,2
506,718,505,1,2
506,722,505,1,2
506,724,505,1,2
507,630,506,1,2
507,631,506,1,2
507,633,532,3,0
507,637,506,1,2
507,644,506,1,2
507,694,532,3,0
507,696,482,0,3
507,701,506,1,2
508,630,507,1,2
508,631,507,1,2
508,633,533,3,0
508,637,507,1,2
508,644,507,1,2
508,696,483,0,3
509,630,508,1,2
509,631,508,1,2
509,637,508,1,2
509,654,510,2,1
510,630,509,1,2
510,631,509,1,2
513,630,514,2,1
514,630,515,2,1
514,631,515,2,1
515,630,516,2,1
515,631,516,2,1
515,637,516,2,1
516,630,517,2,1
516,631,517,2,1
516,633,541,3,0
516,637,517,2,1
516,644,517,2,1
516,696,491,0,3
517,630,518,2,1
517,631,518,2,1
517,633,542,3,0
517,637,518,2,1
517,644,518,2,1
517,694,542,3,0
517,696,492,0,3
517,701,516,1,2
518,630,493,0,3
518,631,543,3,0
518,633,543,3,0
518,637,493,0,3
518,696,493,0,3
519,630,494,0,3
519,631,544,3,0
519,633,518,1,2
519,637,494,0,3
519,644,494,0,3
519,694,518,1,2
519,696,518,1,2
519,701,520,2,1
520,630,495,0,3
520,631,545,3,0
520,633,519,1,2
520,637,495,0,3
520,644,495,0,3
520,696,519,1,2
521,630,496,0,3
521,631,546,3,0
521,637,496,0,3
522,630,497,0,3
522,631,547,3,0
522,654,521,1,2
523,630,498,0,3
526,630,501,0,3
526,631,551,3,0
527,630,502,0,3
527,631,552,3,0
527,637,502,0,3
527,654,526,1,2
528,630,503,0,3
528,631,553,3,0
528,633,529,2,1
528,637,503,0,3
528,644,503,0,3
528,696,529,2,1
529,630,504,0,3
529,631,554,3,0
529,633,530,2,1
529,637,504,0,3
529,644,504,0,3
529,694,530,2,1
529,696,530,2,1
530,625,505,0,3
530,626,555,3,0
530,630,505,0,3
530,631,555,3,0
530,633,555,3,0
530,635,555,3,0
530,636,555,3,0
530,637,505,0,3
530,639,505,0,3
530,640,555,3,0
530,641,505,0,3
530,644,505,0,3
530,646,555,3,0
530,650,505,0,3
530,651,555,3,0
530,655,555,3,0
530,656,505,0,3
530,657,505,0,3
530,660,505,0,3
530,666,555,3,0
530,670,555,3,0
530,675,555,3,0
530,677,555,3,0
530,678,555,3,0
530,681,555,3,0
530,682,555,3,0
530,683,555,3,0
530,686,505,0,3
530,687,505,0,3
530,692,555,3,0
530,695,555,3,0
530,696,505,0,3
530,697,555,3,0
530,700,505,0,3
530,701,555,3,0
530,702,555,3,0
530,705,555,3,0
530,706,555,3,0
530,709,555,3,0
530,710,505,0,3
530,711,505,0,3
530,714,555,3,0
530,715,555,3,0
530,716,555,3,0
530,719,555,3,0
530,720,555,3,0
530,721,555,3,0
530,723,555,3,0
531,627,530,1,2
531,628,530,1,2
531,629,530,1,2
531,630,530,1,2
531,631,530,1,2
531,633,556,3,0
531,634,530,1,2
531,637,530,1,2
531,642,530,1,2
531,644,530,1,2
531,645,530,1,2
531,648,530,1,2
531,649,530,1,2
531,652,530,1,2
531,653,530,1,2
531,654,530,1,2
531,658,530,1,2
531,659,530,1,2
531,661,530,1,2
531,662,530,1,2
531,663,530,1,2
531,664,530,1,2
531,665,530,1,2
531,667,530,1,2
531,668,530,1,2
531,669,530,1,2
531,671,530,1,2
531,672,530,1,2
531,673,530,1,2
531,674,530,1,2
531,676,530,1,2
531,679,530,1,2
531,680,530,1,2
531,684,530,1,2
531,685,530,1,2
531,688,530,1,2
531,689,530,1,2
531,690,530,1,2
531,691,530,1,2
531,693,530,1,2
531,696,506,0,3
531,698,530,1,2
531,699,530,1,2
531,701,530,1,2
531,703,530,1,2
531,704,530,1,2
531,707,530,1,2
531,708,530,1,2
531,712,530,1,2
531,713,530,1,2
531,717,530,1,2
531,718,530,1,2
531,722,530,1,2
531,724,530,1,2
532,630,531,1,2
532,631,531,1,2
532,633,557,3,0
532,637,531,1,2
532,644,531,1,2
532,694,557,3,0
532,696,507,0,3
532,701,531,1,2
533,630,532,1,2
533,631,532,1,2
533,633,558,3,0
533,637,532,1,2
533,644,532,1,2
533,696,508,0,3
534,630,533,1,2
534,631,533,1,2
534,637,533,1,2
534,654,535,2,1
535,630,534,1,2
535,631,534,1,2
538,630,539,2,1
539,630,540,2,1
539,631,540,2,1
540,630,541,2,1
540,631,541,2,1
540,637,541,2,1
541,630,542,2,1
541,631,542,2,1
541,633,566,3,0
541,637,542,2,1
541,644,542,2,1
541,696,516,0,3
542,630,543,2,1
542,631,543,2,1
542,633,567,3,0
542,637,543,2,1
542,644,543,2,1
542,694,567,3,0
542,696,517,0,3
542,701,541,1,2
543,630,518,0,3
543,631,568,3,0
543,633,568,3,0
543,637,518,0,3
543,644,518,0,3
543,696,518,0,3
544,630,519,0,3
544,631,569,3,0
544,633,543,1,2
544,637,519,0,3
544,644,519,0,3
544,694,543,1,2
544,696,543,1,2
544,701,545,2,1
545,630,520,0,3
545,631,570,3,0
545,633,544,1,2
545,637,520,0,3
545,644,520,0,3
545,696,544,1,2
546,630,521,0,3
546,631,571,3,0
546,637,521,0,3
547,630,522,0,3
547,631,572,3,0
547,654,546,1,2
548,630,523,0,3
551,630,526,0,3
551,631,576,3,0
552,630,527,0,3
552,631,577,3,0
552,637,527,0,3
552,654,551,1,2
553,630,528,0,3
553,631,578,3,0
553,633,554,2,1
553,637,528,0,3
553,644,528,0,3
553,696,554,2,1
554,630,529,0,3
554,631,579,3,0
554,633,555,2,1
554,637,529,0,3
554,644,529,0,3
554,694,555,2,1
554,696,555,2,1
555,625,530,0,3
555,626,580,3,0
555,630,530,0,3
555,631,580,3,0
555,633,580,3,0
555,636,580,3,0
555,637,530,0,3
555,639,530,0,3
555,640,580,3,0
555,641,530,0,3
555,643,530,0,3
555,644,530,0,3
555,646,580,3,0
555,647,530,0,3
555,650,530,0,3
555,655,580,3,0
555,656,530,0,3
555,657,530,0,3
555,660,530,0,3
555,666,580,3,0
555,670,580,3,0
555,675,580,3,0
555,677,580,3,0
555,678,580,3,0
555,682,580,3,0
555,683,580,3,0
555,686,530,0,3
555,687,530,0,3
555,692,580,3,0
555,695,580,3,0
555,696,530,0,3
555,697,580,3,0
555,700,530,0,3
555,701,580,3,0
555,702,580,3,0
555,705,580,3,0
555,706,580,3,0
555,709,580,3,0
555,710,530,0,3
555,711,530,0,3
555,714,580,3,0
555,715,580,3,0
555,716,580,3,0
555,719,580,3,0
555,720,580,3,0
555,721,580,3,0
555,723,580,3,0
556,627,555,1,2
556,628,555,1,2
556,629,555,1,2
556,630,555,1,2
556,631,555,1,2
556,632,555,1,2
556,633,581,3,0
556,634,555,1,2
556,637,555,1,2
556,638,555,1,2
556,642,555,1,2
556,644,555,1,2
556,645,555,1,2
556,648,555,1,2
556,649,555,1,2
556,652,555,1,2
556,653,555,1,2
556,654,555,1,2
556,659,555,1,2
556,661,555,1,2
556,662,555,1,2
556,663,555,1,2
556,664,555,1,2
556,665,555,1,2
556,667,555,1,2
556,668,555,1,2
556,669,555,1,2
556,671,555,1,2
556,672,555,1,2
556,673,555,1,2
556,674,555,1,2
556,676,555,1,2
556,679,555,1,2
556,680,555,1,2
556,684,555,1,2
556,685,555,1,2
556,688,555,1,2
556,689,555,1,2
556,690,555,1,2
556,691,555,1,2
556,693,555,1,2
556,696,531,0,3
556,698,555,1,2
556,699,555,1,2
556,701,555,1,2
556,703,555,1,2
556,704,555,1,2
556,707,555,1,2
556,708,555,1,2
556,712,555,1,2
556,713,555,1,2
556,717,555,1,2
556,718,555,1,2
556,722,555,1,2
556,724,555,1,2
557,630,556,1,2
557,631,556,1,2
557,633,582,3,0
557,637,556,1,2
557,644,556,1,2
557,694,582,3,0
557,696,532,0,3
557,701,556,1,2
558,630,557,1,2
558,631,557,1,2
558,633,583,3,0
558,637,557,1,2
558,644,557,1,2
558,696,533,0,3
559,630,558,1,2
559,631,558,1,2
559,637,558,1,2
559,654,560,2,1
560,630,559,1,2
560,631,559,1,2
563,630,564,2,1
564,630,565,2,1
564,631,565,2,1
565,630,566,2,1
565,631,566,2,1
565,637,566,2,1
566,630,567,2,1
566,631,567,2,1
566,633,591,3,0
566,637,567,2,1
566,644,567,2,1
566,696,541,0,3
567,630,568,2,1
567,631,568,2,1
567,633,592,3,0
567,637,568,2,1
567,644,568,2,1
567,694,592,3,0
567,696,542,0,3
567,701,566,1,2
568,631,593,3,0
568,633,593,3,0
568,637,543,0,3
568,644,543,0,3
568,696,543,0,3
569,630,544,0,3
569,631,594,3,0
569,633,568,1,2
569,637,544,0,3
569,644,544,0,3
569,694,568,1,2
569,696,568,1,2
569,701,570,2,1
570,630,545,0,3
570,631,595,3,0
570,633,569,1,2
570,637,545,0,3
570,644,545,0,3
570,696,569,1,2
571,630,546,0,3
571,631,596,3,0
571,637,546,0,3
572,630,547,0,3
572,631,597,3,0
572,654,571,1,2
573,630,548,0,3
576,630,601,3,0
576,631,601,3,0
577,630,602,3,0
577,631,602,3,0
577,637,552,0,3
577,654,576,1,2
578,630,603,3,0
578,631,603,3,0
578,633,579,2,1
578,637,553,0,3
578,644,553,0,3
578,696,579,2,1
579,630,604,3,0
579,631,604,3,0
579,633,580,2,1
579,637,554,0,3
579,644,554,0,3
579,694,580,2,1
579,696,580,2,1
580,625,555,0,3
580,626,605,3,0
580,630,605,3,0
580,631,605,3,0
580,633,605,3,0
580,635,555,0,3
580,636,605,3,0
580,637,555,0,3
580,639,555,0,3
580,640,605,3,0
580,641,555,0,3
580,643,555,0,3
580,644,555,0,3
580,646,605,3,0
580,647,555,0,3
580,650,555,0,3
580,651,555,0,3
580,655,605,3,0
580,656,555,0,3
580,657,555,0,3
580,660,555,0,3
580,666,605,3,0
580,675,605,3,0
580,677,605,3,0
580,678,605,3,0
580,681,555,0,3
580,682,605,3,0
580,683,605,3,0
580,686,555,0,3
580,687,555,0,3
580,692,605,3,0
580,696,555,0,3
580,697,605,3,0
580,700,555,0,3
580,701,605,3,0
580,702,605,3,0
580,705,605,3,0
580,706,605,3,0
580,709,605,3,0
580,710,555,0,3
580,711,555,0,3
580,714,605,3,0
580,715,605,3,0
580,716,605,3,0
580,719,605,3,0
580,720,605,3,0
580,721,605,3,0
580,723,605,3,0
581,627,580,1,2
581,628,580,1,2
581,629,580,1,2
581,630,580,1,2
581,631,580,1,2
581,632,580,1,2
581,633,606,3,0
581,634,580,1,2
581,637,580,1,2
581,638,580,1,2
581,642,580,1,2
581,644,580,1,2
581,645,580,1,2
581,648,580,1,2
581,649,580,1,2
581,652,580,1,2
581,653,580,1,2
581,654,580,1,2
581,658,580,1,2
581,659,580,1,2
581,661,580,1,2
581,662,580,1,2
581,663,580,1,2
581,664,580,1,2
581,667,580,1,2
581,668,580,1,2
581,669,580,1,2
581,671,580,1,2
581,672,580,1,2
581,673,580,1,2
581,674,580,1,2
581,676,580,1,2
581,679,580,1,2
581,680,580,1,2
581,684,580,1,2
581,685,580,1,2
581,688,580,1,2
581,689,580,1,2
581,690,580,1,2
581,691,580,1,2
581,693,580,1,2
581,696,556,0,3
581,698,580,1,2
581,699,580,1,2
581,701,580,1,2
581,703,580,1,2
581,704,580,1,2
581,708,580,1,2
581,712,580,1,2
581,713,580,1,2
581,717,580,1,2
581,718,580,1,2
581,722,580,1,2
581,724,580,1,2
582,630,581,1,2
582,631,581,1,2
582,633,607,3,0
582,637,581,1,2
582,644,581,1,2
582,694,607,3,0
582,696,557,0,3
582,701,581,1,2
583,630,582,1,2
583,631,582,1,2
583,633,608,3,0
583,637,582,1,2
583,644,582,1,2
583,696,558,0,3
584,630,583,1,2
584,631,583,1,2
584,637,583,1,2
584,654,585,2,1
585,630,584,1,2
585,631,584,1,2
588,630,589,2,1
589,630,590,2,1
589,631,590,2,1
590,630,591,2,1
590,631,591,2,1
590,637,591,2,1
591,630,592,2,1
591,631,592,2,1
591,633,616,3,0
591,637,592,2,1
591,644,592,2,1
591,696,566,0,3
592,630,593,2,1
592,631,593,2,1
592,633,617,3,0
592,637,593,2,1
592,644,593,2,1
592,694,617,3,0
592,696,567,0,3
592,701,591,1,2
593,630,618,3,0
593,631,618,3,0
593,633,618,3,0
593,637,568,0,3
593,644,568,0,3
593,696,568,0,3
594,630,619,3,0
594,631,619,3,0
594,633,593,1,2
594,637,569,0,3
594,644,569,0,3
594,694,593,1,2
594,696,593,1,2
594,701,595,2,1
595,630,620,3,0
595,631,620,3,0
595,633,594,1,2
595,637,570,0,3
595,644,570,0,3
595,696,594,1,2
596,630,621,3,0
596,631,621,3,0
596,637,571,0,3
597,630,622,3,0
597,631,622,3,0
597,654,596,1,2
598,630,623,3,0
601,630,1,3,3
601,631,1,3,3
602,630,2,3,3
602,631,2,3,3
602,637,577,0,3
602,654,601,1,2
603,630,3,3,3
603,631,3,3,3
603,633,604,2,1
603,637,578,0,3
603,644,578,0,3
603,696,604,2,1
604,630,4,3,3
604,631,4,3,3
604,633,605,2,1
604,637,579,0,3
604,644,579,0,3
604,694,605,2,1
604,696,605,2,1
605,625,580,0,3
605,626,5,3,3
605,630,5,3,3
605,631,5,3,3
605,633,5,3,3
605,635,580,0,3
605,636,5,3,3
605,637,580,0,3
605,639,580,0,3
605,640,5,3,3
605,641,580,0,3
605,643,580,0,3
605,644,580,0,3
605,646,5,3,3
605,647,580,0,3
605,650,580,0,3
605,651,580,0,3
605,655,5,3,3
605,656,580,0,3
605,657,580,0,3
605,660,580,0,3
605,666,5,3,3
605,670,580,0,3
605,675,5,3,3
605,677,5,3,3
605,678,5,3,3
605,681,580,0,3
605,682,5,3,3
605,683,5,3,3
605,686,5,3,3
605,687,580,0,3
605,692,5,3,3
605,695,580,0,3
605,696,580,0,3
605,697,5,3,3
605,700,580,0,3
605,701,5,3,3
605,702,5,3,3
605,705,5,3,3
605,706,5,3,3
605,709,5,3,3
605,710,580,0,3
605,711,580,0,3
605,714,5,3,3
605,715,5,3,3
605,716,5,3,3
605,720,5,3,3
605,721,5,3,3
605,723,5,3,3
606,628,605,1,2
606,629,605,1,2
606,630,605,1,2
606,631,605,1,2
606,632,605,1,2
606,633,6,3,3
606,634,605,1,2
606,637,605,1,2
606,638,605,1,2
606,642,605,1,2
606,644,605,1,2
606,645,605,1,2
606,648,605,1,2
606,649,605,1,2
606,652,605,1,2
606,653,605,1,2
606,654,605,1,2
606,658,605,1,2
606,659,605,1,2
606,661,605,1,2
606,662,605,1,2
606,664,605,1,2
606,665,605,1,2
606,667,605,1,2
606,668,605,1,2
606,669,605,1,2
606,671,605,1,2
606,672,605,1,2
606,673,605,1,2
606,674,605,1,2
606,676,605,1,2
606,679,605,1,2
606,680,605,1,2
606,684,605,1,2
606,685,605,1,2
606,688,605,1,2
606,689,605,1,2
606,690,605,1,2
606,691,605,1,2
606,693,605,1,2
606,696,581,0,3
606,698,605,1,2
606,699,605,1,2
606,701,605,1,2
606,703,605,1,2
606,704,605,1,2
606,707,605,1,2
606,708,605,1,2
606,712,605,1,2
606,713,605,1,2
606,717,605,1,2
606,718,605,1,2
606,722,605,1,2
606,724,605,1,2
607,630,606,1,2
607,631,606,1,2
607,633,7,3,3
607,637,606,1,2
607,644,606,1,2
607,694,7,3,3
607,696,582,0,3
607,701,606,1,2
608,630,607,1,2
608,631,607,1,2
608,633,8,3,3
608,637,607,1,2
608,644,607,1,2
608,696,583,0,3
609,630,608,1,2
609,631,608,1,2
609,637,608,1,2
609,654,610,2,1
610,630,609,1,2
610,631,609,1,2
613,630,614,2,1
614,630,615,2,1
614,631,615,2,1
615,630,616,2,1
615,631,616,2,1
615,637,616,2,1
616,630,617,2,1
616,631,617,2,1
616,633,16,3,3
616,637,617,2,1
616,644,617,2,1
616,696,591,0,3
617,630,618,2,1
617,631,618,2,1
617,633,17,3,3
617,637,618,2,1
617,644,618,2,1
617,694,17,3,3
617,696,592,0,3
617,701,616,1,2
618,630,18,3,3
618,631,18,3,3
618,633,18,3,3
618,637,593,0,3
618,644,593,0,3
618,696,593,0,3
619,630,19,3,3
619,631,19,3,3
619,633,618,1,2
619,637,594,0,3
619,644,594,0,3
619,694,618,1,2
619,696,618,1,2
619,701,620,2,1
620,630,20,3,3
620,631,20,3,3
620,633,619,1,2
620,637,595,0,3
620,644,595,0,3
620,696,619,1,2
621,630,21,3,3
621,631,21,3,3
621,637,596,0,3
622,630,22,3,3
622,631,22,3,3
622,654,621,1,2
623,630,23,3,3
630,625,273,0,9
630,626,273,0,9
630,627,273,0,9
630,628,273,0,9
630,629,273,0,9
630,631,273,0,9
630,632,273,0,9
630,633,273,0,9
630,634,273,0,9
630,635,273,0,9
630,636,273,0,9
630,637,273,0,9
630,638,273,0,9
630,639,273,0,9
630,640,273,0,9
630,641,273,0,9
630,642,273,0,9
630,643,273,0,9
630,644,273,0,9
630,645,273,0,9
630,646,273,0,9
630,647,273,0,9
630,648,273,0,9
630,649,273,0,9
630,650,273,0,9
630,651,273,0,9
630,652,273,0,9
630,653,273,0,9
630,654,273,0,9
630,655,273,0,9
630,656,273,0,9
630,657,273,0,9
630,658,273,0,9
630,659,273,0,9
630,660,273,0,9
630,661,273,0,9
630,662,273,0,9
630,663,273,0,9
630,664,273,0,9
630,665,273,0,9
630,666,273,0,9
630,667,273,0,9
630,668,273,0,9
630,669,273,0,9
630,670,273,0,9
630,671,273,0,9
630,672,273,0,9
630,673,273,0,9
630,674,273,0,9
630,675,273,0,9
630,676,273,0,9
630,677,273,0,9
630,678,273,0,9
630,679,273,0,9
630,680,273,0,9
630,681,273,0,9
630,682,273,0,9
630,683,273,0,9
630,684,273,0,9
630,685,273,0,9
630,686,273,0,9
630,687,273,0,9
630,688,273,0,9
630,689,273,0,9
630,690,273,0,9
630,691,273,0,9
630,692,273,0,9
630,693,273,0,9
630,694,273,0,9
630,695,273,0,9
630,696,273,0,9
630,697,273,0,9
630,698,273,0,9
630,699,273,0,9
630,700,273,0,9
630,701,273,0,9
630,702,273,0,9
630,703,273,0,9
630,704,273,0,9
630,705,273,0,9
630,706,273,0,9
630,707,273,0,9
630,708,273,0,9
630,709,273,0,9
630,710,273,0,9
630,711,273,0,9
630,712,273,0,9
630,713,273,0,9
630,714,273,0,9
630,715,273,0,9
630,716,273,0,9
630,717,273,0,9
630,718,273,0,9
630,719,273,0,9
630,720,273,0,9
630,721,273,0,9
630,722,273,0,9
630,723,273,0,9
630,724,273,0,9
631,625,1,0,10
631,626,1,0,10
631,627,1,0,10
631,628,1,0,10
631,629,1,0,10
631,630,1,0,10
631,632,1,0,10
631,633,1,0,10
631,634,1,0,10
631,635,1,0,10
631,636,1,0,10
631,637,1,0,10
631,638,1,0,10
631,639,1,0,10
631,640,1,0,10
631,641,1,0,10
631,642,1,0,10
631,643,1,0,10
631,644,1,0,10
631,645,1,0,10
631,646,1,0,10
631,647,1,0,10
631,648,1,0,10
631,649,1,0,10
631,650,1,0,10
631,651,1,0,10
631,652,1,0,10
631,653,1,0,10
631,654,1,0,10
631,655,1,0,10
631,656,1,0,10
631,657,1,0,10
631,658,1,0,10
631,659,1,0,10
631,660,1,0,10
631,661,1,0,10
631,662,1,0,10
631,663,1,0,10
631,664,1,0,10
631,665,1,0,10
631,666,1,0,10
631,667,1,0,10
631,668,1,0,10
631,669,1,0,10
631,670,1,0,10
631,671,1,0,10
631,672,1,0,10
631,673,1,0,10
631,674,1,0,10
631,675,1,0,10
631,676,1,0,10
631,677,1,0,10
631,678,1,0,10
631,679,1,0,10
631,680,1,0,10
631,681,1,0,10
631,682,1,0,10
631,683,1,0,10
631,684,1,0,10
631,685,1,0,10
631,686,1,0,10
631,687,1,0,10
631,688,1,0,10
631,689,1,0,10
631,690,1,0,10
631,691,1,0,10
631,692,1,0,10
631,693,1,0,10
631,694,1,0,10
631,695,1,0,10
631,696,1,0,10
631,697,1,0,10
631,698,1,0,10
631,699,1,0,10
631,700,1,0,10
631,701,1,0,10
631,702,1,0,10
631,703,1,0,10
631,704,1,0,10
631,705,1,0,10
631,706,1,0,10
631,707,1,0,10
631,708,1,0,10
631,709,1,0,10
631,710,1,0,10
631,711,1,0,10
631,712,1,0,10
631,713,1,0,10
631,714,1,0,10
631,715,1,0,10
631,716,1,0,10
631,717,1,0,10
631,718,1,0,10
631,719,1,0,10
631,720,1,0,10
631,721,1,0,10
631,722,1,0,10
631,723,1,0,10
631,724,1,0,10
633,625,183,0,12
633,626,183,0,12
633,627,183,0,12
633,628,183,0,12
633,629,183,0,12
633,630,183,0,12
633,631,183,0,12
633,632,183,0,12
633,634,183,0,12
633,635,183,0,12
633,636,183,0,12
633,637,183,0,12
633,638,183,0,12
633,639,183,0,12
633,640,183,0,12
633,641,183,0,12
633,642,183,0,12
633,643,183,0,12
633,644,183,0,12
633,645,183,0,12
633,646,183,0,12
633,647,183,0,12
633,648,183,0,12
633,649,183,0,12
633,650,183,0,12
633,651,183,0,12
633,652,183,0,12
633,653,183,0,12
633,654,183,0,12
633,655,183,0,12
633,656,183,0,12
633,657,183,0,12
633,658,183,0,12
633,659,183,0,12
633,660,183,0,12
633,661,183,0,12
633,662,183,0,12
633,663,183,0,12
633,664,183,0,12
633,665,183,0,12
633,666,183,0,12
633,667,183,0,12
633,668,183,0,12
633,669,183,0,12
633,670,183,0,12
633,671,183,0,12
633,672,183,0,12
633,673,183,0,12
633,674,183,0,12
633,675,183,0,12
633,676,183,0,12
633,677,183,0,12
633,678,183,0,12
633,679,183,0,12
633,680,183,0,12
633,681,183,0,12
633,682,183,0,12
633,683,183,0,12
633,684,183,0,12
633,685,183,0,12
633,686,183,0,12
633,687,183,0,12
633,688,183,0,12
633,689,183,0,12
633,690,183,0,12
633,691,183,0,12
633,692,183,0,12
633,693,183,0,12
633,694,183,0,12
633,695,183,0,12
633,696,183,0,12
633,697,183,0,12
633,698,183,0,12
633,699,183,0,12
633,700,183,0,12
633,701,183,0,12
633,702,183,0,12
633,703,183,0,12
633,704,183,0,12
633,705,183,0,12
633,706,183,0,12
633,707,183,0,12
633,708,183,0,12
633,709,183,0,12
633,710,183,0,12
633,711,183,0,12
633,712,183,0,12
633,713,183,0,12
633,714,183,0,12
633,715,183,0,12
633,716,183,0,12
633,717,183,0,12
633,718,183,0,12
633,719,183,0,12
633,720,183,0,12
633,721,183,0,12
633,722,183,0,12
633,723,183,0,12
633,724,183,0,12
637,625,402,0,16
637,626,402,0,16
637,627,402,0,16
637,628,402,0,16
637,629,402,0,16
637,630,402,0,16
637,631,402,0,16
637,632,402,0,16
637,633,402,0,16
637,634,402,0,16
637,635,402,0,16
637,636,402,0,16
637,638,402,0,16
637,639,402,0,16
637,640,402,0,16
637,641,402,0,16
637,642,402,0,16
637,643,402,0,16
637,644,402,0,16
637,645,402,0,16
637,646,402,0,16
637,647,402,0,16
637,648,402,0,16
637,649,402,0,16
637,650,402,0,16
637,651,402,0,16
637,652,402,0,16
637,653,402,0,16
637,654,402,0,16
637,655,402,0,16
637,656,402,0,16
637,657,402,0,16
637,658,402,0,16
637,659,402,0,16
637,660,402,0,16
637,661,402,0,16
637,662,402,0,16
637,663,402,0,16
637,664,402,0,16
637,665,402,0,16
637,666,402,0,16
637,667,402,0,16
637,668,402,0,16
637,669,402,0,16
637,670,402,0,16
637,671,402,0,16
637,672,402,0,16
637,673,402,0,16
637,674,402,0,16
637,675,402,0,16
637,676,402,0,16
637,677,402,0,16
637,678,402,0,16
637,679,402,0,16
637,680,402,0,16
637,681,402,0,16
637,682,402,0,16
637,683,402,0,16
637,684,402,0,16
637,685,402,0,16
637,686,402,0,16
637,687,402,0,16
637,688,402,0,16
637,689,402,0,16
637,690,402,0,16
637,691,402,0,16
637,692,402,0,16
637,693,402,0,16
637,694,402,0,16
637,695,402,0,16
637,696,402,0,16
637,697,402,0,16
637,698,402,0,16
637,699,402,0,16
637,700,402,0,16
637,701,402,0,16
637,702,402,0,16
637,703,402,0,16
637,704,402,0,16
637,705,402,0,16
637,706,402,0,16
637,707,402,0,16
637,708,402,0,16
637,709,402,0,16
637,710,402,0,16
637,711,402,0,16
637,712,402,0,16
637,713,402,0,16
637,714,402,0,16
637,715,402,0,16
637,716,402,0,16
637,717,402,0,16
637,718,402,0,16
637,719,402,0,16
637,720,402,0,16
637,721,402,0,16
637,722,402,0,16
637,723,402,0,16
637,724,402,0,16
644,625,378,0,23
644,626,378,0,23
644,627,378,0,23
644,628,378,0,23
644,629,378,0,23
644,630,378,0,23
644,631,378,0,23
644,632,378,0,23
644,633,378,0,23
644,634,378,0,23
644,635,378,0,23
644,636,378,0,23
644,637,378,0,23
644,638,378,0,23
644,639,378,0,23
644,640,378,0,23
644,641,378,0,23
644,642,378,0,23
644,643,378,0,23
644,645,378,0,23
644,646,378,0,23
644,647,378,0,23
644,648,378,0,23
644,649,378,0,23
644,650,378,0,23
644,651,378,0,23
644,652,378,0,23
644,653,378,0,23
644,654,378,0,23
644,655,378,0,23
644,656,378,0,23
644,657,378,0,23
644,658,378,0,23
644,659,378,0,23
644,660,378,0,23
644,661,378,0,23
644,662,378,0,23
644,663,378,0,23
644,664,378,0,23
644,665,378,0,23
644,666,378,0,23
644,667,378,0,23
644,668,378,0,23
644,669,378,0,23
644,670,378,0,23
644,671,378,0,23
644,672,378,0,23
644,673,378,0,23
644,674,378,0,23
644,675,378,0,23
644,676,378,0,23
644,677,378,0,23
644,678,378,0,23
644,679,378,0,23
644,680,378,0,23
644,681,378,0,23
644,682,378,0,23
644,683,378,0,23
644,684,378,0,23
644,685,378,0,23
644,686,378,0,23
644,687,378,0,23
644,688,378,0,23
644,689,378,0,23
644,690,378,0,23
644,691,378,0,23
644,692,378,0,23
644,693,378,0,23
644,694,378,0,23
644,695,378,0,23
644,696,378,0,23
644,697,378,0,23
644,698,378,0,23
644,699,378,0,23
644,700,378,0,23
644,701,378,0,23
644,702,378,0,23
644,703,378,0,23
644,704,378,0,23
644,705,378,0,23
644,706,378,0,23
644,707,378,0,23
644,708,378,0,23
644,709,378,0,23
644,710,378,0,23
644,711,378,0,23
644,712,378,0,23
644,713,378,0,23
644,714,378,0,23
644,715,378,0,23
644,716,378,0,23
644,717,378,0,23
644,718,378,0,23
644,719,378,0,23
644,720,378,0,23
644,721,378,0,23
644,722,378,0,23
644,723,378,0,23
644,724,378,0,23
654,625,496,0,33
654,626,496,0,33
654,627,496,0,33
654,628,496,0,33
654,629,496,0,33
654,630,496,0,33
654,631,496,0,33
654,632,496,0,33
654,633,496,0,33
654,634,496,0,33
654,635,496,0,33
654,636,496,0,33
654,637,496,0,33
654,638,496,0,33
654,639,496,0,33
654,640,496,0,33
654,641,496,0,33
654,642,496,0,33
654,643,496,0,33
654,644,496,0,33
654,645,496,0,33
654,646,496,0,33
654,647,496,0,33
654,648,496,0,33
654,649,496,0,33
654,650,496,0,33
654,651,496,0,33
654,652,496,0,33
654,653,496,0,33
654,655,496,0,33
654,656,496,0,33
654,657,496,0,33
654,658,496,0,33
654,659,496,0,33
654,660,496,0,33
654,661,496,0,33
654,662,496,0,33
654,663,496,0,33
654,664,496,0,33
654,665,496,0,33
654,666,496,0,33
654,667,496,0,33
654,668,496,0,33
654,669,496,0,33
654,670,496,0,33
654,671,496,0,33
654,672,496,0,33
654,673,496,0,33
654,674,496,0,33
654,675,496,0,33
654,676,496,0,33
654,677,496,0,33
654,678,496,0,33
654,679,496,0,33
654,680,496,0,33
654,681,496,0,33
654,682,496,0,33
654,683,496,0,33
654,684,496,0,33
654,685,496,0,33
654,686,496,0,33
654,687,496,0,33
654,688,496,0,33
654,689,496,0,33
654,690,496,0,33
654,691,496,0,33
654,692,496,0,33
654,693,496,0,33
654,694,496,0,33
654,695,496,0,33
654,696,496,0,33
654,697,496,0,33
654,698,496,0,33
654,699,496,0,33
654,700,496,0,33
654,701,496,0,33
654,702,496,0,33
654,703,496,0,33
654,704,496,0,33
654,705,496,0,33
654,706,496,0,33
654,707,496,0,33
654,708,496,0,33
654,709,496,0,33
654,710,496,0,33
654,711,496,0,33
654,712,496,0,33
654,713,496,0,33
654,714,496,0,33
654,715,496,0,33
654,716,496,0,33
654,717,496,0,33
654,718,496,0,33
654,719,496,0,33
654,720,496,0,33
654,721,496,0,33
654,722,496,0,33
654,723,496,0,33
654,724,496,0,33
694,625,57,0,73
694,626,57,0,73
694,627,57,0,73
694,628,57,0,73
694,629,57,0,73
694,630,57,0,73
694,631,57,0,73
694,632,57,0,73
694,633,57,0,73
694,634,57,0,73
694,635,57,0,73
694,636,57,0,73
694,637,57,0,73
694,638,57,0,73
694,639,57,0,73
694,640,57,0,73
694,641,57,0,73
694,642,57,0,73
694,643,57,0,73
694,644,57,0,73
694,645,57,0,73
694,646,57,0,73
694,647,57,0,73
694,648,57,0,73
694,649,57,0,73
694,650,57,0,73
694,651,57,0,73
694,652,57,0,73
694,653,57,0,73
694,654,57,0,73
694,655,57,0,73
694,656,57,0,73
694,657,57,0,73
694,658,57,0,73
694,659,57,0,73
694,660,57,0,73
694,661,57,0,73
694,662,57,0,73
694,663,57,0,73
694,664,57,0,73
694,665,57,0,73
694,666,57,0,73
694,667,57,0,73
694,668,57,0,73
694,669,57,0,73
694,670,57,0,73
694,671,57,0,73
694,672,57,0,73
694,673,57,0,73
694,674,57,0,73
694,675,57,0,73
694,676,57,0,73
694,677,57,0,73
694,678,57,0,73
694,679,57,0,73
694,680,57,0,73
694,681,57,0,73
694,682,57,0,73
694,683,57,0,73
694,684,57,0,73
694,685,57,0,73
694,686,57,0,73
694,687,57,0,73
694,688,57,0,73
694,689,57,0,73
694,690,57,0,73
694,691,57,0,73
694,692,57,0,73
694,693,57,0,73
694,695,57,0,73
694,696,57,0,73
694,697,57,0,73
694,698,57,0,73
694,699,57,0,73
694,700,57,0,73
694,701,57,0,73
694,702,57,0,73
694,703,57,0,73
694,704,57,0,73
694,705,57,0,73
694,706,57,0,73
694,707,57,0,73
694,708,57,0,73
694,709,57,0,73
694,710,57,0,73
694,711,57,0,73
694,712,57,0,73
694,713,57,0,73
694,714,57,0,73
694,715,57,0,73
694,716,57,0,73
694,717,57,0,73
694,718,57,0,73
694,719,57,0,73
694,720,57,0,73
694,721,57,0,73
694,722,57,0,73
694,723,57,0,73
694,724,57,0,73
696,625,433,0,75
696,626,433,0,75
696,627,433,0,75
696,628,433,0,75
696,629,433,0,75
696,630,433,0,75
696,631,433,0,75
696,632,433,0,75
696,633,433,0,75
696,634,433,0,75
696,635,433,0,75
696,636,433,0,75
696,637,433,0,75
696,638,433,0,75
696,639,433,0,75
696,640,433,0,75
696,641,433,0,75
696,642,433,0,75
696,643,433,0,75
696,644,433,0,75
696,645,433,0,75
696,646,433,0,75
696,647,433,0,75
696,648,433,0,75
696,649,433,0,75
696,650,433,0,75
696,651,433,0,75
696,652,433,0,75
696,653,433,0,75
696,654,433,0,75
696,655,433,0,75
696,656,433,0,75
696,657,433,0,75
696,658,433,0,75
696,659,433,0,75
696,660,433,0,75
696,661,433,0,75
696,662,433,0,75
696,663,433,0,75
696,664,433,0,75
696,665,433,0,75
696,666,433,0,75
696,667,433,0,75
696,668,433,0,75
696,669,433,0,75
696,670,433,0,75
696,671,433,0,75
696,672,433,0,75
696,673,433,0,75
696,674,433,0,75
696,675,433,0,75
696,676,433,0,75
696,677,433,0,75
696,678,433,0,75
696,679,433,0,75
696,680,433,0,75
696,681,433,0,75
696,682,433,0,75
696,683,433,0,75
696,684,433,0,75
696,685,433,0,75
696,686,433,0,75
696,687,433,0,75
696,688,433,0,75
696,689,433,0,75
696,690,433,0,75
696,691,433,0,75
696,692,433,0,75
696,693,433,0,75
696,694,433,0,75
696,695,433,0,75
696,697,433,0,75
696,698,433,0,75
696,699,433,0,75
696,700,433,0,75
696,701,433,0,75
696,702,433,0,75
696,703,433,0,75
696,704,433,0,75
696,705,433,0,75
696,706,433,0,75
696,707,433,0,75
696,708,433,0,75
696,709,433,0,75
696,710,433,0,75
696,711,433,0,75
696,712,433,0,75
696,713,433,0,75
696,714,433,0,75
696,715,433,0,75
696,716,433,0,75
696,717,433,0,75
696,718,433,0,75
696,719,433,0,75
696,720,433,0,75
696,721,433,0,75
696,722,433,0,75
696,723,433,0,75
696,724,433,0,75
701,625,80,0,80
701,626,80,0,80
701,627,80,0,80
701,628,80,0,80
701,629,80,0,80
701,630,80,0,80
701,631,80,0,80
701,632,80,0,80
701,633,80,0,80
701,634,80,0,80
701,635,80,0,80
701,636,80,0,80
701,637,80,0,80
701,638,80,0,80
701,639,80,0,80
701,640,80,0,80
701,641,80,0,80
701,642,80,0,80
701,643,80,0,80
701,644,80,0,80
701,645,80,0,80
701,646,80,0,80
701,647,80,0,80
701,648,80,0,80
701,649,80,0,80
701,650,80,0,80
701,651,80,0,80
701,652,80,0,80
701,653,80,0,80
701,654,80,0,80
701,655,80,0,80
701,656,80,0,80
701,657,80,0,80
701,658,80,0,80
701,659,80,0,80
701,660,80,0,80
701,661,80,0,80
701,662,80,0,80
701,663,80,0,80
701,664,80,0,80
701,665,80,0,80
701,666,80,0,80
701,667,80,0,80
701,668,80,0,80
701,669,80,0,80
701,670,80,0,80
701,671,80,0,80
701,672,80,0,80
701,673,80,0,80
701,674,80,0,80
701,675,80,0,80
701,676,80,0,80
701,677,80,0,80
701,678,80,0,80
701,679,80,0,80
701,680,80,0,80
701,681,80,0,80
701,682,80,0,80
701,683,80,0,80
701,684,80,0,80
701,685,80,0,80
701,686,80,0,80
701,687,80,0,80
701,688,80,0,80
701,689,80,0,80
701,690,80,0,80
701,691,80,0,80
701,692,80,0,80
701,693,80,0,80
701,694,80,0,80
701,695,80,0,80
701,696,80,0,80
701,697,80,0,80
701,698,80,0,80
701,699,80,0,80
701,700,80,0,80
701,702,80,0,80
701,703,80,0,80
701,704,80,0,80
701,705,80,0,80
701,706,80,0,80
701,707,80,0,80
701,708,80,0,80
701,709,80,0,80
701,710,80,0,80
701,711,80,0,80
701,712,80,0,80
701,713,80,0,80
701,714,80,0,80
701,715,80,0,80
701,716,80,0,80
701,717,80,0,80
701,718,80,0,80
701,719,80,0,80
701,720,80,0,80
701,721,80,0,80
701,722,80,0,80
701,723,80,0,80
701,724,80,0,80
