0,693,24,2,1
0,720,25,1,0
1,693,0,0,0
5,693,6,1,0
6,693,7,1,0
6,720,31,2,0
7,693,8,1,0
7,720,32,2,0
8,693,9,1,0
8,720,33,2,0
9,693,10,1,0
9,720,34,2,0
10,693,35,2,0
11,693,36,2,0
11,720,10,0,1
12,693,37,2,0
12,720,11,0,1
13,693,38,2,0
13,720,12,0,1
14,693,39,2,0
18,693,43,2,0
19,693,44,2,0
19,720,20,1,0
20,693,45,2,0
20,720,21,1,0
21,693,46,2,0
21,720,22,1,0
22,693,47,2,0
23,693,22,0,1
23,720,48,2,0
24,693,23,0,1
24,720,49,2,0
25,693,49,3,2
25,720,50,2,0
26,693,25,1,1
30,693,31,2,1
31,693,32,2,1
31,720,56,3,0
32,693,33,2,1
32,720,57,3,0
33,693,34,2,1
33,720,58,3,0
34,693,35,2,1
34,720,59,3,0
36,693,61,3,0
36,720,35,1,2
37,693,62,3,0
37,720,36,1,2
38,693,63,3,0
38,720,37,1,2
39,693,64,3,0
43,693,68,3,0
44,693,69,3,0
44,720,45,2,1
45,693,70,3,0
45,720,46,2,1
46,693,71,3,0
46,720,47,2,1
48,693,47,1,2
48,720,73,3,0
49,693,48,1,2
49,720,74,3,0
50,693,74,3,2
50,720,75,2,0
51,693,50,1,1
55,693,56,2,1
56,693,57,2,1
56,720,81,3,0
57,693,58,2,1
57,720,82,3,0
58,693,59,2,1
58,720,83,3,0
59,693,60,2,1
59,720,84,3,0
60,693,61,2,1
61,693,62,2,1
61,720,60,1,2
62,693,63,2,1
62,720,61,1,2
63,693,64,2,1
63,720,62,1,2
64,693,693,72,0
68,693,67,1,2
69,693,68,1,2
69,720,70,2,1
70,693,69,1,2
70,720,71,2,1
71,693,70,1,2
71,720,72,2,1
72,693,71,1,2
73,693,72,1,2
73,720,98,3,0
74,693,73,1,2
74,720,99,3,0
75,693,99,3,2
75,720,100,2,0
76,693,75,1,1
80,693,81,2,1
81,693,82,2,1
81,720,106,3,0
82,693,83,2,1
82,720,107,3,0
83,693,84,2,1
83,720,108,3,0
84,693,85,2,1
84,720,109,3,0
85,693,60,0,3
85,720,110,3,0
86,693,61,0,3
86,720,85,1,2
87,693,62,0,3
87,720,86,1,2
88,693,63,0,3
88,720,87,1,2
89,693,64,0,3
93,693,68,0,3
94,693,69,0,3
94,720,95,2,1
95,693,70,0,3
95,720,96,2,1
96,693,71,0,3
96,720,97,2,1
97,693,72,0,3
97,720,122,3,0
98,693,97,1,2
98,720,123,3,0
99,693,98,1,2
99,720,124,3,0
100,693,124,3,2
100,720,125,2,0
101,693,100,1,1
105,693,106,2,1
106,693,107,2,1
106,720,131,3,0
107,693,108,2,1
107,720,132,3,0
108,693,109,2,1
108,720,133,3,0
109,693,110,2,1
109,720,134,3,0
110,693,85,0,3
110,720,135,3,0
111,693,86,0,3
111,720,110,1,2
112,693,87,0,3
112,720,111,1,2
113,693,88,0,3
113,720,112,1,2
114,693,89,0,3
118,693,93,0,3
119,693,94,0,3
119,720,120,2,1
120,693,95,0,3
120,720,121,2,1
121,693,96,0,3
121,720,122,2,1
122,693,97,0,3
122,720,147,3,0
123,693,122,1,2
123,720,148,3,0
124,693,123,1,2
124,720,149,3,0
125,693,149,3,2
125,720,150,2,0
126,693,125,1,1
130,693,131,2,1
131,693,132,2,1
131,720,156,3,0
132,693,133,2,1
132,720,157,3,0
133,693,134,2,1
133,720,158,3,0
134,693,135,2,1
134,720,159,3,0
135,693,110,0,3
135,720,160,3,0
136,693,111,0,3
136,720,135,1,2
137,693,112,0,3
137,720,136,1,2
138,693,113,0,3
138,720,137,1,2
139,693,114,0,3
143,693,118,0,3
144,693,119,0,3
144,720,145,2,1
145,693,120,0,3
145,720,146,2,1
146,693,121,0,3
146,720,147,2,1
147,693,122,0,3
147,720,172,3,0
148,693,147,1,2
148,720,173,3,0
149,693,148,1,2
149,720,174,3,0
150,693,174,3,2
150,720,175,2,0
151,693,150,1,1
155,693,156,2,1
156,693,157,2,1
156,720,181,3,0
157,693,158,2,1
157,720,182,3,0
158,693,159,2,1
158,720,183,3,0
159,693,160,2,1
159,720,184,3,0
160,693,135,0,3
160,720,185,3,0
161,693,136,0,3
161,720,160,1,2
162,693,137,0,3
162,720,161,1,2
163,693,138,0,3
163,720,162,1,2
164,693,139,0,3
168,693,143,0,3
169,693,144,0,3
169,720,170,2,1
170,693,145,0,3
170,720,171,2,1
171,693,146,0,3
171,720,172,2,1
172,693,147,0,3
172,720,197,3,0
173,693,172,1,2
173,720,198,3,0
174,693,173,1,2
174,720,199,3,0
175,693,199,3,2
175,720,200,2,0
176,693,175,1,1
180,693,181,2,1
181,693,182,2,1
181,720,206,3,0
182,693,183,2,1
182,720,207,3,0
183,693,184,2,1
183,720,208,3,0
184,693,185,2,1
184,720,209,3,0
185,693,160,0,3
185,720,210,3,0
186,693,161,0,3
186,720,185,1,2
187,693,162,0,3
187,720,186,1,2
188,693,163,0,3
188,720,187,1,2
189,693,164,0,3
193,693,168,0,3
194,693,169,0,3
194,720,195,2,1
195,693,170,0,3
195,720,196,2,1
196,693,171,0,3
196,720,197,2,1
197,693,172,0,3
197,720,222,3,0
198,693,197,1,2
198,720,223,3,0
199,693,198,1,2
199,720,224,3,0
200,693,224,3,2
200,720,225,2,0
201,693,200,1,1
205,693,206,2,1
206,693,207,2,1
206,720,231,3,0
207,693,208,2,1
207,720,232,3,0
208,693,209,2,1
208,720,233,3,0
209,693,210,2,1
209,720,234,3,0
210,693,185,0,3
210,720,235,3,0
211,693,186,0,3
211,720,210,1,2
212,693,187,0,3
212,720,211,1,2
213,693,188,0,3
213,720,212,1,2
214,693,189,0,3
218,693,193,0,3
219,693,194,0,3
219,720,220,2,1
220,693,195,0,3
220,720,221,2,1
221,693,196,0,3
221,720,222,2,1
222,693,197,0,3
222,720,247,3,0
223,693,222,1,2
223,720,248,3,0
224,693,223,1,2
224,720,249,3,0
225,693,249,3,2
225,720,250,2,0
226,693,225,1,1
230,693,231,2,1
231,693,232,2,1
231,720,256,3,0
232,693,233,2,1
232,720,257,3,0
233,693,234,2,1
233,720,258,3,0
234,693,235,2,1
234,720,259,3,0
235,693,210,0,3
235,720,260,3,0
236,693,211,0,3
236,720,235,1,2
237,693,212,0,3
237,720,236,1,2
238,693,213,0,3
238,720,237,1,2
239,693,214,0,3
243,693,218,0,3
244,693,219,0,3
244,720,245,2,1
245,693,220,0,3
245,720,246,2,1
246,693,221,0,3
246,720,247,2,1
247,693,222,0,3
247,720,272,3,0
248,693,247,1,2
248,720,273,3,0
249,693,248,1,2
249,720,274,3,0
250,665,275,2,0
250,693,274,3,2
250,720,275,2,0
251,693,250,1,1
255,693,256,2,1
256,693,257,2,1
256,720,281,3,0
257,665,282,3,0
257,693,258,2,1
257,720,282,3,0
258,665,283,3,0
258,693,259,2,1
258,720,283,3,0
259,665,284,3,0
259,693,260,2,1
259,720,284,3,0
260,665,285,3,0
260,693,235,0,3
260,720,285,3,0
261,693,236,0,3
261,720,260,1,2
262,693,237,0,3
262,720,261,1,2
263,693,238,0,3
263,720,262,1,2
264,693,239,0,3
268,693,243,0,3
269,693,244,0,3
269,720,270,2,1
270,693,245,0,3
270,720,271,2,1
271,693,246,0,3
271,720,272,2,1
272,665,297,3,0
272,693,247,0,3
272,720,297,3,0
273,665,298,3,0
273,693,272,1,2
273,720,298,3,0
274,665,299,3,0
274,693,273,1,2
274,720,299,3,0
275,693,299,3,2
275,720,276,1,1
276,693,275,1,1
280,693,281,2,1
281,693,282,2,1
281,720,720,99,0
282,693,283,2,1
282,720,281,1,2
283,693,284,2,1
283,720,282,1,2
284,693,285,2,1
284,720,283,1,2
285,693,260,0,3
285,720,284,1,2
286,693,261,0,3
286,720,285,1,2
287,693,262,0,3
287,720,286,1,2
288,693,263,0,3
288,720,287,1,2
289,693,264,0,3
293,693,268,0,3
294,693,269,0,3
294,720,295,2,1
295,693,270,0,3
295,720,296,2,1
296,693,271,0,3
296,720,297,2,1
297,693,272,0,3
297,720,298,2,1
298,693,297,1,2
298,720,299,2,1
299,693,298,1,2
299,720,275,2,3
300,693,324,3,2
300,720,275,0,2
301,693,300,1,1
305,693,306,2,1
306,693,307,2,1
306,720,281,0,3
307,693,308,2,1
307,720,282,0,3
308,693,309,2,1
308,720,283,0,3
309,693,310,2,1
309,720,284,0,3
310,693,285,0,3
311,693,286,0,3
311,720,310,1,2
312,693,287,0,3
312,720,311,1,2
313,693,288,0,3
313,720,312,1,2
314,693,289,0,3
318,693,293,0,3
319,693,294,0,3
319,720,320,2,1
320,693,295,0,3
320,720,321,2,1
321,693,296,0,3
321,720,322,2,1
322,693,297,0,3
323,693,322,1,2
323,720,298,0,3
324,693,323,1,2
324,720,299,0,3
325,693,349,3,2
325,720,300,0,2
326,693,325,1,1
330,693,331,2,1
331,693,332,2,1
331,720,306,0,3
332,693,333,2,1
332,720,307,0,3
333,693,334,2,1
333,720,308,0,3
334,693,335,2,1
334,720,309,0,3
335,693,310,0,3
336,693,311,0,3
336,720,335,1,2
337,693,312,0,3
337,720,336,1,2
338,693,313,0,3
338,720,337,1,2
339,693,314,0,3
343,693,318,0,3
344,693,319,0,3
344,720,345,2,1
345,693,320,0,3
345,720,346,2,1
346,693,321,0,3
346,720,347,2,1
347,693,322,0,3
348,693,347,1,2
348,720,323,0,3
349,693,348,1,2
349,720,324,0,3
350,693,374,3,2
350,720,325,0,2
351,693,350,1,1
355,693,356,2,1
356,693,357,2,1
356,720,331,0,3
357,693,358,2,1
357,720,332,0,3
358,693,359,2,1
358,720,333,0,3
359,693,360,2,1
359,720,334,0,3
361,693,336,0,3
361,720,360,1,2
362,693,337,0,3
362,720,361,1,2
363,693,338,0,3
363,720,362,1,2
364,693,339,0,3
368,693,343,0,3
369,693,344,0,3
369,720,370,2,1
370,693,345,0,3
370,720,371,2,1
371,693,346,0,3
371,720,372,2,1
373,693,372,1,2
373,720,348,0,3
374,693,373,1,2
374,720,349,0,3
375,693,399,3,2
375,720,350,0,2
376,693,375,1,1
380,693,381,2,1
381,693,382,2,1
381,720,356,0,3
382,693,383,2,1
382,720,357,0,3
383,693,384,2,1
383,720,358,0,3
384,693,385,2,1
384,720,359,0,3
385,693,410,3,0
386,693,411,3,0
386,720,385,1,2
387,693,412,3,0
387,720,386,1,2
388,693,413,3,0
388,720,387,1,2
389,693,414,3,0
393,693,418,3,0
394,693,419,3,0
394,720,395,2,1
395,693,420,3,0
395,720,396,2,1
396,693,421,3,0
396,720,397,2,1
397,693,422,3,0
398,693,397,1,2
398,720,373,0,3
399,693,398,1,2
399,720,374,0,3
400,693,424,3,2
400,720,375,0,2
401,693,400,1,1
405,693,406,2,1
406,693,407,2,1
406,720,381,0,3
407,693,408,2,1
407,720,382,0,3
408,693,409,2,1
408,720,383,0,3
409,693,410,2,1
409,720,384,0,3
410,693,435,3,0
410,720,385,0,3
411,693,436,3,0
411,720,410,1,2
412,693,437,3,0
412,720,411,1,2
413,693,438,3,0
413,720,412,1,2
414,693,439,3,0
418,693,443,3,0
419,693,444,3,0
419,720,420,2,1
420,693,445,3,0
420,720,421,2,1
421,693,446,3,0
421,720,422,2,1
422,693,447,3,0
422,720,397,0,3
423,693,422,1,2
423,720,398,0,3
424,693,423,1,2
424,720,399,0,3
425,693,449,3,2
425,720,400,0,2
426,693,425,1,1
430,693,431,2,1
431,693,432,2,1
431,720,406,0,3
432,693,433,2,1
432,720,407,0,3
433,693,434,2,1
433,720,408,0,3
434,693,435,2,1
434,720,409,0,3
435,693,460,3,0
435,720,410,0,3
436,693,461,3,0
436,720,435,1,2
437,693,462,3,0
437,720,436,1,2
438,693,463,3,0
438,720,437,1,2
439,693,464,3,0
443,693,468,3,0
444,693,469,3,0
444,720,445,2,1
445,693,470,3,0
445,720,446,2,1
446,693,471,3,0
446,720,447,2,1
447,693,472,3,0
447,720,422,0,3
448,693,447,1,2
448,720,423,0,3
449,693,448,1,2
449,720,424,0,3
450,693,474,3,2
450,720,425,0,2
451,693,450,1,1
455,693,456,2,1
456,693,457,2,1
456,720,431,0,3
457,693,458,2,1
457,720,432,0,3
458,693,459,2,1
458,720,433,0,3
459,693,460,2,1
459,720,434,0,3
460,693,485,3,0
460,720,435,0,3
461,693,486,3,0
461,720,460,1,2
462,693,487,3,0
462,720,461,1,2
463,693,488,3,0
463,720,462,1,2
464,693,489,3,0
468,693,493,3,0
469,693,494,3,0
469,720,470,2,1
470,693,495,3,0
470,720,471,2,1
471,693,496,3,0
471,720,472,2,1
472,693,497,3,0
472,720,447,0,3
473,693,472,1,2
473,720,448,0,3
474,693,473,1,2
474,720,449,0,3
475,693,499,3,2
475,720,450,0,2
476,693,475,1,1
480,693,481,2,1
481,693,482,2,1
481,720,456,0,3
482,693,483,2,1
482,720,457,0,3
483,693,484,2,1
483,720,458,0,3
484,693,485,2,1
484,720,459,0,3
485,693,510,3,0
485,720,460,0,3
486,693,511,3,0
486,720,485,1,2
487,693,512,3,0
487,720,486,1,2
488,693,513,3,0
488,720,487,1,2
489,693,514,3,0
493,693,518,3,0
494,693,519,3,0
494,720,495,2,1
495,693,520,3,0
495,720,496,2,1
496,693,521,3,0
496,720,497,2,1
497,693,522,3,0
497,720,472,0,3
498,693,497,1,2
498,720,473,0,3
499,693,498,1,2
499,720,474,0,3
500,693,524,3,2
500,720,475,0,2
501,693,500,1,1
505,693,506,2,1
506,693,507,2,1
506,720,481,0,3
507,693,508,2,1
507,720,482,0,3
508,693,509,2,1
508,720,483,0,3
509,693,510,2,1
509,720,484,0,3
510,693,535,3,0
510,720,485,0,3
511,693,536,3,0
511,720,510,1,2
512,693,537,3,0
512,720,511,1,2
513,693,538,3,0
513,720,512,1,2
514,693,539,3,0
518,693,543,3,0
519,693,544,3,0
519,720,520,2,1
520,693,545,3,0
520,720,521,2,1
521,693,546,3,0
521,720,522,2,1
522,693,547,3,0
522,720,497,0,3
523,693,522,1,2
523,720,498,0,3
524,693,523,1,2
524,720,499,0,3
525,693,549,3,2
525,720,500,0,2
526,693,525,1,1
530,693,531,2,1
531,693,532,2,1
531,720,506,0,3
532,693,533,2,1
532,720,507,0,3
533,693,534,2,1
533,720,508,0,3
534,693,535,2,1
534,720,509,0,3
535,693,560,3,0
535,720,510,0,3
536,693,561,3,0
536,720,535,1,2
537,693,562,3,0
537,720,536,1,2
538,693,563,3,0
538,720,537,1,2
539,693,564,3,0
543,693,568,3,0
544,693,569,3,0
544,720,545,2,1
545,693,570,3,0
545,720,546,2,1
546,693,571,3,0
546,720,547,2,1
547,693,572,3,0
547,720,522,0,3
548,693,547,1,2
548,720,523,0,3
549,693,548,1,2
549,720,524,0,3
550,665,665,44,0
550,693,574,3,2
550,720,525,0,2
551,693,550,1,1
555,693,556,2,1
556,693,557,2,1
556,720,531,0,3
557,665,556,1,2
557,693,558,2,1
557,720,532,0,3
558,665,557,1,2
558,693,559,2,1
558,720,533,0,3
559,665,558,1,2
559,693,560,2,1
559,720,534,0,3
560,665,559,1,2
560,693,585,3,0
560,720,535,0,3
561,693,586,3,0
561,720,560,1,2
562,693,587,3,0
562,720,561,1,2
563,693,588,3,0
563,720,562,1,2
564,693,589,3,0
568,693,593,3,0
569,693,594,3,0
569,720,570,2,1
570,693,595,3,0
570,720,571,2,1
571,693,596,3,0
571,720,572,2,1
572,665,573,2,1
572,693,597,3,0
572,720,547,0,3
573,665,574,2,1
573,693,572,1,2
573,720,548,0,3
574,665,550,2,3
574,693,573,1,2
574,720,549,0,3
575,665,550,0,2
575,693,599,3,2
575,720,550,0,2
576,693,575,1,1
580,693,581,2,1
581,693,582,2,1
581,720,556,0,3
582,665,557,0,3
582,693,583,2,1
582,720,557,0,3
583,665,558,0,3
583,693,584,2,1
583,720,558,0,3
584,665,559,0,3
584,693,585,2,1
584,720,559,0,3
585,665,560,0,3
585,693,610,3,0
585,720,560,0,3
586,693,611,3,0
586,720,585,1,2
587,693,612,3,0
587,720,586,1,2
588,693,613,3,0
588,720,587,1,2
589,693,614,3,0
593,693,618,3,0
594,693,619,3,0
594,720,595,2,1
595,693,620,3,0
595,720,596,2,1
596,693,621,3,0
596,720,597,2,1
597,665,572,0,3
597,693,622,3,0
597,720,572,0,3
598,665,573,0,3
598,693,597,1,2
598,720,573,0,3
599,665,574,0,3
599,693,598,1,2
599,720,574,0,3
600,693,624,3,2
600,720,0,2,3
601,693,600,1,1
605,693,606,2,1
606,693,607,2,1
606,720,6,3,3
607,693,608,2,1
607,720,7,3,3
608,693,609,2,1
608,720,8,3,3
609,693,610,2,1
609,720,9,3,3
610,693,10,3,3
611,693,11,3,3
611,720,610,1,2
612,693,12,3,3
612,720,611,1,2
613,693,13,3,3
613,720,612,1,2
614,693,14,3,3
618,693,18,3,3
619,693,19,3,3
619,720,620,2,1
620,693,20,3,3
620,720,621,2,1
621,693,21,3,3
621,720,622,2,1
622,693,22,3,3
623,693,622,1,2
623,720,23,3,3
624,693,623,1,2
624,720,24,3,3
665,625,550,0,44
665,626,550,0,44
665,627,550,0,44
665,628,550,0,44
665,629,550,0,44
665,630,550,0,44
665,631,550,0,44
665,632,550,0,44
665,633,550,0,44
665,634,550,0,44
665,635,550,0,44
665,636,550,0,44
665,637,550,0,44
665,638,550,0,44
665,639,550,0,44
665,640,550,0,44
665,641,550,0,44
665,642,550,0,44
665,643,550,0,44
665,644,550,0,44
665,645,550,0,44
665,646,550,0,44
665,647,550,0,44
665,648,550,0,44
665,649,550,0,44
665,650,550,0,44
665,651,550,0,44
665,652,550,0,44
665,653,550,0,44
665,654,550,0,44
665,655,550,0,44
665,656,550,0,44
665,657,550,0,44
665,658,550,0,44
665,659,550,0,44
665,660,550,0,44
665,661,550,0,44
665,662,550,0,44
665,663,550,0,44
665,664,550,0,44
665,666,550,0,44
665,667,550,0,44
665,668,550,0,44
665,669,550,0,44
665,670,550,0,44
665,671,550,0,44
665,672,550,0,44
665,673,550,0,44
665,674,550,0,44
665,675,550,0,44
665,676,550,0,44
665,677,550,0,44
665,678,550,0,44
665,679,550,0,44
665,680,550,0,44
665,681,550,0,44
665,682,550,0,44
665,683,550,0,44
665,684,550,0,44
665,685,550,0,44
665,686,550,0,44
665,687,550,0,44
665,688,550,0,44
665,689,550,0,44
665,690,550,0,44
665,691,550,0,44
665,692,550,0,44
665,693,550,0,44
665,694,550,0,44
665,695,550,0,44
665,696,550,0,44
665,697,550,0,44
665,698,550,0,44
665,699,550,0,44
665,700,550,0,44
665,701,550,0,44
665,702,550,0,44
665,703,550,0,44
665,704,550,0,44
665,705,550,0,44
665,706,550,0,44
665,707,550,0,44
665,708,550,0,44
665,709,550,0,44
665,710,550,0,44
665,711,550,0,44
665,712,550,0,44
665,713,550,0,44
665,714,550,0,44
665,715,550,0,44
665,716,550,0,44
665,717,550,0,44
665,718,550,0,44
665,719,550,0,44
665,720,550,0,44
665,721,550,0,44
665,722,550,0,44
665,723,550,0,44
665,724,550,0,44
693,625,64,0,72
693,626,64,0,72
693,627,64,0,72
693,628,64,0,72
693,629,64,0,72
693,630,64,0,72
693,631,64,0,72
693,632,64,0,72
693,633,64,0,72
693,634,64,0,72
693,635,64,0,72
693,636,64,0,72
693,637,64,0,72
693,638,64,0,72
693,639,64,0,72
693,640,64,0,72
693,641,64,0,72
693,642,64,0,72
693,643,64,0,72
693,644,64,0,72
693,645,64,0,72
693,646,64,0,72
693,647,64,0,72
693,648,64,0,72
693,649,64,0,72
693,650,64,0,72
693,651,64,0,72
693,652,64,0,72
693,653,64,0,72
693,654,64,0,72
693,655,64,0,72
693,656,64,0,72
693,657,64,0,72
693,658,64,0,72
693,659,64,0,72
693,660,64,0,72
693,661,64,0,72
693,662,64,0,72
693,663,64,0,72
693,664,64,0,72
693,665,64,0,72
693,666,64,0,72
693,667,64,0,72
693,668,64,0,72
693,669,64,0,72
693,670,64,0,72
693,671,64,0,72
693,672,64,0,72
693,673,64,0,72
693,674,64,0,72
693,675,64,0,72
693,676,64,0,72
693,677,64,0,72
693,678,64,0,72
693,679,64,0,72
693,680,64,0,72
693,681,64,0,72
693,682,64,0,72
693,683,64,0,72
693,684,64,0,72
693,685,64,0,72
693,686,64,0,72
693,687,64,0,72
693,688,64,0,72
693,689,64,0,72
693,690,64,0,72
693,691,64,0,72
693,692,64,0,72
693,694,64,0,72
693,695,64,0,72
693,696,64,0,72
693,697,64,0,72
693,698,64,0,72
693,699,64,0,72
693,700,64,0,72
693,701,64,0,72
693,702,64,0,72
693,703,64,0,72
693,704,64,0,72
693,705,64,0,72
693,706,64,0,72
693,707,64,0,72
693,708,64,0,72
693,709,64,0,72
693,710,64,0,72
693,711,64,0,72
693,712,64,0,72
693,713,64,0,72
693,714,64,0,72
693,715,64,0,72
693,716,64,0,72
693,717,64,0,72
693,718,64,0,72
693,719,64,0,72
693,720,64,0,72
693,721,64,0,72
693,722,64,0,72
693,723,64,0,72
693,724,64,0,72
720,625,281,0,99
720,626,281,0,99
720,627,281,0,99
720,628,281,0,99
720,629,281,0,99
720,630,281,0,99
720,631,281,0,99
720,632,281,0,99
720,633,281,0,99
720,634,281,0,99
720,635,281,0,99
720,636,281,0,99
720,637,281,0,99
720,638,281,0,99
720,639,281,0,99
720,640,281,0,99
720,641,281,0,99
720,642,281,0,99
720,643,281,0,99
720,644,281,0,99
720,645,281,0,99
720,646,281,0,99
720,647,281,0,99
720,648,281,0,99
720,649,281,0,99
720,650,281,0,99
720,651,281,0,99
720,652,281,0,99
720,653,281,0,99
720,654,281,0,99
720,655,281,0,99
720,656,281,0,99
720,657,281,0,99
720,658,281,0,99
720,659,281,0,99
720,660,281,0,99
720,661,281,0,99
720,662,281,0,99
720,663,281,0,99
720,664,281,0,99
720,665,281,0,99
720,666,281,0,99
720,667,281,0,99
720,668,281,0,99
720,669,281,0,99
720,670,281,0,99
720,671,281,0,99
720,672,281,0,99
720,673,281,0,99
720,674,281,0,99
720,675,281,0,99
720,676,281,0,99
720,677,281,0,99
720,678,281,0,99
720,679,281,0,99
720,680,281,0,99
720,681,281,0,99
720,682,281,0,99
720,683,281,0,99
720,684,281,0,99
720,685,281,0,99
720,686,281,0,99
720,687,281,0,99
720,688,281,0,99
720,689,281,0,99
720,690,281,0,99
720,691,281,0,99
720,692,281,0,99
720,693,281,0,99
720,694,281,0,99
720,695,281,0,99
720,696,281,0,99
720,697,281,0,99
720,698,281,0,99
720,699,281,0,99
720,700,281,0,99
720,701,281,0,99
720,702,281,0,99
720,703,281,0,99
720,704,281,0,99
720,705,281,0,99
720,706,281,0,99
720,707,281,0,99
720,708,281,0,99
720,709,281,0,99
720,710,281,0,99
720,711,281,0,99
720,712,281,0,99
720,713,281,0,99
720,714,281,0,99
720,715,281,0,99
720,716,281,0,99
720,717,281,0,99
720,718,281,0,99
720,719,281,0,99
720,721,281,0,99
720,722,281,0,99
720,723,281,0,99
720,724,281,0,99
