0,659,24,2,1
1,659,2,1,0
1,678,601,3,3
2,659,3,1,0
2,678,602,3,3
3,659,4,1,0
3,663,603,3,3
3,678,603,3,3
3,720,28,2,0
4,627,604,3,3
4,629,5,1,0
4,633,5,1,0
4,644,604,3,3
4,659,5,1,0
4,663,604,3,3
4,678,604,3,3
4,720,29,2,0
5,627,605,3,3
5,629,6,1,0
5,633,6,1,0
5,644,605,3,3
5,659,6,1,0
5,663,605,3,3
5,678,605,3,3
5,720,30,2,0
6,627,606,3,3
6,629,7,1,0
6,633,7,1,0
6,644,606,3,3
6,659,7,1,0
6,663,606,3,3
6,672,7,1,0
6,678,606,3,3
6,720,31,2,0
7,629,607,3,3
7,633,32,2,0
7,644,607,3,3
7,659,32,2,0
7,678,607,3,3
8,627,7,0,1
8,629,608,3,3
8,633,33,2,0
8,644,7,0,1
8,659,33,2,0
8,663,7,0,1
8,678,7,0,1
8,720,7,0,1
9,627,8,0,1
9,629,609,3,3
9,633,34,2,0
9,644,8,0,1
9,659,34,2,0
9,663,8,0,1
9,678,8,0,1
9,720,8,0,1
10,659,35,2,0
10,663,9,0,1
10,678,9,0,1
10,720,9,0,1
11,659,36,2,0
11,678,10,0,1
12,659,37,2,0
12,678,11,0,1
13,659,38,2,0
14,659,39,2,0
14,678,15,1,0
15,659,40,2,0
15,678,16,1,0
16,629,616,3,3
16,659,41,2,0
16,663,17,1,0
16,678,17,1,0
16,720,17,1,0
17,627,18,1,0
17,629,617,3,3
17,633,42,2,0
17,644,18,1,0
17,659,42,2,0
17,663,18,1,0
17,678,18,1,0
17,720,18,1,0
18,627,19,1,0
18,629,618,3,3
18,633,43,2,0
18,644,19,1,0
18,659,43,2,0
18,663,19,1,0
18,678,19,1,0
18,720,19,1,0
19,629,619,3,3
19,633,44,2,0
19,644,619,3,3
19,659,44,2,0
19,678,619,3,3
20,627,620,3,3
20,629,19,0,1
20,633,19,0,1
20,644,620,3,3
20,659,19,0,1
20,663,620,3,3
20,678,620,3,3
20,720,45,2,0
21,627,621,3,3
21,629,20,0,1
21,633,20,0,1
21,644,621,3,3
21,659,20,0,1
21,663,621,3,3
21,678,621,3,3
21,720,46,2,0
22,629,21,0,1
22,659,21,0,1
22,663,622,3,3
22,678,622,3,3
22,720,47,2,0
23,659,22,0,1
23,678,623,3,3
24,659,23,0,1
24,678,624,3,3
25,659,49,3,2
26,659,27,2,1
26,678,1,0,2
27,659,28,2,1
27,678,2,0,2
28,659,29,2,1
28,663,3,0,2
28,678,3,0,2
28,720,53,3,0
29,627,4,0,2
29,629,30,2,1
29,633,30,2,1
29,644,4,0,2
29,659,30,2,1
29,663,4,0,2
29,678,4,0,2
29,720,54,3,0
30,627,5,0,2
30,629,31,2,1
30,633,31,2,1
30,644,5,0,2
30,659,31,2,1
30,663,5,0,2
30,678,5,0,2
30,720,55,3,0
31,627,6,0,2
31,629,32,2,1
31,633,32,2,1
31,644,6,0,2
31,659,32,2,1
31,663,6,0,2
31,672,32,2,1
31,678,6,0,2
31,720,56,3,0
32,633,57,3,0
32,644,7,0,2
32,659,57,3,0
32,678,7,0,2
33,627,32,1,2
33,629,58,3,0
33,633,58,3,0
33,644,32,1,2
33,659,58,3,0
33,663,32,1,2
33,678,32,1,2
33,720,32,1,2
34,627,33,1,2
34,629,59,3,0
34,633,59,3,0
34,644,33,1,2
34,659,59,3,0
34,663,33,1,2
34,678,33,1,2
34,720,33,1,2
35,659,60,3,0
35,663,34,1,2
35,678,34,1,2
35,720,34,1,2
36,659,61,3,0
36,678,35,1,2
37,659,62,3,0
37,678,36,1,2
38,659,63,3,0
39,659,64,3,0
39,678,40,2,1
40,659,65,3,0
40,678,41,2,1
41,629,66,3,0
41,659,66,3,0
41,663,42,2,1
41,678,42,2,1
41,720,42,2,1
42,627,43,2,1
42,629,67,3,0
42,633,67,3,0
42,644,43,2,1
42,659,67,3,0
42,663,43,2,1
42,678,43,2,1
42,720,43,2,1
43,627,44,2,1
43,629,68,3,0
43,633,68,3,0
43,644,44,2,1
43,659,68,3,0
43,663,44,2,1
43,678,44,2,1
43,720,44,2,1
44,633,69,3,0
44,644,19,0,2
44,659,69,3,0
44,678,19,0,2
45,627,20,0,2
45,629,44,1,2
45,633,44,1,2
45,644,20,0,2
45,659,44,1,2
45,663,20,0,2
45,678,20,0,2
45,720,70,3,0
46,627,21,0,2
46,629,45,1,2
46,633,45,1,2
46,644,21,0,2
46,659,45,1,2
46,663,21,0,2
46,678,21,0,2
46,720,71,3,0
47,629,46,1,2
47,659,46,1,2
47,663,22,0,2
47,678,22,0,2
47,720,72,3,0
48,659,47,1,2
48,678,23,0,2
49,659,48,1,2
49,678,24,0,2
50,659,74,3,2
51,659,52,2,1
51,678,26,0,3
52,659,53,2,1
52,678,27,0,3
53,659,54,2,1
53,663,28,0,3
53,678,28,0,3
53,720,78,3,0
54,627,29,0,3
54,629,55,2,1
54,633,55,2,1
54,644,29,0,3
54,659,55,2,1
54,663,29,0,3
54,678,29,0,3
54,720,79,3,0
55,627,30,0,3
55,629,56,2,1
55,633,56,2,1
55,644,30,0,3
55,659,56,2,1
55,663,30,0,3
55,678,30,0,3
55,720,80,3,0
56,627,31,0,3
56,629,57,2,1
56,633,57,2,1
56,644,31,0,3
56,659,57,2,1
56,663,31,0,3
56,672,57,2,1
56,678,31,0,3
56,720,81,3,0
57,644,32,0,3
57,659,82,3,0
57,678,32,0,3
58,627,57,1,2
58,629,83,3,0
58,633,83,3,0
58,644,57,1,2
58,659,83,3,0
58,663,57,1,2
58,678,57,1,2
58,720,57,1,2
59,627,58,1,2
59,629,84,3,0
59,633,84,3,0
59,644,58,1,2
59,659,84,3,0
59,663,58,1,2
59,678,58,1,2
59,720,58,1,2
60,659,85,3,0
60,663,59,1,2
60,678,59,1,2
60,720,59,1,2
61,659,86,3,0
61,678,60,1,2
62,659,87,3,0
62,678,61,1,2
63,659,88,3,0
64,659,89,3,0
64,678,65,2,1
65,659,90,3,0
65,678,66,2,1
66,629,91,3,0
66,659,91,3,0
66,663,67,2,1
66,678,67,2,1
66,720,67,2,1
67,627,68,2,1
67,629,92,3,0
67,633,92,3,0
67,644,68,2,1
67,659,92,3,0
67,663,68,2,1
67,678,68,2,1
67,720,68,2,1
68,627,69,2,1
68,629,93,3,0
68,633,93,3,0
68,644,69,2,1
68,659,93,3,0
68,663,69,2,1
68,678,69,2,1
68,720,69,2,1
69,644,44,0,3
69,659,94,3,0
69,678,44,0,3
70,627,45,0,3
70,629,69,1,2
70,633,69,1,2
70,644,45,0,3
70,659,69,1,2
70,663,45,0,3
70,678,45,0,3
70,720,95,3,0
71,627,46,0,3
71,629,70,1,2
71,633,70,1,2
71,644,46,0,3
71,659,70,1,2
71,663,46,0,3
71,678,46,0,3
71,720,96,3,0
72,629,71,1,2
72,659,71,1,2
72,663,47,0,3
72,678,47,0,3
72,720,97,3,0
73,659,72,1,2
73,678,48,0,3
74,659,73,1,2
74,678,49,0,3
75,659,99,3,2
76,659,77,2,1
76,678,51,0,3
77,659,78,2,1
77,678,52,0,3
78,659,79,2,1
78,663,53,0,3
78,678,53,0,3
78,720,103,3,0
79,627,54,0,3
79,629,80,2,1
79,633,80,2,1
79,644,104,3,0
79,659,80,2,1
79,663,54,0,3
79,678,54,0,3
79,720,104,3,0
80,627,55,0,3
80,629,81,2,1
80,633,81,2,1
80,644,105,3,0
80,659,81,2,1
80,663,55,0,3
80,678,55,0,3
80,720,105,3,0
81,627,56,0,3
81,629,82,2,1
81,633,82,2,1
81,644,106,3,0
81,659,82,2,1
81,663,56,0,3
81,672,82,2,1
81,678,56,0,3
81,720,106,3,0
82,659,83,2,1
82,663,57,0,3
82,678,57,0,3
82,720,107,3,0
83,627,82,1,2
83,629,108,3,0
83,633,108,3,0
83,644,82,1,2
83,659,84,2,1
83,663,82,1,2
83,678,82,1,2
83,720,82,1,2
84,627,83,1,2
84,629,109,3,0
84,633,109,3,0
84,644,83,1,2
84,659,85,2,1
84,663,83,1,2
84,678,83,1,2
84,720,83,1,2
85,659,86,2,1
85,663,84,1,2
85,678,84,1,2
85,720,84,1,2
86,659,87,2,1
86,678,85,1,2
87,659,88,2,1
87,678,86,1,2
88,659,659,38,0
89,659,88,1,2
89,678,90,2,1
90,659,89,1,2
90,678,91,2,1
91,629,116,3,0
91,659,90,1,2
91,663,92,2,1
91,678,92,2,1
91,720,92,2,1
92,627,93,2,1
92,629,117,3,0
92,633,117,3,0
92,644,93,2,1
92,659,91,1,2
92,663,93,2,1
92,678,93,2,1
92,720,93,2,1
93,627,94,2,1
93,629,118,3,0
93,633,118,3,0
93,644,94,2,1
93,659,92,1,2
93,663,94,2,1
93,678,94,2,1
93,720,94,2,1
94,659,93,1,2
94,663,69,0,3
94,678,69,0,3
94,720,119,3,0
95,627,70,0,3
95,629,94,1,2
95,633,94,1,2
95,644,120,3,0
95,659,94,1,2
95,663,70,0,3
95,678,70,0,3
95,720,120,3,0
96,627,71,0,3
96,629,95,1,2
96,633,95,1,2
96,644,121,3,0
96,659,95,1,2
96,663,71,0,3
96,678,71,0,3
96,720,121,3,0
97,629,96,1,2
97,659,96,1,2
97,663,72,0,3
97,678,72,0,3
97,720,122,3,0
98,659,97,1,2
98,678,73,0,3
99,659,98,1,2
99,678,74,0,3
100,659,124,3,2
101,659,102,2,1
101,678,126,3,0
102,659,103,2,1
102,678,127,3,0
103,659,104,2,1
103,663,78,0,3
103,678,128,3,0
103,720,128,3,0
104,627,79,0,3
104,629,105,2,1
104,633,105,2,1
104,644,129,3,0
104,659,105,2,1
104,663,79,0,3
104,678,129,3,0
104,720,129,3,0
105,627,80,0,3
105,629,106,2,1
105,633,106,2,1
105,644,130,3,0
105,659,106,2,1
105,663,80,0,3
105,678,130,3,0
105,720,130,3,0
106,627,81,0,3
106,629,107,2,1
106,633,107,2,1
106,644,131,3,0
106,659,107,2,1
106,663,81,0,3
106,672,107,2,1
106,678,131,3,0
106,720,131,3,0
107,659,82,0,3
107,663,82,0,3
107,720,132,3,0
108,627,107,1,2
108,629,133,3,0
108,633,133,3,0
108,644,107,1,2
108,659,83,0,3
108,663,107,1,2
108,678,107,1,2
108,720,107,1,2
109,627,108,1,2
109,629,134,3,0
109,633,134,3,0
109,644,108,1,2
109,659,84,0,3
109,663,108,1,2
109,678,108,1,2
109,720,108,1,2
110,659,85,0,3
110,663,109,1,2
110,678,109,1,2
110,720,109,1,2
111,659,86,0,3
111,678,110,1,2
112,659,87,0,3
112,678,111,1,2
113,659,88,0,3
114,659,89,0,3
114,678,115,2,1
115,659,90,0,3
115,678,116,2,1
116,629,141,3,0
116,659,91,0,3
116,663,117,2,1
116,678,117,2,1
116,720,117,2,1
117,627,118,2,1
117,629,142,3,0
117,633,142,3,0
117,644,118,2,1
117,659,92,0,3
117,663,118,2,1
117,678,118,2,1
117,720,118,2,1
118,627,119,2,1
118,629,143,3,0
118,633,143,3,0
118,644,119,2,1
118,659,93,0,3
118,663,119,2,1
118,678,119,2,1
118,720,119,2,1
119,659,94,0,3
119,663,94,0,3
119,720,144,3,0
120,627,95,0,3
120,629,119,1,2
120,633,119,1,2
120,644,145,3,0
120,659,119,1,2
120,663,95,0,3
120,678,145,3,0
120,720,145,3,0
121,627,96,0,3
121,629,120,1,2
121,633,120,1,2
121,644,146,3,0
121,659,120,1,2
121,663,96,0,3
121,678,146,3,0
121,720,146,3,0
122,629,121,1,2
122,659,121,1,2
122,663,97,0,3
122,678,147,3,0
122,720,147,3,0
123,659,122,1,2
123,678,148,3,0
124,659,123,1,2
124,678,149,3,0
125,659,149,3,2
126,659,127,2,1
126,678,151,3,0
127,659,128,2,1
127,678,152,3,0
128,659,129,2,1
128,663,103,0,3
128,678,153,3,0
128,720,153,3,0
129,627,104,0,3
129,629,130,2,1
129,633,130,2,1
129,644,154,3,0
129,659,130,2,1
129,663,104,0,3
129,678,154,3,0
129,720,154,3,0
130,627,105,0,3
130,629,131,2,1
130,633,131,2,1
130,644,155,3,0
130,659,131,2,1
130,663,105,0,3
130,678,155,3,0
130,720,155,3,0
131,627,106,0,3
131,629,132,2,1
131,633,132,2,1
131,644,156,3,0
131,659,132,2,1
131,663,106,0,3
131,672,132,2,1
131,678,156,3,0
131,720,156,3,0
132,627,107,0,3
132,659,107,0,3
132,663,107,0,3
132,678,157,3,0
132,720,157,3,0
133,627,132,1,2
133,629,158,3,0
133,633,158,3,0
133,644,132,1,2
133,659,108,0,3
133,663,132,1,2
133,678,132,1,2
133,720,132,1,2
134,627,133,1,2
134,629,159,3,0
134,633,159,3,0
134,644,133,1,2
134,659,109,0,3
134,663,133,1,2
134,678,133,1,2
134,720,133,1,2
135,659,110,0,3
135,663,134,1,2
135,678,134,1,2
135,720,134,1,2
136,659,111,0,3
136,678,135,1,2
137,659,112,0,3
137,678,136,1,2
138,659,113,0,3
139,659,114,0,3
139,678,140,2,1
140,659,115,0,3
140,678,141,2,1
141,629,166,3,0
141,659,116,0,3
141,663,142,2,1
141,678,142,2,1
141,720,142,2,1
142,627,143,2,1
142,629,167,3,0
142,633,167,3,0
142,644,143,2,1
142,659,117,0,3
142,663,143,2,1
142,678,143,2,1
142,720,143,2,1
143,627,144,2,1
143,629,168,3,0
143,633,168,3,0
143,644,144,2,1
143,659,118,0,3
143,663,144,2,1
143,678,144,2,1
143,720,144,2,1
144,627,119,0,3
144,659,119,0,3
144,663,119,0,3
144,678,169,3,0
144,720,169,3,0
145,627,120,0,3
145,629,144,1,2
145,633,144,1,2
145,644,170,3,0
145,659,144,1,2
145,663,120,0,3
145,678,170,3,0
145,720,170,3,0
146,627,121,0,3
146,629,145,1,2
146,633,145,1,2
146,644,171,3,0
146,659,145,1,2
146,663,121,0,3
146,678,171,3,0
146,720,171,3,0
147,629,146,1,2
147,659,146,1,2
147,663,122,0,3
147,678,172,3,0
147,720,172,3,0
148,659,147,1,2
148,678,173,3,0
149,659,148,1,2
149,678,174,3,0
150,659,174,3,2
151,659,152,2,1
151,678,176,3,0
152,659,153,2,1
152,678,177,3,0
153,659,154,2,1
153,663,128,0,3
153,678,178,3,0
153,720,178,3,0
154,627,129,0,3
154,629,155,2,1
154,633,155,2,1
154,644,179,3,0
154,659,155,2,1
154,663,129,0,3
154,678,179,3,0
154,720,179,3,0
155,627,130,0,3
155,629,156,2,1
155,633,156,2,1
155,644,180,3,0
155,659,156,2,1
155,663,130,0,3
155,678,180,3,0
155,720,180,3,0
156,627,131,0,3
156,629,157,2,1
156,633,157,2,1
156,644,181,3,0
156,659,157,2,1
156,663,131,0,3
156,672,157,2,1
156,678,181,3,0
156,720,181,3,0
157,627,132,0,3
157,629,182,3,0
157,659,132,0,3
157,663,132,0,3
157,672,672,51,0
157,678,182,3,0
157,720,182,3,0
158,627,157,1,2
158,629,183,3,0
158,633,183,3,0
158,644,157,1,2
158,659,133,0,3
158,663,157,1,2
158,678,157,1,2
158,720,157,1,2
159,627,158,1,2
159,629,184,3,0
159,633,184,3,0
159,644,158,1,2
159,659,134,0,3
159,663,158,1,2
159,678,158,1,2
159,720,158,1,2
160,659,135,0,3
160,663,159,1,2
160,678,159,1,2
160,720,159,1,2
161,659,136,0,3
161,678,160,1,2
162,659,137,0,3
162,678,161,1,2
163,659,138,0,3
164,659,139,0,3
164,678,165,2,1
165,659,140,0,3
165,678,166,2,1
166,629,191,3,0
166,659,141,0,3
166,663,167,2,1
166,678,167,2,1
166,720,167,2,1
167,627,168,2,1
167,629,192,3,0
167,633,192,3,0
167,644,168,2,1
167,659,142,0,3
167,663,168,2,1
167,678,168,2,1
167,720,168,2,1
168,627,169,2,1
168,629,193,3,0
168,633,193,3,0
168,644,169,2,1
168,659,143,0,3
168,663,169,2,1
168,678,169,2,1
168,720,169,2,1
169,627,144,0,3
169,629,194,3,0
169,659,144,0,3
169,663,144,0,3
169,672,168,1,2
169,678,194,3,0
169,720,194,3,0
170,627,145,0,3
170,629,169,1,2
170,633,169,1,2
170,644,195,3,0
170,659,169,1,2
170,663,145,0,3
170,678,195,3,0
170,720,195,3,0
171,627,146,0,3
171,629,170,1,2
171,633,170,1,2
171,644,196,3,0
171,659,170,1,2
171,663,146,0,3
171,678,196,3,0
171,720,196,3,0
172,629,171,1,2
172,659,171,1,2
172,663,147,0,3
172,678,197,3,0
172,720,197,3,0
173,659,172,1,2
173,678,198,3,0
174,659,173,1,2
174,678,199,3,0
175,659,199,3,2
176,659,177,2,1
176,678,201,3,0
177,659,178,2,1
177,678,202,3,0
178,659,179,2,1
178,663,153,0,3
178,678,203,3,0
178,720,203,3,0
179,627,154,0,3
179,629,180,2,1
179,633,180,2,1
179,644,204,3,0
179,659,180,2,1
179,663,154,0,3
179,678,204,3,0
179,720,204,3,0
180,627,155,0,3
180,629,181,2,1
180,633,181,2,1
180,644,205,3,0
180,659,181,2,1
180,663,155,0,3
180,678,205,3,0
180,720,205,3,0
181,627,156,0,3
181,629,182,2,1
181,633,182,2,1
181,644,206,3,0
181,659,182,2,1
181,663,156,0,3
181,672,182,2,1
181,678,206,3,0
181,720,206,3,0
182,627,157,0,3
182,629,207,3,0
182,633,183,2,1
182,659,157,0,3
182,663,157,0,3
182,672,157,0,3
182,678,207,3,0
182,720,207,3,0
183,627,182,1,2
183,629,208,3,0
183,633,184,2,1
183,644,182,1,2
183,659,158,0,3
183,663,182,1,2
183,678,182,1,2
183,720,182,1,2
184,627,183,1,2
184,629,209,3,0
184,633,633,12,0
184,644,183,1,2
184,659,159,0,3
184,663,183,1,2
184,678,183,1,2
184,720,183,1,2
185,659,160,0,3
185,663,184,1,2
185,678,184,1,2
185,720,184,1,2
186,659,161,0,3
186,678,185,1,2
187,659,162,0,3
187,678,186,1,2
188,659,163,0,3
189,659,164,0,3
189,678,190,2,1
190,659,165,0,3
190,678,191,2,1
191,629,216,3,0
191,659,166,0,3
191,663,192,2,1
191,678,192,2,1
191,720,192,2,1
192,627,193,2,1
192,629,217,3,0
192,633,191,1,2
192,644,193,2,1
192,659,167,0,3
192,663,193,2,1
192,678,193,2,1
192,720,193,2,1
193,627,194,2,1
193,629,218,3,0
193,633,192,1,2
193,644,194,2,1
193,659,168,0,3
193,663,194,2,1
193,678,194,2,1
193,720,194,2,1
194,627,169,0,3
194,629,219,3,0
194,633,193,1,2
194,659,169,0,3
194,663,169,0,3
194,672,169,0,3
194,678,219,3,0
194,720,219,3,0
195,627,170,0,3
195,629,194,1,2
195,633,194,1,2
195,644,220,3,0
195,659,194,1,2
195,663,170,0,3
195,678,220,3,0
195,720,220,3,0
196,627,171,0,3
196,629,195,1,2
196,633,195,1,2
196,644,221,3,0
196,659,195,1,2
196,663,171,0,3
196,678,221,3,0
196,720,221,3,0
197,629,196,1,2
197,659,196,1,2
197,663,172,0,3
197,678,222,3,0
197,720,222,3,0
198,659,197,1,2
198,678,223,3,0
199,659,198,1,2
199,678,224,3,0
200,659,224,3,2
201,659,202,2,1
201,678,226,3,0
202,659,203,2,1
202,678,227,3,0
203,659,204,2,1
203,663,178,0,3
203,678,228,3,0
203,720,228,3,0
204,627,179,0,3
204,629,205,2,1
204,633,205,2,1
204,644,229,3,0
204,659,205,2,1
204,663,179,0,3
204,678,229,3,0
204,720,229,3,0
205,627,180,0,3
205,629,206,2,1
205,633,206,2,1
205,644,230,3,0
205,659,206,2,1
205,663,180,0,3
205,678,230,3,0
205,720,230,3,0
206,627,181,0,3
206,629,207,2,1
206,633,207,2,1
206,644,231,3,0
206,659,207,2,1
206,663,181,0,3
206,672,207,2,1
206,678,231,3,0
206,720,231,3,0
207,627,182,0,3
207,629,232,3,0
207,633,182,0,3
207,644,232,3,0
207,659,182,0,3
207,663,182,0,3
207,672,182,0,3
207,678,232,3,0
207,720,232,3,0
208,627,207,1,2
208,629,233,3,0
208,633,183,0,3
208,644,207,1,2
208,659,183,0,3
208,663,207,1,2
208,678,207,1,2
208,720,207,1,2
209,627,208,1,2
209,629,234,3,0
209,633,184,0,3
209,644,208,1,2
209,659,184,0,3
209,663,208,1,2
209,678,208,1,2
209,720,208,1,2
210,659,185,0,3
210,663,209,1,2
210,678,209,1,2
210,720,209,1,2
211,659,186,0,3
211,678,210,1,2
212,659,187,0,3
212,678,211,1,2
213,659,188,0,3
214,659,189,0,3
214,678,215,2,1
215,659,190,0,3
215,678,216,2,1
216,629,241,3,0
216,659,191,0,3
216,663,217,2,1
216,678,217,2,1
216,720,217,2,1
217,627,218,2,1
217,629,242,3,0
217,633,192,0,3
217,644,218,2,1
217,659,192,0,3
217,663,218,2,1
217,678,218,2,1
217,720,218,2,1
218,627,219,2,1
218,629,243,3,0
218,633,193,0,3
218,644,219,2,1
218,659,193,0,3
218,663,219,2,1
218,678,219,2,1
218,720,219,2,1
219,627,194,0,3
219,629,244,3,0
219,633,194,0,3
219,644,244,3,0
219,659,194,0,3
219,663,194,0,3
219,672,194,0,3
219,678,244,3,0
219,720,244,3,0
220,627,195,0,3
220,629,219,1,2
220,633,219,1,2
220,644,245,3,0
220,659,219,1,2
220,663,195,0,3
220,678,245,3,0
220,720,245,3,0
221,627,196,0,3
221,629,220,1,2
221,633,220,1,2
221,644,246,3,0
221,659,220,1,2
221,663,196,0,3
221,678,246,3,0
221,720,246,3,0
222,629,221,1,2
222,659,221,1,2
222,663,197,0,3
222,678,247,3,0
222,720,247,3,0
223,659,222,1,2
223,678,248,3,0
224,659,223,1,2
224,678,249,3,0
225,659,249,3,2
226,659,227,2,1
226,678,251,3,0
227,659,228,2,1
227,678,252,3,0
228,659,229,2,1
228,663,203,0,3
228,678,253,3,0
228,720,253,3,0
229,627,204,0,3
229,629,230,2,1
229,633,230,2,1
229,644,254,3,0
229,659,230,2,1
229,663,204,0,3
229,678,254,3,0
229,720,254,3,0
230,627,205,0,3
230,629,231,2,1
230,633,231,2,1
230,644,255,3,0
230,659,231,2,1
230,663,205,0,3
230,678,255,3,0
230,720,255,3,0
231,627,206,0,3
231,629,232,2,1
231,633,232,2,1
231,644,256,3,0
231,659,232,2,1
231,663,206,0,3
231,672,232,2,1
231,678,256,3,0
231,720,256,3,0
232,627,207,0,3
232,629,257,3,0
232,633,207,0,3
232,644,257,3,0
232,659,207,0,3
232,663,207,0,3
232,678,257,3,0
232,720,257,3,0
233,627,232,1,2
233,629,258,3,0
233,633,208,0,3
233,644,232,1,2
233,659,208,0,3
233,663,232,1,2
233,678,232,1,2
233,720,232,1,2
234,627,233,1,2
234,629,259,3,0
234,633,209,0,3
234,644,233,1,2
234,659,209,0,3
234,663,233,1,2
234,678,233,1,2
234,720,233,1,2
235,659,210,0,3
235,663,234,1,2
235,678,234,1,2
235,720,234,1,2
236,659,211,0,3
236,678,235,1,2
237,659,212,0,3
237,678,236,1,2
238,659,213,0,3
239,659,214,0,3
239,678,240,2,1
240,659,215,0,3
240,678,241,2,1
241,629,266,3,0
241,659,216,0,3
241,663,242,2,1
241,678,242,2,1
241,720,242,2,1
242,627,243,2,1
242,629,267,3,0
242,633,217,0,3
242,644,243,2,1
242,659,217,0,3
242,663,243,2,1
242,678,243,2,1
242,720,243,2,1
243,627,244,2,1
243,629,268,3,0
243,633,218,0,3
243,644,244,2,1
243,659,218,0,3
243,663,244,2,1
243,678,244,2,1
243,720,244,2,1
244,627,219,0,3
244,629,269,3,0
244,633,219,0,3
244,644,269,3,0
244,659,219,0,3
244,663,219,0,3
244,678,269,3,0
244,720,269,3,0
245,627,220,0,3
245,629,244,1,2
245,633,244,1,2
245,644,270,3,0
245,659,244,1,2
245,663,220,0,3
245,678,270,3,0
245,720,270,3,0
246,627,221,0,3
246,629,245,1,2
246,633,245,1,2
246,644,271,3,0
246,659,245,1,2
246,663,221,0,3
246,678,271,3,0
246,720,271,3,0
247,629,246,1,2
247,659,246,1,2
247,663,222,0,3
247,678,272,3,0
247,720,272,3,0
248,659,247,1,2
248,678,273,3,0
249,659,248,1,2
249,678,274,3,0
250,659,274,3,2
251,659,252,2,1
251,678,276,3,0
252,659,253,2,1
252,678,277,3,0
253,659,254,2,1
253,663,228,0,3
253,678,278,3,0
253,720,278,3,0
254,627,229,0,3
254,629,255,2,1
254,633,255,2,1
254,644,279,3,0
254,659,255,2,1
254,663,229,0,3
254,678,279,3,0
254,720,279,3,0
255,627,230,0,3
255,629,256,2,1
255,633,256,2,1
255,644,280,3,0
255,659,256,2,1
255,663,230,0,3
255,678,280,3,0
255,720,280,3,0
256,627,231,0,3
256,629,257,2,1
256,633,257,2,1
256,644,281,3,0
256,659,257,2,1
256,663,231,0,3
256,672,257,2,1
256,678,281,3,0
256,720,281,3,0
257,627,232,0,3
257,629,282,3,0
257,633,232,0,3
257,644,282,3,0
257,659,232,0,3
257,663,232,0,3
257,678,282,3,0
257,720,282,3,0
258,627,257,1,2
258,629,283,3,0
258,633,233,0,3
258,644,257,1,2
258,659,233,0,3
258,663,257,1,2
258,678,257,1,2
258,720,257,1,2
259,627,258,1,2
259,629,284,3,0
259,633,234,0,3
259,644,258,1,2
259,659,234,0,3
259,663,258,1,2
259,678,258,1,2
259,720,258,1,2
260,659,235,0,3
260,663,259,1,2
260,678,259,1,2
260,720,259,1,2
261,659,236,0,3
261,678,260,1,2
262,659,237,0,3
262,678,261,1,2
263,659,238,0,3
264,659,239,0,3
264,678,265,2,1
265,659,240,0,3
265,678,266,2,1
266,629,291,3,0
266,659,241,0,3
266,663,267,2,1
266,678,267,2,1
266,720,267,2,1
267,627,268,2,1
267,629,292,3,0
267,633,242,0,3
267,644,268,2,1
267,659,242,0,3
267,663,268,2,1
267,678,268,2,1
267,720,268,2,1
268,627,269,2,1
268,629,293,3,0
268,633,243,0,3
268,644,269,2,1
268,659,243,0,3
268,663,269,2,1
268,678,269,2,1
268,720,269,2,1
269,627,244,0,3
269,629,294,3,0
269,633,244,0,3
269,644,294,3,0
269,659,244,0,3
269,663,244,0,3
269,678,294,3,0
269,720,294,3,0
270,627,245,0,3
270,629,269,1,2
270,633,269,1,2
270,644,295,3,0
270,659,269,1,2
270,663,245,0,3
270,678,295,3,0
270,720,295,3,0
271,627,246,0,3
271,629,270,1,2
271,633,270,1,2
271,644,296,3,0
271,659,270,1,2
271,663,246,0,3
271,678,296,3,0
271,720,296,3,0
272,629,271,1,2
272,659,271,1,2
272,663,247,0,3
272,678,297,3,0
272,720,297,3,0
273,659,272,1,2
273,678,298,3,0
274,659,273,1,2
274,678,299,3,0
275,659,299,3,2
276,659,277,2,1
276,678,301,3,0
277,659,278,2,1
277,678,302,3,0
278,659,279,2,1
278,663,253,0,3
278,678,303,3,0
278,720,720,99,0
279,627,254,0,3
279,629,280,2,1
279,633,280,2,1
279,644,304,3,0
279,659,280,2,1
279,663,254,0,3
279,678,304,3,0
279,720,278,1,2
280,627,255,0,3
280,629,281,2,1
280,633,281,2,1
280,644,305,3,0
280,659,281,2,1
280,663,255,0,3
280,678,305,3,0
280,720,279,1,2
281,627,256,0,3
281,629,282,2,1
281,633,282,2,1
281,644,306,3,0
281,659,282,2,1
281,663,256,0,3
281,672,282,2,1
281,678,306,3,0
281,720,280,1,2
282,627,257,0,3
282,629,307,3,0
282,633,257,0,3
282,644,307,3,0
282,659,257,0,3
282,663,257,0,3
282,678,307,3,0
282,720,281,1,2
283,627,282,1,2
283,629,308,3,0
283,633,258,0,3
283,644,282,1,2
283,659,258,0,3
283,663,282,1,2
283,678,282,1,2
283,720,282,1,2
284,627,283,1,2
284,629,309,3,0
284,633,259,0,3
284,644,283,1,2
284,659,259,0,3
284,663,283,1,2
284,678,283,1,2
284,720,283,1,2
285,659,260,0,3
285,663,284,1,2
285,678,284,1,2
285,720,284,1,2
286,659,261,0,3
286,678,285,1,2
287,659,262,0,3
287,678,286,1,2
288,659,263,0,3
289,659,264,0,3
289,678,290,2,1
290,659,265,0,3
290,678,291,2,1
291,629,316,3,0
291,659,266,0,3
291,663,292,2,1
291,678,292,2,1
291,720,292,2,1
292,627,293,2,1
292,629,317,3,0
292,633,267,0,3
292,644,293,2,1
292,659,267,0,3
292,663,293,2,1
292,678,293,2,1
292,720,293,2,1
293,627,294,2,1
293,629,318,3,0
293,633,268,0,3
293,644,294,2,1
293,659,268,0,3
293,663,294,2,1
293,678,294,2,1
293,720,294,2,1
294,627,269,0,3
294,629,319,3,0
294,633,269,0,3
294,644,319,3,0
294,659,269,0,3
294,663,269,0,3
294,678,319,3,0
294,720,295,2,1
295,627,270,0,3
295,629,294,1,2
295,633,294,1,2
295,644,320,3,0
295,659,294,1,2
295,663,270,0,3
295,678,320,3,0
295,720,296,2,1
296,627,271,0,3
296,629,295,1,2
296,633,295,1,2
296,644,321,3,0
296,659,295,1,2
296,663,271,0,3
296,678,321,3,0
296,720,297,2,1
297,629,296,1,2
297,659,296,1,2
297,663,272,0,3
297,678,322,3,0
297,720,298,2,1
298,659,297,1,2
298,678,323,3,0
299,659,298,1,2
299,678,324,3,0
300,659,324,3,2
301,659,302,2,1
301,678,326,3,0
302,659,303,2,1
302,678,327,3,0
303,659,304,2,1
303,663,328,3,0
303,678,328,3,0
303,720,278,0,3
304,627,329,3,0
304,629,305,2,1
304,633,305,2,1
304,644,329,3,0
304,659,305,2,1
304,663,329,3,0
304,678,329,3,0
304,720,279,0,3
305,627,330,3,0
305,629,306,2,1
305,633,306,2,1
305,644,330,3,0
305,659,306,2,1
305,663,330,3,0
305,678,330,3,0
305,720,280,0,3
306,627,331,3,0
306,629,307,2,1
306,633,307,2,1
306,644,331,3,0
306,659,307,2,1
306,663,331,3,0
306,672,307,2,1
306,678,331,3,0
306,720,281,0,3
307,629,332,3,0
307,633,282,0,3
307,644,332,3,0
307,659,282,0,3
307,678,332,3,0
308,627,307,1,2
308,629,333,3,0
308,633,283,0,3
308,644,307,1,2
308,659,283,0,3
308,663,307,1,2
308,678,307,1,2
308,720,307,1,2
309,627,308,1,2
309,629,334,3,0
309,633,284,0,3
309,644,308,1,2
309,659,284,0,3
309,663,308,1,2
309,678,308,1,2
309,720,308,1,2
310,659,285,0,3
310,663,309,1,2
310,678,309,1,2
310,720,309,1,2
311,659,286,0,3
311,678,310,1,2
312,659,287,0,3
312,678,311,1,2
313,659,288,0,3
314,659,289,0,3
314,678,315,2,1
315,659,290,0,3
315,678,316,2,1
316,629,341,3,0
316,659,291,0,3
316,663,317,2,1
316,678,317,2,1
316,720,317,2,1
317,627,318,2,1
317,629,342,3,0
317,633,292,0,3
317,644,318,2,1
317,659,292,0,3
317,663,318,2,1
317,678,318,2,1
317,720,318,2,1
318,627,319,2,1
318,629,343,3,0
318,633,293,0,3
318,644,319,2,1
318,659,293,0,3
318,663,319,2,1
318,678,319,2,1
318,720,319,2,1
319,629,344,3,0
319,633,294,0,3
319,644,344,3,0
319,659,294,0,3
319,678,344,3,0
320,627,345,3,0
320,629,319,1,2
320,633,319,1,2
320,644,345,3,0
320,659,319,1,2
320,663,345,3,0
320,678,345,3,0
320,720,295,0,3
321,627,346,3,0
321,629,320,1,2
321,633,320,1,2
321,644,346,3,0
321,659,320,1,2
321,663,346,3,0
321,678,346,3,0
321,720,296,0,3
322,629,321,1,2
322,659,321,1,2
322,663,347,3,0
322,678,347,3,0
322,720,297,0,3
323,659,322,1,2
323,678,348,3,0
324,659,323,1,2
324,678,349,3,0
325,659,349,3,2
326,659,327,2,1
326,678,351,3,0
327,659,328,2,1
327,678,352,3,0
328,659,329,2,1
328,663,353,3,0
328,678,353,3,0
328,720,303,0,3
329,627,354,3,0
329,629,330,2,1
329,633,330,2,1
329,644,354,3,0
329,659,330,2,1
329,663,354,3,0
329,678,354,3,0
329,720,304,0,3
330,627,355,3,0
330,629,331,2,1
330,633,331,2,1
330,644,355,3,0
330,659,331,2,1
330,663,355,3,0
330,678,355,3,0
330,720,305,0,3
331,627,356,3,0
331,629,332,2,1
331,633,332,2,1
331,644,356,3,0
331,659,332,2,1
331,663,356,3,0
331,672,332,2,1
331,678,356,3,0
331,720,306,0,3
332,629,333,2,1
332,633,307,0,3
332,644,357,3,0
332,659,307,0,3
332,678,357,3,0
333,627,332,1,2
333,629,334,2,1
333,633,308,0,3
333,644,332,1,2
333,659,308,0,3
333,663,332,1,2
333,678,332,1,2
333,720,332,1,2
334,627,333,1,2
334,629,335,2,1
334,633,309,0,3
334,644,333,1,2
334,659,309,0,3
334,663,333,1,2
334,678,333,1,2
334,720,333,1,2
335,659,310,0,3
335,663,334,1,2
335,678,334,1,2
335,720,334,1,2
336,659,311,0,3
336,678,335,1,2
337,659,312,0,3
337,678,336,1,2
338,659,313,0,3
339,659,314,0,3
339,678,340,2,1
340,659,315,0,3
340,678,341,2,1
341,629,629,8,0
341,659,316,0,3
341,663,342,2,1
341,678,342,2,1
341,720,342,2,1
342,627,343,2,1
342,629,341,1,2
342,633,317,0,3
342,644,343,2,1
342,659,317,0,3
342,663,343,2,1
342,678,343,2,1
342,720,343,2,1
343,627,344,2,1
343,629,342,1,2
343,633,318,0,3
343,644,344,2,1
343,659,318,0,3
343,663,344,2,1
343,678,344,2,1
343,720,344,2,1
344,629,343,1,2
344,633,319,0,3
344,644,369,3,0
344,659,319,0,3
344,678,369,3,0
345,627,370,3,0
345,629,344,1,2
345,633,344,1,2
345,644,370,3,0
345,659,344,1,2
345,663,370,3,0
345,678,370,3,0
345,720,320,0,3
346,627,371,3,0
346,629,345,1,2
346,633,345,1,2
346,644,371,3,0
346,659,345,1,2
346,663,371,3,0
346,678,371,3,0
346,720,321,0,3
347,629,346,1,2
347,659,346,1,2
347,663,372,3,0
347,678,372,3,0
347,720,322,0,3
348,659,347,1,2
348,678,373,3,0
349,659,348,1,2
349,678,374,3,0
350,659,374,3,2
351,659,352,2,1
351,678,376,3,0
352,659,353,2,1
352,678,377,3,0
353,659,354,2,1
353,663,378,3,0
353,678,378,3,0
353,720,328,0,3
354,627,379,3,0
354,629,355,2,1
354,633,355,2,1
354,644,379,3,0
354,659,355,2,1
354,663,379,3,0
354,678,379,3,0
354,720,329,0,3
355,627,380,3,0
355,629,356,2,1
355,633,356,2,1
355,644,380,3,0
355,659,356,2,1
355,663,380,3,0
355,678,380,3,0
355,720,330,0,3
356,627,381,3,0
356,629,357,2,1
356,633,357,2,1
356,644,381,3,0
356,659,357,2,1
356,663,381,3,0
356,672,357,2,1
356,678,381,3,0
356,720,331,0,3
357,633,332,0,3
357,644,382,3,0
357,659,332,0,3
357,678,382,3,0
358,627,357,1,2
358,629,333,0,3
358,633,333,0,3
358,644,357,1,2
358,659,333,0,3
358,663,357,1,2
358,678,357,1,2
358,720,357,1,2
359,627,358,1,2
359,629,334,0,3
359,633,334,0,3
359,644,358,1,2
359,659,334,0,3
359,663,358,1,2
359,678,358,1,2
359,720,358,1,2
360,659,335,0,3
360,663,359,1,2
360,678,359,1,2
360,720,359,1,2
361,659,336,0,3
361,678,360,1,2
362,659,337,0,3
362,678,361,1,2
363,659,338,0,3
364,659,339,0,3
364,678,365,2,1
365,659,340,0,3
365,678,366,2,1
366,629,341,0,3
366,659,341,0,3
366,663,367,2,1
366,678,367,2,1
366,720,367,2,1
367,627,368,2,1
367,629,342,0,3
367,633,342,0,3
367,644,368,2,1
367,659,342,0,3
367,663,368,2,1
367,678,368,2,1
367,720,368,2,1
368,627,369,2,1
368,629,343,0,3
368,633,343,0,3
368,644,369,2,1
368,659,343,0,3
368,663,369,2,1
368,678,369,2,1
368,720,369,2,1
369,633,344,0,3
369,644,394,3,0
369,659,344,0,3
369,678,394,3,0
370,627,395,3,0
370,629,369,1,2
370,633,369,1,2
370,644,395,3,0
370,659,369,1,2
370,663,395,3,0
370,678,395,3,0
370,720,345,0,3
371,627,396,3,0
371,629,370,1,2
371,633,370,1,2
371,644,396,3,0
371,659,370,1,2
371,663,396,3,0
371,678,396,3,0
371,720,346,0,3
372,629,371,1,2
372,659,371,1,2
372,663,397,3,0
372,678,397,3,0
372,720,347,0,3
373,659,372,1,2
373,678,398,3,0
374,659,373,1,2
374,678,399,3,0
375,659,399,3,2
376,659,377,2,1
376,678,401,3,0
377,659,378,2,1
377,678,402,3,0
378,659,379,2,1
378,663,403,3,0
378,678,403,3,0
378,720,353,0,3
379,627,404,3,0
379,629,380,2,1
379,633,380,2,1
379,644,644,23,0
379,659,380,2,1
379,663,404,3,0
379,678,404,3,0
379,720,354,0,3
380,627,405,3,0
380,629,381,2,1
380,633,381,2,1
380,644,379,1,2
380,659,381,2,1
380,663,405,3,0
380,678,405,3,0
380,720,355,0,3
381,627,406,3,0
381,629,382,2,1
381,633,382,2,1
381,644,380,1,2
381,659,382,2,1
381,663,406,3,0
381,672,382,2,1
381,678,406,3,0
381,720,356,0,3
382,644,381,1,2
382,659,357,0,3
382,663,407,3,0
382,678,407,3,0
383,627,382,1,2
383,629,358,0,3
383,633,358,0,3
383,644,382,1,2
383,659,358,0,3
383,663,382,1,2
383,678,382,1,2
383,720,382,1,2
384,627,383,1,2
384,629,359,0,3
384,633,359,0,3
384,644,383,1,2
384,659,359,0,3
384,663,383,1,2
384,678,383,1,2
384,720,383,1,2
385,659,360,0,3
385,663,384,1,2
385,678,384,1,2
385,720,384,1,2
386,659,361,0,3
386,678,385,1,2
387,659,362,0,3
387,678,386,1,2
388,659,363,0,3
389,659,364,0,3
389,678,390,2,1
390,659,365,0,3
390,678,391,2,1
391,629,366,0,3
391,659,366,0,3
391,663,392,2,1
391,678,392,2,1
391,720,392,2,1
392,627,393,2,1
392,629,367,0,3
392,633,367,0,3
392,644,393,2,1
392,659,367,0,3
392,663,393,2,1
392,678,393,2,1
392,720,393,2,1
393,627,394,2,1
393,629,368,0,3
393,633,368,0,3
393,644,394,2,1
393,659,368,0,3
393,663,394,2,1
393,678,394,2,1
393,720,394,2,1
394,644,395,2,1
394,659,369,0,3
394,663,419,3,0
394,678,419,3,0
395,627,420,3,0
395,629,394,1,2
395,633,394,1,2
395,644,396,2,1
395,659,394,1,2
395,663,420,3,0
395,678,420,3,0
395,720,370,0,3
396,627,421,3,0
396,629,395,1,2
396,633,395,1,2
396,644,397,2,1
396,659,395,1,2
396,663,421,3,0
396,678,421,3,0
396,720,371,0,3
397,629,396,1,2
397,659,396,1,2
397,663,422,3,0
397,678,422,3,0
397,720,372,0,3
398,659,397,1,2
398,678,423,3,0
399,659,398,1,2
399,678,424,3,0
400,659,424,3,2
401,659,402,2,1
401,678,678,57,0
402,659,403,2,1
402,678,401,1,2
403,659,404,2,1
403,663,428,3,0
403,678,402,1,2
403,720,378,0,3
404,627,429,3,0
404,629,405,2,1
404,633,405,2,1
404,644,379,0,3
404,659,405,2,1
404,663,429,3,0
404,678,403,1,2
404,720,379,0,3
405,627,430,3,0
405,629,406,2,1
405,633,406,2,1
405,644,380,0,3
405,659,406,2,1
405,663,430,3,0
405,678,404,1,2
405,720,380,0,3
406,627,431,3,0
406,629,407,2,1
406,633,407,2,1
406,644,381,0,3
406,659,407,2,1
406,663,431,3,0
406,672,407,2,1
406,678,405,1,2
406,720,381,0,3
407,659,432,3,0
407,663,432,3,0
407,678,406,1,2
407,720,382,0,3
408,627,407,1,2
408,629,383,0,3
408,633,383,0,3
408,644,407,1,2
408,659,433,3,0
408,663,407,1,2
408,678,407,1,2
408,720,407,1,2
409,627,408,1,2
409,629,384,0,3
409,633,384,0,3
409,644,408,1,2
409,659,434,3,0
409,663,408,1,2
409,678,408,1,2
409,720,408,1,2
410,659,435,3,0
410,663,409,1,2
410,678,409,1,2
410,720,409,1,2
411,659,436,3,0
411,678,410,1,2
412,659,437,3,0
412,678,411,1,2
413,659,438,3,0
414,659,439,3,0
414,678,415,2,1
415,659,440,3,0
415,678,416,2,1
416,629,391,0,3
416,659,441,3,0
416,663,417,2,1
416,678,417,2,1
416,720,417,2,1
417,627,418,2,1
417,629,392,0,3
417,633,392,0,3
417,644,418,2,1
417,659,442,3,0
417,663,418,2,1
417,678,418,2,1
417,720,418,2,1
418,627,419,2,1
418,629,393,0,3
418,633,393,0,3
418,644,419,2,1
418,659,443,3,0
418,663,419,2,1
418,678,419,2,1
418,720,419,2,1
419,659,444,3,0
419,663,444,3,0
419,678,420,2,1
419,720,394,0,3
420,627,445,3,0
420,629,419,1,2
420,633,419,1,2
420,644,395,0,3
420,659,419,1,2
420,663,445,3,0
420,678,421,2,1
420,720,395,0,3
421,627,446,3,0
421,629,420,1,2
421,633,420,1,2
421,644,396,0,3
421,659,420,1,2
421,663,446,3,0
421,678,422,2,1
421,720,396,0,3
422,629,421,1,2
422,659,421,1,2
422,663,447,3,0
422,678,423,2,1
422,720,397,0,3
423,659,422,1,2
423,678,424,2,1
424,659,423,1,2
424,678,400,2,3
425,659,449,3,2
426,659,427,2,1
426,678,401,0,3
427,659,428,2,1
427,678,402,0,3
428,659,429,2,1
428,663,453,3,0
428,678,403,0,3
428,720,403,0,3
429,627,454,3,0
429,629,430,2,1
429,633,430,2,1
429,644,404,0,3
429,659,430,2,1
429,663,454,3,0
429,678,404,0,3
429,720,404,0,3
430,627,455,3,0
430,629,431,2,1
430,633,431,2,1
430,644,405,0,3
430,659,431,2,1
430,663,455,3,0
430,678,405,0,3
430,720,405,0,3
431,627,456,3,0
431,629,432,2,1
431,633,432,2,1
431,644,406,0,3
431,659,432,2,1
431,663,456,3,0
431,672,432,2,1
431,678,406,0,3
431,720,406,0,3
432,627,457,3,0
432,659,457,3,0
432,663,457,3,0
432,720,407,0,3
433,627,432,1,2
433,629,408,0,3
433,633,408,0,3
433,644,432,1,2
433,659,458,3,0
433,663,432,1,2
433,678,432,1,2
433,720,432,1,2
434,627,433,1,2
434,629,409,0,3
434,633,409,0,3
434,644,433,1,2
434,659,459,3,0
434,663,433,1,2
434,678,433,1,2
434,720,433,1,2
435,659,460,3,0
435,663,434,1,2
435,678,434,1,2
435,720,434,1,2
436,659,461,3,0
436,678,435,1,2
437,659,462,3,0
437,678,436,1,2
438,659,463,3,0
439,659,464,3,0
439,678,440,2,1
440,659,465,3,0
440,678,441,2,1
441,629,416,0,3
441,659,466,3,0
441,663,442,2,1
441,678,442,2,1
441,720,442,2,1
442,627,443,2,1
442,629,417,0,3
442,633,417,0,3
442,644,443,2,1
442,659,467,3,0
442,663,443,2,1
442,678,443,2,1
442,720,443,2,1
443,627,444,2,1
443,629,418,0,3
443,633,418,0,3
443,644,444,2,1
443,659,468,3,0
443,663,444,2,1
443,678,444,2,1
443,720,444,2,1
444,627,469,3,0
444,659,469,3,0
444,663,469,3,0
444,720,419,0,3
445,627,470,3,0
445,629,444,1,2
445,633,444,1,2
445,644,420,0,3
445,659,444,1,2
445,663,470,3,0
445,678,420,0,3
445,720,420,0,3
446,627,471,3,0
446,629,445,1,2
446,633,445,1,2
446,644,421,0,3
446,659,445,1,2
446,663,471,3,0
446,678,421,0,3
446,720,421,0,3
447,629,446,1,2
447,659,446,1,2
447,663,472,3,0
447,678,422,0,3
447,720,422,0,3
448,659,447,1,2
448,678,423,0,3
449,659,448,1,2
449,678,424,0,3
450,659,474,3,2
451,659,452,2,1
451,678,426,0,3
452,659,453,2,1
452,678,427,0,3
453,659,454,2,1
453,663,478,3,0
453,678,428,0,3
453,720,428,0,3
454,627,479,3,0
454,629,455,2,1
454,633,455,2,1
454,644,429,0,3
454,659,455,2,1
454,663,479,3,0
454,678,429,0,3
454,720,429,0,3
455,627,480,3,0
455,629,456,2,1
455,633,456,2,1
455,644,430,0,3
455,659,456,2,1
455,663,480,3,0
455,678,430,0,3
455,720,430,0,3
456,627,481,3,0
456,629,457,2,1
456,633,457,2,1
456,644,431,0,3
456,659,457,2,1
456,663,481,3,0
456,672,457,2,1
456,678,431,0,3
456,720,431,0,3
457,627,482,3,0
457,659,482,3,0
457,663,482,3,0
457,678,432,0,3
457,720,432,0,3
458,627,457,1,2
458,629,433,0,3
458,633,433,0,3
458,644,457,1,2
458,659,483,3,0
458,663,457,1,2
458,678,457,1,2
458,720,457,1,2
459,627,458,1,2
459,629,434,0,3
459,633,434,0,3
459,644,458,1,2
459,659,484,3,0
459,663,458,1,2
459,678,458,1,2
459,720,458,1,2
460,659,485,3,0
460,663,459,1,2
460,678,459,1,2
460,720,459,1,2
461,659,486,3,0
461,678,460,1,2
462,659,487,3,0
462,678,461,1,2
463,659,488,3,0
464,659,489,3,0
464,678,465,2,1
465,659,490,3,0
465,678,466,2,1
466,629,441,0,3
466,659,491,3,0
466,663,467,2,1
466,678,467,2,1
466,720,467,2,1
467,627,468,2,1
467,629,442,0,3
467,633,442,0,3
467,644,468,2,1
467,659,492,3,0
467,663,468,2,1
467,678,468,2,1
467,720,468,2,1
468,627,469,2,1
468,629,443,0,3
468,633,443,0,3
468,644,469,2,1
468,659,493,3,0
468,663,469,2,1
468,678,469,2,1
468,720,469,2,1
469,627,494,3,0
469,659,494,3,0
469,663,494,3,0
469,678,444,0,3
469,720,444,0,3
470,627,495,3,0
470,629,469,1,2
470,633,469,1,2
470,644,445,0,3
470,659,469,1,2
470,663,495,3,0
470,678,445,0,3
470,720,445,0,3
471,627,496,3,0
471,629,470,1,2
471,633,470,1,2
471,644,446,0,3
471,659,470,1,2
471,663,496,3,0
471,678,446,0,3
471,720,446,0,3
472,629,471,1,2
472,659,471,1,2
472,663,497,3,0
472,678,447,0,3
472,720,447,0,3
473,659,472,1,2
473,678,448,0,3
474,659,473,1,2
474,678,449,0,3
475,659,499,3,2
476,659,477,2,1
476,678,451,0,3
477,659,478,2,1
477,678,452,0,3
478,659,479,2,1
478,663,503,3,0
478,678,453,0,3
478,720,453,0,3
479,627,504,3,0
479,629,480,2,1
479,633,480,2,1
479,644,454,0,3
479,659,480,2,1
479,663,504,3,0
479,678,454,0,3
479,720,454,0,3
480,627,505,3,0
480,629,481,2,1
480,633,481,2,1
480,644,455,0,3
480,659,481,2,1
480,663,505,3,0
480,678,455,0,3
480,720,455,0,3
481,627,506,3,0
481,629,482,2,1
481,633,482,2,1
481,644,456,0,3
481,659,482,2,1
481,663,506,3,0
481,672,482,2,1
481,678,456,0,3
481,720,456,0,3
482,627,507,3,0
482,629,457,0,3
482,659,507,3,0
482,663,507,3,0
482,672,507,3,0
482,678,457,0,3
482,720,457,0,3
483,627,482,1,2
483,629,458,0,3
483,633,458,0,3
483,644,482,1,2
483,659,508,3,0
483,663,482,1,2
483,678,482,1,2
483,720,482,1,2
484,627,483,1,2
484,629,459,0,3
484,633,459,0,3
484,644,483,1,2
484,659,509,3,0
484,663,483,1,2
484,678,483,1,2
484,720,483,1,2
485,659,510,3,0
485,663,484,1,2
485,678,484,1,2
485,720,484,1,2
486,659,511,3,0
486,678,485,1,2
487,659,512,3,0
487,678,486,1,2
488,659,513,3,0
489,659,514,3,0
489,678,490,2,1
490,659,515,3,0
490,678,491,2,1
491,629,466,0,3
491,659,516,3,0
491,663,492,2,1
491,678,492,2,1
491,720,492,2,1
492,627,493,2,1
492,629,467,0,3
492,633,467,0,3
492,644,493,2,1
492,659,517,3,0
492,663,493,2,1
492,678,493,2,1
492,720,493,2,1
493,627,494,2,1
493,629,468,0,3
493,633,468,0,3
493,644,494,2,1
493,659,518,3,0
493,663,494,2,1
493,678,494,2,1
493,720,494,2,1
494,627,519,3,0
494,629,469,0,3
494,659,519,3,0
494,663,519,3,0
494,672,519,3,0
494,678,469,0,3
494,720,469,0,3
495,627,520,3,0
495,629,494,1,2
495,633,494,1,2
495,644,470,0,3
495,659,494,1,2
495,663,520,3,0
495,678,470,0,3
495,720,470,0,3
496,627,521,3,0
496,629,495,1,2
496,633,495,1,2
496,644,471,0,3
496,659,495,1,2
496,663,521,3,0
496,678,471,0,3
496,720,471,0,3
497,629,496,1,2
497,659,496,1,2
497,663,522,3,0
497,678,472,0,3
497,720,472,0,3
498,659,497,1,2
498,678,473,0,3
499,659,498,1,2
499,678,474,0,3
500,659,524,3,2
501,659,502,2,1
501,678,476,0,3
502,659,503,2,1
502,678,477,0,3
503,659,504,2,1
503,663,528,3,0
503,678,478,0,3
503,720,478,0,3
504,627,529,3,0
504,629,505,2,1
504,633,505,2,1
504,644,479,0,3
504,659,505,2,1
504,663,529,3,0
504,678,479,0,3
504,720,479,0,3
505,627,530,3,0
505,629,506,2,1
505,633,506,2,1
505,644,480,0,3
505,659,506,2,1
505,663,530,3,0
505,678,480,0,3
505,720,480,0,3
506,627,531,3,0
506,629,507,2,1
506,633,507,2,1
506,644,481,0,3
506,659,507,2,1
506,663,531,3,0
506,672,507,2,1
506,678,481,0,3
506,720,481,0,3
507,627,532,3,0
507,629,482,0,3
507,633,532,3,0
507,659,532,3,0
507,663,532,3,0
507,672,532,3,0
507,678,482,0,3
507,720,482,0,3
508,627,507,1,2
508,629,483,0,3
508,633,533,3,0
508,644,507,1,2
508,659,533,3,0
508,663,507,1,2
508,678,507,1,2
508,720,507,1,2
509,627,508,1,2
509,629,484,0,3
509,633,534,3,0
509,644,508,1,2
509,659,534,3,0
509,663,508,1,2
509,678,508,1,2
509,720,508,1,2
510,659,535,3,0
510,663,509,1,2
510,678,509,1,2
510,720,509,1,2
511,659,536,3,0
511,678,510,1,2
512,659,537,3,0
512,678,511,1,2
513,659,538,3,0
514,659,539,3,0
514,678,515,2,1
515,659,540,3,0
515,678,516,2,1
516,629,491,0,3
516,659,541,3,0
516,663,517,2,1
516,678,517,2,1
516,720,517,2,1
517,627,518,2,1
517,629,492,0,3
517,633,542,3,0
517,644,518,2,1
517,659,542,3,0
517,663,518,2,1
517,678,518,2,1
517,720,518,2,1
518,627,519,2,1
518,629,493,0,3
518,633,543,3,0
518,644,519,2,1
518,659,543,3,0
518,663,519,2,1
518,678,519,2,1
518,720,519,2,1
519,627,544,3,0
519,629,494,0,3
519,633,544,3,0
519,659,544,3,0
519,663,544,3,0
519,672,544,3,0
519,678,494,0,3
519,720,494,0,3
520,627,545,3,0
520,629,519,1,2
520,633,519,1,2
520,644,495,0,3
520,659,519,1,2
520,663,545,3,0
520,678,495,0,3
520,720,495,0,3
521,627,546,3,0
521,629,520,1,2
521,633,520,1,2
521,644,496,0,3
521,659,520,1,2
521,663,546,3,0
521,678,496,0,3
521,720,496,0,3
522,629,521,1,2
522,659,521,1,2
522,663,547,3,0
522,678,497,0,3
522,720,497,0,3
523,659,522,1,2
523,678,498,0,3
524,659,523,1,2
524,678,499,0,3
525,659,549,3,2
526,659,527,2,1
526,678,501,0,3
527,659,528,2,1
527,678,502,0,3
528,659,529,2,1
528,663,553,3,0
528,678,503,0,3
528,720,503,0,3
529,627,554,3,0
529,629,530,2,1
529,633,530,2,1
529,644,504,0,3
529,659,530,2,1
529,663,554,3,0
529,678,504,0,3
529,720,504,0,3
530,627,555,3,0
530,629,531,2,1
530,633,531,2,1
530,644,505,0,3
530,659,531,2,1
530,663,555,3,0
530,678,505,0,3
530,720,505,0,3
531,627,556,3,0
531,629,532,2,1
531,633,532,2,1
531,644,506,0,3
531,659,532,2,1
531,663,556,3,0
531,672,532,2,1
531,678,506,0,3
531,720,506,0,3
532,627,557,3,0
532,629,507,0,3
532,633,557,3,0
532,644,507,0,3
532,659,557,3,0
532,663,557,3,0
532,678,507,0,3
532,720,507,0,3
533,627,532,1,2
533,629,508,0,3
533,633,558,3,0
533,644,532,1,2
533,659,558,3,0
533,663,532,1,2
533,678,532,1,2
533,720,532,1,2
534,627,533,1,2
534,629,509,0,3
534,633,559,3,0
534,644,533,1,2
534,659,559,3,0
534,663,533,1,2
534,678,533,1,2
534,720,533,1,2
535,659,560,3,0
535,663,534,1,2
535,678,534,1,2
535,720,534,1,2
536,659,561,3,0
536,678,535,1,2
537,659,562,3,0
537,678,536,1,2
538,659,563,3,0
539,659,564,3,0
539,678,540,2,1
540,659,565,3,0
540,678,541,2,1
541,629,516,0,3
541,659,566,3,0
541,663,542,2,1
541,678,542,2,1
541,720,542,2,1
542,627,543,2,1
542,629,517,0,3
542,633,567,3,0
542,644,543,2,1
542,659,567,3,0
542,663,543,2,1
542,678,543,2,1
542,720,543,2,1
543,627,544,2,1
543,629,518,0,3
543,633,568,3,0
543,644,544,2,1
543,659,568,3,0
543,663,544,2,1
543,678,544,2,1
543,720,544,2,1
544,627,569,3,0
544,629,519,0,3
544,633,569,3,0
544,644,519,0,3
544,659,569,3,0
544,663,569,3,0
544,678,519,0,3
544,720,519,0,3
545,627,570,3,0
545,629,544,1,2
545,633,544,1,2
545,644,520,0,3
545,659,544,1,2
545,663,570,3,0
545,678,520,0,3
545,720,520,0,3
546,627,571,3,0
546,629,545,1,2
546,633,545,1,2
546,644,521,0,3
546,659,545,1,2
546,663,571,3,0
546,678,521,0,3
546,720,521,0,3
547,629,546,1,2
547,659,546,1,2
547,663,572,3,0
547,678,522,0,3
547,720,522,0,3
548,659,547,1,2
548,678,523,0,3
549,659,548,1,2
549,678,524,0,3
550,659,574,3,2
551,659,552,2,1
551,678,526,0,3
552,659,553,2,1
552,678,527,0,3
553,659,554,2,1
553,663,578,3,0
553,678,528,0,3
553,720,528,0,3
554,627,579,3,0
554,629,555,2,1
554,633,555,2,1
554,644,529,0,3
554,659,555,2,1
554,663,579,3,0
554,678,529,0,3
554,720,529,0,3
555,627,580,3,0
555,629,556,2,1
555,633,556,2,1
555,644,530,0,3
555,659,556,2,1
555,663,580,3,0
555,678,530,0,3
555,720,530,0,3
556,627,581,3,0
556,629,557,2,1
556,633,557,2,1
556,644,531,0,3
556,659,557,2,1
556,663,581,3,0
556,672,557,2,1
556,678,531,0,3
556,720,531,0,3
557,627,582,3,0
557,629,532,0,3
557,633,582,3,0
557,644,532,0,3
557,659,582,3,0
557,663,582,3,0
557,678,532,0,3
557,720,532,0,3
558,627,557,1,2
558,629,533,0,3
558,633,583,3,0
558,644,557,1,2
558,659,583,3,0
558,663,557,1,2
558,678,557,1,2
558,720,557,1,2
559,627,558,1,2
559,629,534,0,3
559,633,584,3,0
559,644,558,1,2
559,659,584,3,0
559,663,558,1,2
559,678,558,1,2
559,720,558,1,2
560,659,585,3,0
560,663,559,1,2
560,678,559,1,2
560,720,559,1,2
561,659,586,3,0
561,678,560,1,2
562,659,587,3,0
562,678,561,1,2
563,659,588,3,0
564,659,589,3,0
564,678,565,2,1
565,659,590,3,0
565,678,566,2,1
566,629,541,0,3
566,659,591,3,0
566,663,567,2,1
566,678,567,2,1
566,720,567,2,1
567,627,568,2,1
567,629,542,0,3
567,633,592,3,0
567,644,568,2,1
567,659,592,3,0
567,663,568,2,1
567,678,568,2,1
567,720,568,2,1
568,627,569,2,1
568,629,543,0,3
568,633,593,3,0
568,644,569,2,1
568,659,593,3,0
568,663,569,2,1
568,678,569,2,1
568,720,569,2,1
569,627,594,3,0
569,629,544,0,3
569,633,594,3,0
569,644,544,0,3
569,659,594,3,0
569,663,594,3,0
569,678,544,0,3
569,720,544,0,3
570,627,595,3,0
570,629,569,1,2
570,633,569,1,2
570,644,545,0,3
570,659,569,1,2
570,663,595,3,0
570,678,545,0,3
570,720,545,0,3
571,627,596,3,0
571,629,570,1,2
571,633,570,1,2
571,644,546,0,3
571,659,570,1,2
571,663,596,3,0
571,678,546,0,3
571,720,546,0,3
572,629,571,1,2
572,659,571,1,2
572,663,597,3,0
572,678,547,0,3
572,720,547,0,3
573,659,572,1,2
573,678,548,0,3
574,659,573,1,2
574,678,549,0,3
575,659,599,3,2
576,659,577,2,1
576,678,551,0,3
577,659,578,2,1
577,678,552,0,3
578,659,579,2,1
578,663,603,3,0
578,678,553,0,3
578,720,553,0,3
579,627,604,3,0
579,629,580,2,1
579,633,580,2,1
579,644,554,0,3
579,659,580,2,1
579,663,604,3,0
579,678,554,0,3
579,720,554,0,3
580,627,605,3,0
580,629,581,2,1
580,633,581,2,1
580,644,555,0,3
580,659,581,2,1
580,663,605,3,0
580,678,555,0,3
580,720,555,0,3
581,627,606,3,0
581,629,582,2,1
581,633,582,2,1
581,644,556,0,3
581,659,582,2,1
581,663,606,3,0
581,672,582,2,1
581,678,556,0,3
581,720,556,0,3
582,627,607,3,0
582,629,557,0,3
582,633,607,3,0
582,644,557,0,3
582,659,607,3,0
582,663,607,3,0
582,678,557,0,3
582,720,557,0,3
583,627,582,1,2
583,629,558,0,3
583,633,608,3,0
583,644,582,1,2
583,659,608,3,0
583,663,582,1,2
583,678,582,1,2
583,720,582,1,2
584,627,583,1,2
584,629,559,0,3
584,633,609,3,0
584,644,583,1,2
584,659,609,3,0
584,663,583,1,2
584,678,583,1,2
584,720,583,1,2
585,659,610,3,0
585,663,584,1,2
585,678,584,1,2
585,720,584,1,2
586,659,611,3,0
586,678,585,1,2
587,659,612,3,0
587,678,586,1,2
588,659,613,3,0
589,659,614,3,0
589,678,590,2,1
590,659,615,3,0
590,678,591,2,1
591,629,566,0,3
591,659,616,3,0
591,663,592,2,1
591,678,592,2,1
591,720,592,2,1
592,627,593,2,1
592,629,567,0,3
592,633,617,3,0
592,644,593,2,1
592,659,617,3,0
592,663,593,2,1
592,678,593,2,1
592,720,593,2,1
593,627,594,2,1
593,629,568,0,3
593,633,618,3,0
593,644,594,2,1
593,659,618,3,0
593,663,594,2,1
593,678,594,2,1
593,720,594,2,1
594,627,619,3,0
594,629,569,0,3
594,633,619,3,0
594,644,569,0,3
594,659,619,3,0
594,663,619,3,0
594,678,569,0,3
594,720,569,0,3
595,627,620,3,0
595,629,594,1,2
595,633,594,1,2
595,644,570,0,3
595,659,594,1,2
595,663,620,3,0
595,678,570,0,3
595,720,570,0,3
596,627,621,3,0
596,629,595,1,2
596,633,595,1,2
596,644,571,0,3
596,659,595,1,2
596,663,621,3,0
596,678,571,0,3
596,720,571,0,3
597,629,596,1,2
597,659,596,1,2
597,663,622,3,0
597,678,572,0,3
597,720,572,0,3
598,659,597,1,2
598,678,573,0,3
599,659,598,1,2
599,678,574,0,3
600,659,624,3,2
601,659,602,2,1
601,678,576,0,3
602,659,603,2,1
602,678,577,0,3
603,659,604,2,1
603,663,663,42,0
603,678,578,0,3
603,720,3,3,3
604,627,627,6,0
604,629,605,2,1
604,633,605,2,1
604,644,579,0,3
604,659,605,2,1
604,663,603,1,2
604,678,579,0,3
604,720,4,3,3
605,627,604,1,2
605,629,606,2,1
605,633,606,2,1
605,644,580,0,3
605,659,606,2,1
605,663,604,1,2
605,678,580,0,3
605,720,5,3,3
606,627,605,1,2
606,629,607,2,1
606,633,607,2,1
606,644,581,0,3
606,659,607,2,1
606,663,605,1,2
606,672,607,2,1
606,678,581,0,3
606,720,6,3,3
607,627,606,1,2
607,629,582,0,3
607,633,7,3,3
607,644,582,0,3
607,659,7,3,3
607,663,606,1,2
607,678,582,0,3
608,627,607,1,2
608,629,583,0,3
608,633,8,3,3
608,644,607,1,2
608,659,8,3,3
608,663,607,1,2
608,678,607,1,2
608,720,607,1,2
609,627,608,1,2
609,629,584,0,3
609,633,9,3,3
609,644,608,1,2
609,659,9,3,3
609,663,608,1,2
609,678,608,1,2
609,720,608,1,2
610,659,10,3,3
610,663,609,1,2
610,678,609,1,2
610,720,609,1,2
611,659,11,3,3
611,678,610,1,2
612,659,12,3,3
612,678,611,1,2
613,659,13,3,3
614,659,14,3,3
614,678,615,2,1
615,659,15,3,3
615,678,616,2,1
616,629,591,0,3
616,659,16,3,3
616,663,617,2,1
616,678,617,2,1
616,720,617,2,1
617,627,618,2,1
617,629,592,0,3
617,633,17,3,3
617,644,618,2,1
617,659,17,3,3
617,663,618,2,1
617,678,618,2,1
617,720,618,2,1
618,627,619,2,1
618,629,593,0,3
618,633,18,3,3
618,644,619,2,1
618,659,18,3,3
618,663,619,2,1
618,678,619,2,1
618,720,619,2,1
619,627,620,2,1
619,629,594,0,3
619,633,19,3,3
619,644,594,0,3
619,659,19,3,3
619,663,620,2,1
619,678,594,0,3
620,627,621,2,1
620,629,619,1,2
620,633,619,1,2
620,644,595,0,3
620,659,619,1,2
620,663,621,2,1
620,678,595,0,3
620,720,20,3,3
621,627,622,2,1
621,629,620,1,2
621,633,620,1,2
621,644,596,0,3
621,659,620,1,2
621,663,622,2,1
621,678,596,0,3
621,720,21,3,3
622,629,621,1,2
622,659,621,1,2
622,663,623,2,1
622,678,597,0,3
622,720,22,3,3
623,659,622,1,2
623,678,598,0,3
624,659,623,1,2
624,678,599,0,3
627,625,604,0,6
627,626,604,0,6
627,628,604,0,6
627,629,604,0,6
627,630,604,0,6
627,631,604,0,6
627,632,604,0,6
627,633,604,0,6
627,634,604,0,6
627,635,604,0,6
627,636,604,0,6
627,637,604,0,6
627,638,604,0,6
627,639,604,0,6
627,640,604,0,6
627,641,604,0,6
627,642,604,0,6
627,643,604,0,6
627,644,604,0,6
627,645,604,0,6
627,646,604,0,6
627,647,604,0,6
627,648,604,0,6
627,649,604,0,6
627,650,604,0,6
627,651,604,0,6
627,652,604,0,6
627,653,604,0,6
627,654,604,0,6
627,655,604,0,6
627,656,604,0,6
627,657,604,0,6
627,658,604,0,6
627,659,604,0,6
627,660,604,0,6
627,661,604,0,6
627,662,604,0,6
627,663,604,0,6
627,664,604,0,6
627,665,604,0,6
627,666,604,0,6
627,667,604,0,6
627,668,604,0,6
627,669,604,0,6
627,670,604,0,6
627,671,604,0,6
627,672,604,0,6
627,673,604,0,6
627,674,604,0,6
627,675,604,0,6
627,676,604,0,6
627,677,604,0,6
627,678,604,0,6
627,679,604,0,6
627,680,604,0,6
627,681,604,0,6
627,682,604,0,6
627,683,604,0,6
627,684,604,0,6
627,685,604,0,6
627,686,604,0,6
627,687,604,0,6
627,688,604,0,6
627,689,604,0,6
627,690,604,0,6
627,691,604,0,6
627,692,604,0,6
627,693,604,0,6
627,694,604,0,6
627,695,604,0,6
627,696,604,0,6
627,697,604,0,6
627,698,604,0,6
627,699,604,0,6
627,700,604,0,6
627,701,604,0,6
627,702,604,0,6
627,703,604,0,6
627,704,604,0,6
627,705,604,0,6
627,706,604,0,6
627,707,604,0,6
627,708,604,0,6
627,709,604,0,6
627,710,604,0,6
627,711,604,0,6
627,712,604,0,6
627,713,604,0,6
627,714,604,0,6
627,715,604,0,6
627,716,604,0,6
627,717,604,0,6
627,718,604,0,6
627,719,604,0,6
627,720,604,0,6
627,721,604,0,6
627,722,604,0,6
627,723,604,0,6
627,724,604,0,6
629,625,341,0,8
629,626,341,0,8
629,627,341,0,8
629,628,341,0,8
629,630,341,0,8
629,631,341,0,8
629,632,341,0,8
629,633,341,0,8
629,634,341,0,8
629,635,341,0,8
629,636,341,0,8
629,637,341,0,8
629,638,341,0,8
629,639,341,0,8
629,640,341,0,8
629,641,341,0,8
629,642,341,0,8
629,643,341,0,8
629,644,341,0,8
629,645,341,0,8
629,646,341,0,8
629,647,341,0,8
629,648,341,0,8
629,649,341,0,8
629,650,341,0,8
629,651,341,0,8
629,652,341,0,8
629,653,341,0,8
629,654,341,0,8
629,655,341,0,8
629,656,341,0,8
629,657,341,0,8
629,658,341,0,8
629,659,341,0,8
629,660,341,0,8
629,661,341,0,8
629,662,341,0,8
629,663,341,0,8
629,664,341,0,8
629,665,341,0,8
629,666,341,0,8
629,667,341,0,8
629,668,341,0,8
629,669,341,0,8
629,670,341,0,8
629,671,341,0,8
629,672,341,0,8
629,673,341,0,8
629,674,341,0,8
629,675,341,0,8
629,676,341,0,8
629,677,341,0,8
629,678,341,0,8
629,679,341,0,8
629,680,341,0,8
629,681,341,0,8
629,682,341,0,8
629,683,341,0,8
629,684,341,0,8
629,685,341,0,8
629,686,341,0,8
629,687,341,0,8
629,688,341,0,8
629,689,341,0,8
629,690,341,0,8
629,691,341,0,8
629,692,341,0,8
629,693,341,0,8
629,694,341,0,8
629,695,341,0,8
629,696,341,0,8
629,697,341,0,8
629,698,341,0,8
629,699,341,0,8
629,700,341,0,8
629,701,341,0,8
629,702,341,0,8
629,703,341,0,8
629,704,341,0,8
629,705,341,0,8
629,706,341,0,8
629,707,341,0,8
629,708,341,0,8
629,709,341,0,8
629,710,341,0,8
629,711,341,0,8
629,712,341,0,8
629,713,341,0,8
629,714,341,0,8
629,715,341,0,8
629,716,341,0,8
629,717,341,0,8
629,718,341,0,8
629,719,341,0,8
629,720,341,0,8
629,721,341,0,8
629,722,341,0,8
629,723,341,0,8
629,724,341,0,8
633,625,184,0,12
633,626,184,0,12
633,627,184,0,12
633,628,184,0,12
633,629,184,0,12
633,630,184,0,12
633,631,184,0,12
633,632,184,0,12
633,634,184,0,12
633,635,184,0,12
633,636,184,0,12
633,637,184,0,12
633,638,184,0,12
633,639,184,0,12
633,640,184,0,12
633,641,184,0,12
633,642,184,0,12
633,643,184,0,12
633,644,184,0,12
633,645,184,0,12
633,646,184,0,12
633,647,184,0,12
633,648,184,0,12
633,649,184,0,12
633,650,184,0,12
633,651,184,0,12
633,652,184,0,12
633,653,184,0,12
633,654,184,0,12
633,655,184,0,12
633,656,184,0,12
633,657,184,0,12
633,658,184,0,12
633,659,184,0,12
633,660,184,0,12
633,661,184,0,12
633,662,184,0,12
633,663,184,0,12
633,664,184,0,12
633,665,184,0,12
633,666,184,0,12
633,667,184,0,12
633,668,184,0,12
633,669,184,0,12
633,670,184,0,12
633,671,184,0,12
633,672,184,0,12
633,673,184,0,12
633,674,184,0,12
633,675,184,0,12
633,676,184,0,12
633,677,184,0,12
633,678,184,0,12
633,679,184,0,12
633,680,184,0,12
633,681,184,0,12
633,682,184,0,12
633,683,184,0,12
633,684,184,0,12
633,685,184,0,12
633,686,184,0,12
633,687,184,0,12
633,688,184,0,12
633,689,184,0,12
633,690,184,0,12
633,691,184,0,12
633,692,184,0,12
633,693,184,0,12
633,694,184,0,12
633,695,184,0,12
633,696,184,0,12
633,697,184,0,12
633,698,184,0,12
633,699,184,0,12
633,700,184,0,12
633,701,184,0,12
633,702,184,0,12
633,703,184,0,12
633,704,184,0,12
633,705,184,0,12
633,706,184,0,12
633,707,184,0,12
633,708,184,0,12
633,709,184,0,12
633,710,184,0,12
633,711,184,0,12
633,712,184,0,12
633,713,184,0,12
633,714,184,0,12
633,715,184,0,12
633,716,184,0,12
633,717,184,0,12
633,718,184,0,12
633,719,184,0,12
633,720,184,0,12
633,721,184,0,12
633,722,184,0,12
633,723,184,0,12
633,724,184,0,12
644,625,379,0,23
644,626,379,0,23
644,627,379,0,23
644,628,379,0,23
644,629,379,0,23
644,630,379,0,23
644,631,379,0,23
644,632,379,0,23
644,633,379,0,23
644,634,379,0,23
644,635,379,0,23
644,636,379,0,23
644,637,379,0,23
644,638,379,0,23
644,639,379,0,23
644,640,379,0,23
644,641,379,0,23
644,642,379,0,23
644,643,379,0,23
644,645,379,0,23
644,646,379,0,23
644,647,379,0,23
644,648,379,0,23
644,649,379,0,23
644,650,379,0,23
644,651,379,0,23
644,652,379,0,23
644,653,379,0,23
644,654,379,0,23
644,655,379,0,23
644,656,379,0,23
644,657,379,0,23
644,658,379,0,23
644,659,379,0,23
644,660,379,0,23
644,661,379,0,23
644,662,379,0,23
644,663,379,0,23
644,664,379,0,23
644,665,379,0,23
644,666,379,0,23
644,667,379,0,23
644,668,379,0,23
644,669,379,0,23
644,670,379,0,23
644,671,379,0,23
644,672,379,0,23
644,673,379,0,23
644,674,379,0,23
644,675,379,0,23
644,676,379,0,23
644,677,379,0,23
644,678,379,0,23
644,679,379,0,23
644,680,379,0,23
644,681,379,0,23
644,682,379,0,23
644,683,379,0,23
644,684,379,0,23
644,685,379,0,23
644,686,379,0,23
644,687,379,0,23
644,688,379,0,23
644,689,379,0,23
644,690,379,0,23
644,691,379,0,23
644,692,379,0,23
644,693,379,0,23
644,694,379,0,23
644,695,379,0,23
644,696,379,0,23
644,697,379,0,23
644,698,379,0,23
644,699,379,0,23
644,700,379,0,23
644,701,379,0,23
644,702,379,0,23
644,703,379,0,23
644,704,379,0,23
644,705,379,0,23
644,706,379,0,23
644,707,379,0,23
644,708,379,0,23
644,709,379,0,23
644,710,379,0,23
644,711,379,0,23
644,712,379,0,23
644,713,379,0,23
644,714,379,0,23
644,715,379,0,23
644,716,379,0,23
644,717,379,0,23
644,718,379,0,23
644,719,379,0,23
644,720,379,0,23
644,721,379,0,23
644,722,379,0,23
644,723,379,0,23
644,724,379,0,23
659,625,88,0,38
659,626,88,0,38
659,627,88,0,38
659,628,88,0,38
659,629,88,0,38
659,630,88,0,38
659,631,88,0,38
659,632,88,0,38
659,633,88,0,38
659,634,88,0,38
659,635,88,0,38
659,636,88,0,38
659,637,88,0,38
659,638,88,0,38
659,639,88,0,38
659,640,88,0,38
659,641,88,0,38
659,642,88,0,38
659,643,88,0,38
659,644,88,0,38
659,645,88,0,38
659,646,88,0,38
659,647,88,0,38
659,648,88,0,38
659,649,88,0,38
659,650,88,0,38
659,651,88,0,38
659,652,88,0,38
659,653,88,0,38
659,654,88,0,38
659,655,88,0,38
659,656,88,0,38
659,657,88,0,38
659,658,88,0,38
659,660,88,0,38
659,661,88,0,38
659,662,88,0,38
659,663,88,0,38
659,664,88,0,38
659,665,88,0,38
659,666,88,0,38
659,667,88,0,38
659,668,88,0,38
659,669,88,0,38
659,670,88,0,38
659,671,88,0,38
659,672,88,0,38
659,673,88,0,38
659,674,88,0,38
659,675,88,0,38
659,676,88,0,38
659,677,88,0,38
659,678,88,0,38
659,679,88,0,38
659,680,88,0,38
659,681,88,0,38
659,682,88,0,38
659,683,88,0,38
659,684,88,0,38
659,685,88,0,38
659,686,88,0,38
659,687,88,0,38
659,688,88,0,38
659,689,88,0,38
659,690,88,0,38
659,691,88,0,38
659,692,88,0,38
659,693,88,0,38
659,694,88,0,38
659,695,88,0,38
659,696,88,0,38
659,697,88,0,38
659,698,88,0,38
659,699,88,0,38
659,700,88,0,38
659,701,88,0,38
659,702,88,0,38
659,703,88,0,38
659,704,88,0,38
659,705,88,0,38
659,706,88,0,38
659,707,88,0,38
659,708,88,0,38
659,709,88,0,38
659,710,88,0,38
659,711,88,0,38
659,712,88,0,38
659,713,88,0,38
659,714,88,0,38
659,715,88,0,38
659,716,88,0,38
659,717,88,0,38
659,718,88,0,38
659,719,88,0,38
659,720,88,0,38
659,721,88,0,38
659,722,88,0,38
659,723,88,0,38
659,724,88,0,38
663,625,603,0,42
663,626,603,0,42
663,627,603,0,42
663,628,603,0,42
663,629,603,0,42
663,630,603,0,42
663,631,603,0,42
663,632,603,0,42
663,633,603,0,42
663,634,603,0,42
663,635,603,0,42
663,636,603,0,42
663,637,603,0,42
663,638,603,0,42
663,639,603,0,42
663,640,603,0,42
663,641,603,0,42
663,642,603,0,42
663,643,603,0,42
663,644,603,0,42
663,645,603,0,42
663,646,603,0,42
663,647,603,0,42
663,648,603,0,42
663,649,603,0,42
663,650,603,0,42
663,651,603,0,42
663,652,603,0,42
663,653,603,0,42
663,654,603,0,42
663,655,603,0,42
663,656,603,0,42
663,657,603,0,42
663,658,603,0,42
663,659,603,0,42
663,660,603,0,42
663,661,603,0,42
663,662,603,0,42
663,664,603,0,42
663,665,603,0,42
663,666,603,0,42
663,667,603,0,42
663,668,603,0,42
663,669,603,0,42
663,670,603,0,42
663,671,603,0,42
663,672,603,0,42
663,673,603,0,42
663,674,603,0,42
663,675,603,0,42
663,676,603,0,42
663,677,603,0,42
663,678,603,0,42
663,679,603,0,42
663,680,603,0,42
663,681,603,0,42
663,682,603,0,42
663,683,603,0,42
663,684,603,0,42
663,685,603,0,42
663,686,603,0,42
663,687,603,0,42
663,688,603,0,42
663,689,603,0,42
663,690,603,0,42
663,691,603,0,42
663,692,603,0,42
663,693,603,0,42
663,694,603,0,42
663,695,603,0,42
663,696,603,0,42
663,697,603,0,42
663,698,603,0,42
663,699,603,0,42
663,700,603,0,42
663,701,603,0,42
663,702,603,0,42
663,703,603,0,42
663,704,603,0,42
663,705,603,0,42
663,706,603,0,42
663,707,603,0,42
663,708,603,0,42
663,709,603,0,42
663,710,603,0,42
663,711,603,0,42
663,712,603,0,42
663,713,603,0,42
663,714,603,0,42
663,715,603,0,42
663,716,603,0,42
663,717,603,0,42
663,718,603,0,42
663,719,603,0,42
663,720,603,0,42
663,721,603,0,42
663,722,603,0,42
663,723,603,0,42
663,724,603,0,42
672,625,157,0,51
672,626,157,0,51
672,627,157,0,51
672,628,157,0,51
672,629,157,0,51
672,630,157,0,51
672,631,157,0,51
672,632,157,0,51
672,633,157,0,51
672,634,157,0,51
672,635,157,0,51
672,636,157,0,51
672,637,157,0,51
672,638,157,0,51
672,639,157,0,51
672,640,157,0,51
672,641,157,0,51
672,642,157,0,51
672,643,157,0,51
672,644,157,0,51
672,645,157,0,51
672,646,157,0,51
672,647,157,0,51
672,648,157,0,51
672,649,157,0,51
672,650,157,0,51
672,651,157,0,51
672,652,157,0,51
672,653,157,0,51
672,654,157,0,51
672,655,157,0,51
672,656,157,0,51
672,657,157,0,51
672,658,157,0,51
672,659,157,0,51
672,660,157,0,51
672,661,157,0,51
672,662,157,0,51
672,663,157,0,51
672,664,157,0,51
672,665,157,0,51
672,666,157,0,51
672,667,157,0,51
672,668,157,0,51
672,669,157,0,51
672,670,157,0,51
672,671,157,0,51
672,673,157,0,51
672,674,157,0,51
672,675,157,0,51
672,676,157,0,51
672,677,157,0,51
672,678,157,0,51
672,679,157,0,51
672,680,157,0,51
672,681,157,0,51
672,682,157,0,51
672,683,157,0,51
672,684,157,0,51
672,685,157,0,51
672,686,157,0,51
672,687,157,0,51
672,688,157,0,51
672,689,157,0,51
672,690,157,0,51
672,691,157,0,51
672,692,157,0,51
672,693,157,0,51
672,694,157,0,51
672,695,157,0,51
672,696,157,0,51
672,697,157,0,51
672,698,157,0,51
672,699,157,0,51
672,700,157,0,51
672,701,157,0,51
672,702,157,0,51
672,703,157,0,51
672,704,157,0,51
672,705,157,0,51
672,706,157,0,51
672,707,157,0,51
672,708,157,0,51
672,709,157,0,51
672,710,157,0,51
672,711,157,0,51
672,712,157,0,51
672,713,157,0,51
672,714,157,0,51
672,715,157,0,51
672,716,157,0,51
672,717,157,0,51
672,718,157,0,51
672,719,157,0,51
672,720,157,0,51
672,721,157,0,51
672,722,157,0,51
672,723,157,0,51
672,724,157,0,51
678,625,401,0,57
678,626,401,0,57
678,627,401,0,57
678,628,401,0,57
678,629,401,0,57
678,630,401,0,57
678,631,401,0,57
678,632,401,0,57
678,633,401,0,57
678,634,401,0,57
678,635,401,0,57
678,636,401,0,57
678,637,401,0,57
678,638,401,0,57
678,639,401,0,57
678,640,401,0,57
678,641,401,0,57
678,642,401,0,57
678,643,401,0,57
678,644,401,0,57
678,645,401,0,57
678,646,401,0,57
678,647,401,0,57
678,648,401,0,57
678,649,401,0,57
678,650,401,0,57
678,651,401,0,57
678,652,401,0,57
678,653,401,0,57
678,654,401,0,57
678,655,401,0,57
678,656,401,0,57
678,657,401,0,57
678,658,401,0,57
678,659,401,0,57
678,660,401,0,57
678,661,401,0,57
678,662,401,0,57
678,663,401,0,57
678,664,401,0,57
678,665,401,0,57
678,666,401,0,57
678,667,401,0,57
678,668,401,0,57
678,669,401,0,57
678,670,401,0,57
678,671,401,0,57
678,672,401,0,57
678,673,401,0,57
678,674,401,0,57
678,675,401,0,57
678,676,401,0,57
678,677,401,0,57
678,679,401,0,57
678,680,401,0,57
678,681,401,0,57
678,682,401,0,57
678,683,401,0,57
678,684,401,0,57
678,685,401,0,57
678,686,401,0,57
678,687,401,0,57
678,688,401,0,57
678,689,401,0,57
678,690,401,0,57
678,691,401,0,57
678,692,401,0,57
678,693,401,0,57
678,694,401,0,57
678,695,401,0,57
678,696,401,0,57
678,697,401,0,57
678,698,401,0,57
678,699,401,0,57
678,700,401,0,57
678,701,401,0,57
678,702,401,0,57
678,703,401,0,57
678,704,401,0,57
678,705,401,0,57
678,706,401,0,57
678,707,401,0,57
678,708,401,0,57
678,709,401,0,57
678,710,401,0,57
678,711,401,0,57
678,712,401,0,57
678,713,401,0,57
678,714,401,0,57
678,715,401,0,57
678,716,401,0,57
678,717,401,0,57
678,718,401,0,57
678,719,401,0,57
678,720,401,0,57
678,721,401,0,57
678,722,401,0,57
678,723,401,0,57
678,724,401,0,57
720,625,278,0,99
720,626,278,0,99
720,627,278,0,99
720,628,278,0,99
720,629,278,0,99
720,630,278,0,99
720,631,278,0,99
720,632,278,0,99
720,633,278,0,99
720,634,278,0,99
720,635,278,0,99
720,636,278,0,99
720,637,278,0,99
720,638,278,0,99
720,639,278,0,99
720,640,278,0,99
720,641,278,0,99
720,642,278,0,99
720,643,278,0,99
720,644,278,0,99
720,645,278,0,99
720,646,278,0,99
720,647,278,0,99
720,648,278,0,99
720,649,278,0,99
720,650,278,0,99
720,651,278,0,99
720,652,278,0,99
720,653,278,0,99
720,654,278,0,99
720,655,278,0,99
720,656,278,0,99
720,657,278,0,99
720,658,278,0,99
720,659,278,0,99
720,660,278,0,99
720,661,278,0,99
720,662,278,0,99
720,663,278,0,99
720,664,278,0,99
720,665,278,0,99
720,666,278,0,99
720,667,278,0,99
720,668,278,0,99
720,669,278,0,99
720,670,278,0,99
720,671,278,0,99
720,672,278,0,99
720,673,278,0,99
720,674,278,0,99
720,675,278,0,99
720,676,278,0,99
720,677,278,0,99
720,678,278,0,99
720,679,278,0,99
720,680,278,0,99
720,681,278,0,99
720,682,278,0,99
720,683,278,0,99
720,684,278,0,99
720,685,278,0,99
720,686,278,0,99
720,687,278,0,99
720,688,278,0,99
720,689,278,0,99
720,690,278,0,99
720,691,278,0,99
720,692,278,0,99
720,693,278,0,99
720,694,278,0,99
720,695,278,0,99
720,696,278,0,99
720,697,278,0,99
720,698,278,0,99
720,699,278,0,99
720,700,278,0,99
720,701,278,0,99
720,702,278,0,99
720,703,278,0,99
720,704,278,0,99
720,705,278,0,99
720,706,278,0,99
720,707,278,0,99
720,708,278,0,99
720,709,278,0,99
720,710,278,0,99
720,711,278,0,99
720,712,278,0,99
720,713,278,0,99
720,714,278,0,99
720,715,278,0,99
720,716,278,0,99
720,717,278,0,99
720,718,278,0,99
720,719,278,0,99
720,721,278,0,99
720,722,278,0,99
720,723,278,0,99
720,724,278,0,99
