4,713,5,1,0
5,636,30,2,0
5,713,6,1,0
6,713,7,1,0
8,692,7,0,1
8,713,33,2,0
9,692,8,0,1
9,713,34,2,0
10,713,35,2,0
11,713,36,2,0
17,713,42,2,0
18,636,19,1,0
18,713,43,2,0
19,692,18,0,1
19,713,44,2,0
21,692,22,1,0
21,713,20,0,1
22,636,47,2,0
22,713,21,0,1
23,713,22,0,1
29,713,30,2,1
30,636,55,3,0
30,713,31,2,1
31,713,32,2,1
32,692,57,3,0
33,692,32,1,2
33,713,58,3,0
34,692,33,1,2
34,713,59,3,0
35,713,60,3,0
36,713,61,3,0
42,713,67,3,0
43,636,44,2,1
43,713,68,3,0
44,713,69,3,0
45,692,70,3,0
46,692,47,2,1
46,713,45,1,2
47,636,72,3,0
47,713,46,1,2
48,713,47,1,2
54,713,55,2,1
55,636,80,3,0
55,713,56,2,1
56,713,57,2,1
57,692,82,3,0
57,713,58,2,1
58,692,57,1,2
58,713,59,2,1
59,692,58,1,2
59,713,60,2,1
60,713,61,2,1
61,713,713,92,0
67,713,66,1,2
68,636,69,2,1
68,713,67,1,2
69,692,68,1,2
69,713,68,1,2
70,692,95,3,0
70,713,69,1,2
71,692,72,2,1
71,713,70,1,2
72,636,97,3,0
72,713,71,1,2
73,713,72,1,2
79,713,80,2,1
80,636,105,3,0
80,713,81,2,1
81,713,82,2,1
82,692,107,3,0
82,710,107,3,0
82,713,57,0,3
83,692,82,1,2
83,710,108,3,0
83,713,58,0,3
84,692,83,1,2
84,710,109,3,0
84,713,59,0,3
85,710,110,3,0
85,713,60,0,3
86,713,61,0,3
92,713,67,0,3
93,636,94,2,1
93,710,118,3,0
93,713,68,0,3
94,692,93,1,2
94,710,119,3,0
94,713,69,0,3
95,692,120,3,0
95,710,120,3,0
95,713,70,0,3
96,692,97,2,1
96,713,95,1,2
97,636,122,3,0
97,713,96,1,2
98,713,97,1,2
104,713,105,2,1
105,636,130,3,0
105,713,106,2,1
106,713,107,2,1
107,692,692,71,0
107,713,82,0,3
108,692,107,1,2
108,713,83,0,3
109,692,108,1,2
109,713,84,0,3
110,713,85,0,3
111,713,86,0,3
117,713,92,0,3
118,636,119,2,1
118,713,93,0,3
119,692,118,1,2
119,713,94,0,3
120,692,121,2,1
120,713,95,0,3
121,692,122,2,1
121,713,120,1,2
122,636,147,3,0
122,713,121,1,2
123,713,122,1,2
129,713,130,2,1
130,636,155,3,0
130,713,131,2,1
131,713,132,2,1
132,713,107,0,3
133,692,132,1,2
133,713,108,0,3
134,692,133,1,2
134,713,109,0,3
135,713,110,0,3
136,713,111,0,3
142,713,117,0,3
143,636,144,2,1
143,713,118,0,3
144,692,143,1,2
144,713,119,0,3
145,713,120,0,3
146,692,147,2,1
146,713,145,1,2
147,636,172,3,0
147,713,146,1,2
148,713,147,1,2
154,713,155,2,1
155,636,180,3,0
155,713,156,2,1
156,713,157,2,1
157,713,132,0,3
158,692,157,1,2
158,713,133,0,3
159,692,158,1,2
159,713,134,0,3
160,713,135,0,3
161,713,136,0,3
167,713,142,0,3
168,636,169,2,1
168,713,143,0,3
169,692,168,1,2
169,713,144,0,3
170,713,145,0,3
171,692,172,2,1
171,713,170,1,2
172,636,197,3,0
172,713,171,1,2
173,713,172,1,2
179,713,180,2,1
180,636,205,3,0
180,713,181,2,1
181,713,182,2,1
182,713,157,0,3
183,692,182,1,2
183,713,158,0,3
184,692,183,1,2
184,713,159,0,3
185,713,160,0,3
186,713,161,0,3
192,713,167,0,3
193,636,194,2,1
193,713,168,0,3
194,692,193,1,2
194,713,169,0,3
195,713,170,0,3
196,692,197,2,1
196,713,195,1,2
197,636,222,3,0
197,713,196,1,2
198,713,197,1,2
204,713,205,2,1
205,636,230,3,0
205,713,206,2,1
206,713,207,2,1
207,713,182,0,3
208,692,207,1,2
208,713,183,0,3
209,692,208,1,2
209,713,184,0,3
210,713,185,0,3
211,713,186,0,3
217,713,192,0,3
218,636,219,2,1
218,713,193,0,3
219,692,218,1,2
219,713,194,0,3
220,713,195,0,3
221,692,222,2,1
221,713,220,1,2
222,636,247,3,0
222,713,221,1,2
223,713,222,1,2
229,713,230,2,1
230,636,255,3,0
230,713,231,2,1
231,713,232,2,1
232,713,207,0,3
233,692,232,1,2
233,713,208,0,3
234,692,233,1,2
234,713,209,0,3
235,713,210,0,3
236,713,211,0,3
242,713,217,0,3
243,636,244,2,1
243,713,218,0,3
244,692,243,1,2
244,713,219,0,3
245,713,220,0,3
246,692,247,2,1
246,713,245,1,2
247,636,272,3,0
247,713,246,1,2
248,713,247,1,2
254,713,255,2,1
255,636,280,3,0
255,713,256,2,1
256,636,281,3,0
256,713,257,2,1
257,636,282,3,0
257,713,232,0,3
258,692,257,1,2
258,713,233,0,3
259,692,258,1,2
259,713,234,0,3
260,713,235,0,3
261,713,236,0,3
267,713,242,0,3
268,636,269,2,1
268,713,243,0,3
269,692,268,1,2
269,713,244,0,3
270,636,295,3,0
270,713,245,0,3
271,636,296,3,0
271,692,272,2,1
271,713,270,1,2
272,636,297,3,0
272,713,271,1,2
273,713,272,1,2
279,713,280,2,1
280,636,636,15,0
280,713,281,2,1
281,636,280,1,2
281,713,282,2,1
282,636,281,1,2
282,713,257,0,3
283,692,282,1,2
283,713,258,0,3
284,692,283,1,2
284,713,259,0,3
285,713,260,0,3
286,713,261,0,3
292,713,267,0,3
293,636,294,2,1
293,713,268,0,3
294,692,293,1,2
294,713,269,0,3
295,636,296,2,1
295,713,270,0,3
296,636,297,2,1
296,692,297,2,1
296,713,295,1,2
297,713,296,1,2
298,713,297,1,2
304,713,305,2,1
305,636,280,0,3
305,713,306,2,1
306,713,307,2,1
308,692,307,1,2
308,713,283,0,3
309,692,308,1,2
309,713,284,0,3
310,713,285,0,3
311,713,286,0,3
317,713,292,0,3
318,636,319,2,1
318,713,293,0,3
319,692,318,1,2
319,713,294,0,3
321,692,322,2,1
321,713,320,1,2
322,636,297,0,3
322,713,321,1,2
323,713,322,1,2
329,713,330,2,1
330,636,305,0,3
330,713,331,2,1
331,713,332,2,1
333,692,332,1,2
333,713,308,0,3
334,692,333,1,2
334,713,309,0,3
335,713,310,0,3
336,713,311,0,3
342,713,317,0,3
343,636,344,2,1
343,713,318,0,3
344,692,343,1,2
344,713,319,0,3
346,692,347,2,1
346,713,345,1,2
347,636,322,0,3
347,713,346,1,2
348,713,347,1,2
354,713,355,2,1
355,636,330,0,3
355,713,356,2,1
356,713,357,2,1
357,692,332,0,3
358,692,357,1,2
358,713,333,0,3
359,692,358,1,2
359,713,334,0,3
360,713,335,0,3
361,713,336,0,3
367,713,342,0,3
368,636,369,2,1
368,713,343,0,3
369,692,368,1,2
369,713,344,0,3
370,692,345,0,3
371,692,372,2,1
371,713,370,1,2
372,636,347,0,3
372,713,371,1,2
373,713,372,1,2
379,713,380,2,1
380,636,355,0,3
380,713,381,2,1
381,713,382,2,1
382,692,357,0,3
382,710,383,2,1
382,713,407,3,0
383,692,382,1,2
383,710,384,2,1
383,713,408,3,0
384,692,383,1,2
384,710,385,2,1
384,713,409,3,0
385,710,710,89,0
385,713,410,3,0
386,713,411,3,0
392,713,417,3,0
393,636,394,2,1
393,710,392,1,2
393,713,418,3,0
394,692,393,1,2
394,710,393,1,2
394,713,419,3,0
395,692,370,0,3
395,710,394,1,2
395,713,420,3,0
396,692,397,2,1
396,713,395,1,2
397,636,372,0,3
397,713,396,1,2
398,713,397,1,2
404,713,405,2,1
405,636,380,0,3
405,713,406,2,1
406,713,407,2,1
407,692,382,0,3
407,710,382,0,3
407,713,432,3,0
408,692,407,1,2
408,710,383,0,3
408,713,433,3,0
409,692,408,1,2
409,710,384,0,3
409,713,434,3,0
410,710,385,0,3
410,713,435,3,0
411,713,436,3,0
417,713,442,3,0
418,636,419,2,1
418,710,393,0,3
418,713,443,3,0
419,692,418,1,2
419,710,394,0,3
419,713,444,3,0
420,692,395,0,3
420,710,395,0,3
420,713,445,3,0
421,692,422,2,1
421,713,420,1,2
422,636,397,0,3
422,713,421,1,2
423,713,422,1,2
429,713,430,2,1
430,636,405,0,3
430,713,431,2,1
431,713,432,2,1
432,713,457,3,0
433,692,432,1,2
433,713,458,3,0
434,692,433,1,2
434,713,459,3,0
435,713,460,3,0
436,713,461,3,0
442,713,467,3,0
443,636,444,2,1
443,713,468,3,0
444,692,443,1,2
444,713,469,3,0
445,713,470,3,0
446,692,447,2,1
446,713,445,1,2
447,636,422,0,3
447,713,446,1,2
448,713,447,1,2
454,713,455,2,1
455,636,430,0,3
455,713,456,2,1
456,713,457,2,1
457,713,482,3,0
458,692,457,1,2
458,713,483,3,0
459,692,458,1,2
459,713,484,3,0
460,713,485,3,0
461,713,486,3,0
467,713,492,3,0
468,636,469,2,1
468,713,493,3,0
469,692,468,1,2
469,713,494,3,0
470,713,495,3,0
471,692,472,2,1
471,713,470,1,2
472,636,447,0,3
472,713,471,1,2
473,713,472,1,2
479,713,480,2,1
480,636,455,0,3
480,713,481,2,1
481,713,482,2,1
482,713,507,3,0
483,692,482,1,2
483,713,508,3,0
484,692,483,1,2
484,713,509,3,0
485,713,510,3,0
486,713,511,3,0
492,713,517,3,0
493,636,494,2,1
493,713,518,3,0
494,692,493,1,2
494,713,519,3,0
495,713,520,3,0
496,692,497,2,1
496,713,495,1,2
497,636,472,0,3
497,713,496,1,2
498,713,497,1,2
504,713,505,2,1
505,636,480,0,3
505,713,506,2,1
506,713,507,2,1
507,713,532,3,0
508,692,507,1,2
508,713,533,3,0
509,692,508,1,2
509,713,534,3,0
510,713,535,3,0
511,713,536,3,0
517,713,542,3,0
518,636,519,2,1
518,713,543,3,0
519,692,518,1,2
519,713,544,3,0
520,713,545,3,0
521,692,522,2,1
521,713,520,1,2
522,636,497,0,3
522,713,521,1,2
523,713,522,1,2
529,713,530,2,1
530,636,505,0,3
530,713,531,2,1
531,713,532,2,1
532,713,557,3,0
533,692,532,1,2
533,713,558,3,0
534,692,533,1,2
534,713,559,3,0
535,713,560,3,0
536,713,561,3,0
542,713,567,3,0
543,636,544,2,1
543,713,568,3,0
544,692,543,1,2
544,713,569,3,0
545,713,570,3,0
546,692,547,2,1
546,713,545,1,2
547,636,522,0,3
547,713,546,1,2
548,713,547,1,2
554,713,555,2,1
555,636,530,0,3
555,713,556,2,1
556,713,557,2,1
557,713,582,3,0
558,692,557,1,2
558,713,583,3,0
559,692,558,1,2
559,713,584,3,0
560,713,585,3,0
561,713,586,3,0
567,713,592,3,0
568,636,569,2,1
568,713,593,3,0
569,692,568,1,2
569,713,594,3,0
570,713,595,3,0
571,692,572,2,1
571,713,570,1,2
572,636,547,0,3
572,713,571,1,2
573,713,572,1,2
579,713,580,2,1
580,636,555,0,3
580,713,581,2,1
581,636,556,0,3
581,713,582,2,1
582,636,557,0,3
582,713,607,3,0
583,692,582,1,2
583,713,608,3,0
584,692,583,1,2
584,713,609,3,0
585,713,610,3,0
586,713,611,3,0
592,713,617,3,0
593,636,594,2,1
593,713,618,3,0
594,692,593,1,2
594,713,619,3,0
595,636,570,0,3
595,713,620,3,0
596,636,571,0,3
596,692,597,2,1
596,713,595,1,2
597,636,572,0,3
597,713,596,1,2
598,713,597,1,2
604,713,605,2,1
605,636,5,3,3
605,713,606,2,1
606,713,607,2,1
608,692,607,1,2
608,713,8,3,3
609,692,608,1,2
609,713,9,3,3
610,713,10,3,3
611,713,11,3,3
617,713,17,3,3
618,636,619,2,1
618,713,18,3,3
619,692,618,1,2
619,713,19,3,3
621,692,622,2,1
621,713,620,1,2
622,636,22,3,3
622,713,621,1,2
623,713,622,1,2
636,625,280,0,15
636,626,280,0,15
636,627,280,0,15
636,628,280,0,15
636,629,280,0,15
636,630,280,0,15
636,631,280,0,15
636,632,280,0,15
636,633,280,0,15
636,634,280,0,15
636,635,280,0,15
636,637,280,0,15
636,638,280,0,15
636,639,280,0,15
636,640,280,0,15
636,641,280,0,15
636,642,280,0,15
636,643,280,0,15
636,644,280,0,15
636,645,280,0,15
636,646,280,0,15
636,647,280,0,15
636,648,280,0,15
636,649,280,0,15
636,650,280,0,15
636,651,280,0,15
636,652,280,0,15
636,653,280,0,15
636,654,280,0,15
636,655,280,0,15
636,656,280,0,15
636,657,280,0,15
636,658,280,0,15
636,659,280,0,15
636,660,280,0,15
636,661,280,0,15
636,662,280,0,15
636,663,280,0,15
636,664,280,0,15
636,665,280,0,15
636,666,280,0,15
636,667,280,0,15
636,668,280,0,15
636,669,280,0,15
636,670,280,0,15
636,671,280,0,15
636,672,280,0,15
636,673,280,0,15
636,674,280,0,15
636,675,280,0,15
636,676,280,0,15
636,677,280,0,15
636,678,280,0,15
636,679,280,0,15
636,680,280,0,15
636,681,280,0,15
636,682,280,0,15
636,683,280,0,15
636,684,280,0,15
636,685,280,0,15
636,686,280,0,15
636,687,280,0,15
636,688,280,0,15
636,689,280,0,15
636,690,280,0,15
636,691,280,0,15
636,692,280,0,15
636,693,280,0,15
636,694,280,0,15
636,695,280,0,15
636,696,280,0,15
636,697,280,0,15
636,698,280,0,15
636,699,280,0,15
636,700,280,0,15
636,701,280,0,15
636,702,280,0,15
636,703,280,0,15
636,704,280,0,15
636,705,280,0,15
636,706,280,0,15
636,707,280,0,15
636,708,280,0,15
636,709,280,0,15
636,710,280,0,15
636,711,280,0,15
636,712,280,0,15
636,713,280,0,15
636,714,280,0,15
636,715,280,0,15
636,716,280,0,15
636,717,280,0,15
636,718,280,0,15
636,719,280,0,15
636,720,280,0,15
636,721,280,0,15
636,722,280,0,15
636,723,280,0,15
636,724,280,0,15
692,625,107,0,71
692,626,107,0,71
692,627,107,0,71
692,628,107,0,71
692,629,107,0,71
692,630,107,0,71
692,631,107,0,71
692,632,107,0,71
692,633,107,0,71
692,634,107,0,71
692,635,107,0,71
692,636,107,0,71
692,637,107,0,71
692,638,107,0,71
692,639,107,0,71
692,640,107,0,71
692,641,107,0,71
692,642,107,0,71
692,643,107,0,71
692,644,107,0,71
692,645,107,0,71
692,646,107,0,71
692,647,107,0,71
692,648,107,0,71
692,649,107,0,71
692,650,107,0,71
692,651,107,0,71
692,652,107,0,71
692,653,107,0,71
692,654,107,0,71
692,655,107,0,71
692,656,107,0,71
692,657,107,0,71
692,658,107,0,71
692,659,107,0,71
692,660,107,0,71
692,661,107,0,71
692,662,107,0,71
692,663,107,0,71
692,664,107,0,71
692,665,107,0,71
692,666,107,0,71
692,667,107,0,71
692,668,107,0,71
692,669,107,0,71
692,670,107,0,71
692,671,107,0,71
692,672,107,0,71
692,673,107,0,71
692,674,107,0,71
692,675,107,0,71
692,676,107,0,71
692,677,107,0,71
692,678,107,0,71
692,679,107,0,71
692,680,107,0,71
692,681,107,0,71
692,682,107,0,71
692,683,107,0,71
692,684,107,0,71
692,685,107,0,71
692,686,107,0,71
692,687,107,0,71
692,688,107,0,71
692,689,107,0,71
692,690,107,0,71
692,691,107,0,71
692,693,107,0,71
692,694,107,0,71
692,695,107,0,71
692,696,107,0,71
692,697,107,0,71
692,698,107,0,71
692,699,107,0,71
692,700,107,0,71
692,701,107,0,71
692,702,107,0,71
692,703,107,0,71
692,704,107,0,71
692,705,107,0,71
692,706,107,0,71
692,707,107,0,71
692,708,107,0,71
692,709,107,0,71
692,710,107,0,71
692,711,107,0,71
692,712,107,0,71
692,713,107,0,71
692,714,107,0,71
692,715,107,0,71
692,716,107,0,71
692,717,107,0,71
692,718,107,0,71
692,719,107,0,71
692,720,107,0,71
692,721,107,0,71
692,722,107,0,71
692,723,107,0,71
692,724,107,0,71
710,625,385,0,89
710,626,385,0,89
710,627,385,0,89
710,628,385,0,89
710,629,385,0,89
710,630,385,0,89
710,631,385,0,89
710,632,385,0,89
710,633,385,0,89
710,634,385,0,89
710,635,385,0,89
710,636,385,0,89
710,637,385,0,89
710,638,385,0,89
710,639,385,0,89
710,640,385,0,89
710,641,385,0,89
710,642,385,0,89
710,643,385,0,89
710,644,385,0,89
710,645,385,0,89
710,646,385,0,89
710,647,385,0,89
710,648,385,0,89
710,649,385,0,89
710,650,385,0,89
710,651,385,0,89
710,652,385,0,89
710,653,385,0,89
710,654,385,0,89
710,655,385,0,89
710,656,385,0,89
710,657,385,0,89
710,658,385,0,89
710,659,385,0,89
710,660,385,0,89
710,661,385,0,89
710,662,385,0,89
710,663,385,0,89
710,664,385,0,89
710,665,385,0,89
710,666,385,0,89
710,667,385,0,89
710,668,385,0,89
710,669,385,0,89
710,670,385,0,89
710,671,385,0,89
710,672,385,0,89
710,673,385,0,89
710,674,385,0,89
710,675,385,0,89
710,676,385,0,89
710,677,385,0,89
710,678,385,0,89
710,679,385,0,89
710,680,385,0,89
710,681,385,0,89
710,682,385,0,89
710,683,385,0,89
710,684,385,0,89
710,685,385,0,89
710,686,385,0,89
710,687,385,0,89
710,688,385,0,89
710,689,385,0,89
710,690,385,0,89
710,691,385,0,89
710,692,385,0,89
710,693,385,0,89
710,694,385,0,89
710,695,385,0,89
710,696,385,0,89
710,697,385,0,89
710,698,385,0,89
710,699,385,0,89
710,700,385,0,89
710,701,385,0,89
710,702,385,0,89
710,703,385,0,89
710,704,385,0,89
710,705,385,0,89
710,706,385,0,89
710,707,385,0,89
710,708,385,0,89
710,709,385,0,89
710,711,385,0,89
710,712,385,0,89
710,713,385,0,89
710,714,385,0,89
710,715,385,0,89
710,716,385,0,89
710,717,385,0,89
710,718,385,0,89
710,719,385,0,89
710,720,385,0,89
710,721,385,0,89
710,722,385,0,89
710,723,385,0,89
710,724,385,0,89
713,625,61,0,92
713,626,61,0,92
713,627,61,0,92
713,628,61,0,92
713,629,61,0,92
713,630,61,0,92
713,631,61,0,92
713,632,61,0,92
713,633,61,0,92
713,634,61,0,92
713,635,61,0,92
713,636,61,0,92
713,637,61,0,92
713,638,61,0,92
713,639,61,0,92
713,640,61,0,92
713,641,61,0,92
713,642,61,0,92
713,643,61,0,92
713,644,61,0,92
713,645,61,0,92
713,646,61,0,92
713,647,61,0,92
713,648,61,0,92
713,649,61,0,92
713,650,61,0,92
713,651,61,0,92
713,652,61,0,92
713,653,61,0,92
713,654,61,0,92
713,655,61,0,92
713,656,61,0,92
713,657,61,0,92
713,658,61,0,92
713,659,61,0,92
713,660,61,0,92
713,661,61,0,92
713,662,61,0,92
713,663,61,0,92
713,664,61,0,92
713,665,61,0,92
713,666,61,0,92
713,667,61,0,92
713,668,61,0,92
713,669,61,0,92
713,670,61,0,92
713,671,61,0,92
713,672,61,0,92
713,673,61,0,92
713,674,61,0,92
713,675,61,0,92
713,676,61,0,92
713,677,61,0,92
713,678,61,0,92
713,679,61,0,92
713,680,61,0,92
713,681,61,0,92
713,682,61,0,92
713,683,61,0,92
713,684,61,0,92
713,685,61,0,92
713,686,61,0,92
713,687,61,0,92
713,688,61,0,92
713,689,61,0,92
713,690,61,0,92
713,691,61,0,92
713,692,61,0,92
713,693,61,0,92
713,694,61,0,92
713,695,61,0,92
713,696,61,0,92
713,697,61,0,92
713,698,61,0,92
713,699,61,0,92
713,700,61,0,92
713,701,61,0,92
713,702,61,0,92
713,703,61,0,92
713,704,61,0,92
713,705,61,0,92
713,706,61,0,92
713,707,61,0,92
713,708,61,0,92
713,709,61,0,92
713,710,61,0,92
713,711,61,0,92
713,712,61,0,92
713,714,61,0,92
713,715,61,0,92
713,716,61,0,92
713,717,61,0,92
713,718,61,0,92
713,719,61,0,92
713,720,61,0,92
713,721,61,0,92
713,722,61,0,92
713,723,61,0,92
713,724,61,0,92
