2,628,3,1,0
2,642,3,1,0
3,628,4,1,0
3,642,4,1,0
4,628,5,1,0
4,633,604,3,3
4,642,5,1,0
4,683,5,1,0
4,689,29,2,0
4,705,5,1,0
4,720,5,1,0
5,628,6,1,0
5,633,605,3,3
5,642,6,1,0
5,683,6,1,0
5,689,30,2,0
5,705,6,1,0
5,708,6,1,0
5,720,6,1,0
6,628,7,1,0
6,633,606,3,3
6,642,7,1,0
6,683,7,1,0
6,689,31,2,0
6,705,7,1,0
6,708,7,1,0
6,720,7,1,0
7,628,32,2,0
7,633,607,3,3
7,642,607,3,3
7,646,8,1,0
7,683,32,2,0
7,689,32,2,0
7,705,8,1,0
7,708,8,1,0
8,628,33,2,0
8,633,7,0,1
8,642,608,3,3
8,646,646,25,0
8,683,33,2,0
8,689,7,0,1
8,705,9,1,0
8,708,9,1,0
8,720,33,2,0
9,628,34,2,0
9,633,8,0,1
9,642,609,3,3
9,683,34,2,0
9,689,8,0,1
9,705,10,1,0
9,708,708,87,0
9,720,34,2,0
10,628,35,2,0
10,633,9,0,1
10,642,610,3,3
10,683,35,2,0
10,689,9,0,1
10,705,705,84,0
10,720,35,2,0
11,628,36,2,0
11,642,611,3,3
12,628,37,2,0
12,642,612,3,3
15,628,40,2,0
15,642,615,3,3
16,628,41,2,0
16,642,616,3,3
17,628,42,2,0
17,633,18,1,0
17,642,617,3,3
17,683,42,2,0
17,689,18,1,0
17,705,16,0,1
17,720,42,2,0
18,628,43,2,0
18,633,19,1,0
18,642,618,3,3
18,683,43,2,0
18,689,19,1,0
18,705,17,0,1
18,708,17,0,1
18,720,43,2,0
19,626,619,3,3
19,628,44,2,0
19,629,44,2,0
19,633,619,3,3
19,635,44,2,0
19,637,619,3,3
19,638,619,3,3
19,639,44,2,0
19,640,44,2,0
19,642,619,3,3
19,643,44,2,0
19,647,44,2,0
19,649,619,3,3
19,650,44,2,0
19,651,44,2,0
19,653,44,2,0
19,654,619,3,3
19,657,619,3,3
19,662,44,2,0
19,666,44,2,0
19,668,44,2,0
19,670,44,2,0
19,671,44,2,0
19,674,44,2,0
19,675,619,3,3
19,677,619,3,3
19,678,619,3,3
19,681,44,2,0
19,683,44,2,0
19,687,44,2,0
19,689,44,2,0
19,690,44,2,0
19,692,44,2,0
19,694,44,2,0
19,695,44,2,0
19,697,619,3,3
19,700,44,2,0
19,701,44,2,0
19,702,44,2,0
19,703,44,2,0
19,705,18,0,1
19,707,619,3,3
19,708,18,0,1
19,709,619,3,3
19,710,619,3,3
19,711,44,2,0
19,714,619,3,3
19,715,619,3,3
19,718,44,2,0
19,719,44,2,0
19,720,44,2,0
19,723,619,3,3
20,625,19,0,1
20,627,19,0,1
20,628,19,0,1
20,630,19,0,1
20,631,19,0,1
20,632,19,0,1
20,633,620,3,3
20,634,19,0,1
20,636,19,0,1
20,641,19,0,1
20,642,19,0,1
20,644,19,0,1
20,645,19,0,1
20,646,19,0,1
20,648,19,0,1
20,652,19,0,1
20,655,19,0,1
20,656,19,0,1
20,658,19,0,1
20,659,19,0,1
20,663,19,0,1
20,665,19,0,1
20,669,19,0,1
20,673,19,0,1
20,676,19,0,1
20,679,19,0,1
20,680,19,0,1
20,682,19,0,1
20,683,19,0,1
20,684,19,0,1
20,685,19,0,1
20,686,19,0,1
20,688,19,0,1
20,689,45,2,0
20,691,19,0,1
20,693,19,0,1
20,696,19,0,1
20,698,19,0,1
20,699,19,0,1
20,704,19,0,1
20,705,19,0,1
20,708,19,0,1
20,713,19,0,1
20,717,19,0,1
20,720,19,0,1
20,722,19,0,1
20,724,19,0,1
21,628,20,0,1
21,633,621,3,3
21,642,20,0,1
21,683,20,0,1
21,689,46,2,0
21,705,20,0,1
21,708,20,0,1
21,720,20,0,1
22,628,21,0,1
22,633,622,3,3
22,642,21,0,1
22,683,21,0,1
22,689,47,2,0
22,705,21,0,1
22,720,21,0,1
23,628,22,0,1
23,642,22,0,1
24,628,23,0,1
24,642,23,0,1
27,628,28,2,1
27,642,28,2,1
28,628,29,2,1
28,642,29,2,1
29,628,30,2,1
29,633,4,0,2
29,642,30,2,1
29,683,30,2,1
29,689,54,3,0
29,705,30,2,1
29,720,30,2,1
30,628,31,2,1
30,633,5,0,2
30,642,31,2,1
30,683,31,2,1
30,689,55,3,0
30,705,31,2,1
30,708,31,2,1
30,720,31,2,1
31,628,32,2,1
31,633,6,0,2
31,642,32,2,1
31,683,32,2,1
31,689,56,3,0
31,705,32,2,1
31,708,32,2,1
31,720,32,2,1
32,628,57,3,0
32,633,7,0,2
32,642,7,0,2
32,646,7,0,2
32,683,57,3,0
32,689,57,3,0
32,705,7,0,2
32,708,7,0,2
33,628,58,3,0
33,633,32,1,2
33,642,8,0,2
33,646,8,0,2
33,683,58,3,0
33,689,32,1,2
33,705,8,0,2
33,708,8,0,2
33,720,58,3,0
34,628,59,3,0
34,633,33,1,2
34,642,9,0,2
34,683,59,3,0
34,689,33,1,2
34,705,9,0,2
34,708,9,0,2
34,720,59,3,0
35,628,60,3,0
35,633,34,1,2
35,642,10,0,2
35,683,60,3,0
35,689,34,1,2
35,705,10,0,2
35,720,60,3,0
36,628,61,3,0
36,642,11,0,2
37,628,62,3,0
37,642,12,0,2
40,628,65,3,0
40,642,15,0,2
41,628,66,3,0
41,642,16,0,2
42,628,67,3,0
42,633,43,2,1
42,642,17,0,2
42,683,67,3,0
42,689,43,2,1
42,705,17,0,2
42,720,67,3,0
43,628,68,3,0
43,633,44,2,1
43,642,18,0,2
43,683,68,3,0
43,689,44,2,1
43,705,18,0,2
43,708,18,0,2
43,720,68,3,0
44,626,19,0,2
44,628,69,3,0
44,629,69,3,0
44,633,19,0,2
44,635,69,3,0
44,637,19,0,2
44,638,19,0,2
44,639,69,3,0
44,640,69,3,0
44,642,19,0,2
44,643,69,3,0
44,646,19,0,2
44,647,69,3,0
44,649,19,0,2
44,650,69,3,0
44,651,69,3,0
44,653,69,3,0
44,654,19,0,2
44,657,19,0,2
44,660,19,0,2
44,662,69,3,0
44,666,69,3,0
44,668,69,3,0
44,670,69,3,0
44,671,69,3,0
44,674,69,3,0
44,675,19,0,2
44,677,19,0,2
44,678,19,0,2
44,681,69,3,0
44,683,69,3,0
44,687,69,3,0
44,689,69,3,0
44,690,69,3,0
44,692,69,3,0
44,694,69,3,0
44,695,69,3,0
44,697,69,3,0
44,701,69,3,0
44,702,69,3,0
44,703,69,3,0
44,705,19,0,2
44,707,19,0,2
44,708,19,0,2
44,709,19,0,2
44,710,19,0,2
44,711,69,3,0
44,714,19,0,2
44,715,69,3,0
44,718,69,3,0
44,719,69,3,0
44,720,69,3,0
44,723,19,0,2
45,625,44,1,2
45,627,44,1,2
45,628,44,1,2
45,630,44,1,2
45,631,44,1,2
45,632,44,1,2
45,633,20,0,2
45,634,44,1,2
45,636,44,1,2
45,641,44,1,2
45,642,44,1,2
45,644,44,1,2
45,645,44,1,2
45,646,44,1,2
45,648,44,1,2
45,652,44,1,2
45,656,44,1,2
45,658,44,1,2
45,659,44,1,2
45,661,44,1,2
45,663,44,1,2
45,665,44,1,2
45,667,44,1,2
45,669,44,1,2
45,676,44,1,2
45,679,44,1,2
45,680,44,1,2
45,683,44,1,2
45,684,44,1,2
45,685,44,1,2
45,686,44,1,2
45,688,44,1,2
45,689,70,3,0
45,691,44,1,2
45,693,44,1,2
45,696,44,1,2
45,698,44,1,2
45,699,44,1,2
45,704,44,1,2
45,705,44,1,2
45,708,44,1,2
45,713,44,1,2
45,717,44,1,2
45,720,44,1,2
45,722,44,1,2
45,724,44,1,2
46,628,45,1,2
46,633,21,0,2
46,642,45,1,2
46,683,45,1,2
46,689,71,3,0
46,705,45,1,2
46,708,45,1,2
46,720,45,1,2
47,628,46,1,2
47,633,22,0,2
47,642,46,1,2
47,683,46,1,2
47,689,72,3,0
47,705,46,1,2
47,720,46,1,2
48,628,47,1,2
48,642,47,1,2
49,628,48,1,2
49,642,48,1,2
52,628,53,2,1
52,642,53,2,1
53,628,54,2,1
53,642,54,2,1
54,628,55,2,1
54,633,79,3,0
54,642,55,2,1
54,683,55,2,1
54,689,79,3,0
54,705,55,2,1
54,720,55,2,1
55,628,56,2,1
55,633,80,3,0
55,642,56,2,1
55,683,56,2,1
55,689,80,3,0
55,705,56,2,1
55,708,56,2,1
55,720,56,2,1
56,628,57,2,1
56,633,81,3,0
56,642,57,2,1
56,683,57,2,1
56,689,81,3,0
56,705,57,2,1
56,708,57,2,1
56,720,57,2,1
57,628,82,3,0
57,642,32,0,3
57,646,32,0,3
57,689,82,3,0
57,705,32,0,3
57,708,32,0,3
58,628,83,3,0
58,633,57,1,2
58,642,33,0,3
58,646,33,0,3
58,683,83,3,0
58,689,57,1,2
58,705,33,0,3
58,708,33,0,3
58,720,83,3,0
59,628,84,3,0
59,633,58,1,2
59,642,34,0,3
59,683,84,3,0
59,689,58,1,2
59,705,34,0,3
59,708,34,0,3
59,720,84,3,0
60,628,85,3,0
60,633,59,1,2
60,642,35,0,3
60,683,85,3,0
60,689,59,1,2
60,705,35,0,3
60,720,85,3,0
61,628,86,3,0
61,642,36,0,3
62,628,87,3,0
62,642,37,0,3
65,628,90,3,0
65,642,40,0,3
66,628,91,3,0
66,642,41,0,3
67,628,92,3,0
67,633,68,2,1
67,642,42,0,3
67,683,92,3,0
67,689,68,2,1
67,705,42,0,3
67,720,92,3,0
68,628,93,3,0
68,633,69,2,1
68,642,43,0,3
68,683,93,3,0
68,689,69,2,1
68,705,43,0,3
68,708,43,0,3
68,720,93,3,0
69,626,94,3,0
69,628,94,3,0
69,629,94,3,0
69,635,94,3,0
69,637,44,0,3
69,638,44,0,3
69,639,94,3,0
69,640,94,3,0
69,642,44,0,3
69,643,94,3,0
69,646,44,0,3
69,647,94,3,0
69,649,94,3,0
69,651,94,3,0
69,653,94,3,0
69,654,44,0,3
69,657,44,0,3
69,660,44,0,3
69,662,94,3,0
69,666,94,3,0
69,668,94,3,0
69,670,94,3,0
69,671,94,3,0
69,674,94,3,0
69,675,44,0,3
69,677,94,3,0
69,678,44,0,3
69,681,94,3,0
69,683,94,3,0
69,687,94,3,0
69,689,94,3,0
69,690,94,3,0
69,692,94,3,0
69,694,94,3,0
69,695,94,3,0
69,697,94,3,0
69,700,44,0,3
69,701,94,3,0
69,702,94,3,0
69,703,94,3,0
69,705,44,0,3
69,707,44,0,3
69,708,44,0,3
69,709,94,3,0
69,710,44,0,3
69,711,94,3,0
69,714,44,0,3
69,715,94,3,0
69,718,94,3,0
69,719,94,3,0
69,720,94,3,0
69,723,44,0,3
70,625,69,1,2
70,627,69,1,2
70,628,69,1,2
70,630,69,1,2
70,631,69,1,2
70,632,69,1,2
70,634,69,1,2
70,636,69,1,2
70,641,69,1,2
70,642,69,1,2
70,644,69,1,2
70,646,69,1,2
70,648,69,1,2
70,652,69,1,2
70,655,69,1,2
70,656,69,1,2
70,658,69,1,2
70,659,69,1,2
70,661,69,1,2
70,663,69,1,2
70,665,69,1,2
70,667,69,1,2
70,669,69,1,2
70,673,69,1,2
70,676,69,1,2
70,679,69,1,2
70,680,69,1,2
70,682,69,1,2
70,683,69,1,2
70,684,69,1,2
70,685,69,1,2
70,686,69,1,2
70,688,69,1,2
70,689,95,3,0
70,691,69,1,2
70,696,69,1,2
70,698,69,1,2
70,699,69,1,2
70,704,69,1,2
70,705,69,1,2
70,708,69,1,2
70,720,69,1,2
70,722,69,1,2
70,724,69,1,2
71,628,70,1,2
71,633,96,3,0
71,642,70,1,2
71,683,70,1,2
71,689,96,3,0
71,705,70,1,2
71,708,70,1,2
71,720,70,1,2
72,628,71,1,2
72,633,97,3,0
72,642,71,1,2
72,683,71,1,2
72,689,97,3,0
72,705,71,1,2
72,720,71,1,2
73,628,72,1,2
73,642,72,1,2
74,628,73,1,2
74,642,73,1,2
77,628,78,2,1
77,642,78,2,1
78,628,79,2,1
78,642,79,2,1
79,628,80,2,1
79,633,104,3,0
79,642,80,2,1
79,683,80,2,1
79,689,104,3,0
79,705,80,2,1
79,720,80,2,1
80,628,81,2,1
80,633,105,3,0
80,642,81,2,1
80,683,81,2,1
80,689,105,3,0
80,705,81,2,1
80,708,81,2,1
80,720,81,2,1
81,628,82,2,1
81,633,106,3,0
81,642,82,2,1
81,683,82,2,1
81,689,106,3,0
81,705,82,2,1
81,708,82,2,1
81,720,82,2,1
82,642,57,0,3
82,689,107,3,0
82,705,57,0,3
82,708,57,0,3
82,720,83,2,1
83,628,108,3,0
83,633,82,1,2
83,642,58,0,3
83,646,58,0,3
83,683,108,3,0
83,689,82,1,2
83,705,58,0,3
83,708,58,0,3
83,720,84,2,1
84,628,109,3,0
84,633,83,1,2
84,642,59,0,3
84,683,109,3,0
84,689,83,1,2
84,705,59,0,3
84,708,59,0,3
84,720,85,2,1
85,628,110,3,0
85,633,84,1,2
85,642,60,0,3
85,683,110,3,0
85,689,84,1,2
85,705,60,0,3
85,720,720,99,0
86,628,111,3,0
86,642,61,0,3
87,628,112,3,0
87,642,62,0,3
90,628,115,3,0
90,642,65,0,3
91,628,116,3,0
91,642,66,0,3
92,628,117,3,0
92,633,93,2,1
92,642,67,0,3
92,683,117,3,0
92,689,93,2,1
92,705,67,0,3
92,720,91,1,2
93,628,118,3,0
93,633,94,2,1
93,642,68,0,3
93,683,118,3,0
93,689,94,2,1
93,705,68,0,3
93,708,68,0,3
93,720,92,1,2
94,626,119,3,0
94,628,119,3,0
94,629,119,3,0
94,635,119,3,0
94,637,119,3,0
94,638,69,0,3
94,639,119,3,0
94,640,119,3,0
94,642,69,0,3
94,643,119,3,0
94,646,69,0,3
94,647,119,3,0
94,649,119,3,0
94,650,69,0,3
94,651,119,3,0
94,653,119,3,0
94,654,69,0,3
94,657,69,0,3
94,660,69,0,3
94,662,119,3,0
94,666,119,3,0
94,668,119,3,0
94,670,119,3,0
94,671,119,3,0
94,674,119,3,0
94,675,119,3,0
94,677,119,3,0
94,678,69,0,3
94,681,119,3,0
94,683,119,3,0
94,687,119,3,0
94,689,119,3,0
94,692,119,3,0
94,694,119,3,0
94,695,119,3,0
94,697,119,3,0
94,700,69,0,3
94,701,119,3,0
94,702,119,3,0
94,703,119,3,0
94,705,69,0,3
94,707,69,0,3
94,708,69,0,3
94,709,119,3,0
94,710,69,0,3
94,714,69,0,3
94,715,119,3,0
94,718,119,3,0
94,719,119,3,0
94,720,93,1,2
94,723,119,3,0
95,625,94,1,2
95,627,94,1,2
95,628,94,1,2
95,630,94,1,2
95,631,94,1,2
95,634,94,1,2
95,636,94,1,2
95,641,94,1,2
95,642,94,1,2
95,644,94,1,2
95,645,94,1,2
95,646,94,1,2
95,648,94,1,2
95,652,94,1,2
95,655,94,1,2
95,656,94,1,2
95,658,94,1,2
95,661,94,1,2
95,663,94,1,2
95,665,94,1,2
95,667,94,1,2
95,673,94,1,2
95,676,94,1,2
95,679,94,1,2
95,680,94,1,2
95,682,94,1,2
95,683,94,1,2
95,684,94,1,2
95,685,94,1,2
95,686,94,1,2
95,688,94,1,2
95,689,120,3,0
95,691,94,1,2
95,693,94,1,2
95,696,94,1,2
95,698,94,1,2
95,704,94,1,2
95,705,94,1,2
95,708,94,1,2
95,713,94,1,2
95,717,94,1,2
95,720,94,1,2
95,722,94,1,2
95,724,94,1,2
96,628,95,1,2
96,633,121,3,0
96,642,95,1,2
96,683,95,1,2
96,689,121,3,0
96,705,95,1,2
96,708,95,1,2
96,720,95,1,2
97,628,96,1,2
97,633,122,3,0
97,642,96,1,2
97,683,96,1,2
97,689,122,3,0
97,705,96,1,2
97,720,96,1,2
98,628,97,1,2
98,642,97,1,2
99,628,98,1,2
99,642,98,1,2
102,628,103,2,1
102,642,103,2,1
103,628,104,2,1
103,642,104,2,1
104,628,105,2,1
104,633,129,3,0
104,642,105,2,1
104,683,105,2,1
104,689,129,3,0
104,705,105,2,1
104,720,105,2,1
105,628,106,2,1
105,633,130,3,0
105,642,106,2,1
105,683,106,2,1
105,689,130,3,0
105,705,106,2,1
105,708,106,2,1
105,720,106,2,1
106,628,107,2,1
106,633,131,3,0
106,642,107,2,1
106,683,107,2,1
106,689,131,3,0
106,705,107,2,1
106,708,107,2,1
106,720,107,2,1
107,628,108,2,1
107,689,132,3,0
107,705,82,0,3
107,708,82,0,3
107,720,82,0,3
108,628,109,2,1
108,633,107,1,2
108,642,83,0,3
108,646,83,0,3
108,683,133,3,0
108,689,107,1,2
108,705,83,0,3
108,708,83,0,3
108,720,83,0,3
109,628,110,2,1
109,633,108,1,2
109,642,84,0,3
109,683,134,3,0
109,689,108,1,2
109,705,84,0,3
109,708,84,0,3
109,720,84,0,3
110,628,111,2,1
110,633,109,1,2
110,642,85,0,3
110,683,135,3,0
110,689,109,1,2
110,705,85,0,3
110,720,85,0,3
111,628,112,2,1
111,642,86,0,3
112,628,628,7,0
112,642,87,0,3
115,628,114,1,2
115,642,90,0,3
116,628,115,1,2
116,642,91,0,3
117,628,116,1,2
117,633,118,2,1
117,642,92,0,3
117,683,142,3,0
117,689,118,2,1
117,705,92,0,3
117,720,92,0,3
118,628,117,1,2
118,633,119,2,1
118,642,93,0,3
118,683,143,3,0
118,689,119,2,1
118,705,93,0,3
118,708,93,0,3
118,720,93,0,3
119,626,144,3,0
119,628,118,1,2
119,629,144,3,0
119,635,144,3,0
119,637,144,3,0
119,638,94,0,3
119,639,144,3,0
119,640,144,3,0
119,642,94,0,3
119,643,144,3,0
119,646,94,0,3
119,647,144,3,0
119,649,144,3,0
119,650,94,0,3
119,651,144,3,0
119,653,144,3,0
119,654,94,0,3
119,657,94,0,3
119,660,94,0,3
119,662,144,3,0
119,666,144,3,0
119,668,144,3,0
119,670,144,3,0
119,671,144,3,0
119,674,144,3,0
119,675,144,3,0
119,677,144,3,0
119,678,144,3,0
119,681,144,3,0
119,683,144,3,0
119,687,144,3,0
119,689,144,3,0
119,690,94,0,3
119,692,144,3,0
119,694,144,3,0
119,695,144,3,0
119,697,144,3,0
119,700,94,0,3
119,702,144,3,0
119,703,144,3,0
119,705,94,0,3
119,707,94,0,3
119,708,94,0,3
119,709,144,3,0
119,710,94,0,3
119,711,94,0,3
119,714,94,0,3
119,715,144,3,0
119,718,144,3,0
119,719,144,3,0
119,720,94,0,3
119,723,144,3,0
120,625,119,1,2
120,627,119,1,2
120,628,119,1,2
120,630,119,1,2
120,631,119,1,2
120,632,119,1,2
120,634,119,1,2
120,636,119,1,2
120,641,119,1,2
120,642,119,1,2
120,644,119,1,2
120,645,119,1,2
120,646,119,1,2
120,648,119,1,2
120,652,119,1,2
120,655,119,1,2
120,656,119,1,2
120,658,119,1,2
120,659,119,1,2
120,661,119,1,2
120,663,119,1,2
120,665,119,1,2
120,667,119,1,2
120,669,119,1,2
120,673,119,1,2
120,676,119,1,2
120,679,119,1,2
120,680,119,1,2
120,682,119,1,2
120,683,119,1,2
120,684,119,1,2
120,685,119,1,2
120,686,119,1,2
120,688,119,1,2
120,689,145,3,0
120,691,119,1,2
120,693,119,1,2
120,696,119,1,2
120,698,119,1,2
120,699,119,1,2
120,704,119,1,2
120,705,119,1,2
120,708,119,1,2
120,713,119,1,2
120,717,119,1,2
120,720,119,1,2
120,724,119,1,2
121,628,120,1,2
121,633,146,3,0
121,642,120,1,2
121,683,120,1,2
121,689,146,3,0
121,705,120,1,2
121,708,120,1,2
121,720,120,1,2
122,628,121,1,2
122,633,147,3,0
122,642,121,1,2
122,683,121,1,2
122,689,147,3,0
122,705,121,1,2
122,720,121,1,2
123,628,122,1,2
123,642,122,1,2
124,628,123,1,2
124,642,123,1,2
127,628,128,2,1
127,642,128,2,1
128,628,129,2,1
128,642,129,2,1
129,628,130,2,1
129,633,154,3,0
129,642,130,2,1
129,683,130,2,1
129,689,154,3,0
129,705,130,2,1
129,720,130,2,1
130,628,131,2,1
130,633,155,3,0
130,642,131,2,1
130,683,131,2,1
130,689,155,3,0
130,705,131,2,1
130,708,131,2,1
130,720,131,2,1
131,628,132,2,1
131,633,156,3,0
131,642,132,2,1
131,683,132,2,1
131,689,156,3,0
131,705,132,2,1
131,708,132,2,1
131,720,132,2,1
132,628,107,0,3
132,642,157,3,0
132,689,157,3,0
132,705,107,0,3
132,708,107,0,3
132,720,107,0,3
133,628,108,0,3
133,633,132,1,2
133,642,158,3,0
133,646,108,0,3
133,683,158,3,0
133,689,132,1,2
133,705,108,0,3
133,708,108,0,3
133,720,108,0,3
134,628,109,0,3
134,633,133,1,2
134,642,159,3,0
134,683,159,3,0
134,689,133,1,2
134,705,109,0,3
134,708,109,0,3
134,720,109,0,3
135,628,110,0,3
135,633,134,1,2
135,642,160,3,0
135,683,160,3,0
135,689,134,1,2
135,705,110,0,3
135,720,110,0,3
136,628,111,0,3
136,642,161,3,0
137,628,112,0,3
137,642,162,3,0
140,628,115,0,3
140,642,165,3,0
141,628,116,0,3
141,642,166,3,0
142,628,117,0,3
142,633,143,2,1
142,642,167,3,0
142,683,167,3,0
142,689,143,2,1
142,705,117,0,3
142,720,117,0,3
143,628,118,0,3
143,633,144,2,1
143,642,168,3,0
143,683,168,3,0
143,689,144,2,1
143,705,118,0,3
143,708,118,0,3
143,720,118,0,3
144,626,169,3,0
144,628,119,0,3
144,635,169,3,0
144,637,169,3,0
144,638,119,0,3
144,639,169,3,0
144,640,169,3,0
144,642,169,3,0
144,643,169,3,0
144,646,119,0,3
144,647,169,3,0
144,649,169,3,0
144,650,119,0,3
144,653,169,3,0
144,654,119,0,3
144,657,119,0,3
144,660,119,0,3
144,666,169,3,0
144,668,169,3,0
144,670,169,3,0
144,671,169,3,0
144,674,169,3,0
144,675,169,3,0
144,677,169,3,0
144,678,169,3,0
144,681,169,3,0
144,683,169,3,0
144,687,169,3,0
144,689,169,3,0
144,690,119,0,3
144,694,169,3,0
144,695,169,3,0
144,697,169,3,0
144,700,119,0,3
144,701,119,0,3
144,702,169,3,0
144,705,119,0,3
144,707,119,0,3
144,708,119,0,3
144,709,169,3,0
144,710,119,0,3
144,711,119,0,3
144,714,119,0,3
144,715,169,3,0
144,718,169,3,0
144,719,169,3,0
144,720,119,0,3
144,723,169,3,0
145,625,144,1,2
145,627,144,1,2
145,628,144,1,2
145,630,144,1,2
145,631,144,1,2
145,632,144,1,2
145,634,144,1,2
145,641,144,1,2
145,642,144,1,2
145,644,144,1,2
145,645,144,1,2
145,646,144,1,2
145,648,144,1,2
145,652,144,1,2
145,655,144,1,2
145,656,144,1,2
145,658,144,1,2
145,659,144,1,2
145,661,144,1,2
145,663,144,1,2
145,667,144,1,2
145,669,144,1,2
145,673,144,1,2
145,676,144,1,2
145,679,144,1,2
145,680,144,1,2
145,682,144,1,2
145,683,144,1,2
145,684,144,1,2
145,685,144,1,2
145,686,144,1,2
145,688,144,1,2
145,689,170,3,0
145,691,144,1,2
145,693,144,1,2
145,696,144,1,2
145,698,144,1,2
145,699,144,1,2
145,705,144,1,2
145,708,144,1,2
145,713,144,1,2
145,717,144,1,2
145,720,144,1,2
145,722,144,1,2
146,628,145,1,2
146,633,171,3,0
146,642,145,1,2
146,683,145,1,2
146,689,171,3,0
146,705,145,1,2
146,708,145,1,2
146,720,145,1,2
147,628,146,1,2
147,633,172,3,0
147,642,146,1,2
147,683,146,1,2
147,689,172,3,0
147,705,146,1,2
147,720,146,1,2
148,628,147,1,2
148,642,147,1,2
149,628,148,1,2
149,642,148,1,2
152,628,153,2,1
152,642,153,2,1
153,628,154,2,1
153,642,154,2,1
154,628,155,2,1
154,633,179,3,0
154,642,155,2,1
154,683,155,2,1
154,689,689,68,0
154,705,155,2,1
154,720,155,2,1
155,628,156,2,1
155,633,180,3,0
155,642,156,2,1
155,683,156,2,1
155,689,154,1,2
155,705,156,2,1
155,708,156,2,1
155,720,156,2,1
156,628,157,2,1
156,633,181,3,0
156,642,157,2,1
156,683,157,2,1
156,689,155,1,2
156,705,157,2,1
156,708,157,2,1
156,720,157,2,1
157,628,132,0,3
157,633,182,3,0
157,642,182,3,0
157,683,158,2,1
157,689,156,1,2
157,705,132,0,3
157,708,132,0,3
157,720,132,0,3
158,628,133,0,3
158,633,157,1,2
158,642,183,3,0
158,646,133,0,3
158,683,159,2,1
158,689,157,1,2
158,705,133,0,3
158,708,133,0,3
158,720,133,0,3
159,628,134,0,3
159,633,158,1,2
159,642,184,3,0
159,683,160,2,1
159,689,158,1,2
159,705,134,0,3
159,708,134,0,3
159,720,134,0,3
160,628,135,0,3
160,633,159,1,2
160,642,185,3,0
160,683,683,62,0
160,689,159,1,2
160,705,135,0,3
160,720,135,0,3
161,628,136,0,3
161,642,186,3,0
162,628,137,0,3
162,642,187,3,0
165,628,140,0,3
165,642,190,3,0
166,628,141,0,3
166,642,191,3,0
167,628,142,0,3
167,633,168,2,1
167,642,192,3,0
167,683,166,1,2
167,689,168,2,1
167,705,142,0,3
167,720,142,0,3
168,628,143,0,3
168,633,169,2,1
168,642,193,3,0
168,683,167,1,2
168,689,169,2,1
168,705,143,0,3
168,708,143,0,3
168,720,143,0,3
169,626,194,3,0
169,628,144,0,3
169,629,144,0,3
169,633,194,3,0
169,635,194,3,0
169,637,194,3,0
169,638,144,0,3
169,640,194,3,0
169,642,194,3,0
169,643,194,3,0
169,646,144,0,3
169,647,194,3,0
169,649,194,3,0
169,650,144,0,3
169,651,144,0,3
169,653,194,3,0
169,654,194,3,0
169,657,144,0,3
169,660,144,0,3
169,662,144,0,3
169,666,194,3,0
169,670,194,3,0
169,671,194,3,0
169,674,194,3,0
169,675,194,3,0
169,677,194,3,0
169,678,194,3,0
169,681,194,3,0
169,683,168,1,2
169,689,170,2,1
169,690,144,0,3
169,692,144,0,3
169,695,194,3,0
169,697,194,3,0
169,700,144,0,3
169,701,144,0,3
169,702,194,3,0
169,703,144,0,3
169,705,144,0,3
169,707,144,0,3
169,708,144,0,3
169,709,194,3,0
169,710,144,0,3
169,711,144,0,3
169,714,144,0,3
169,715,194,3,0
169,718,194,3,0
169,719,194,3,0
169,720,144,0,3
169,723,194,3,0
170,625,169,1,2
170,627,169,1,2
170,628,169,1,2
170,630,169,1,2
170,631,169,1,2
170,632,169,1,2
170,633,195,3,0
170,634,169,1,2
170,636,169,1,2
170,641,169,1,2
170,642,169,1,2
170,644,169,1,2
170,645,169,1,2
170,646,169,1,2
170,648,169,1,2
170,652,169,1,2
170,655,169,1,2
170,656,169,1,2
170,658,169,1,2
170,659,169,1,2
170,661,169,1,2
170,663,169,1,2
170,665,169,1,2
170,667,169,1,2
170,669,169,1,2
170,673,169,1,2
170,676,169,1,2
170,679,169,1,2
170,680,169,1,2
170,682,169,1,2
170,683,169,1,2
170,684,169,1,2
170,685,169,1,2
170,686,169,1,2
170,688,169,1,2
170,689,171,2,1
170,691,169,1,2
170,693,169,1,2
170,696,169,1,2
170,698,169,1,2
170,699,169,1,2
170,704,169,1,2
170,705,169,1,2
170,708,169,1,2
170,713,169,1,2
170,717,169,1,2
170,720,169,1,2
170,722,169,1,2
170,724,169,1,2
171,628,170,1,2
171,633,196,3,0
171,642,170,1,2
171,683,170,1,2
171,689,172,2,1
171,705,170,1,2
171,708,170,1,2
171,720,170,1,2
172,628,171,1,2
172,633,197,3,0
172,642,171,1,2
172,683,171,1,2
172,689,173,2,1
172,705,171,1,2
172,720,171,1,2
173,628,172,1,2
173,642,172,1,2
174,628,173,1,2
174,642,173,1,2
177,628,178,2,1
177,642,178,2,1
178,628,179,2,1
178,642,179,2,1
179,628,180,2,1
179,633,204,3,0
179,642,180,2,1
179,683,180,2,1
179,689,154,0,3
179,705,180,2,1
179,720,180,2,1
180,628,181,2,1
180,633,205,3,0
180,642,181,2,1
180,683,181,2,1
180,689,155,0,3
180,705,181,2,1
180,708,181,2,1
180,720,181,2,1
181,628,182,2,1
181,633,206,3,0
181,642,182,2,1
181,683,182,2,1
181,689,156,0,3
181,705,182,2,1
181,708,182,2,1
181,720,182,2,1
182,628,157,0,3
182,633,207,3,0
182,642,207,3,0
182,683,157,0,3
182,705,157,0,3
182,720,157,0,3
183,628,158,0,3
183,633,182,1,2
183,642,208,3,0
183,646,158,0,3
183,683,158,0,3
183,689,182,1,2
183,705,158,0,3
183,708,158,0,3
183,720,158,0,3
184,628,159,0,3
184,633,183,1,2
184,642,209,3,0
184,683,159,0,3
184,689,183,1,2
184,705,159,0,3
184,708,159,0,3
184,720,159,0,3
185,628,160,0,3
185,633,184,1,2
185,642,210,3,0
185,683,160,0,3
185,689,184,1,2
185,705,160,0,3
185,720,160,0,3
186,628,161,0,3
186,642,211,3,0
187,628,162,0,3
187,642,212,3,0
190,628,165,0,3
190,642,215,3,0
191,628,166,0,3
191,642,216,3,0
192,628,167,0,3
192,633,193,2,1
192,642,217,3,0
192,683,167,0,3
192,689,193,2,1
192,705,167,0,3
192,720,167,0,3
193,628,168,0,3
193,633,194,2,1
193,642,218,3,0
193,683,168,0,3
193,689,194,2,1
193,705,168,0,3
193,708,168,0,3
193,720,168,0,3
194,626,219,3,0
194,628,169,0,3
194,629,169,0,3
194,633,219,3,0
194,635,219,3,0
194,637,219,3,0
194,638,169,0,3
194,639,169,0,3
194,640,219,3,0
194,642,219,3,0
194,643,219,3,0
194,646,169,0,3
194,647,219,3,0
194,649,219,3,0
194,650,169,0,3
194,651,169,0,3
194,654,219,3,0
194,657,169,0,3
194,660,169,0,3
194,662,169,0,3
194,666,219,3,0
194,668,169,0,3
194,670,219,3,0
194,671,219,3,0
194,675,219,3,0
194,677,219,3,0
194,678,219,3,0
194,681,219,3,0
194,683,169,0,3
194,687,169,0,3
194,690,169,0,3
194,692,169,0,3
194,694,169,0,3
194,695,219,3,0
194,697,219,3,0
194,700,169,0,3
194,701,169,0,3
194,702,219,3,0
194,703,169,0,3
194,705,169,0,3
194,707,169,0,3
194,708,169,0,3
194,709,219,3,0
194,710,169,0,3
194,711,169,0,3
194,714,169,0,3
194,715,219,3,0
194,718,219,3,0
194,719,219,3,0
194,720,169,0,3
194,723,219,3,0
195,625,194,1,2
195,627,194,1,2
195,628,194,1,2
195,630,194,1,2
195,631,194,1,2
195,632,194,1,2
195,633,220,3,0
195,634,194,1,2
195,636,194,1,2
195,641,194,1,2
195,642,194,1,2
195,644,194,1,2
195,645,194,1,2
195,646,194,1,2
195,648,194,1,2
195,655,194,1,2
195,656,194,1,2
195,658,194,1,2
195,659,194,1,2
195,661,194,1,2
195,663,194,1,2
195,665,194,1,2
195,667,194,1,2
195,669,194,1,2
195,673,194,1,2
195,676,194,1,2
195,679,194,1,2
195,680,194,1,2
195,682,194,1,2
195,683,194,1,2
195,684,194,1,2
195,685,194,1,2
195,686,194,1,2
195,688,194,1,2
195,691,194,1,2
195,693,194,1,2
195,696,194,1,2
195,699,194,1,2
195,704,194,1,2
195,705,194,1,2
195,708,194,1,2
195,713,194,1,2
195,717,194,1,2
195,720,194,1,2
195,722,194,1,2
195,724,194,1,2
196,628,195,1,2
196,633,221,3,0
196,642,195,1,2
196,683,195,1,2
196,689,171,0,3
196,705,195,1,2
196,708,195,1,2
196,720,195,1,2
197,628,196,1,2
197,633,222,3,0
197,642,196,1,2
197,683,196,1,2
197,689,172,0,3
197,705,196,1,2
197,720,196,1,2
198,628,197,1,2
198,642,197,1,2
199,628,198,1,2
199,642,198,1,2
202,628,203,2,1
202,642,203,2,1
203,628,204,2,1
203,642,204,2,1
204,628,205,2,1
204,633,229,3,0
204,642,205,2,1
204,683,205,2,1
204,689,179,0,3
204,705,205,2,1
204,720,205,2,1
205,628,206,2,1
205,633,230,3,0
205,642,206,2,1
205,683,206,2,1
205,689,180,0,3
205,705,206,2,1
205,708,206,2,1
205,720,206,2,1
206,628,207,2,1
206,633,231,3,0
206,642,207,2,1
206,683,207,2,1
206,689,181,0,3
206,705,207,2,1
206,708,207,2,1
206,720,207,2,1
207,628,182,0,3
207,633,232,3,0
207,642,232,3,0
207,683,182,0,3
207,705,182,0,3
207,720,182,0,3
208,628,183,0,3
208,633,207,1,2
208,642,233,3,0
208,646,183,0,3
208,683,183,0,3
208,689,207,1,2
208,705,183,0,3
208,708,183,0,3
208,720,183,0,3
209,628,184,0,3
209,633,208,1,2
209,642,234,3,0
209,683,184,0,3
209,689,208,1,2
209,705,184,0,3
209,708,184,0,3
209,720,184,0,3
210,628,185,0,3
210,633,209,1,2
210,642,235,3,0
210,683,185,0,3
210,689,209,1,2
210,705,185,0,3
210,720,185,0,3
211,628,186,0,3
211,642,236,3,0
212,628,187,0,3
212,642,237,3,0
215,628,190,0,3
215,642,240,3,0
216,628,191,0,3
216,642,241,3,0
217,628,192,0,3
217,633,218,2,1
217,642,242,3,0
217,683,192,0,3
217,689,218,2,1
217,705,192,0,3
217,720,192,0,3
218,628,193,0,3
218,633,219,2,1
218,642,243,3,0
218,683,193,0,3
218,689,219,2,1
218,705,193,0,3
218,708,193,0,3
218,720,193,0,3
219,626,244,3,0
219,628,194,0,3
219,629,194,0,3
219,633,244,3,0
219,637,244,3,0
219,638,244,3,0
219,639,194,0,3
219,642,244,3,0
219,646,194,0,3
219,647,244,3,0
219,649,244,3,0
219,650,194,0,3
219,651,194,0,3
219,653,194,0,3
219,654,244,3,0
219,657,194,0,3
219,660,194,0,3
219,662,194,0,3
219,666,244,3,0
219,668,194,0,3
219,670,244,3,0
219,671,244,3,0
219,674,194,0,3
219,675,244,3,0
219,677,244,3,0
219,678,244,3,0
219,681,244,3,0
219,683,194,0,3
219,687,194,0,3
219,690,194,0,3
219,692,194,0,3
219,694,194,0,3
219,695,244,3,0
219,697,244,3,0
219,700,194,0,3
219,701,194,0,3
219,703,194,0,3
219,705,194,0,3
219,707,194,0,3
219,708,194,0,3
219,709,244,3,0
219,710,194,0,3
219,711,194,0,3
219,714,194,0,3
219,715,244,3,0
219,718,244,3,0
219,719,244,3,0
219,720,194,0,3
219,723,244,3,0
220,625,219,1,2
220,627,219,1,2
220,628,219,1,2
220,630,219,1,2
220,631,219,1,2
220,632,219,1,2
220,633,245,3,0
220,634,219,1,2
220,636,219,1,2
220,641,219,1,2
220,642,219,1,2
220,644,219,1,2
220,645,219,1,2
220,646,219,1,2
220,648,219,1,2
220,652,219,1,2
220,655,219,1,2
220,656,219,1,2
220,658,219,1,2
220,659,219,1,2
220,661,219,1,2
220,663,219,1,2
220,665,219,1,2
220,667,219,1,2
220,669,219,1,2
220,673,219,1,2
220,676,219,1,2
220,679,219,1,2
220,680,219,1,2
220,682,219,1,2
220,683,219,1,2
220,684,219,1,2
220,686,219,1,2
220,688,219,1,2
220,691,219,1,2
220,693,219,1,2
220,696,219,1,2
220,698,219,1,2
220,699,219,1,2
220,704,219,1,2
220,705,219,1,2
220,708,219,1,2
220,713,219,1,2
220,717,219,1,2
220,720,219,1,2
220,722,219,1,2
220,724,219,1,2
221,628,220,1,2
221,633,246,3,0
221,642,220,1,2
221,683,220,1,2
221,689,196,0,3
221,705,220,1,2
221,708,220,1,2
221,720,220,1,2
222,628,221,1,2
222,633,247,3,0
222,642,221,1,2
222,683,221,1,2
222,689,197,0,3
222,705,221,1,2
222,720,221,1,2
223,628,222,1,2
223,642,222,1,2
224,628,223,1,2
224,642,223,1,2
227,628,228,2,1
227,642,228,2,1
228,628,229,2,1
228,642,229,2,1
229,628,230,2,1
229,633,254,3,0
229,642,230,2,1
229,683,230,2,1
229,689,204,0,3
229,705,230,2,1
229,720,230,2,1
230,628,231,2,1
230,633,255,3,0
230,642,231,2,1
230,683,231,2,1
230,689,205,0,3
230,705,231,2,1
230,708,231,2,1
230,720,231,2,1
231,628,232,2,1
231,633,256,3,0
231,642,232,2,1
231,683,232,2,1
231,689,206,0,3
231,705,232,2,1
231,708,232,2,1
231,720,232,2,1
232,628,207,0,3
232,633,257,3,0
232,642,257,3,0
232,683,207,0,3
232,720,207,0,3
233,628,208,0,3
233,633,232,1,2
233,642,258,3,0
233,646,208,0,3
233,683,208,0,3
233,689,232,1,2
233,705,208,0,3
233,708,208,0,3
233,720,208,0,3
234,628,209,0,3
234,633,233,1,2
234,642,259,3,0
234,683,209,0,3
234,689,233,1,2
234,705,209,0,3
234,708,209,0,3
234,720,209,0,3
235,628,210,0,3
235,633,234,1,2
235,642,260,3,0
235,683,210,0,3
235,689,234,1,2
235,705,210,0,3
235,720,210,0,3
236,628,211,0,3
236,642,261,3,0
237,628,212,0,3
237,642,262,3,0
240,628,215,0,3
240,642,265,3,0
241,628,216,0,3
241,642,266,3,0
242,628,217,0,3
242,633,243,2,1
242,642,267,3,0
242,683,217,0,3
242,689,243,2,1
242,705,217,0,3
242,720,217,0,3
243,628,218,0,3
243,633,244,2,1
243,642,268,3,0
243,683,218,0,3
243,689,244,2,1
243,705,218,0,3
243,708,218,0,3
243,720,218,0,3
244,626,269,3,0
244,628,219,0,3
244,629,219,0,3
244,633,269,3,0
244,635,219,0,3
244,637,269,3,0
244,638,269,3,0
244,639,219,0,3
244,640,219,0,3
244,642,269,3,0
244,643,219,0,3
244,646,219,0,3
244,647,269,3,0
244,649,269,3,0
244,650,219,0,3
244,651,219,0,3
244,653,219,0,3
244,654,269,3,0
244,657,219,0,3
244,660,219,0,3
244,662,219,0,3
244,666,269,3,0
244,668,219,0,3
244,670,269,3,0
244,671,269,3,0
244,674,219,0,3
244,675,269,3,0
244,677,269,3,0
244,678,269,3,0
244,681,269,3,0
244,683,219,0,3
244,687,219,0,3
244,690,219,0,3
244,692,219,0,3
244,694,219,0,3
244,697,269,3,0
244,700,219,0,3
244,701,219,0,3
244,702,219,0,3
244,703,219,0,3
244,705,219,0,3
244,707,219,0,3
244,708,219,0,3
244,709,269,3,0
244,710,219,0,3
244,711,219,0,3
244,714,269,3,0
244,715,269,3,0
244,718,269,3,0
244,719,269,3,0
244,720,219,0,3
244,723,269,3,0
245,625,244,1,2
245,627,244,1,2
245,628,244,1,2
245,630,244,1,2
245,631,244,1,2
245,632,244,1,2
245,633,270,3,0
245,634,244,1,2
245,636,244,1,2
245,641,244,1,2
245,642,244,1,2
245,645,244,1,2
245,646,244,1,2
245,648,244,1,2
245,652,244,1,2
245,655,244,1,2
245,656,244,1,2
245,658,244,1,2
245,659,244,1,2
245,661,244,1,2
245,663,244,1,2
245,665,244,1,2
245,667,244,1,2
245,669,244,1,2
245,673,244,1,2
245,676,244,1,2
245,679,244,1,2
245,680,244,1,2
245,682,244,1,2
245,683,244,1,2
245,684,244,1,2
245,685,244,1,2
245,686,244,1,2
245,688,244,1,2
245,691,244,1,2
245,693,244,1,2
245,696,244,1,2
245,698,244,1,2
245,699,244,1,2
245,704,244,1,2
245,705,244,1,2
245,708,244,1,2
245,713,244,1,2
245,717,244,1,2
245,720,244,1,2
245,722,244,1,2
245,724,244,1,2
246,628,245,1,2
246,633,271,3,0
246,642,245,1,2
246,683,245,1,2
246,689,221,0,3
246,705,245,1,2
246,708,245,1,2
246,720,245,1,2
247,628,246,1,2
247,633,272,3,0
247,642,246,1,2
247,683,246,1,2
247,689,222,0,3
247,705,246,1,2
247,720,246,1,2
248,628,247,1,2
248,642,247,1,2
249,628,248,1,2
249,642,248,1,2
252,628,253,2,1
252,642,253,2,1
253,628,254,2,1
253,642,254,2,1
254,628,255,2,1
254,633,279,3,0
254,642,255,2,1
254,683,255,2,1
254,689,229,0,3
254,705,255,2,1
254,720,255,2,1
255,628,256,2,1
255,633,280,3,0
255,642,256,2,1
255,683,256,2,1
255,689,230,0,3
255,705,256,2,1
255,708,256,2,1
255,720,256,2,1
256,628,257,2,1
256,633,281,3,0
256,642,257,2,1
256,683,257,2,1
256,689,231,0,3
256,705,257,2,1
256,708,257,2,1
256,720,257,2,1
257,628,232,0,3
257,633,282,3,0
257,642,282,3,0
257,683,232,0,3
257,720,232,0,3
258,628,233,0,3
258,633,257,1,2
258,642,283,3,0
258,646,233,0,3
258,683,233,0,3
258,689,257,1,2
258,705,233,0,3
258,708,233,0,3
258,720,233,0,3
259,628,234,0,3
259,633,258,1,2
259,642,284,3,0
259,683,234,0,3
259,689,258,1,2
259,705,234,0,3
259,708,234,0,3
259,720,234,0,3
260,628,235,0,3
260,633,259,1,2
260,642,285,3,0
260,683,235,0,3
260,689,259,1,2
260,705,235,0,3
260,720,235,0,3
261,628,236,0,3
261,642,286,3,0
262,628,237,0,3
262,642,287,3,0
265,628,240,0,3
265,642,290,3,0
266,628,241,0,3
266,642,291,3,0
267,628,242,0,3
267,633,268,2,1
267,642,292,3,0
267,683,242,0,3
267,689,268,2,1
267,705,242,0,3
267,720,242,0,3
268,628,243,0,3
268,633,269,2,1
268,642,293,3,0
268,683,243,0,3
268,689,269,2,1
268,705,243,0,3
268,708,243,0,3
268,720,243,0,3
269,626,294,3,0
269,628,244,0,3
269,629,244,0,3
269,633,294,3,0
269,635,244,0,3
269,637,294,3,0
269,638,294,3,0
269,639,244,0,3
269,640,244,0,3
269,642,294,3,0
269,643,244,0,3
269,646,244,0,3
269,647,294,3,0
269,649,294,3,0
269,650,244,0,3
269,651,244,0,3
269,653,244,0,3
269,654,294,3,0
269,657,244,0,3
269,660,244,0,3
269,662,244,0,3
269,666,294,3,0
269,668,244,0,3
269,674,244,0,3
269,675,294,3,0
269,677,294,3,0
269,678,294,3,0
269,681,294,3,0
269,683,244,0,3
269,687,244,0,3
269,690,244,0,3
269,692,244,0,3
269,694,244,0,3
269,695,244,0,3
269,697,294,3,0
269,700,244,0,3
269,701,244,0,3
269,702,244,0,3
269,703,244,0,3
269,705,244,0,3
269,707,244,0,3
269,708,244,0,3
269,709,294,3,0
269,710,294,3,0
269,711,244,0,3
269,714,294,3,0
269,715,294,3,0
269,718,294,3,0
269,720,244,0,3
269,723,294,3,0
270,625,269,1,2
270,627,269,1,2
270,628,269,1,2
270,630,269,1,2
270,631,269,1,2
270,632,269,1,2
270,633,295,3,0
270,634,269,1,2
270,636,269,1,2
270,641,269,1,2
270,642,269,1,2
270,644,269,1,2
270,645,269,1,2
270,646,269,1,2
270,648,269,1,2
270,652,269,1,2
270,655,269,1,2
270,656,269,1,2
270,658,269,1,2
270,659,269,1,2
270,661,269,1,2
270,663,269,1,2
270,665,269,1,2
270,667,269,1,2
270,669,269,1,2
270,673,269,1,2
270,676,269,1,2
270,679,269,1,2
270,680,269,1,2
270,682,269,1,2
270,683,269,1,2
270,684,269,1,2
270,685,269,1,2
270,686,269,1,2
270,688,269,1,2
270,691,269,1,2
270,693,269,1,2
270,696,269,1,2
270,698,269,1,2
270,699,269,1,2
270,704,269,1,2
270,705,269,1,2
270,708,269,1,2
270,713,269,1,2
270,717,269,1,2
270,720,269,1,2
270,722,269,1,2
270,724,269,1,2
271,628,270,1,2
271,633,296,3,0
271,642,270,1,2
271,683,270,1,2
271,689,246,0,3
271,705,270,1,2
271,708,270,1,2
271,720,270,1,2
272,628,271,1,2
272,633,297,3,0
272,642,271,1,2
272,683,271,1,2
272,689,247,0,3
272,705,271,1,2
272,720,271,1,2
273,628,272,1,2
273,642,272,1,2
274,628,273,1,2
274,642,273,1,2
277,628,278,2,1
277,642,278,2,1
278,628,279,2,1
278,642,279,2,1
279,628,280,2,1
279,633,304,3,0
279,642,280,2,1
279,683,280,2,1
279,689,254,0,3
279,705,280,2,1
279,720,280,2,1
280,628,281,2,1
280,633,305,3,0
280,642,281,2,1
280,683,281,2,1
280,689,255,0,3
280,705,281,2,1
280,708,281,2,1
280,720,281,2,1
281,628,282,2,1
281,633,306,3,0
281,642,282,2,1
281,683,282,2,1
281,689,256,0,3
281,705,282,2,1
281,708,282,2,1
281,720,282,2,1
282,628,257,0,3
282,633,307,3,0
282,642,307,3,0
282,683,257,0,3
282,689,257,0,3
282,720,257,0,3
283,628,258,0,3
283,633,282,1,2
283,642,308,3,0
283,646,258,0,3
283,683,258,0,3
283,689,282,1,2
283,705,258,0,3
283,708,258,0,3
283,720,258,0,3
284,628,259,0,3
284,633,283,1,2
284,642,309,3,0
284,683,259,0,3
284,689,283,1,2
284,705,259,0,3
284,708,259,0,3
284,720,259,0,3
285,628,260,0,3
285,633,284,1,2
285,642,310,3,0
285,683,260,0,3
285,689,284,1,2
285,705,260,0,3
285,720,260,0,3
286,628,261,0,3
286,642,311,3,0
287,628,262,0,3
287,642,312,3,0
290,628,265,0,3
290,642,315,3,0
291,628,266,0,3
291,642,316,3,0
292,628,267,0,3
292,633,293,2,1
292,642,317,3,0
292,683,267,0,3
292,689,293,2,1
292,705,267,0,3
292,720,267,0,3
293,628,268,0,3
293,633,294,2,1
293,642,318,3,0
293,683,268,0,3
293,689,294,2,1
293,705,268,0,3
293,708,268,0,3
293,720,268,0,3
294,626,319,3,0
294,628,269,0,3
294,629,269,0,3
294,633,319,3,0
294,635,269,0,3
294,637,319,3,0
294,638,319,3,0
294,639,269,0,3
294,640,269,0,3
294,642,319,3,0
294,643,269,0,3
294,646,269,0,3
294,647,319,3,0
294,649,319,3,0
294,650,269,0,3
294,651,269,0,3
294,653,269,0,3
294,654,319,3,0
294,657,269,0,3
294,660,269,0,3
294,662,269,0,3
294,666,319,3,0
294,668,269,0,3
294,670,269,0,3
294,671,269,0,3
294,674,269,0,3
294,675,319,3,0
294,677,319,3,0
294,678,319,3,0
294,683,269,0,3
294,687,269,0,3
294,689,269,0,3
294,690,269,0,3
294,692,269,0,3
294,694,269,0,3
294,695,269,0,3
294,697,319,3,0
294,700,269,0,3
294,701,269,0,3
294,702,269,0,3
294,703,269,0,3
294,705,269,0,3
294,707,319,3,0
294,708,269,0,3
294,709,319,3,0
294,710,319,3,0
294,711,269,0,3
294,714,319,3,0
294,715,319,3,0
294,718,319,3,0
294,719,269,0,3
294,720,269,0,3
294,723,319,3,0
295,625,294,1,2
295,627,294,1,2
295,628,294,1,2
295,630,294,1,2
295,631,294,1,2
295,632,294,1,2
295,633,320,3,0
295,634,294,1,2
295,636,294,1,2
295,641,294,1,2
295,642,294,1,2
295,644,294,1,2
295,645,294,1,2
295,646,294,1,2
295,648,294,1,2
295,652,294,1,2
295,655,294,1,2
295,656,294,1,2
295,658,294,1,2
295,659,294,1,2
295,661,294,1,2
295,663,294,1,2
295,665,294,1,2
295,667,294,1,2
295,669,294,1,2
295,673,294,1,2
295,676,294,1,2
295,679,294,1,2
295,680,294,1,2
295,682,294,1,2
295,683,294,1,2
295,684,294,1,2
295,685,294,1,2
295,688,294,1,2
295,689,270,0,3
295,691,294,1,2
295,693,294,1,2
295,696,294,1,2
295,698,294,1,2
295,699,294,1,2
295,704,294,1,2
295,705,294,1,2
295,708,294,1,2
295,713,294,1,2
295,717,294,1,2
295,720,294,1,2
295,722,294,1,2
295,724,294,1,2
296,628,295,1,2
296,633,321,3,0
296,642,295,1,2
296,683,295,1,2
296,689,271,0,3
296,705,295,1,2
296,708,295,1,2
296,720,295,1,2
297,628,296,1,2
297,633,322,3,0
297,642,296,1,2
297,683,296,1,2
297,689,272,0,3
297,705,296,1,2
297,720,296,1,2
298,628,297,1,2
298,642,297,1,2
299,628,298,1,2
299,642,298,1,2
302,628,303,2,1
302,642,303,2,1
303,628,304,2,1
303,642,304,2,1
304,628,305,2,1
304,633,329,3,0
304,642,305,2,1
304,683,305,2,1
304,689,279,0,3
304,705,305,2,1
304,720,305,2,1
305,628,306,2,1
305,633,330,3,0
305,642,306,2,1
305,683,306,2,1
305,689,280,0,3
305,705,306,2,1
305,708,306,2,1
305,720,306,2,1
306,628,307,2,1
306,633,331,3,0
306,642,307,2,1
306,683,307,2,1
306,689,281,0,3
306,705,307,2,1
306,708,307,2,1
306,720,307,2,1
307,628,282,0,3
307,633,332,3,0
307,642,332,3,0
307,683,282,0,3
307,689,282,0,3
308,628,283,0,3
308,633,307,1,2
308,642,333,3,0
308,646,283,0,3
308,683,283,0,3
308,689,307,1,2
308,705,283,0,3
308,708,283,0,3
308,720,283,0,3
309,628,284,0,3
309,633,308,1,2
309,642,334,3,0
309,683,284,0,3
309,689,308,1,2
309,705,284,0,3
309,708,284,0,3
309,720,284,0,3
310,628,285,0,3
310,633,309,1,2
310,642,335,3,0
310,683,285,0,3
310,689,309,1,2
310,705,285,0,3
310,720,285,0,3
311,628,286,0,3
311,642,336,3,0
312,628,287,0,3
312,642,337,3,0
315,628,290,0,3
315,642,340,3,0
316,628,291,0,3
316,642,341,3,0
317,628,292,0,3
317,633,318,2,1
317,642,342,3,0
317,683,292,0,3
317,689,318,2,1
317,705,292,0,3
317,720,292,0,3
318,628,293,0,3
318,633,319,2,1
318,642,343,3,0
318,683,293,0,3
318,689,319,2,1
318,705,293,0,3
318,708,293,0,3
318,720,293,0,3
319,626,344,3,0
319,628,294,0,3
319,629,294,0,3
319,633,344,3,0
319,635,294,0,3
319,637,344,3,0
319,638,344,3,0
319,639,294,0,3
319,640,294,0,3
319,642,344,3,0
319,643,294,0,3
319,646,294,0,3
319,649,344,3,0
319,650,294,0,3
319,651,294,0,3
319,653,294,0,3
319,654,344,3,0
319,657,344,3,0
319,660,294,0,3
319,662,294,0,3
319,668,294,0,3
319,670,294,0,3
319,671,294,0,3
319,674,294,0,3
319,675,344,3,0
319,677,344,3,0
319,678,344,3,0
319,681,294,0,3
319,683,294,0,3
319,687,294,0,3
319,689,294,0,3
319,690,294,0,3
319,692,294,0,3
319,694,294,0,3
319,695,294,0,3
319,697,344,3,0
319,700,294,0,3
319,701,294,0,3
319,702,294,0,3
319,703,294,0,3
319,705,294,0,3
319,707,344,3,0
319,708,294,0,3
319,709,344,3,0
319,710,344,3,0
319,711,294,0,3
319,714,344,3,0
319,715,344,3,0
319,719,294,0,3
319,720,294,0,3
319,723,344,3,0
320,625,319,1,2
320,627,319,1,2
320,628,319,1,2
320,630,319,1,2
320,631,319,1,2
320,632,319,1,2
320,633,345,3,0
320,634,319,1,2
320,636,319,1,2
320,641,319,1,2
320,642,319,1,2
320,644,319,1,2
320,645,319,1,2
320,646,319,1,2
320,648,319,1,2
320,652,319,1,2
320,655,319,1,2
320,656,319,1,2
320,658,319,1,2
320,659,319,1,2
320,661,319,1,2
320,663,319,1,2
320,665,319,1,2
320,667,319,1,2
320,669,319,1,2
320,673,319,1,2
320,676,319,1,2
320,679,319,1,2
320,680,319,1,2
320,682,319,1,2
320,683,319,1,2
320,684,319,1,2
320,685,319,1,2
320,686,319,1,2
320,688,319,1,2
320,689,295,0,3
320,691,319,1,2
320,693,319,1,2
320,696,319,1,2
320,698,319,1,2
320,699,319,1,2
320,704,319,1,2
320,705,319,1,2
320,708,319,1,2
320,713,319,1,2
320,717,319,1,2
320,720,319,1,2
320,722,319,1,2
320,724,319,1,2
321,628,320,1,2
321,633,346,3,0
321,642,320,1,2
321,683,320,1,2
321,689,296,0,3
321,705,320,1,2
321,708,320,1,2
321,720,320,1,2
322,628,321,1,2
322,633,347,3,0
322,642,321,1,2
322,683,321,1,2
322,689,297,0,3
322,705,321,1,2
322,720,321,1,2
323,628,322,1,2
323,642,322,1,2
324,628,323,1,2
324,642,323,1,2
327,628,328,2,1
327,642,328,2,1
328,628,329,2,1
328,642,329,2,1
329,628,330,2,1
329,633,354,3,0
329,642,330,2,1
329,683,330,2,1
329,689,304,0,3
329,705,330,2,1
329,720,330,2,1
330,628,331,2,1
330,633,355,3,0
330,642,331,2,1
330,683,331,2,1
330,689,305,0,3
330,705,331,2,1
330,708,331,2,1
330,720,331,2,1
331,628,332,2,1
331,633,356,3,0
331,642,332,2,1
331,683,332,2,1
331,689,306,0,3
331,705,332,2,1
331,708,332,2,1
331,720,332,2,1
332,628,307,0,3
332,633,357,3,0
332,642,357,3,0
332,646,357,3,0
332,683,307,0,3
332,689,307,0,3
332,705,357,3,0
332,708,357,3,0
333,628,308,0,3
333,633,332,1,2
333,642,358,3,0
333,646,358,3,0
333,683,308,0,3
333,689,332,1,2
333,705,358,3,0
333,708,358,3,0
333,720,308,0,3
334,628,309,0,3
334,633,333,1,2
334,642,359,3,0
334,683,309,0,3
334,689,333,1,2
334,705,359,3,0
334,708,359,3,0
334,720,309,0,3
335,628,310,0,3
335,633,334,1,2
335,642,360,3,0
335,683,310,0,3
335,689,334,1,2
335,705,360,3,0
335,720,310,0,3
336,628,311,0,3
336,642,361,3,0
337,628,312,0,3
337,642,362,3,0
340,628,315,0,3
340,642,365,3,0
341,628,316,0,3
341,642,366,3,0
342,628,317,0,3
342,633,343,2,1
342,642,367,3,0
342,683,317,0,3
342,689,343,2,1
342,705,367,3,0
342,720,317,0,3
343,628,318,0,3
343,633,344,2,1
343,642,368,3,0
343,683,318,0,3
343,689,344,2,1
343,705,368,3,0
343,708,368,3,0
343,720,318,0,3
344,626,369,3,0
344,628,319,0,3
344,629,319,0,3
344,633,369,3,0
344,635,319,0,3
344,637,369,3,0
344,638,369,3,0
344,639,319,0,3
344,640,319,0,3
344,642,369,3,0
344,643,319,0,3
344,646,369,3,0
344,647,319,0,3
344,649,369,3,0
344,650,319,0,3
344,651,319,0,3
344,653,319,0,3
344,654,369,3,0
344,657,369,3,0
344,660,369,3,0
344,662,319,0,3
344,666,319,0,3
344,668,319,0,3
344,670,319,0,3
344,671,319,0,3
344,674,319,0,3
344,675,369,3,0
344,677,369,3,0
344,678,369,3,0
344,681,319,0,3
344,683,319,0,3
344,687,319,0,3
344,689,319,0,3
344,690,319,0,3
344,692,319,0,3
344,694,319,0,3
344,695,319,0,3
344,700,319,0,3
344,701,319,0,3
344,702,319,0,3
344,703,319,0,3
344,705,369,3,0
344,707,369,3,0
344,708,369,3,0
344,709,369,3,0
344,710,369,3,0
344,711,319,0,3
344,714,369,3,0
344,718,319,0,3
344,719,319,0,3
344,720,319,0,3
344,723,369,3,0
345,625,344,1,2
345,627,344,1,2
345,628,344,1,2
345,630,344,1,2
345,631,344,1,2
345,632,344,1,2
345,633,370,3,0
345,634,344,1,2
345,636,344,1,2
345,641,344,1,2
345,642,344,1,2
345,644,344,1,2
345,645,344,1,2
345,646,344,1,2
345,648,344,1,2
345,652,344,1,2
345,655,344,1,2
345,656,344,1,2
345,658,344,1,2
345,659,344,1,2
345,661,344,1,2
345,663,344,1,2
345,665,344,1,2
345,667,344,1,2
345,669,344,1,2
345,673,344,1,2
345,676,344,1,2
345,679,344,1,2
345,680,344,1,2
345,682,344,1,2
345,683,344,1,2
345,684,344,1,2
345,685,344,1,2
345,686,344,1,2
345,688,344,1,2
345,689,320,0,3
345,691,344,1,2
345,693,344,1,2
345,696,344,1,2
345,698,344,1,2
345,699,344,1,2
345,704,344,1,2
345,705,344,1,2
345,708,344,1,2
345,713,344,1,2
345,717,344,1,2
345,720,344,1,2
345,722,344,1,2
345,724,344,1,2
346,628,345,1,2
346,633,371,3,0
346,642,345,1,2
346,683,345,1,2
346,689,321,0,3
346,705,345,1,2
346,708,345,1,2
346,720,345,1,2
347,628,346,1,2
347,633,372,3,0
347,642,346,1,2
347,683,346,1,2
347,689,322,0,3
347,705,346,1,2
347,720,346,1,2
348,628,347,1,2
348,642,347,1,2
349,628,348,1,2
349,642,348,1,2
352,628,353,2,1
352,642,353,2,1
353,628,354,2,1
353,642,354,2,1
354,628,355,2,1
354,633,633,12,0
354,642,355,2,1
354,683,355,2,1
354,689,329,0,3
354,705,355,2,1
354,720,355,2,1
355,628,356,2,1
355,633,354,1,2
355,642,356,2,1
355,683,356,2,1
355,689,330,0,3
355,705,356,2,1
355,708,356,2,1
355,720,356,2,1
356,628,357,2,1
356,633,355,1,2
356,642,357,2,1
356,683,357,2,1
356,689,331,0,3
356,705,357,2,1
356,708,357,2,1
356,720,357,2,1
357,628,332,0,3
357,633,356,1,2
357,642,382,3,0
357,646,382,3,0
357,683,332,0,3
357,689,332,0,3
357,705,382,3,0
357,708,382,3,0
358,628,333,0,3
358,633,357,1,2
358,642,383,3,0
358,646,383,3,0
358,683,333,0,3
358,689,357,1,2
358,705,383,3,0
358,708,383,3,0
358,720,333,0,3
359,628,334,0,3
359,633,358,1,2
359,642,384,3,0
359,683,334,0,3
359,689,358,1,2
359,705,384,3,0
359,708,384,3,0
359,720,334,0,3
360,628,335,0,3
360,633,359,1,2
360,642,385,3,0
360,683,335,0,3
360,689,359,1,2
360,705,385,3,0
360,720,335,0,3
361,628,336,0,3
361,642,386,3,0
362,628,337,0,3
362,642,387,3,0
365,628,340,0,3
365,642,390,3,0
366,628,341,0,3
366,642,391,3,0
367,628,342,0,3
367,633,368,2,1
367,642,392,3,0
367,683,342,0,3
367,689,368,2,1
367,705,392,3,0
367,720,342,0,3
368,628,343,0,3
368,633,369,2,1
368,642,393,3,0
368,683,343,0,3
368,689,369,2,1
368,705,393,3,0
368,708,393,3,0
368,720,343,0,3
369,628,344,0,3
369,629,344,0,3
369,633,370,2,1
369,635,344,0,3
369,637,394,3,0
369,638,394,3,0
369,639,344,0,3
369,640,344,0,3
369,642,394,3,0
369,643,344,0,3
369,646,394,3,0
369,647,344,0,3
369,650,344,0,3
369,651,344,0,3
369,653,344,0,3
369,654,394,3,0
369,657,394,3,0
369,660,394,3,0
369,662,344,0,3
369,666,344,0,3
369,668,344,0,3
369,670,344,0,3
369,671,344,0,3
369,674,344,0,3
369,675,394,3,0
369,678,394,3,0
369,681,344,0,3
369,683,344,0,3
369,687,344,0,3
369,689,344,0,3
369,690,344,0,3
369,692,344,0,3
369,694,344,0,3
369,695,344,0,3
369,697,344,0,3
369,700,394,3,0
369,701,344,0,3
369,702,344,0,3
369,703,344,0,3
369,705,394,3,0
369,707,394,3,0
369,708,394,3,0
369,710,394,3,0
369,711,344,0,3
369,714,394,3,0
369,715,344,0,3
369,718,344,0,3
369,719,344,0,3
369,720,344,0,3
369,723,394,3,0
370,625,369,1,2
370,627,369,1,2
370,628,369,1,2
370,630,369,1,2
370,631,369,1,2
370,632,369,1,2
370,633,371,2,1
370,634,369,1,2
370,636,369,1,2
370,641,369,1,2
370,642,369,1,2
370,644,369,1,2
370,645,369,1,2
370,646,369,1,2
370,648,369,1,2
370,652,369,1,2
370,655,369,1,2
370,656,369,1,2
370,659,369,1,2
370,661,369,1,2
370,663,369,1,2
370,665,369,1,2
370,667,369,1,2
370,669,369,1,2
370,673,369,1,2
370,676,369,1,2
370,679,369,1,2
370,682,369,1,2
370,683,369,1,2
370,684,369,1,2
370,685,369,1,2
370,686,369,1,2
370,688,369,1,2
370,689,345,0,3
370,691,369,1,2
370,693,369,1,2
370,696,369,1,2
370,698,369,1,2
370,699,369,1,2
370,704,369,1,2
370,705,369,1,2
370,708,369,1,2
370,713,369,1,2
370,717,369,1,2
370,720,369,1,2
370,722,369,1,2
370,724,369,1,2
371,628,370,1,2
371,633,372,2,1
371,642,370,1,2
371,683,370,1,2
371,689,346,0,3
371,705,370,1,2
371,708,370,1,2
371,720,370,1,2
372,628,371,1,2
372,633,373,2,1
372,642,371,1,2
372,683,371,1,2
372,689,347,0,3
372,705,371,1,2
372,720,371,1,2
373,628,372,1,2
373,642,372,1,2
374,628,373,1,2
374,642,373,1,2
377,628,378,2,1
377,642,378,2,1
378,628,379,2,1
378,642,379,2,1
379,628,380,2,1
379,633,354,0,3
379,642,380,2,1
379,683,380,2,1
379,689,354,0,3
379,705,380,2,1
379,720,380,2,1
380,628,381,2,1
380,633,355,0,3
380,642,381,2,1
380,683,381,2,1
380,689,355,0,3
380,705,381,2,1
380,708,381,2,1
380,720,381,2,1
381,628,382,2,1
381,633,356,0,3
381,642,382,2,1
381,683,382,2,1
381,689,356,0,3
381,705,382,2,1
381,708,382,2,1
381,720,382,2,1
382,628,357,0,3
382,642,407,3,0
382,689,357,0,3
382,705,407,3,0
382,708,407,3,0
383,628,358,0,3
383,633,382,1,2
383,642,408,3,0
383,646,408,3,0
383,683,358,0,3
383,689,382,1,2
383,705,408,3,0
383,708,408,3,0
383,720,358,0,3
384,628,359,0,3
384,633,383,1,2
384,642,409,3,0
384,683,359,0,3
384,689,383,1,2
384,705,409,3,0
384,708,409,3,0
384,720,359,0,3
385,628,360,0,3
385,633,384,1,2
385,642,410,3,0
385,683,360,0,3
385,689,384,1,2
385,705,410,3,0
385,720,360,0,3
386,628,361,0,3
386,642,411,3,0
387,628,362,0,3
387,642,412,3,0
390,628,365,0,3
390,642,415,3,0
391,628,366,0,3
391,642,416,3,0
392,628,367,0,3
392,633,393,2,1
392,642,417,3,0
392,683,367,0,3
392,689,393,2,1
392,705,417,3,0
392,720,367,0,3
393,628,368,0,3
393,633,394,2,1
393,642,418,3,0
393,683,368,0,3
393,689,394,2,1
393,705,418,3,0
393,708,418,3,0
393,720,368,0,3
394,626,369,0,3
394,628,369,0,3
394,629,369,0,3
394,635,369,0,3
394,638,419,3,0
394,639,369,0,3
394,640,369,0,3
394,642,419,3,0
394,643,369,0,3
394,646,419,3,0
394,647,369,0,3
394,649,369,0,3
394,650,419,3,0
394,651,369,0,3
394,653,369,0,3
394,654,419,3,0
394,657,419,3,0
394,660,419,3,0
394,662,369,0,3
394,666,369,0,3
394,668,369,0,3
394,670,369,0,3
394,671,369,0,3
394,674,369,0,3
394,677,369,0,3
394,678,419,3,0
394,681,369,0,3
394,683,369,0,3
394,687,369,0,3
394,689,369,0,3
394,690,369,0,3
394,692,369,0,3
394,694,369,0,3
394,695,369,0,3
394,697,369,0,3
394,700,419,3,0
394,701,369,0,3
394,702,369,0,3
394,703,369,0,3
394,705,419,3,0
394,707,419,3,0
394,708,419,3,0
394,709,369,0,3
394,710,419,3,0
394,711,369,0,3
394,714,419,3,0
394,715,369,0,3
394,718,369,0,3
394,719,369,0,3
394,720,369,0,3
395,627,394,1,2
395,628,394,1,2
395,630,394,1,2
395,632,394,1,2
395,634,394,1,2
395,636,394,1,2
395,641,394,1,2
395,642,394,1,2
395,644,394,1,2
395,645,394,1,2
395,646,394,1,2
395,648,394,1,2
395,652,394,1,2
395,655,394,1,2
395,658,394,1,2
395,659,394,1,2
395,661,394,1,2
395,665,394,1,2
395,667,394,1,2
395,669,394,1,2
395,673,394,1,2
395,676,394,1,2
395,679,394,1,2
395,680,394,1,2
395,682,394,1,2
395,683,394,1,2
395,685,394,1,2
395,686,394,1,2
395,688,394,1,2
395,689,370,0,3
395,691,394,1,2
395,693,394,1,2
395,696,394,1,2
395,698,394,1,2
395,699,394,1,2
395,704,394,1,2
395,705,394,1,2
395,708,394,1,2
395,713,394,1,2
395,717,394,1,2
395,720,394,1,2
395,722,394,1,2
395,724,394,1,2
396,628,395,1,2
396,633,371,0,3
396,642,395,1,2
396,683,395,1,2
396,689,371,0,3
396,705,395,1,2
396,708,395,1,2
396,720,395,1,2
397,628,396,1,2
397,633,372,0,3
397,642,396,1,2
397,683,396,1,2
397,689,372,0,3
397,705,396,1,2
397,720,396,1,2
398,628,397,1,2
398,642,397,1,2
399,628,398,1,2
399,642,398,1,2
402,628,403,2,1
402,642,403,2,1
403,628,404,2,1
403,642,404,2,1
404,628,405,2,1
404,633,379,0,3
404,642,405,2,1
404,683,405,2,1
404,689,379,0,3
404,705,405,2,1
404,720,405,2,1
405,628,406,2,1
405,633,380,0,3
405,642,406,2,1
405,683,406,2,1
405,689,380,0,3
405,705,406,2,1
405,708,406,2,1
405,720,406,2,1
406,628,407,2,1
406,633,381,0,3
406,642,407,2,1
406,683,407,2,1
406,689,381,0,3
406,705,407,2,1
406,708,407,2,1
406,720,407,2,1
407,689,382,0,3
407,705,432,3,0
407,708,432,3,0
407,720,432,3,0
408,628,383,0,3
408,633,407,1,2
408,642,433,3,0
408,646,433,3,0
408,683,383,0,3
408,689,407,1,2
408,705,433,3,0
408,708,433,3,0
408,720,433,3,0
409,628,384,0,3
409,633,408,1,2
409,642,434,3,0
409,683,384,0,3
409,689,408,1,2
409,705,434,3,0
409,708,434,3,0
409,720,434,3,0
410,628,385,0,3
410,633,409,1,2
410,642,435,3,0
410,683,385,0,3
410,689,409,1,2
410,705,435,3,0
410,720,435,3,0
411,628,386,0,3
411,642,436,3,0
412,628,387,0,3
412,642,437,3,0
415,628,390,0,3
415,642,440,3,0
416,628,391,0,3
416,642,441,3,0
417,628,392,0,3
417,633,418,2,1
417,642,442,3,0
417,683,392,0,3
417,689,418,2,1
417,705,442,3,0
417,720,442,3,0
418,628,393,0,3
418,633,419,2,1
418,642,443,3,0
418,683,393,0,3
418,689,419,2,1
418,705,443,3,0
418,708,443,3,0
418,720,443,3,0
419,626,394,0,3
419,628,394,0,3
419,629,394,0,3
419,635,394,0,3
419,637,394,0,3
419,638,444,3,0
419,639,394,0,3
419,640,394,0,3
419,642,444,3,0
419,643,394,0,3
419,646,444,3,0
419,647,394,0,3
419,649,394,0,3
419,650,444,3,0
419,651,394,0,3
419,653,394,0,3
419,654,444,3,0
419,657,444,3,0
419,660,444,3,0
419,662,394,0,3
419,666,394,0,3
419,668,394,0,3
419,670,394,0,3
419,671,394,0,3
419,674,394,0,3
419,675,394,0,3
419,677,394,0,3
419,681,394,0,3
419,683,394,0,3
419,687,394,0,3
419,689,394,0,3
419,690,444,3,0
419,692,394,0,3
419,694,394,0,3
419,695,394,0,3
419,697,394,0,3
419,700,444,3,0
419,701,394,0,3
419,702,394,0,3
419,703,394,0,3
419,705,444,3,0
419,707,444,3,0
419,708,444,3,0
419,709,394,0,3
419,710,444,3,0
419,711,444,3,0
419,714,444,3,0
419,715,394,0,3
419,718,394,0,3
419,719,394,0,3
419,720,444,3,0
419,723,394,0,3
420,625,419,1,2
420,627,419,1,2
420,628,419,1,2
420,630,419,1,2
420,631,419,1,2
420,632,419,1,2
420,634,419,1,2
420,636,419,1,2
420,641,419,1,2
420,642,419,1,2
420,644,419,1,2
420,645,419,1,2
420,646,419,1,2
420,652,419,1,2
420,655,419,1,2
420,656,419,1,2
420,658,419,1,2
420,659,419,1,2
420,661,419,1,2
420,663,419,1,2
420,665,419,1,2
420,667,419,1,2
420,669,419,1,2
420,673,419,1,2
420,676,419,1,2
420,679,419,1,2
420,680,419,1,2
420,682,419,1,2
420,683,419,1,2
420,684,419,1,2
420,685,419,1,2
420,686,419,1,2
420,689,395,0,3
420,691,419,1,2
420,693,419,1,2
420,698,419,1,2
420,699,419,1,2
420,704,419,1,2
420,705,419,1,2
420,708,419,1,2
420,713,419,1,2
420,717,419,1,2
420,720,419,1,2
420,722,419,1,2
420,724,419,1,2
421,628,420,1,2
421,633,396,0,3
421,642,420,1,2
421,683,420,1,2
421,689,396,0,3
421,705,420,1,2
421,708,420,1,2
421,720,420,1,2
422,628,421,1,2
422,633,397,0,3
422,642,421,1,2
422,683,421,1,2
422,689,397,0,3
422,705,421,1,2
422,720,421,1,2
423,628,422,1,2
423,642,422,1,2
424,628,423,1,2
424,642,423,1,2
427,628,428,2,1
427,642,428,2,1
428,628,429,2,1
428,642,429,2,1
429,628,430,2,1
429,633,404,0,3
429,642,430,2,1
429,683,430,2,1
429,689,404,0,3
429,705,430,2,1
429,720,430,2,1
430,628,431,2,1
430,633,405,0,3
430,642,431,2,1
430,683,431,2,1
430,689,405,0,3
430,705,431,2,1
430,708,431,2,1
430,720,431,2,1
431,628,432,2,1
431,633,406,0,3
431,642,432,2,1
431,683,432,2,1
431,689,406,0,3
431,705,432,2,1
431,708,432,2,1
431,720,432,2,1
432,628,457,3,0
432,642,433,2,1
432,689,407,0,3
432,705,457,3,0
432,708,457,3,0
432,720,457,3,0
433,628,458,3,0
433,633,432,1,2
433,642,434,2,1
433,646,458,3,0
433,683,408,0,3
433,689,432,1,2
433,705,458,3,0
433,708,458,3,0
433,720,458,3,0
434,628,459,3,0
434,633,433,1,2
434,642,435,2,1
434,683,409,0,3
434,689,433,1,2
434,705,459,3,0
434,708,459,3,0
434,720,459,3,0
435,628,460,3,0
435,633,434,1,2
435,642,436,2,1
435,683,410,0,3
435,689,434,1,2
435,705,460,3,0
435,720,460,3,0
436,628,461,3,0
436,642,437,2,1
437,628,462,3,0
437,642,642,21,0
440,628,465,3,0
440,642,439,1,2
441,628,466,3,0
441,642,440,1,2
442,628,467,3,0
442,633,443,2,1
442,642,441,1,2
442,683,417,0,3
442,689,443,2,1
442,705,467,3,0
442,720,467,3,0
443,628,468,3,0
443,633,444,2,1
443,642,442,1,2
443,683,418,0,3
443,689,444,2,1
443,705,468,3,0
443,708,468,3,0
443,720,468,3,0
444,626,419,0,3
444,628,469,3,0
444,629,419,0,3
444,635,419,0,3
444,637,419,0,3
444,638,469,3,0
444,639,419,0,3
444,640,419,0,3
444,642,443,1,2
444,643,419,0,3
444,646,469,3,0
444,647,419,0,3
444,649,419,0,3
444,650,469,3,0
444,651,419,0,3
444,653,419,0,3
444,654,469,3,0
444,657,469,3,0
444,660,469,3,0
444,662,419,0,3
444,666,419,0,3
444,668,419,0,3
444,670,419,0,3
444,671,419,0,3
444,674,419,0,3
444,675,419,0,3
444,677,419,0,3
444,678,419,0,3
444,681,419,0,3
444,683,419,0,3
444,687,419,0,3
444,689,419,0,3
444,690,469,3,0
444,692,419,0,3
444,694,419,0,3
444,695,419,0,3
444,697,419,0,3
444,700,469,3,0
444,701,469,3,0
444,702,419,0,3
444,703,419,0,3
444,705,469,3,0
444,707,469,3,0
444,708,469,3,0
444,709,419,0,3
444,710,469,3,0
444,711,469,3,0
444,714,469,3,0
444,715,419,0,3
444,718,419,0,3
444,719,419,0,3
444,720,469,3,0
444,723,419,0,3
445,625,444,1,2
445,627,444,1,2
445,628,444,1,2
445,630,444,1,2
445,631,444,1,2
445,632,444,1,2
445,634,444,1,2
445,636,444,1,2
445,642,444,1,2
445,644,444,1,2
445,645,444,1,2
445,646,444,1,2
445,648,444,1,2
445,652,444,1,2
445,655,444,1,2
445,656,444,1,2
445,658,444,1,2
445,659,444,1,2
445,661,444,1,2
445,663,444,1,2
445,665,444,1,2
445,667,444,1,2
445,669,444,1,2
445,673,444,1,2
445,676,444,1,2
445,679,444,1,2
445,680,444,1,2
445,682,444,1,2
445,683,444,1,2
445,684,444,1,2
445,685,444,1,2
445,686,444,1,2
445,688,444,1,2
445,689,420,0,3
445,691,444,1,2
445,693,444,1,2
445,696,444,1,2
445,698,444,1,2
445,699,444,1,2
445,704,444,1,2
445,705,444,1,2
445,708,444,1,2
445,713,444,1,2
445,717,444,1,2
445,720,444,1,2
445,722,444,1,2
445,724,444,1,2
446,628,445,1,2
446,633,421,0,3
446,642,445,1,2
446,683,445,1,2
446,689,421,0,3
446,705,445,1,2
446,708,445,1,2
446,720,445,1,2
447,628,446,1,2
447,633,422,0,3
447,642,446,1,2
447,683,446,1,2
447,689,422,0,3
447,705,446,1,2
447,720,446,1,2
448,628,447,1,2
448,642,447,1,2
449,628,448,1,2
449,642,448,1,2
452,628,453,2,1
452,642,453,2,1
453,628,454,2,1
453,642,454,2,1
454,628,455,2,1
454,633,429,0,3
454,642,455,2,1
454,683,455,2,1
454,689,429,0,3
454,705,455,2,1
454,720,455,2,1
455,628,456,2,1
455,633,430,0,3
455,642,456,2,1
455,683,456,2,1
455,689,430,0,3
455,705,456,2,1
455,708,456,2,1
455,720,456,2,1
456,628,457,2,1
456,633,431,0,3
456,642,457,2,1
456,683,457,2,1
456,689,431,0,3
456,705,457,2,1
456,708,457,2,1
456,720,457,2,1
457,628,482,3,0
457,642,432,0,3
457,689,432,0,3
457,705,482,3,0
457,708,482,3,0
457,720,482,3,0
458,628,483,3,0
458,633,457,1,2
458,642,433,0,3
458,646,483,3,0
458,683,433,0,3
458,689,457,1,2
458,705,483,3,0
458,708,483,3,0
458,720,483,3,0
459,628,484,3,0
459,633,458,1,2
459,642,434,0,3
459,683,434,0,3
459,689,458,1,2
459,705,484,3,0
459,708,484,3,0
459,720,484,3,0
460,628,485,3,0
460,633,459,1,2
460,642,435,0,3
460,683,435,0,3
460,689,459,1,2
460,705,485,3,0
460,720,485,3,0
461,628,486,3,0
461,642,436,0,3
462,628,487,3,0
462,642,437,0,3
465,628,490,3,0
465,642,440,0,3
466,628,491,3,0
466,642,441,0,3
467,628,492,3,0
467,633,468,2,1
467,642,442,0,3
467,683,442,0,3
467,689,468,2,1
467,705,492,3,0
467,720,492,3,0
468,628,493,3,0
468,633,469,2,1
468,642,443,0,3
468,683,443,0,3
468,689,469,2,1
468,705,493,3,0
468,708,493,3,0
468,720,493,3,0
469,626,444,0,3
469,628,494,3,0
469,629,494,3,0
469,635,444,0,3
469,637,444,0,3
469,638,494,3,0
469,639,444,0,3
469,640,444,0,3
469,642,444,0,3
469,643,444,0,3
469,646,494,3,0
469,647,444,0,3
469,649,444,0,3
469,650,494,3,0
469,651,494,3,0
469,653,444,0,3
469,657,494,3,0
469,660,494,3,0
469,662,494,3,0
469,666,444,0,3
469,668,444,0,3
469,670,444,0,3
469,671,444,0,3
469,674,444,0,3
469,675,444,0,3
469,677,444,0,3
469,678,444,0,3
469,681,444,0,3
469,683,444,0,3
469,687,444,0,3
469,689,444,0,3
469,690,494,3,0
469,692,494,3,0
469,694,444,0,3
469,695,444,0,3
469,697,444,0,3
469,700,494,3,0
469,701,494,3,0
469,702,444,0,3
469,703,494,3,0
469,705,494,3,0
469,707,494,3,0
469,708,494,3,0
469,709,444,0,3
469,710,494,3,0
469,711,494,3,0
469,714,494,3,0
469,715,444,0,3
469,718,444,0,3
469,719,444,0,3
469,720,494,3,0
469,723,444,0,3
470,625,469,1,2
470,628,469,1,2
470,630,469,1,2
470,631,469,1,2
470,632,469,1,2
470,634,469,1,2
470,636,469,1,2
470,641,469,1,2
470,642,469,1,2
470,644,469,1,2
470,645,469,1,2
470,646,469,1,2
470,648,469,1,2
470,652,469,1,2
470,655,469,1,2
470,656,469,1,2
470,658,469,1,2
470,659,469,1,2
470,661,469,1,2
470,663,469,1,2
470,665,469,1,2
470,667,469,1,2
470,669,469,1,2
470,673,469,1,2
470,676,469,1,2
470,679,469,1,2
470,680,469,1,2
470,682,469,1,2
470,683,469,1,2
470,684,469,1,2
470,685,469,1,2
470,686,469,1,2
470,688,469,1,2
470,689,445,0,3
470,691,469,1,2
470,693,469,1,2
470,696,469,1,2
470,698,469,1,2
470,699,469,1,2
470,704,469,1,2
470,705,469,1,2
470,708,469,1,2
470,713,469,1,2
470,717,469,1,2
470,720,469,1,2
470,722,469,1,2
470,724,469,1,2
471,628,470,1,2
471,633,446,0,3
471,642,470,1,2
471,683,470,1,2
471,689,446,0,3
471,705,470,1,2
471,708,470,1,2
471,720,470,1,2
472,628,471,1,2
472,633,447,0,3
472,642,471,1,2
472,683,471,1,2
472,689,447,0,3
472,705,471,1,2
472,720,471,1,2
473,628,472,1,2
473,642,472,1,2
474,628,473,1,2
474,642,473,1,2
477,628,478,2,1
477,642,478,2,1
478,628,479,2,1
478,642,479,2,1
479,628,480,2,1
479,633,454,0,3
479,642,480,2,1
479,683,480,2,1
479,689,504,3,0
479,705,480,2,1
479,720,480,2,1
480,628,481,2,1
480,633,455,0,3
480,642,481,2,1
480,683,481,2,1
480,689,505,3,0
480,705,481,2,1
480,708,481,2,1
480,720,481,2,1
481,628,482,2,1
481,633,456,0,3
481,642,482,2,1
481,683,482,2,1
481,689,506,3,0
481,705,482,2,1
481,708,482,2,1
481,720,482,2,1
482,628,507,3,0
482,633,457,0,3
482,642,457,0,3
482,683,507,3,0
482,705,507,3,0
482,720,507,3,0
483,628,508,3,0
483,633,482,1,2
483,642,458,0,3
483,646,508,3,0
483,683,508,3,0
483,689,482,1,2
483,705,508,3,0
483,708,508,3,0
483,720,508,3,0
484,628,509,3,0
484,633,483,1,2
484,642,459,0,3
484,683,509,3,0
484,689,483,1,2
484,705,509,3,0
484,708,509,3,0
484,720,509,3,0
485,628,510,3,0
485,633,484,1,2
485,642,460,0,3
485,683,510,3,0
485,689,484,1,2
485,705,510,3,0
485,720,510,3,0
486,628,511,3,0
486,642,461,0,3
487,628,512,3,0
487,642,462,0,3
490,628,515,3,0
490,642,465,0,3
491,628,516,3,0
491,642,466,0,3
492,628,517,3,0
492,633,493,2,1
492,642,467,0,3
492,683,517,3,0
492,689,493,2,1
492,705,517,3,0
492,720,517,3,0
493,628,518,3,0
493,633,494,2,1
493,642,468,0,3
493,683,518,3,0
493,689,494,2,1
493,705,518,3,0
493,708,518,3,0
493,720,518,3,0
494,626,469,0,3
494,628,519,3,0
494,629,519,3,0
494,633,469,0,3
494,635,469,0,3
494,637,469,0,3
494,638,519,3,0
494,639,519,3,0
494,640,469,0,3
494,642,469,0,3
494,643,469,0,3
494,646,519,3,0
494,647,469,0,3
494,649,469,0,3
494,650,519,3,0
494,651,519,3,0
494,653,469,0,3
494,654,469,0,3
494,657,519,3,0
494,660,519,3,0
494,662,519,3,0
494,666,469,0,3
494,668,519,3,0
494,670,469,0,3
494,671,469,0,3
494,674,469,0,3
494,675,469,0,3
494,677,469,0,3
494,678,469,0,3
494,681,469,0,3
494,683,519,3,0
494,687,519,3,0
494,690,519,3,0
494,692,519,3,0
494,694,519,3,0
494,695,469,0,3
494,697,469,0,3
494,700,519,3,0
494,701,519,3,0
494,702,469,0,3
494,703,519,3,0
494,705,519,3,0
494,707,519,3,0
494,708,519,3,0
494,709,469,0,3
494,710,519,3,0
494,711,519,3,0
494,714,519,3,0
494,715,469,0,3
494,718,469,0,3
494,719,469,0,3
494,720,519,3,0
494,723,469,0,3
495,625,494,1,2
495,627,494,1,2
495,628,494,1,2
495,630,494,1,2
495,631,494,1,2
495,632,494,1,2
495,633,470,0,3
495,634,494,1,2
495,636,494,1,2
495,641,494,1,2
495,642,494,1,2
495,644,494,1,2
495,645,494,1,2
495,646,494,1,2
495,648,494,1,2
495,652,494,1,2
495,655,494,1,2
495,656,494,1,2
495,658,494,1,2
495,659,494,1,2
495,661,494,1,2
495,663,494,1,2
495,665,494,1,2
495,667,494,1,2
495,669,494,1,2
495,673,494,1,2
495,676,494,1,2
495,680,494,1,2
495,682,494,1,2
495,683,494,1,2
495,684,494,1,2
495,685,494,1,2
495,686,494,1,2
495,688,494,1,2
495,691,494,1,2
495,693,494,1,2
495,696,494,1,2
495,698,494,1,2
495,699,494,1,2
495,704,494,1,2
495,705,494,1,2
495,708,494,1,2
495,713,494,1,2
495,717,494,1,2
495,720,494,1,2
495,722,494,1,2
495,724,494,1,2
496,628,495,1,2
496,633,471,0,3
496,642,495,1,2
496,683,495,1,2
496,689,521,3,0
496,705,495,1,2
496,708,495,1,2
496,720,495,1,2
497,628,496,1,2
497,633,472,0,3
497,642,496,1,2
497,683,496,1,2
497,689,522,3,0
497,705,496,1,2
497,720,496,1,2
498,628,497,1,2
498,642,497,1,2
499,628,498,1,2
499,642,498,1,2
502,628,503,2,1
502,642,503,2,1
503,628,504,2,1
503,642,504,2,1
504,628,505,2,1
504,633,479,0,3
504,642,505,2,1
504,683,505,2,1
504,689,529,3,0
504,705,505,2,1
504,720,505,2,1
505,628,506,2,1
505,633,480,0,3
505,642,506,2,1
505,683,506,2,1
505,689,530,3,0
505,705,506,2,1
505,708,506,2,1
505,720,506,2,1
506,628,507,2,1
506,633,481,0,3
506,642,507,2,1
506,683,507,2,1
506,689,531,3,0
506,705,507,2,1
506,708,507,2,1
506,720,507,2,1
507,628,532,3,0
507,633,482,0,3
507,642,482,0,3
507,683,532,3,0
507,705,532,3,0
507,720,532,3,0
508,628,533,3,0
508,633,507,1,2
508,642,483,0,3
508,646,533,3,0
508,683,533,3,0
508,689,507,1,2
508,705,533,3,0
508,708,533,3,0
508,720,533,3,0
509,628,534,3,0
509,633,508,1,2
509,642,484,0,3
509,683,534,3,0
509,689,508,1,2
509,705,534,3,0
509,708,534,3,0
509,720,534,3,0
510,628,535,3,0
510,633,509,1,2
510,642,485,0,3
510,683,535,3,0
510,689,509,1,2
510,705,535,3,0
510,720,535,3,0
511,628,536,3,0
511,642,486,0,3
512,628,537,3,0
512,642,487,0,3
515,628,540,3,0
515,642,490,0,3
516,628,541,3,0
516,642,491,0,3
517,628,542,3,0
517,633,518,2,1
517,642,492,0,3
517,683,542,3,0
517,689,518,2,1
517,705,542,3,0
517,720,542,3,0
518,628,543,3,0
518,633,519,2,1
518,642,493,0,3
518,683,543,3,0
518,689,519,2,1
518,705,543,3,0
518,708,543,3,0
518,720,543,3,0
519,626,494,0,3
519,628,544,3,0
519,629,544,3,0
519,633,494,0,3
519,635,494,0,3
519,637,494,0,3
519,639,544,3,0
519,640,494,0,3
519,642,494,0,3
519,643,494,0,3
519,646,544,3,0
519,647,494,0,3
519,649,494,0,3
519,650,544,3,0
519,651,544,3,0
519,653,544,3,0
519,654,494,0,3
519,657,544,3,0
519,660,544,3,0
519,662,544,3,0
519,666,494,0,3
519,668,544,3,0
519,670,494,0,3
519,671,494,0,3
519,674,544,3,0
519,675,494,0,3
519,677,494,0,3
519,678,494,0,3
519,681,494,0,3
519,683,544,3,0
519,687,544,3,0
519,690,544,3,0
519,692,544,3,0
519,694,544,3,0
519,695,494,0,3
519,697,494,0,3
519,700,544,3,0
519,701,544,3,0
519,702,494,0,3
519,703,544,3,0
519,705,544,3,0
519,707,544,3,0
519,708,544,3,0
519,709,494,0,3
519,710,544,3,0
519,711,544,3,0
519,714,544,3,0
519,715,494,0,3
519,718,494,0,3
519,719,494,0,3
519,720,544,3,0
519,723,494,0,3
520,625,519,1,2
520,627,519,1,2
520,628,519,1,2
520,630,519,1,2
520,631,519,1,2
520,632,519,1,2
520,633,495,0,3
520,636,519,1,2
520,641,519,1,2
520,642,519,1,2
520,644,519,1,2
520,645,519,1,2
520,646,519,1,2
520,648,519,1,2
520,652,519,1,2
520,655,519,1,2
520,656,519,1,2
520,658,519,1,2
520,659,519,1,2
520,661,519,1,2
520,663,519,1,2
520,665,519,1,2
520,667,519,1,2
520,669,519,1,2
520,673,519,1,2
520,676,519,1,2
520,679,519,1,2
520,680,519,1,2
520,682,519,1,2
520,683,519,1,2
520,684,519,1,2
520,685,519,1,2
520,686,519,1,2
520,688,519,1,2
520,691,519,1,2
520,693,519,1,2
520,696,519,1,2
520,698,519,1,2
520,699,519,1,2
520,704,519,1,2
520,705,519,1,2
520,708,519,1,2
520,713,519,1,2
520,717,519,1,2
520,720,519,1,2
520,722,519,1,2
520,724,519,1,2
521,628,520,1,2
521,633,496,0,3
521,642,520,1,2
521,683,520,1,2
521,689,546,3,0
521,705,520,1,2
521,708,520,1,2
521,720,520,1,2
522,628,521,1,2
522,633,497,0,3
522,642,521,1,2
522,683,521,1,2
522,689,547,3,0
522,705,521,1,2
522,720,521,1,2
523,628,522,1,2
523,642,522,1,2
524,628,523,1,2
524,642,523,1,2
527,628,528,2,1
527,642,528,2,1
528,628,529,2,1
528,642,529,2,1
529,628,530,2,1
529,633,504,0,3
529,642,530,2,1
529,683,530,2,1
529,689,554,3,0
529,705,530,2,1
529,720,530,2,1
530,628,531,2,1
530,633,505,0,3
530,642,531,2,1
530,683,531,2,1
530,689,555,3,0
530,705,531,2,1
530,708,531,2,1
530,720,531,2,1
531,628,532,2,1
531,633,506,0,3
531,642,532,2,1
531,683,532,2,1
531,689,556,3,0
531,705,532,2,1
531,708,532,2,1
531,720,532,2,1
532,628,557,3,0
532,633,507,0,3
532,642,507,0,3
532,683,557,3,0
532,720,557,3,0
533,628,558,3,0
533,633,532,1,2
533,642,508,0,3
533,646,558,3,0
533,683,558,3,0
533,689,532,1,2
533,705,558,3,0
533,708,558,3,0
533,720,558,3,0
534,628,559,3,0
534,633,533,1,2
534,642,509,0,3
534,683,559,3,0
534,689,533,1,2
534,705,559,3,0
534,708,559,3,0
534,720,559,3,0
535,628,560,3,0
535,633,534,1,2
535,642,510,0,3
535,683,560,3,0
535,689,534,1,2
535,705,560,3,0
535,720,560,3,0
536,628,561,3,0
536,642,511,0,3
537,628,562,3,0
537,642,512,0,3
540,628,565,3,0
540,642,515,0,3
541,628,566,3,0
541,642,516,0,3
542,628,567,3,0
542,633,543,2,1
542,642,517,0,3
542,683,567,3,0
542,689,543,2,1
542,705,567,3,0
542,720,567,3,0
543,628,568,3,0
543,633,544,2,1
543,642,518,0,3
543,683,568,3,0
543,689,544,2,1
543,705,568,3,0
543,708,568,3,0
543,720,568,3,0
544,626,519,0,3
544,628,569,3,0
544,629,569,3,0
544,633,519,0,3
544,635,569,3,0
544,637,519,0,3
544,638,519,0,3
544,639,569,3,0
544,640,569,3,0
544,642,519,0,3
544,643,569,3,0
544,646,569,3,0
544,647,519,0,3
544,649,519,0,3
544,650,569,3,0
544,651,569,3,0
544,653,569,3,0
544,654,519,0,3
544,657,569,3,0
544,660,569,3,0
544,662,569,3,0
544,666,519,0,3
544,668,569,3,0
544,670,519,0,3
544,671,519,0,3
544,674,569,3,0
544,675,519,0,3
544,677,519,0,3
544,678,519,0,3
544,681,519,0,3
544,683,569,3,0
544,687,569,3,0
544,690,569,3,0
544,692,569,3,0
544,694,569,3,0
544,695,519,0,3
544,697,519,0,3
544,700,569,3,0
544,701,569,3,0
544,702,569,3,0
544,703,569,3,0
544,705,569,3,0
544,707,569,3,0
544,708,569,3,0
544,709,519,0,3
544,710,569,3,0
544,711,569,3,0
544,715,519,0,3
544,718,519,0,3
544,719,519,0,3
544,720,569,3,0
544,723,519,0,3
545,625,544,1,2
545,627,544,1,2
545,628,544,1,2
545,631,544,1,2
545,632,544,1,2
545,633,520,0,3
545,634,544,1,2
545,636,544,1,2
545,641,544,1,2
545,642,544,1,2
545,644,544,1,2
545,645,544,1,2
545,646,544,1,2
545,648,544,1,2
545,652,544,1,2
545,655,544,1,2
545,656,544,1,2
545,658,544,1,2
545,659,544,1,2
545,661,544,1,2
545,663,544,1,2
545,665,544,1,2
545,667,544,1,2
545,669,544,1,2
545,673,544,1,2
545,676,544,1,2
545,679,544,1,2
545,680,544,1,2
545,682,544,1,2
545,683,544,1,2
545,684,544,1,2
545,685,544,1,2
545,686,544,1,2
545,688,544,1,2
545,693,544,1,2
545,696,544,1,2
545,698,544,1,2
545,699,544,1,2
545,704,544,1,2
545,705,544,1,2
545,708,544,1,2
545,713,544,1,2
545,717,544,1,2
545,720,544,1,2
545,722,544,1,2
545,724,544,1,2
546,628,545,1,2
546,633,521,0,3
546,642,545,1,2
546,683,545,1,2
546,689,571,3,0
546,705,545,1,2
546,708,545,1,2
546,720,545,1,2
547,628,546,1,2
547,633,522,0,3
547,642,546,1,2
547,683,546,1,2
547,689,572,3,0
547,705,546,1,2
547,720,546,1,2
548,628,547,1,2
548,642,547,1,2
549,628,548,1,2
549,642,548,1,2
552,628,553,2,1
552,642,553,2,1
553,628,554,2,1
553,642,554,2,1
554,628,555,2,1
554,633,529,0,3
554,642,555,2,1
554,683,555,2,1
554,689,579,3,0
554,705,555,2,1
554,720,555,2,1
555,628,556,2,1
555,633,530,0,3
555,642,556,2,1
555,683,556,2,1
555,689,580,3,0
555,705,556,2,1
555,708,556,2,1
555,720,556,2,1
556,628,557,2,1
556,633,531,0,3
556,642,557,2,1
556,683,557,2,1
556,689,581,3,0
556,705,557,2,1
556,708,557,2,1
556,720,557,2,1
557,628,582,3,0
557,633,532,0,3
557,642,532,0,3
557,683,582,3,0
557,720,582,3,0
558,628,583,3,0
558,633,557,1,2
558,642,533,0,3
558,646,583,3,0
558,683,583,3,0
558,689,557,1,2
558,705,583,3,0
558,708,583,3,0
558,720,583,3,0
559,628,584,3,0
559,633,558,1,2
559,642,534,0,3
559,683,584,3,0
559,689,558,1,2
559,705,584,3,0
559,708,584,3,0
559,720,584,3,0
560,628,585,3,0
560,633,559,1,2
560,642,535,0,3
560,683,585,3,0
560,689,559,1,2
560,705,585,3,0
560,720,585,3,0
561,628,586,3,0
561,642,536,0,3
562,628,587,3,0
562,642,537,0,3
565,628,590,3,0
565,642,540,0,3
566,628,591,3,0
566,642,541,0,3
567,628,592,3,0
567,633,568,2,1
567,642,542,0,3
567,683,592,3,0
567,689,568,2,1
567,705,592,3,0
567,720,592,3,0
568,628,593,3,0
568,633,569,2,1
568,642,543,0,3
568,683,593,3,0
568,689,569,2,1
568,705,593,3,0
568,708,593,3,0
568,720,593,3,0
569,626,544,0,3
569,628,594,3,0
569,629,594,3,0
569,633,544,0,3
569,635,594,3,0
569,637,544,0,3
569,638,544,0,3
569,639,594,3,0
569,640,594,3,0
569,642,544,0,3
569,643,594,3,0
569,646,594,3,0
569,647,544,0,3
569,649,544,0,3
569,650,594,3,0
569,651,594,3,0
569,653,594,3,0
569,654,544,0,3
569,657,594,3,0
569,660,594,3,0
569,662,594,3,0
569,666,544,0,3
569,668,594,3,0
569,670,544,0,3
569,671,544,0,3
569,674,594,3,0
569,675,544,0,3
569,677,544,0,3
569,678,544,0,3
569,681,544,0,3
569,683,594,3,0
569,687,594,3,0
569,690,594,3,0
569,692,594,3,0
569,694,594,3,0
569,695,594,3,0
569,697,544,0,3
569,700,594,3,0
569,701,594,3,0
569,702,594,3,0
569,703,594,3,0
569,705,594,3,0
569,707,594,3,0
569,708,594,3,0
569,709,544,0,3
569,711,594,3,0
569,714,544,0,3
569,715,544,0,3
569,718,544,0,3
569,719,544,0,3
569,720,594,3,0
569,723,544,0,3
570,625,569,1,2
570,627,569,1,2
570,628,569,1,2
570,630,569,1,2
570,631,569,1,2
570,632,569,1,2
570,633,545,0,3
570,634,569,1,2
570,636,569,1,2
570,641,569,1,2
570,642,569,1,2
570,644,569,1,2
570,645,569,1,2
570,646,569,1,2
570,648,569,1,2
570,652,569,1,2
570,655,569,1,2
570,656,569,1,2
570,658,569,1,2
570,659,569,1,2
570,661,569,1,2
570,663,569,1,2
570,665,569,1,2
570,667,569,1,2
570,669,569,1,2
570,673,569,1,2
570,676,569,1,2
570,679,569,1,2
570,680,569,1,2
570,682,569,1,2
570,683,569,1,2
570,684,569,1,2
570,685,569,1,2
570,686,569,1,2
570,688,569,1,2
570,691,569,1,2
570,693,569,1,2
570,696,569,1,2
570,698,569,1,2
570,699,569,1,2
570,704,569,1,2
570,705,569,1,2
570,708,569,1,2
570,713,569,1,2
570,717,569,1,2
570,720,569,1,2
570,722,569,1,2
570,724,569,1,2
571,628,570,1,2
571,633,546,0,3
571,642,570,1,2
571,683,570,1,2
571,689,596,3,0
571,705,570,1,2
571,708,570,1,2
571,720,570,1,2
572,628,571,1,2
572,633,547,0,3
572,642,571,1,2
572,683,571,1,2
572,689,597,3,0
572,705,571,1,2
572,720,571,1,2
573,628,572,1,2
573,642,572,1,2
574,628,573,1,2
574,642,573,1,2
577,628,578,2,1
577,642,578,2,1
578,628,579,2,1
578,642,579,2,1
579,628,580,2,1
579,633,554,0,3
579,642,580,2,1
579,683,580,2,1
579,689,604,3,0
579,705,580,2,1
579,720,580,2,1
580,628,581,2,1
580,633,555,0,3
580,642,581,2,1
580,683,581,2,1
580,689,605,3,0
580,705,581,2,1
580,708,581,2,1
580,720,581,2,1
581,628,582,2,1
581,633,556,0,3
581,642,582,2,1
581,683,582,2,1
581,689,606,3,0
581,705,582,2,1
581,708,582,2,1
581,720,582,2,1
582,628,607,3,0
582,633,557,0,3
582,642,557,0,3
582,683,607,3,0
582,689,607,3,0
582,720,607,3,0
583,628,608,3,0
583,633,582,1,2
583,642,558,0,3
583,646,608,3,0
583,683,608,3,0
583,689,582,1,2
583,705,608,3,0
583,708,608,3,0
583,720,608,3,0
584,628,609,3,0
584,633,583,1,2
584,642,559,0,3
584,683,609,3,0
584,689,583,1,2
584,705,609,3,0
584,708,609,3,0
584,720,609,3,0
585,628,610,3,0
585,633,584,1,2
585,642,560,0,3
585,683,610,3,0
585,689,584,1,2
585,705,610,3,0
585,720,610,3,0
586,628,611,3,0
586,642,561,0,3
587,628,612,3,0
587,642,562,0,3
590,628,615,3,0
590,642,565,0,3
591,628,616,3,0
591,642,566,0,3
592,628,617,3,0
592,633,593,2,1
592,642,567,0,3
592,683,617,3,0
592,689,593,2,1
592,705,617,3,0
592,720,617,3,0
593,628,618,3,0
593,633,594,2,1
593,642,568,0,3
593,683,618,3,0
593,689,594,2,1
593,705,618,3,0
593,708,618,3,0
593,720,618,3,0
594,626,569,0,3
594,628,619,3,0
594,629,619,3,0
594,633,569,0,3
594,635,619,3,0
594,637,569,0,3
594,638,569,0,3
594,639,619,3,0
594,640,619,3,0
594,642,569,0,3
594,643,619,3,0
594,646,619,3,0
594,647,569,0,3
594,649,569,0,3
594,650,619,3,0
594,651,619,3,0
594,653,619,3,0
594,654,569,0,3
594,657,619,3,0
594,660,619,3,0
594,662,619,3,0
594,666,569,0,3
594,668,619,3,0
594,670,619,3,0
594,671,619,3,0
594,674,619,3,0
594,675,569,0,3
594,677,569,0,3
594,678,569,0,3
594,681,569,0,3
594,683,619,3,0
594,687,619,3,0
594,689,619,3,0
594,690,619,3,0
594,692,619,3,0
594,694,619,3,0
594,695,619,3,0
594,697,569,0,3
594,700,619,3,0
594,701,619,3,0
594,702,619,3,0
594,703,619,3,0
594,705,619,3,0
594,708,619,3,0
594,709,569,0,3
594,710,569,0,3
594,711,619,3,0
594,714,569,0,3
594,715,569,0,3
594,718,569,0,3
594,719,619,3,0
594,720,619,3,0
594,723,569,0,3
595,625,594,1,2
595,627,594,1,2
595,628,594,1,2
595,630,594,1,2
595,631,594,1,2
595,632,594,1,2
595,633,570,0,3
595,634,594,1,2
595,636,594,1,2
595,641,594,1,2
595,642,594,1,2
595,644,594,1,2
595,645,594,1,2
595,646,594,1,2
595,648,594,1,2
595,652,594,1,2
595,655,594,1,2
595,656,594,1,2
595,658,594,1,2
595,659,594,1,2
595,661,594,1,2
595,663,594,1,2
595,665,594,1,2
595,667,594,1,2
595,669,594,1,2
595,673,594,1,2
595,679,594,1,2
595,680,594,1,2
595,682,594,1,2
595,683,594,1,2
595,684,594,1,2
595,685,594,1,2
595,686,594,1,2
595,688,594,1,2
595,689,620,3,0
595,691,594,1,2
595,693,594,1,2
595,696,594,1,2
595,698,594,1,2
595,699,594,1,2
595,704,594,1,2
595,705,594,1,2
595,708,594,1,2
595,713,594,1,2
595,717,594,1,2
595,720,594,1,2
595,722,594,1,2
595,724,594,1,2
596,628,595,1,2
596,633,571,0,3
596,642,595,1,2
596,683,595,1,2
596,689,621,3,0
596,705,595,1,2
596,708,595,1,2
596,720,595,1,2
597,628,596,1,2
597,633,572,0,3
597,642,596,1,2
597,683,596,1,2
597,689,622,3,0
597,705,596,1,2
597,720,596,1,2
598,628,597,1,2
598,642,597,1,2
599,628,598,1,2
599,642,598,1,2
602,628,603,2,1
602,642,603,2,1
603,628,604,2,1
603,642,604,2,1
604,628,605,2,1
604,633,579,0,3
604,642,605,2,1
604,683,605,2,1
604,689,4,3,3
604,705,605,2,1
604,720,605,2,1
605,628,606,2,1
605,633,580,0,3
605,642,606,2,1
605,683,606,2,1
605,689,5,3,3
605,705,606,2,1
605,708,606,2,1
605,720,606,2,1
606,628,607,2,1
606,633,581,0,3
606,642,607,2,1
606,683,607,2,1
606,689,6,3,3
606,705,607,2,1
606,708,607,2,1
606,720,607,2,1
607,628,7,3,3
607,633,582,0,3
607,642,582,0,3
607,683,7,3,3
607,689,7,3,3
608,628,8,3,3
608,633,607,1,2
608,642,583,0,3
608,646,8,3,3
608,683,8,3,3
608,689,607,1,2
608,705,8,3,3
608,708,8,3,3
608,720,8,3,3
609,628,9,3,3
609,633,608,1,2
609,642,584,0,3
609,683,9,3,3
609,689,608,1,2
609,705,9,3,3
609,708,9,3,3
609,720,9,3,3
610,628,10,3,3
610,633,609,1,2
610,642,585,0,3
610,683,10,3,3
610,689,609,1,2
610,705,10,3,3
610,720,10,3,3
611,628,11,3,3
611,642,586,0,3
612,628,12,3,3
612,642,587,0,3
615,628,15,3,3
615,642,590,0,3
616,628,16,3,3
616,642,591,0,3
617,628,17,3,3
617,633,618,2,1
617,642,592,0,3
617,683,17,3,3
617,689,618,2,1
617,705,17,3,3
617,720,17,3,3
618,628,18,3,3
618,633,619,2,1
618,642,593,0,3
618,683,18,3,3
618,689,619,2,1
618,705,18,3,3
618,708,18,3,3
618,720,18,3,3
619,626,594,0,3
619,628,19,3,3
619,629,19,3,3
619,633,594,0,3
619,635,19,3,3
619,637,594,0,3
619,638,594,0,3
619,639,19,3,3
619,640,19,3,3
619,642,594,0,3
619,643,19,3,3
619,646,19,3,3
619,647,594,0,3
619,649,594,0,3
619,650,19,3,3
619,651,19,3,3
619,653,19,3,3
619,654,594,0,3
619,660,19,3,3
619,662,19,3,3
619,666,594,0,3
619,668,19,3,3
619,670,19,3,3
619,671,19,3,3
619,674,19,3,3
619,675,594,0,3
619,677,594,0,3
619,678,594,0,3
619,681,19,3,3
619,683,19,3,3
619,687,19,3,3
619,689,19,3,3
619,690,19,3,3
619,692,19,3,3
619,694,19,3,3
619,695,19,3,3
619,697,594,0,3
619,700,19,3,3
619,701,19,3,3
619,702,19,3,3
619,703,19,3,3
619,705,19,3,3
619,707,594,0,3
619,708,19,3,3
619,709,594,0,3
619,710,594,0,3
619,711,19,3,3
619,714,594,0,3
619,715,594,0,3
619,718,594,0,3
619,719,19,3,3
619,720,19,3,3
619,723,594,0,3
620,625,619,1,2
620,627,619,1,2
620,628,619,1,2
620,630,619,1,2
620,631,619,1,2
620,632,619,1,2
620,633,595,0,3
620,634,619,1,2
620,636,619,1,2
620,641,619,1,2
620,642,619,1,2
620,644,619,1,2
620,645,619,1,2
620,646,619,1,2
620,648,619,1,2
620,652,619,1,2
620,655,619,1,2
620,656,619,1,2
620,658,619,1,2
620,659,619,1,2
620,661,619,1,2
620,663,619,1,2
620,665,619,1,2
620,667,619,1,2
620,669,619,1,2
620,673,619,1,2
620,676,619,1,2
620,679,619,1,2
620,680,619,1,2
620,682,619,1,2
620,683,619,1,2
620,684,619,1,2
620,685,619,1,2
620,686,619,1,2
620,688,619,1,2
620,689,20,3,3
620,691,619,1,2
620,693,619,1,2
620,696,619,1,2
620,698,619,1,2
620,699,619,1,2
620,704,619,1,2
620,705,619,1,2
620,708,619,1,2
620,713,619,1,2
620,717,619,1,2
620,720,619,1,2
620,722,619,1,2
620,724,619,1,2
621,628,620,1,2
621,633,596,0,3
621,642,620,1,2
621,683,620,1,2
621,689,21,3,3
621,705,620,1,2
621,708,620,1,2
621,720,620,1,2
622,628,621,1,2
622,633,597,0,3
622,642,621,1,2
622,683,621,1,2
622,689,22,3,3
622,705,621,1,2
622,720,621,1,2
623,628,622,1,2
623,642,622,1,2
624,628,623,1,2
624,642,623,1,2
628,625,112,0,7
628,626,112,0,7
628,627,112,0,7
628,629,112,0,7
628,630,112,0,7
628,631,112,0,7
628,632,112,0,7
628,633,112,0,7
628,634,112,0,7
628,635,112,0,7
628,636,112,0,7
628,637,112,0,7
628,638,112,0,7
628,639,112,0,7
628,640,112,0,7
628,641,112,0,7
628,642,112,0,7
628,643,112,0,7
628,644,112,0,7
628,645,112,0,7
628,646,112,0,7
628,647,112,0,7
628,648,112,0,7
628,649,112,0,7
628,650,112,0,7
628,651,112,0,7
628,652,112,0,7
628,653,112,0,7
628,654,112,0,7
628,655,112,0,7
628,656,112,0,7
628,657,112,0,7
628,658,112,0,7
628,659,112,0,7
628,660,112,0,7
628,661,112,0,7
628,662,112,0,7
628,663,112,0,7
628,664,112,0,7
628,665,112,0,7
628,666,112,0,7
628,667,112,0,7
628,668,112,0,7
628,669,112,0,7
628,670,112,0,7
628,671,112,0,7
628,672,112,0,7
628,673,112,0,7
628,674,112,0,7
628,675,112,0,7
628,676,112,0,7
628,677,112,0,7
628,678,112,0,7
628,679,112,0,7
628,680,112,0,7
628,681,112,0,7
628,682,112,0,7
628,683,112,0,7
628,684,112,0,7
628,685,112,0,7
628,686,112,0,7
628,687,112,0,7
628,688,112,0,7
628,689,112,0,7
628,690,112,0,7
628,691,112,0,7
628,692,112,0,7
628,693,112,0,7
628,694,112,0,7
628,695,112,0,7
628,696,112,0,7
628,697,112,0,7
628,698,112,0,7
628,699,112,0,7
628,700,112,0,7
628,701,112,0,7
628,702,112,0,7
628,703,112,0,7
628,704,112,0,7
628,705,112,0,7
628,706,112,0,7
628,707,112,0,7
628,708,112,0,7
628,709,112,0,7
628,710,112,0,7
628,711,112,0,7
628,712,112,0,7
628,713,112,0,7
628,714,112,0,7
628,715,112,0,7
628,716,112,0,7
628,717,112,0,7
628,718,112,0,7
628,719,112,0,7
628,720,112,0,7
628,721,112,0,7
628,722,112,0,7
628,723,112,0,7
628,724,112,0,7
633,625,354,0,12
633,626,354,0,12
633,627,354,0,12
633,628,354,0,12
633,629,354,0,12
633,630,354,0,12
633,631,354,0,12
633,632,354,0,12
633,634,354,0,12
633,635,354,0,12
633,636,354,0,12
633,637,354,0,12
633,638,354,0,12
633,639,354,0,12
633,640,354,0,12
633,641,354,0,12
633,642,354,0,12
633,643,354,0,12
633,644,354,0,12
633,645,354,0,12
633,646,354,0,12
633,647,354,0,12
633,648,354,0,12
633,649,354,0,12
633,650,354,0,12
633,651,354,0,12
633,652,354,0,12
633,653,354,0,12
633,654,354,0,12
633,655,354,0,12
633,656,354,0,12
633,657,354,0,12
633,658,354,0,12
633,659,354,0,12
633,660,354,0,12
633,661,354,0,12
633,662,354,0,12
633,663,354,0,12
633,664,354,0,12
633,665,354,0,12
633,666,354,0,12
633,667,354,0,12
633,668,354,0,12
633,669,354,0,12
633,670,354,0,12
633,671,354,0,12
633,672,354,0,12
633,673,354,0,12
633,674,354,0,12
633,675,354,0,12
633,676,354,0,12
633,677,354,0,12
633,678,354,0,12
633,679,354,0,12
633,680,354,0,12
633,681,354,0,12
633,682,354,0,12
633,683,354,0,12
633,684,354,0,12
633,685,354,0,12
633,686,354,0,12
633,687,354,0,12
633,688,354,0,12
633,689,354,0,12
633,690,354,0,12
633,691,354,0,12
633,692,354,0,12
633,693,354,0,12
633,694,354,0,12
633,695,354,0,12
633,696,354,0,12
633,697,354,0,12
633,698,354,0,12
633,699,354,0,12
633,700,354,0,12
633,701,354,0,12
633,702,354,0,12
633,703,354,0,12
633,704,354,0,12
633,705,354,0,12
633,706,354,0,12
633,707,354,0,12
633,708,354,0,12
633,709,354,0,12
633,710,354,0,12
633,711,354,0,12
633,712,354,0,12
633,713,354,0,12
633,714,354,0,12
633,715,354,0,12
633,716,354,0,12
633,717,354,0,12
633,718,354,0,12
633,719,354,0,12
633,720,354,0,12
633,721,354,0,12
633,722,354,0,12
633,723,354,0,12
633,724,354,0,12
642,625,437,0,21
642,626,437,0,21
642,627,437,0,21
642,628,437,0,21
642,629,437,0,21
642,630,437,0,21
642,631,437,0,21
642,632,437,0,21
642,633,437,0,21
642,634,437,0,21
642,635,437,0,21
642,636,437,0,21
642,637,437,0,21
642,638,437,0,21
642,639,437,0,21
642,640,437,0,21
642,641,437,0,21
642,643,437,0,21
642,644,437,0,21
642,645,437,0,21
642,646,437,0,21
642,647,437,0,21
642,648,437,0,21
642,649,437,0,21
642,650,437,0,21
642,651,437,0,21
642,652,437,0,21
642,653,437,0,21
642,654,437,0,21
642,655,437,0,21
642,656,437,0,21
642,657,437,0,21
642,658,437,0,21
642,659,437,0,21
642,660,437,0,21
642,661,437,0,21
642,662,437,0,21
642,663,437,0,21
642,664,437,0,21
642,665,437,0,21
642,666,437,0,21
642,667,437,0,21
642,668,437,0,21
642,669,437,0,21
642,670,437,0,21
642,671,437,0,21
642,672,437,0,21
642,673,437,0,21
642,674,437,0,21
642,675,437,0,21
642,676,437,0,21
642,677,437,0,21
642,678,437,0,21
642,679,437,0,21
642,680,437,0,21
642,681,437,0,21
642,682,437,0,21
642,683,437,0,21
642,684,437,0,21
642,685,437,0,21
642,686,437,0,21
642,687,437,0,21
642,688,437,0,21
642,689,437,0,21
642,690,437,0,21
642,691,437,0,21
642,692,437,0,21
642,693,437,0,21
642,694,437,0,21
642,695,437,0,21
642,696,437,0,21
642,697,437,0,21
642,698,437,0,21
642,699,437,0,21
642,700,437,0,21
642,701,437,0,21
642,702,437,0,21
642,703,437,0,21
642,704,437,0,21
642,705,437,0,21
642,706,437,0,21
642,707,437,0,21
642,708,437,0,21
642,709,437,0,21
642,710,437,0,21
642,711,437,0,21
642,712,437,0,21
642,713,437,0,21
642,714,437,0,21
642,715,437,0,21
642,716,437,0,21
642,717,437,0,21
642,718,437,0,21
642,719,437,0,21
642,720,437,0,21
642,721,437,0,21
642,722,437,0,21
642,723,437,0,21
642,724,437,0,21
646,625,8,0,25
646,626,8,0,25
646,627,8,0,25
646,628,8,0,25
646,629,8,0,25
646,630,8,0,25
646,631,8,0,25
646,632,8,0,25
646,633,8,0,25
646,634,8,0,25
646,635,8,0,25
646,636,8,0,25
646,637,8,0,25
646,638,8,0,25
646,639,8,0,25
646,640,8,0,25
646,641,8,0,25
646,642,8,0,25
646,643,8,0,25
646,644,8,0,25
646,645,8,0,25
646,647,8,0,25
646,648,8,0,25
646,649,8,0,25
646,650,8,0,25
646,651,8,0,25
646,652,8,0,25
646,653,8,0,25
646,654,8,0,25
646,655,8,0,25
646,656,8,0,25
646,657,8,0,25
646,658,8,0,25
646,659,8,0,25
646,660,8,0,25
646,661,8,0,25
646,662,8,0,25
646,663,8,0,25
646,664,8,0,25
646,665,8,0,25
646,666,8,0,25
646,667,8,0,25
646,668,8,0,25
646,669,8,0,25
646,670,8,0,25
646,671,8,0,25
646,672,8,0,25
646,673,8,0,25
646,674,8,0,25
646,675,8,0,25
646,676,8,0,25
646,677,8,0,25
646,678,8,0,25
646,679,8,0,25
646,680,8,0,25
646,681,8,0,25
646,682,8,0,25
646,683,8,0,25
646,684,8,0,25
646,685,8,0,25
646,686,8,0,25
646,687,8,0,25
646,688,8,0,25
646,689,8,0,25
646,690,8,0,25
646,691,8,0,25
646,692,8,0,25
646,693,8,0,25
646,694,8,0,25
646,695,8,0,25
646,696,8,0,25
646,697,8,0,25
646,698,8,0,25
646,699,8,0,25
646,700,8,0,25
646,701,8,0,25
646,702,8,0,25
646,703,8,0,25
646,704,8,0,25
646,705,8,0,25
646,706,8,0,25
646,707,8,0,25
646,708,8,0,25
646,709,8,0,25
646,710,8,0,25
646,711,8,0,25
646,712,8,0,25
646,713,8,0,25
646,714,8,0,25
646,715,8,0,25
646,716,8,0,25
646,717,8,0,25
646,718,8,0,25
646,719,8,0,25
646,720,8,0,25
646,721,8,0,25
646,722,8,0,25
646,723,8,0,25
646,724,8,0,25
683,625,160,0,62
683,626,160,0,62
683,627,160,0,62
683,628,160,0,62
683,629,160,0,62
683,630,160,0,62
683,631,160,0,62
683,632,160,0,62
683,633,160,0,62
683,634,160,0,62
683,635,160,0,62
683,636,160,0,62
683,637,160,0,62
683,638,160,0,62
683,639,160,0,62
683,640,160,0,62
683,641,160,0,62
683,642,160,0,62
683,643,160,0,62
683,644,160,0,62
683,645,160,0,62
683,646,160,0,62
683,647,160,0,62
683,648,160,0,62
683,649,160,0,62
683,650,160,0,62
683,651,160,0,62
683,652,160,0,62
683,653,160,0,62
683,654,160,0,62
683,655,160,0,62
683,656,160,0,62
683,657,160,0,62
683,658,160,0,62
683,659,160,0,62
683,660,160,0,62
683,661,160,0,62
683,662,160,0,62
683,663,160,0,62
683,664,160,0,62
683,665,160,0,62
683,666,160,0,62
683,667,160,0,62
683,668,160,0,62
683,669,160,0,62
683,670,160,0,62
683,671,160,0,62
683,672,160,0,62
683,673,160,0,62
683,674,160,0,62
683,675,160,0,62
683,676,160,0,62
683,677,160,0,62
683,678,160,0,62
683,679,160,0,62
683,680,160,0,62
683,681,160,0,62
683,682,160,0,62
683,684,160,0,62
683,685,160,0,62
683,686,160,0,62
683,687,160,0,62
683,688,160,0,62
683,689,160,0,62
683,690,160,0,62
683,691,160,0,62
683,692,160,0,62
683,693,160,0,62
683,694,160,0,62
683,695,160,0,62
683,696,160,0,62
683,697,160,0,62
683,698,160,0,62
683,699,160,0,62
683,700,160,0,62
683,701,160,0,62
683,702,160,0,62
683,703,160,0,62
683,704,160,0,62
683,705,160,0,62
683,706,160,0,62
683,707,160,0,62
683,708,160,0,62
683,709,160,0,62
683,710,160,0,62
683,711,160,0,62
683,712,160,0,62
683,713,160,0,62
683,714,160,0,62
683,715,160,0,62
683,716,160,0,62
683,717,160,0,62
683,718,160,0,62
683,719,160,0,62
683,720,160,0,62
683,721,160,0,62
683,722,160,0,62
683,723,160,0,62
683,724,160,0,62
689,625,154,0,68
689,626,154,0,68
689,627,154,0,68
689,628,154,0,68
689,629,154,0,68
689,630,154,0,68
689,631,154,0,68
689,632,154,0,68
689,633,154,0,68
689,634,154,0,68
689,635,154,0,68
689,636,154,0,68
689,637,154,0,68
689,638,154,0,68
689,639,154,0,68
689,640,154,0,68
689,641,154,0,68
689,642,154,0,68
689,643,154,0,68
689,644,154,0,68
689,645,154,0,68
689,646,154,0,68
689,647,154,0,68
689,648,154,0,68
689,649,154,0,68
689,650,154,0,68
689,651,154,0,68
689,652,154,0,68
689,653,154,0,68
689,654,154,0,68
689,655,154,0,68
689,656,154,0,68
689,657,154,0,68
689,658,154,0,68
689,659,154,0,68
689,660,154,0,68
689,661,154,0,68
689,662,154,0,68
689,663,154,0,68
689,664,154,0,68
689,665,154,0,68
689,666,154,0,68
689,667,154,0,68
689,668,154,0,68
689,669,154,0,68
689,670,154,0,68
689,671,154,0,68
689,672,154,0,68
689,673,154,0,68
689,674,154,0,68
689,675,154,0,68
689,676,154,0,68
689,677,154,0,68
689,678,154,0,68
689,679,154,0,68
689,680,154,0,68
689,681,154,0,68
689,682,154,0,68
689,683,154,0,68
689,684,154,0,68
689,685,154,0,68
689,686,154,0,68
689,687,154,0,68
689,688,154,0,68
689,690,154,0,68
689,691,154,0,68
689,692,154,0,68
689,693,154,0,68
689,694,154,0,68
689,695,154,0,68
689,696,154,0,68
689,697,154,0,68
689,698,154,0,68
689,699,154,0,68
689,700,154,0,68
689,701,154,0,68
689,702,154,0,68
689,703,154,0,68
689,704,154,0,68
689,705,154,0,68
689,706,154,0,68
689,707,154,0,68
689,708,154,0,68
689,709,154,0,68
689,710,154,0,68
689,711,154,0,68
689,712,154,0,68
689,713,154,0,68
689,714,154,0,68
689,715,154,0,68
689,716,154,0,68
689,717,154,0,68
689,718,154,0,68
689,719,154,0,68
689,720,154,0,68
689,721,154,0,68
689,722,154,0,68
689,723,154,0,68
689,724,154,0,68
705,625,10,0,84
705,626,10,0,84
705,627,10,0,84
705,628,10,0,84
705,629,10,0,84
705,630,10,0,84
705,631,10,0,84
705,632,10,0,84
705,633,10,0,84
705,634,10,0,84
705,635,10,0,84
705,636,10,0,84
705,637,10,0,84
705,638,10,0,84
705,639,10,0,84
705,640,10,0,84
705,641,10,0,84
705,642,10,0,84
705,643,10,0,84
705,644,10,0,84
705,645,10,0,84
705,646,10,0,84
705,647,10,0,84
705,648,10,0,84
705,649,10,0,84
705,650,10,0,84
705,651,10,0,84
705,652,10,0,84
705,653,10,0,84
705,654,10,0,84
705,655,10,0,84
705,656,10,0,84
705,657,10,0,84
705,658,10,0,84
705,659,10,0,84
705,660,10,0,84
705,661,10,0,84
705,662,10,0,84
705,663,10,0,84
705,664,10,0,84
705,665,10,0,84
705,666,10,0,84
705,667,10,0,84
705,668,10,0,84
705,669,10,0,84
705,670,10,0,84
705,671,10,0,84
705,672,10,0,84
705,673,10,0,84
705,674,10,0,84
705,675,10,0,84
705,676,10,0,84
705,677,10,0,84
705,678,10,0,84
705,679,10,0,84
705,680,10,0,84
705,681,10,0,84
705,682,10,0,84
705,683,10,0,84
705,684,10,0,84
705,685,10,0,84
705,686,10,0,84
705,687,10,0,84
705,688,10,0,84
705,689,10,0,84
705,690,10,0,84
705,691,10,0,84
705,692,10,0,84
705,693,10,0,84
705,694,10,0,84
705,695,10,0,84
705,696,10,0,84
705,697,10,0,84
705,698,10,0,84
705,699,10,0,84
705,700,10,0,84
705,701,10,0,84
705,702,10,0,84
705,703,10,0,84
705,704,10,0,84
705,706,10,0,84
705,707,10,0,84
705,708,10,0,84
705,709,10,0,84
705,710,10,0,84
705,711,10,0,84
705,712,10,0,84
705,713,10,0,84
705,714,10,0,84
705,715,10,0,84
705,716,10,0,84
705,717,10,0,84
705,718,10,0,84
705,719,10,0,84
705,720,10,0,84
705,721,10,0,84
705,722,10,0,84
705,723,10,0,84
705,724,10,0,84
708,625,9,0,87
708,626,9,0,87
708,627,9,0,87
708,628,9,0,87
708,629,9,0,87
708,630,9,0,87
708,631,9,0,87
708,632,9,0,87
708,633,9,0,87
708,634,9,0,87
708,635,9,0,87
708,636,9,0,87
708,637,9,0,87
708,638,9,0,87
708,639,9,0,87
708,640,9,0,87
708,641,9,0,87
708,642,9,0,87
708,643,9,0,87
708,644,9,0,87
708,645,9,0,87
708,646,9,0,87
708,647,9,0,87
708,648,9,0,87
708,649,9,0,87
708,650,9,0,87
708,651,9,0,87
708,652,9,0,87
708,653,9,0,87
708,654,9,0,87
708,655,9,0,87
708,656,9,0,87
708,657,9,0,87
708,658,9,0,87
708,659,9,0,87
708,660,9,0,87
708,661,9,0,87
708,662,9,0,87
708,663,9,0,87
708,664,9,0,87
708,665,9,0,87
708,666,9,0,87
708,667,9,0,87
708,668,9,0,87
708,669,9,0,87
708,670,9,0,87
708,671,9,0,87
708,672,9,0,87
708,673,9,0,87
708,674,9,0,87
708,675,9,0,87
708,676,9,0,87
708,677,9,0,87
708,678,9,0,87
708,679,9,0,87
708,680,9,0,87
708,681,9,0,87
708,682,9,0,87
708,683,9,0,87
708,684,9,0,87
708,685,9,0,87
708,686,9,0,87
708,687,9,0,87
708,688,9,0,87
708,689,9,0,87
708,690,9,0,87
708,691,9,0,87
708,692,9,0,87
708,693,9,0,87
708,694,9,0,87
708,695,9,0,87
708,696,9,0,87
708,697,9,0,87
708,698,9,0,87
708,699,9,0,87
708,700,9,0,87
708,701,9,0,87
708,702,9,0,87
708,703,9,0,87
708,704,9,0,87
708,705,9,0,87
708,706,9,0,87
708,707,9,0,87
708,709,9,0,87
708,710,9,0,87
708,711,9,0,87
708,712,9,0,87
708,713,9,0,87
708,714,9,0,87
708,715,9,0,87
708,716,9,0,87
708,717,9,0,87
708,718,9,0,87
708,719,9,0,87
708,720,9,0,87
708,721,9,0,87
708,722,9,0,87
708,723,9,0,87
708,724,9,0,87
720,625,85,0,99
720,626,85,0,99
720,627,85,0,99
720,628,85,0,99
720,629,85,0,99
720,630,85,0,99
720,631,85,0,99
720,632,85,0,99
720,633,85,0,99
720,634,85,0,99
720,635,85,0,99
720,636,85,0,99
720,637,85,0,99
720,638,85,0,99
720,639,85,0,99
720,640,85,0,99
720,641,85,0,99
720,642,85,0,99
720,643,85,0,99
720,644,85,0,99
720,645,85,0,99
720,646,85,0,99
720,647,85,0,99
720,648,85,0,99
720,649,85,0,99
720,650,85,0,99
720,651,85,0,99
720,652,85,0,99
720,653,85,0,99
720,654,85,0,99
720,655,85,0,99
720,656,85,0,99
720,657,85,0,99
720,658,85,0,99
720,659,85,0,99
720,660,85,0,99
720,661,85,0,99
720,662,85,0,99
720,663,85,0,99
720,664,85,0,99
720,665,85,0,99
720,666,85,0,99
720,667,85,0,99
720,668,85,0,99
720,669,85,0,99
720,670,85,0,99
720,671,85,0,99
720,672,85,0,99
720,673,85,0,99
720,674,85,0,99
720,675,85,0,99
720,676,85,0,99
720,677,85,0,99
720,678,85,0,99
720,679,85,0,99
720,680,85,0,99
720,681,85,0,99
720,682,85,0,99
720,683,85,0,99
720,684,85,0,99
720,685,85,0,99
720,686,85,0,99
720,687,85,0,99
720,688,85,0,99
720,689,85,0,99
720,690,85,0,99
720,691,85,0,99
720,692,85,0,99
720,693,85,0,99
720,694,85,0,99
720,695,85,0,99
720,696,85,0,99
720,697,85,0,99
720,698,85,0,99
720,699,85,0,99
720,700,85,0,99
720,701,85,0,99
720,702,85,0,99
720,703,85,0,99
720,704,85,0,99
720,705,85,0,99
720,706,85,0,99
720,707,85,0,99
720,708,85,0,99
720,709,85,0,99
720,710,85,0,99
720,711,85,0,99
720,712,85,0,99
720,713,85,0,99
720,714,85,0,99
720,715,85,0,99
720,716,85,0,99
720,717,85,0,99
720,718,85,0,99
720,719,85,0,99
720,721,85,0,99
720,722,85,0,99
720,723,85,0,99
720,724,85,0,99
