0,627,1,0,0
0,636,1,0,0
0,644,1,0,0
0,652,1,0,0
0,653,25,1,0
0,657,1,0,0
0,685,1,0,0
0,697,1,0,0
0,702,1,0,0
0,708,1,0,0
0,711,24,2,1
0,722,1,0,0
1,653,26,2,0
1,711,0,0,0
2,653,27,2,0
2,711,1,0,1
3,626,4,1,0
3,628,4,1,0
3,635,4,1,0
3,643,4,1,0
3,650,4,1,0
3,653,4,1,0
3,678,4,1,0
3,695,4,1,0
3,711,2,0,1
3,719,4,1,0
4,711,5,1,0
5,653,30,2,0
5,668,30,2,0
5,681,30,2,0
5,690,30,2,0
5,711,6,1,0
6,653,31,2,0
6,711,7,1,0
7,653,32,2,0
7,711,8,1,0
8,653,33,2,0
8,685,9,1,0
8,711,9,1,0
9,653,34,2,0
9,685,10,1,0
9,711,10,1,0
10,653,35,2,0
10,685,35,2,0
10,711,610,3,3
11,653,10,0,1
11,685,36,2,0
11,711,611,3,3
12,653,11,0,1
12,685,37,2,0
12,711,612,3,3
13,632,14,1,0
13,653,12,0,1
13,665,14,1,0
13,711,613,3,3
14,653,13,0,1
14,711,614,3,3
15,653,14,0,1
15,656,16,1,0
15,688,16,1,0
15,711,615,3,3
16,653,15,0,1
16,711,616,3,3
17,711,16,0,1
18,653,19,1,0
18,684,618,3,3
18,693,43,2,0
18,711,618,3,3
19,653,20,1,0
19,711,619,3,3
20,633,45,2,0
20,653,21,1,0
20,658,620,3,3
20,689,620,3,3
20,696,620,3,3
20,698,45,2,0
20,710,620,3,3
20,711,620,3,3
21,653,22,1,0
21,685,20,0,1
21,711,621,3,3
22,653,23,1,0
22,685,47,2,0
22,711,622,3,3
23,653,48,2,0
23,685,48,2,0
23,711,623,3,3
24,653,49,2,0
24,685,23,0,1
24,711,23,0,1
25,627,26,1,1
25,636,26,1,1
25,644,26,1,1
25,652,26,1,1
25,653,50,2,0
25,657,26,1,1
25,679,26,1,1
25,685,26,1,1
25,697,26,1,1
25,702,26,1,1
25,708,26,1,1
25,711,49,3,2
25,722,26,1,1
26,653,51,3,0
26,711,25,1,1
27,653,52,3,0
27,711,26,1,2
28,626,29,2,1
28,628,29,2,1
28,635,29,2,1
28,643,29,2,1
28,650,29,2,1
28,653,29,2,1
28,678,29,2,1
28,695,29,2,1
28,711,27,1,2
28,719,29,2,1
29,711,30,2,1
30,653,55,3,0
30,668,55,3,0
30,681,55,3,0
30,690,55,3,0
30,711,31,2,1
31,653,56,3,0
31,711,32,2,1
32,653,57,3,0
32,711,33,2,1
33,653,58,3,0
33,685,34,2,1
33,711,34,2,1
34,653,59,3,0
34,685,35,2,1
34,711,35,2,1
35,653,60,3,0
35,685,60,3,0
35,711,10,0,2
36,653,35,1,2
36,685,61,3,0
36,711,11,0,2
37,653,36,1,2
37,685,62,3,0
37,711,12,0,2
38,632,39,2,1
38,653,37,1,2
38,665,39,2,1
38,711,13,0,2
39,653,38,1,2
39,711,14,0,2
40,653,39,1,2
40,656,41,2,1
40,688,41,2,1
40,711,15,0,2
41,653,40,1,2
41,711,16,0,2
42,711,41,1,2
43,653,44,2,1
43,684,18,0,2
43,693,68,3,0
43,711,18,0,2
44,653,45,2,1
44,711,19,0,2
45,633,70,3,0
45,640,20,0,2
45,653,46,2,1
45,658,20,0,2
45,661,20,0,2
45,689,20,0,2
45,696,20,0,2
45,698,70,3,0
45,710,20,0,2
45,711,20,0,2
46,653,47,2,1
46,685,45,1,2
46,711,21,0,2
47,653,48,2,1
47,685,72,3,0
47,711,22,0,2
48,653,73,3,0
48,685,73,3,0
48,711,23,0,2
49,653,74,3,0
49,685,48,1,2
49,711,48,1,2
50,627,51,1,1
50,636,51,1,1
50,644,51,1,1
50,652,51,1,1
50,653,75,2,0
50,657,51,1,1
50,679,51,1,1
50,685,51,1,1
50,697,51,1,1
50,702,51,1,1
50,708,51,1,1
50,711,74,3,2
50,722,51,1,1
51,653,76,3,0
51,711,50,1,1
52,653,77,3,0
52,711,51,1,2
53,626,54,2,1
53,628,54,2,1
53,635,54,2,1
53,643,54,2,1
53,653,54,2,1
53,678,54,2,1
53,695,54,2,1
53,711,52,1,2
53,719,54,2,1
54,711,55,2,1
55,653,80,3,0
55,668,80,3,0
55,681,80,3,0
55,690,80,3,0
55,711,56,2,1
56,653,81,3,0
56,711,57,2,1
57,653,82,3,0
57,711,58,2,1
58,653,83,3,0
58,685,59,2,1
58,711,59,2,1
59,653,84,3,0
59,685,60,2,1
59,711,60,2,1
60,653,85,3,0
60,711,35,0,3
61,653,60,1,2
61,685,86,3,0
61,711,36,0,3
62,653,61,1,2
62,685,87,3,0
62,711,37,0,3
63,632,64,2,1
63,653,62,1,2
63,665,64,2,1
63,711,38,0,3
64,653,63,1,2
64,711,39,0,3
65,653,64,1,2
65,656,66,2,1
65,688,66,2,1
65,711,40,0,3
66,653,65,1,2
66,711,41,0,3
67,711,66,1,2
68,653,69,2,1
68,684,43,0,3
68,711,43,0,3
69,653,70,2,1
69,711,44,0,3
70,633,95,3,0
70,640,45,0,3
70,653,71,2,1
70,658,95,3,0
70,661,45,0,3
70,689,45,0,3
70,696,45,0,3
70,698,95,3,0
70,710,45,0,3
70,711,45,0,3
71,653,72,2,1
71,685,70,1,2
71,711,46,0,3
72,653,73,2,1
72,685,97,3,0
72,711,47,0,3
73,653,98,3,0
73,711,48,0,3
74,653,99,3,0
74,685,73,1,2
74,711,73,1,2
75,627,76,1,1
75,636,76,1,1
75,644,76,1,1
75,652,76,1,1
75,653,100,2,0
75,657,76,1,1
75,679,76,1,1
75,685,76,1,1
75,697,76,1,1
75,702,76,1,1
75,708,76,1,1
75,711,99,3,2
75,722,76,1,1
76,653,101,3,0
76,711,75,1,1
77,653,102,3,0
77,711,76,1,2
78,626,79,2,1
78,628,79,2,1
78,635,79,2,1
78,643,79,2,1
78,650,79,2,1
78,653,79,2,1
78,678,79,2,1
78,695,79,2,1
78,711,77,1,2
78,719,79,2,1
79,711,80,2,1
80,653,105,3,0
80,668,105,3,0
80,681,105,3,0
80,711,81,2,1
81,653,106,3,0
81,711,82,2,1
82,653,107,3,0
82,711,83,2,1
83,653,108,3,0
83,685,84,2,1
83,711,84,2,1
84,653,109,3,0
84,685,85,2,1
84,711,85,2,1
85,653,110,3,0
85,711,110,3,0
86,653,85,1,2
86,685,111,3,0
86,711,111,3,0
87,653,86,1,2
87,685,112,3,0
87,711,112,3,0
88,653,87,1,2
88,665,89,2,1
88,711,113,3,0
89,653,88,1,2
89,711,114,3,0
90,653,89,1,2
90,656,91,2,1
90,688,91,2,1
90,711,115,3,0
91,653,90,1,2
91,711,116,3,0
92,711,91,1,2
93,653,94,2,1
93,684,118,3,0
93,693,68,0,3
93,711,118,3,0
94,653,95,2,1
94,711,119,3,0
95,633,120,3,0
95,640,70,0,3
95,653,96,2,1
95,658,120,3,0
95,661,70,0,3
95,689,70,0,3
95,696,70,0,3
95,698,120,3,0
95,710,120,3,0
95,711,120,3,0
96,653,97,2,1
96,685,95,1,2
96,711,121,3,0
97,653,98,2,1
97,685,122,3,0
97,711,122,3,0
98,653,123,3,0
98,711,123,3,0
99,653,124,3,0
99,685,98,1,2
99,711,98,1,2
100,627,101,1,1
100,636,101,1,1
100,644,101,1,1
100,652,101,1,1
100,653,125,2,0
100,657,101,1,1
100,679,101,1,1
100,685,101,1,1
100,697,101,1,1
100,702,101,1,1
100,708,101,1,1
100,711,124,3,2
100,722,101,1,1
101,653,126,3,0
101,711,100,1,1
102,653,127,3,0
102,711,101,1,2
103,626,104,2,1
103,628,104,2,1
103,635,104,2,1
103,643,104,2,1
103,650,104,2,1
103,653,104,2,1
103,678,104,2,1
103,695,104,2,1
103,711,102,1,2
103,719,104,2,1
104,711,105,2,1
105,653,130,3,0
105,668,130,3,0
105,681,130,3,0
105,690,80,0,3
105,711,106,2,1
106,653,131,3,0
106,711,107,2,1
107,653,132,3,0
107,711,108,2,1
108,653,133,3,0
108,685,109,2,1
108,711,109,2,1
109,653,134,3,0
109,685,110,2,1
109,711,110,2,1
110,653,135,3,0
110,711,135,3,0
111,653,110,1,2
111,685,136,3,0
111,711,136,3,0
112,653,111,1,2
112,685,137,3,0
112,711,137,3,0
113,632,114,2,1
113,653,112,1,2
113,665,114,2,1
113,711,138,3,0
114,653,113,1,2
114,711,139,3,0
115,653,114,1,2
115,656,116,2,1
115,688,116,2,1
115,711,140,3,0
116,653,115,1,2
116,711,141,3,0
117,711,116,1,2
118,653,119,2,1
118,684,143,3,0
118,693,93,0,3
118,711,143,3,0
119,653,120,2,1
119,711,144,3,0
120,633,145,3,0
120,640,95,0,3
120,653,121,2,1
120,658,145,3,0
120,661,95,0,3
120,689,95,0,3
120,696,145,3,0
120,698,145,3,0
120,710,145,3,0
120,711,145,3,0
121,653,122,2,1
121,685,120,1,2
121,711,146,3,0
122,653,123,2,1
122,685,147,3,0
122,711,147,3,0
123,653,148,3,0
123,711,148,3,0
124,653,149,3,0
124,685,123,1,2
124,711,123,1,2
125,627,126,1,1
125,636,126,1,1
125,644,126,1,1
125,652,126,1,1
125,653,150,2,0
125,657,126,1,1
125,679,126,1,1
125,685,126,1,1
125,697,126,1,1
125,702,126,1,1
125,708,126,1,1
125,711,149,3,2
125,722,126,1,1
126,653,151,3,0
126,711,125,1,1
127,653,152,3,0
127,711,126,1,2
128,626,129,2,1
128,628,129,2,1
128,635,129,2,1
128,643,129,2,1
128,650,129,2,1
128,653,129,2,1
128,678,129,2,1
128,695,129,2,1
128,711,127,1,2
128,719,129,2,1
129,711,130,2,1
130,653,155,3,0
130,668,155,3,0
130,681,155,3,0
130,690,105,0,3
130,711,131,2,1
131,653,156,3,0
131,711,132,2,1
132,653,157,3,0
132,711,133,2,1
133,653,158,3,0
133,685,134,2,1
133,711,134,2,1
134,653,159,3,0
134,685,135,2,1
134,711,135,2,1
135,653,160,3,0
135,711,160,3,0
136,653,135,1,2
136,685,161,3,0
136,711,161,3,0
137,653,136,1,2
137,685,162,3,0
137,711,162,3,0
138,632,139,2,1
138,653,137,1,2
138,711,163,3,0
139,653,138,1,2
139,711,164,3,0
140,653,139,1,2
140,656,141,2,1
140,688,141,2,1
140,711,165,3,0
141,653,140,1,2
141,711,166,3,0
142,711,141,1,2
143,653,144,2,1
143,684,168,3,0
143,693,118,0,3
143,711,168,3,0
144,653,145,2,1
144,711,169,3,0
145,633,170,3,0
145,640,120,0,3
145,653,146,2,1
145,658,170,3,0
145,661,120,0,3
145,689,120,0,3
145,696,170,3,0
145,698,170,3,0
145,710,170,3,0
145,711,170,3,0
146,653,147,2,1
146,685,145,1,2
146,711,171,3,0
147,653,148,2,1
147,685,172,3,0
147,711,172,3,0
148,653,173,3,0
148,711,173,3,0
149,653,174,3,0
149,685,148,1,2
149,711,148,1,2
150,627,151,1,1
150,636,151,1,1
150,644,151,1,1
150,652,151,1,1
150,653,151,1,1
150,657,151,1,1
150,679,151,1,1
150,685,151,1,1
150,697,151,1,1
150,702,151,1,1
150,711,174,3,2
150,722,151,1,1
151,653,152,2,1
151,711,150,1,1
152,653,153,2,1
152,711,151,1,2
153,626,154,2,1
153,628,154,2,1
153,635,154,2,1
153,643,154,2,1
153,650,154,2,1
153,653,154,2,1
153,678,154,2,1
153,695,154,2,1
153,711,152,1,2
153,719,154,2,1
154,711,155,2,1
155,653,653,32,0
155,681,180,3,0
155,690,130,0,3
155,711,156,2,1
156,653,155,1,2
156,711,157,2,1
157,653,156,1,2
157,711,158,2,1
158,653,157,1,2
158,685,159,2,1
158,711,159,2,1
159,653,158,1,2
159,685,160,2,1
159,711,160,2,1
160,653,159,1,2
160,711,185,3,0
161,653,160,1,2
161,685,186,3,0
161,711,186,3,0
162,653,161,1,2
162,685,187,3,0
162,711,187,3,0
163,632,164,2,1
163,653,162,1,2
163,665,164,2,1
163,711,188,3,0
164,653,163,1,2
164,711,189,3,0
165,653,164,1,2
165,656,166,2,1
165,688,166,2,1
165,711,190,3,0
166,653,165,1,2
166,711,191,3,0
167,711,166,1,2
168,653,169,2,1
168,684,193,3,0
168,693,143,0,3
168,711,193,3,0
169,653,170,2,1
169,711,194,3,0
170,640,145,0,3
170,653,171,2,1
170,658,195,3,0
170,661,145,0,3
170,689,145,0,3
170,696,195,3,0
170,698,195,3,0
170,710,195,3,0
170,711,195,3,0
171,653,172,2,1
171,685,170,1,2
171,711,196,3,0
172,653,173,2,1
172,685,197,3,0
172,711,197,3,0
173,653,174,2,1
173,711,198,3,0
174,653,150,2,3
174,685,173,1,2
174,711,173,1,2
175,627,176,1,1
175,636,176,1,1
175,644,176,1,1
175,652,176,1,1
175,653,150,0,2
175,657,176,1,1
175,679,176,1,1
175,685,176,1,1
175,697,176,1,1
175,702,176,1,1
175,708,176,1,1
175,711,199,3,2
175,722,176,1,1
176,653,151,0,3
176,711,175,1,1
177,653,152,0,3
177,711,176,1,2
178,626,179,2,1
178,628,179,2,1
178,635,179,2,1
178,650,179,2,1
178,653,179,2,1
178,678,179,2,1
178,695,179,2,1
178,711,177,1,2
178,719,179,2,1
179,711,180,2,1
180,653,155,0,3
180,668,155,0,3
180,681,205,3,0
180,690,155,0,3
180,711,181,2,1
181,653,156,0,3
181,711,182,2,1
182,653,157,0,3
182,711,183,2,1
183,653,158,0,3
183,685,184,2,1
183,711,184,2,1
184,653,159,0,3
184,685,185,2,1
184,711,185,2,1
185,711,210,3,0
186,653,185,1,2
186,685,211,3,0
186,711,211,3,0
187,653,186,1,2
187,685,212,3,0
187,711,212,3,0
188,632,189,2,1
188,653,187,1,2
188,665,189,2,1
188,711,213,3,0
189,653,188,1,2
189,711,214,3,0
190,653,189,1,2
190,656,191,2,1
190,688,191,2,1
190,711,215,3,0
191,653,190,1,2
191,711,216,3,0
192,711,191,1,2
193,653,194,2,1
193,684,218,3,0
193,693,168,0,3
193,711,218,3,0
194,653,195,2,1
194,711,219,3,0
195,633,170,0,3
195,640,170,0,3
195,653,196,2,1
195,658,220,3,0
195,661,170,0,3
195,689,170,0,3
195,696,220,3,0
195,710,220,3,0
195,711,220,3,0
196,653,197,2,1
196,685,195,1,2
196,711,221,3,0
197,653,198,2,1
197,685,222,3,0
197,711,222,3,0
198,711,223,3,0
199,653,174,0,3
199,685,198,1,2
199,711,198,1,2
200,627,201,1,1
200,636,201,1,1
200,644,201,1,1
200,652,201,1,1
200,653,175,0,2
200,657,201,1,1
200,679,201,1,1
200,685,201,1,1
200,697,201,1,1
200,708,201,1,1
200,711,224,3,2
200,722,201,1,1
201,653,176,0,3
201,711,200,1,1
202,653,177,0,3
202,711,201,1,2
203,626,204,2,1
203,628,204,2,1
203,643,204,2,1
203,650,204,2,1
203,653,204,2,1
203,678,204,2,1
203,695,204,2,1
203,711,202,1,2
203,719,204,2,1
204,711,205,2,1
205,653,180,0,3
205,668,180,0,3
205,681,230,3,0
205,690,180,0,3
205,711,206,2,1
206,653,181,0,3
206,711,207,2,1
207,653,182,0,3
207,711,208,2,1
208,653,183,0,3
208,685,209,2,1
208,711,209,2,1
209,653,184,0,3
209,685,210,2,1
209,711,210,2,1
210,653,185,0,3
210,685,211,2,1
210,711,235,3,0
211,653,210,1,2
211,685,212,2,1
211,711,236,3,0
212,653,211,1,2
212,685,685,64,0
212,711,237,3,0
213,632,214,2,1
213,653,212,1,2
213,665,214,2,1
213,711,238,3,0
214,653,213,1,2
214,711,239,3,0
215,653,214,1,2
215,656,216,2,1
215,688,216,2,1
215,711,240,3,0
216,653,215,1,2
216,711,241,3,0
217,711,216,1,2
218,653,219,2,1
218,684,243,3,0
218,693,193,0,3
218,711,243,3,0
219,653,220,2,1
219,711,244,3,0
220,633,195,0,3
220,640,195,0,3
220,653,221,2,1
220,658,245,3,0
220,661,195,0,3
220,689,195,0,3
220,696,245,3,0
220,698,195,0,3
220,710,245,3,0
220,711,245,3,0
221,653,222,2,1
221,685,220,1,2
221,711,246,3,0
222,653,223,2,1
222,685,221,1,2
222,711,247,3,0
223,653,198,0,3
223,685,222,1,2
223,711,248,3,0
224,653,199,0,3
224,685,223,1,2
224,711,223,1,2
225,627,226,1,1
225,636,226,1,1
225,644,226,1,1
225,652,226,1,1
225,653,200,0,2
225,657,226,1,1
225,679,226,1,1
225,685,226,1,1
225,697,226,1,1
225,702,226,1,1
225,708,226,1,1
225,711,249,3,2
225,722,226,1,1
226,653,201,0,3
226,711,225,1,1
227,653,202,0,3
227,711,226,1,2
228,626,229,2,1
228,628,229,2,1
228,635,229,2,1
228,643,229,2,1
228,650,229,2,1
228,653,229,2,1
228,678,229,2,1
228,711,227,1,2
228,719,229,2,1
229,711,230,2,1
230,653,205,0,3
230,668,205,0,3
230,681,255,3,0
230,690,205,0,3
230,711,231,2,1
231,653,206,0,3
231,711,232,2,1
232,653,207,0,3
232,711,233,2,1
233,653,208,0,3
233,685,234,2,1
233,711,234,2,1
234,653,209,0,3
234,685,235,2,1
234,711,235,2,1
235,653,210,0,3
235,685,210,0,3
235,711,260,3,0
236,653,235,1,2
236,685,211,0,3
236,711,261,3,0
237,653,236,1,2
237,685,212,0,3
237,711,262,3,0
238,632,239,2,1
238,653,237,1,2
238,665,239,2,1
238,711,263,3,0
239,653,238,1,2
239,711,264,3,0
240,653,239,1,2
240,656,241,2,1
240,688,241,2,1
240,711,265,3,0
241,653,240,1,2
241,711,266,3,0
242,711,241,1,2
243,653,244,2,1
243,684,268,3,0
243,693,218,0,3
243,711,268,3,0
244,653,245,2,1
244,711,269,3,0
245,633,220,0,3
245,640,220,0,3
245,653,246,2,1
245,658,270,3,0
245,661,220,0,3
245,689,220,0,3
245,696,270,3,0
245,698,220,0,3
245,710,270,3,0
245,711,270,3,0
246,653,247,2,1
246,685,245,1,2
246,711,271,3,0
247,653,248,2,1
247,685,222,0,3
247,711,272,3,0
248,653,223,0,3
248,685,223,0,3
248,711,273,3,0
249,653,224,0,3
249,685,248,1,2
249,711,248,1,2
250,627,251,1,1
250,636,251,1,1
250,644,251,1,1
250,652,251,1,1
250,653,225,0,2
250,657,251,1,1
250,679,251,1,1
250,685,251,1,1
250,697,251,1,1
250,702,251,1,1
250,708,251,1,1
250,711,274,3,2
251,653,226,0,3
251,711,250,1,1
252,653,227,0,3
252,711,251,1,2
253,626,254,2,1
253,628,254,2,1
253,635,254,2,1
253,643,254,2,1
253,650,254,2,1
253,653,254,2,1
253,678,254,2,1
253,695,254,2,1
253,711,252,1,2
254,711,255,2,1
255,653,230,0,3
255,668,230,0,3
255,681,280,3,0
255,690,230,0,3
255,711,256,2,1
256,653,231,0,3
256,711,257,2,1
257,653,232,0,3
257,711,258,2,1
258,653,233,0,3
258,685,259,2,1
258,711,259,2,1
259,653,234,0,3
259,685,260,2,1
259,711,260,2,1
260,653,235,0,3
260,685,235,0,3
260,711,285,3,0
261,653,260,1,2
261,685,236,0,3
261,711,286,3,0
262,653,261,1,2
262,685,237,0,3
262,711,287,3,0
263,632,264,2,1
263,653,262,1,2
263,665,264,2,1
263,711,288,3,0
264,653,263,1,2
264,711,289,3,0
265,653,264,1,2
265,656,266,2,1
265,688,266,2,1
265,711,290,3,0
266,653,265,1,2
266,711,291,3,0
267,711,266,1,2
268,653,269,2,1
268,684,293,3,0
268,693,243,0,3
268,711,293,3,0
269,653,270,2,1
269,711,294,3,0
270,633,245,0,3
270,640,245,0,3
270,653,271,2,1
270,658,295,3,0
270,661,245,0,3
270,689,245,0,3
270,696,295,3,0
270,698,245,0,3
270,710,295,3,0
270,711,295,3,0
271,653,272,2,1
271,685,270,1,2
271,711,296,3,0
272,653,273,2,1
272,685,247,0,3
272,711,297,3,0
273,653,248,0,3
273,685,248,0,3
273,711,298,3,0
274,653,249,0,3
274,685,273,1,2
274,711,273,1,2
275,627,276,1,1
275,644,276,1,1
275,652,276,1,1
275,653,250,0,2
275,657,276,1,1
275,679,276,1,1
275,685,276,1,1
275,697,276,1,1
275,702,276,1,1
275,708,276,1,1
275,711,299,3,2
275,722,276,1,1
276,653,251,0,3
276,711,275,1,1
277,653,252,0,3
277,711,276,1,2
278,626,279,2,1
278,628,279,2,1
278,635,279,2,1
278,643,279,2,1
278,650,279,2,1
278,653,279,2,1
278,678,279,2,1
278,695,279,2,1
278,711,277,1,2
278,719,279,2,1
279,711,280,2,1
280,653,255,0,3
280,668,255,0,3
280,690,255,0,3
280,711,281,2,1
281,653,256,0,3
281,711,282,2,1
282,653,257,0,3
282,711,283,2,1
283,653,258,0,3
283,685,284,2,1
283,711,284,2,1
284,653,259,0,3
284,685,285,2,1
284,711,285,2,1
285,653,260,0,3
285,685,260,0,3
285,711,310,3,0
286,653,285,1,2
286,685,261,0,3
286,711,311,3,0
287,653,286,1,2
287,685,262,0,3
287,711,312,3,0
288,632,289,2,1
288,653,287,1,2
288,665,289,2,1
288,711,313,3,0
289,653,288,1,2
289,711,314,3,0
290,653,289,1,2
290,656,291,2,1
290,688,291,2,1
290,711,315,3,0
291,653,290,1,2
291,711,316,3,0
292,711,291,1,2
293,653,294,2,1
293,684,318,3,0
293,693,268,0,3
293,711,318,3,0
294,653,295,2,1
294,711,319,3,0
295,633,270,0,3
295,640,270,0,3
295,653,296,2,1
295,658,320,3,0
295,661,270,0,3
295,689,320,3,0
295,696,320,3,0
295,698,270,0,3
295,710,320,3,0
295,711,320,3,0
296,653,297,2,1
296,685,295,1,2
296,711,321,3,0
297,653,298,2,1
297,685,272,0,3
297,711,322,3,0
298,653,273,0,3
298,685,273,0,3
298,711,323,3,0
299,653,274,0,3
299,685,298,1,2
299,711,298,1,2
300,627,301,1,1
300,636,301,1,1
300,644,301,1,1
300,652,301,1,1
300,653,275,0,2
300,657,301,1,1
300,679,301,1,1
300,685,301,1,1
300,697,301,1,1
300,702,301,1,1
300,708,301,1,1
300,711,324,3,2
300,722,301,1,1
301,653,276,0,3
301,711,300,1,1
302,653,277,0,3
302,711,301,1,2
303,626,304,2,1
303,628,304,2,1
303,635,304,2,1
303,643,304,2,1
303,650,304,2,1
303,653,304,2,1
303,678,304,2,1
303,695,304,2,1
303,711,302,1,2
303,719,304,2,1
304,711,305,2,1
305,653,280,0,3
305,668,280,0,3
305,681,280,0,3
305,690,280,0,3
305,711,306,2,1
306,653,281,0,3
306,711,307,2,1
307,653,282,0,3
307,711,308,2,1
308,653,283,0,3
308,685,309,2,1
308,711,309,2,1
309,653,284,0,3
309,685,310,2,1
309,711,310,2,1
310,653,285,0,3
310,685,285,0,3
310,711,335,3,0
311,653,310,1,2
311,685,286,0,3
311,711,336,3,0
312,653,311,1,2
312,685,287,0,3
312,711,337,3,0
313,632,314,2,1
313,653,312,1,2
313,665,314,2,1
313,711,338,3,0
314,653,313,1,2
314,711,339,3,0
315,653,314,1,2
315,656,316,2,1
315,688,316,2,1
315,711,340,3,0
316,653,315,1,2
316,711,341,3,0
317,711,316,1,2
318,653,319,2,1
318,684,343,3,0
318,693,293,0,3
318,711,343,3,0
319,653,320,2,1
319,711,344,3,0
320,633,295,0,3
320,640,295,0,3
320,653,321,2,1
320,658,345,3,0
320,661,295,0,3
320,689,345,3,0
320,696,345,3,0
320,698,295,0,3
320,710,345,3,0
320,711,345,3,0
321,653,322,2,1
321,685,320,1,2
321,711,346,3,0
322,653,323,2,1
322,685,297,0,3
322,711,347,3,0
323,653,298,0,3
323,685,298,0,3
323,711,348,3,0
324,653,299,0,3
324,685,323,1,2
324,711,323,1,2
325,627,326,1,1
325,636,326,1,1
325,644,326,1,1
325,653,300,0,2
325,657,326,1,1
325,679,326,1,1
325,685,326,1,1
325,702,326,1,1
325,708,326,1,1
325,711,349,3,2
325,722,326,1,1
326,653,301,0,3
326,711,325,1,1
327,653,302,0,3
327,711,326,1,2
328,626,329,2,1
328,628,329,2,1
328,635,329,2,1
328,643,329,2,1
328,650,329,2,1
328,653,329,2,1
328,678,329,2,1
328,695,329,2,1
328,711,327,1,2
328,719,329,2,1
329,711,330,2,1
330,653,305,0,3
330,668,305,0,3
330,681,305,0,3
330,690,305,0,3
330,711,331,2,1
331,653,306,0,3
331,711,332,2,1
332,653,307,0,3
332,711,333,2,1
333,653,308,0,3
333,685,334,2,1
333,711,334,2,1
334,653,309,0,3
334,685,335,2,1
334,711,335,2,1
335,653,310,0,3
335,685,310,0,3
335,711,360,3,0
336,653,335,1,2
336,685,311,0,3
336,711,361,3,0
337,653,336,1,2
337,685,312,0,3
337,711,362,3,0
338,632,339,2,1
338,653,337,1,2
338,665,339,2,1
338,711,363,3,0
339,653,338,1,2
339,711,364,3,0
340,653,339,1,2
340,656,341,2,1
340,688,341,2,1
340,711,365,3,0
341,653,340,1,2
341,711,366,3,0
342,711,341,1,2
343,653,344,2,1
343,684,368,3,0
343,693,318,0,3
343,711,368,3,0
344,653,345,2,1
344,711,369,3,0
345,633,320,0,3
345,640,370,3,0
345,653,346,2,1
345,658,370,3,0
345,661,370,3,0
345,689,370,3,0
345,696,370,3,0
345,698,320,0,3
345,710,370,3,0
345,711,370,3,0
346,653,347,2,1
346,685,345,1,2
346,711,371,3,0
347,653,348,2,1
347,685,322,0,3
347,711,372,3,0
348,653,323,0,3
348,685,323,0,3
348,711,373,3,0
349,653,324,0,3
349,685,348,1,2
349,711,348,1,2
350,627,351,1,1
350,636,351,1,1
350,644,351,1,1
350,652,351,1,1
350,653,325,0,2
350,657,351,1,1
350,679,351,1,1
350,697,351,1,1
350,702,351,1,1
350,708,351,1,1
350,711,374,3,2
350,722,351,1,1
351,653,326,0,3
351,711,350,1,1
352,653,327,0,3
352,711,351,1,2
353,628,354,2,1
353,635,354,2,1
353,643,354,2,1
353,650,354,2,1
353,653,354,2,1
353,678,354,2,1
353,695,354,2,1
353,711,352,1,2
353,719,354,2,1
354,711,355,2,1
355,653,330,0,3
355,668,330,0,3
355,681,330,0,3
355,690,330,0,3
355,711,356,2,1
356,653,331,0,3
356,711,357,2,1
357,653,332,0,3
357,711,358,2,1
358,653,333,0,3
358,685,359,2,1
358,711,359,2,1
359,653,334,0,3
359,685,360,2,1
359,711,360,2,1
360,653,335,0,3
360,685,335,0,3
360,711,385,3,0
361,653,360,1,2
361,685,336,0,3
361,711,386,3,0
362,653,361,1,2
362,685,337,0,3
362,711,387,3,0
363,632,364,2,1
363,653,362,1,2
363,665,364,2,1
363,711,388,3,0
364,653,363,1,2
364,711,389,3,0
365,653,364,1,2
365,656,366,2,1
365,688,366,2,1
365,711,390,3,0
366,653,365,1,2
366,711,391,3,0
367,711,366,1,2
368,653,369,2,1
368,684,393,3,0
368,693,343,0,3
368,711,393,3,0
369,653,370,2,1
369,711,394,3,0
370,633,345,0,3
370,640,395,3,0
370,653,371,2,1
370,661,395,3,0
370,689,395,3,0
370,696,395,3,0
370,698,345,0,3
370,710,395,3,0
370,711,395,3,0
371,653,372,2,1
371,685,370,1,2
371,711,396,3,0
372,653,373,2,1
372,685,347,0,3
372,711,397,3,0
373,653,348,0,3
373,685,348,0,3
373,711,398,3,0
374,653,349,0,3
374,685,373,1,2
374,711,373,1,2
375,627,376,1,1
375,636,376,1,1
375,652,376,1,1
375,653,350,0,2
375,657,376,1,1
375,679,376,1,1
375,685,376,1,1
375,697,376,1,1
375,702,376,1,1
375,708,376,1,1
375,711,399,3,2
375,722,376,1,1
376,653,351,0,3
376,711,375,1,1
377,653,352,0,3
377,711,376,1,2
378,626,379,2,1
378,635,379,2,1
378,643,379,2,1
378,650,379,2,1
378,653,379,2,1
378,678,379,2,1
378,695,379,2,1
378,711,377,1,2
378,719,379,2,1
379,711,380,2,1
380,653,355,0,3
380,668,355,0,3
380,681,355,0,3
380,690,355,0,3
380,711,381,2,1
381,653,356,0,3
381,711,382,2,1
382,653,357,0,3
382,711,383,2,1
383,653,358,0,3
383,685,384,2,1
383,711,384,2,1
384,653,359,0,3
384,685,385,2,1
384,711,385,2,1
385,653,360,0,3
385,711,386,2,1
386,653,385,1,2
386,685,361,0,3
386,711,387,2,1
387,653,386,1,2
387,685,362,0,3
387,711,388,2,1
388,632,389,2,1
388,653,387,1,2
388,665,389,2,1
388,711,389,2,1
389,653,388,1,2
389,711,390,2,1
390,653,389,1,2
390,688,391,2,1
390,711,391,2,1
391,653,390,1,2
391,711,711,90,0
392,711,391,1,2
393,653,394,2,1
393,693,418,3,0
393,711,392,1,2
394,653,395,2,1
394,711,393,1,2
395,633,370,0,3
395,640,420,3,0
395,653,396,2,1
395,658,370,0,3
395,661,420,3,0
395,689,420,3,0
395,696,420,3,0
395,698,370,0,3
395,711,394,1,2
396,653,397,2,1
396,685,395,1,2
396,711,395,1,2
397,653,398,2,1
397,685,372,0,3
397,711,396,1,2
398,653,373,0,3
398,711,397,1,2
399,653,374,0,3
399,685,398,1,2
399,711,398,1,2
400,627,401,1,1
400,636,401,1,1
400,644,401,1,1
400,652,401,1,1
400,653,375,0,2
400,657,401,1,1
400,679,401,1,1
400,685,401,1,1
400,697,401,1,1
400,702,401,1,1
400,708,401,1,1
400,711,424,3,2
400,722,401,1,1
401,653,376,0,3
401,711,400,1,1
402,653,377,0,3
402,711,401,1,2
403,626,404,2,1
403,628,404,2,1
403,635,404,2,1
403,643,404,2,1
403,650,404,2,1
403,653,404,2,1
403,695,404,2,1
403,711,402,1,2
403,719,404,2,1
404,711,405,2,1
405,653,380,0,3
405,668,380,0,3
405,681,380,0,3
405,690,430,3,0
405,711,406,2,1
406,653,381,0,3
406,711,407,2,1
407,653,382,0,3
407,711,408,2,1
408,653,383,0,3
408,685,409,2,1
408,711,409,2,1
409,653,384,0,3
409,685,410,2,1
409,711,410,2,1
410,653,385,0,3
410,711,385,0,3
411,653,410,1,2
411,685,386,0,3
411,711,386,0,3
412,653,411,1,2
412,685,387,0,3
412,711,387,0,3
413,632,414,2,1
413,653,412,1,2
413,665,414,2,1
413,711,388,0,3
414,653,413,1,2
414,711,389,0,3
415,653,414,1,2
415,656,416,2,1
415,711,390,0,3
416,653,415,1,2
416,711,391,0,3
417,711,416,1,2
418,653,419,2,1
418,684,393,0,3
418,693,443,3,0
418,711,393,0,3
419,653,420,2,1
419,711,394,0,3
420,633,395,0,3
420,640,445,3,0
420,653,421,2,1
420,658,395,0,3
420,661,445,3,0
420,689,445,3,0
420,698,395,0,3
420,710,395,0,3
420,711,395,0,3
421,653,422,2,1
421,685,420,1,2
421,711,396,0,3
422,653,423,2,1
422,685,397,0,3
422,711,397,0,3
423,653,398,0,3
423,711,398,0,3
424,653,399,0,3
424,685,423,1,2
424,711,423,1,2
425,627,426,1,1
425,636,426,1,1
425,644,426,1,1
425,652,426,1,1
425,653,400,0,2
425,657,426,1,1
425,679,426,1,1
425,685,426,1,1
425,697,426,1,1
425,702,426,1,1
425,708,426,1,1
425,711,449,3,2
425,722,426,1,1
426,653,401,0,3
426,711,425,1,1
427,653,402,0,3
427,711,426,1,2
428,626,429,2,1
428,628,429,2,1
428,635,429,2,1
428,643,429,2,1
428,650,429,2,1
428,653,429,2,1
428,678,429,2,1
428,695,429,2,1
428,711,427,1,2
428,719,429,2,1
429,711,430,2,1
430,653,405,0,3
430,668,405,0,3
430,681,405,0,3
430,690,455,3,0
430,711,431,2,1
431,653,406,0,3
431,711,432,2,1
432,653,407,0,3
432,711,433,2,1
433,653,408,0,3
433,685,434,2,1
433,711,434,2,1
434,653,409,0,3
434,685,435,2,1
434,711,435,2,1
435,653,410,0,3
435,711,410,0,3
436,653,435,1,2
436,685,411,0,3
436,711,411,0,3
437,653,436,1,2
437,685,412,0,3
437,711,412,0,3
438,632,439,2,1
438,653,437,1,2
438,665,439,2,1
438,711,413,0,3
439,653,438,1,2
439,711,414,0,3
440,653,439,1,2
440,656,441,2,1
440,688,441,2,1
440,711,415,0,3
441,653,440,1,2
441,711,416,0,3
442,711,441,1,2
443,653,444,2,1
443,684,418,0,3
443,693,468,3,0
443,711,418,0,3
444,653,445,2,1
444,711,419,0,3
445,633,420,0,3
445,640,470,3,0
445,653,446,2,1
445,658,420,0,3
445,661,470,3,0
445,689,470,3,0
445,696,420,0,3
445,698,420,0,3
445,710,420,0,3
445,711,420,0,3
446,653,447,2,1
446,685,445,1,2
446,711,421,0,3
447,653,448,2,1
447,685,422,0,3
447,711,422,0,3
448,653,423,0,3
448,711,423,0,3
449,653,424,0,3
449,685,448,1,2
449,711,448,1,2
450,627,451,1,1
450,636,451,1,1
450,644,451,1,1
450,652,451,1,1
450,653,425,0,2
450,657,451,1,1
450,679,451,1,1
450,685,451,1,1
450,697,451,1,1
450,702,451,1,1
450,708,451,1,1
450,711,474,3,2
450,722,451,1,1
451,653,426,0,3
451,711,450,1,1
452,653,427,0,3
452,711,451,1,2
453,626,454,2,1
453,628,454,2,1
453,635,454,2,1
453,643,454,2,1
453,650,454,2,1
453,653,454,2,1
453,678,454,2,1
453,695,454,2,1
453,711,452,1,2
453,719,454,2,1
454,711,455,2,1
455,653,430,0,3
455,668,430,0,3
455,681,430,0,3
455,690,480,3,0
455,711,456,2,1
456,653,431,0,3
456,711,457,2,1
457,653,432,0,3
457,711,458,2,1
458,653,433,0,3
458,685,459,2,1
458,711,459,2,1
459,653,434,0,3
459,685,460,2,1
459,711,460,2,1
460,653,435,0,3
460,711,435,0,3
461,653,460,1,2
461,685,436,0,3
461,711,436,0,3
462,653,461,1,2
462,685,437,0,3
462,711,437,0,3
463,632,464,2,1
463,653,462,1,2
463,665,464,2,1
463,711,438,0,3
464,653,463,1,2
464,711,439,0,3
465,653,464,1,2
465,656,466,2,1
465,688,466,2,1
465,711,440,0,3
466,653,465,1,2
466,711,441,0,3
467,711,466,1,2
468,653,469,2,1
468,684,443,0,3
468,693,493,3,0
468,711,443,0,3
469,653,470,2,1
469,711,444,0,3
470,633,445,0,3
470,640,495,3,0
470,653,471,2,1
470,658,445,0,3
470,661,495,3,0
470,689,495,3,0
470,696,445,0,3
470,698,445,0,3
470,710,445,0,3
470,711,445,0,3
471,653,472,2,1
471,685,470,1,2
471,711,446,0,3
472,653,473,2,1
472,685,447,0,3
472,711,447,0,3
473,653,448,0,3
473,711,448,0,3
474,653,449,0,3
474,685,473,1,2
474,711,473,1,2
475,627,476,1,1
475,636,476,1,1
475,644,476,1,1
475,652,476,1,1
475,653,500,2,0
475,657,476,1,1
475,679,476,1,1
475,685,476,1,1
475,697,476,1,1
475,702,476,1,1
475,708,476,1,1
475,711,499,3,2
475,722,476,1,1
476,653,501,3,0
476,711,475,1,1
477,653,502,3,0
477,711,476,1,2
478,626,479,2,1
478,628,479,2,1
478,635,479,2,1
478,643,479,2,1
478,650,479,2,1
478,653,479,2,1
478,678,479,2,1
478,695,479,2,1
478,711,477,1,2
478,719,479,2,1
479,711,480,2,1
480,653,505,3,0
480,668,505,3,0
480,681,455,0,3
480,690,505,3,0
480,711,481,2,1
481,653,506,3,0
481,711,482,2,1
482,653,507,3,0
482,711,483,2,1
483,653,508,3,0
483,685,484,2,1
483,711,484,2,1
484,653,509,3,0
484,685,485,2,1
484,711,485,2,1
485,711,460,0,3
486,653,485,1,2
486,685,461,0,3
486,711,461,0,3
487,653,486,1,2
487,685,462,0,3
487,711,462,0,3
488,632,489,2,1
488,653,487,1,2
488,665,489,2,1
488,711,463,0,3
489,653,488,1,2
489,711,464,0,3
490,653,489,1,2
490,656,491,2,1
490,688,491,2,1
490,711,465,0,3
491,653,490,1,2
491,711,466,0,3
492,711,491,1,2
493,653,494,2,1
493,684,468,0,3
493,693,518,3,0
493,711,468,0,3
494,653,495,2,1
494,711,469,0,3
495,633,520,3,0
495,640,520,3,0
495,653,496,2,1
495,658,470,0,3
495,661,520,3,0
495,689,520,3,0
495,696,470,0,3
495,698,470,0,3
495,710,470,0,3
495,711,470,0,3
496,653,497,2,1
496,685,495,1,2
496,711,471,0,3
497,653,498,2,1
497,685,472,0,3
497,711,472,0,3
498,711,473,0,3
499,653,524,3,0
499,685,498,1,2
499,711,498,1,2
500,627,501,1,1
500,636,501,1,1
500,644,501,1,1
500,652,501,1,1
500,653,525,2,0
500,657,501,1,1
500,679,501,1,1
500,685,501,1,1
500,697,501,1,1
500,702,501,1,1
500,708,501,1,1
500,711,524,3,2
500,722,501,1,1
501,653,526,3,0
501,711,500,1,1
502,653,527,3,0
502,711,501,1,2
503,626,504,2,1
503,628,504,2,1
503,635,504,2,1
503,643,504,2,1
503,650,504,2,1
503,653,504,2,1
503,678,504,2,1
503,695,504,2,1
503,711,502,1,2
503,719,504,2,1
504,711,505,2,1
505,653,530,3,0
505,668,530,3,0
505,681,480,0,3
505,690,530,3,0
505,711,506,2,1
506,653,531,3,0
506,711,507,2,1
507,653,532,3,0
507,711,508,2,1
508,653,533,3,0
508,685,509,2,1
508,711,509,2,1
509,653,534,3,0
509,685,510,2,1
509,711,510,2,1
510,653,535,3,0
510,711,485,0,3
511,653,510,1,2
511,685,486,0,3
511,711,486,0,3
512,653,511,1,2
512,685,487,0,3
512,711,487,0,3
513,632,514,2,1
513,653,512,1,2
513,665,514,2,1
513,711,488,0,3
514,653,513,1,2
514,711,489,0,3
515,653,514,1,2
515,656,516,2,1
515,688,516,2,1
515,711,490,0,3
516,653,515,1,2
516,711,491,0,3
517,711,516,1,2
518,653,519,2,1
518,684,493,0,3
518,693,543,3,0
518,711,493,0,3
519,653,520,2,1
519,711,494,0,3
520,633,545,3,0
520,640,545,3,0
520,653,521,2,1
520,658,495,0,3
520,661,545,3,0
520,689,545,3,0
520,696,495,0,3
520,698,545,3,0
520,710,495,0,3
520,711,495,0,3
521,653,522,2,1
521,685,520,1,2
521,711,496,0,3
522,653,523,2,1
522,685,497,0,3
522,711,497,0,3
523,653,548,3,0
523,711,498,0,3
524,653,549,3,0
524,685,523,1,2
524,711,523,1,2
525,627,526,1,1
525,636,526,1,1
525,644,526,1,1
525,652,526,1,1
525,653,550,2,0
525,657,526,1,1
525,679,526,1,1
525,685,526,1,1
525,697,526,1,1
525,702,526,1,1
525,708,526,1,1
525,711,549,3,2
525,722,526,1,1
526,653,551,3,0
526,711,525,1,1
527,653,552,3,0
527,711,526,1,2
528,626,529,2,1
528,628,529,2,1
528,635,529,2,1
528,643,529,2,1
528,650,529,2,1
528,653,529,2,1
528,678,529,2,1
528,695,529,2,1
528,711,527,1,2
528,719,529,2,1
529,711,530,2,1
530,653,555,3,0
530,668,555,3,0
530,681,505,0,3
530,690,555,3,0
530,711,531,2,1
531,653,556,3,0
531,711,532,2,1
532,653,557,3,0
532,711,533,2,1
533,653,558,3,0
533,685,534,2,1
533,711,534,2,1
534,653,559,3,0
534,685,535,2,1
534,711,535,2,1
535,653,560,3,0
535,685,560,3,0
535,711,510,0,3
536,653,535,1,2
536,685,561,3,0
536,711,511,0,3
537,653,536,1,2
537,685,562,3,0
537,711,512,0,3
538,632,539,2,1
538,653,537,1,2
538,665,539,2,1
538,711,513,0,3
539,653,538,1,2
539,711,514,0,3
540,653,539,1,2
540,656,541,2,1
540,688,541,2,1
540,711,515,0,3
541,653,540,1,2
541,711,516,0,3
542,711,541,1,2
543,653,544,2,1
543,684,518,0,3
543,693,568,3,0
543,711,518,0,3
544,653,545,2,1
544,711,519,0,3
545,633,570,3,0
545,640,570,3,0
545,653,546,2,1
545,658,520,0,3
545,661,570,3,0
545,689,570,3,0
545,696,520,0,3
545,698,570,3,0
545,710,520,0,3
545,711,520,0,3
546,653,547,2,1
546,685,545,1,2
546,711,521,0,3
547,653,548,2,1
547,685,572,3,0
547,711,522,0,3
548,653,573,3,0
548,685,573,3,0
548,711,523,0,3
549,653,574,3,0
549,685,548,1,2
549,711,548,1,2
550,627,551,1,1
550,636,551,1,1
550,644,551,1,1
550,652,551,1,1
550,653,575,2,0
550,657,551,1,1
550,679,551,1,1
550,685,551,1,1
550,697,551,1,1
550,702,551,1,1
550,708,551,1,1
550,711,574,3,2
550,722,551,1,1
551,653,576,3,0
551,711,550,1,1
552,653,577,3,0
552,711,551,1,2
553,626,554,2,1
553,628,554,2,1
553,635,554,2,1
553,643,554,2,1
553,650,554,2,1
553,653,554,2,1
553,678,554,2,1
553,695,554,2,1
553,711,552,1,2
553,719,554,2,1
554,711,555,2,1
555,653,580,3,0
555,668,580,3,0
555,681,530,0,3
555,690,580,3,0
555,711,556,2,1
556,653,581,3,0
556,711,557,2,1
557,653,582,3,0
557,711,558,2,1
558,653,583,3,0
558,685,559,2,1
558,711,559,2,1
559,653,584,3,0
559,685,560,2,1
559,711,560,2,1
560,653,585,3,0
560,685,585,3,0
560,711,535,0,3
561,653,560,1,2
561,685,586,3,0
561,711,536,0,3
562,653,561,1,2
562,685,587,3,0
562,711,537,0,3
563,632,564,2,1
563,653,562,1,2
563,665,564,2,1
563,711,538,0,3
564,653,563,1,2
564,711,539,0,3
565,653,564,1,2
565,656,566,2,1
565,688,566,2,1
565,711,540,0,3
566,653,565,1,2
566,711,541,0,3
567,711,566,1,2
568,653,569,2,1
568,684,543,0,3
568,693,593,3,0
568,711,543,0,3
569,653,570,2,1
569,711,544,0,3
570,633,595,3,0
570,640,595,3,0
570,653,571,2,1
570,658,545,0,3
570,661,595,3,0
570,689,595,3,0
570,696,545,0,3
570,698,595,3,0
570,710,545,0,3
570,711,545,0,3
571,653,572,2,1
571,685,570,1,2
571,711,546,0,3
572,653,573,2,1
572,685,597,3,0
572,711,547,0,3
573,653,598,3,0
573,685,598,3,0
573,711,548,0,3
574,653,599,3,0
574,685,573,1,2
574,711,573,1,2
575,627,576,1,1
575,636,576,1,1
575,644,576,1,1
575,652,576,1,1
575,653,600,2,0
575,657,576,1,1
575,679,576,1,1
575,685,576,1,1
575,697,576,1,1
575,702,576,1,1
575,708,576,1,1
575,711,599,3,2
575,722,576,1,1
576,653,601,3,0
576,711,575,1,1
577,653,602,3,0
577,711,576,1,2
578,626,579,2,1
578,628,579,2,1
578,635,579,2,1
578,643,579,2,1
578,650,579,2,1
578,653,579,2,1
578,678,579,2,1
578,695,579,2,1
578,711,577,1,2
578,719,579,2,1
579,711,580,2,1
580,653,605,3,0
580,668,605,3,0
580,681,555,0,3
580,690,605,3,0
580,711,581,2,1
581,653,606,3,0
581,711,582,2,1
582,653,607,3,0
582,711,583,2,1
583,653,608,3,0
583,685,584,2,1
583,711,584,2,1
584,653,609,3,0
584,685,585,2,1
584,711,585,2,1
585,653,610,3,0
585,685,610,3,0
585,711,560,0,3
586,653,585,1,2
586,685,611,3,0
586,711,561,0,3
587,653,586,1,2
587,685,612,3,0
587,711,562,0,3
588,632,589,2,1
588,653,587,1,2
588,665,589,2,1
588,711,563,0,3
589,653,588,1,2
589,711,564,0,3
590,653,589,1,2
590,656,591,2,1
590,688,591,2,1
590,711,565,0,3
591,653,590,1,2
591,711,566,0,3
592,711,591,1,2
593,653,594,2,1
593,684,568,0,3
593,693,618,3,0
593,711,568,0,3
594,653,595,2,1
594,711,569,0,3
595,633,620,3,0
595,640,620,3,0
595,653,596,2,1
595,658,570,0,3
595,661,620,3,0
595,696,570,0,3
595,698,620,3,0
595,710,570,0,3
595,711,570,0,3
596,653,597,2,1
596,685,595,1,2
596,711,571,0,3
597,653,598,2,1
597,685,622,3,0
597,711,572,0,3
598,653,623,3,0
598,685,623,3,0
598,711,573,0,3
599,653,624,3,0
599,685,598,1,2
599,711,598,1,2
600,636,601,1,1
600,644,601,1,1
600,652,601,1,1
600,653,0,2,3
600,679,601,1,1
600,685,601,1,1
600,697,601,1,1
600,702,601,1,1
600,708,601,1,1
600,711,624,3,2
600,722,601,1,1
601,653,1,3,3
601,711,600,1,1
602,653,2,3,3
602,711,601,1,2
603,626,604,2,1
603,628,604,2,1
603,635,604,2,1
603,643,604,2,1
603,650,604,2,1
603,653,604,2,1
603,678,604,2,1
603,695,604,2,1
603,711,602,1,2
603,719,604,2,1
604,711,605,2,1
605,653,5,3,3
605,668,5,3,3
605,681,5,3,3
605,690,5,3,3
605,711,606,2,1
606,653,6,3,3
606,711,607,2,1
607,653,7,3,3
607,711,608,2,1
608,653,8,3,3
608,685,609,2,1
608,711,609,2,1
609,653,9,3,3
609,685,610,2,1
609,711,610,2,1
610,653,10,3,3
610,685,10,3,3
610,711,585,0,3
611,653,610,1,2
611,685,11,3,3
611,711,586,0,3
612,653,611,1,2
612,685,12,3,3
612,711,587,0,3
613,632,614,2,1
613,653,612,1,2
613,665,614,2,1
613,711,588,0,3
614,653,613,1,2
614,711,589,0,3
615,653,614,1,2
615,656,616,2,1
615,688,616,2,1
615,711,590,0,3
616,653,615,1,2
616,711,591,0,3
617,711,616,1,2
618,653,619,2,1
618,684,593,0,3
618,693,18,3,3
618,711,593,0,3
619,653,620,2,1
619,711,594,0,3
620,633,20,3,3
620,640,20,3,3
620,653,621,2,1
620,658,595,0,3
620,661,20,3,3
620,689,595,0,3
620,696,595,0,3
620,698,20,3,3
620,710,595,0,3
620,711,595,0,3
621,653,622,2,1
621,685,620,1,2
621,711,596,0,3
622,653,623,2,1
622,685,22,3,3
622,711,597,0,3
623,653,23,3,3
623,685,23,3,3
623,711,598,0,3
624,653,24,3,3
624,685,623,1,2
624,711,623,1,2
653,625,155,0,32
653,626,155,0,32
653,627,155,0,32
653,628,155,0,32
653,629,155,0,32
653,630,155,0,32
653,631,155,0,32
653,632,155,0,32
653,633,155,0,32
653,634,155,0,32
653,635,155,0,32
653,636,155,0,32
653,637,155,0,32
653,638,155,0,32
653,639,155,0,32
653,640,155,0,32
653,641,155,0,32
653,642,155,0,32
653,643,155,0,32
653,644,155,0,32
653,645,155,0,32
653,646,155,0,32
653,647,155,0,32
653,648,155,0,32
653,649,155,0,32
653,650,155,0,32
653,651,155,0,32
653,652,155,0,32
653,654,155,0,32
653,655,155,0,32
653,656,155,0,32
653,657,155,0,32
653,658,155,0,32
653,659,155,0,32
653,660,155,0,32
653,661,155,0,32
653,662,155,0,32
653,663,155,0,32
653,664,155,0,32
653,665,155,0,32
653,666,155,0,32
653,667,155,0,32
653,668,155,0,32
653,669,155,0,32
653,670,155,0,32
653,671,155,0,32
653,672,155,0,32
653,673,155,0,32
653,674,155,0,32
653,675,155,0,32
653,676,155,0,32
653,677,155,0,32
653,678,155,0,32
653,679,155,0,32
653,680,155,0,32
653,681,155,0,32
653,682,155,0,32
653,683,155,0,32
653,684,155,0,32
653,685,155,0,32
653,686,155,0,32
653,687,155,0,32
653,688,155,0,32
653,689,155,0,32
653,690,155,0,32
653,691,155,0,32
653,692,155,0,32
653,693,155,0,32
653,694,155,0,32
653,695,155,0,32
653,696,155,0,32
653,697,155,0,32
653,698,155,0,32
653,699,155,0,32
653,700,155,0,32
653,701,155,0,32
653,702,155,0,32
653,703,155,0,32
653,704,155,0,32
653,705,155,0,32
653,706,155,0,32
653,707,155,0,32
653,708,155,0,32
653,709,155,0,32
653,710,155,0,32
653,711,155,0,32
653,712,155,0,32
653,713,155,0,32
653,714,155,0,32
653,715,155,0,32
653,716,155,0,32
653,717,155,0,32
653,718,155,0,32
653,719,155,0,32
653,720,155,0,32
653,721,155,0,32
653,722,155,0,32
653,723,155,0,32
653,724,155,0,32
685,625,212,0,64
685,626,212,0,64
685,627,212,0,64
685,628,212,0,64
685,629,212,0,64
685,630,212,0,64
685,631,212,0,64
685,632,212,0,64
685,633,212,0,64
685,634,212,0,64
685,635,212,0,64
685,636,212,0,64
685,637,212,0,64
685,638,212,0,64
685,639,212,0,64
685,640,212,0,64
685,641,212,0,64
685,642,212,0,64
685,643,212,0,64
685,644,212,0,64
685,645,212,0,64
685,646,212,0,64
685,647,212,0,64
685,648,212,0,64
685,649,212,0,64
685,650,212,0,64
685,651,212,0,64
685,652,212,0,64
685,653,212,0,64
685,654,212,0,64
685,655,212,0,64
685,656,212,0,64
685,657,212,0,64
685,658,212,0,64
685,659,212,0,64
685,660,212,0,64
685,661,212,0,64
685,662,212,0,64
685,663,212,0,64
685,664,212,0,64
685,665,212,0,64
685,666,212,0,64
685,667,212,0,64
685,668,212,0,64
685,669,212,0,64
685,670,212,0,64
685,671,212,0,64
685,672,212,0,64
685,673,212,0,64
685,674,212,0,64
685,675,212,0,64
685,676,212,0,64
685,677,212,0,64
685,678,212,0,64
685,679,212,0,64
685,680,212,0,64
685,681,212,0,64
685,682,212,0,64
685,683,212,0,64
685,684,212,0,64
685,686,212,0,64
685,687,212,0,64
685,688,212,0,64
685,689,212,0,64
685,690,212,0,64
685,691,212,0,64
685,692,212,0,64
685,693,212,0,64
685,694,212,0,64
685,695,212,0,64
685,696,212,0,64
685,697,212,0,64
685,698,212,0,64
685,699,212,0,64
685,700,212,0,64
685,701,212,0,64
685,702,212,0,64
685,703,212,0,64
685,704,212,0,64
685,705,212,0,64
685,706,212,0,64
685,707,212,0,64
685,708,212,0,64
685,709,212,0,64
685,710,212,0,64
685,711,212,0,64
685,712,212,0,64
685,713,212,0,64
685,714,212,0,64
685,715,212,0,64
685,716,212,0,64
685,717,212,0,64
685,718,212,0,64
685,719,212,0,64
685,720,212,0,64
685,721,212,0,64
685,722,212,0,64
685,723,212,0,64
685,724,212,0,64
711,625,391,0,90
711,626,391,0,90
711,627,391,0,90
711,628,391,0,90
711,629,391,0,90
711,630,391,0,90
711,631,391,0,90
711,632,391,0,90
711,633,391,0,90
711,634,391,0,90
711,635,391,0,90
711,636,391,0,90
711,637,391,0,90
711,638,391,0,90
711,639,391,0,90
711,640,391,0,90
711,641,391,0,90
711,642,391,0,90
711,643,391,0,90
711,644,391,0,90
711,645,391,0,90
711,646,391,0,90
711,647,391,0,90
711,648,391,0,90
711,649,391,0,90
711,650,391,0,90
711,651,391,0,90
711,652,391,0,90
711,653,391,0,90
711,654,391,0,90
711,655,391,0,90
711,656,391,0,90
711,657,391,0,90
711,658,391,0,90
711,659,391,0,90
711,660,391,0,90
711,661,391,0,90
711,662,391,0,90
711,663,391,0,90
711,664,391,0,90
711,665,391,0,90
711,666,391,0,90
711,667,391,0,90
711,668,391,0,90
711,669,391,0,90
711,670,391,0,90
711,671,391,0,90
711,672,391,0,90
711,673,391,0,90
711,674,391,0,90
711,675,391,0,90
711,676,391,0,90
711,677,391,0,90
711,678,391,0,90
711,679,391,0,90
711,680,391,0,90
711,681,391,0,90
711,682,391,0,90
711,683,391,0,90
711,684,391,0,90
711,685,391,0,90
711,686,391,0,90
711,687,391,0,90
711,688,391,0,90
711,689,391,0,90
711,690,391,0,90
711,691,391,0,90
711,692,391,0,90
711,693,391,0,90
711,694,391,0,90
711,695,391,0,90
711,696,391,0,90
711,697,391,0,90
711,698,391,0,90
711,699,391,0,90
711,700,391,0,90
711,701,391,0,90
711,702,391,0,90
711,703,391,0,90
711,704,391,0,90
711,705,391,0,90
711,706,391,0,90
711,707,391,0,90
711,708,391,0,90
711,709,391,0,90
711,710,391,0,90
711,712,391,0,90
711,713,391,0,90
711,714,391,0,90
711,715,391,0,90
711,716,391,0,90
711,717,391,0,90
711,718,391,0,90
711,719,391,0,90
711,720,391,0,90
711,721,391,0,90
711,722,391,0,90
711,723,391,0,90
711,724,391,0,90
