2,723,602,3,3
3,639,28,2,0
3,723,603,3,3
3,724,4,1,0
4,639,29,2,0
4,689,5,1,0
4,723,604,3,3
4,724,5,1,0
5,639,30,2,0
5,689,6,1,0
5,723,605,3,3
5,724,6,1,0
6,639,31,2,0
6,689,606,3,3
6,723,606,3,3
6,724,31,2,0
7,639,6,0,1
7,689,607,3,3
7,692,6,0,1
7,723,6,0,1
7,724,32,2,0
8,639,7,0,1
8,689,608,3,3
8,692,7,0,1
8,723,7,0,1
8,724,33,2,0
9,639,8,0,1
9,689,609,3,3
9,723,8,0,1
9,724,34,2,0
10,639,9,0,1
10,660,9,0,1
10,723,9,0,1
10,724,35,2,0
11,723,10,0,1
15,639,16,1,0
15,723,16,1,0
16,639,17,1,0
16,660,15,0,1
16,723,17,1,0
16,724,41,2,0
17,639,18,1,0
17,689,617,3,3
17,723,18,1,0
17,724,42,2,0
18,639,19,1,0
18,689,618,3,3
18,692,17,0,1
18,723,19,1,0
18,724,43,2,0
19,639,44,2,0
19,689,619,3,3
19,723,619,3,3
19,724,44,2,0
20,639,45,2,0
20,689,19,0,1
20,692,21,1,0
20,723,620,3,3
20,724,19,0,1
21,639,46,2,0
21,689,20,0,1
21,723,621,3,3
21,724,20,0,1
22,639,47,2,0
22,660,23,1,0
22,723,622,3,3
22,724,21,0,1
23,639,48,2,0
23,723,623,3,3
27,723,2,0,2
28,639,53,3,0
28,723,3,0,2
28,724,29,2,1
29,639,54,3,0
29,689,30,2,1
29,723,4,0,2
29,724,30,2,1
30,639,55,3,0
30,689,31,2,1
30,723,5,0,2
30,724,31,2,1
31,639,56,3,0
31,689,6,0,2
31,692,56,3,0
31,723,6,0,2
31,724,56,3,0
32,639,31,1,2
32,689,7,0,2
32,692,31,1,2
32,723,31,1,2
32,724,57,3,0
33,639,32,1,2
33,689,8,0,2
33,692,32,1,2
33,723,32,1,2
33,724,58,3,0
34,639,33,1,2
34,689,9,0,2
34,723,33,1,2
34,724,59,3,0
35,639,34,1,2
35,660,34,1,2
35,723,34,1,2
35,724,60,3,0
36,723,35,1,2
40,639,41,2,1
40,723,41,2,1
41,639,42,2,1
41,660,40,1,2
41,723,42,2,1
41,724,66,3,0
42,639,43,2,1
42,689,17,0,2
42,723,43,2,1
42,724,67,3,0
43,639,44,2,1
43,689,18,0,2
43,723,44,2,1
43,724,68,3,0
44,639,69,3,0
44,689,19,0,2
44,692,69,3,0
44,723,19,0,2
44,724,69,3,0
45,639,70,3,0
45,689,44,1,2
45,692,46,2,1
45,723,20,0,2
45,724,44,1,2
46,639,71,3,0
46,689,45,1,2
46,723,21,0,2
46,724,45,1,2
47,639,72,3,0
47,660,48,2,1
47,723,22,0,2
47,724,46,1,2
48,639,73,3,0
48,723,23,0,2
52,723,27,0,3
53,639,78,3,0
53,723,28,0,3
53,724,54,2,1
54,639,79,3,0
54,689,55,2,1
54,723,29,0,3
54,724,55,2,1
55,639,80,3,0
55,689,56,2,1
55,723,30,0,3
55,724,56,2,1
56,639,81,3,0
56,689,31,0,3
56,692,81,3,0
56,723,31,0,3
57,639,56,1,2
57,689,32,0,3
57,692,56,1,2
57,723,56,1,2
57,724,82,3,0
58,639,57,1,2
58,689,33,0,3
58,692,57,1,2
58,723,57,1,2
58,724,83,3,0
59,639,58,1,2
59,689,34,0,3
59,723,58,1,2
59,724,84,3,0
60,639,59,1,2
60,660,59,1,2
60,723,59,1,2
60,724,85,3,0
61,723,60,1,2
65,639,66,2,1
65,723,66,2,1
66,639,67,2,1
66,660,65,1,2
66,723,67,2,1
66,724,91,3,0
67,639,68,2,1
67,689,42,0,3
67,723,68,2,1
67,724,92,3,0
68,639,69,2,1
68,689,43,0,3
68,692,67,1,2
68,723,69,2,1
68,724,93,3,0
69,639,94,3,0
69,689,44,0,3
69,692,94,3,0
69,723,44,0,3
70,639,95,3,0
70,689,69,1,2
70,692,71,2,1
70,723,45,0,3
70,724,69,1,2
71,639,96,3,0
71,689,70,1,2
71,723,46,0,3
71,724,70,1,2
72,639,97,3,0
72,660,73,2,1
72,723,47,0,3
72,724,71,1,2
73,639,98,3,0
73,723,48,0,3
77,723,102,3,0
78,639,103,3,0
78,723,103,3,0
78,724,79,2,1
79,639,104,3,0
79,689,80,2,1
79,723,104,3,0
79,724,80,2,1
80,639,105,3,0
80,689,81,2,1
80,723,105,3,0
80,724,81,2,1
81,639,106,3,0
81,689,56,0,3
81,692,106,3,0
82,639,81,1,2
82,689,57,0,3
82,692,81,1,2
82,723,81,1,2
82,724,107,3,0
83,639,82,1,2
83,689,58,0,3
83,692,82,1,2
83,723,82,1,2
83,724,108,3,0
84,639,83,1,2
84,689,59,0,3
84,723,83,1,2
84,724,109,3,0
85,639,84,1,2
85,660,84,1,2
85,723,84,1,2
85,724,110,3,0
86,723,85,1,2
90,639,91,2,1
90,723,91,2,1
91,639,92,2,1
91,660,90,1,2
91,723,92,2,1
91,724,116,3,0
92,639,93,2,1
92,689,67,0,3
92,723,93,2,1
92,724,117,3,0
93,639,94,2,1
93,689,68,0,3
93,692,92,1,2
93,723,94,2,1
93,724,118,3,0
94,639,119,3,0
94,689,69,0,3
94,692,119,3,0
95,639,120,3,0
95,689,94,1,2
95,692,96,2,1
95,723,120,3,0
95,724,94,1,2
96,639,121,3,0
96,689,95,1,2
96,723,121,3,0
96,724,95,1,2
97,639,122,3,0
97,660,98,2,1
97,723,122,3,0
97,724,96,1,2
98,639,123,3,0
98,723,123,3,0
102,723,127,3,0
103,639,128,3,0
103,723,128,3,0
103,724,104,2,1
104,639,129,3,0
104,689,105,2,1
104,723,129,3,0
104,724,105,2,1
105,639,130,3,0
105,689,106,2,1
105,723,130,3,0
105,724,106,2,1
106,689,81,0,3
106,692,692,71,0
107,639,106,1,2
107,689,82,0,3
107,692,106,1,2
107,723,106,1,2
107,724,132,3,0
108,639,107,1,2
108,689,83,0,3
108,692,107,1,2
108,723,107,1,2
108,724,133,3,0
109,639,108,1,2
109,689,84,0,3
109,723,108,1,2
109,724,134,3,0
110,639,109,1,2
110,660,109,1,2
110,723,109,1,2
110,724,135,3,0
111,723,110,1,2
115,639,116,2,1
115,723,116,2,1
116,639,117,2,1
116,660,115,1,2
116,723,117,2,1
116,724,141,3,0
117,639,118,2,1
117,689,92,0,3
117,723,118,2,1
117,724,142,3,0
118,639,119,2,1
118,689,93,0,3
118,692,117,1,2
118,723,119,2,1
118,724,143,3,0
119,689,94,0,3
119,692,120,2,1
120,639,145,3,0
120,689,119,1,2
120,692,121,2,1
120,723,145,3,0
120,724,119,1,2
121,639,146,3,0
121,689,120,1,2
121,723,146,3,0
121,724,120,1,2
122,639,147,3,0
122,660,123,2,1
122,723,147,3,0
122,724,121,1,2
123,639,148,3,0
123,723,148,3,0
127,723,152,3,0
128,639,153,3,0
128,723,153,3,0
128,724,129,2,1
129,639,154,3,0
129,689,130,2,1
129,723,154,3,0
129,724,130,2,1
130,639,155,3,0
130,689,131,2,1
130,723,155,3,0
130,724,131,2,1
131,660,106,0,3
131,689,106,0,3
131,723,156,3,0
131,724,132,2,1
132,639,131,1,2
132,660,107,0,3
132,689,107,0,3
132,692,131,1,2
132,723,131,1,2
132,724,133,2,1
133,639,132,1,2
133,660,108,0,3
133,689,108,0,3
133,692,132,1,2
133,723,132,1,2
133,724,134,2,1
134,639,133,1,2
134,660,109,0,3
134,689,109,0,3
134,723,133,1,2
134,724,135,2,1
135,639,134,1,2
135,660,134,1,2
135,723,134,1,2
135,724,724,103,0
136,723,135,1,2
140,639,141,2,1
140,723,141,2,1
141,639,142,2,1
141,660,140,1,2
141,723,142,2,1
141,724,140,1,2
142,639,143,2,1
142,660,117,0,3
142,689,117,0,3
142,723,143,2,1
142,724,141,1,2
143,639,144,2,1
143,660,118,0,3
143,689,118,0,3
143,692,142,1,2
143,723,144,2,1
143,724,142,1,2
144,660,119,0,3
144,689,119,0,3
144,723,169,3,0
144,724,143,1,2
145,639,170,3,0
145,689,144,1,2
145,692,146,2,1
145,723,170,3,0
145,724,144,1,2
146,639,171,3,0
146,689,145,1,2
146,723,171,3,0
146,724,145,1,2
147,639,172,3,0
147,660,148,2,1
147,723,172,3,0
147,724,146,1,2
148,639,173,3,0
148,723,173,3,0
152,723,177,3,0
153,639,152,1,2
153,723,178,3,0
153,724,154,2,1
154,639,153,1,2
154,689,155,2,1
154,723,179,3,0
154,724,155,2,1
155,639,154,1,2
155,689,156,2,1
155,723,180,3,0
155,724,156,2,1
156,633,157,2,1
156,639,155,1,2
156,723,181,3,0
156,724,131,0,3
157,633,158,2,1
157,639,156,1,2
157,689,132,0,3
157,692,156,1,2
157,723,156,1,2
157,724,132,0,3
158,633,159,2,1
158,639,157,1,2
158,689,133,0,3
158,692,157,1,2
158,723,157,1,2
158,724,133,0,3
159,633,633,12,0
159,639,158,1,2
159,689,134,0,3
159,723,158,1,2
159,724,134,0,3
160,639,159,1,2
160,660,159,1,2
160,723,159,1,2
160,724,135,0,3
161,723,160,1,2
165,639,166,2,1
165,723,166,2,1
166,639,167,2,1
166,660,165,1,2
166,723,167,2,1
166,724,141,0,3
167,633,166,1,2
167,639,168,2,1
167,689,142,0,3
167,723,168,2,1
167,724,142,0,3
168,633,167,1,2
168,639,169,2,1
168,689,143,0,3
168,692,167,1,2
168,723,169,2,1
168,724,143,0,3
169,633,168,1,2
169,639,170,2,1
169,723,194,3,0
169,724,144,0,3
170,639,171,2,1
170,689,169,1,2
170,692,171,2,1
170,723,195,3,0
170,724,169,1,2
171,639,172,2,1
171,689,170,1,2
171,723,196,3,0
171,724,170,1,2
172,639,173,2,1
172,660,173,2,1
172,723,197,3,0
172,724,171,1,2
173,639,639,18,0
173,723,198,3,0
177,723,202,3,0
178,639,153,0,3
178,723,203,3,0
178,724,179,2,1
179,639,154,0,3
179,689,180,2,1
179,723,204,3,0
179,724,180,2,1
180,639,155,0,3
180,689,181,2,1
180,723,205,3,0
180,724,181,2,1
181,633,156,0,3
181,639,156,0,3
181,723,206,3,0
181,724,156,0,3
182,633,157,0,3
182,639,181,1,2
182,689,157,0,3
182,692,181,1,2
182,723,181,1,2
182,724,157,0,3
183,633,158,0,3
183,639,182,1,2
183,689,158,0,3
183,692,182,1,2
183,723,182,1,2
183,724,158,0,3
184,633,159,0,3
184,639,183,1,2
184,689,159,0,3
184,723,183,1,2
184,724,159,0,3
185,639,184,1,2
185,660,184,1,2
185,723,184,1,2
185,724,160,0,3
186,723,185,1,2
190,639,191,2,1
190,723,191,2,1
191,639,192,2,1
191,660,190,1,2
191,723,192,2,1
191,724,166,0,3
192,633,167,0,3
192,639,193,2,1
192,689,167,0,3
192,723,193,2,1
192,724,167,0,3
193,633,168,0,3
193,639,194,2,1
193,689,168,0,3
193,692,192,1,2
193,723,194,2,1
193,724,168,0,3
194,633,169,0,3
194,639,169,0,3
194,723,219,3,0
194,724,169,0,3
195,639,170,0,3
195,689,194,1,2
195,692,196,2,1
195,723,220,3,0
195,724,194,1,2
196,639,171,0,3
196,689,195,1,2
196,723,221,3,0
196,724,195,1,2
197,639,172,0,3
197,660,198,2,1
197,723,222,3,0
197,724,196,1,2
198,639,173,0,3
198,723,223,3,0
202,723,227,3,0
203,639,178,0,3
203,723,228,3,0
203,724,204,2,1
204,639,179,0,3
204,689,205,2,1
204,723,229,3,0
204,724,205,2,1
205,639,180,0,3
205,689,206,2,1
205,723,230,3,0
205,724,206,2,1
206,639,181,0,3
206,723,231,3,0
206,724,181,0,3
207,639,206,1,2
207,689,182,0,3
207,692,206,1,2
207,723,206,1,2
207,724,182,0,3
208,639,207,1,2
208,689,183,0,3
208,692,207,1,2
208,723,207,1,2
208,724,183,0,3
209,639,208,1,2
209,689,184,0,3
209,723,208,1,2
209,724,184,0,3
210,639,209,1,2
210,660,209,1,2
210,723,209,1,2
210,724,185,0,3
211,723,210,1,2
215,639,216,2,1
215,723,216,2,1
216,639,217,2,1
216,660,215,1,2
216,723,217,2,1
216,724,191,0,3
217,639,218,2,1
217,689,192,0,3
217,723,218,2,1
217,724,192,0,3
218,639,219,2,1
218,689,193,0,3
218,692,217,1,2
218,723,219,2,1
218,724,193,0,3
219,639,194,0,3
219,723,244,3,0
219,724,194,0,3
220,639,195,0,3
220,689,219,1,2
220,692,221,2,1
220,723,245,3,0
220,724,219,1,2
221,639,196,0,3
221,689,220,1,2
221,723,246,3,0
221,724,220,1,2
222,639,197,0,3
222,660,223,2,1
222,723,247,3,0
222,724,221,1,2
223,639,198,0,3
223,723,248,3,0
227,723,252,3,0
228,639,203,0,3
228,723,253,3,0
228,724,229,2,1
229,639,204,0,3
229,689,230,2,1
229,723,254,3,0
229,724,230,2,1
230,639,205,0,3
230,689,231,2,1
230,723,255,3,0
230,724,231,2,1
231,639,206,0,3
231,723,256,3,0
231,724,206,0,3
232,639,231,1,2
232,689,207,0,3
232,692,231,1,2
232,723,231,1,2
232,724,207,0,3
233,639,232,1,2
233,689,208,0,3
233,692,232,1,2
233,723,232,1,2
233,724,208,0,3
234,639,233,1,2
234,689,209,0,3
234,723,233,1,2
234,724,209,0,3
235,639,234,1,2
235,660,234,1,2
235,723,234,1,2
235,724,210,0,3
236,723,235,1,2
240,639,241,2,1
240,723,241,2,1
241,639,242,2,1
241,660,240,1,2
241,723,242,2,1
241,724,216,0,3
242,639,243,2,1
242,689,217,0,3
242,723,243,2,1
242,724,217,0,3
243,639,244,2,1
243,689,218,0,3
243,692,242,1,2
243,723,244,2,1
243,724,218,0,3
244,639,219,0,3
244,723,269,3,0
244,724,219,0,3
245,639,220,0,3
245,689,244,1,2
245,692,246,2,1
245,723,270,3,0
245,724,244,1,2
246,639,221,0,3
246,689,245,1,2
246,723,271,3,0
246,724,245,1,2
247,639,222,0,3
247,660,248,2,1
247,723,272,3,0
247,724,246,1,2
248,639,223,0,3
248,723,273,3,0
252,723,277,3,0
253,639,228,0,3
253,723,278,3,0
253,724,254,2,1
254,639,229,0,3
254,689,255,2,1
254,723,279,3,0
254,724,255,2,1
255,639,230,0,3
255,689,256,2,1
255,723,280,3,0
255,724,256,2,1
256,639,231,0,3
256,723,281,3,0
256,724,231,0,3
257,639,256,1,2
257,689,232,0,3
257,692,256,1,2
257,723,256,1,2
257,724,232,0,3
258,639,257,1,2
258,689,233,0,3
258,692,257,1,2
258,723,257,1,2
258,724,233,0,3
259,639,258,1,2
259,689,234,0,3
259,723,258,1,2
259,724,234,0,3
260,639,259,1,2
260,660,259,1,2
260,723,259,1,2
260,724,235,0,3
261,723,260,1,2
265,639,266,2,1
265,723,266,2,1
266,639,267,2,1
266,660,265,1,2
266,723,267,2,1
266,724,241,0,3
267,639,268,2,1
267,689,242,0,3
267,723,268,2,1
267,724,242,0,3
268,639,269,2,1
268,689,243,0,3
268,692,267,1,2
268,723,269,2,1
268,724,243,0,3
269,639,244,0,3
269,723,294,3,0
269,724,244,0,3
270,639,245,0,3
270,689,269,1,2
270,692,271,2,1
270,723,295,3,0
270,724,269,1,2
271,639,246,0,3
271,689,270,1,2
271,723,296,3,0
271,724,270,1,2
272,639,247,0,3
272,660,273,2,1
272,723,297,3,0
272,724,271,1,2
273,639,248,0,3
273,723,298,3,0
277,723,302,3,0
278,639,253,0,3
278,723,303,3,0
278,724,279,2,1
279,639,254,0,3
279,689,280,2,1
279,723,304,3,0
279,724,280,2,1
280,639,255,0,3
280,689,281,2,1
280,723,305,3,0
280,724,281,2,1
281,639,256,0,3
281,689,306,3,0
281,723,306,3,0
281,724,256,0,3
282,639,281,1,2
282,689,307,3,0
282,692,281,1,2
282,723,281,1,2
282,724,257,0,3
283,639,282,1,2
283,689,308,3,0
283,692,282,1,2
283,723,282,1,2
283,724,258,0,3
284,639,283,1,2
284,689,309,3,0
284,723,283,1,2
284,724,259,0,3
285,639,284,1,2
285,660,284,1,2
285,723,284,1,2
285,724,260,0,3
286,723,285,1,2
290,639,291,2,1
290,723,291,2,1
291,639,292,2,1
291,660,290,1,2
291,723,292,2,1
291,724,266,0,3
292,639,293,2,1
292,689,317,3,0
292,723,293,2,1
292,724,267,0,3
293,639,294,2,1
293,689,318,3,0
293,692,292,1,2
293,723,294,2,1
293,724,268,0,3
294,639,269,0,3
294,689,319,3,0
294,723,319,3,0
294,724,269,0,3
295,639,270,0,3
295,689,294,1,2
295,692,296,2,1
295,723,320,3,0
295,724,294,1,2
296,639,271,0,3
296,689,295,1,2
296,723,321,3,0
296,724,295,1,2
297,639,272,0,3
297,660,298,2,1
297,723,322,3,0
297,724,296,1,2
298,639,273,0,3
298,723,323,3,0
302,723,327,3,0
303,639,278,0,3
303,723,328,3,0
303,724,304,2,1
304,639,279,0,3
304,689,305,2,1
304,723,329,3,0
304,724,305,2,1
305,639,280,0,3
305,689,306,2,1
305,723,330,3,0
305,724,306,2,1
306,639,281,0,3
306,689,331,3,0
306,723,331,3,0
306,724,281,0,3
307,639,306,1,2
307,689,332,3,0
307,692,306,1,2
307,723,306,1,2
307,724,282,0,3
308,639,307,1,2
308,689,333,3,0
308,692,307,1,2
308,723,307,1,2
308,724,283,0,3
309,639,308,1,2
309,689,334,3,0
309,723,308,1,2
309,724,284,0,3
310,639,309,1,2
310,660,309,1,2
310,723,309,1,2
310,724,285,0,3
311,723,310,1,2
315,639,316,2,1
315,723,316,2,1
316,639,317,2,1
316,660,315,1,2
316,723,317,2,1
316,724,291,0,3
317,639,318,2,1
317,689,342,3,0
317,723,318,2,1
317,724,292,0,3
318,639,319,2,1
318,689,343,3,0
318,692,317,1,2
318,723,319,2,1
318,724,293,0,3
319,639,294,0,3
319,689,344,3,0
319,723,344,3,0
319,724,294,0,3
320,639,295,0,3
320,689,319,1,2
320,692,321,2,1
320,723,345,3,0
320,724,319,1,2
321,639,296,0,3
321,689,320,1,2
321,723,346,3,0
321,724,320,1,2
322,639,297,0,3
322,660,323,2,1
322,723,347,3,0
322,724,321,1,2
323,639,298,0,3
323,723,348,3,0
327,723,352,3,0
328,639,303,0,3
328,723,353,3,0
328,724,329,2,1
329,639,304,0,3
329,689,330,2,1
329,723,354,3,0
329,724,330,2,1
330,639,305,0,3
330,689,331,2,1
330,723,355,3,0
330,724,331,2,1
331,639,306,0,3
331,689,356,3,0
331,723,356,3,0
331,724,306,0,3
332,639,331,1,2
332,689,357,3,0
332,692,331,1,2
332,723,331,1,2
332,724,307,0,3
333,639,332,1,2
333,689,358,3,0
333,692,332,1,2
333,723,332,1,2
333,724,308,0,3
334,639,333,1,2
334,689,359,3,0
334,723,333,1,2
334,724,309,0,3
335,639,334,1,2
335,660,334,1,2
335,723,334,1,2
335,724,310,0,3
336,723,335,1,2
340,639,341,2,1
340,723,341,2,1
341,639,342,2,1
341,660,340,1,2
341,723,342,2,1
341,724,316,0,3
342,639,343,2,1
342,689,367,3,0
342,723,343,2,1
342,724,317,0,3
343,639,344,2,1
343,689,368,3,0
343,692,342,1,2
343,723,344,2,1
343,724,318,0,3
344,639,319,0,3
344,689,369,3,0
344,723,369,3,0
344,724,319,0,3
345,639,320,0,3
345,689,344,1,2
345,692,346,2,1
345,723,370,3,0
345,724,344,1,2
346,639,321,0,3
346,689,345,1,2
346,723,371,3,0
346,724,345,1,2
347,639,322,0,3
347,660,348,2,1
347,723,372,3,0
347,724,346,1,2
348,639,323,0,3
348,723,373,3,0
352,723,377,3,0
353,639,328,0,3
353,723,378,3,0
353,724,354,2,1
354,639,329,0,3
354,689,355,2,1
354,723,379,3,0
354,724,355,2,1
355,639,330,0,3
355,689,356,2,1
355,723,380,3,0
355,724,356,2,1
356,639,331,0,3
356,689,381,3,0
356,692,331,0,3
356,723,381,3,0
356,724,331,0,3
357,639,356,1,2
357,689,382,3,0
357,692,356,1,2
357,723,356,1,2
357,724,332,0,3
358,639,357,1,2
358,689,383,3,0
358,692,357,1,2
358,723,357,1,2
358,724,333,0,3
359,639,358,1,2
359,689,384,3,0
359,723,358,1,2
359,724,334,0,3
360,639,359,1,2
360,660,359,1,2
360,723,359,1,2
360,724,335,0,3
361,723,360,1,2
365,639,366,2,1
365,723,366,2,1
366,639,367,2,1
366,660,365,1,2
366,723,367,2,1
366,724,341,0,3
367,639,368,2,1
367,689,392,3,0
367,723,368,2,1
367,724,342,0,3
368,639,369,2,1
368,689,393,3,0
368,692,367,1,2
368,723,369,2,1
368,724,343,0,3
369,639,344,0,3
369,689,394,3,0
369,692,344,0,3
369,723,394,3,0
369,724,344,0,3
370,639,345,0,3
370,689,369,1,2
370,692,371,2,1
370,723,395,3,0
370,724,369,1,2
371,639,346,0,3
371,689,370,1,2
371,723,396,3,0
371,724,370,1,2
372,639,347,0,3
372,660,373,2,1
372,723,397,3,0
372,724,371,1,2
373,639,348,0,3
373,723,398,3,0
377,723,723,102,0
378,639,353,0,3
378,723,377,1,2
378,724,379,2,1
379,639,354,0,3
379,689,380,2,1
379,723,378,1,2
379,724,380,2,1
380,639,355,0,3
380,689,381,2,1
380,723,379,1,2
380,724,381,2,1
381,639,356,0,3
381,689,406,3,0
381,692,356,0,3
381,723,380,1,2
382,639,381,1,2
382,689,407,3,0
382,692,381,1,2
382,723,381,1,2
382,724,357,0,3
383,639,382,1,2
383,689,408,3,0
383,692,382,1,2
383,723,382,1,2
383,724,358,0,3
384,639,383,1,2
384,689,409,3,0
384,723,383,1,2
384,724,359,0,3
385,639,384,1,2
385,660,384,1,2
385,723,384,1,2
385,724,360,0,3
386,723,385,1,2
390,639,391,2,1
390,723,391,2,1
391,639,392,2,1
391,660,390,1,2
391,723,392,2,1
391,724,366,0,3
392,639,393,2,1
392,689,417,3,0
392,723,393,2,1
392,724,367,0,3
393,639,394,2,1
393,689,418,3,0
393,692,392,1,2
393,723,394,2,1
393,724,368,0,3
394,639,369,0,3
394,689,419,3,0
394,692,369,0,3
394,723,395,2,1
395,639,370,0,3
395,689,394,1,2
395,692,396,2,1
395,723,396,2,1
395,724,394,1,2
396,639,371,0,3
396,689,395,1,2
396,723,397,2,1
396,724,395,1,2
397,639,372,0,3
397,660,398,2,1
397,723,398,2,1
397,724,396,1,2
398,639,373,0,3
398,723,399,2,1
402,723,377,0,3
403,639,378,0,3
403,723,378,0,3
403,724,404,2,1
404,639,379,0,3
404,689,405,2,1
404,723,379,0,3
404,724,405,2,1
405,639,380,0,3
405,689,406,2,1
405,723,380,0,3
405,724,406,2,1
406,639,381,0,3
406,689,431,3,0
406,692,381,0,3
407,639,406,1,2
407,689,432,3,0
407,692,406,1,2
407,723,406,1,2
407,724,382,0,3
408,639,407,1,2
408,689,433,3,0
408,692,407,1,2
408,723,407,1,2
408,724,383,0,3
409,639,408,1,2
409,689,434,3,0
409,723,408,1,2
409,724,384,0,3
410,639,409,1,2
410,660,409,1,2
410,723,409,1,2
410,724,385,0,3
411,723,410,1,2
415,639,416,2,1
415,723,416,2,1
416,639,417,2,1
416,660,415,1,2
416,723,417,2,1
416,724,391,0,3
417,639,418,2,1
417,689,442,3,0
417,723,418,2,1
417,724,392,0,3
418,639,419,2,1
418,689,443,3,0
418,692,417,1,2
418,723,419,2,1
418,724,393,0,3
419,639,394,0,3
419,689,444,3,0
419,692,394,0,3
420,639,395,0,3
420,689,419,1,2
420,692,421,2,1
420,723,395,0,3
420,724,419,1,2
421,639,396,0,3
421,689,420,1,2
421,723,396,0,3
421,724,420,1,2
422,639,397,0,3
422,660,423,2,1
422,723,397,0,3
422,724,421,1,2
423,639,398,0,3
423,723,398,0,3
427,723,402,0,3
428,639,403,0,3
428,723,403,0,3
428,724,429,2,1
429,639,404,0,3
429,689,430,2,1
429,723,404,0,3
429,724,430,2,1
430,639,405,0,3
430,689,431,2,1
430,723,405,0,3
430,724,431,2,1
431,660,456,3,0
431,689,456,3,0
432,639,431,1,2
432,660,457,3,0
432,689,457,3,0
432,692,431,1,2
432,723,431,1,2
432,724,407,0,3
433,639,432,1,2
433,660,458,3,0
433,689,458,3,0
433,692,432,1,2
433,723,432,1,2
433,724,408,0,3
434,639,433,1,2
434,660,459,3,0
434,689,459,3,0
434,723,433,1,2
434,724,409,0,3
435,639,434,1,2
435,660,434,1,2
435,723,434,1,2
435,724,410,0,3
436,723,435,1,2
440,639,441,2,1
440,723,441,2,1
441,639,442,2,1
441,723,442,2,1
441,724,416,0,3
442,639,443,2,1
442,660,467,3,0
442,689,467,3,0
442,723,443,2,1
442,724,417,0,3
443,639,444,2,1
443,660,468,3,0
443,689,468,3,0
443,692,442,1,2
443,723,444,2,1
443,724,418,0,3
444,660,469,3,0
444,689,469,3,0
445,639,420,0,3
445,689,444,1,2
445,692,446,2,1
445,723,420,0,3
445,724,444,1,2
446,639,421,0,3
446,689,445,1,2
446,723,421,0,3
446,724,445,1,2
447,639,422,0,3
447,660,448,2,1
447,723,422,0,3
447,724,446,1,2
448,639,423,0,3
448,723,423,0,3
452,723,427,0,3
453,639,428,0,3
453,723,428,0,3
453,724,454,2,1
454,639,429,0,3
454,689,455,2,1
454,723,429,0,3
454,724,455,2,1
455,639,430,0,3
455,689,456,2,1
455,723,430,0,3
455,724,456,2,1
456,660,457,2,1
456,723,431,0,3
456,724,481,3,0
457,639,456,1,2
457,660,458,2,1
457,689,482,3,0
457,692,456,1,2
457,723,456,1,2
457,724,482,3,0
458,639,457,1,2
458,660,459,2,1
458,689,483,3,0
458,692,457,1,2
458,723,457,1,2
458,724,483,3,0
459,639,458,1,2
459,660,660,39,0
459,689,484,3,0
459,723,458,1,2
459,724,484,3,0
460,639,459,1,2
460,660,459,1,2
460,723,459,1,2
460,724,485,3,0
461,723,460,1,2
465,639,466,2,1
465,723,466,2,1
466,639,467,2,1
466,660,465,1,2
466,723,467,2,1
466,724,491,3,0
467,639,468,2,1
467,660,466,1,2
467,689,492,3,0
467,723,468,2,1
467,724,492,3,0
468,639,469,2,1
468,660,467,1,2
468,689,493,3,0
468,692,467,1,2
468,723,469,2,1
468,724,493,3,0
469,660,468,1,2
469,723,444,0,3
469,724,494,3,0
470,639,445,0,3
470,689,469,1,2
470,692,471,2,1
470,723,445,0,3
470,724,469,1,2
471,639,446,0,3
471,689,470,1,2
471,723,446,0,3
471,724,470,1,2
472,639,447,0,3
472,660,473,2,1
472,723,447,0,3
472,724,471,1,2
473,639,448,0,3
473,723,448,0,3
477,723,452,0,3
478,639,503,3,0
478,723,453,0,3
478,724,479,2,1
479,639,504,3,0
479,689,480,2,1
479,723,454,0,3
479,724,480,2,1
480,639,505,3,0
480,689,481,2,1
480,723,455,0,3
480,724,481,2,1
481,633,506,3,0
481,639,506,3,0
481,723,456,0,3
481,724,506,3,0
482,633,507,3,0
482,639,481,1,2
482,689,507,3,0
482,692,481,1,2
482,723,481,1,2
482,724,507,3,0
483,633,508,3,0
483,639,482,1,2
483,689,508,3,0
483,692,482,1,2
483,723,482,1,2
483,724,508,3,0
484,633,509,3,0
484,639,483,1,2
484,689,509,3,0
484,723,483,1,2
484,724,509,3,0
485,639,484,1,2
485,660,484,1,2
485,723,484,1,2
485,724,510,3,0
486,723,485,1,2
490,639,491,2,1
490,723,491,2,1
491,639,492,2,1
491,660,490,1,2
491,723,492,2,1
491,724,516,3,0
492,633,517,3,0
492,639,493,2,1
492,689,517,3,0
492,723,493,2,1
492,724,517,3,0
493,633,518,3,0
493,639,494,2,1
493,689,518,3,0
493,692,492,1,2
493,723,494,2,1
493,724,518,3,0
494,633,519,3,0
494,639,519,3,0
494,723,469,0,3
494,724,519,3,0
495,639,520,3,0
495,689,494,1,2
495,692,496,2,1
495,723,470,0,3
495,724,494,1,2
496,639,521,3,0
496,689,495,1,2
496,723,471,0,3
496,724,495,1,2
497,639,522,3,0
497,660,498,2,1
497,723,472,0,3
497,724,496,1,2
498,639,523,3,0
498,723,473,0,3
502,723,477,0,3
503,639,528,3,0
503,723,478,0,3
503,724,504,2,1
504,639,529,3,0
504,689,505,2,1
504,723,479,0,3
504,724,505,2,1
505,639,530,3,0
505,689,506,2,1
505,723,480,0,3
505,724,506,2,1
506,639,531,3,0
506,723,481,0,3
506,724,531,3,0
507,639,506,1,2
507,689,532,3,0
507,692,506,1,2
507,723,506,1,2
507,724,532,3,0
508,639,507,1,2
508,689,533,3,0
508,692,507,1,2
508,723,507,1,2
508,724,533,3,0
509,639,508,1,2
509,689,534,3,0
509,723,508,1,2
509,724,534,3,0
510,639,509,1,2
510,660,509,1,2
510,723,509,1,2
510,724,535,3,0
511,723,510,1,2
515,639,516,2,1
515,723,516,2,1
516,639,517,2,1
516,660,515,1,2
516,723,517,2,1
516,724,541,3,0
517,639,518,2,1
517,689,542,3,0
517,723,518,2,1
517,724,542,3,0
518,639,519,2,1
518,689,543,3,0
518,692,517,1,2
518,723,519,2,1
518,724,543,3,0
519,639,544,3,0
519,723,494,0,3
519,724,544,3,0
520,639,545,3,0
520,689,519,1,2
520,692,521,2,1
520,723,495,0,3
520,724,519,1,2
521,639,546,3,0
521,689,520,1,2
521,723,496,0,3
521,724,520,1,2
522,639,547,3,0
522,660,523,2,1
522,723,497,0,3
522,724,521,1,2
523,639,548,3,0
523,723,498,0,3
527,723,502,0,3
528,639,553,3,0
528,723,503,0,3
528,724,529,2,1
529,639,554,3,0
529,689,530,2,1
529,723,504,0,3
529,724,530,2,1
530,639,555,3,0
530,689,531,2,1
530,723,505,0,3
530,724,531,2,1
531,639,556,3,0
531,723,506,0,3
531,724,556,3,0
532,639,531,1,2
532,689,557,3,0
532,692,531,1,2
532,723,531,1,2
532,724,557,3,0
533,639,532,1,2
533,689,558,3,0
533,692,532,1,2
533,723,532,1,2
533,724,558,3,0
534,639,533,1,2
534,689,559,3,0
534,723,533,1,2
534,724,559,3,0
535,639,534,1,2
535,660,534,1,2
535,723,534,1,2
535,724,560,3,0
536,723,535,1,2
540,639,541,2,1
540,723,541,2,1
541,639,542,2,1
541,660,540,1,2
541,723,542,2,1
541,724,566,3,0
542,639,543,2,1
542,689,567,3,0
542,723,543,2,1
542,724,567,3,0
543,639,544,2,1
543,689,568,3,0
543,692,542,1,2
543,723,544,2,1
543,724,568,3,0
544,639,569,3,0
544,723,519,0,3
544,724,569,3,0
545,639,570,3,0
545,689,544,1,2
545,692,546,2,1
545,723,520,0,3
545,724,544,1,2
546,639,571,3,0
546,689,545,1,2
546,723,521,0,3
546,724,545,1,2
547,639,572,3,0
547,660,548,2,1
547,723,522,0,3
547,724,546,1,2
548,639,573,3,0
548,723,523,0,3
552,723,527,0,3
553,639,578,3,0
553,723,528,0,3
553,724,554,2,1
554,639,579,3,0
554,689,555,2,1
554,723,529,0,3
554,724,555,2,1
555,639,580,3,0
555,689,556,2,1
555,723,530,0,3
555,724,556,2,1
556,639,581,3,0
556,723,531,0,3
556,724,581,3,0
557,639,556,1,2
557,689,582,3,0
557,692,556,1,2
557,723,556,1,2
557,724,582,3,0
558,639,557,1,2
558,689,583,3,0
558,692,557,1,2
558,723,557,1,2
558,724,583,3,0
559,639,558,1,2
559,689,584,3,0
559,723,558,1,2
559,724,584,3,0
560,639,559,1,2
560,660,559,1,2
560,723,559,1,2
560,724,585,3,0
561,723,560,1,2
565,639,566,2,1
565,723,566,2,1
566,639,567,2,1
566,660,565,1,2
566,723,567,2,1
566,724,591,3,0
567,639,568,2,1
567,689,592,3,0
567,723,568,2,1
567,724,592,3,0
568,639,569,2,1
568,689,593,3,0
568,692,567,1,2
568,723,569,2,1
568,724,593,3,0
569,639,594,3,0
569,723,544,0,3
569,724,594,3,0
570,639,595,3,0
570,689,569,1,2
570,692,571,2,1
570,723,545,0,3
570,724,569,1,2
571,639,596,3,0
571,689,570,1,2
571,723,546,0,3
571,724,570,1,2
572,639,597,3,0
572,660,573,2,1
572,723,547,0,3
572,724,571,1,2
573,639,598,3,0
573,723,548,0,3
577,723,552,0,3
578,639,603,3,0
578,723,553,0,3
578,724,579,2,1
579,639,604,3,0
579,689,580,2,1
579,723,554,0,3
579,724,580,2,1
580,639,605,3,0
580,689,581,2,1
580,723,555,0,3
580,724,581,2,1
581,639,606,3,0
581,689,582,2,1
581,723,556,0,3
581,724,606,3,0
582,639,581,1,2
582,689,583,2,1
582,692,581,1,2
582,723,581,1,2
582,724,607,3,0
583,639,582,1,2
583,689,584,2,1
583,692,582,1,2
583,723,582,1,2
583,724,608,3,0
584,639,583,1,2
584,689,689,68,0
584,723,583,1,2
584,724,609,3,0
585,639,584,1,2
585,660,584,1,2
585,723,584,1,2
585,724,610,3,0
586,723,585,1,2
590,639,591,2,1
590,723,591,2,1
591,639,592,2,1
591,660,590,1,2
591,723,592,2,1
591,724,616,3,0
592,639,593,2,1
592,689,591,1,2
592,723,593,2,1
592,724,617,3,0
593,639,594,2,1
593,689,592,1,2
593,692,592,1,2
593,723,594,2,1
593,724,618,3,0
594,639,619,3,0
594,689,593,1,2
594,723,569,0,3
594,724,619,3,0
595,639,620,3,0
595,689,594,1,2
595,692,596,2,1
595,723,570,0,3
595,724,594,1,2
596,639,621,3,0
596,689,595,1,2
596,723,571,0,3
596,724,595,1,2
597,639,622,3,0
597,660,598,2,1
597,723,572,0,3
597,724,596,1,2
598,639,623,3,0
598,723,573,0,3
602,723,577,0,3
603,639,3,3,3
603,723,578,0,3
603,724,604,2,1
604,639,4,3,3
604,689,605,2,1
604,723,579,0,3
604,724,605,2,1
605,639,5,3,3
605,689,606,2,1
605,723,580,0,3
605,724,606,2,1
606,639,6,3,3
606,689,581,0,3
606,723,581,0,3
606,724,6,3,3
607,639,606,1,2
607,689,582,0,3
607,692,606,1,2
607,723,606,1,2
607,724,7,3,3
608,639,607,1,2
608,689,583,0,3
608,692,607,1,2
608,723,607,1,2
608,724,8,3,3
609,639,608,1,2
609,689,584,0,3
609,723,608,1,2
609,724,9,3,3
610,639,609,1,2
610,660,609,1,2
610,723,609,1,2
610,724,10,3,3
611,723,610,1,2
615,639,616,2,1
615,723,616,2,1
616,639,617,2,1
616,660,615,1,2
616,723,617,2,1
616,724,16,3,3
617,639,618,2,1
617,689,592,0,3
617,723,618,2,1
617,724,17,3,3
618,639,619,2,1
618,689,593,0,3
618,692,617,1,2
618,723,619,2,1
618,724,18,3,3
619,639,19,3,3
619,689,594,0,3
619,723,594,0,3
619,724,19,3,3
620,639,20,3,3
620,689,619,1,2
620,692,621,2,1
620,723,595,0,3
620,724,619,1,2
621,639,21,3,3
621,689,620,1,2
621,723,596,0,3
621,724,620,1,2
622,639,22,3,3
622,660,623,2,1
622,723,597,0,3
622,724,621,1,2
623,639,23,3,3
623,723,598,0,3
633,625,159,0,12
633,626,159,0,12
633,627,159,0,12
633,628,159,0,12
633,629,159,0,12
633,630,159,0,12
633,631,159,0,12
633,632,159,0,12
633,634,159,0,12
633,635,159,0,12
633,636,159,0,12
633,637,159,0,12
633,638,159,0,12
633,639,159,0,12
633,640,159,0,12
633,641,159,0,12
633,642,159,0,12
633,643,159,0,12
633,644,159,0,12
633,645,159,0,12
633,646,159,0,12
633,647,159,0,12
633,648,159,0,12
633,649,159,0,12
633,650,159,0,12
633,651,159,0,12
633,652,159,0,12
633,653,159,0,12
633,654,159,0,12
633,655,159,0,12
633,656,159,0,12
633,657,159,0,12
633,658,159,0,12
633,659,159,0,12
633,660,159,0,12
633,661,159,0,12
633,662,159,0,12
633,663,159,0,12
633,664,159,0,12
633,665,159,0,12
633,666,159,0,12
633,667,159,0,12
633,668,159,0,12
633,669,159,0,12
633,670,159,0,12
633,671,159,0,12
633,672,159,0,12
633,673,159,0,12
633,674,159,0,12
633,675,159,0,12
633,676,159,0,12
633,677,159,0,12
633,678,159,0,12
633,679,159,0,12
633,680,159,0,12
633,681,159,0,12
633,682,159,0,12
633,683,159,0,12
633,684,159,0,12
633,685,159,0,12
633,686,159,0,12
633,687,159,0,12
633,688,159,0,12
633,689,159,0,12
633,690,159,0,12
633,691,159,0,12
633,692,159,0,12
633,693,159,0,12
633,694,159,0,12
633,695,159,0,12
633,696,159,0,12
633,697,159,0,12
633,698,159,0,12
633,699,159,0,12
633,700,159,0,12
633,701,159,0,12
633,702,159,0,12
633,703,159,0,12
633,704,159,0,12
633,705,159,0,12
633,706,159,0,12
633,707,159,0,12
633,708,159,0,12
633,709,159,0,12
633,710,159,0,12
633,711,159,0,12
633,712,159,0,12
633,713,159,0,12
633,714,159,0,12
633,715,159,0,12
633,716,159,0,12
633,717,159,0,12
633,718,159,0,12
633,719,159,0,12
633,720,159,0,12
633,721,159,0,12
633,722,159,0,12
633,723,159,0,12
633,724,159,0,12
639,625,173,0,18
639,626,173,0,18
639,627,173,0,18
639,628,173,0,18
639,629,173,0,18
639,630,173,0,18
639,631,173,0,18
639,632,173,0,18
639,633,173,0,18
639,634,173,0,18
639,635,173,0,18
639,636,173,0,18
639,637,173,0,18
639,638,173,0,18
639,640,173,0,18
639,641,173,0,18
639,642,173,0,18
639,643,173,0,18
639,644,173,0,18
639,645,173,0,18
639,646,173,0,18
639,647,173,0,18
639,648,173,0,18
639,649,173,0,18
639,650,173,0,18
639,651,173,0,18
639,652,173,0,18
639,653,173,0,18
639,654,173,0,18
639,655,173,0,18
639,656,173,0,18
639,657,173,0,18
639,658,173,0,18
639,659,173,0,18
639,660,173,0,18
639,661,173,0,18
639,662,173,0,18
639,663,173,0,18
639,664,173,0,18
639,665,173,0,18
639,666,173,0,18
639,667,173,0,18
639,668,173,0,18
639,669,173,0,18
639,670,173,0,18
639,671,173,0,18
639,672,173,0,18
639,673,173,0,18
639,674,173,0,18
639,675,173,0,18
639,676,173,0,18
639,677,173,0,18
639,678,173,0,18
639,679,173,0,18
639,680,173,0,18
639,681,173,0,18
639,682,173,0,18
639,683,173,0,18
639,684,173,0,18
639,685,173,0,18
639,686,173,0,18
639,687,173,0,18
639,688,173,0,18
639,689,173,0,18
639,690,173,0,18
639,691,173,0,18
639,692,173,0,18
639,693,173,0,18
639,694,173,0,18
639,695,173,0,18
639,696,173,0,18
639,697,173,0,18
639,698,173,0,18
639,699,173,0,18
639,700,173,0,18
639,701,173,0,18
639,702,173,0,18
639,703,173,0,18
639,704,173,0,18
639,705,173,0,18
639,706,173,0,18
639,707,173,0,18
639,708,173,0,18
639,709,173,0,18
639,710,173,0,18
639,711,173,0,18
639,712,173,0,18
639,713,173,0,18
639,714,173,0,18
639,715,173,0,18
639,716,173,0,18
639,717,173,0,18
639,718,173,0,18
639,719,173,0,18
639,720,173,0,18
639,721,173,0,18
639,722,173,0,18
639,723,173,0,18
639,724,173,0,18
660,625,459,0,39
660,626,459,0,39
660,627,459,0,39
660,628,459,0,39
660,629,459,0,39
660,630,459,0,39
660,631,459,0,39
660,632,459,0,39
660,633,459,0,39
660,634,459,0,39
660,635,459,0,39
660,636,459,0,39
660,637,459,0,39
660,638,459,0,39
660,639,459,0,39
660,640,459,0,39
660,641,459,0,39
660,642,459,0,39
660,643,459,0,39
660,644,459,0,39
660,645,459,0,39
660,646,459,0,39
660,647,459,0,39
660,648,459,0,39
660,649,459,0,39
660,650,459,0,39
660,651,459,0,39
660,652,459,0,39
660,653,459,0,39
660,654,459,0,39
660,655,459,0,39
660,656,459,0,39
660,657,459,0,39
660,658,459,0,39
660,659,459,0,39
660,661,459,0,39
660,662,459,0,39
660,663,459,0,39
660,664,459,0,39
660,665,459,0,39
660,666,459,0,39
660,667,459,0,39
660,668,459,0,39
660,669,459,0,39
660,670,459,0,39
660,671,459,0,39
660,672,459,0,39
660,673,459,0,39
660,674,459,0,39
660,675,459,0,39
660,676,459,0,39
660,677,459,0,39
660,678,459,0,39
660,679,459,0,39
660,680,459,0,39
660,681,459,0,39
660,682,459,0,39
660,683,459,0,39
660,684,459,0,39
660,685,459,0,39
660,686,459,0,39
660,687,459,0,39
660,688,459,0,39
660,689,459,0,39
660,690,459,0,39
660,691,459,0,39
660,692,459,0,39
660,693,459,0,39
660,694,459,0,39
660,695,459,0,39
660,696,459,0,39
660,697,459,0,39
660,698,459,0,39
660,699,459,0,39
660,700,459,0,39
660,701,459,0,39
660,702,459,0,39
660,703,459,0,39
660,704,459,0,39
660,705,459,0,39
660,706,459,0,39
660,707,459,0,39
660,708,459,0,39
660,709,459,0,39
660,710,459,0,39
660,711,459,0,39
660,712,459,0,39
660,713,459,0,39
660,714,459,0,39
660,715,459,0,39
660,716,459,0,39
660,717,459,0,39
660,718,459,0,39
660,719,459,0,39
660,720,459,0,39
660,721,459,0,39
660,722,459,0,39
660,723,459,0,39
660,724,459,0,39
689,625,584,0,68
689,626,584,0,68
689,627,584,0,68
689,628,584,0,68
689,629,584,0,68
689,630,584,0,68
689,631,584,0,68
689,632,584,0,68
689,633,584,0,68
689,634,584,0,68
689,635,584,0,68
689,636,584,0,68
689,637,584,0,68
689,638,584,0,68
689,639,584,0,68
689,640,584,0,68
689,641,584,0,68
689,642,584,0,68
689,643,584,0,68
689,644,584,0,68
689,645,584,0,68
689,646,584,0,68
689,647,584,0,68
689,648,584,0,68
689,649,584,0,68
689,650,584,0,68
689,651,584,0,68
689,652,584,0,68
689,653,584,0,68
689,654,584,0,68
689,655,584,0,68
689,656,584,0,68
689,657,584,0,68
689,658,584,0,68
689,659,584,0,68
689,660,584,0,68
689,661,584,0,68
689,662,584,0,68
689,663,584,0,68
689,664,584,0,68
689,665,584,0,68
689,666,584,0,68
689,667,584,0,68
689,668,584,0,68
689,669,584,0,68
689,670,584,0,68
689,671,584,0,68
689,672,584,0,68
689,673,584,0,68
689,674,584,0,68
689,675,584,0,68
689,676,584,0,68
689,677,584,0,68
689,678,584,0,68
689,679,584,0,68
689,680,584,0,68
689,681,584,0,68
689,682,584,0,68
689,683,584,0,68
689,684,584,0,68
689,685,584,0,68
689,686,584,0,68
689,687,584,0,68
689,688,584,0,68
689,690,584,0,68
689,691,584,0,68
689,692,584,0,68
689,693,584,0,68
689,694,584,0,68
689,695,584,0,68
689,696,584,0,68
689,697,584,0,68
689,698,584,0,68
689,699,584,0,68
689,700,584,0,68
689,701,584,0,68
689,702,584,0,68
689,703,584,0,68
689,704,584,0,68
689,705,584,0,68
689,706,584,0,68
689,707,584,0,68
689,708,584,0,68
689,709,584,0,68
689,710,584,0,68
689,711,584,0,68
689,712,584,0,68
689,713,584,0,68
689,714,584,0,68
689,715,584,0,68
689,716,584,0,68
689,717,584,0,68
689,718,584,0,68
689,719,584,0,68
689,720,584,0,68
689,721,584,0,68
689,722,584,0,68
689,723,584,0,68
689,724,584,0,68
692,625,106,0,71
692,626,106,0,71
692,627,106,0,71
692,628,106,0,71
692,629,106,0,71
692,630,106,0,71
692,631,106,0,71
692,632,106,0,71
692,633,106,0,71
692,634,106,0,71
692,635,106,0,71
692,636,106,0,71
692,637,106,0,71
692,638,106,0,71
692,639,106,0,71
692,640,106,0,71
692,641,106,0,71
692,642,106,0,71
692,643,106,0,71
692,644,106,0,71
692,645,106,0,71
692,646,106,0,71
692,647,106,0,71
692,648,106,0,71
692,649,106,0,71
692,650,106,0,71
692,651,106,0,71
692,652,106,0,71
692,653,106,0,71
692,654,106,0,71
692,655,106,0,71
692,656,106,0,71
692,657,106,0,71
692,658,106,0,71
692,659,106,0,71
692,660,106,0,71
692,661,106,0,71
692,662,106,0,71
692,663,106,0,71
692,664,106,0,71
692,665,106,0,71
692,666,106,0,71
692,667,106,0,71
692,668,106,0,71
692,669,106,0,71
692,670,106,0,71
692,671,106,0,71
692,672,106,0,71
692,673,106,0,71
692,674,106,0,71
692,675,106,0,71
692,676,106,0,71
692,677,106,0,71
692,678,106,0,71
692,679,106,0,71
692,680,106,0,71
692,681,106,0,71
692,682,106,0,71
692,683,106,0,71
692,684,106,0,71
692,685,106,0,71
692,686,106,0,71
692,687,106,0,71
692,688,106,0,71
692,689,106,0,71
692,690,106,0,71
692,691,106,0,71
692,693,106,0,71
692,694,106,0,71
692,695,106,0,71
692,696,106,0,71
692,697,106,0,71
692,698,106,0,71
692,699,106,0,71
692,700,106,0,71
692,701,106,0,71
692,702,106,0,71
692,703,106,0,71
692,704,106,0,71
692,705,106,0,71
692,706,106,0,71
692,707,106,0,71
692,708,106,0,71
692,709,106,0,71
692,710,106,0,71
692,711,106,0,71
692,712,106,0,71
692,713,106,0,71
692,714,106,0,71
692,715,106,0,71
692,716,106,0,71
692,717,106,0,71
692,718,106,0,71
692,719,106,0,71
692,720,106,0,71
692,721,106,0,71
692,722,106,0,71
692,723,106,0,71
692,724,106,0,71
723,625,377,0,102
723,626,377,0,102
723,627,377,0,102
723,628,377,0,102
723,629,377,0,102
723,630,377,0,102
723,631,377,0,102
723,632,377,0,102
723,633,377,0,102
723,634,377,0,102
723,635,377,0,102
723,636,377,0,102
723,637,377,0,102
723,638,377,0,102
723,639,377,0,102
723,640,377,0,102
723,641,377,0,102
723,642,377,0,102
723,643,377,0,102
723,644,377,0,102
723,645,377,0,102
723,646,377,0,102
723,647,377,0,102
723,648,377,0,102
723,649,377,0,102
723,650,377,0,102
723,651,377,0,102
723,652,377,0,102
723,653,377,0,102
723,654,377,0,102
723,655,377,0,102
723,656,377,0,102
723,657,377,0,102
723,658,377,0,102
723,659,377,0,102
723,660,377,0,102
723,661,377,0,102
723,662,377,0,102
723,663,377,0,102
723,664,377,0,102
723,665,377,0,102
723,666,377,0,102
723,667,377,0,102
723,668,377,0,102
723,669,377,0,102
723,670,377,0,102
723,671,377,0,102
723,672,377,0,102
723,673,377,0,102
723,674,377,0,102
723,675,377,0,102
723,676,377,0,102
723,677,377,0,102
723,678,377,0,102
723,679,377,0,102
723,680,377,0,102
723,681,377,0,102
723,682,377,0,102
723,683,377,0,102
723,684,377,0,102
723,685,377,0,102
723,686,377,0,102
723,687,377,0,102
723,688,377,0,102
723,689,377,0,102
723,690,377,0,102
723,691,377,0,102
723,692,377,0,102
723,693,377,0,102
723,694,377,0,102
723,695,377,0,102
723,696,377,0,102
723,697,377,0,102
723,698,377,0,102
723,699,377,0,102
723,700,377,0,102
723,701,377,0,102
723,702,377,0,102
723,703,377,0,102
723,704,377,0,102
723,705,377,0,102
723,706,377,0,102
723,707,377,0,102
723,708,377,0,102
723,709,377,0,102
723,710,377,0,102
723,711,377,0,102
723,712,377,0,102
723,713,377,0,102
723,714,377,0,102
723,715,377,0,102
723,716,377,0,102
723,717,377,0,102
723,718,377,0,102
723,719,377,0,102
723,720,377,0,102
723,721,377,0,102
723,722,377,0,102
723,724,377,0,102
724,625,135,0,103
724,626,135,0,103
724,627,135,0,103
724,628,135,0,103
724,629,135,0,103
724,630,135,0,103
724,631,135,0,103
724,632,135,0,103
724,633,135,0,103
724,634,135,0,103
724,635,135,0,103
724,636,135,0,103
724,637,135,0,103
724,638,135,0,103
724,639,135,0,103
724,640,135,0,103
724,641,135,0,103
724,642,135,0,103
724,643,135,0,103
724,644,135,0,103
724,645,135,0,103
724,646,135,0,103
724,647,135,0,103
724,648,135,0,103
724,649,135,0,103
724,650,135,0,103
724,651,135,0,103
724,652,135,0,103
724,653,135,0,103
724,654,135,0,103
724,655,135,0,103
724,656,135,0,103
724,657,135,0,103
724,658,135,0,103
724,659,135,0,103
724,660,135,0,103
724,661,135,0,103
724,662,135,0,103
724,663,135,0,103
724,664,135,0,103
724,665,135,0,103
724,666,135,0,103
724,667,135,0,103
724,668,135,0,103
724,669,135,0,103
724,670,135,0,103
724,671,135,0,103
724,672,135,0,103
724,673,135,0,103
724,674,135,0,103
724,675,135,0,103
724,676,135,0,103
724,677,135,0,103
724,678,135,0,103
724,679,135,0,103
724,680,135,0,103
724,681,135,0,103
724,682,135,0,103
724,683,135,0,103
724,684,135,0,103
724,685,135,0,103
724,686,135,0,103
724,687,135,0,103
724,688,135,0,103
724,689,135,0,103
724,690,135,0,103
724,691,135,0,103
724,692,135,0,103
724,693,135,0,103
724,694,135,0,103
724,695,135,0,103
724,696,135,0,103
724,697,135,0,103
724,698,135,0,103
724,699,135,0,103
724,700,135,0,103
724,701,135,0,103
724,702,135,0,103
724,703,135,0,103
724,704,135,0,103
724,705,135,0,103
724,706,135,0,103
724,707,135,0,103
724,708,135,0,103
724,709,135,0,103
724,710,135,0,103
724,711,135,0,103
724,712,135,0,103
724,713,135,0,103
724,714,135,0,103
724,715,135,0,103
724,716,135,0,103
724,717,135,0,103
724,718,135,0,103
724,719,135,0,103
724,720,135,0,103
724,721,135,0,103
724,722,135,0,103
724,723,135,0,103
