1,626,601,3,3
1,719,26,2,0
2,626,602,3,3
2,718,27,2,0
2,719,27,2,0
3,626,603,3,3
3,637,4,1,0
3,654,603,3,3
3,718,28,2,0
3,719,28,2,0
4,626,604,3,3
4,637,5,1,0
4,654,604,3,3
4,718,29,2,0
4,719,29,2,0
5,626,605,3,3
5,637,6,1,0
5,654,605,3,3
5,701,30,2,0
5,718,30,2,0
5,719,30,2,0
6,626,606,3,3
6,637,31,2,0
6,654,606,3,3
6,719,31,2,0
7,626,6,0,1
7,637,32,2,0
7,654,6,0,1
7,701,6,0,1
7,718,6,0,1
7,719,6,0,1
8,626,7,0,1
8,637,33,2,0
8,654,7,0,1
8,718,7,0,1
8,719,7,0,1
9,626,8,0,1
9,637,34,2,0
9,654,8,0,1
9,718,8,0,1
9,719,8,0,1
10,626,9,0,1
10,718,9,0,1
10,719,9,0,1
11,626,10,0,1
11,719,10,0,1
12,719,11,0,1
13,719,12,0,1
14,626,15,1,0
14,719,15,1,0
15,626,16,1,0
15,654,16,1,0
15,718,16,1,0
15,719,16,1,0
16,626,17,1,0
16,637,41,2,0
16,654,17,1,0
16,718,17,1,0
16,719,17,1,0
17,626,18,1,0
17,637,42,2,0
17,654,18,1,0
17,718,18,1,0
17,719,18,1,0
18,626,19,1,0
18,637,43,2,0
18,654,19,1,0
18,701,19,1,0
18,718,19,1,0
18,719,19,1,0
19,626,619,3,3
19,637,44,2,0
19,654,619,3,3
19,719,44,2,0
20,626,620,3,3
20,637,19,0,1
20,654,620,3,3
20,718,45,2,0
20,719,45,2,0
21,626,621,3,3
21,637,20,0,1
21,654,621,3,3
21,718,46,2,0
21,719,46,2,0
22,626,622,3,3
22,654,622,3,3
22,718,47,2,0
22,719,47,2,0
23,626,623,3,3
23,719,48,2,0
24,719,0,1,2
26,626,1,0,2
26,719,51,3,0
27,626,2,0,2
27,718,52,3,0
27,719,52,3,0
28,626,3,0,2
28,637,29,2,1
28,654,3,0,2
28,718,53,3,0
28,719,53,3,0
29,626,4,0,2
29,637,30,2,1
29,654,4,0,2
29,718,54,3,0
29,719,54,3,0
30,626,5,0,2
30,637,31,2,1
30,654,5,0,2
30,701,55,3,0
30,718,55,3,0
30,719,55,3,0
31,626,6,0,2
31,637,56,3,0
31,654,6,0,2
31,701,56,3,0
31,719,56,3,0
32,626,31,1,2
32,637,57,3,0
32,654,31,1,2
32,701,31,1,2
32,718,31,1,2
32,719,31,1,2
33,626,32,1,2
33,637,58,3,0
33,654,32,1,2
33,718,32,1,2
33,719,32,1,2
34,626,33,1,2
34,637,59,3,0
34,654,33,1,2
34,718,33,1,2
34,719,33,1,2
35,626,34,1,2
35,718,34,1,2
35,719,34,1,2
36,626,35,1,2
36,719,35,1,2
37,719,36,1,2
38,719,37,1,2
39,626,40,2,1
39,719,40,2,1
40,626,41,2,1
40,654,41,2,1
40,718,41,2,1
40,719,41,2,1
41,626,42,2,1
41,637,66,3,0
41,654,42,2,1
41,718,42,2,1
41,719,42,2,1
42,626,43,2,1
42,637,67,3,0
42,654,43,2,1
42,718,43,2,1
42,719,43,2,1
43,626,44,2,1
43,637,68,3,0
43,654,44,2,1
43,701,44,2,1
43,718,44,2,1
43,719,44,2,1
44,626,19,0,2
44,637,69,3,0
44,654,19,0,2
44,701,69,3,0
44,719,69,3,0
45,626,20,0,2
45,637,44,1,2
45,654,20,0,2
45,718,70,3,0
45,719,70,3,0
46,626,21,0,2
46,637,45,1,2
46,654,21,0,2
46,718,71,3,0
46,719,71,3,0
47,626,22,0,2
47,654,22,0,2
47,718,72,3,0
47,719,72,3,0
48,626,23,0,2
48,719,73,3,0
49,719,25,2,3
51,626,76,3,0
51,719,76,3,0
52,626,77,3,0
52,718,77,3,0
52,719,77,3,0
53,626,78,3,0
53,637,54,2,1
53,654,28,0,3
53,718,78,3,0
53,719,78,3,0
54,626,79,3,0
54,637,55,2,1
54,654,29,0,3
54,718,79,3,0
54,719,79,3,0
55,626,80,3,0
55,637,56,2,1
55,654,30,0,3
55,701,80,3,0
55,718,80,3,0
55,719,80,3,0
56,637,81,3,0
56,654,31,0,3
56,701,81,3,0
56,719,81,3,0
57,626,56,1,2
57,637,82,3,0
57,654,56,1,2
57,701,56,1,2
57,718,56,1,2
57,719,56,1,2
58,626,57,1,2
58,637,83,3,0
58,654,57,1,2
58,718,57,1,2
58,719,57,1,2
59,626,58,1,2
59,637,84,3,0
59,654,58,1,2
59,718,58,1,2
59,719,58,1,2
60,626,59,1,2
60,718,59,1,2
60,719,59,1,2
61,626,60,1,2
61,719,60,1,2
62,719,61,1,2
63,719,62,1,2
64,626,65,2,1
64,719,65,2,1
65,626,66,2,1
65,654,66,2,1
65,718,66,2,1
65,719,66,2,1
66,626,67,2,1
66,637,91,3,0
66,654,67,2,1
66,718,67,2,1
66,719,67,2,1
67,626,68,2,1
67,637,92,3,0
67,654,68,2,1
67,718,68,2,1
67,719,68,2,1
68,626,69,2,1
68,637,93,3,0
68,654,69,2,1
68,701,69,2,1
68,718,69,2,1
68,719,69,2,1
69,637,94,3,0
69,654,44,0,3
69,701,94,3,0
69,719,94,3,0
70,626,95,3,0
70,637,69,1,2
70,654,45,0,3
70,718,95,3,0
70,719,95,3,0
71,626,96,3,0
71,637,70,1,2
71,654,46,0,3
71,718,96,3,0
71,719,96,3,0
72,626,97,3,0
72,654,47,0,3
72,718,97,3,0
72,719,97,3,0
73,626,98,3,0
73,719,98,3,0
74,719,50,2,3
76,626,101,3,0
76,719,101,3,0
77,626,102,3,0
77,718,102,3,0
77,719,102,3,0
78,626,103,3,0
78,637,79,2,1
78,654,53,0,3
78,718,103,3,0
78,719,103,3,0
79,626,104,3,0
79,637,80,2,1
79,654,54,0,3
79,718,104,3,0
79,719,104,3,0
80,626,105,3,0
80,637,81,2,1
80,654,55,0,3
80,701,105,3,0
80,718,105,3,0
80,719,105,3,0
81,637,106,3,0
81,701,106,3,0
81,718,106,3,0
81,719,106,3,0
82,626,81,1,2
82,637,107,3,0
82,654,81,1,2
82,701,81,1,2
82,718,81,1,2
82,719,81,1,2
83,626,82,1,2
83,637,108,3,0
83,654,82,1,2
83,718,82,1,2
83,719,82,1,2
84,626,83,1,2
84,637,109,3,0
84,654,83,1,2
84,718,83,1,2
84,719,83,1,2
85,626,84,1,2
85,718,84,1,2
85,719,84,1,2
86,626,85,1,2
86,719,85,1,2
87,719,86,1,2
88,719,87,1,2
89,626,90,2,1
89,719,90,2,1
90,626,91,2,1
90,654,91,2,1
90,718,91,2,1
90,719,91,2,1
91,626,92,2,1
91,637,116,3,0
91,654,92,2,1
91,718,92,2,1
91,719,92,2,1
92,626,93,2,1
92,637,117,3,0
92,654,93,2,1
92,718,93,2,1
92,719,93,2,1
93,626,94,2,1
93,637,118,3,0
93,654,94,2,1
93,701,94,2,1
93,718,94,2,1
93,719,94,2,1
94,637,119,3,0
94,701,119,3,0
94,718,119,3,0
94,719,119,3,0
95,626,120,3,0
95,637,94,1,2
95,654,70,0,3
95,718,120,3,0
95,719,120,3,0
96,626,121,3,0
96,637,95,1,2
96,654,71,0,3
96,718,121,3,0
96,719,121,3,0
97,626,122,3,0
97,654,72,0,3
97,718,122,3,0
97,719,122,3,0
98,626,123,3,0
98,719,123,3,0
99,719,75,2,3
101,626,126,3,0
101,719,126,3,0
102,626,127,3,0
102,718,127,3,0
102,719,127,3,0
103,626,128,3,0
103,637,104,2,1
103,654,78,0,3
103,718,128,3,0
103,719,128,3,0
104,626,129,3,0
104,637,105,2,1
104,654,79,0,3
104,718,129,3,0
104,719,129,3,0
105,626,130,3,0
105,637,106,2,1
105,654,80,0,3
105,701,701,80,0
105,718,130,3,0
105,719,130,3,0
106,626,131,3,0
106,701,105,1,2
106,718,131,3,0
106,719,131,3,0
107,626,106,1,2
107,637,132,3,0
107,654,106,1,2
107,701,106,1,2
107,718,106,1,2
107,719,106,1,2
108,626,107,1,2
108,637,133,3,0
108,654,107,1,2
108,718,107,1,2
108,719,107,1,2
109,626,108,1,2
109,637,134,3,0
109,654,108,1,2
109,718,108,1,2
109,719,108,1,2
110,626,109,1,2
110,718,109,1,2
110,719,109,1,2
111,626,110,1,2
111,719,110,1,2
112,719,111,1,2
113,719,112,1,2
114,626,115,2,1
114,719,115,2,1
115,626,116,2,1
115,654,116,2,1
115,718,116,2,1
115,719,116,2,1
116,626,117,2,1
116,637,141,3,0
116,654,117,2,1
116,718,117,2,1
116,719,117,2,1
117,626,118,2,1
117,637,142,3,0
117,654,118,2,1
117,718,118,2,1
117,719,118,2,1
118,626,119,2,1
118,637,143,3,0
118,654,119,2,1
118,701,119,2,1
118,718,119,2,1
118,719,119,2,1
119,626,144,3,0
119,701,120,2,1
119,718,144,3,0
119,719,144,3,0
120,626,145,3,0
120,637,119,1,2
120,654,95,0,3
120,718,145,3,0
120,719,145,3,0
121,626,146,3,0
121,637,120,1,2
121,654,96,0,3
121,718,146,3,0
121,719,146,3,0
122,626,147,3,0
122,654,97,0,3
122,718,147,3,0
122,719,147,3,0
123,626,148,3,0
123,719,148,3,0
124,719,100,2,3
126,626,151,3,0
126,719,151,3,0
127,626,152,3,0
127,718,152,3,0
127,719,152,3,0
128,626,153,3,0
128,637,129,2,1
128,654,103,0,3
128,718,153,3,0
128,719,153,3,0
129,626,154,3,0
129,637,130,2,1
129,654,104,0,3
129,718,154,3,0
129,719,154,3,0
130,626,155,3,0
130,637,131,2,1
130,654,105,0,3
130,701,105,0,3
130,718,155,3,0
130,719,155,3,0
131,626,156,3,0
131,718,156,3,0
131,719,156,3,0
132,626,131,1,2
132,637,157,3,0
132,654,131,1,2
132,701,131,1,2
132,718,131,1,2
132,719,131,1,2
133,626,132,1,2
133,637,158,3,0
133,654,132,1,2
133,718,132,1,2
133,719,132,1,2
134,626,133,1,2
134,637,159,3,0
134,654,133,1,2
134,718,133,1,2
134,719,133,1,2
135,626,134,1,2
135,718,134,1,2
135,719,134,1,2
136,626,135,1,2
136,719,135,1,2
137,719,136,1,2
138,719,137,1,2
139,626,140,2,1
139,719,140,2,1
140,626,141,2,1
140,654,141,2,1
140,718,141,2,1
140,719,141,2,1
141,626,142,2,1
141,637,166,3,0
141,654,142,2,1
141,718,142,2,1
141,719,142,2,1
142,626,143,2,1
142,637,167,3,0
142,654,143,2,1
142,718,143,2,1
142,719,143,2,1
143,626,144,2,1
143,637,168,3,0
143,654,144,2,1
143,701,144,2,1
143,718,144,2,1
143,719,144,2,1
144,626,169,3,0
144,718,169,3,0
144,719,169,3,0
145,626,170,3,0
145,637,144,1,2
145,654,120,0,3
145,718,170,3,0
145,719,170,3,0
146,626,171,3,0
146,637,145,1,2
146,654,121,0,3
146,718,171,3,0
146,719,171,3,0
147,626,172,3,0
147,654,122,0,3
147,718,172,3,0
147,719,172,3,0
148,626,173,3,0
148,719,173,3,0
149,719,125,2,3
151,626,176,3,0
151,719,176,3,0
152,626,177,3,0
152,718,177,3,0
152,719,177,3,0
153,626,178,3,0
153,637,154,2,1
153,654,178,3,0
153,718,178,3,0
153,719,178,3,0
154,626,179,3,0
154,637,155,2,1
154,654,179,3,0
154,718,179,3,0
154,719,179,3,0
155,626,180,3,0
155,637,156,2,1
155,654,180,3,0
155,701,130,0,3
155,718,180,3,0
155,719,180,3,0
156,626,181,3,0
156,654,181,3,0
156,718,181,3,0
156,719,181,3,0
157,626,156,1,2
157,637,182,3,0
157,654,156,1,2
157,701,156,1,2
157,718,156,1,2
157,719,156,1,2
158,626,157,1,2
158,637,183,3,0
158,654,157,1,2
158,718,157,1,2
158,719,157,1,2
159,626,158,1,2
159,637,184,3,0
159,654,158,1,2
159,718,158,1,2
159,719,158,1,2
160,626,159,1,2
160,718,159,1,2
160,719,159,1,2
161,626,160,1,2
161,719,160,1,2
162,719,161,1,2
163,719,162,1,2
164,626,165,2,1
164,719,165,2,1
165,626,166,2,1
165,654,166,2,1
165,718,166,2,1
165,719,166,2,1
166,626,167,2,1
166,637,191,3,0
166,654,167,2,1
166,718,167,2,1
166,719,167,2,1
167,626,168,2,1
167,637,192,3,0
167,654,168,2,1
167,718,168,2,1
167,719,168,2,1
168,626,169,2,1
168,637,193,3,0
168,654,169,2,1
168,701,169,2,1
168,718,169,2,1
168,719,169,2,1
169,626,194,3,0
169,654,194,3,0
169,718,194,3,0
169,719,194,3,0
170,626,195,3,0
170,637,169,1,2
170,654,195,3,0
170,718,195,3,0
170,719,195,3,0
171,626,196,3,0
171,637,170,1,2
171,654,196,3,0
171,718,196,3,0
171,719,196,3,0
172,626,197,3,0
172,654,197,3,0
172,718,197,3,0
172,719,197,3,0
173,626,198,3,0
173,719,198,3,0
174,719,150,2,3
176,626,201,3,0
176,719,201,3,0
177,626,202,3,0
177,718,202,3,0
177,719,202,3,0
178,626,203,3,0
178,637,179,2,1
178,654,203,3,0
178,718,203,3,0
178,719,203,3,0
179,626,204,3,0
179,637,180,2,1
179,654,204,3,0
179,718,204,3,0
179,719,204,3,0
180,626,205,3,0
180,637,181,2,1
180,654,205,3,0
180,701,155,0,3
180,718,205,3,0
180,719,205,3,0
181,626,206,3,0
181,654,206,3,0
181,718,206,3,0
181,719,206,3,0
182,626,181,1,2
182,637,207,3,0
182,654,181,1,2
182,701,181,1,2
182,718,181,1,2
182,719,181,1,2
183,626,182,1,2
183,637,208,3,0
183,654,182,1,2
183,718,182,1,2
183,719,182,1,2
184,626,183,1,2
184,637,209,3,0
184,654,183,1,2
184,718,183,1,2
184,719,183,1,2
185,626,184,1,2
185,718,184,1,2
185,719,184,1,2
186,626,185,1,2
186,719,185,1,2
187,719,186,1,2
188,719,187,1,2
189,626,190,2,1
189,719,190,2,1
190,626,191,2,1
190,654,191,2,1
190,718,191,2,1
190,719,191,2,1
191,626,192,2,1
191,637,216,3,0
191,654,192,2,1
191,718,192,2,1
191,719,192,2,1
192,626,193,2,1
192,637,217,3,0
192,654,193,2,1
192,718,193,2,1
192,719,193,2,1
193,626,194,2,1
193,637,218,3,0
193,654,194,2,1
193,701,194,2,1
193,718,194,2,1
193,719,194,2,1
194,626,219,3,0
194,654,219,3,0
194,718,219,3,0
194,719,219,3,0
195,626,220,3,0
195,637,194,1,2
195,654,220,3,0
195,718,220,3,0
195,719,220,3,0
196,626,221,3,0
196,637,195,1,2
196,654,221,3,0
196,718,221,3,0
196,719,221,3,0
197,626,222,3,0
197,654,222,3,0
197,718,222,3,0
197,719,222,3,0
198,626,223,3,0
198,719,223,3,0
199,719,175,2,3
201,626,226,3,0
201,719,226,3,0
202,626,227,3,0
202,718,227,3,0
202,719,227,3,0
203,626,228,3,0
203,637,204,2,1
203,654,228,3,0
203,718,228,3,0
203,719,228,3,0
204,626,229,3,0
204,637,205,2,1
204,654,229,3,0
204,718,229,3,0
204,719,229,3,0
205,626,230,3,0
205,637,206,2,1
205,654,230,3,0
205,701,180,0,3
205,718,230,3,0
205,719,230,3,0
206,626,231,3,0
206,637,207,2,1
206,654,231,3,0
206,718,231,3,0
206,719,231,3,0
207,626,206,1,2
207,637,208,2,1
207,654,206,1,2
207,701,206,1,2
207,718,206,1,2
207,719,206,1,2
208,626,207,1,2
208,637,209,2,1
208,654,207,1,2
208,718,207,1,2
208,719,207,1,2
209,626,208,1,2
209,637,637,16,0
209,654,208,1,2
209,718,208,1,2
209,719,208,1,2
210,626,209,1,2
210,718,209,1,2
210,719,209,1,2
211,626,210,1,2
211,719,210,1,2
212,719,211,1,2
213,719,212,1,2
214,626,215,2,1
214,719,215,2,1
215,626,216,2,1
215,654,216,2,1
215,718,216,2,1
215,719,216,2,1
216,626,217,2,1
216,637,215,1,2
216,654,217,2,1
216,718,217,2,1
216,719,217,2,1
217,626,218,2,1
217,637,216,1,2
217,654,218,2,1
217,718,218,2,1
217,719,218,2,1
218,626,219,2,1
218,637,217,1,2
218,654,219,2,1
218,701,219,2,1
218,718,219,2,1
218,719,219,2,1
219,626,244,3,0
219,637,218,1,2
219,654,244,3,0
219,718,244,3,0
219,719,244,3,0
220,626,245,3,0
220,637,219,1,2
220,654,245,3,0
220,718,245,3,0
220,719,245,3,0
221,626,246,3,0
221,637,220,1,2
221,654,246,3,0
221,718,246,3,0
221,719,246,3,0
222,626,247,3,0
222,654,247,3,0
222,718,247,3,0
222,719,247,3,0
223,626,248,3,0
223,719,248,3,0
224,719,200,2,3
226,626,251,3,0
226,719,251,3,0
227,626,252,3,0
227,718,252,3,0
227,719,252,3,0
228,626,253,3,0
228,637,229,2,1
228,654,253,3,0
228,718,253,3,0
228,719,253,3,0
229,626,254,3,0
229,637,230,2,1
229,654,254,3,0
229,718,254,3,0
229,719,254,3,0
230,626,255,3,0
230,637,231,2,1
230,654,255,3,0
230,701,205,0,3
230,718,255,3,0
230,719,255,3,0
231,626,256,3,0
231,637,206,0,3
231,654,256,3,0
231,718,256,3,0
231,719,256,3,0
232,626,231,1,2
232,637,207,0,3
232,654,231,1,2
232,701,231,1,2
232,718,231,1,2
232,719,231,1,2
233,626,232,1,2
233,637,208,0,3
233,654,232,1,2
233,718,232,1,2
233,719,232,1,2
234,626,233,1,2
234,637,209,0,3
234,654,233,1,2
234,718,233,1,2
234,719,233,1,2
235,626,234,1,2
235,718,234,1,2
235,719,234,1,2
236,626,235,1,2
236,719,235,1,2
237,719,236,1,2
238,719,237,1,2
239,626,240,2,1
239,719,240,2,1
240,626,241,2,1
240,654,241,2,1
240,718,241,2,1
240,719,241,2,1
241,626,242,2,1
241,637,216,0,3
241,654,242,2,1
241,718,242,2,1
241,719,242,2,1
242,626,243,2,1
242,637,217,0,3
242,654,243,2,1
242,718,243,2,1
242,719,243,2,1
243,626,244,2,1
243,637,218,0,3
243,654,244,2,1
243,701,244,2,1
243,718,244,2,1
243,719,244,2,1
244,626,269,3,0
244,637,219,0,3
244,654,269,3,0
244,718,269,3,0
244,719,269,3,0
245,626,270,3,0
245,637,244,1,2
245,654,270,3,0
245,718,270,3,0
245,719,270,3,0
246,626,271,3,0
246,637,245,1,2
246,654,271,3,0
246,718,271,3,0
246,719,271,3,0
247,626,272,3,0
247,654,272,3,0
247,718,272,3,0
247,719,272,3,0
248,626,273,3,0
248,719,273,3,0
249,719,225,2,3
251,626,276,3,0
251,719,719,98,0
252,626,277,3,0
252,718,277,3,0
252,719,251,1,2
253,626,278,3,0
253,637,254,2,1
253,654,278,3,0
253,718,278,3,0
253,719,252,1,2
254,626,279,3,0
254,637,255,2,1
254,654,279,3,0
254,718,279,3,0
254,719,253,1,2
255,626,280,3,0
255,637,256,2,1
255,654,280,3,0
255,701,230,0,3
255,718,280,3,0
255,719,254,1,2
256,626,281,3,0
256,637,231,0,3
256,654,281,3,0
256,718,281,3,0
256,719,255,1,2
257,626,256,1,2
257,637,232,0,3
257,654,256,1,2
257,701,256,1,2
257,718,256,1,2
257,719,256,1,2
258,626,257,1,2
258,637,233,0,3
258,654,257,1,2
258,718,257,1,2
258,719,257,1,2
259,626,258,1,2
259,637,234,0,3
259,654,258,1,2
259,718,258,1,2
259,719,258,1,2
260,626,259,1,2
260,718,259,1,2
260,719,259,1,2
261,626,260,1,2
261,719,260,1,2
262,719,261,1,2
263,719,262,1,2
264,626,265,2,1
264,719,265,2,1
265,626,266,2,1
265,654,266,2,1
265,718,266,2,1
265,719,266,2,1
266,626,267,2,1
266,637,241,0,3
266,654,267,2,1
266,718,267,2,1
266,719,267,2,1
267,626,268,2,1
267,637,242,0,3
267,654,268,2,1
267,718,268,2,1
267,719,268,2,1
268,626,269,2,1
268,637,243,0,3
268,654,269,2,1
268,701,269,2,1
268,718,269,2,1
268,719,269,2,1
269,626,294,3,0
269,637,244,0,3
269,654,294,3,0
269,718,294,3,0
269,719,270,2,1
270,626,295,3,0
270,637,269,1,2
270,654,295,3,0
270,718,295,3,0
270,719,271,2,1
271,626,296,3,0
271,637,270,1,2
271,654,296,3,0
271,718,296,3,0
271,719,272,2,1
272,626,297,3,0
272,654,297,3,0
272,718,297,3,0
272,719,273,2,1
273,626,298,3,0
273,719,274,2,1
274,719,250,2,3
276,626,301,3,0
276,719,251,0,3
277,626,302,3,0
277,718,302,3,0
277,719,252,0,3
278,626,303,3,0
278,637,279,2,1
278,654,303,3,0
278,718,303,3,0
278,719,253,0,3
279,626,304,3,0
279,637,280,2,1
279,654,304,3,0
279,718,304,3,0
279,719,254,0,3
280,626,305,3,0
280,637,281,2,1
280,654,305,3,0
280,701,255,0,3
280,718,305,3,0
280,719,255,0,3
281,626,306,3,0
281,637,256,0,3
281,654,306,3,0
281,718,306,3,0
282,626,281,1,2
282,637,257,0,3
282,654,281,1,2
282,701,281,1,2
282,718,281,1,2
282,719,281,1,2
283,626,282,1,2
283,637,258,0,3
283,654,282,1,2
283,718,282,1,2
283,719,282,1,2
284,626,283,1,2
284,637,259,0,3
284,654,283,1,2
284,718,283,1,2
284,719,283,1,2
285,626,284,1,2
285,718,284,1,2
285,719,284,1,2
286,626,285,1,2
286,719,285,1,2
287,719,286,1,2
288,719,287,1,2
289,626,290,2,1
289,719,290,2,1
290,626,291,2,1
290,654,291,2,1
290,718,291,2,1
290,719,291,2,1
291,626,292,2,1
291,637,266,0,3
291,654,292,2,1
291,718,292,2,1
291,719,292,2,1
292,626,293,2,1
292,637,267,0,3
292,654,293,2,1
292,718,293,2,1
292,719,293,2,1
293,626,294,2,1
293,637,268,0,3
293,654,294,2,1
293,701,294,2,1
293,718,294,2,1
293,719,294,2,1
294,626,319,3,0
294,637,269,0,3
294,654,319,3,0
294,718,319,3,0
295,626,320,3,0
295,637,294,1,2
295,654,320,3,0
295,718,320,3,0
295,719,270,0,3
296,626,321,3,0
296,637,295,1,2
296,654,321,3,0
296,718,321,3,0
296,719,271,0,3
297,626,322,3,0
297,654,322,3,0
297,718,322,3,0
297,719,272,0,3
298,626,323,3,0
298,719,273,0,3
299,719,275,2,3
301,626,326,3,0
301,719,276,0,3
302,626,327,3,0
302,718,718,97,0
302,719,277,0,3
303,626,328,3,0
303,637,304,2,1
303,654,328,3,0
303,718,302,1,2
303,719,278,0,3
304,626,329,3,0
304,637,305,2,1
304,654,329,3,0
304,718,303,1,2
304,719,279,0,3
305,626,330,3,0
305,637,306,2,1
305,654,330,3,0
305,701,280,0,3
305,718,304,1,2
305,719,280,0,3
306,626,331,3,0
306,637,281,0,3
306,654,331,3,0
306,718,305,1,2
306,719,281,0,3
307,626,306,1,2
307,637,282,0,3
307,654,306,1,2
307,701,306,1,2
307,718,306,1,2
307,719,306,1,2
308,626,307,1,2
308,637,283,0,3
308,654,307,1,2
308,718,307,1,2
308,719,307,1,2
309,626,308,1,2
309,637,284,0,3
309,654,308,1,2
309,718,308,1,2
309,719,308,1,2
310,626,309,1,2
310,718,309,1,2
310,719,309,1,2
311,626,310,1,2
311,719,310,1,2
312,719,311,1,2
313,719,312,1,2
314,626,315,2,1
314,719,315,2,1
315,626,316,2,1
315,654,316,2,1
315,718,316,2,1
315,719,316,2,1
316,626,317,2,1
316,637,291,0,3
316,654,317,2,1
316,718,317,2,1
316,719,317,2,1
317,626,318,2,1
317,637,292,0,3
317,654,318,2,1
317,718,318,2,1
317,719,318,2,1
318,626,319,2,1
318,637,293,0,3
318,654,319,2,1
318,701,319,2,1
318,718,319,2,1
318,719,319,2,1
319,626,344,3,0
319,637,294,0,3
319,654,344,3,0
319,718,320,2,1
319,719,294,0,3
320,626,345,3,0
320,637,319,1,2
320,654,345,3,0
320,718,321,2,1
320,719,295,0,3
321,626,346,3,0
321,637,320,1,2
321,654,346,3,0
321,718,322,2,1
321,719,296,0,3
322,626,347,3,0
322,654,347,3,0
322,718,323,2,1
322,719,297,0,3
323,626,348,3,0
323,719,298,0,3
324,719,300,2,3
326,626,351,3,0
326,719,301,0,3
327,626,352,3,0
327,718,302,0,3
327,719,302,0,3
328,626,353,3,0
328,637,329,2,1
328,654,353,3,0
328,718,303,0,3
328,719,303,0,3
329,626,354,3,0
329,637,330,2,1
329,654,354,3,0
329,718,304,0,3
329,719,304,0,3
330,626,355,3,0
330,637,331,2,1
330,654,355,3,0
330,701,305,0,3
330,718,305,0,3
330,719,305,0,3
331,626,356,3,0
331,637,306,0,3
331,654,356,3,0
331,719,306,0,3
332,626,331,1,2
332,637,307,0,3
332,654,331,1,2
332,701,331,1,2
332,718,331,1,2
332,719,331,1,2
333,626,332,1,2
333,637,308,0,3
333,654,332,1,2
333,718,332,1,2
333,719,332,1,2
334,626,333,1,2
334,637,309,0,3
334,654,333,1,2
334,718,333,1,2
334,719,333,1,2
335,626,334,1,2
335,718,334,1,2
335,719,334,1,2
336,626,335,1,2
336,719,335,1,2
337,719,336,1,2
338,719,337,1,2
339,626,340,2,1
339,719,340,2,1
340,626,341,2,1
340,654,341,2,1
340,718,341,2,1
340,719,341,2,1
341,626,342,2,1
341,637,316,0,3
341,654,342,2,1
341,718,342,2,1
341,719,342,2,1
342,626,343,2,1
342,637,317,0,3
342,654,343,2,1
342,718,343,2,1
342,719,343,2,1
343,626,344,2,1
343,637,318,0,3
343,654,344,2,1
343,701,344,2,1
343,718,344,2,1
343,719,344,2,1
344,626,369,3,0
344,637,319,0,3
344,654,369,3,0
344,719,319,0,3
345,626,370,3,0
345,637,344,1,2
345,654,370,3,0
345,718,320,0,3
345,719,320,0,3
346,626,371,3,0
346,637,345,1,2
346,654,371,3,0
346,718,321,0,3
346,719,321,0,3
347,626,372,3,0
347,654,372,3,0
347,718,322,0,3
347,719,322,0,3
348,626,373,3,0
348,719,323,0,3
349,719,325,2,3
351,626,626,5,0
351,719,326,0,3
352,626,351,1,2
352,718,327,0,3
352,719,327,0,3
353,626,352,1,2
353,637,354,2,1
353,654,378,3,0
353,718,328,0,3
353,719,328,0,3
354,626,353,1,2
354,637,355,2,1
354,654,379,3,0
354,718,329,0,3
354,719,329,0,3
355,626,354,1,2
355,637,356,2,1
355,654,380,3,0
355,701,330,0,3
355,718,330,0,3
355,719,330,0,3
356,626,355,1,2
356,637,331,0,3
356,654,381,3,0
356,701,331,0,3
356,719,331,0,3
357,626,356,1,2
357,637,332,0,3
357,654,356,1,2
357,701,356,1,2
357,718,356,1,2
357,719,356,1,2
358,626,357,1,2
358,637,333,0,3
358,654,357,1,2
358,718,357,1,2
358,719,357,1,2
359,626,358,1,2
359,637,334,0,3
359,654,358,1,2
359,718,358,1,2
359,719,358,1,2
360,626,359,1,2
360,718,359,1,2
360,719,359,1,2
361,626,360,1,2
361,719,360,1,2
362,719,361,1,2
363,719,362,1,2
364,626,365,2,1
364,719,365,2,1
365,626,366,2,1
365,654,366,2,1
365,718,366,2,1
365,719,366,2,1
366,626,367,2,1
366,637,341,0,3
366,654,367,2,1
366,718,367,2,1
366,719,367,2,1
367,626,368,2,1
367,637,342,0,3
367,654,368,2,1
367,718,368,2,1
367,719,368,2,1
368,626,369,2,1
368,637,343,0,3
368,654,369,2,1
368,701,369,2,1
368,718,369,2,1
368,719,369,2,1
369,626,370,2,1
369,637,344,0,3
369,654,394,3,0
369,701,344,0,3
369,719,344,0,3
370,626,371,2,1
370,637,369,1,2
370,654,395,3,0
370,718,345,0,3
370,719,345,0,3
371,626,372,2,1
371,637,370,1,2
371,654,396,3,0
371,718,346,0,3
371,719,346,0,3
372,626,373,2,1
372,654,397,3,0
372,718,347,0,3
372,719,347,0,3
373,626,374,2,1
373,719,348,0,3
374,719,350,2,3
376,626,351,0,3
376,719,351,0,3
377,626,352,0,3
377,718,352,0,3
377,719,352,0,3
378,626,353,0,3
378,637,379,2,1
378,654,403,3,0
378,718,353,0,3
378,719,353,0,3
379,626,354,0,3
379,637,380,2,1
379,654,404,3,0
379,718,354,0,3
379,719,354,0,3
380,626,355,0,3
380,637,381,2,1
380,654,405,3,0
380,701,355,0,3
380,718,355,0,3
380,719,355,0,3
381,637,356,0,3
381,701,356,0,3
381,719,356,0,3
382,626,381,1,2
382,637,357,0,3
382,654,381,1,2
382,701,381,1,2
382,718,381,1,2
382,719,381,1,2
383,626,382,1,2
383,637,358,0,3
383,654,382,1,2
383,718,382,1,2
383,719,382,1,2
384,626,383,1,2
384,637,359,0,3
384,654,383,1,2
384,718,383,1,2
384,719,383,1,2
385,626,384,1,2
385,718,384,1,2
385,719,384,1,2
386,626,385,1,2
386,719,385,1,2
387,719,386,1,2
388,719,387,1,2
389,626,390,2,1
389,719,390,2,1
390,626,391,2,1
390,654,391,2,1
390,718,391,2,1
390,719,391,2,1
391,626,392,2,1
391,637,366,0,3
391,654,392,2,1
391,718,392,2,1
391,719,392,2,1
392,626,393,2,1
392,637,367,0,3
392,654,393,2,1
392,718,393,2,1
392,719,393,2,1
393,626,394,2,1
393,637,368,0,3
393,654,394,2,1
393,701,394,2,1
393,718,394,2,1
393,719,394,2,1
394,637,369,0,3
394,701,369,0,3
394,719,369,0,3
395,626,370,0,3
395,637,394,1,2
395,654,420,3,0
395,718,370,0,3
395,719,370,0,3
396,626,371,0,3
396,637,395,1,2
396,654,421,3,0
396,718,371,0,3
396,719,371,0,3
397,626,372,0,3
397,654,422,3,0
397,718,372,0,3
397,719,372,0,3
398,626,373,0,3
398,719,373,0,3
399,719,375,2,3
401,626,376,0,3
401,719,376,0,3
402,626,377,0,3
402,718,377,0,3
402,719,377,0,3
403,626,378,0,3
403,637,404,2,1
403,654,428,3,0
403,718,378,0,3
403,719,378,0,3
404,626,379,0,3
404,637,405,2,1
404,654,429,3,0
404,718,379,0,3
404,719,379,0,3
405,626,380,0,3
405,637,406,2,1
405,654,430,3,0
405,701,380,0,3
405,718,380,0,3
405,719,380,0,3
406,637,381,0,3
406,701,381,0,3
406,718,381,0,3
406,719,381,0,3
407,626,406,1,2
407,637,382,0,3
407,654,406,1,2
407,701,406,1,2
407,718,406,1,2
407,719,406,1,2
408,626,407,1,2
408,637,383,0,3
408,654,407,1,2
408,718,407,1,2
408,719,407,1,2
409,626,408,1,2
409,637,384,0,3
409,654,408,1,2
409,718,408,1,2
409,719,408,1,2
410,626,409,1,2
410,718,409,1,2
410,719,409,1,2
411,626,410,1,2
411,719,410,1,2
412,719,411,1,2
413,719,412,1,2
414,626,415,2,1
414,719,415,2,1
415,626,416,2,1
415,654,416,2,1
415,718,416,2,1
415,719,416,2,1
416,626,417,2,1
416,637,391,0,3
416,654,417,2,1
416,718,417,2,1
416,719,417,2,1
417,626,418,2,1
417,637,392,0,3
417,654,418,2,1
417,718,418,2,1
417,719,418,2,1
418,626,419,2,1
418,637,393,0,3
418,654,419,2,1
418,701,419,2,1
418,718,419,2,1
418,719,419,2,1
419,637,394,0,3
419,701,394,0,3
419,718,394,0,3
419,719,394,0,3
420,626,395,0,3
420,637,419,1,2
420,654,445,3,0
420,718,395,0,3
420,719,395,0,3
421,626,396,0,3
421,637,420,1,2
421,654,446,3,0
421,718,396,0,3
421,719,396,0,3
422,626,397,0,3
422,654,447,3,0
422,718,397,0,3
422,719,397,0,3
423,626,398,0,3
423,719,398,0,3
424,719,400,2,3
426,626,401,0,3
426,719,401,0,3
427,626,402,0,3
427,718,402,0,3
427,719,402,0,3
428,626,403,0,3
428,637,429,2,1
428,654,453,3,0
428,718,403,0,3
428,719,403,0,3
429,626,404,0,3
429,637,430,2,1
429,654,454,3,0
429,718,404,0,3
429,719,404,0,3
430,626,405,0,3
430,637,431,2,1
430,654,455,3,0
430,701,455,3,0
430,718,405,0,3
430,719,405,0,3
431,626,406,0,3
431,718,406,0,3
431,719,406,0,3
432,626,431,1,2
432,637,407,0,3
432,654,431,1,2
432,701,431,1,2
432,718,431,1,2
432,719,431,1,2
433,626,432,1,2
433,637,408,0,3
433,654,432,1,2
433,718,432,1,2
433,719,432,1,2
434,626,433,1,2
434,637,409,0,3
434,654,433,1,2
434,718,433,1,2
434,719,433,1,2
435,626,434,1,2
435,718,434,1,2
435,719,434,1,2
436,626,435,1,2
436,719,435,1,2
437,719,436,1,2
438,719,437,1,2
439,626,440,2,1
439,719,440,2,1
440,626,441,2,1
440,654,441,2,1
440,718,441,2,1
440,719,441,2,1
441,626,442,2,1
441,637,416,0,3
441,654,442,2,1
441,718,442,2,1
441,719,442,2,1
442,626,443,2,1
442,637,417,0,3
442,654,443,2,1
442,718,443,2,1
442,719,443,2,1
443,626,444,2,1
443,637,418,0,3
443,654,444,2,1
443,701,444,2,1
443,718,444,2,1
443,719,444,2,1
444,626,419,0,3
444,718,419,0,3
444,719,419,0,3
445,626,420,0,3
445,637,444,1,2
445,654,470,3,0
445,718,420,0,3
445,719,420,0,3
446,626,421,0,3
446,637,445,1,2
446,654,471,3,0
446,718,421,0,3
446,719,421,0,3
447,626,422,0,3
447,654,472,3,0
447,718,422,0,3
447,719,422,0,3
448,626,423,0,3
448,719,423,0,3
449,719,425,2,3
451,626,426,0,3
451,719,426,0,3
452,626,427,0,3
452,718,427,0,3
452,719,427,0,3
453,626,428,0,3
453,637,454,2,1
453,654,452,1,2
453,718,428,0,3
453,719,428,0,3
454,626,429,0,3
454,637,455,2,1
454,654,453,1,2
454,718,429,0,3
454,719,429,0,3
455,626,430,0,3
455,637,456,2,1
455,654,454,1,2
455,701,480,3,0
455,718,430,0,3
455,719,430,0,3
456,626,431,0,3
456,654,455,1,2
456,718,431,0,3
456,719,431,0,3
457,626,456,1,2
457,637,432,0,3
457,654,456,1,2
457,701,456,1,2
457,718,456,1,2
457,719,456,1,2
458,626,457,1,2
458,637,433,0,3
458,654,457,1,2
458,718,457,1,2
458,719,457,1,2
459,626,458,1,2
459,637,434,0,3
459,654,458,1,2
459,718,458,1,2
459,719,458,1,2
460,626,459,1,2
460,718,459,1,2
460,719,459,1,2
461,626,460,1,2
461,719,460,1,2
462,719,461,1,2
463,719,462,1,2
464,626,465,2,1
464,719,465,2,1
465,626,466,2,1
465,654,466,2,1
465,718,466,2,1
465,719,466,2,1
466,626,467,2,1
466,637,441,0,3
466,654,467,2,1
466,718,467,2,1
466,719,467,2,1
467,626,468,2,1
467,637,442,0,3
467,654,468,2,1
467,718,468,2,1
467,719,468,2,1
468,626,469,2,1
468,637,443,0,3
468,654,469,2,1
468,701,469,2,1
468,718,469,2,1
468,719,469,2,1
469,626,444,0,3
469,654,470,2,1
469,718,444,0,3
469,719,444,0,3
470,626,445,0,3
470,637,469,1,2
470,654,471,2,1
470,718,445,0,3
470,719,445,0,3
471,626,446,0,3
471,637,470,1,2
471,654,472,2,1
471,718,446,0,3
471,719,446,0,3
472,626,447,0,3
472,654,654,33,0
472,718,447,0,3
472,719,447,0,3
473,626,448,0,3
473,719,448,0,3
474,719,450,2,3
476,626,451,0,3
476,719,451,0,3
477,626,452,0,3
477,718,452,0,3
477,719,452,0,3
478,626,453,0,3
478,637,479,2,1
478,654,453,0,3
478,718,453,0,3
478,719,453,0,3
479,626,454,0,3
479,637,480,2,1
479,654,454,0,3
479,718,454,0,3
479,719,454,0,3
480,626,455,0,3
480,637,481,2,1
480,654,455,0,3
480,701,505,3,0
480,718,455,0,3
480,719,455,0,3
481,626,456,0,3
481,654,456,0,3
481,718,456,0,3
481,719,456,0,3
482,626,481,1,2
482,637,457,0,3
482,654,481,1,2
482,701,481,1,2
482,718,481,1,2
482,719,481,1,2
483,626,482,1,2
483,637,458,0,3
483,654,482,1,2
483,718,482,1,2
483,719,482,1,2
484,626,483,1,2
484,637,459,0,3
484,654,483,1,2
484,718,483,1,2
484,719,483,1,2
485,626,484,1,2
485,718,484,1,2
485,719,484,1,2
486,626,485,1,2
486,719,485,1,2
487,719,486,1,2
488,719,487,1,2
489,626,490,2,1
489,719,490,2,1
490,626,491,2,1
490,654,491,2,1
490,718,491,2,1
490,719,491,2,1
491,626,492,2,1
491,637,466,0,3
491,654,492,2,1
491,718,492,2,1
491,719,492,2,1
492,626,493,2,1
492,637,467,0,3
492,654,493,2,1
492,718,493,2,1
492,719,493,2,1
493,626,494,2,1
493,637,468,0,3
493,654,494,2,1
493,701,494,2,1
493,718,494,2,1
493,719,494,2,1
494,626,469,0,3
494,654,469,0,3
494,718,469,0,3
494,719,469,0,3
495,626,470,0,3
495,637,494,1,2
495,654,470,0,3
495,718,470,0,3
495,719,470,0,3
496,626,471,0,3
496,637,495,1,2
496,654,471,0,3
496,718,471,0,3
496,719,471,0,3
497,626,472,0,3
497,654,472,0,3
497,718,472,0,3
497,719,472,0,3
498,626,473,0,3
498,719,473,0,3
499,719,475,2,3
501,626,476,0,3
501,719,476,0,3
502,626,477,0,3
502,718,477,0,3
502,719,477,0,3
503,626,478,0,3
503,637,504,2,1
503,654,478,0,3
503,718,478,0,3
503,719,478,0,3
504,626,479,0,3
504,637,505,2,1
504,654,479,0,3
504,718,479,0,3
504,719,479,0,3
505,626,480,0,3
505,637,506,2,1
505,654,480,0,3
505,701,530,3,0
505,718,480,0,3
505,719,480,0,3
506,626,481,0,3
506,654,481,0,3
506,718,481,0,3
506,719,481,0,3
507,626,506,1,2
507,637,482,0,3
507,654,506,1,2
507,701,506,1,2
507,718,506,1,2
507,719,506,1,2
508,626,507,1,2
508,637,483,0,3
508,654,507,1,2
508,718,507,1,2
508,719,507,1,2
509,626,508,1,2
509,637,484,0,3
509,654,508,1,2
509,718,508,1,2
509,719,508,1,2
510,626,509,1,2
510,718,509,1,2
510,719,509,1,2
511,626,510,1,2
511,719,510,1,2
512,719,511,1,2
513,719,512,1,2
514,626,515,2,1
514,719,515,2,1
515,626,516,2,1
515,654,516,2,1
515,718,516,2,1
515,719,516,2,1
516,626,517,2,1
516,637,491,0,3
516,654,517,2,1
516,718,517,2,1
516,719,517,2,1
517,626,518,2,1
517,637,492,0,3
517,654,518,2,1
517,718,518,2,1
517,719,518,2,1
518,626,519,2,1
518,637,493,0,3
518,654,519,2,1
518,701,519,2,1
518,718,519,2,1
518,719,519,2,1
519,626,494,0,3
519,654,494,0,3
519,718,494,0,3
519,719,494,0,3
520,626,495,0,3
520,637,519,1,2
520,654,495,0,3
520,718,495,0,3
520,719,495,0,3
521,626,496,0,3
521,637,520,1,2
521,654,496,0,3
521,718,496,0,3
521,719,496,0,3
522,626,497,0,3
522,654,497,0,3
522,718,497,0,3
522,719,497,0,3
523,626,498,0,3
523,719,498,0,3
524,719,500,2,3
526,626,501,0,3
526,719,501,0,3
527,626,502,0,3
527,718,502,0,3
527,719,502,0,3
528,626,503,0,3
528,637,529,2,1
528,654,503,0,3
528,718,503,0,3
528,719,503,0,3
529,626,504,0,3
529,637,530,2,1
529,654,504,0,3
529,718,504,0,3
529,719,504,0,3
530,626,505,0,3
530,637,531,2,1
530,654,505,0,3
530,701,555,3,0
530,718,505,0,3
530,719,505,0,3
531,626,506,0,3
531,637,556,3,0
531,654,506,0,3
531,718,506,0,3
531,719,506,0,3
532,626,531,1,2
532,637,557,3,0
532,654,531,1,2
532,701,531,1,2
532,718,531,1,2
532,719,531,1,2
533,626,532,1,2
533,637,558,3,0
533,654,532,1,2
533,718,532,1,2
533,719,532,1,2
534,626,533,1,2
534,637,559,3,0
534,654,533,1,2
534,718,533,1,2
534,719,533,1,2
535,626,534,1,2
535,718,534,1,2
535,719,534,1,2
536,626,535,1,2
536,719,535,1,2
537,719,536,1,2
538,719,537,1,2
539,626,540,2,1
539,719,540,2,1
540,626,541,2,1
540,654,541,2,1
540,718,541,2,1
540,719,541,2,1
541,626,542,2,1
541,637,566,3,0
541,654,542,2,1
541,718,542,2,1
541,719,542,2,1
542,626,543,2,1
542,637,567,3,0
542,654,543,2,1
542,718,543,2,1
542,719,543,2,1
543,626,544,2,1
543,637,568,3,0
543,654,544,2,1
543,701,544,2,1
543,718,544,2,1
543,719,544,2,1
544,626,519,0,3
544,637,569,3,0
544,654,519,0,3
544,718,519,0,3
544,719,519,0,3
545,626,520,0,3
545,637,544,1,2
545,654,520,0,3
545,718,520,0,3
545,719,520,0,3
546,626,521,0,3
546,637,545,1,2
546,654,521,0,3
546,718,521,0,3
546,719,521,0,3
547,626,522,0,3
547,654,522,0,3
547,718,522,0,3
547,719,522,0,3
548,626,523,0,3
548,719,523,0,3
549,719,525,2,3
551,626,526,0,3
551,719,526,0,3
552,626,527,0,3
552,718,527,0,3
552,719,527,0,3
553,626,528,0,3
553,637,554,2,1
553,654,528,0,3
553,718,528,0,3
553,719,528,0,3
554,626,529,0,3
554,637,555,2,1
554,654,529,0,3
554,718,529,0,3
554,719,529,0,3
555,626,530,0,3
555,637,556,2,1
555,654,530,0,3
555,701,580,3,0
555,718,530,0,3
555,719,530,0,3
556,626,531,0,3
556,637,581,3,0
556,654,531,0,3
556,718,531,0,3
556,719,531,0,3
557,626,556,1,2
557,637,582,3,0
557,654,556,1,2
557,701,556,1,2
557,718,556,1,2
557,719,556,1,2
558,626,557,1,2
558,637,583,3,0
558,654,557,1,2
558,718,557,1,2
558,719,557,1,2
559,626,558,1,2
559,637,584,3,0
559,654,558,1,2
559,718,558,1,2
559,719,558,1,2
560,626,559,1,2
560,718,559,1,2
560,719,559,1,2
561,626,560,1,2
561,719,560,1,2
562,719,561,1,2
563,719,562,1,2
564,626,565,2,1
564,719,565,2,1
565,626,566,2,1
565,654,566,2,1
565,718,566,2,1
565,719,566,2,1
566,626,567,2,1
566,637,591,3,0
566,654,567,2,1
566,718,567,2,1
566,719,567,2,1
567,626,568,2,1
567,637,592,3,0
567,654,568,2,1
567,718,568,2,1
567,719,568,2,1
568,626,569,2,1
568,637,593,3,0
568,654,569,2,1
568,701,569,2,1
568,718,569,2,1
568,719,569,2,1
569,626,544,0,3
569,637,594,3,0
569,654,544,0,3
569,718,544,0,3
569,719,544,0,3
570,626,545,0,3
570,637,569,1,2
570,654,545,0,3
570,718,545,0,3
570,719,545,0,3
571,626,546,0,3
571,637,570,1,2
571,654,546,0,3
571,718,546,0,3
571,719,546,0,3
572,626,547,0,3
572,654,547,0,3
572,718,547,0,3
572,719,547,0,3
573,626,548,0,3
573,719,548,0,3
574,719,550,2,3
576,626,551,0,3
576,719,601,3,0
577,626,552,0,3
577,718,552,0,3
577,719,602,3,0
578,626,553,0,3
578,637,579,2,1
578,654,553,0,3
578,718,553,0,3
578,719,603,3,0
579,626,554,0,3
579,637,580,2,1
579,654,554,0,3
579,718,554,0,3
579,719,604,3,0
580,626,555,0,3
580,637,581,2,1
580,654,555,0,3
580,701,605,3,0
580,718,555,0,3
580,719,605,3,0
581,626,556,0,3
581,637,606,3,0
581,654,556,0,3
581,718,556,0,3
582,626,581,1,2
582,637,607,3,0
582,654,581,1,2
582,701,581,1,2
582,718,581,1,2
582,719,581,1,2
583,626,582,1,2
583,637,608,3,0
583,654,582,1,2
583,718,582,1,2
583,719,582,1,2
584,626,583,1,2
584,637,609,3,0
584,654,583,1,2
584,718,583,1,2
584,719,583,1,2
585,626,584,1,2
585,718,584,1,2
585,719,584,1,2
586,626,585,1,2
586,719,585,1,2
587,719,586,1,2
588,719,587,1,2
589,626,590,2,1
589,719,590,2,1
590,626,591,2,1
590,654,591,2,1
590,718,591,2,1
590,719,591,2,1
591,626,592,2,1
591,637,616,3,0
591,654,592,2,1
591,718,592,2,1
591,719,592,2,1
592,626,593,2,1
592,637,617,3,0
592,654,593,2,1
592,718,593,2,1
592,719,593,2,1
593,626,594,2,1
593,637,618,3,0
593,654,594,2,1
593,701,594,2,1
593,718,594,2,1
593,719,594,2,1
594,626,569,0,3
594,637,619,3,0
594,654,569,0,3
594,718,569,0,3
595,626,570,0,3
595,637,594,1,2
595,654,570,0,3
595,718,570,0,3
595,719,620,3,0
596,626,571,0,3
596,637,595,1,2
596,654,571,0,3
596,718,571,0,3
596,719,621,3,0
597,626,572,0,3
597,654,572,0,3
597,718,572,0,3
597,719,622,3,0
598,626,573,0,3
598,719,623,3,0
599,719,575,2,3
601,626,576,0,3
601,719,1,3,3
602,626,577,0,3
602,718,577,0,3
602,719,2,3,3
603,626,578,0,3
603,637,604,2,1
603,654,578,0,3
603,718,578,0,3
603,719,3,3,3
604,626,579,0,3
604,637,605,2,1
604,654,579,0,3
604,718,579,0,3
604,719,4,3,3
605,626,580,0,3
605,637,606,2,1
605,654,580,0,3
605,701,5,3,3
605,718,580,0,3
605,719,5,3,3
606,626,581,0,3
606,637,6,3,3
606,654,581,0,3
606,718,581,0,3
606,719,6,3,3
607,626,606,1,2
607,637,7,3,3
607,654,606,1,2
607,701,606,1,2
607,718,606,1,2
607,719,606,1,2
608,626,607,1,2
608,637,8,3,3
608,654,607,1,2
608,718,607,1,2
608,719,607,1,2
609,626,608,1,2
609,637,9,3,3
609,654,608,1,2
609,718,608,1,2
609,719,608,1,2
610,626,609,1,2
610,718,609,1,2
610,719,609,1,2
611,626,610,1,2
611,719,610,1,2
612,719,611,1,2
614,626,615,2,1
614,719,615,2,1
615,626,616,2,1
615,654,616,2,1
615,718,616,2,1
615,719,616,2,1
616,626,617,2,1
616,637,16,3,3
616,654,617,2,1
616,718,617,2,1
616,719,617,2,1
617,626,618,2,1
617,637,17,3,3
617,654,618,2,1
617,718,618,2,1
617,719,618,2,1
618,626,619,2,1
618,637,18,3,3
618,654,619,2,1
618,701,619,2,1
618,718,619,2,1
618,719,619,2,1
619,626,594,0,3
619,637,19,3,3
619,654,594,0,3
619,718,594,0,3
619,719,19,3,3
620,626,595,0,3
620,637,619,1,2
620,654,595,0,3
620,718,595,0,3
620,719,20,3,3
621,626,596,0,3
621,637,620,1,2
621,654,596,0,3
621,718,596,0,3
621,719,21,3,3
622,626,597,0,3
622,654,597,0,3
622,718,597,0,3
622,719,22,3,3
623,626,598,0,3
623,719,23,3,3
624,719,600,2,3
626,625,351,0,5
626,627,351,0,5
626,628,351,0,5
626,629,351,0,5
626,630,351,0,5
626,631,351,0,5
626,632,351,0,5
626,633,351,0,5
626,634,351,0,5
626,635,351,0,5
626,636,351,0,5
626,637,351,0,5
626,638,351,0,5
626,639,351,0,5
626,640,351,0,5
626,641,351,0,5
626,642,351,0,5
626,643,351,0,5
626,644,351,0,5
626,645,351,0,5
626,646,351,0,5
626,647,351,0,5
626,648,351,0,5
626,649,351,0,5
626,650,351,0,5
626,651,351,0,5
626,652,351,0,5
626,653,351,0,5
626,654,351,0,5
626,655,351,0,5
626,656,351,0,5
626,657,351,0,5
626,658,351,0,5
626,659,351,0,5
626,660,351,0,5
626,661,351,0,5
626,662,351,0,5
626,663,351,0,5
626,664,351,0,5
626,665,351,0,5
626,666,351,0,5
626,667,351,0,5
626,668,351,0,5
626,669,351,0,5
626,670,351,0,5
626,671,351,0,5
626,672,351,0,5
626,673,351,0,5
626,674,351,0,5
626,675,351,0,5
626,676,351,0,5
626,677,351,0,5
626,678,351,0,5
626,679,351,0,5
626,680,351,0,5
626,681,351,0,5
626,682,351,0,5
626,683,351,0,5
626,684,351,0,5
626,685,351,0,5
626,686,351,0,5
626,687,351,0,5
626,688,351,0,5
626,689,351,0,5
626,690,351,0,5
626,691,351,0,5
626,692,351,0,5
626,693,351,0,5
626,694,351,0,5
626,695,351,0,5
626,696,351,0,5
626,697,351,0,5
626,698,351,0,5
626,699,351,0,5
626,700,351,0,5
626,701,351,0,5
626,702,351,0,5
626,703,351,0,5
626,704,351,0,5
626,705,351,0,5
626,706,351,0,5
626,707,351,0,5
626,708,351,0,5
626,709,351,0,5
626,710,351,0,5
626,711,351,0,5
626,712,351,0,5
626,713,351,0,5
626,714,351,0,5
626,715,351,0,5
626,716,351,0,5
626,717,351,0,5
626,718,351,0,5
626,719,351,0,5
626,720,351,0,5
626,721,351,0,5
626,722,351,0,5
626,723,351,0,5
626,724,351,0,5
637,625,209,0,16
637,626,209,0,16
637,627,209,0,16
637,628,209,0,16
637,629,209,0,16
637,630,209,0,16
637,631,209,0,16
637,632,209,0,16
637,633,209,0,16
637,634,209,0,16
637,635,209,0,16
637,636,209,0,16
637,638,209,0,16
637,639,209,0,16
637,640,209,0,16
637,641,209,0,16
637,642,209,0,16
637,643,209,0,16
637,644,209,0,16
637,645,209,0,16
637,646,209,0,16
637,647,209,0,16
637,648,209,0,16
637,649,209,0,16
637,650,209,0,16
637,651,209,0,16
637,652,209,0,16
637,653,209,0,16
637,654,209,0,16
637,655,209,0,16
637,656,209,0,16
637,657,209,0,16
637,658,209,0,16
637,659,209,0,16
637,660,209,0,16
637,661,209,0,16
637,662,209,0,16
637,663,209,0,16
637,664,209,0,16
637,665,209,0,16
637,666,209,0,16
637,667,209,0,16
637,668,209,0,16
637,669,209,0,16
637,670,209,0,16
637,671,209,0,16
637,672,209,0,16
637,673,209,0,16
637,674,209,0,16
637,675,209,0,16
637,676,209,0,16
637,677,209,0,16
637,678,209,0,16
637,679,209,0,16
637,680,209,0,16
637,681,209,0,16
637,682,209,0,16
637,683,209,0,16
637,684,209,0,16
637,685,209,0,16
637,686,209,0,16
637,687,209,0,16
637,688,209,0,16
637,689,209,0,16
637,690,209,0,16
637,691,209,0,16
637,692,209,0,16
637,693,209,0,16
637,694,209,0,16
637,695,209,0,16
637,696,209,0,16
637,697,209,0,16
637,698,209,0,16
637,699,209,0,16
637,700,209,0,16
637,701,209,0,16
637,702,209,0,16
637,703,209,0,16
637,704,209,0,16
637,705,209,0,16
637,706,209,0,16
637,707,209,0,16
637,708,209,0,16
637,709,209,0,16
637,710,209,0,16
637,711,209,0,16
637,712,209,0,16
637,713,209,0,16
637,714,209,0,16
637,715,209,0,16
637,716,209,0,16
637,717,209,0,16
637,718,209,0,16
637,719,209,0,16
637,720,209,0,16
637,721,209,0,16
637,722,209,0,16
637,723,209,0,16
637,724,209,0,16
654,625,472,0,33
654,626,472,0,33
654,627,472,0,33
654,628,472,0,33
654,629,472,0,33
654,630,472,0,33
654,631,472,0,33
654,632,472,0,33
654,633,472,0,33
654,634,472,0,33
654,635,472,0,33
654,636,472,0,33
654,637,472,0,33
654,638,472,0,33
654,639,472,0,33
654,640,472,0,33
654,641,472,0,33
654,642,472,0,33
654,643,472,0,33
654,644,472,0,33
654,645,472,0,33
654,646,472,0,33
654,647,472,0,33
654,648,472,0,33
654,649,472,0,33
654,650,472,0,33
654,651,472,0,33
654,652,472,0,33
654,653,472,0,33
654,655,472,0,33
654,656,472,0,33
654,657,472,0,33
654,658,472,0,33
654,659,472,0,33
654,660,472,0,33
654,661,472,0,33
654,662,472,0,33
654,663,472,0,33
654,664,472,0,33
654,665,472,0,33
654,666,472,0,33
654,667,472,0,33
654,668,472,0,33
654,669,472,0,33
654,670,472,0,33
654,671,472,0,33
654,672,472,0,33
654,673,472,0,33
654,674,472,0,33
654,675,472,0,33
654,676,472,0,33
654,677,472,0,33
654,678,472,0,33
654,679,472,0,33
654,680,472,0,33
654,681,472,0,33
654,682,472,0,33
654,683,472,0,33
654,684,472,0,33
654,685,472,0,33
654,686,472,0,33
654,687,472,0,33
654,688,472,0,33
654,689,472,0,33
654,690,472,0,33
654,691,472,0,33
654,692,472,0,33
654,693,472,0,33
654,694,472,0,33
654,695,472,0,33
654,696,472,0,33
654,697,472,0,33
654,698,472,0,33
654,699,472,0,33
654,700,472,0,33
654,701,472,0,33
654,702,472,0,33
654,703,472,0,33
654,704,472,0,33
654,705,472,0,33
654,706,472,0,33
654,707,472,0,33
654,708,472,0,33
654,709,472,0,33
654,710,472,0,33
654,711,472,0,33
654,712,472,0,33
654,713,472,0,33
654,714,472,0,33
654,715,472,0,33
654,716,472,0,33
654,717,472,0,33
654,718,472,0,33
654,719,472,0,33
654,720,472,0,33
654,721,472,0,33
654,722,472,0,33
654,723,472,0,33
654,724,472,0,33
701,625,105,0,80
701,626,105,0,80
701,627,105,0,80
701,628,105,0,80
701,629,105,0,80
701,630,105,0,80
701,631,105,0,80
701,632,105,0,80
701,633,105,0,80
701,634,105,0,80
701,635,105,0,80
701,636,105,0,80
701,637,105,0,80
701,638,105,0,80
701,639,105,0,80
701,640,105,0,80
701,641,105,0,80
701,642,105,0,80
701,643,105,0,80
701,644,105,0,80
701,645,105,0,80
701,646,105,0,80
701,647,105,0,80
701,648,105,0,80
701,649,105,0,80
701,650,105,0,80
701,651,105,0,80
701,652,105,0,80
701,653,105,0,80
701,654,105,0,80
701,655,105,0,80
701,656,105,0,80
701,657,105,0,80
701,658,105,0,80
701,659,105,0,80
701,660,105,0,80
701,661,105,0,80
701,662,105,0,80
701,663,105,0,80
701,664,105,0,80
701,665,105,0,80
701,666,105,0,80
701,667,105,0,80
701,668,105,0,80
701,669,105,0,80
701,670,105,0,80
701,671,105,0,80
701,672,105,0,80
701,673,105,0,80
701,674,105,0,80
701,675,105,0,80
701,676,105,0,80
701,677,105,0,80
701,678,105,0,80
701,679,105,0,80
701,680,105,0,80
701,681,105,0,80
701,682,105,0,80
701,683,105,0,80
701,684,105,0,80
701,685,105,0,80
701,686,105,0,80
701,687,105,0,80
701,688,105,0,80
701,689,105,0,80
701,690,105,0,80
701,691,105,0,80
701,692,105,0,80
701,693,105,0,80
701,694,105,0,80
701,695,105,0,80
701,696,105,0,80
701,697,105,0,80
701,698,105,0,80
701,699,105,0,80
701,700,105,0,80
701,702,105,0,80
701,703,105,0,80
701,704,105,0,80
701,705,105,0,80
701,706,105,0,80
701,707,105,0,80
701,708,105,0,80
701,709,105,0,80
701,710,105,0,80
701,711,105,0,80
701,712,105,0,80
701,713,105,0,80
701,714,105,0,80
701,715,105,0,80
701,716,105,0,80
701,717,105,0,80
701,718,105,0,80
701,719,105,0,80
701,720,105,0,80
701,721,105,0,80
701,722,105,0,80
701,723,105,0,80
701,724,105,0,80
718,625,302,0,97
718,626,302,0,97
718,627,302,0,97
718,628,302,0,97
718,629,302,0,97
718,630,302,0,97
718,631,302,0,97
718,632,302,0,97
718,633,302,0,97
718,634,302,0,97
718,635,302,0,97
718,636,302,0,97
718,637,302,0,97
718,638,302,0,97
718,639,302,0,97
718,640,302,0,97
718,641,302,0,97
718,642,302,0,97
718,643,302,0,97
718,644,302,0,97
718,645,302,0,97
718,646,302,0,97
718,647,302,0,97
718,648,302,0,97
718,649,302,0,97
718,650,302,0,97
718,651,302,0,97
718,652,302,0,97
718,653,302,0,97
718,654,302,0,97
718,655,302,0,97
718,656,302,0,97
718,657,302,0,97
718,658,302,0,97
718,659,302,0,97
718,660,302,0,97
718,661,302,0,97
718,662,302,0,97
718,663,302,0,97
718,664,302,0,97
718,665,302,0,97
718,666,302,0,97
718,667,302,0,97
718,668,302,0,97
718,669,302,0,97
718,670,302,0,97
718,671,302,0,97
718,672,302,0,97
718,673,302,0,97
718,674,302,0,97
718,675,302,0,97
718,676,302,0,97
718,677,302,0,97
718,678,302,0,97
718,679,302,0,97
718,680,302,0,97
718,681,302,0,97
718,682,302,0,97
718,683,302,0,97
718,684,302,0,97
718,685,302,0,97
718,686,302,0,97
718,687,302,0,97
718,688,302,0,97
718,689,302,0,97
718,690,302,0,97
718,691,302,0,97
718,692,302,0,97
718,693,302,0,97
718,694,302,0,97
718,695,302,0,97
718,696,302,0,97
718,697,302,0,97
718,698,302,0,97
718,699,302,0,97
718,700,302,0,97
718,701,302,0,97
718,702,302,0,97
718,703,302,0,97
718,704,302,0,97
718,705,302,0,97
718,706,302,0,97
718,707,302,0,97
718,708,302,0,97
718,709,302,0,97
718,710,302,0,97
718,711,302,0,97
718,712,302,0,97
718,713,302,0,97
718,714,302,0,97
718,715,302,0,97
718,716,302,0,97
718,717,302,0,97
718,719,302,0,97
718,720,302,0,97
718,721,302,0,97
718,722,302,0,97
718,723,302,0,97
718,724,302,0,97
719,625,251,0,98
719,626,251,0,98
719,627,251,0,98
719,628,251,0,98
719,629,251,0,98
719,630,251,0,98
719,631,251,0,98
719,632,251,0,98
719,633,251,0,98
719,634,251,0,98
719,635,251,0,98
719,636,251,0,98
719,637,251,0,98
719,638,251,0,98
719,639,251,0,98
719,640,251,0,98
719,641,251,0,98
719,642,251,0,98
719,643,251,0,98
719,644,251,0,98
719,645,251,0,98
719,646,251,0,98
719,647,251,0,98
719,648,251,0,98
719,649,251,0,98
719,650,251,0,98
719,651,251,0,98
719,652,251,0,98
719,653,251,0,98
719,654,251,0,98
719,655,251,0,98
719,656,251,0,98
719,657,251,0,98
719,658,251,0,98
719,659,251,0,98
719,660,251,0,98
719,661,251,0,98
719,662,251,0,98
719,663,251,0,98
719,664,251,0,98
719,665,251,0,98
719,666,251,0,98
719,667,251,0,98
719,668,251,0,98
719,669,251,0,98
719,670,251,0,98
719,671,251,0,98
719,672,251,0,98
719,673,251,0,98
719,674,251,0,98
719,675,251,0,98
719,676,251,0,98
719,677,251,0,98
719,678,251,0,98
719,679,251,0,98
719,680,251,0,98
719,681,251,0,98
719,682,251,0,98
719,683,251,0,98
719,684,251,0,98
719,685,251,0,98
719,686,251,0,98
719,687,251,0,98
719,688,251,0,98
719,689,251,0,98
719,690,251,0,98
719,691,251,0,98
719,692,251,0,98
719,693,251,0,98
719,694,251,0,98
719,695,251,0,98
719,696,251,0,98
719,697,251,0,98
719,698,251,0,98
719,699,251,0,98
719,700,251,0,98
719,701,251,0,98
719,702,251,0,98
719,703,251,0,98
719,704,251,0,98
719,705,251,0,98
719,706,251,0,98
719,707,251,0,98
719,708,251,0,98
719,709,251,0,98
719,710,251,0,98
719,711,251,0,98
719,712,251,0,98
719,713,251,0,98
719,714,251,0,98
719,715,251,0,98
719,716,251,0,98
719,717,251,0,98
719,718,251,0,98
719,720,251,0,98
719,721,251,0,98
719,722,251,0,98
719,723,251,0,98
719,724,251,0,98
