1,715,601,3,3
2,715,602,3,3
2,720,27,2,0
2,724,3,1,0
3,687,28,2,0
3,715,603,3,3
3,720,28,2,0
3,724,4,1,0
4,687,29,2,0
4,715,604,3,3
4,720,29,2,0
4,724,5,1,0
5,687,30,2,0
5,715,605,3,3
5,724,30,2,0
6,687,5,0,1
6,715,5,0,1
6,720,5,0,1
6,724,31,2,0
7,687,6,0,1
7,715,6,0,1
7,720,6,0,1
7,724,32,2,0
8,687,7,0,1
8,715,7,0,1
8,720,7,0,1
8,724,33,2,0
9,715,8,0,1
9,720,8,0,1
9,724,34,2,0
10,715,9,0,1
14,715,15,1,0
15,687,16,1,0
15,715,16,1,0
15,720,16,1,0
15,724,40,2,0
16,687,17,1,0
16,715,17,1,0
16,720,17,1,0
16,724,41,2,0
17,687,18,1,0
17,715,18,1,0
17,720,18,1,0
17,724,42,2,0
18,687,43,2,0
18,715,618,3,3
18,724,43,2,0
19,687,44,2,0
19,715,619,3,3
19,720,44,2,0
19,724,18,0,1
20,687,45,2,0
20,715,620,3,3
20,720,45,2,0
20,724,19,0,1
21,687,46,2,0
21,715,621,3,3
21,720,46,2,0
21,724,20,0,1
22,715,622,3,3
26,715,51,3,0
27,715,52,3,0
27,720,52,3,0
27,724,28,2,1
28,687,53,3,0
28,715,53,3,0
28,720,53,3,0
28,724,29,2,1
29,687,54,3,0
29,715,54,3,0
29,720,54,3,0
29,724,30,2,1
30,687,55,3,0
30,724,55,3,0
31,687,30,1,2
31,715,30,1,2
31,720,30,1,2
31,724,56,3,0
32,687,31,1,2
32,715,31,1,2
32,720,31,1,2
32,724,57,3,0
33,687,32,1,2
33,715,32,1,2
33,720,32,1,2
33,724,58,3,0
34,715,33,1,2
34,720,33,1,2
34,724,59,3,0
35,715,34,1,2
39,715,40,2,1
40,687,41,2,1
40,715,41,2,1
40,720,41,2,1
40,724,65,3,0
41,687,42,2,1
41,715,42,2,1
41,720,42,2,1
41,724,66,3,0
42,687,43,2,1
42,715,43,2,1
42,720,43,2,1
42,724,67,3,0
43,687,68,3,0
43,724,68,3,0
44,687,69,3,0
44,715,69,3,0
44,720,69,3,0
44,724,43,1,2
45,687,70,3,0
45,715,70,3,0
45,720,70,3,0
45,724,44,1,2
46,687,71,3,0
46,715,71,3,0
46,720,71,3,0
46,724,45,1,2
47,715,72,3,0
51,715,76,3,0
52,715,77,3,0
52,720,77,3,0
52,724,53,2,1
53,687,78,3,0
53,715,78,3,0
53,720,78,3,0
53,724,54,2,1
54,687,79,3,0
54,715,79,3,0
54,720,79,3,0
54,724,55,2,1
56,687,55,1,2
56,715,55,1,2
56,720,55,1,2
56,724,81,3,0
57,687,56,1,2
57,715,56,1,2
57,720,56,1,2
57,724,82,3,0
58,687,57,1,2
58,715,57,1,2
58,720,57,1,2
58,724,83,3,0
59,715,58,1,2
59,720,58,1,2
59,724,84,3,0
60,715,59,1,2
64,715,65,2,1
65,687,66,2,1
65,715,66,2,1
65,720,66,2,1
65,724,90,3,0
66,687,67,2,1
66,715,67,2,1
66,720,67,2,1
66,724,91,3,0
67,687,68,2,1
67,715,68,2,1
67,720,68,2,1
67,724,92,3,0
69,687,94,3,0
69,715,94,3,0
69,720,94,3,0
69,724,68,1,2
70,687,95,3,0
70,715,95,3,0
70,720,95,3,0
70,724,69,1,2
71,687,96,3,0
71,715,96,3,0
71,720,96,3,0
71,724,70,1,2
72,715,97,3,0
76,715,101,3,0
77,715,102,3,0
77,720,102,3,0
77,724,78,2,1
78,687,103,3,0
78,715,103,3,0
78,720,103,3,0
78,724,79,2,1
79,687,104,3,0
79,715,104,3,0
79,720,104,3,0
79,724,80,2,1
80,715,105,3,0
80,720,105,3,0
81,687,80,1,2
81,715,80,1,2
81,720,80,1,2
81,724,106,3,0
82,687,81,1,2
82,715,81,1,2
82,720,81,1,2
82,724,107,3,0
83,687,82,1,2
83,715,82,1,2
83,720,82,1,2
83,724,108,3,0
84,715,83,1,2
84,720,83,1,2
84,724,109,3,0
85,715,84,1,2
89,715,90,2,1
90,687,91,2,1
90,715,91,2,1
90,720,91,2,1
90,724,115,3,0
91,687,92,2,1
91,715,92,2,1
91,720,92,2,1
91,724,116,3,0
92,687,93,2,1
92,715,93,2,1
92,720,93,2,1
92,724,117,3,0
93,715,118,3,0
93,720,118,3,0
94,687,119,3,0
94,715,119,3,0
94,720,119,3,0
94,724,93,1,2
95,687,120,3,0
95,715,120,3,0
95,720,120,3,0
95,724,94,1,2
96,687,121,3,0
96,715,121,3,0
96,720,121,3,0
96,724,95,1,2
97,715,122,3,0
101,715,126,3,0
102,715,127,3,0
102,720,127,3,0
102,724,103,2,1
103,687,128,3,0
103,715,128,3,0
103,720,128,3,0
103,724,104,2,1
104,687,129,3,0
104,715,129,3,0
104,720,129,3,0
104,724,105,2,1
105,715,130,3,0
105,720,130,3,0
106,687,105,1,2
106,715,105,1,2
106,720,105,1,2
106,724,131,3,0
107,687,106,1,2
107,715,106,1,2
107,720,106,1,2
107,724,132,3,0
108,687,107,1,2
108,715,107,1,2
108,720,107,1,2
108,724,133,3,0
109,715,108,1,2
109,720,108,1,2
109,724,134,3,0
110,715,109,1,2
114,715,115,2,1
115,687,116,2,1
115,715,116,2,1
115,720,116,2,1
115,724,140,3,0
116,687,117,2,1
116,715,117,2,1
116,720,117,2,1
116,724,141,3,0
117,687,118,2,1
117,715,118,2,1
117,720,118,2,1
117,724,142,3,0
118,715,143,3,0
118,720,143,3,0
119,687,144,3,0
119,715,144,3,0
119,720,144,3,0
119,724,118,1,2
120,687,145,3,0
120,715,145,3,0
120,720,145,3,0
120,724,119,1,2
121,687,146,3,0
121,715,146,3,0
121,720,146,3,0
121,724,120,1,2
122,715,147,3,0
126,715,151,3,0
127,715,152,3,0
127,720,152,3,0
127,724,128,2,1
128,687,153,3,0
128,715,153,3,0
128,720,153,3,0
128,724,129,2,1
129,687,154,3,0
129,715,154,3,0
129,720,154,3,0
129,724,130,2,1
130,715,155,3,0
130,720,155,3,0
130,724,131,2,1
131,687,130,1,2
131,715,130,1,2
131,720,130,1,2
131,724,132,2,1
132,687,131,1,2
132,715,131,1,2
132,720,131,1,2
132,724,133,2,1
133,687,132,1,2
133,715,132,1,2
133,720,132,1,2
133,724,134,2,1
134,715,133,1,2
134,720,133,1,2
134,724,724,103,0
135,715,134,1,2
139,715,140,2,1
140,687,141,2,1
140,715,141,2,1
140,720,141,2,1
140,724,139,1,2
141,687,142,2,1
141,715,142,2,1
141,720,142,2,1
141,724,140,1,2
142,687,143,2,1
142,715,143,2,1
142,720,143,2,1
142,724,141,1,2
143,715,168,3,0
143,720,168,3,0
143,724,142,1,2
144,687,169,3,0
144,715,169,3,0
144,720,169,3,0
144,724,143,1,2
145,687,170,3,0
145,715,170,3,0
145,720,170,3,0
145,724,144,1,2
146,687,171,3,0
146,715,171,3,0
146,720,171,3,0
146,724,145,1,2
147,715,172,3,0
151,715,176,3,0
152,715,177,3,0
152,720,177,3,0
152,724,153,2,1
153,687,152,1,2
153,708,708,87,0
153,715,178,3,0
153,720,178,3,0
153,724,154,2,1
154,687,153,1,2
154,708,153,1,2
154,715,179,3,0
154,720,179,3,0
154,724,155,2,1
155,687,154,1,2
155,708,154,1,2
155,715,180,3,0
155,720,180,3,0
155,724,130,0,3
156,687,155,1,2
156,715,155,1,2
156,720,155,1,2
156,724,131,0,3
157,687,156,1,2
157,715,156,1,2
157,720,156,1,2
157,724,132,0,3
158,687,157,1,2
158,715,157,1,2
158,720,157,1,2
158,724,133,0,3
159,715,158,1,2
159,720,158,1,2
159,724,134,0,3
160,715,159,1,2
164,715,165,2,1
165,687,166,2,1
165,715,166,2,1
165,720,166,2,1
165,724,140,0,3
166,687,167,2,1
166,715,167,2,1
166,720,167,2,1
166,724,141,0,3
167,687,168,2,1
167,715,168,2,1
167,720,168,2,1
167,724,142,0,3
168,687,169,2,1
168,708,169,2,1
168,715,193,3,0
168,720,193,3,0
168,724,143,0,3
169,687,170,2,1
169,708,170,2,1
169,715,194,3,0
169,720,194,3,0
169,724,168,1,2
170,687,171,2,1
170,708,171,2,1
170,715,195,3,0
170,720,195,3,0
170,724,169,1,2
171,687,687,66,0
171,715,196,3,0
171,720,196,3,0
171,724,170,1,2
172,715,197,3,0
176,715,201,3,0
177,715,202,3,0
177,720,202,3,0
177,724,178,2,1
178,687,153,0,3
178,708,153,0,3
178,715,203,3,0
178,720,203,3,0
178,724,179,2,1
179,687,154,0,3
179,708,154,0,3
179,715,204,3,0
179,720,204,3,0
179,724,180,2,1
180,687,155,0,3
180,708,155,0,3
180,715,205,3,0
180,720,205,3,0
180,724,155,0,3
181,687,180,1,2
181,715,180,1,2
181,720,180,1,2
181,724,156,0,3
182,687,181,1,2
182,715,181,1,2
182,720,181,1,2
182,724,157,0,3
183,687,182,1,2
183,715,182,1,2
183,720,182,1,2
183,724,158,0,3
184,715,183,1,2
184,720,183,1,2
184,724,159,0,3
185,715,184,1,2
189,715,190,2,1
190,687,191,2,1
190,715,191,2,1
190,720,191,2,1
190,724,165,0,3
191,687,192,2,1
191,715,192,2,1
191,720,192,2,1
191,724,166,0,3
192,687,193,2,1
192,715,193,2,1
192,720,193,2,1
192,724,167,0,3
193,687,168,0,3
193,708,168,0,3
193,715,218,3,0
193,720,218,3,0
193,724,168,0,3
194,687,169,0,3
194,708,169,0,3
194,715,219,3,0
194,720,219,3,0
194,724,193,1,2
195,687,170,0,3
195,708,170,0,3
195,715,220,3,0
195,720,220,3,0
195,724,194,1,2
196,687,171,0,3
196,715,221,3,0
196,720,221,3,0
196,724,195,1,2
197,715,222,3,0
201,715,226,3,0
202,715,227,3,0
202,720,227,3,0
202,724,203,2,1
203,687,178,0,3
203,715,228,3,0
203,720,228,3,0
203,724,204,2,1
204,687,179,0,3
204,715,229,3,0
204,720,229,3,0
204,724,205,2,1
205,687,180,0,3
205,715,230,3,0
205,720,230,3,0
205,724,180,0,3
206,687,205,1,2
206,715,205,1,2
206,720,205,1,2
206,724,181,0,3
207,687,206,1,2
207,715,206,1,2
207,720,206,1,2
207,724,182,0,3
208,687,207,1,2
208,715,207,1,2
208,720,207,1,2
208,724,183,0,3
209,715,208,1,2
209,720,208,1,2
209,724,184,0,3
210,715,209,1,2
214,715,215,2,1
215,687,216,2,1
215,715,216,2,1
215,720,216,2,1
215,724,190,0,3
216,687,217,2,1
216,715,217,2,1
216,720,217,2,1
216,724,191,0,3
217,687,218,2,1
217,715,218,2,1
217,720,218,2,1
217,724,192,0,3
218,687,193,0,3
218,715,243,3,0
218,720,243,3,0
218,724,193,0,3
219,687,194,0,3
219,715,244,3,0
219,720,244,3,0
219,724,218,1,2
220,687,195,0,3
220,715,245,3,0
220,720,245,3,0
220,724,219,1,2
221,687,196,0,3
221,715,246,3,0
221,720,246,3,0
221,724,220,1,2
222,715,247,3,0
226,715,251,3,0
227,715,252,3,0
227,720,252,3,0
227,724,228,2,1
228,687,203,0,3
228,715,253,3,0
228,720,253,3,0
228,724,229,2,1
229,687,204,0,3
229,715,254,3,0
229,720,254,3,0
229,724,230,2,1
230,687,205,0,3
230,715,255,3,0
230,720,255,3,0
230,724,205,0,3
231,687,230,1,2
231,715,230,1,2
231,720,230,1,2
231,724,206,0,3
232,687,231,1,2
232,715,231,1,2
232,720,231,1,2
232,724,207,0,3
233,687,232,1,2
233,715,232,1,2
233,720,232,1,2
233,724,208,0,3
234,715,233,1,2
234,720,233,1,2
234,724,209,0,3
235,715,234,1,2
239,715,240,2,1
240,687,241,2,1
240,715,241,2,1
240,720,241,2,1
240,724,215,0,3
241,687,242,2,1
241,715,242,2,1
241,720,242,2,1
241,724,216,0,3
242,687,243,2,1
242,715,243,2,1
242,720,243,2,1
242,724,217,0,3
243,687,218,0,3
243,715,268,3,0
243,720,268,3,0
243,724,218,0,3
244,687,219,0,3
244,715,269,3,0
244,720,269,3,0
244,724,243,1,2
245,687,220,0,3
245,715,270,3,0
245,720,270,3,0
245,724,244,1,2
246,687,221,0,3
246,715,271,3,0
246,720,271,3,0
246,724,245,1,2
247,715,272,3,0
251,715,276,3,0
252,715,277,3,0
252,720,277,3,0
252,724,253,2,1
253,687,228,0,3
253,715,278,3,0
253,720,278,3,0
253,724,254,2,1
254,687,229,0,3
254,715,279,3,0
254,720,279,3,0
254,724,255,2,1
255,687,230,0,3
255,715,280,3,0
255,720,280,3,0
255,724,230,0,3
256,687,255,1,2
256,715,255,1,2
256,720,255,1,2
256,724,231,0,3
257,687,256,1,2
257,715,256,1,2
257,720,256,1,2
257,724,232,0,3
258,687,257,1,2
258,715,257,1,2
258,720,257,1,2
258,724,233,0,3
259,715,258,1,2
259,720,258,1,2
259,724,234,0,3
260,715,259,1,2
264,715,265,2,1
265,687,266,2,1
265,715,266,2,1
265,720,266,2,1
265,724,240,0,3
266,687,267,2,1
266,715,267,2,1
266,720,267,2,1
266,724,241,0,3
267,687,268,2,1
267,715,268,2,1
267,720,268,2,1
267,724,242,0,3
268,687,243,0,3
268,715,293,3,0
268,720,293,3,0
268,724,243,0,3
269,687,244,0,3
269,715,294,3,0
269,720,294,3,0
269,724,268,1,2
270,687,245,0,3
270,715,295,3,0
270,720,295,3,0
270,724,269,1,2
271,687,246,0,3
271,715,296,3,0
271,720,296,3,0
271,724,270,1,2
272,715,297,3,0
276,715,301,3,0
277,715,302,3,0
277,720,720,99,0
277,724,278,2,1
278,687,253,0,3
278,715,303,3,0
278,720,277,1,2
278,724,279,2,1
279,687,254,0,3
279,715,304,3,0
279,720,278,1,2
279,724,280,2,1
280,687,255,0,3
280,715,305,3,0
280,720,279,1,2
280,724,255,0,3
281,687,280,1,2
281,715,280,1,2
281,720,280,1,2
281,724,256,0,3
282,687,281,1,2
282,715,281,1,2
282,720,281,1,2
282,724,257,0,3
283,687,282,1,2
283,715,282,1,2
283,720,282,1,2
283,724,258,0,3
284,715,283,1,2
284,720,283,1,2
284,724,259,0,3
285,715,284,1,2
289,715,290,2,1
290,687,291,2,1
290,715,291,2,1
290,720,291,2,1
290,724,265,0,3
291,687,292,2,1
291,715,292,2,1
291,720,292,2,1
291,724,266,0,3
292,687,293,2,1
292,715,293,2,1
292,720,293,2,1
292,724,267,0,3
293,687,268,0,3
293,715,318,3,0
293,720,294,2,1
293,724,268,0,3
294,687,269,0,3
294,715,319,3,0
294,720,295,2,1
294,724,293,1,2
295,687,270,0,3
295,715,320,3,0
295,720,296,2,1
295,724,294,1,2
296,687,271,0,3
296,715,321,3,0
296,720,297,2,1
296,724,295,1,2
297,715,322,3,0
301,715,326,3,0
302,715,327,3,0
302,720,277,0,3
302,724,303,2,1
303,687,278,0,3
303,715,328,3,0
303,720,278,0,3
303,724,304,2,1
304,687,279,0,3
304,715,329,3,0
304,720,279,0,3
304,724,305,2,1
305,687,280,0,3
305,715,330,3,0
305,724,280,0,3
306,687,305,1,2
306,715,305,1,2
306,720,305,1,2
306,724,281,0,3
307,687,306,1,2
307,715,306,1,2
307,720,306,1,2
307,724,282,0,3
308,687,307,1,2
308,715,307,1,2
308,720,307,1,2
308,724,283,0,3
309,715,308,1,2
309,720,308,1,2
309,724,284,0,3
310,715,309,1,2
314,715,315,2,1
315,687,316,2,1
315,715,316,2,1
315,720,316,2,1
315,724,290,0,3
316,687,317,2,1
316,715,317,2,1
316,720,317,2,1
316,724,291,0,3
317,687,318,2,1
317,715,318,2,1
317,720,318,2,1
317,724,292,0,3
318,687,293,0,3
318,715,343,3,0
318,724,293,0,3
319,687,294,0,3
319,715,344,3,0
319,720,294,0,3
319,724,318,1,2
320,687,295,0,3
320,715,345,3,0
320,720,295,0,3
320,724,319,1,2
321,687,296,0,3
321,715,346,3,0
321,720,296,0,3
321,724,320,1,2
322,715,347,3,0
326,715,715,94,0
327,715,326,1,2
327,720,302,0,3
327,724,328,2,1
328,687,303,0,3
328,715,327,1,2
328,720,303,0,3
328,724,329,2,1
329,687,304,0,3
329,715,328,1,2
329,720,304,0,3
329,724,330,2,1
330,687,305,0,3
330,715,329,1,2
330,724,305,0,3
331,687,330,1,2
331,715,330,1,2
331,720,330,1,2
331,724,306,0,3
332,687,331,1,2
332,715,331,1,2
332,720,331,1,2
332,724,307,0,3
333,687,332,1,2
333,715,332,1,2
333,720,332,1,2
333,724,308,0,3
334,715,333,1,2
334,720,333,1,2
334,724,309,0,3
335,715,334,1,2
339,715,340,2,1
340,687,341,2,1
340,715,341,2,1
340,720,341,2,1
340,724,315,0,3
341,687,342,2,1
341,715,342,2,1
341,720,342,2,1
341,724,316,0,3
342,687,343,2,1
342,715,343,2,1
342,720,343,2,1
342,724,317,0,3
343,687,318,0,3
343,715,344,2,1
343,724,318,0,3
344,687,319,0,3
344,715,345,2,1
344,720,319,0,3
344,724,343,1,2
345,687,320,0,3
345,715,346,2,1
345,720,320,0,3
345,724,344,1,2
346,687,321,0,3
346,715,347,2,1
346,720,321,0,3
346,724,345,1,2
347,715,348,2,1
351,715,326,0,3
352,715,327,0,3
352,720,327,0,3
352,724,353,2,1
353,687,328,0,3
353,715,328,0,3
353,720,328,0,3
353,724,354,2,1
354,687,329,0,3
354,715,329,0,3
354,720,329,0,3
354,724,355,2,1
355,687,330,0,3
355,724,330,0,3
356,687,355,1,2
356,715,355,1,2
356,720,355,1,2
356,724,331,0,3
357,687,356,1,2
357,715,356,1,2
357,720,356,1,2
357,724,332,0,3
358,687,357,1,2
358,715,357,1,2
358,720,357,1,2
358,724,333,0,3
359,715,358,1,2
359,720,358,1,2
359,724,334,0,3
360,715,359,1,2
364,715,365,2,1
365,687,366,2,1
365,715,366,2,1
365,720,366,2,1
365,724,340,0,3
366,687,367,2,1
366,715,367,2,1
366,720,367,2,1
366,724,341,0,3
367,687,368,2,1
367,715,368,2,1
367,720,368,2,1
367,724,342,0,3
368,687,343,0,3
368,724,343,0,3
369,687,344,0,3
369,715,344,0,3
369,720,344,0,3
369,724,368,1,2
370,687,345,0,3
370,715,345,0,3
370,720,345,0,3
370,724,369,1,2
371,687,346,0,3
371,715,346,0,3
371,720,346,0,3
371,724,370,1,2
372,715,347,0,3
376,715,351,0,3
377,715,352,0,3
377,720,352,0,3
377,724,378,2,1
378,687,353,0,3
378,715,353,0,3
378,720,353,0,3
378,724,379,2,1
379,687,354,0,3
379,715,354,0,3
379,720,354,0,3
379,724,380,2,1
381,687,380,1,2
381,715,380,1,2
381,720,380,1,2
381,724,356,0,3
382,687,381,1,2
382,715,381,1,2
382,720,381,1,2
382,724,357,0,3
383,687,382,1,2
383,715,382,1,2
383,720,382,1,2
383,724,358,0,3
384,715,383,1,2
384,720,383,1,2
384,724,359,0,3
385,715,384,1,2
389,715,390,2,1
390,687,391,2,1
390,715,391,2,1
390,720,391,2,1
390,724,365,0,3
391,687,392,2,1
391,715,392,2,1
391,720,392,2,1
391,724,366,0,3
392,687,393,2,1
392,715,393,2,1
392,720,393,2,1
392,724,367,0,3
394,687,369,0,3
394,715,369,0,3
394,720,369,0,3
394,724,393,1,2
395,687,370,0,3
395,715,370,0,3
395,720,370,0,3
395,724,394,1,2
396,687,371,0,3
396,715,371,0,3
396,720,371,0,3
396,724,395,1,2
397,715,372,0,3
401,715,376,0,3
402,715,377,0,3
402,720,377,0,3
402,724,403,2,1
403,687,378,0,3
403,715,378,0,3
403,720,378,0,3
403,724,404,2,1
404,687,379,0,3
404,715,379,0,3
404,720,379,0,3
404,724,405,2,1
405,715,380,0,3
405,720,380,0,3
406,687,405,1,2
406,715,405,1,2
406,720,405,1,2
406,724,381,0,3
407,687,406,1,2
407,715,406,1,2
407,720,406,1,2
407,724,382,0,3
408,687,407,1,2
408,715,407,1,2
408,720,407,1,2
408,724,383,0,3
409,715,408,1,2
409,720,408,1,2
409,724,384,0,3
410,715,409,1,2
414,715,415,2,1
415,687,416,2,1
415,715,416,2,1
415,720,416,2,1
415,724,390,0,3
416,687,417,2,1
416,715,417,2,1
416,720,417,2,1
416,724,391,0,3
417,687,418,2,1
417,715,418,2,1
417,720,418,2,1
417,724,392,0,3
418,715,393,0,3
418,720,393,0,3
419,687,394,0,3
419,715,394,0,3
419,720,394,0,3
419,724,418,1,2
420,687,395,0,3
420,715,395,0,3
420,720,395,0,3
420,724,419,1,2
421,687,396,0,3
421,715,396,0,3
421,720,396,0,3
421,724,420,1,2
422,715,397,0,3
426,715,401,0,3
427,715,402,0,3
427,720,402,0,3
427,724,428,2,1
428,687,403,0,3
428,715,403,0,3
428,720,403,0,3
428,724,429,2,1
429,687,404,0,3
429,715,404,0,3
429,720,404,0,3
429,724,430,2,1
430,715,405,0,3
430,720,405,0,3
431,687,430,1,2
431,715,430,1,2
431,720,430,1,2
431,724,406,0,3
432,687,431,1,2
432,715,431,1,2
432,720,431,1,2
432,724,407,0,3
433,687,432,1,2
433,715,432,1,2
433,720,432,1,2
433,724,408,0,3
434,715,433,1,2
434,720,433,1,2
434,724,409,0,3
435,715,434,1,2
439,715,440,2,1
440,687,441,2,1
440,715,441,2,1
440,720,441,2,1
440,724,415,0,3
441,687,442,2,1
441,715,442,2,1
441,720,442,2,1
441,724,416,0,3
442,687,443,2,1
442,715,443,2,1
442,720,443,2,1
442,724,417,0,3
443,715,418,0,3
443,720,418,0,3
444,687,419,0,3
444,715,419,0,3
444,720,419,0,3
444,724,443,1,2
445,687,420,0,3
445,715,420,0,3
445,720,420,0,3
445,724,444,1,2
446,687,421,0,3
446,715,421,0,3
446,720,421,0,3
446,724,445,1,2
447,715,422,0,3
451,715,426,0,3
452,715,427,0,3
452,720,427,0,3
452,724,453,2,1
453,687,428,0,3
453,715,428,0,3
453,720,428,0,3
453,724,454,2,1
454,687,429,0,3
454,715,429,0,3
454,720,429,0,3
454,724,455,2,1
455,715,430,0,3
455,720,430,0,3
455,724,480,3,0
456,687,455,1,2
456,715,455,1,2
456,720,455,1,2
456,724,481,3,0
457,687,456,1,2
457,715,456,1,2
457,720,456,1,2
457,724,482,3,0
458,687,457,1,2
458,715,457,1,2
458,720,457,1,2
458,724,483,3,0
459,715,458,1,2
459,720,458,1,2
459,724,484,3,0
460,715,459,1,2
464,715,465,2,1
465,687,466,2,1
465,715,466,2,1
465,720,466,2,1
465,724,490,3,0
466,687,467,2,1
466,715,467,2,1
466,720,467,2,1
466,724,491,3,0
467,687,468,2,1
467,715,468,2,1
467,720,468,2,1
467,724,492,3,0
468,715,443,0,3
468,720,443,0,3
468,724,493,3,0
469,687,444,0,3
469,715,444,0,3
469,720,444,0,3
469,724,468,1,2
470,687,445,0,3
470,715,445,0,3
470,720,445,0,3
470,724,469,1,2
471,687,446,0,3
471,715,446,0,3
471,720,446,0,3
471,724,470,1,2
472,715,447,0,3
476,715,451,0,3
477,715,452,0,3
477,720,452,0,3
477,724,478,2,1
478,687,503,3,0
478,708,503,3,0
478,715,453,0,3
478,720,453,0,3
478,724,479,2,1
479,687,504,3,0
479,708,504,3,0
479,715,454,0,3
479,720,454,0,3
479,724,480,2,1
480,687,505,3,0
480,708,505,3,0
480,715,455,0,3
480,720,455,0,3
480,724,505,3,0
481,687,480,1,2
481,715,480,1,2
481,720,480,1,2
481,724,506,3,0
482,687,481,1,2
482,715,481,1,2
482,720,481,1,2
482,724,507,3,0
483,687,482,1,2
483,715,482,1,2
483,720,482,1,2
483,724,508,3,0
484,715,483,1,2
484,720,483,1,2
484,724,509,3,0
485,715,484,1,2
489,715,490,2,1
490,687,491,2,1
490,715,491,2,1
490,720,491,2,1
490,724,515,3,0
491,687,492,2,1
491,715,492,2,1
491,720,492,2,1
491,724,516,3,0
492,687,493,2,1
492,715,493,2,1
492,720,493,2,1
492,724,517,3,0
493,687,518,3,0
493,708,518,3,0
493,715,468,0,3
493,720,468,0,3
493,724,518,3,0
494,687,519,3,0
494,708,519,3,0
494,715,469,0,3
494,720,469,0,3
494,724,493,1,2
495,687,520,3,0
495,708,520,3,0
495,715,470,0,3
495,720,470,0,3
495,724,494,1,2
496,687,521,3,0
496,715,471,0,3
496,720,471,0,3
496,724,495,1,2
497,715,472,0,3
501,715,476,0,3
502,715,477,0,3
502,720,477,0,3
502,724,503,2,1
503,687,528,3,0
503,715,478,0,3
503,720,478,0,3
503,724,504,2,1
504,687,529,3,0
504,715,479,0,3
504,720,479,0,3
504,724,505,2,1
505,687,530,3,0
505,715,480,0,3
505,720,480,0,3
505,724,530,3,0
506,687,505,1,2
506,715,505,1,2
506,720,505,1,2
506,724,531,3,0
507,687,506,1,2
507,715,506,1,2
507,720,506,1,2
507,724,532,3,0
508,687,507,1,2
508,715,507,1,2
508,720,507,1,2
508,724,533,3,0
509,715,508,1,2
509,720,508,1,2
509,724,534,3,0
510,715,509,1,2
514,715,515,2,1
515,687,516,2,1
515,715,516,2,1
515,720,516,2,1
515,724,540,3,0
516,687,517,2,1
516,715,517,2,1
516,720,517,2,1
516,724,541,3,0
517,687,518,2,1
517,715,518,2,1
517,720,518,2,1
517,724,542,3,0
518,687,543,3,0
518,715,493,0,3
518,720,493,0,3
518,724,543,3,0
519,687,544,3,0
519,715,494,0,3
519,720,494,0,3
519,724,518,1,2
520,687,545,3,0
520,715,495,0,3
520,720,495,0,3
520,724,519,1,2
521,687,546,3,0
521,715,496,0,3
521,720,496,0,3
521,724,520,1,2
522,715,497,0,3
526,715,501,0,3
527,715,502,0,3
527,720,502,0,3
527,724,528,2,1
528,687,553,3,0
528,715,503,0,3
528,720,503,0,3
528,724,529,2,1
529,687,554,3,0
529,715,504,0,3
529,720,504,0,3
529,724,530,2,1
530,687,555,3,0
530,715,505,0,3
530,720,505,0,3
530,724,555,3,0
531,687,530,1,2
531,715,530,1,2
531,720,530,1,2
531,724,556,3,0
532,687,531,1,2
532,715,531,1,2
532,720,531,1,2
532,724,557,3,0
533,687,532,1,2
533,715,532,1,2
533,720,532,1,2
533,724,558,3,0
534,715,533,1,2
534,720,533,1,2
534,724,559,3,0
535,715,534,1,2
539,715,540,2,1
540,687,541,2,1
540,715,541,2,1
540,720,541,2,1
540,724,565,3,0
541,687,542,2,1
541,715,542,2,1
541,720,542,2,1
541,724,566,3,0
542,687,543,2,1
542,715,543,2,1
542,720,543,2,1
542,724,567,3,0
543,687,568,3,0
543,715,518,0,3
543,720,518,0,3
543,724,568,3,0
544,687,569,3,0
544,715,519,0,3
544,720,519,0,3
544,724,543,1,2
545,687,570,3,0
545,715,520,0,3
545,720,520,0,3
545,724,544,1,2
546,687,571,3,0
546,715,521,0,3
546,720,521,0,3
546,724,545,1,2
547,715,522,0,3
551,715,526,0,3
552,715,527,0,3
552,720,527,0,3
552,724,553,2,1
553,687,578,3,0
553,715,528,0,3
553,720,528,0,3
553,724,554,2,1
554,687,579,3,0
554,715,529,0,3
554,720,529,0,3
554,724,555,2,1
555,687,580,3,0
555,715,530,0,3
555,720,530,0,3
555,724,580,3,0
556,687,555,1,2
556,715,555,1,2
556,720,555,1,2
556,724,581,3,0
557,687,556,1,2
557,715,556,1,2
557,720,556,1,2
557,724,582,3,0
558,687,557,1,2
558,715,557,1,2
558,720,557,1,2
558,724,583,3,0
559,715,558,1,2
559,720,558,1,2
559,724,584,3,0
560,715,559,1,2
564,715,565,2,1
565,687,566,2,1
565,715,566,2,1
565,720,566,2,1
565,724,590,3,0
566,687,567,2,1
566,715,567,2,1
566,720,567,2,1
566,724,591,3,0
567,687,568,2,1
567,715,568,2,1
567,720,568,2,1
567,724,592,3,0
568,687,593,3,0
568,715,543,0,3
568,720,543,0,3
568,724,593,3,0
569,687,594,3,0
569,715,544,0,3
569,720,544,0,3
569,724,568,1,2
570,687,595,3,0
570,715,545,0,3
570,720,545,0,3
570,724,569,1,2
571,687,596,3,0
571,715,546,0,3
571,720,546,0,3
571,724,570,1,2
572,715,547,0,3
576,715,551,0,3
577,715,552,0,3
577,720,552,0,3
577,724,578,2,1
578,687,603,3,0
578,715,553,0,3
578,720,553,0,3
578,724,579,2,1
579,687,604,3,0
579,715,554,0,3
579,720,554,0,3
579,724,580,2,1
580,687,605,3,0
580,715,555,0,3
580,720,555,0,3
580,724,605,3,0
581,687,580,1,2
581,715,580,1,2
581,720,580,1,2
581,724,606,3,0
582,687,581,1,2
582,715,581,1,2
582,720,581,1,2
582,724,607,3,0
583,687,582,1,2
583,715,582,1,2
583,720,582,1,2
583,724,608,3,0
584,715,583,1,2
584,720,583,1,2
584,724,609,3,0
585,715,584,1,2
589,715,590,2,1
590,687,591,2,1
590,715,591,2,1
590,720,591,2,1
590,724,615,3,0
591,687,592,2,1
591,715,592,2,1
591,720,592,2,1
591,724,616,3,0
592,687,593,2,1
592,715,593,2,1
592,720,593,2,1
592,724,617,3,0
593,687,618,3,0
593,715,568,0,3
593,720,568,0,3
593,724,618,3,0
594,687,619,3,0
594,715,569,0,3
594,720,569,0,3
594,724,593,1,2
595,687,620,3,0
595,715,570,0,3
595,720,570,0,3
595,724,594,1,2
596,687,621,3,0
596,715,571,0,3
596,720,571,0,3
596,724,595,1,2
597,715,572,0,3
601,715,576,0,3
602,715,577,0,3
602,720,2,3,3
602,724,603,2,1
603,687,3,3,3
603,715,578,0,3
603,720,3,3,3
603,724,604,2,1
604,687,4,3,3
604,715,579,0,3
604,720,4,3,3
604,724,605,2,1
605,687,5,3,3
605,715,580,0,3
605,724,5,3,3
606,687,605,1,2
606,715,605,1,2
606,720,605,1,2
606,724,6,3,3
607,687,606,1,2
607,715,606,1,2
607,720,606,1,2
607,724,7,3,3
608,687,607,1,2
608,715,607,1,2
608,720,607,1,2
608,724,8,3,3
609,715,608,1,2
609,720,608,1,2
609,724,9,3,3
610,715,609,1,2
614,715,615,2,1
615,687,616,2,1
615,715,616,2,1
615,720,616,2,1
615,724,15,3,3
616,687,617,2,1
616,715,617,2,1
616,720,617,2,1
616,724,16,3,3
617,687,618,2,1
617,715,618,2,1
617,720,618,2,1
617,724,17,3,3
618,687,18,3,3
618,715,593,0,3
618,724,18,3,3
619,687,19,3,3
619,715,594,0,3
619,720,19,3,3
619,724,618,1,2
620,687,20,3,3
620,715,595,0,3
620,720,20,3,3
620,724,619,1,2
621,687,21,3,3
621,715,596,0,3
621,720,21,3,3
621,724,620,1,2
622,715,597,0,3
687,625,171,0,66
687,626,171,0,66
687,627,171,0,66
687,628,171,0,66
687,629,171,0,66
687,630,171,0,66
687,631,171,0,66
687,632,171,0,66
687,633,171,0,66
687,634,171,0,66
687,635,171,0,66
687,636,171,0,66
687,637,171,0,66
687,638,171,0,66
687,639,171,0,66
687,640,171,0,66
687,641,171,0,66
687,642,171,0,66
687,643,171,0,66
687,644,171,0,66
687,645,171,0,66
687,646,171,0,66
687,647,171,0,66
687,648,171,0,66
687,649,171,0,66
687,650,171,0,66
687,651,171,0,66
687,652,171,0,66
687,653,171,0,66
687,654,171,0,66
687,655,171,0,66
687,656,171,0,66
687,657,171,0,66
687,658,171,0,66
687,659,171,0,66
687,660,171,0,66
687,661,171,0,66
687,662,171,0,66
687,663,171,0,66
687,664,171,0,66
687,665,171,0,66
687,666,171,0,66
687,667,171,0,66
687,668,171,0,66
687,669,171,0,66
687,670,171,0,66
687,671,171,0,66
687,672,171,0,66
687,673,171,0,66
687,674,171,0,66
687,675,171,0,66
687,676,171,0,66
687,677,171,0,66
687,678,171,0,66
687,679,171,0,66
687,680,171,0,66
687,681,171,0,66
687,682,171,0,66
687,683,171,0,66
687,684,171,0,66
687,685,171,0,66
687,686,171,0,66
687,688,171,0,66
687,689,171,0,66
687,690,171,0,66
687,691,171,0,66
687,692,171,0,66
687,693,171,0,66
687,694,171,0,66
687,695,171,0,66
687,696,171,0,66
687,697,171,0,66
687,698,171,0,66
687,699,171,0,66
687,700,171,0,66
687,701,171,0,66
687,702,171,0,66
687,703,171,0,66
687,704,171,0,66
687,705,171,0,66
687,706,171,0,66
687,707,171,0,66
687,708,171,0,66
687,709,171,0,66
687,710,171,0,66
687,711,171,0,66
687,712,171,0,66
687,713,171,0,66
687,714,171,0,66
687,715,171,0,66
687,716,171,0,66
687,717,171,0,66
687,718,171,0,66
687,719,171,0,66
687,720,171,0,66
687,721,171,0,66
687,722,171,0,66
687,723,171,0,66
687,724,171,0,66
708,625,153,0,87
708,626,153,0,87
708,627,153,0,87
708,628,153,0,87
708,629,153,0,87
708,630,153,0,87
708,631,153,0,87
708,632,153,0,87
708,633,153,0,87
708,634,153,0,87
708,635,153,0,87
708,636,153,0,87
708,637,153,0,87
708,638,153,0,87
708,639,153,0,87
708,640,153,0,87
708,641,153,0,87
708,642,153,0,87
708,643,153,0,87
708,644,153,0,87
708,645,153,0,87
708,646,153,0,87
708,647,153,0,87
708,648,153,0,87
708,649,153,0,87
708,650,153,0,87
708,651,153,0,87
708,652,153,0,87
708,653,153,0,87
708,654,153,0,87
708,655,153,0,87
708,656,153,0,87
708,657,153,0,87
708,658,153,0,87
708,659,153,0,87
708,660,153,0,87
708,661,153,0,87
708,662,153,0,87
708,663,153,0,87
708,664,153,0,87
708,665,153,0,87
708,666,153,0,87
708,667,153,0,87
708,668,153,0,87
708,669,153,0,87
708,670,153,0,87
708,671,153,0,87
708,672,153,0,87
708,673,153,0,87
708,674,153,0,87
708,675,153,0,87
708,676,153,0,87
708,677,153,0,87
708,678,153,0,87
708,679,153,0,87
708,680,153,0,87
708,681,153,0,87
708,682,153,0,87
708,683,153,0,87
708,684,153,0,87
708,685,153,0,87
708,686,153,0,87
708,687,153,0,87
708,688,153,0,87
708,689,153,0,87
708,690,153,0,87
708,691,153,0,87
708,692,153,0,87
708,693,153,0,87
708,694,153,0,87
708,695,153,0,87
708,696,153,0,87
708,697,153,0,87
708,698,153,0,87
708,699,153,0,87
708,700,153,0,87
708,701,153,0,87
708,702,153,0,87
708,703,153,0,87
708,704,153,0,87
708,705,153,0,87
708,706,153,0,87
708,707,153,0,87
708,709,153,0,87
708,710,153,0,87
708,711,153,0,87
708,712,153,0,87
708,713,153,0,87
708,714,153,0,87
708,715,153,0,87
708,716,153,0,87
708,717,153,0,87
708,718,153,0,87
708,719,153,0,87
708,720,153,0,87
708,721,153,0,87
708,722,153,0,87
708,723,153,0,87
708,724,153,0,87
715,625,326,0,94
715,626,326,0,94
715,627,326,0,94
715,628,326,0,94
715,629,326,0,94
715,630,326,0,94
715,631,326,0,94
715,632,326,0,94
715,633,326,0,94
715,634,326,0,94
715,635,326,0,94
715,636,326,0,94
715,637,326,0,94
715,638,326,0,94
715,639,326,0,94
715,640,326,0,94
715,641,326,0,94
715,642,326,0,94
715,643,326,0,94
715,644,326,0,94
715,645,326,0,94
715,646,326,0,94
715,647,326,0,94
715,648,326,0,94
715,649,326,0,94
715,650,326,0,94
715,651,326,0,94
715,652,326,0,94
715,653,326,0,94
715,654,326,0,94
715,655,326,0,94
715,656,326,0,94
715,657,326,0,94
715,658,326,0,94
715,659,326,0,94
715,660,326,0,94
715,661,326,0,94
715,662,326,0,94
715,663,326,0,94
715,664,326,0,94
715,665,326,0,94
715,666,326,0,94
715,667,326,0,94
715,668,326,0,94
715,669,326,0,94
715,670,326,0,94
715,671,326,0,94
715,672,326,0,94
715,673,326,0,94
715,674,326,0,94
715,675,326,0,94
715,676,326,0,94
715,677,326,0,94
715,678,326,0,94
715,679,326,0,94
715,680,326,0,94
715,681,326,0,94
715,682,326,0,94
715,683,326,0,94
715,684,326,0,94
715,685,326,0,94
715,686,326,0,94
715,687,326,0,94
715,688,326,0,94
715,689,326,0,94
715,690,326,0,94
715,691,326,0,94
715,692,326,0,94
715,693,326,0,94
715,694,326,0,94
715,695,326,0,94
715,696,326,0,94
715,697,326,0,94
715,698,326,0,94
715,699,326,0,94
715,700,326,0,94
715,701,326,0,94
715,702,326,0,94
715,703,326,0,94
715,704,326,0,94
715,705,326,0,94
715,706,326,0,94
715,707,326,0,94
715,708,326,0,94
715,709,326,0,94
715,710,326,0,94
715,711,326,0,94
715,712,326,0,94
715,713,326,0,94
715,714,326,0,94
715,716,326,0,94
715,717,326,0,94
715,718,326,0,94
715,719,326,0,94
715,720,326,0,94
715,721,326,0,94
715,722,326,0,94
715,723,326,0,94
715,724,326,0,94
720,625,277,0,99
720,626,277,0,99
720,627,277,0,99
720,628,277,0,99
720,629,277,0,99
720,630,277,0,99
720,631,277,0,99
720,632,277,0,99
720,633,277,0,99
720,634,277,0,99
720,635,277,0,99
720,636,277,0,99
720,637,277,0,99
720,638,277,0,99
720,639,277,0,99
720,640,277,0,99
720,641,277,0,99
720,642,277,0,99
720,643,277,0,99
720,644,277,0,99
720,645,277,0,99
720,646,277,0,99
720,647,277,0,99
720,648,277,0,99
720,649,277,0,99
720,650,277,0,99
720,651,277,0,99
720,652,277,0,99
720,653,277,0,99
720,654,277,0,99
720,655,277,0,99
720,656,277,0,99
720,657,277,0,99
720,658,277,0,99
720,659,277,0,99
720,660,277,0,99
720,661,277,0,99
720,662,277,0,99
720,663,277,0,99
720,664,277,0,99
720,665,277,0,99
720,666,277,0,99
720,667,277,0,99
720,668,277,0,99
720,669,277,0,99
720,670,277,0,99
720,671,277,0,99
720,672,277,0,99
720,673,277,0,99
720,674,277,0,99
720,675,277,0,99
720,676,277,0,99
720,677,277,0,99
720,678,277,0,99
720,679,277,0,99
720,680,277,0,99
720,681,277,0,99
720,682,277,0,99
720,683,277,0,99
720,684,277,0,99
720,685,277,0,99
720,686,277,0,99
720,687,277,0,99
720,688,277,0,99
720,689,277,0,99
720,690,277,0,99
720,691,277,0,99
720,692,277,0,99
720,693,277,0,99
720,694,277,0,99
720,695,277,0,99
720,696,277,0,99
720,697,277,0,99
720,698,277,0,99
720,699,277,0,99
720,700,277,0,99
720,701,277,0,99
720,702,277,0,99
720,703,277,0,99
720,704,277,0,99
720,705,277,0,99
720,706,277,0,99
720,707,277,0,99
720,708,277,0,99
720,709,277,0,99
720,710,277,0,99
720,711,277,0,99
720,712,277,0,99
720,713,277,0,99
720,714,277,0,99
720,715,277,0,99
720,716,277,0,99
720,717,277,0,99
720,718,277,0,99
720,719,277,0,99
720,721,277,0,99
720,722,277,0,99
720,723,277,0,99
720,724,277,0,99
724,625,134,0,103
724,626,134,0,103
724,627,134,0,103
724,628,134,0,103
724,629,134,0,103
724,630,134,0,103
724,631,134,0,103
724,632,134,0,103
724,633,134,0,103
724,634,134,0,103
724,635,134,0,103
724,636,134,0,103
724,637,134,0,103
724,638,134,0,103
724,639,134,0,103
724,640,134,0,103
724,641,134,0,103
724,642,134,0,103
724,643,134,0,103
724,644,134,0,103
724,645,134,0,103
724,646,134,0,103
724,647,134,0,103
724,648,134,0,103
724,649,134,0,103
724,650,134,0,103
724,651,134,0,103
724,652,134,0,103
724,653,134,0,103
724,654,134,0,103
724,655,134,0,103
724,656,134,0,103
724,657,134,0,103
724,658,134,0,103
724,659,134,0,103
724,660,134,0,103
724,661,134,0,103
724,662,134,0,103
724,663,134,0,103
724,664,134,0,103
724,665,134,0,103
724,666,134,0,103
724,667,134,0,103
724,668,134,0,103
724,669,134,0,103
724,670,134,0,103
724,671,134,0,103
724,672,134,0,103
724,673,134,0,103
724,674,134,0,103
724,675,134,0,103
724,676,134,0,103
724,677,134,0,103
724,678,134,0,103
724,679,134,0,103
724,680,134,0,103
724,681,134,0,103
724,682,134,0,103
724,683,134,0,103
724,684,134,0,103
724,685,134,0,103
724,686,134,0,103
724,687,134,0,103
724,688,134,0,103
724,689,134,0,103
724,690,134,0,103
724,691,134,0,103
724,692,134,0,103
724,693,134,0,103
724,694,134,0,103
724,695,134,0,103
724,696,134,0,103
724,697,134,0,103
724,698,134,0,103
724,699,134,0,103
724,700,134,0,103
724,701,134,0,103
724,702,134,0,103
724,703,134,0,103
724,704,134,0,103
724,705,134,0,103
724,706,134,0,103
724,707,134,0,103
724,708,134,0,103
724,709,134,0,103
724,710,134,0,103
724,711,134,0,103
724,712,134,0,103
724,713,134,0,103
724,714,134,0,103
724,715,134,0,103
724,716,134,0,103
724,717,134,0,103
724,718,134,0,103
724,719,134,0,103
724,720,134,0,103
724,721,134,0,103
724,722,134,0,103
724,723,134,0,103
