9,655,34,2,0
20,655,45,2,0
21,655,46,2,0
33,655,34,2,1
34,655,655,34,0
46,655,45,1,2
58,655,33,0,3
58,658,83,3,0
59,655,34,0,3
59,658,84,3,0
60,658,85,3,0
61,658,86,3,0
68,658,93,3,0
69,658,94,3,0
70,655,45,0,3
70,658,95,3,0
71,655,46,0,3
71,658,96,3,0
83,655,58,0,3
84,655,59,0,3
95,655,70,0,3
96,655,71,0,3
109,655,84,0,3
120,655,95,0,3
121,655,96,0,3
134,655,109,0,3
145,655,120,0,3
146,655,121,0,3
159,655,134,0,3
170,655,145,0,3
171,655,146,0,3
184,655,159,0,3
195,655,170,0,3
196,655,171,0,3
209,655,184,0,3
220,655,195,0,3
221,655,196,0,3
234,655,209,0,3
245,655,220,0,3
246,655,221,0,3
259,655,234,0,3
270,655,245,0,3
271,655,246,0,3
284,655,259,0,3
295,655,270,0,3
296,655,271,0,3
309,655,284,0,3
320,655,295,0,3
321,655,296,0,3
334,655,309,0,3
345,655,320,0,3
346,655,321,0,3
358,655,383,3,0
358,658,359,2,1
359,655,384,3,0
359,658,360,2,1
360,658,361,2,1
361,658,658,37,0
368,658,367,1,2
369,658,368,1,2
370,655,395,3,0
370,658,369,1,2
371,655,396,3,0
371,658,370,1,2
383,655,408,3,0
383,658,358,0,3
384,655,409,3,0
384,658,359,0,3
385,658,360,0,3
386,658,361,0,3
393,658,368,0,3
394,658,369,0,3
395,655,420,3,0
395,658,370,0,3
396,655,421,3,0
396,658,371,0,3
409,655,434,3,0
420,655,445,3,0
421,655,446,3,0
434,655,459,3,0
445,655,470,3,0
446,655,471,3,0
459,655,484,3,0
470,655,495,3,0
471,655,496,3,0
484,655,509,3,0
495,655,520,3,0
496,655,521,3,0
509,655,534,3,0
520,655,545,3,0
521,655,546,3,0
534,655,559,3,0
545,655,570,3,0
546,655,571,3,0
559,655,584,3,0
570,655,595,3,0
571,655,596,3,0
584,655,609,3,0
595,655,620,3,0
596,655,621,3,0
609,655,9,3,3
620,655,20,3,3
621,655,21,3,3
655,625,34,0,34
655,626,34,0,34
655,627,34,0,34
655,628,34,0,34
655,629,34,0,34
655,630,34,0,34
655,631,34,0,34
655,632,34,0,34
655,633,34,0,34
655,634,34,0,34
655,635,34,0,34
655,636,34,0,34
655,637,34,0,34
655,638,34,0,34
655,639,34,0,34
655,640,34,0,34
655,641,34,0,34
655,642,34,0,34
655,643,34,0,34
655,644,34,0,34
655,645,34,0,34
655,646,34,0,34
655,647,34,0,34
655,648,34,0,34
655,649,34,0,34
655,650,34,0,34
655,651,34,0,34
655,652,34,0,34
655,653,34,0,34
655,654,34,0,34
655,656,34,0,34
655,657,34,0,34
655,658,34,0,34
655,659,34,0,34
655,660,34,0,34
655,661,34,0,34
655,662,34,0,34
655,663,34,0,34
655,664,34,0,34
655,665,34,0,34
655,666,34,0,34
655,667,34,0,34
655,668,34,0,34
655,669,34,0,34
655,670,34,0,34
655,671,34,0,34
655,672,34,0,34
655,673,34,0,34
655,674,34,0,34
655,675,34,0,34
655,676,34,0,34
655,677,34,0,34
655,678,34,0,34
655,679,34,0,34
655,680,34,0,34
655,681,34,0,34
655,682,34,0,34
655,683,34,0,34
655,684,34,0,34
655,685,34,0,34
655,686,34,0,34
655,687,34,0,34
655,688,34,0,34
655,689,34,0,34
655,690,34,0,34
655,691,34,0,34
655,692,34,0,34
655,693,34,0,34
655,694,34,0,34
655,695,34,0,34
655,696,34,0,34
655,697,34,0,34
655,698,34,0,34
655,699,34,0,34
655,700,34,0,34
655,701,34,0,34
655,702,34,0,34
655,703,34,0,34
655,704,34,0,34
655,705,34,0,34
655,706,34,0,34
655,707,34,0,34
655,708,34,0,34
655,709,34,0,34
655,710,34,0,34
655,711,34,0,34
655,712,34,0,34
655,713,34,0,34
655,714,34,0,34
655,715,34,0,34
655,716,34,0,34
655,717,34,0,34
655,718,34,0,34
655,719,34,0,34
655,720,34,0,34
655,721,34,0,34
655,722,34,0,34
655,723,34,0,34
655,724,34,0,34
658,625,361,0,37
658,626,361,0,37
658,627,361,0,37
658,628,361,0,37
658,629,361,0,37
658,630,361,0,37
658,631,361,0,37
658,632,361,0,37
658,633,361,0,37
658,634,361,0,37
658,635,361,0,37
658,636,361,0,37
658,637,361,0,37
658,638,361,0,37
658,639,361,0,37
658,640,361,0,37
658,641,361,0,37
658,642,361,0,37
658,643,361,0,37
658,644,361,0,37
658,645,361,0,37
658,646,361,0,37
658,647,361,0,37
658,648,361,0,37
658,649,361,0,37
658,650,361,0,37
658,651,361,0,37
658,652,361,0,37
658,653,361,0,37
658,654,361,0,37
658,655,361,0,37
658,656,361,0,37
658,657,361,0,37
658,659,361,0,37
658,660,361,0,37
658,661,361,0,37
658,662,361,0,37
658,663,361,0,37
658,664,361,0,37
658,665,361,0,37
658,666,361,0,37
658,667,361,0,37
658,668,361,0,37
658,669,361,0,37
658,670,361,0,37
658,671,361,0,37
658,672,361,0,37
658,673,361,0,37
658,674,361,0,37
658,675,361,0,37
658,676,361,0,37
658,677,361,0,37
658,678,361,0,37
658,679,361,0,37
658,680,361,0,37
658,681,361,0,37
658,682,361,0,37
658,683,361,0,37
658,684,361,0,37
658,685,361,0,37
658,686,361,0,37
658,687,361,0,37
658,688,361,0,37
658,689,361,0,37
658,690,361,0,37
658,691,361,0,37
658,692,361,0,37
658,693,361,0,37
658,694,361,0,37
658,695,361,0,37
658,696,361,0,37
658,697,361,0,37
658,698,361,0,37
658,699,361,0,37
658,700,361,0,37
658,701,361,0,37
658,702,361,0,37
658,703,361,0,37
658,704,361,0,37
658,705,361,0,37
658,706,361,0,37
658,707,361,0,37
658,708,361,0,37
658,709,361,0,37
658,710,361,0,37
658,711,361,0,37
658,712,361,0,37
658,713,361,0,37
658,714,361,0,37
658,715,361,0,37
658,716,361,0,37
658,717,361,0,37
658,718,361,0,37
658,719,361,0,37
658,720,361,0,37
658,721,361,0,37
658,722,361,0,37
658,723,361,0,37
658,724,361,0,37
