0,668,1,0,0
2,649,602,3,3
3,634,4,1,0
3,640,28,2,0
3,652,4,1,0
4,634,5,1,0
4,640,29,2,0
4,652,5,1,0
5,634,6,1,0
5,640,30,2,0
5,652,6,1,0
6,634,606,3,3
6,640,31,2,0
6,652,31,2,0
6,703,7,1,0
7,634,607,3,3
7,640,6,0,1
7,652,32,2,0
7,703,703,82,0
8,634,608,3,3
8,636,33,2,0
8,640,7,0,1
8,652,33,2,0
8,703,7,0,1
9,633,8,0,1
11,668,611,3,3
12,668,612,3,3
12,675,13,1,0
15,633,14,0,1
15,634,615,3,3
15,649,16,1,0
16,634,616,3,3
16,636,41,2,0
16,640,17,1,0
16,652,41,2,0
16,703,15,0,1
17,634,617,3,3
17,640,18,1,0
17,652,42,2,0
17,703,16,0,1
18,634,618,3,3
18,640,43,2,0
18,652,43,2,0
18,703,17,0,1
19,634,18,0,1
19,640,44,2,0
19,652,18,0,1
20,634,19,0,1
20,636,19,0,1
20,640,45,2,0
20,652,19,0,1
20,703,21,1,0
21,633,22,1,0
21,634,20,0,1
21,649,621,3,3
24,675,624,3,3
25,668,26,1,1
27,649,2,0,2
28,634,29,2,1
28,640,53,3,0
28,649,3,0,2
28,652,29,2,1
29,634,30,2,1
29,640,54,3,0
29,649,4,0,2
29,652,30,2,1
30,634,31,2,1
30,640,55,3,0
30,649,5,0,2
30,652,31,2,1
31,634,6,0,2
31,640,56,3,0
31,649,6,0,2
32,634,7,0,2
32,640,31,1,2
32,652,57,3,0
33,634,8,0,2
33,636,58,3,0
33,640,32,1,2
33,652,58,3,0
33,703,32,1,2
34,633,33,1,2
36,668,11,0,2
37,668,12,0,2
37,675,38,2,1
40,633,39,1,2
40,634,15,0,2
40,649,41,2,1
41,634,16,0,2
41,636,66,3,0
41,640,42,2,1
41,652,66,3,0
41,703,40,1,2
42,634,17,0,2
42,640,43,2,1
42,652,67,3,0
43,634,18,0,2
43,640,68,3,0
43,649,18,0,2
44,634,43,1,2
44,640,69,3,0
44,649,19,0,2
44,652,43,1,2
45,634,44,1,2
45,636,44,1,2
45,640,70,3,0
45,649,20,0,2
45,652,44,1,2
45,703,46,2,1
46,633,47,2,1
46,634,45,1,2
46,649,21,0,2
49,675,24,0,2
50,668,51,1,1
52,649,77,3,0
53,634,54,2,1
53,640,78,3,0
53,652,54,2,1
54,634,55,2,1
54,640,79,3,0
54,652,55,2,1
55,634,56,2,1
55,640,80,3,0
55,652,56,2,1
56,634,31,0,3
56,640,81,3,0
57,634,32,0,3
57,640,56,1,2
57,652,82,3,0
58,634,33,0,3
58,636,83,3,0
58,640,57,1,2
58,652,83,3,0
58,703,57,1,2
59,633,58,1,2
61,668,36,0,3
62,668,37,0,3
62,675,63,2,1
65,633,64,1,2
65,634,40,0,3
65,649,66,2,1
66,634,41,0,3
66,636,91,3,0
66,640,67,2,1
66,652,91,3,0
66,703,65,1,2
67,634,42,0,3
67,640,68,2,1
67,652,92,3,0
68,634,43,0,3
68,640,93,3,0
69,634,68,1,2
69,640,94,3,0
69,652,68,1,2
70,634,69,1,2
70,636,69,1,2
70,640,95,3,0
70,652,69,1,2
70,703,71,2,1
71,633,72,2,1
71,634,70,1,2
71,649,96,3,0
74,675,49,0,3
75,668,76,1,1
77,649,102,3,0
78,634,79,2,1
78,640,103,3,0
78,652,79,2,1
79,634,80,2,1
79,640,104,3,0
79,652,80,2,1
80,634,81,2,1
80,640,105,3,0
80,652,81,2,1
81,634,56,0,3
81,640,106,3,0
82,634,57,0,3
82,640,81,1,2
82,652,107,3,0
83,634,58,0,3
83,636,108,3,0
83,640,82,1,2
83,652,108,3,0
83,703,82,1,2
84,633,83,1,2
86,668,61,0,3
87,668,62,0,3
87,675,88,2,1
90,633,89,1,2
90,634,65,0,3
90,649,91,2,1
91,634,66,0,3
91,636,116,3,0
91,640,92,2,1
91,652,116,3,0
91,703,90,1,2
92,634,67,0,3
92,640,93,2,1
92,652,117,3,0
93,634,68,0,3
93,640,118,3,0
94,634,93,1,2
94,640,119,3,0
94,652,93,1,2
95,634,94,1,2
95,636,94,1,2
95,640,120,3,0
95,652,94,1,2
95,703,96,2,1
96,633,97,2,1
96,634,95,1,2
96,649,121,3,0
99,675,124,3,0
100,668,101,1,1
102,649,127,3,0
103,634,104,2,1
103,640,128,3,0
103,652,104,2,1
104,634,105,2,1
104,640,129,3,0
104,652,105,2,1
105,634,106,2,1
105,640,130,3,0
105,652,106,2,1
106,634,81,0,3
106,640,131,3,0
107,634,82,0,3
107,640,106,1,2
107,652,132,3,0
108,634,83,0,3
108,636,133,3,0
108,640,107,1,2
108,652,133,3,0
108,703,107,1,2
109,633,108,1,2
111,668,86,0,3
112,668,87,0,3
112,675,113,2,1
115,633,114,1,2
115,634,90,0,3
115,649,116,2,1
116,634,91,0,3
116,636,141,3,0
116,640,117,2,1
116,652,141,3,0
116,703,115,1,2
117,634,92,0,3
117,640,118,2,1
117,652,142,3,0
118,634,93,0,3
118,640,143,3,0
119,634,118,1,2
119,640,144,3,0
119,652,118,1,2
120,634,119,1,2
120,636,119,1,2
120,640,145,3,0
120,652,119,1,2
120,703,121,2,1
121,633,122,2,1
121,634,120,1,2
121,649,146,3,0
124,675,149,3,0
125,668,126,1,1
127,649,152,3,0
128,634,129,2,1
128,640,153,3,0
128,652,129,2,1
129,634,130,2,1
129,640,154,3,0
129,652,130,2,1
130,634,131,2,1
130,640,155,3,0
130,652,131,2,1
131,634,106,0,3
131,636,132,2,1
131,640,156,3,0
132,634,107,0,3
132,636,133,2,1
132,640,131,1,2
132,652,157,3,0
133,634,108,0,3
133,636,636,15,0
133,640,132,1,2
133,652,158,3,0
133,703,132,1,2
134,633,133,1,2
136,668,111,0,3
137,668,112,0,3
137,675,138,2,1
140,633,139,1,2
140,634,115,0,3
140,649,141,2,1
141,634,116,0,3
141,640,142,2,1
141,652,166,3,0
141,703,140,1,2
142,634,117,0,3
142,636,141,1,2
142,640,143,2,1
142,652,167,3,0
143,634,118,0,3
143,636,142,1,2
143,640,168,3,0
144,634,143,1,2
144,640,169,3,0
144,652,143,1,2
145,634,144,1,2
145,636,144,1,2
145,640,170,3,0
145,652,144,1,2
145,703,146,2,1
146,633,147,2,1
146,634,145,1,2
146,649,171,3,0
149,675,174,3,0
150,668,151,1,1
152,639,151,1,2
152,649,177,3,0
153,634,154,2,1
153,639,152,1,2
153,640,178,3,0
153,652,154,2,1
154,634,155,2,1
154,639,153,1,2
154,640,179,3,0
154,652,155,2,1
155,634,156,2,1
155,639,154,1,2
155,640,180,3,0
155,652,156,2,1
156,633,181,3,0
156,634,131,0,3
156,636,131,0,3
156,639,155,1,2
156,640,181,3,0
156,652,157,2,1
157,633,182,3,0
157,634,132,0,3
157,636,132,0,3
157,640,156,1,2
157,652,158,2,1
158,633,183,3,0
158,634,133,0,3
158,636,133,0,3
158,640,157,1,2
158,652,652,31,0
158,703,157,1,2
159,633,158,1,2
161,668,186,3,0
162,668,187,3,0
162,675,163,2,1
165,634,140,0,3
165,649,166,2,1
166,633,191,3,0
166,634,141,0,3
166,636,141,0,3
166,640,167,2,1
166,652,165,1,2
166,703,165,1,2
167,633,192,3,0
167,634,142,0,3
167,636,142,0,3
167,640,168,2,1
167,652,166,1,2
168,633,193,3,0
168,634,143,0,3
168,636,143,0,3
168,639,169,2,1
168,640,193,3,0
168,652,167,1,2
169,634,168,1,2
169,639,170,2,1
169,640,194,3,0
169,652,168,1,2
170,634,169,1,2
170,636,169,1,2
170,639,171,2,1
170,640,195,3,0
170,652,169,1,2
170,703,171,2,1
171,633,172,2,1
171,634,170,1,2
171,639,172,2,1
171,649,196,3,0
172,639,639,18,0
174,675,199,3,0
175,668,176,1,1
177,639,152,0,3
177,649,202,3,0
178,634,179,2,1
178,639,153,0,3
178,640,640,19,0
178,652,179,2,1
179,634,180,2,1
179,639,154,0,3
179,640,178,1,2
179,652,180,2,1
180,634,181,2,1
180,639,155,0,3
180,640,179,1,2
180,652,181,2,1
181,633,182,2,1
181,634,156,0,3
181,639,156,0,3
181,640,180,1,2
181,652,156,0,3
182,633,183,2,1
182,634,157,0,3
182,640,181,1,2
182,652,157,0,3
183,633,633,12,0
183,634,158,0,3
183,636,158,0,3
183,640,182,1,2
183,652,158,0,3
183,703,182,1,2
184,633,183,1,2
186,668,211,3,0
187,668,212,3,0
187,675,188,2,1
190,633,189,1,2
190,634,165,0,3
190,649,191,2,1
191,633,190,1,2
191,634,166,0,3
191,636,166,0,3
191,640,192,2,1
191,652,166,0,3
191,703,190,1,2
192,633,191,1,2
192,634,167,0,3
192,640,193,2,1
192,652,167,0,3
193,633,192,1,2
193,634,168,0,3
193,639,168,0,3
193,640,194,2,1
193,652,168,0,3
194,634,193,1,2
194,639,169,0,3
194,640,195,2,1
194,652,193,1,2
195,634,194,1,2
195,636,194,1,2
195,639,170,0,3
195,640,196,2,1
195,652,194,1,2
195,703,196,2,1
196,633,197,2,1
196,634,195,1,2
196,639,171,0,3
196,649,221,3,0
197,639,172,0,3
199,675,224,3,0
200,668,201,1,1
202,649,227,3,0
203,634,204,2,1
203,640,178,0,3
203,652,204,2,1
204,634,205,2,1
204,640,179,0,3
204,652,205,2,1
205,634,206,2,1
205,640,180,0,3
205,652,206,2,1
206,652,181,0,3
207,634,232,3,0
207,640,206,1,2
207,652,182,0,3
208,634,233,3,0
208,636,183,0,3
208,640,207,1,2
208,652,183,0,3
208,703,207,1,2
209,633,208,1,2
211,668,236,3,0
212,668,237,3,0
212,675,213,2,1
215,633,214,1,2
215,634,240,3,0
215,649,216,2,1
216,634,241,3,0
216,636,191,0,3
216,640,217,2,1
216,652,191,0,3
216,703,215,1,2
217,634,242,3,0
217,640,218,2,1
217,652,192,0,3
218,652,193,0,3
219,634,218,1,2
219,640,194,0,3
219,652,218,1,2
220,634,219,1,2
220,636,219,1,2
220,640,195,0,3
220,652,219,1,2
220,703,221,2,1
221,633,222,2,1
221,634,220,1,2
221,649,246,3,0
224,675,249,3,0
225,668,226,1,1
227,649,252,3,0
228,634,229,2,1
228,640,203,0,3
228,652,229,2,1
229,634,230,2,1
229,640,204,0,3
229,652,230,2,1
230,634,231,2,1
230,640,205,0,3
230,652,231,2,1
231,652,206,0,3
232,634,257,3,0
232,640,231,1,2
232,652,207,0,3
233,634,258,3,0
233,636,208,0,3
233,640,232,1,2
233,652,208,0,3
233,703,232,1,2
234,633,233,1,2
236,668,261,3,0
237,668,262,3,0
237,675,238,2,1
240,633,239,1,2
240,634,265,3,0
240,649,241,2,1
241,634,266,3,0
241,636,216,0,3
241,640,242,2,1
241,652,216,0,3
241,703,240,1,2
242,634,267,3,0
242,640,243,2,1
242,652,217,0,3
243,652,218,0,3
244,634,243,1,2
244,640,219,0,3
244,652,243,1,2
245,634,244,1,2
245,636,244,1,2
245,640,220,0,3
245,652,244,1,2
245,703,246,2,1
246,633,247,2,1
246,634,245,1,2
246,649,271,3,0
249,675,274,3,0
250,668,251,1,1
250,670,274,3,2
251,670,250,1,1
252,649,277,3,0
252,670,251,1,2
253,634,254,2,1
253,640,228,0,3
253,652,254,2,1
253,670,252,1,2
253,722,722,101,0
254,634,255,2,1
254,640,229,0,3
254,652,255,2,1
254,670,253,1,2
254,722,253,1,2
255,634,256,2,1
255,640,230,0,3
255,652,256,2,1
255,670,254,1,2
255,722,254,1,2
256,652,231,0,3
256,670,255,1,2
256,722,255,1,2
257,634,282,3,0
257,640,256,1,2
257,652,232,0,3
258,634,283,3,0
258,636,233,0,3
258,640,257,1,2
258,652,233,0,3
258,703,257,1,2
259,633,258,1,2
261,668,286,3,0
262,668,287,3,0
262,675,263,2,1
265,633,264,1,2
265,634,290,3,0
265,649,266,2,1
266,634,291,3,0
266,636,241,0,3
266,640,267,2,1
266,652,241,0,3
266,703,265,1,2
267,634,292,3,0
267,640,268,2,1
267,652,242,0,3
268,652,243,0,3
268,670,269,2,1
268,722,269,2,1
269,634,268,1,2
269,640,244,0,3
269,652,268,1,2
269,670,270,2,1
269,722,270,2,1
270,634,269,1,2
270,636,269,1,2
270,640,245,0,3
270,652,269,1,2
270,670,271,2,1
270,703,271,2,1
270,722,271,2,1
271,633,272,2,1
271,634,270,1,2
271,649,296,3,0
271,670,272,2,1
272,670,273,2,1
273,670,274,2,1
274,670,670,49,0
274,675,299,3,0
275,668,276,1,1
275,670,250,0,2
276,670,251,0,3
277,649,302,3,0
277,670,252,0,3
278,634,279,2,1
278,640,253,0,3
278,652,279,2,1
278,670,253,0,3
278,722,253,0,3
279,634,280,2,1
279,640,254,0,3
279,652,280,2,1
279,670,254,0,3
279,722,254,0,3
280,634,281,2,1
280,640,255,0,3
280,652,281,2,1
280,670,255,0,3
280,722,255,0,3
281,652,256,0,3
281,670,256,0,3
281,722,256,0,3
282,634,307,3,0
282,640,281,1,2
282,652,257,0,3
283,634,308,3,0
283,636,258,0,3
283,640,282,1,2
283,652,258,0,3
283,703,282,1,2
284,633,283,1,2
286,668,311,3,0
287,668,312,3,0
287,675,288,2,1
290,633,289,1,2
290,634,315,3,0
290,649,291,2,1
291,634,316,3,0
291,636,266,0,3
291,640,292,2,1
291,652,266,0,3
291,703,290,1,2
292,634,317,3,0
292,640,293,2,1
292,652,267,0,3
293,652,268,0,3
293,670,268,0,3
293,722,268,0,3
294,634,293,1,2
294,640,269,0,3
294,652,293,1,2
294,670,269,0,3
294,722,269,0,3
295,634,294,1,2
295,636,294,1,2
295,640,270,0,3
295,652,294,1,2
295,670,270,0,3
295,703,296,2,1
295,722,270,0,3
296,633,297,2,1
296,634,295,1,2
296,649,321,3,0
296,670,271,0,3
297,670,272,0,3
298,670,273,0,3
299,670,274,0,3
299,675,324,3,0
300,668,301,1,1
302,649,327,3,0
303,634,304,2,1
303,640,278,0,3
303,652,304,2,1
304,634,305,2,1
304,640,279,0,3
304,652,305,2,1
305,634,306,2,1
305,640,280,0,3
305,652,306,2,1
306,634,331,3,0
306,652,281,0,3
306,703,281,0,3
307,634,332,3,0
307,640,306,1,2
307,652,282,0,3
307,703,282,0,3
308,634,333,3,0
308,636,283,0,3
308,640,307,1,2
308,652,283,0,3
308,703,307,1,2
309,633,308,1,2
311,668,336,3,0
312,668,337,3,0
312,675,313,2,1
315,633,314,1,2
315,634,340,3,0
315,649,316,2,1
316,634,341,3,0
316,636,291,0,3
316,640,317,2,1
316,652,291,0,3
316,703,315,1,2
317,634,342,3,0
317,640,318,2,1
317,652,292,0,3
317,703,292,0,3
318,634,343,3,0
318,652,293,0,3
318,703,293,0,3
319,634,318,1,2
319,640,294,0,3
319,652,318,1,2
320,634,319,1,2
320,636,319,1,2
320,640,295,0,3
320,652,319,1,2
320,703,321,2,1
321,633,322,2,1
321,634,320,1,2
321,649,346,3,0
324,675,349,3,0
325,668,326,1,1
327,649,352,3,0
328,634,329,2,1
328,640,303,0,3
328,649,353,3,0
328,652,329,2,1
329,634,330,2,1
329,640,304,0,3
329,649,354,3,0
329,652,330,2,1
330,634,331,2,1
330,640,305,0,3
330,649,355,3,0
330,652,331,2,1
331,634,356,3,0
331,640,306,0,3
331,649,356,3,0
331,652,306,0,3
332,634,357,3,0
332,640,331,1,2
332,652,307,0,3
333,634,358,3,0
333,636,308,0,3
333,640,332,1,2
333,652,308,0,3
333,703,332,1,2
334,633,333,1,2
336,668,361,3,0
337,668,362,3,0
337,675,338,2,1
340,633,339,1,2
340,634,365,3,0
340,649,341,2,1
341,634,366,3,0
341,636,316,0,3
341,640,342,2,1
341,652,316,0,3
341,703,340,1,2
342,634,367,3,0
342,640,343,2,1
342,652,317,0,3
343,634,368,3,0
343,640,318,0,3
343,649,368,3,0
343,652,318,0,3
344,634,343,1,2
344,640,319,0,3
344,649,369,3,0
344,652,343,1,2
345,634,344,1,2
345,636,344,1,2
345,640,320,0,3
345,649,370,3,0
345,652,344,1,2
345,703,346,2,1
346,633,347,2,1
346,634,345,1,2
346,649,371,3,0
349,675,374,3,0
350,668,351,1,1
352,649,649,28,0
353,634,354,2,1
353,640,328,0,3
353,649,352,1,2
353,652,354,2,1
354,634,355,2,1
354,640,329,0,3
354,649,353,1,2
354,652,355,2,1
355,634,356,2,1
355,640,330,0,3
355,649,354,1,2
355,652,356,2,1
356,634,381,3,0
356,640,331,0,3
356,649,355,1,2
357,634,382,3,0
357,640,356,1,2
357,652,332,0,3
358,634,383,3,0
358,636,333,0,3
358,640,357,1,2
358,652,333,0,3
358,703,357,1,2
359,633,358,1,2
361,668,386,3,0
362,668,387,3,0
362,675,363,2,1
365,633,364,1,2
365,634,390,3,0
365,649,366,2,1
366,634,391,3,0
366,636,341,0,3
366,640,367,2,1
366,652,341,0,3
366,703,365,1,2
367,634,392,3,0
367,640,368,2,1
367,652,342,0,3
368,634,393,3,0
368,640,343,0,3
368,649,369,2,1
369,634,368,1,2
369,640,344,0,3
369,649,370,2,1
369,652,368,1,2
370,634,369,1,2
370,636,369,1,2
370,640,345,0,3
370,649,371,2,1
370,652,369,1,2
370,703,371,2,1
371,633,372,2,1
371,634,370,1,2
374,675,399,3,0
375,668,376,1,1
375,675,399,3,2
377,649,352,0,3
378,634,379,2,1
378,640,353,0,3
378,652,379,2,1
379,634,380,2,1
379,640,354,0,3
379,652,380,2,1
380,634,381,2,1
380,640,355,0,3
380,652,381,2,1
381,634,406,3,0
381,640,356,0,3
382,634,407,3,0
382,640,381,1,2
382,652,357,0,3
383,634,408,3,0
383,636,358,0,3
383,640,382,1,2
383,652,358,0,3
383,703,382,1,2
384,633,383,1,2
386,668,411,3,0
387,668,412,3,0
387,675,388,2,1
390,633,389,1,2
390,634,415,3,0
390,649,391,2,1
391,634,416,3,0
391,636,366,0,3
391,640,392,2,1
391,652,366,0,3
391,703,390,1,2
392,634,417,3,0
392,640,393,2,1
392,652,367,0,3
393,634,418,3,0
393,640,368,0,3
394,634,393,1,2
394,640,369,0,3
394,652,393,1,2
395,634,394,1,2
395,636,394,1,2
395,640,370,0,3
395,652,394,1,2
395,703,396,2,1
396,633,397,2,1
396,634,395,1,2
396,649,371,0,3
399,675,675,54,0
400,668,401,1,1
402,649,377,0,3
403,634,404,2,1
403,640,378,0,3
403,652,404,2,1
404,634,405,2,1
404,640,379,0,3
404,652,405,2,1
405,634,406,2,1
405,640,380,0,3
405,652,406,2,1
406,634,431,3,0
406,640,381,0,3
407,634,432,3,0
407,640,406,1,2
407,652,382,0,3
408,634,433,3,0
408,636,383,0,3
408,640,407,1,2
408,652,383,0,3
408,703,407,1,2
409,633,408,1,2
411,668,436,3,0
412,668,437,3,0
412,675,413,2,1
415,633,414,1,2
415,634,440,3,0
415,649,416,2,1
416,634,441,3,0
416,636,391,0,3
416,640,417,2,1
416,652,391,0,3
416,703,415,1,2
417,634,442,3,0
417,640,418,2,1
417,652,392,0,3
418,634,443,3,0
418,640,393,0,3
419,634,418,1,2
419,640,394,0,3
419,652,418,1,2
420,634,419,1,2
420,636,419,1,2
420,640,395,0,3
420,652,419,1,2
420,703,421,2,1
421,633,422,2,1
421,634,420,1,2
421,649,396,0,3
424,675,399,0,3
425,668,426,1,1
427,649,402,0,3
428,634,429,2,1
428,640,403,0,3
428,652,429,2,1
429,634,430,2,1
429,640,404,0,3
429,652,430,2,1
430,634,431,2,1
430,640,405,0,3
430,652,431,2,1
431,634,456,3,0
431,640,406,0,3
432,634,457,3,0
432,640,431,1,2
432,652,407,0,3
433,634,458,3,0
433,636,408,0,3
433,640,432,1,2
433,652,408,0,3
433,703,432,1,2
434,633,433,1,2
436,668,461,3,0
437,668,462,3,0
437,675,438,2,1
440,633,439,1,2
440,634,465,3,0
440,649,441,2,1
441,634,466,3,0
441,636,416,0,3
441,640,442,2,1
441,652,416,0,3
441,703,440,1,2
442,634,467,3,0
442,640,443,2,1
442,652,417,0,3
443,634,468,3,0
443,640,418,0,3
444,634,443,1,2
444,640,419,0,3
444,652,443,1,2
445,634,444,1,2
445,636,444,1,2
445,640,420,0,3
445,652,444,1,2
445,703,446,2,1
446,633,447,2,1
446,634,445,1,2
446,649,421,0,3
449,675,424,0,3
450,668,451,1,1
452,649,427,0,3
453,634,454,2,1
453,640,428,0,3
453,652,454,2,1
454,634,455,2,1
454,640,429,0,3
454,652,455,2,1
455,634,456,2,1
455,640,430,0,3
455,652,456,2,1
456,634,481,3,0
456,636,481,3,0
456,640,431,0,3
457,634,482,3,0
457,636,482,3,0
457,640,456,1,2
457,652,432,0,3
458,634,483,3,0
458,636,483,3,0
458,640,457,1,2
458,652,433,0,3
458,703,457,1,2
459,633,458,1,2
462,668,668,47,0
462,675,463,2,1
463,668,462,1,2
465,633,464,1,2
465,634,490,3,0
465,649,466,2,1
466,634,491,3,0
466,636,491,3,0
466,640,467,2,1
466,652,441,0,3
466,703,465,1,2
467,634,492,3,0
467,636,492,3,0
467,640,468,2,1
467,652,442,0,3
468,634,493,3,0
468,636,493,3,0
468,640,443,0,3
469,634,468,1,2
469,640,444,0,3
469,652,468,1,2
470,634,469,1,2
470,636,469,1,2
470,640,445,0,3
470,652,469,1,2
470,703,471,2,1
471,633,472,2,1
471,634,470,1,2
471,649,446,0,3
474,675,449,0,3
475,668,476,1,1
477,639,502,3,0
477,649,452,0,3
478,634,479,2,1
478,639,503,3,0
478,640,453,0,3
478,652,479,2,1
479,634,480,2,1
479,639,504,3,0
479,640,454,0,3
479,652,480,2,1
480,634,481,2,1
480,639,505,3,0
480,640,455,0,3
480,652,481,2,1
481,633,456,0,3
481,634,506,3,0
481,639,506,3,0
481,640,456,0,3
481,652,506,3,0
482,633,457,0,3
482,634,507,3,0
482,640,481,1,2
482,652,507,3,0
483,633,458,0,3
483,634,508,3,0
483,636,508,3,0
483,640,482,1,2
483,652,508,3,0
483,703,482,1,2
484,633,483,1,2
486,668,461,0,3
487,668,462,0,3
487,675,488,2,1
490,633,489,1,2
490,634,515,3,0
490,649,491,2,1
491,633,466,0,3
491,634,516,3,0
491,636,516,3,0
491,640,492,2,1
491,652,516,3,0
491,703,490,1,2
492,633,467,0,3
492,634,517,3,0
492,640,493,2,1
492,652,517,3,0
493,633,468,0,3
493,634,518,3,0
493,639,518,3,0
493,640,468,0,3
493,652,518,3,0
494,634,493,1,2
494,639,519,3,0
494,640,469,0,3
494,652,493,1,2
495,634,494,1,2
495,636,494,1,2
495,639,520,3,0
495,640,470,0,3
495,652,494,1,2
495,703,496,2,1
496,633,497,2,1
496,634,495,1,2
496,639,521,3,0
496,649,471,0,3
497,639,522,3,0
499,675,474,0,3
500,668,501,1,1
502,649,477,0,3
503,634,504,2,1
503,640,528,3,0
503,652,504,2,1
504,634,505,2,1
504,640,529,3,0
504,652,505,2,1
505,634,506,2,1
505,640,530,3,0
505,652,506,2,1
506,634,507,2,1
506,652,531,3,0
507,634,508,2,1
507,640,506,1,2
507,652,532,3,0
508,634,509,2,1
508,636,533,3,0
508,640,507,1,2
508,652,533,3,0
508,703,507,1,2
509,633,508,1,2
511,668,486,0,3
512,668,487,0,3
512,675,513,2,1
515,633,514,1,2
515,634,634,13,0
515,649,516,2,1
516,634,515,1,2
516,636,541,3,0
516,640,517,2,1
516,652,541,3,0
516,703,515,1,2
517,634,516,1,2
517,640,518,2,1
517,652,542,3,0
518,634,517,1,2
518,652,543,3,0
519,634,518,1,2
519,640,544,3,0
519,652,518,1,2
520,634,519,1,2
520,636,519,1,2
520,640,545,3,0
520,652,519,1,2
520,703,521,2,1
521,633,522,2,1
521,634,520,1,2
521,649,496,0,3
524,675,499,0,3
525,668,526,1,1
527,649,502,0,3
528,634,529,2,1
528,640,553,3,0
528,652,529,2,1
529,634,530,2,1
529,640,554,3,0
529,652,530,2,1
530,634,531,2,1
530,640,555,3,0
530,652,531,2,1
531,652,556,3,0
532,634,507,0,3
532,640,531,1,2
532,652,557,3,0
533,634,508,0,3
533,636,558,3,0
533,640,532,1,2
533,652,558,3,0
533,703,532,1,2
534,633,533,1,2
536,668,511,0,3
537,668,512,0,3
537,675,538,2,1
540,633,539,1,2
540,634,515,0,3
540,649,541,2,1
541,634,516,0,3
541,636,566,3,0
541,640,542,2,1
541,652,566,3,0
541,703,540,1,2
542,634,517,0,3
542,640,543,2,1
542,652,567,3,0
543,652,568,3,0
544,634,543,1,2
544,640,569,3,0
544,652,543,1,2
545,634,544,1,2
545,636,544,1,2
545,640,570,3,0
545,652,544,1,2
545,703,546,2,1
546,633,547,2,1
546,634,545,1,2
546,649,521,0,3
549,675,524,0,3
550,668,551,1,1
552,649,527,0,3
553,634,554,2,1
553,640,578,3,0
553,652,554,2,1
554,634,555,2,1
554,640,579,3,0
554,652,555,2,1
555,634,556,2,1
555,640,580,3,0
555,652,556,2,1
556,652,581,3,0
557,634,532,0,3
557,640,556,1,2
557,652,582,3,0
558,634,533,0,3
558,636,583,3,0
558,640,557,1,2
558,652,583,3,0
558,703,557,1,2
559,633,558,1,2
561,668,536,0,3
562,668,537,0,3
562,675,563,2,1
565,633,564,1,2
565,634,540,0,3
565,649,566,2,1
566,634,541,0,3
566,636,591,3,0
566,640,567,2,1
566,652,591,3,0
566,703,565,1,2
567,634,542,0,3
567,640,568,2,1
567,652,592,3,0
568,652,593,3,0
569,634,568,1,2
569,640,594,3,0
569,652,568,1,2
570,634,569,1,2
570,636,569,1,2
570,640,595,3,0
570,652,569,1,2
570,703,571,2,1
571,633,572,2,1
571,634,570,1,2
571,649,546,0,3
574,675,549,0,3
575,668,576,1,1
575,670,600,2,0
576,670,601,3,0
577,649,552,0,3
577,670,602,3,0
578,634,579,2,1
578,640,603,3,0
578,652,579,2,1
578,670,603,3,0
578,722,603,3,0
579,634,580,2,1
579,640,604,3,0
579,652,580,2,1
579,670,604,3,0
579,722,604,3,0
580,634,581,2,1
580,640,605,3,0
580,652,581,2,1
580,670,605,3,0
580,722,605,3,0
581,652,606,3,0
581,670,606,3,0
581,722,606,3,0
582,634,557,0,3
582,640,581,1,2
582,652,607,3,0
583,634,558,0,3
583,636,608,3,0
583,640,582,1,2
583,652,608,3,0
583,703,582,1,2
584,633,583,1,2
586,668,561,0,3
587,668,562,0,3
587,675,588,2,1
590,633,589,1,2
590,634,565,0,3
590,649,591,2,1
591,634,566,0,3
591,636,616,3,0
591,640,592,2,1
591,652,616,3,0
591,703,590,1,2
592,634,567,0,3
592,640,593,2,1
592,652,617,3,0
593,652,618,3,0
593,670,618,3,0
593,722,618,3,0
594,634,593,1,2
594,640,619,3,0
594,652,593,1,2
594,670,619,3,0
594,722,619,3,0
595,634,594,1,2
595,636,594,1,2
595,640,620,3,0
595,652,594,1,2
595,670,620,3,0
595,703,596,2,1
595,722,620,3,0
596,633,597,2,1
596,634,595,1,2
596,649,571,0,3
596,670,621,3,0
597,670,622,3,0
598,670,623,3,0
599,670,624,3,0
599,675,574,0,3
600,668,601,1,1
602,649,577,0,3
603,634,604,2,1
603,640,3,3,3
603,652,604,2,1
604,634,605,2,1
604,640,4,3,3
604,652,605,2,1
605,634,606,2,1
605,640,5,3,3
605,652,606,2,1
606,652,6,3,3
606,703,6,3,3
607,634,582,0,3
607,640,606,1,2
607,652,7,3,3
607,703,7,3,3
608,634,583,0,3
608,636,8,3,3
608,640,607,1,2
608,652,8,3,3
608,703,607,1,2
609,633,608,1,2
611,668,586,0,3
612,668,587,0,3
612,675,613,2,1
615,633,614,1,2
615,634,590,0,3
615,649,616,2,1
616,634,591,0,3
616,636,16,3,3
616,640,617,2,1
616,652,16,3,3
617,634,592,0,3
617,640,618,2,1
617,652,17,3,3
617,703,17,3,3
618,652,18,3,3
618,703,18,3,3
619,634,618,1,2
619,640,19,3,3
619,652,618,1,2
620,634,619,1,2
620,636,619,1,2
620,640,20,3,3
620,652,619,1,2
620,703,621,2,1
621,633,622,2,1
621,634,620,1,2
621,649,596,0,3
624,675,599,0,3
633,625,183,0,12
633,626,183,0,12
633,627,183,0,12
633,628,183,0,12
633,629,183,0,12
633,630,183,0,12
633,631,183,0,12
633,632,183,0,12
633,634,183,0,12
633,635,183,0,12
633,636,183,0,12
633,637,183,0,12
633,638,183,0,12
633,639,183,0,12
633,640,183,0,12
633,641,183,0,12
633,642,183,0,12
633,643,183,0,12
633,644,183,0,12
633,645,183,0,12
633,646,183,0,12
633,647,183,0,12
633,648,183,0,12
633,649,183,0,12
633,650,183,0,12
633,651,183,0,12
633,652,183,0,12
633,653,183,0,12
633,654,183,0,12
633,655,183,0,12
633,656,183,0,12
633,657,183,0,12
633,658,183,0,12
633,659,183,0,12
633,660,183,0,12
633,661,183,0,12
633,662,183,0,12
633,663,183,0,12
633,664,183,0,12
633,665,183,0,12
633,666,183,0,12
633,667,183,0,12
633,668,183,0,12
633,669,183,0,12
633,670,183,0,12
633,671,183,0,12
633,672,183,0,12
633,673,183,0,12
633,674,183,0,12
633,675,183,0,12
633,676,183,0,12
633,677,183,0,12
633,678,183,0,12
633,679,183,0,12
633,680,183,0,12
633,681,183,0,12
633,682,183,0,12
633,683,183,0,12
633,684,183,0,12
633,685,183,0,12
633,686,183,0,12
633,687,183,0,12
633,688,183,0,12
633,689,183,0,12
633,690,183,0,12
633,691,183,0,12
633,692,183,0,12
633,693,183,0,12
633,694,183,0,12
633,695,183,0,12
633,696,183,0,12
633,697,183,0,12
633,698,183,0,12
633,699,183,0,12
633,700,183,0,12
633,701,183,0,12
633,702,183,0,12
633,703,183,0,12
633,704,183,0,12
633,705,183,0,12
633,706,183,0,12
633,707,183,0,12
633,708,183,0,12
633,709,183,0,12
633,710,183,0,12
633,711,183,0,12
633,712,183,0,12
633,713,183,0,12
633,714,183,0,12
633,715,183,0,12
633,716,183,0,12
633,717,183,0,12
633,718,183,0,12
633,719,183,0,12
633,720,183,0,12
633,721,183,0,12
633,722,183,0,12
633,723,183,0,12
633,724,183,0,12
634,625,515,0,13
634,626,515,0,13
634,627,515,0,13
634,628,515,0,13
634,629,515,0,13
634,630,515,0,13
634,631,515,0,13
634,632,515,0,13
634,633,515,0,13
634,635,515,0,13
634,636,515,0,13
634,637,515,0,13
634,638,515,0,13
634,639,515,0,13
634,640,515,0,13
634,641,515,0,13
634,642,515,0,13
634,643,515,0,13
634,644,515,0,13
634,645,515,0,13
634,646,515,0,13
634,647,515,0,13
634,648,515,0,13
634,649,515,0,13
634,650,515,0,13
634,651,515,0,13
634,652,515,0,13
634,653,515,0,13
634,654,515,0,13
634,655,515,0,13
634,656,515,0,13
634,657,515,0,13
634,658,515,0,13
634,659,515,0,13
634,660,515,0,13
634,661,515,0,13
634,662,515,0,13
634,663,515,0,13
634,664,515,0,13
634,665,515,0,13
634,666,515,0,13
634,667,515,0,13
634,668,515,0,13
634,669,515,0,13
634,670,515,0,13
634,671,515,0,13
634,672,515,0,13
634,673,515,0,13
634,674,515,0,13
634,675,515,0,13
634,676,515,0,13
634,677,515,0,13
634,678,515,0,13
634,679,515,0,13
634,680,515,0,13
634,681,515,0,13
634,682,515,0,13
634,683,515,0,13
634,684,515,0,13
634,685,515,0,13
634,686,515,0,13
634,687,515,0,13
634,688,515,0,13
634,689,515,0,13
634,690,515,0,13
634,691,515,0,13
634,692,515,0,13
634,693,515,0,13
634,694,515,0,13
634,695,515,0,13
634,696,515,0,13
634,697,515,0,13
634,698,515,0,13
634,699,515,0,13
634,700,515,0,13
634,701,515,0,13
634,702,515,0,13
634,703,515,0,13
634,704,515,0,13
634,705,515,0,13
634,706,515,0,13
634,707,515,0,13
634,708,515,0,13
634,709,515,0,13
634,710,515,0,13
634,711,515,0,13
634,712,515,0,13
634,713,515,0,13
634,714,515,0,13
634,715,515,0,13
634,716,515,0,13
634,717,515,0,13
634,718,515,0,13
634,719,515,0,13
634,720,515,0,13
634,721,515,0,13
634,722,515,0,13
634,723,515,0,13
634,724,515,0,13
636,625,133,0,15
636,626,133,0,15
636,627,133,0,15
636,628,133,0,15
636,629,133,0,15
636,630,133,0,15
636,631,133,0,15
636,632,133,0,15
636,633,133,0,15
636,634,133,0,15
636,635,133,0,15
636,637,133,0,15
636,638,133,0,15
636,639,133,0,15
636,640,133,0,15
636,641,133,0,15
636,642,133,0,15
636,643,133,0,15
636,644,133,0,15
636,645,133,0,15
636,646,133,0,15
636,647,133,0,15
636,648,133,0,15
636,649,133,0,15
636,650,133,0,15
636,651,133,0,15
636,652,133,0,15
636,653,133,0,15
636,654,133,0,15
636,655,133,0,15
636,656,133,0,15
636,657,133,0,15
636,658,133,0,15
636,659,133,0,15
636,660,133,0,15
636,661,133,0,15
636,662,133,0,15
636,663,133,0,15
636,664,133,0,15
636,665,133,0,15
636,666,133,0,15
636,667,133,0,15
636,668,133,0,15
636,669,133,0,15
636,670,133,0,15
636,671,133,0,15
636,672,133,0,15
636,673,133,0,15
636,674,133,0,15
636,675,133,0,15
636,676,133,0,15
636,677,133,0,15
636,678,133,0,15
636,679,133,0,15
636,680,133,0,15
636,681,133,0,15
636,682,133,0,15
636,683,133,0,15
636,684,133,0,15
636,685,133,0,15
636,686,133,0,15
636,687,133,0,15
636,688,133,0,15
636,689,133,0,15
636,690,133,0,15
636,691,133,0,15
636,692,133,0,15
636,693,133,0,15
636,694,133,0,15
636,695,133,0,15
636,696,133,0,15
636,697,133,0,15
636,698,133,0,15
636,699,133,0,15
636,700,133,0,15
636,701,133,0,15
636,702,133,0,15
636,703,133,0,15
636,704,133,0,15
636,705,133,0,15
636,706,133,0,15
636,707,133,0,15
636,708,133,0,15
636,709,133,0,15
636,710,133,0,15
636,711,133,0,15
636,712,133,0,15
636,713,133,0,15
636,714,133,0,15
636,715,133,0,15
636,716,133,0,15
636,717,133,0,15
636,718,133,0,15
636,719,133,0,15
636,720,133,0,15
636,721,133,0,15
636,722,133,0,15
636,723,133,0,15
636,724,133,0,15
639,625,172,0,18
639,626,172,0,18
639,627,172,0,18
639,628,172,0,18
639,629,172,0,18
639,630,172,0,18
639,631,172,0,18
639,632,172,0,18
639,633,172,0,18
639,634,172,0,18
639,635,172,0,18
639,636,172,0,18
639,637,172,0,18
639,638,172,0,18
639,640,172,0,18
639,641,172,0,18
639,642,172,0,18
639,643,172,0,18
639,644,172,0,18
639,645,172,0,18
639,646,172,0,18
639,647,172,0,18
639,648,172,0,18
639,649,172,0,18
639,650,172,0,18
639,651,172,0,18
639,652,172,0,18
639,653,172,0,18
639,654,172,0,18
639,655,172,0,18
639,656,172,0,18
639,657,172,0,18
639,658,172,0,18
639,659,172,0,18
639,660,172,0,18
639,661,172,0,18
639,662,172,0,18
639,663,172,0,18
639,664,172,0,18
639,665,172,0,18
639,666,172,0,18
639,667,172,0,18
639,668,172,0,18
639,669,172,0,18
639,670,172,0,18
639,671,172,0,18
639,672,172,0,18
639,673,172,0,18
639,674,172,0,18
639,675,172,0,18
639,676,172,0,18
639,677,172,0,18
639,678,172,0,18
639,679,172,0,18
639,680,172,0,18
639,681,172,0,18
639,682,172,0,18
639,683,172,0,18
639,684,172,0,18
639,685,172,0,18
639,686,172,0,18
639,687,172,0,18
639,688,172,0,18
639,689,172,0,18
639,690,172,0,18
639,691,172,0,18
639,692,172,0,18
639,693,172,0,18
639,694,172,0,18
639,695,172,0,18
639,696,172,0,18
639,697,172,0,18
639,698,172,0,18
639,699,172,0,18
639,700,172,0,18
639,701,172,0,18
639,702,172,0,18
639,703,172,0,18
639,704,172,0,18
639,705,172,0,18
639,706,172,0,18
639,707,172,0,18
639,708,172,0,18
639,709,172,0,18
639,710,172,0,18
639,711,172,0,18
639,712,172,0,18
639,713,172,0,18
639,714,172,0,18
639,715,172,0,18
639,716,172,0,18
639,717,172,0,18
639,718,172,0,18
639,719,172,0,18
639,720,172,0,18
639,721,172,0,18
639,722,172,0,18
639,723,172,0,18
639,724,172,0,18
640,625,178,0,19
640,626,178,0,19
640,627,178,0,19
640,628,178,0,19
640,629,178,0,19
640,630,178,0,19
640,631,178,0,19
640,632,178,0,19
640,633,178,0,19
640,634,178,0,19
640,635,178,0,19
640,636,178,0,19
640,637,178,0,19
640,638,178,0,19
640,639,178,0,19
640,641,178,0,19
640,642,178,0,19
640,643,178,0,19
640,644,178,0,19
640,645,178,0,19
640,646,178,0,19
640,647,178,0,19
640,648,178,0,19
640,649,178,0,19
640,650,178,0,19
640,651,178,0,19
640,652,178,0,19
640,653,178,0,19
640,654,178,0,19
640,655,178,0,19
640,656,178,0,19
640,657,178,0,19
640,658,178,0,19
640,659,178,0,19
640,660,178,0,19
640,661,178,0,19
640,662,178,0,19
640,663,178,0,19
640,664,178,0,19
640,665,178,0,19
640,666,178,0,19
640,667,178,0,19
640,668,178,0,19
640,669,178,0,19
640,670,178,0,19
640,671,178,0,19
640,672,178,0,19
640,673,178,0,19
640,674,178,0,19
640,675,178,0,19
640,676,178,0,19
640,677,178,0,19
640,678,178,0,19
640,679,178,0,19
640,680,178,0,19
640,681,178,0,19
640,682,178,0,19
640,683,178,0,19
640,684,178,0,19
640,685,178,0,19
640,686,178,0,19
640,687,178,0,19
640,688,178,0,19
640,689,178,0,19
640,690,178,0,19
640,691,178,0,19
640,692,178,0,19
640,693,178,0,19
640,694,178,0,19
640,695,178,0,19
640,696,178,0,19
640,697,178,0,19
640,698,178,0,19
640,699,178,0,19
640,700,178,0,19
640,701,178,0,19
640,702,178,0,19
640,703,178,0,19
640,704,178,0,19
640,705,178,0,19
640,706,178,0,19
640,707,178,0,19
640,708,178,0,19
640,709,178,0,19
640,710,178,0,19
640,711,178,0,19
640,712,178,0,19
640,713,178,0,19
640,714,178,0,19
640,715,178,0,19
640,716,178,0,19
640,717,178,0,19
640,718,178,0,19
640,719,178,0,19
640,720,178,0,19
640,721,178,0,19
640,722,178,0,19
640,723,178,0,19
640,724,178,0,19
649,625,352,0,28
649,626,352,0,28
649,627,352,0,28
649,628,352,0,28
649,629,352,0,28
649,630,352,0,28
649,631,352,0,28
649,632,352,0,28
649,633,352,0,28
649,634,352,0,28
649,635,352,0,28
649,636,352,0,28
649,637,352,0,28
649,638,352,0,28
649,639,352,0,28
649,640,352,0,28
649,641,352,0,28
649,642,352,0,28
649,643,352,0,28
649,644,352,0,28
649,645,352,0,28
649,646,352,0,28
649,647,352,0,28
649,648,352,0,28
649,650,352,0,28
649,651,352,0,28
649,652,352,0,28
649,653,352,0,28
649,654,352,0,28
649,655,352,0,28
649,656,352,0,28
649,657,352,0,28
649,658,352,0,28
649,659,352,0,28
649,660,352,0,28
649,661,352,0,28
649,662,352,0,28
649,663,352,0,28
649,664,352,0,28
649,665,352,0,28
649,666,352,0,28
649,667,352,0,28
649,668,352,0,28
649,669,352,0,28
649,670,352,0,28
649,671,352,0,28
649,672,352,0,28
649,673,352,0,28
649,674,352,0,28
649,675,352,0,28
649,676,352,0,28
649,677,352,0,28
649,678,352,0,28
649,679,352,0,28
649,680,352,0,28
649,681,352,0,28
649,682,352,0,28
649,683,352,0,28
649,684,352,0,28
649,685,352,0,28
649,686,352,0,28
649,687,352,0,28
649,688,352,0,28
649,689,352,0,28
649,690,352,0,28
649,691,352,0,28
649,692,352,0,28
649,693,352,0,28
649,694,352,0,28
649,695,352,0,28
649,696,352,0,28
649,697,352,0,28
649,698,352,0,28
649,699,352,0,28
649,700,352,0,28
649,701,352,0,28
649,702,352,0,28
649,703,352,0,28
649,704,352,0,28
649,705,352,0,28
649,706,352,0,28
649,707,352,0,28
649,708,352,0,28
649,709,352,0,28
649,710,352,0,28
649,711,352,0,28
649,712,352,0,28
649,713,352,0,28
649,714,352,0,28
649,715,352,0,28
649,716,352,0,28
649,717,352,0,28
649,718,352,0,28
649,719,352,0,28
649,720,352,0,28
649,721,352,0,28
649,722,352,0,28
649,723,352,0,28
649,724,352,0,28
652,625,158,0,31
652,626,158,0,31
652,627,158,0,31
652,628,158,0,31
652,629,158,0,31
652,630,158,0,31
652,631,158,0,31
652,632,158,0,31
652,633,158,0,31
652,634,158,0,31
652,635,158,0,31
652,636,158,0,31
652,637,158,0,31
652,638,158,0,31
652,639,158,0,31
652,640,158,0,31
652,641,158,0,31
652,642,158,0,31
652,643,158,0,31
652,644,158,0,31
652,645,158,0,31
652,646,158,0,31
652,647,158,0,31
652,648,158,0,31
652,649,158,0,31
652,650,158,0,31
652,651,158,0,31
652,653,158,0,31
652,654,158,0,31
652,655,158,0,31
652,656,158,0,31
652,657,158,0,31
652,658,158,0,31
652,659,158,0,31
652,660,158,0,31
652,661,158,0,31
652,662,158,0,31
652,663,158,0,31
652,664,158,0,31
652,665,158,0,31
652,666,158,0,31
652,667,158,0,31
652,668,158,0,31
652,669,158,0,31
652,670,158,0,31
652,671,158,0,31
652,672,158,0,31
652,673,158,0,31
652,674,158,0,31
652,675,158,0,31
652,676,158,0,31
652,677,158,0,31
652,678,158,0,31
652,679,158,0,31
652,680,158,0,31
652,681,158,0,31
652,682,158,0,31
652,683,158,0,31
652,684,158,0,31
652,685,158,0,31
652,686,158,0,31
652,687,158,0,31
652,688,158,0,31
652,689,158,0,31
652,690,158,0,31
652,691,158,0,31
652,692,158,0,31
652,693,158,0,31
652,694,158,0,31
652,695,158,0,31
652,696,158,0,31
652,697,158,0,31
652,698,158,0,31
652,699,158,0,31
652,700,158,0,31
652,701,158,0,31
652,702,158,0,31
652,703,158,0,31
652,704,158,0,31
652,705,158,0,31
652,706,158,0,31
652,707,158,0,31
652,708,158,0,31
652,709,158,0,31
652,710,158,0,31
652,711,158,0,31
652,712,158,0,31
652,713,158,0,31
652,714,158,0,31
652,715,158,0,31
652,716,158,0,31
652,717,158,0,31
652,718,158,0,31
652,719,158,0,31
652,720,158,0,31
652,721,158,0,31
652,722,158,0,31
652,723,158,0,31
652,724,158,0,31
668,625,462,0,47
668,626,462,0,47
668,627,462,0,47
668,628,462,0,47
668,629,462,0,47
668,630,462,0,47
668,631,462,0,47
668,632,462,0,47
668,633,462,0,47
668,634,462,0,47
668,635,462,0,47
668,636,462,0,47
668,637,462,0,47
668,638,462,0,47
668,639,462,0,47
668,640,462,0,47
668,641,462,0,47
668,642,462,0,47
668,643,462,0,47
668,644,462,0,47
668,645,462,0,47
668,646,462,0,47
668,647,462,0,47
668,648,462,0,47
668,649,462,0,47
668,650,462,0,47
668,651,462,0,47
668,652,462,0,47
668,653,462,0,47
668,654,462,0,47
668,655,462,0,47
668,656,462,0,47
668,657,462,0,47
668,658,462,0,47
668,659,462,0,47
668,660,462,0,47
668,661,462,0,47
668,662,462,0,47
668,663,462,0,47
668,664,462,0,47
668,665,462,0,47
668,666,462,0,47
668,667,462,0,47
668,669,462,0,47
668,670,462,0,47
668,671,462,0,47
668,672,462,0,47
668,673,462,0,47
668,674,462,0,47
668,675,462,0,47
668,676,462,0,47
668,677,462,0,47
668,678,462,0,47
668,679,462,0,47
668,680,462,0,47
668,681,462,0,47
668,682,462,0,47
668,683,462,0,47
668,684,462,0,47
668,685,462,0,47
668,686,462,0,47
668,687,462,0,47
668,688,462,0,47
668,689,462,0,47
668,690,462,0,47
668,691,462,0,47
668,692,462,0,47
668,693,462,0,47
668,694,462,0,47
668,695,462,0,47
668,696,462,0,47
668,697,462,0,47
668,698,462,0,47
668,699,462,0,47
668,700,462,0,47
668,701,462,0,47
668,702,462,0,47
668,703,462,0,47
668,704,462,0,47
668,705,462,0,47
668,706,462,0,47
668,707,462,0,47
668,708,462,0,47
668,709,462,0,47
668,710,462,0,47
668,711,462,0,47
668,712,462,0,47
668,713,462,0,47
668,714,462,0,47
668,715,462,0,47
668,716,462,0,47
668,717,462,0,47
668,718,462,0,47
668,719,462,0,47
668,720,462,0,47
668,721,462,0,47
668,722,462,0,47
668,723,462,0,47
668,724,462,0,47
670,625,274,0,49
670,626,274,0,49
670,627,274,0,49
670,628,274,0,49
670,629,274,0,49
670,630,274,0,49
670,631,274,0,49
670,632,274,0,49
670,633,274,0,49
670,634,274,0,49
670,635,274,0,49
670,636,274,0,49
670,637,274,0,49
670,638,274,0,49
670,639,274,0,49
670,640,274,0,49
670,641,274,0,49
670,642,274,0,49
670,643,274,0,49
670,644,274,0,49
670,645,274,0,49
670,646,274,0,49
670,647,274,0,49
670,648,274,0,49
670,649,274,0,49
670,650,274,0,49
670,651,274,0,49
670,652,274,0,49
670,653,274,0,49
670,654,274,0,49
670,655,274,0,49
670,656,274,0,49
670,657,274,0,49
670,658,274,0,49
670,659,274,0,49
670,660,274,0,49
670,661,274,0,49
670,662,274,0,49
670,663,274,0,49
670,664,274,0,49
670,665,274,0,49
670,666,274,0,49
670,667,274,0,49
670,668,274,0,49
670,669,274,0,49
670,671,274,0,49
670,672,274,0,49
670,673,274,0,49
670,674,274,0,49
670,675,274,0,49
670,676,274,0,49
670,677,274,0,49
670,678,274,0,49
670,679,274,0,49
670,680,274,0,49
670,681,274,0,49
670,682,274,0,49
670,683,274,0,49
670,684,274,0,49
670,685,274,0,49
670,686,274,0,49
670,687,274,0,49
670,688,274,0,49
670,689,274,0,49
670,690,274,0,49
670,691,274,0,49
670,692,274,0,49
670,693,274,0,49
670,694,274,0,49
670,695,274,0,49
670,696,274,0,49
670,697,274,0,49
670,698,274,0,49
670,699,274,0,49
670,700,274,0,49
670,701,274,0,49
670,702,274,0,49
670,703,274,0,49
670,704,274,0,49
670,705,274,0,49
670,706,274,0,49
670,707,274,0,49
670,708,274,0,49
670,709,274,0,49
670,710,274,0,49
670,711,274,0,49
670,712,274,0,49
670,713,274,0,49
670,714,274,0,49
670,715,274,0,49
670,716,274,0,49
670,717,274,0,49
670,718,274,0,49
670,719,274,0,49
670,720,274,0,49
670,721,274,0,49
670,722,274,0,49
670,723,274,0,49
670,724,274,0,49
675,625,399,0,54
675,626,399,0,54
675,627,399,0,54
675,628,399,0,54
675,629,399,0,54
675,630,399,0,54
675,631,399,0,54
675,632,399,0,54
675,633,399,0,54
675,634,399,0,54
675,635,399,0,54
675,636,399,0,54
675,637,399,0,54
675,638,399,0,54
675,639,399,0,54
675,640,399,0,54
675,641,399,0,54
675,642,399,0,54
675,643,399,0,54
675,644,399,0,54
675,645,399,0,54
675,646,399,0,54
675,647,399,0,54
675,648,399,0,54
675,649,399,0,54
675,650,399,0,54
675,651,399,0,54
675,652,399,0,54
675,653,399,0,54
675,654,399,0,54
675,655,399,0,54
675,656,399,0,54
675,657,399,0,54
675,658,399,0,54
675,659,399,0,54
675,660,399,0,54
675,661,399,0,54
675,662,399,0,54
675,663,399,0,54
675,664,399,0,54
675,665,399,0,54
675,666,399,0,54
675,667,399,0,54
675,668,399,0,54
675,669,399,0,54
675,670,399,0,54
675,671,399,0,54
675,672,399,0,54
675,673,399,0,54
675,674,399,0,54
675,676,399,0,54
675,677,399,0,54
675,678,399,0,54
675,679,399,0,54
675,680,399,0,54
675,681,399,0,54
675,682,399,0,54
675,683,399,0,54
675,684,399,0,54
675,685,399,0,54
675,686,399,0,54
675,687,399,0,54
675,688,399,0,54
675,689,399,0,54
675,690,399,0,54
675,691,399,0,54
675,692,399,0,54
675,693,399,0,54
675,694,399,0,54
675,695,399,0,54
675,696,399,0,54
675,697,399,0,54
675,698,399,0,54
675,699,399,0,54
675,700,399,0,54
675,701,399,0,54
675,702,399,0,54
675,703,399,0,54
675,704,399,0,54
675,705,399,0,54
675,706,399,0,54
675,707,399,0,54
675,708,399,0,54
675,709,399,0,54
675,710,399,0,54
675,711,399,0,54
675,712,399,0,54
675,713,399,0,54
675,714,399,0,54
675,715,399,0,54
675,716,399,0,54
675,717,399,0,54
675,718,399,0,54
675,719,399,0,54
675,720,399,0,54
675,721,399,0,54
675,722,399,0,54
675,723,399,0,54
675,724,399,0,54
703,625,7,0,82
703,626,7,0,82
703,627,7,0,82
703,628,7,0,82
703,629,7,0,82
703,630,7,0,82
703,631,7,0,82
703,632,7,0,82
703,633,7,0,82
703,634,7,0,82
703,635,7,0,82
703,636,7,0,82
703,637,7,0,82
703,638,7,0,82
703,639,7,0,82
703,640,7,0,82
703,641,7,0,82
703,642,7,0,82
703,643,7,0,82
703,644,7,0,82
703,645,7,0,82
703,646,7,0,82
703,647,7,0,82
703,648,7,0,82
703,649,7,0,82
703,650,7,0,82
703,651,7,0,82
703,652,7,0,82
703,653,7,0,82
703,654,7,0,82
703,655,7,0,82
703,656,7,0,82
703,657,7,0,82
703,658,7,0,82
703,659,7,0,82
703,660,7,0,82
703,661,7,0,82
703,662,7,0,82
703,663,7,0,82
703,664,7,0,82
703,665,7,0,82
703,666,7,0,82
703,667,7,0,82
703,668,7,0,82
703,669,7,0,82
703,670,7,0,82
703,671,7,0,82
703,672,7,0,82
703,673,7,0,82
703,674,7,0,82
703,675,7,0,82
703,676,7,0,82
703,677,7,0,82
703,678,7,0,82
703,679,7,0,82
703,680,7,0,82
703,681,7,0,82
703,682,7,0,82
703,683,7,0,82
703,684,7,0,82
703,685,7,0,82
703,686,7,0,82
703,687,7,0,82
703,688,7,0,82
703,689,7,0,82
703,690,7,0,82
703,691,7,0,82
703,692,7,0,82
703,693,7,0,82
703,694,7,0,82
703,695,7,0,82
703,696,7,0,82
703,697,7,0,82
703,698,7,0,82
703,699,7,0,82
703,700,7,0,82
703,701,7,0,82
703,702,7,0,82
703,704,7,0,82
703,705,7,0,82
703,706,7,0,82
703,707,7,0,82
703,708,7,0,82
703,709,7,0,82
703,710,7,0,82
703,711,7,0,82
703,712,7,0,82
703,713,7,0,82
703,714,7,0,82
703,715,7,0,82
703,716,7,0,82
703,717,7,0,82
703,718,7,0,82
703,719,7,0,82
703,720,7,0,82
703,721,7,0,82
703,722,7,0,82
703,723,7,0,82
703,724,7,0,82
722,625,253,0,101
722,626,253,0,101
722,627,253,0,101
722,628,253,0,101
722,629,253,0,101
722,630,253,0,101
722,631,253,0,101
722,632,253,0,101
722,633,253,0,101
722,634,253,0,101
722,635,253,0,101
722,636,253,0,101
722,637,253,0,101
722,638,253,0,101
722,639,253,0,101
722,640,253,0,101
722,641,253,0,101
722,642,253,0,101
722,643,253,0,101
722,644,253,0,101
722,645,253,0,101
722,646,253,0,101
722,647,253,0,101
722,648,253,0,101
722,649,253,0,101
722,650,253,0,101
722,651,253,0,101
722,652,253,0,101
722,653,253,0,101
722,654,253,0,101
722,655,253,0,101
722,656,253,0,101
722,657,253,0,101
722,658,253,0,101
722,659,253,0,101
722,660,253,0,101
722,661,253,0,101
722,662,253,0,101
722,663,253,0,101
722,664,253,0,101
722,665,253,0,101
722,666,253,0,101
722,667,253,0,101
722,668,253,0,101
722,669,253,0,101
722,670,253,0,101
722,671,253,0,101
722,672,253,0,101
722,673,253,0,101
722,674,253,0,101
722,675,253,0,101
722,676,253,0,101
722,677,253,0,101
722,678,253,0,101
722,679,253,0,101
722,680,253,0,101
722,681,253,0,101
722,682,253,0,101
722,683,253,0,101
722,684,253,0,101
722,685,253,0,101
722,686,253,0,101
722,687,253,0,101
722,688,253,0,101
722,689,253,0,101
722,690,253,0,101
722,691,253,0,101
722,692,253,0,101
722,693,253,0,101
722,694,253,0,101
722,695,253,0,101
722,696,253,0,101
722,697,253,0,101
722,698,253,0,101
722,699,253,0,101
722,700,253,0,101
722,701,253,0,101
722,702,253,0,101
722,703,253,0,101
722,704,253,0,101
722,705,253,0,101
722,706,253,0,101
722,707,253,0,101
722,708,253,0,101
722,709,253,0,101
722,710,253,0,101
722,711,253,0,101
722,712,253,0,101
722,713,253,0,101
722,714,253,0,101
722,715,253,0,101
722,716,253,0,101
722,717,253,0,101
722,718,253,0,101
722,719,253,0,101
722,720,253,0,101
722,721,253,0,101
722,723,253,0,101
722,724,253,0,101
