0,634,25,1,0
0,639,25,1,0
0,709,1,0,0
0,717,25,1,0
1,639,26,2,0
1,647,26,2,0
3,648,2,0,1
5,639,30,2,0
5,647,30,2,0
5,709,6,1,0
5,717,30,2,0
6,634,31,2,0
6,639,31,2,0
6,674,31,2,0
7,634,32,2,0
7,638,607,3,3
7,639,32,2,0
7,674,32,2,0
7,694,32,2,0
8,634,33,2,0
8,638,608,3,3
8,639,33,2,0
8,674,33,2,0
8,694,33,2,0
9,634,34,2,0
9,639,34,2,0
9,674,34,2,0
10,634,9,0,1
10,638,9,0,1
10,639,9,0,1
10,674,9,0,1
10,694,9,0,1
11,634,10,0,1
11,638,10,0,1
11,639,10,0,1
11,674,10,0,1
11,694,10,0,1
12,634,11,0,1
12,639,11,0,1
12,674,11,0,1
13,639,12,0,1
13,647,12,0,1
15,648,16,1,0
17,639,18,1,0
18,634,19,1,0
18,639,19,1,0
18,709,17,0,1
18,717,19,1,0
19,634,20,1,0
19,639,20,1,0
19,674,20,1,0
20,634,21,1,0
20,638,21,1,0
20,639,21,1,0
20,674,21,1,0
20,694,21,1,0
21,634,22,1,0
21,638,22,1,0
21,639,22,1,0
21,674,22,1,0
21,694,22,1,0
22,634,47,2,0
22,639,47,2,0
22,674,47,2,0
23,634,48,2,0
23,638,623,3,3
23,639,48,2,0
23,674,48,2,0
23,694,48,2,0
24,634,49,2,0
24,639,49,2,0
24,674,49,2,0
25,634,50,2,0
25,639,50,2,0
25,709,26,1,1
25,717,50,2,0
26,639,51,3,0
26,647,51,3,0
28,648,27,1,2
30,639,55,3,0
30,647,55,3,0
30,709,31,2,1
30,717,55,3,0
31,634,56,3,0
31,639,56,3,0
31,674,56,3,0
31,709,56,3,0
32,634,57,3,0
32,638,7,0,2
32,639,57,3,0
32,674,57,3,0
32,694,57,3,0
32,709,57,3,0
33,634,58,3,0
33,638,8,0,2
33,639,58,3,0
33,674,58,3,0
33,694,58,3,0
33,709,58,3,0
34,634,59,3,0
34,639,59,3,0
34,674,59,3,0
34,694,59,3,0
34,709,59,3,0
35,634,34,1,2
35,638,34,1,2
35,639,34,1,2
35,674,34,1,2
35,694,34,1,2
36,634,35,1,2
36,638,35,1,2
36,639,35,1,2
36,674,35,1,2
36,694,35,1,2
37,634,36,1,2
37,639,36,1,2
37,674,36,1,2
38,639,37,1,2
38,647,37,1,2
40,648,41,2,1
42,639,43,2,1
43,634,44,2,1
43,639,44,2,1
43,709,42,1,2
43,717,44,2,1
44,634,45,2,1
44,639,45,2,1
44,674,45,2,1
45,634,46,2,1
45,638,46,2,1
45,639,46,2,1
45,674,46,2,1
45,694,46,2,1
46,634,47,2,1
46,638,47,2,1
46,639,47,2,1
46,674,47,2,1
46,694,47,2,1
47,634,72,3,0
47,639,72,3,0
47,674,72,3,0
47,694,72,3,0
47,709,72,3,0
48,634,73,3,0
48,638,23,0,2
48,639,73,3,0
48,674,73,3,0
48,694,73,3,0
48,709,73,3,0
49,634,74,3,0
49,639,74,3,0
49,674,74,3,0
49,709,74,3,0
50,634,75,2,0
50,639,75,2,0
50,709,51,1,1
50,717,75,2,0
51,639,76,3,0
51,647,76,3,0
53,648,52,1,2
55,639,80,3,0
55,647,80,3,0
55,709,56,2,1
55,717,80,3,0
56,634,81,3,0
56,639,81,3,0
56,674,81,3,0
57,634,82,3,0
57,638,32,0,3
57,639,82,3,0
57,674,82,3,0
57,694,82,3,0
58,634,83,3,0
58,638,33,0,3
58,639,83,3,0
58,674,83,3,0
58,694,83,3,0
59,634,84,3,0
59,639,84,3,0
59,674,84,3,0
59,694,84,3,0
60,634,59,1,2
60,638,59,1,2
60,639,59,1,2
60,674,59,1,2
60,694,59,1,2
61,634,60,1,2
61,638,60,1,2
61,639,60,1,2
61,674,60,1,2
61,694,60,1,2
62,634,61,1,2
62,639,61,1,2
62,674,61,1,2
63,639,62,1,2
63,647,62,1,2
65,648,66,2,1
67,639,68,2,1
68,634,69,2,1
68,639,69,2,1
68,709,67,1,2
68,717,69,2,1
69,634,70,2,1
69,639,70,2,1
69,674,70,2,1
70,634,71,2,1
70,638,71,2,1
70,639,71,2,1
70,674,71,2,1
70,694,71,2,1
71,634,72,2,1
71,638,72,2,1
71,639,72,2,1
71,674,72,2,1
71,694,72,2,1
72,634,97,3,0
72,639,97,3,0
72,674,97,3,0
72,694,97,3,0
73,634,98,3,0
73,638,48,0,3
73,639,98,3,0
73,674,98,3,0
73,694,98,3,0
74,634,99,3,0
74,639,99,3,0
74,674,99,3,0
75,634,100,2,0
75,639,100,2,0
75,709,76,1,1
75,717,100,2,0
76,639,101,3,0
76,647,101,3,0
78,648,77,1,2
80,639,105,3,0
80,647,105,3,0
80,709,81,2,1
80,717,105,3,0
81,634,106,3,0
81,639,106,3,0
81,674,106,3,0
82,634,107,3,0
82,638,57,0,3
82,639,107,3,0
82,674,107,3,0
82,694,107,3,0
83,634,108,3,0
83,638,58,0,3
83,639,108,3,0
83,674,108,3,0
83,694,108,3,0
84,634,109,3,0
84,638,59,0,3
84,639,109,3,0
84,674,109,3,0
84,694,109,3,0
85,634,84,1,2
85,638,84,1,2
85,639,84,1,2
85,674,84,1,2
85,694,84,1,2
86,634,85,1,2
86,638,85,1,2
86,639,85,1,2
86,674,85,1,2
86,694,85,1,2
87,634,86,1,2
87,639,86,1,2
87,674,86,1,2
88,639,87,1,2
88,647,87,1,2
90,648,91,2,1
92,639,93,2,1
93,634,94,2,1
93,639,94,2,1
93,709,92,1,2
93,717,94,2,1
94,634,95,2,1
94,639,95,2,1
94,674,95,2,1
95,634,96,2,1
95,638,96,2,1
95,639,96,2,1
95,674,96,2,1
95,694,96,2,1
96,634,97,2,1
96,638,97,2,1
96,639,97,2,1
96,674,97,2,1
96,694,97,2,1
97,634,122,3,0
97,638,72,0,3
97,639,122,3,0
97,674,122,3,0
97,694,122,3,0
98,634,123,3,0
98,638,73,0,3
98,639,123,3,0
98,674,123,3,0
98,694,123,3,0
99,634,124,3,0
99,639,124,3,0
99,674,124,3,0
100,634,125,2,0
100,639,125,2,0
100,709,101,1,1
100,717,125,2,0
101,639,126,3,0
101,647,126,3,0
102,648,648,27,0
103,648,102,1,2
105,639,130,3,0
105,647,130,3,0
105,709,106,2,1
105,717,130,3,0
106,634,131,3,0
106,639,131,3,0
106,674,131,3,0
107,634,132,3,0
107,638,82,0,3
107,639,132,3,0
107,674,132,3,0
107,694,132,3,0
108,634,133,3,0
108,638,83,0,3
108,639,133,3,0
108,674,133,3,0
108,694,133,3,0
109,634,134,3,0
109,638,84,0,3
109,674,134,3,0
109,694,134,3,0
110,634,109,1,2
110,638,109,1,2
110,639,109,1,2
110,674,109,1,2
110,694,109,1,2
111,634,110,1,2
111,638,110,1,2
111,639,110,1,2
111,674,110,1,2
111,694,110,1,2
112,634,111,1,2
112,639,111,1,2
112,674,111,1,2
113,639,112,1,2
113,647,112,1,2
115,648,116,2,1
117,639,118,2,1
118,634,119,2,1
118,639,119,2,1
118,709,117,1,2
118,717,119,2,1
119,634,120,2,1
119,639,120,2,1
119,674,120,2,1
120,634,121,2,1
120,638,121,2,1
120,639,121,2,1
120,674,121,2,1
120,694,121,2,1
121,634,122,2,1
121,638,122,2,1
121,639,122,2,1
121,674,122,2,1
121,694,122,2,1
122,634,147,3,0
122,638,97,0,3
122,674,147,3,0
122,694,147,3,0
123,634,148,3,0
123,638,98,0,3
123,639,148,3,0
123,674,148,3,0
123,694,148,3,0
124,634,149,3,0
124,639,149,3,0
124,674,149,3,0
125,634,150,2,0
125,639,150,2,0
125,709,126,1,1
125,717,150,2,0
126,639,151,3,0
126,647,151,3,0
128,648,127,1,2
130,639,155,3,0
130,647,155,3,0
130,709,131,2,1
130,717,155,3,0
131,634,156,3,0
131,639,156,3,0
131,674,156,3,0
132,634,157,3,0
132,638,107,0,3
132,639,157,3,0
132,674,157,3,0
132,694,157,3,0
133,634,158,3,0
133,638,108,0,3
133,639,158,3,0
133,674,158,3,0
133,694,158,3,0
134,634,159,3,0
134,638,109,0,3
134,674,159,3,0
134,694,159,3,0
135,634,134,1,2
135,638,134,1,2
135,639,134,1,2
135,674,134,1,2
135,694,134,1,2
136,634,135,1,2
136,638,135,1,2
136,639,135,1,2
136,674,135,1,2
136,694,135,1,2
137,634,136,1,2
137,639,136,1,2
137,674,136,1,2
138,639,137,1,2
138,647,137,1,2
140,648,141,2,1
142,639,143,2,1
143,634,144,2,1
143,639,144,2,1
143,709,142,1,2
143,717,144,2,1
144,634,145,2,1
144,639,145,2,1
144,674,145,2,1
145,634,146,2,1
145,638,146,2,1
145,639,146,2,1
145,674,146,2,1
145,694,146,2,1
146,634,147,2,1
146,638,147,2,1
146,639,147,2,1
146,674,147,2,1
146,694,147,2,1
147,634,172,3,0
147,638,122,0,3
147,674,172,3,0
147,694,172,3,0
148,634,173,3,0
148,638,123,0,3
148,639,173,3,0
148,674,173,3,0
148,694,173,3,0
149,634,174,3,0
149,639,174,3,0
149,674,174,3,0
150,634,175,2,0
150,639,151,1,1
150,709,151,1,1
150,717,175,2,0
151,639,639,18,0
151,647,176,3,0
153,648,152,1,2
155,639,154,1,2
155,647,180,3,0
155,709,156,2,1
155,717,180,3,0
156,634,181,3,0
156,639,155,1,2
156,674,181,3,0
157,634,182,3,0
157,638,132,0,3
157,639,156,1,2
157,674,182,3,0
157,694,182,3,0
158,634,183,3,0
158,638,133,0,3
158,639,157,1,2
158,674,183,3,0
158,694,183,3,0
159,634,184,3,0
159,638,134,0,3
159,639,158,1,2
159,674,184,3,0
159,694,184,3,0
160,634,159,1,2
160,638,159,1,2
160,639,159,1,2
160,674,159,1,2
160,694,159,1,2
161,634,160,1,2
161,638,160,1,2
161,639,160,1,2
161,674,160,1,2
161,694,160,1,2
162,634,161,1,2
162,639,161,1,2
162,674,161,1,2
163,639,162,1,2
163,647,162,1,2
165,648,166,2,1
167,639,168,2,1
168,634,169,2,1
168,639,169,2,1
168,709,167,1,2
168,717,169,2,1
169,634,170,2,1
169,639,170,2,1
169,674,170,2,1
170,634,171,2,1
170,638,171,2,1
170,639,171,2,1
170,674,171,2,1
170,694,171,2,1
171,634,172,2,1
171,638,172,2,1
171,639,172,2,1
171,674,172,2,1
171,694,172,2,1
172,634,197,3,0
172,638,147,0,3
172,639,173,2,1
172,674,197,3,0
172,694,197,3,0
173,634,198,3,0
173,638,148,0,3
173,639,174,2,1
173,674,198,3,0
173,694,198,3,0
174,634,199,3,0
174,639,150,2,3
174,674,199,3,0
175,634,200,2,0
175,639,150,0,2
175,709,176,1,1
175,717,200,2,0
176,639,151,0,3
176,647,201,3,0
178,648,177,1,2
180,639,155,0,3
180,647,205,3,0
180,709,181,2,1
180,717,205,3,0
181,634,206,3,0
181,639,156,0,3
181,674,674,53,0
182,634,207,3,0
182,638,157,0,3
182,639,157,0,3
182,674,181,1,2
182,694,694,73,0
183,634,208,3,0
183,638,158,0,3
183,639,158,0,3
183,674,182,1,2
183,694,182,1,2
184,634,209,3,0
184,638,159,0,3
184,639,159,0,3
184,674,183,1,2
184,694,183,1,2
185,634,184,1,2
185,638,184,1,2
185,639,184,1,2
185,674,184,1,2
185,694,184,1,2
186,634,185,1,2
186,638,185,1,2
186,639,185,1,2
186,674,185,1,2
186,694,185,1,2
187,634,186,1,2
187,639,186,1,2
187,674,186,1,2
188,639,187,1,2
188,647,187,1,2
190,648,191,2,1
192,639,193,2,1
193,634,194,2,1
193,639,194,2,1
193,709,192,1,2
193,717,194,2,1
194,634,195,2,1
194,639,195,2,1
194,674,195,2,1
195,634,196,2,1
195,638,196,2,1
195,639,196,2,1
195,674,196,2,1
195,694,196,2,1
196,634,197,2,1
196,638,197,2,1
196,639,197,2,1
196,674,197,2,1
196,694,197,2,1
197,634,222,3,0
197,638,172,0,3
197,639,172,0,3
197,674,198,2,1
197,694,198,2,1
198,634,223,3,0
198,638,173,0,3
198,639,173,0,3
198,674,199,2,1
198,694,199,2,1
199,634,224,3,0
199,639,174,0,3
199,674,175,2,3
200,634,225,2,0
200,639,175,0,2
200,709,201,1,1
200,717,225,2,0
201,639,176,0,3
201,647,226,3,0
203,648,202,1,2
205,639,180,0,3
205,647,230,3,0
205,709,206,2,1
205,717,230,3,0
206,634,231,3,0
206,639,181,0,3
206,674,181,0,3
207,634,232,3,0
207,638,182,0,3
207,639,182,0,3
207,674,182,0,3
207,694,182,0,3
208,634,233,3,0
208,638,183,0,3
208,639,183,0,3
208,674,183,0,3
208,694,183,0,3
209,638,184,0,3
209,639,184,0,3
210,634,209,1,2
210,638,209,1,2
210,639,209,1,2
210,674,209,1,2
210,694,209,1,2
211,634,210,1,2
211,638,210,1,2
211,639,210,1,2
211,674,210,1,2
211,694,210,1,2
212,634,211,1,2
212,639,211,1,2
212,674,211,1,2
213,639,212,1,2
213,647,212,1,2
215,648,216,2,1
217,639,218,2,1
218,634,219,2,1
218,639,219,2,1
218,709,217,1,2
218,717,219,2,1
219,634,220,2,1
219,639,220,2,1
219,674,220,2,1
220,634,221,2,1
220,638,221,2,1
220,639,221,2,1
220,674,221,2,1
220,694,221,2,1
221,634,222,2,1
221,638,222,2,1
221,639,222,2,1
221,674,222,2,1
221,694,222,2,1
222,638,197,0,3
222,639,197,0,3
223,634,248,3,0
223,638,198,0,3
223,639,198,0,3
223,674,198,0,3
223,694,198,0,3
224,634,249,3,0
224,639,199,0,3
224,674,199,0,3
225,634,250,2,0
225,639,200,0,2
225,709,226,1,1
225,717,250,2,0
226,639,201,0,3
226,647,251,3,0
228,648,227,1,2
230,639,205,0,3
230,647,255,3,0
230,709,231,2,1
230,717,255,3,0
231,634,256,3,0
231,639,206,0,3
231,674,206,0,3
231,717,256,3,0
232,634,257,3,0
232,638,257,3,0
232,639,207,0,3
232,674,207,0,3
232,694,207,0,3
232,717,257,3,0
233,634,258,3,0
233,638,258,3,0
233,639,208,0,3
233,674,208,0,3
233,694,208,0,3
233,717,258,3,0
234,639,209,0,3
234,717,259,3,0
235,634,234,1,2
235,638,234,1,2
235,639,234,1,2
235,674,234,1,2
235,694,234,1,2
236,634,235,1,2
236,638,235,1,2
236,639,235,1,2
236,674,235,1,2
236,694,235,1,2
237,634,236,1,2
237,639,236,1,2
237,674,236,1,2
238,639,237,1,2
238,647,237,1,2
240,648,241,2,1
242,639,243,2,1
243,634,244,2,1
243,639,244,2,1
243,709,242,1,2
243,717,244,2,1
244,634,245,2,1
244,639,245,2,1
244,674,245,2,1
245,634,246,2,1
245,638,246,2,1
245,639,246,2,1
245,674,246,2,1
245,694,246,2,1
246,634,247,2,1
246,638,247,2,1
246,639,247,2,1
246,674,247,2,1
246,694,247,2,1
247,639,222,0,3
247,717,272,3,0
248,634,273,3,0
248,638,273,3,0
248,639,223,0,3
248,674,223,0,3
248,694,223,0,3
248,717,273,3,0
249,634,274,3,0
249,639,224,0,3
249,674,224,0,3
249,717,274,3,0
250,634,275,2,0
250,639,225,0,2
250,709,251,1,1
251,639,226,0,3
251,647,276,3,0
253,648,252,1,2
255,639,230,0,3
255,647,280,3,0
255,709,256,2,1
255,717,717,96,0
256,634,281,3,0
256,639,231,0,3
256,674,231,0,3
256,717,255,1,2
257,634,282,3,0
257,638,282,3,0
257,639,232,0,3
257,674,232,0,3
257,694,232,0,3
257,717,256,1,2
258,634,283,3,0
258,638,283,3,0
258,639,233,0,3
258,674,233,0,3
258,694,233,0,3
258,717,257,1,2
259,639,234,0,3
259,717,258,1,2
260,634,259,1,2
260,638,259,1,2
260,639,259,1,2
260,674,259,1,2
260,694,259,1,2
261,634,260,1,2
261,638,260,1,2
261,639,260,1,2
261,674,260,1,2
261,694,260,1,2
262,634,261,1,2
262,639,261,1,2
262,674,261,1,2
263,639,262,1,2
263,647,262,1,2
265,648,266,2,1
267,639,268,2,1
268,634,269,2,1
268,639,269,2,1
268,709,267,1,2
268,717,269,2,1
269,634,270,2,1
269,639,270,2,1
269,674,270,2,1
270,634,271,2,1
270,638,271,2,1
270,639,271,2,1
270,674,271,2,1
270,694,271,2,1
271,634,272,2,1
271,638,272,2,1
271,639,272,2,1
271,674,272,2,1
271,694,272,2,1
272,639,247,0,3
272,717,273,2,1
273,634,298,3,0
273,638,298,3,0
273,639,248,0,3
273,674,248,0,3
273,694,248,0,3
273,717,274,2,1
274,634,299,3,0
274,639,249,0,3
274,674,249,0,3
274,717,250,2,3
275,634,634,13,0
275,639,250,0,2
275,647,276,1,1
275,709,276,1,1
275,717,250,0,2
276,639,251,0,3
276,647,647,26,0
278,648,277,1,2
280,639,255,0,3
280,709,281,2,1
280,717,255,0,3
281,634,280,1,2
281,639,256,0,3
281,647,280,1,2
281,674,256,0,3
282,634,281,1,2
282,638,307,3,0
282,639,257,0,3
282,647,281,1,2
282,674,257,0,3
282,694,257,0,3
283,634,282,1,2
283,638,308,3,0
283,639,258,0,3
283,647,282,1,2
283,674,258,0,3
283,694,258,0,3
284,634,283,1,2
284,639,259,0,3
284,647,283,1,2
285,634,284,1,2
285,638,284,1,2
285,639,284,1,2
285,674,284,1,2
285,694,284,1,2
286,634,285,1,2
286,638,285,1,2
286,639,285,1,2
286,674,285,1,2
286,694,285,1,2
287,634,286,1,2
287,639,286,1,2
287,674,286,1,2
288,639,287,1,2
288,647,287,1,2
290,648,291,2,1
292,639,293,2,1
293,634,294,2,1
293,639,294,2,1
293,709,292,1,2
293,717,294,2,1
294,634,295,2,1
294,639,295,2,1
294,674,295,2,1
295,634,296,2,1
295,638,296,2,1
295,639,296,2,1
295,674,296,2,1
295,694,296,2,1
296,634,297,2,1
296,638,297,2,1
296,639,297,2,1
296,674,297,2,1
296,694,297,2,1
297,634,298,2,1
297,639,272,0,3
297,647,298,2,1
298,634,299,2,1
298,638,323,3,0
298,639,273,0,3
298,647,299,2,1
298,674,273,0,3
298,694,273,0,3
299,634,275,2,3
299,639,274,0,3
299,647,275,2,3
299,674,274,0,3
300,634,275,0,2
300,639,275,0,2
300,647,275,0,2
300,709,301,1,1
300,717,275,0,2
301,639,276,0,3
301,647,276,0,3
303,648,302,1,2
305,639,280,0,3
305,647,280,0,3
305,709,306,2,1
305,717,280,0,3
306,634,281,0,3
306,639,281,0,3
306,647,281,0,3
306,674,281,0,3
307,634,282,0,3
307,638,332,3,0
307,639,282,0,3
307,647,282,0,3
307,674,282,0,3
307,694,282,0,3
308,634,283,0,3
308,638,333,3,0
308,639,283,0,3
308,647,283,0,3
308,674,283,0,3
308,694,283,0,3
309,634,284,0,3
309,639,284,0,3
309,647,284,0,3
309,674,284,0,3
310,634,309,1,2
310,638,309,1,2
310,639,309,1,2
310,674,309,1,2
310,694,309,1,2
311,634,310,1,2
311,638,310,1,2
311,639,310,1,2
311,674,310,1,2
311,694,310,1,2
312,634,311,1,2
312,639,311,1,2
312,674,311,1,2
313,639,312,1,2
313,647,312,1,2
315,648,316,2,1
317,639,318,2,1
318,634,319,2,1
318,639,319,2,1
318,709,317,1,2
318,717,319,2,1
319,634,320,2,1
319,639,320,2,1
319,674,320,2,1
320,634,321,2,1
320,638,321,2,1
320,639,321,2,1
320,674,321,2,1
320,694,321,2,1
321,634,322,2,1
321,638,322,2,1
321,639,322,2,1
321,674,322,2,1
321,694,322,2,1
322,634,297,0,3
322,639,297,0,3
322,647,297,0,3
322,674,297,0,3
323,634,298,0,3
323,638,348,3,0
323,639,298,0,3
323,647,298,0,3
323,674,298,0,3
323,694,298,0,3
324,634,299,0,3
324,639,299,0,3
324,647,299,0,3
324,674,299,0,3
325,634,300,0,2
325,639,300,0,2
325,709,326,1,1
325,717,300,0,2
326,639,301,0,3
326,647,301,0,3
328,648,327,1,2
330,639,305,0,3
330,647,305,0,3
330,709,331,2,1
330,717,305,0,3
331,634,306,0,3
331,639,306,0,3
331,674,306,0,3
331,709,709,88,0
332,634,307,0,3
332,638,357,3,0
332,639,307,0,3
332,674,307,0,3
332,694,307,0,3
332,709,331,1,2
333,634,308,0,3
333,638,358,3,0
333,639,308,0,3
333,674,308,0,3
333,694,308,0,3
333,709,332,1,2
334,634,309,0,3
334,639,309,0,3
334,674,309,0,3
334,709,333,1,2
335,634,334,1,2
335,638,334,1,2
335,639,334,1,2
335,674,334,1,2
335,694,334,1,2
336,634,335,1,2
336,638,335,1,2
336,639,335,1,2
336,674,335,1,2
336,694,335,1,2
337,634,336,1,2
337,639,336,1,2
337,674,336,1,2
338,639,337,1,2
338,647,337,1,2
340,648,341,2,1
342,639,343,2,1
343,634,344,2,1
343,639,344,2,1
343,709,342,1,2
343,717,344,2,1
344,634,345,2,1
344,639,345,2,1
344,674,345,2,1
345,634,346,2,1
345,638,346,2,1
345,639,346,2,1
345,674,346,2,1
345,694,346,2,1
346,634,347,2,1
346,638,347,2,1
346,639,347,2,1
346,674,347,2,1
346,694,347,2,1
347,634,322,0,3
347,639,322,0,3
347,674,322,0,3
347,709,348,2,1
348,634,323,0,3
348,638,373,3,0
348,639,323,0,3
348,674,323,0,3
348,694,323,0,3
348,709,349,2,1
349,634,324,0,3
349,639,324,0,3
349,674,324,0,3
349,709,325,2,3
350,634,325,0,2
350,639,325,0,2
350,717,325,0,2
351,639,326,0,3
351,647,326,0,3
353,648,352,1,2
355,639,330,0,3
355,647,330,0,3
355,709,356,2,1
355,717,330,0,3
356,634,331,0,3
356,639,331,0,3
356,674,331,0,3
356,709,331,0,3
357,634,332,0,3
357,638,382,3,0
357,639,332,0,3
357,674,332,0,3
357,694,332,0,3
357,709,332,0,3
358,634,333,0,3
358,638,383,3,0
358,639,333,0,3
358,674,333,0,3
358,694,333,0,3
358,709,333,0,3
359,634,334,0,3
359,639,334,0,3
359,674,334,0,3
359,694,334,0,3
359,709,334,0,3
360,634,359,1,2
360,638,359,1,2
360,639,359,1,2
360,674,359,1,2
360,694,359,1,2
361,634,360,1,2
361,638,360,1,2
361,639,360,1,2
361,674,360,1,2
361,694,360,1,2
362,634,361,1,2
362,639,361,1,2
362,674,361,1,2
363,639,362,1,2
363,647,362,1,2
365,648,366,2,1
367,639,368,2,1
368,634,369,2,1
368,639,369,2,1
368,709,367,1,2
368,717,369,2,1
369,634,370,2,1
369,639,370,2,1
369,674,370,2,1
370,634,371,2,1
370,638,371,2,1
370,639,371,2,1
370,674,371,2,1
370,694,371,2,1
371,634,372,2,1
371,638,372,2,1
371,639,372,2,1
371,674,372,2,1
371,694,372,2,1
372,634,347,0,3
372,639,347,0,3
372,674,347,0,3
372,694,347,0,3
372,709,347,0,3
373,634,348,0,3
373,638,398,3,0
373,639,348,0,3
373,674,348,0,3
373,694,348,0,3
373,709,348,0,3
374,634,349,0,3
374,639,349,0,3
374,674,349,0,3
374,709,349,0,3
375,634,350,0,2
375,639,350,0,2
375,709,376,1,1
375,717,350,0,2
376,639,351,0,3
376,647,351,0,3
378,648,377,1,2
380,639,355,0,3
380,647,355,0,3
380,709,381,2,1
380,717,355,0,3
381,634,356,0,3
381,639,356,0,3
381,674,356,0,3
382,634,357,0,3
382,638,407,3,0
382,639,357,0,3
382,674,357,0,3
382,694,357,0,3
383,634,358,0,3
383,638,408,3,0
383,639,358,0,3
383,674,358,0,3
383,694,358,0,3
384,634,359,0,3
384,638,409,3,0
384,639,359,0,3
384,674,359,0,3
384,694,359,0,3
385,634,384,1,2
385,638,384,1,2
385,639,384,1,2
385,674,384,1,2
385,694,384,1,2
386,634,385,1,2
386,638,385,1,2
386,639,385,1,2
386,674,385,1,2
386,694,385,1,2
387,634,386,1,2
387,639,386,1,2
387,674,386,1,2
388,639,387,1,2
388,647,387,1,2
390,648,391,2,1
392,639,393,2,1
393,634,394,2,1
393,639,394,2,1
393,709,392,1,2
393,717,394,2,1
394,634,395,2,1
394,639,395,2,1
394,674,395,2,1
395,634,396,2,1
395,638,396,2,1
395,639,396,2,1
395,674,396,2,1
395,694,396,2,1
396,634,397,2,1
396,638,397,2,1
396,639,397,2,1
396,674,397,2,1
396,694,397,2,1
397,634,372,0,3
397,638,422,3,0
397,639,372,0,3
397,674,372,0,3
397,694,372,0,3
398,634,373,0,3
398,638,423,3,0
398,639,373,0,3
398,674,373,0,3
398,694,373,0,3
399,634,374,0,3
399,639,374,0,3
399,674,374,0,3
400,634,375,0,2
400,639,375,0,2
400,709,401,1,1
400,717,375,0,2
401,639,376,0,3
401,647,376,0,3
403,648,402,1,2
405,639,380,0,3
405,647,380,0,3
405,709,406,2,1
405,717,380,0,3
406,634,381,0,3
406,639,381,0,3
406,674,381,0,3
407,634,382,0,3
407,638,432,3,0
407,639,382,0,3
407,674,382,0,3
407,694,382,0,3
408,634,383,0,3
408,638,433,3,0
408,639,383,0,3
408,674,383,0,3
408,694,383,0,3
409,634,384,0,3
409,638,434,3,0
409,639,384,0,3
409,674,384,0,3
409,694,384,0,3
410,634,409,1,2
410,638,409,1,2
410,639,409,1,2
410,674,409,1,2
410,694,409,1,2
411,634,410,1,2
411,638,410,1,2
411,639,410,1,2
411,674,410,1,2
411,694,410,1,2
412,634,411,1,2
412,639,411,1,2
412,674,411,1,2
413,639,412,1,2
413,647,412,1,2
415,648,416,2,1
417,639,418,2,1
418,634,419,2,1
418,639,419,2,1
418,709,417,1,2
418,717,419,2,1
419,634,420,2,1
419,639,420,2,1
419,674,420,2,1
420,634,421,2,1
420,638,421,2,1
420,639,421,2,1
420,674,421,2,1
420,694,421,2,1
421,634,422,2,1
421,638,422,2,1
421,639,422,2,1
421,674,422,2,1
421,694,422,2,1
422,634,397,0,3
422,638,447,3,0
422,639,397,0,3
422,674,397,0,3
422,694,397,0,3
423,634,398,0,3
423,638,448,3,0
423,639,398,0,3
423,674,398,0,3
423,694,398,0,3
424,634,399,0,3
424,639,399,0,3
424,674,399,0,3
425,634,400,0,2
425,639,400,0,2
425,709,426,1,1
425,717,400,0,2
426,639,401,0,3
426,647,401,0,3
428,648,427,1,2
430,639,405,0,3
430,647,405,0,3
430,709,431,2,1
430,717,405,0,3
431,634,406,0,3
431,639,406,0,3
431,674,406,0,3
432,634,407,0,3
432,638,457,3,0
432,639,407,0,3
432,674,407,0,3
432,694,407,0,3
433,634,408,0,3
433,638,458,3,0
433,639,408,0,3
433,674,408,0,3
433,694,408,0,3
434,634,409,0,3
434,638,459,3,0
434,674,409,0,3
434,694,409,0,3
435,634,434,1,2
435,638,434,1,2
435,639,434,1,2
435,674,434,1,2
435,694,434,1,2
436,634,435,1,2
436,638,435,1,2
436,639,435,1,2
436,674,435,1,2
436,694,435,1,2
437,634,436,1,2
437,639,436,1,2
437,674,436,1,2
438,639,437,1,2
438,647,437,1,2
440,648,441,2,1
442,639,443,2,1
443,634,444,2,1
443,639,444,2,1
443,709,442,1,2
443,717,444,2,1
444,634,445,2,1
444,639,445,2,1
444,674,445,2,1
445,634,446,2,1
445,638,446,2,1
445,639,446,2,1
445,674,446,2,1
445,694,446,2,1
446,634,447,2,1
446,638,447,2,1
446,639,447,2,1
446,674,447,2,1
446,694,447,2,1
447,634,422,0,3
447,638,472,3,0
447,674,422,0,3
447,694,422,0,3
448,634,423,0,3
448,638,473,3,0
448,639,423,0,3
448,674,423,0,3
448,694,423,0,3
449,634,424,0,3
449,639,424,0,3
449,674,424,0,3
450,634,425,0,2
450,639,425,0,2
450,709,451,1,1
450,717,425,0,2
451,639,426,0,3
451,647,426,0,3
453,648,452,1,2
455,639,430,0,3
455,647,430,0,3
455,709,456,2,1
455,717,430,0,3
456,634,431,0,3
456,639,431,0,3
456,674,431,0,3
457,634,432,0,3
457,638,482,3,0
457,639,432,0,3
457,674,432,0,3
457,694,432,0,3
458,634,433,0,3
458,638,483,3,0
458,639,433,0,3
458,674,433,0,3
458,694,433,0,3
459,634,434,0,3
459,638,484,3,0
459,674,434,0,3
459,694,434,0,3
460,634,459,1,2
460,638,459,1,2
460,639,459,1,2
460,674,459,1,2
460,694,459,1,2
461,634,460,1,2
461,638,460,1,2
461,639,460,1,2
461,674,460,1,2
461,694,460,1,2
462,634,461,1,2
462,639,461,1,2
462,674,461,1,2
463,639,462,1,2
463,647,462,1,2
465,648,466,2,1
467,639,468,2,1
468,634,469,2,1
468,639,469,2,1
468,709,467,1,2
468,717,469,2,1
469,634,470,2,1
469,639,470,2,1
469,674,470,2,1
470,634,471,2,1
470,638,471,2,1
470,639,471,2,1
470,674,471,2,1
470,694,471,2,1
471,634,472,2,1
471,638,472,2,1
471,639,472,2,1
471,674,472,2,1
471,694,472,2,1
472,634,447,0,3
472,638,497,3,0
472,674,447,0,3
472,694,447,0,3
473,634,448,0,3
473,638,498,3,0
473,639,448,0,3
473,674,448,0,3
473,694,448,0,3
474,634,449,0,3
474,639,449,0,3
474,674,449,0,3
475,634,450,0,2
475,639,500,2,0
475,709,476,1,1
475,717,450,0,2
476,639,501,3,0
476,647,451,0,3
478,648,477,1,2
480,639,505,3,0
480,647,455,0,3
480,709,481,2,1
480,717,455,0,3
481,634,456,0,3
481,639,506,3,0
481,674,456,0,3
482,634,457,0,3
482,638,507,3,0
482,639,507,3,0
482,674,457,0,3
482,694,457,0,3
483,634,458,0,3
483,638,508,3,0
483,639,508,3,0
483,674,458,0,3
483,694,458,0,3
484,634,459,0,3
484,638,509,3,0
484,639,509,3,0
484,674,459,0,3
484,694,459,0,3
485,634,484,1,2
485,638,484,1,2
485,639,484,1,2
485,674,484,1,2
485,694,484,1,2
486,634,485,1,2
486,638,485,1,2
486,639,485,1,2
486,674,485,1,2
486,694,485,1,2
487,634,486,1,2
487,639,486,1,2
487,674,486,1,2
488,639,487,1,2
488,647,487,1,2
490,648,491,2,1
492,639,493,2,1
493,634,494,2,1
493,639,494,2,1
493,709,492,1,2
493,717,494,2,1
494,634,495,2,1
494,639,495,2,1
494,674,495,2,1
495,634,496,2,1
495,638,496,2,1
495,639,496,2,1
495,674,496,2,1
495,694,496,2,1
496,634,497,2,1
496,638,497,2,1
496,639,497,2,1
496,674,497,2,1
496,694,497,2,1
497,634,472,0,3
497,638,522,3,0
497,639,522,3,0
497,674,472,0,3
497,694,472,0,3
498,634,473,0,3
498,638,523,3,0
498,639,523,3,0
498,674,473,0,3
498,694,473,0,3
499,634,474,0,3
499,639,524,3,0
499,674,474,0,3
500,634,475,0,2
500,639,525,2,0
500,709,501,1,1
500,717,475,0,2
501,639,526,3,0
501,647,476,0,3
503,648,502,1,2
505,639,530,3,0
505,647,480,0,3
505,709,506,2,1
505,717,480,0,3
506,634,481,0,3
506,639,531,3,0
506,674,531,3,0
507,634,482,0,3
507,638,532,3,0
507,639,532,3,0
507,674,532,3,0
507,694,532,3,0
508,634,483,0,3
508,638,533,3,0
508,639,533,3,0
508,674,533,3,0
508,694,533,3,0
509,634,484,0,3
509,638,534,3,0
509,639,534,3,0
510,634,509,1,2
510,638,509,1,2
510,639,509,1,2
510,674,509,1,2
510,694,509,1,2
511,634,510,1,2
511,638,510,1,2
511,639,510,1,2
511,674,510,1,2
511,694,510,1,2
512,634,511,1,2
512,639,511,1,2
512,674,511,1,2
513,639,512,1,2
513,647,512,1,2
515,648,516,2,1
517,639,518,2,1
518,634,519,2,1
518,639,519,2,1
518,709,517,1,2
518,717,519,2,1
519,634,520,2,1
519,639,520,2,1
519,674,520,2,1
520,634,521,2,1
520,638,521,2,1
520,639,521,2,1
520,674,521,2,1
520,694,521,2,1
521,634,522,2,1
521,638,522,2,1
521,639,522,2,1
521,674,522,2,1
521,694,522,2,1
522,634,497,0,3
522,638,547,3,0
522,639,547,3,0
523,634,498,0,3
523,638,548,3,0
523,639,548,3,0
523,674,548,3,0
523,694,548,3,0
524,634,499,0,3
524,639,549,3,0
524,674,549,3,0
525,634,500,0,2
525,639,550,2,0
525,709,526,1,1
525,717,500,0,2
526,639,551,3,0
526,647,501,0,3
528,648,527,1,2
530,639,555,3,0
530,647,505,0,3
530,709,531,2,1
530,717,505,0,3
531,634,506,0,3
531,639,556,3,0
531,674,556,3,0
532,634,507,0,3
532,638,638,17,0
532,639,557,3,0
532,674,557,3,0
532,694,557,3,0
533,634,508,0,3
533,638,532,1,2
533,639,558,3,0
533,674,558,3,0
533,694,558,3,0
534,638,533,1,2
534,639,559,3,0
535,634,534,1,2
535,638,534,1,2
535,639,534,1,2
535,674,534,1,2
535,694,534,1,2
536,634,535,1,2
536,638,535,1,2
536,639,535,1,2
536,674,535,1,2
536,694,535,1,2
537,634,536,1,2
537,639,536,1,2
537,674,536,1,2
538,639,537,1,2
538,647,537,1,2
540,648,541,2,1
542,639,543,2,1
543,634,544,2,1
543,639,544,2,1
543,709,542,1,2
543,717,544,2,1
544,634,545,2,1
544,639,545,2,1
544,674,545,2,1
545,634,546,2,1
545,638,546,2,1
545,639,546,2,1
545,674,546,2,1
545,694,546,2,1
546,634,547,2,1
546,638,547,2,1
546,639,547,2,1
546,674,547,2,1
546,694,547,2,1
547,638,548,2,1
547,639,572,3,0
548,634,523,0,3
548,638,549,2,1
548,639,573,3,0
548,674,573,3,0
548,694,573,3,0
549,634,524,0,3
549,639,574,3,0
549,674,574,3,0
550,634,525,0,2
550,639,575,2,0
550,709,551,1,1
550,717,525,0,2
551,639,576,3,0
551,647,526,0,3
553,648,552,1,2
555,639,580,3,0
555,647,530,0,3
555,709,556,2,1
555,717,530,0,3
556,634,531,0,3
556,639,581,3,0
556,674,581,3,0
556,717,531,0,3
557,634,532,0,3
557,638,532,0,3
557,639,582,3,0
557,674,582,3,0
557,694,582,3,0
557,717,532,0,3
558,634,533,0,3
558,638,533,0,3
558,639,583,3,0
558,674,583,3,0
558,694,583,3,0
558,717,533,0,3
559,639,584,3,0
559,717,534,0,3
560,634,559,1,2
560,638,559,1,2
560,639,559,1,2
560,674,559,1,2
560,694,559,1,2
561,634,560,1,2
561,638,560,1,2
561,639,560,1,2
561,674,560,1,2
561,694,560,1,2
562,634,561,1,2
562,639,561,1,2
562,674,561,1,2
563,639,562,1,2
563,647,562,1,2
565,648,566,2,1
567,639,568,2,1
568,634,569,2,1
568,639,569,2,1
568,709,567,1,2
568,717,569,2,1
569,634,570,2,1
569,639,570,2,1
569,674,570,2,1
570,634,571,2,1
570,638,571,2,1
570,639,571,2,1
570,674,571,2,1
570,694,571,2,1
571,634,572,2,1
571,638,572,2,1
571,639,572,2,1
571,674,572,2,1
571,694,572,2,1
572,639,597,3,0
572,717,547,0,3
573,634,548,0,3
573,638,548,0,3
573,639,598,3,0
573,674,598,3,0
573,694,598,3,0
573,717,548,0,3
574,634,549,0,3
574,639,599,3,0
574,674,599,3,0
574,717,549,0,3
575,634,550,0,2
575,639,600,2,0
575,709,576,1,1
575,717,600,2,0
576,639,601,3,0
576,647,551,0,3
578,648,577,1,2
580,639,605,3,0
580,647,555,0,3
580,709,581,2,1
580,717,605,3,0
581,634,556,0,3
581,639,606,3,0
581,674,606,3,0
582,634,557,0,3
582,638,557,0,3
582,639,607,3,0
582,674,607,3,0
582,694,607,3,0
583,634,558,0,3
583,638,558,0,3
583,639,608,3,0
583,674,608,3,0
583,694,608,3,0
584,639,609,3,0
585,634,584,1,2
585,638,584,1,2
585,639,584,1,2
585,674,584,1,2
585,694,584,1,2
586,634,585,1,2
586,638,585,1,2
586,639,585,1,2
586,674,585,1,2
586,694,585,1,2
587,634,586,1,2
587,639,586,1,2
587,674,586,1,2
588,639,587,1,2
588,647,587,1,2
590,648,591,2,1
592,639,593,2,1
593,634,594,2,1
593,639,594,2,1
593,709,592,1,2
593,717,594,2,1
594,634,595,2,1
594,639,595,2,1
594,674,595,2,1
595,634,596,2,1
595,638,596,2,1
595,639,596,2,1
595,674,596,2,1
595,694,596,2,1
596,634,597,2,1
596,638,597,2,1
596,639,597,2,1
596,674,597,2,1
596,694,597,2,1
597,639,622,3,0
598,634,573,0,3
598,638,573,0,3
598,639,623,3,0
598,674,623,3,0
598,694,623,3,0
599,634,574,0,3
599,639,624,3,0
599,674,624,3,0
600,634,0,2,3
600,639,0,2,3
600,647,0,2,3
600,709,601,1,1
600,717,0,2,3
601,639,1,3,3
601,647,1,3,3
603,648,602,1,2
605,639,5,3,3
605,647,5,3,3
605,709,606,2,1
605,717,5,3,3
606,634,6,3,3
606,639,6,3,3
606,647,6,3,3
606,674,6,3,3
607,634,7,3,3
607,638,582,0,3
607,639,7,3,3
607,647,7,3,3
607,674,7,3,3
607,694,7,3,3
608,634,8,3,3
608,638,583,0,3
608,639,8,3,3
608,647,8,3,3
608,674,8,3,3
608,694,8,3,3
609,634,9,3,3
609,639,9,3,3
609,647,9,3,3
609,674,9,3,3
610,634,609,1,2
610,638,609,1,2
610,639,609,1,2
610,674,609,1,2
610,694,609,1,2
611,634,610,1,2
611,638,610,1,2
611,639,610,1,2
611,674,610,1,2
611,694,610,1,2
612,634,611,1,2
612,639,611,1,2
612,674,611,1,2
613,639,612,1,2
613,647,612,1,2
615,648,616,2,1
617,639,618,2,1
618,634,619,2,1
618,639,619,2,1
618,709,617,1,2
618,717,619,2,1
619,634,620,2,1
619,639,620,2,1
619,674,620,2,1
620,634,621,2,1
620,638,621,2,1
620,639,621,2,1
620,674,621,2,1
620,694,621,2,1
621,634,622,2,1
621,638,622,2,1
621,639,622,2,1
621,674,622,2,1
621,694,622,2,1
622,634,22,3,3
622,639,22,3,3
622,647,22,3,3
622,674,22,3,3
623,634,23,3,3
623,638,598,0,3
623,639,23,3,3
623,647,23,3,3
623,674,23,3,3
623,694,23,3,3
624,634,24,3,3
624,639,24,3,3
624,647,24,3,3
624,674,24,3,3
634,625,275,0,13
634,626,275,0,13
634,627,275,0,13
634,628,275,0,13
634,629,275,0,13
634,630,275,0,13
634,631,275,0,13
634,632,275,0,13
634,633,275,0,13
634,635,275,0,13
634,636,275,0,13
634,637,275,0,13
634,638,275,0,13
634,639,275,0,13
634,640,275,0,13
634,641,275,0,13
634,642,275,0,13
634,643,275,0,13
634,644,275,0,13
634,645,275,0,13
634,646,275,0,13
634,647,275,0,13
634,648,275,0,13
634,649,275,0,13
634,650,275,0,13
634,651,275,0,13
634,652,275,0,13
634,653,275,0,13
634,654,275,0,13
634,655,275,0,13
634,656,275,0,13
634,657,275,0,13
634,658,275,0,13
634,659,275,0,13
634,660,275,0,13
634,661,275,0,13
634,662,275,0,13
634,663,275,0,13
634,664,275,0,13
634,665,275,0,13
634,666,275,0,13
634,667,275,0,13
634,668,275,0,13
634,669,275,0,13
634,670,275,0,13
634,671,275,0,13
634,672,275,0,13
634,673,275,0,13
634,674,275,0,13
634,675,275,0,13
634,676,275,0,13
634,677,275,0,13
634,678,275,0,13
634,679,275,0,13
634,680,275,0,13
634,681,275,0,13
634,682,275,0,13
634,683,275,0,13
634,684,275,0,13
634,685,275,0,13
634,686,275,0,13
634,687,275,0,13
634,688,275,0,13
634,689,275,0,13
634,690,275,0,13
634,691,275,0,13
634,692,275,0,13
634,693,275,0,13
634,694,275,0,13
634,695,275,0,13
634,696,275,0,13
634,697,275,0,13
634,698,275,0,13
634,699,275,0,13
634,700,275,0,13
634,701,275,0,13
634,702,275,0,13
634,703,275,0,13
634,704,275,0,13
634,705,275,0,13
634,706,275,0,13
634,707,275,0,13
634,708,275,0,13
634,709,275,0,13
634,710,275,0,13
634,711,275,0,13
634,712,275,0,13
634,713,275,0,13
634,714,275,0,13
634,715,275,0,13
634,716,275,0,13
634,717,275,0,13
634,718,275,0,13
634,719,275,0,13
634,720,275,0,13
634,721,275,0,13
634,722,275,0,13
634,723,275,0,13
634,724,275,0,13
638,625,532,0,17
638,626,532,0,17
638,627,532,0,17
638,628,532,0,17
638,629,532,0,17
638,630,532,0,17
638,631,532,0,17
638,632,532,0,17
638,633,532,0,17
638,634,532,0,17
638,635,532,0,17
638,636,532,0,17
638,637,532,0,17
638,639,532,0,17
638,640,532,0,17
638,641,532,0,17
638,642,532,0,17
638,643,532,0,17
638,644,532,0,17
638,645,532,0,17
638,646,532,0,17
638,647,532,0,17
638,648,532,0,17
638,649,532,0,17
638,650,532,0,17
638,651,532,0,17
638,652,532,0,17
638,653,532,0,17
638,654,532,0,17
638,655,532,0,17
638,656,532,0,17
638,657,532,0,17
638,658,532,0,17
638,659,532,0,17
638,660,532,0,17
638,661,532,0,17
638,662,532,0,17
638,663,532,0,17
638,664,532,0,17
638,665,532,0,17
638,666,532,0,17
638,667,532,0,17
638,668,532,0,17
638,669,532,0,17
638,670,532,0,17
638,671,532,0,17
638,672,532,0,17
638,673,532,0,17
638,674,532,0,17
638,675,532,0,17
638,676,532,0,17
638,677,532,0,17
638,678,532,0,17
638,679,532,0,17
638,680,532,0,17
638,681,532,0,17
638,682,532,0,17
638,683,532,0,17
638,684,532,0,17
638,685,532,0,17
638,686,532,0,17
638,687,532,0,17
638,688,532,0,17
638,689,532,0,17
638,690,532,0,17
638,691,532,0,17
638,692,532,0,17
638,693,532,0,17
638,694,532,0,17
638,695,532,0,17
638,696,532,0,17
638,697,532,0,17
638,698,532,0,17
638,699,532,0,17
638,700,532,0,17
638,701,532,0,17
638,702,532,0,17
638,703,532,0,17
638,704,532,0,17
638,705,532,0,17
638,706,532,0,17
638,707,532,0,17
638,708,532,0,17
638,709,532,0,17
638,710,532,0,17
638,711,532,0,17
638,712,532,0,17
638,713,532,0,17
638,714,532,0,17
638,715,532,0,17
638,716,532,0,17
638,717,532,0,17
638,718,532,0,17
638,719,532,0,17
638,720,532,0,17
638,721,532,0,17
638,722,532,0,17
638,723,532,0,17
638,724,532,0,17
639,625,151,0,18
639,626,151,0,18
639,627,151,0,18
639,628,151,0,18
639,629,151,0,18
639,630,151,0,18
639,631,151,0,18
639,632,151,0,18
639,633,151,0,18
639,634,151,0,18
639,635,151,0,18
639,636,151,0,18
639,637,151,0,18
639,638,151,0,18
639,640,151,0,18
639,641,151,0,18
639,642,151,0,18
639,643,151,0,18
639,644,151,0,18
639,645,151,0,18
639,646,151,0,18
639,647,151,0,18
639,648,151,0,18
639,649,151,0,18
639,650,151,0,18
639,651,151,0,18
639,652,151,0,18
639,653,151,0,18
639,654,151,0,18
639,655,151,0,18
639,656,151,0,18
639,657,151,0,18
639,658,151,0,18
639,659,151,0,18
639,660,151,0,18
639,661,151,0,18
639,662,151,0,18
639,663,151,0,18
639,664,151,0,18
639,665,151,0,18
639,666,151,0,18
639,667,151,0,18
639,668,151,0,18
639,669,151,0,18
639,670,151,0,18
639,671,151,0,18
639,672,151,0,18
639,673,151,0,18
639,674,151,0,18
639,675,151,0,18
639,676,151,0,18
639,677,151,0,18
639,678,151,0,18
639,679,151,0,18
639,680,151,0,18
639,681,151,0,18
639,682,151,0,18
639,683,151,0,18
639,684,151,0,18
639,685,151,0,18
639,686,151,0,18
639,687,151,0,18
639,688,151,0,18
639,689,151,0,18
639,690,151,0,18
639,691,151,0,18
639,692,151,0,18
639,693,151,0,18
639,694,151,0,18
639,695,151,0,18
639,696,151,0,18
639,697,151,0,18
639,698,151,0,18
639,699,151,0,18
639,700,151,0,18
639,701,151,0,18
639,702,151,0,18
639,703,151,0,18
639,704,151,0,18
639,705,151,0,18
639,706,151,0,18
639,707,151,0,18
639,708,151,0,18
639,709,151,0,18
639,710,151,0,18
639,711,151,0,18
639,712,151,0,18
639,713,151,0,18
639,714,151,0,18
639,715,151,0,18
639,716,151,0,18
639,717,151,0,18
639,718,151,0,18
639,719,151,0,18
639,720,151,0,18
639,721,151,0,18
639,722,151,0,18
639,723,151,0,18
639,724,151,0,18
647,625,276,0,26
647,626,276,0,26
647,627,276,0,26
647,628,276,0,26
647,629,276,0,26
647,630,276,0,26
647,631,276,0,26
647,632,276,0,26
647,633,276,0,26
647,634,276,0,26
647,635,276,0,26
647,636,276,0,26
647,637,276,0,26
647,638,276,0,26
647,639,276,0,26
647,640,276,0,26
647,641,276,0,26
647,642,276,0,26
647,643,276,0,26
647,644,276,0,26
647,645,276,0,26
647,646,276,0,26
647,648,276,0,26
647,649,276,0,26
647,650,276,0,26
647,651,276,0,26
647,652,276,0,26
647,653,276,0,26
647,654,276,0,26
647,655,276,0,26
647,656,276,0,26
647,657,276,0,26
647,658,276,0,26
647,659,276,0,26
647,660,276,0,26
647,661,276,0,26
647,662,276,0,26
647,663,276,0,26
647,664,276,0,26
647,665,276,0,26
647,666,276,0,26
647,667,276,0,26
647,668,276,0,26
647,669,276,0,26
647,670,276,0,26
647,671,276,0,26
647,672,276,0,26
647,673,276,0,26
647,674,276,0,26
647,675,276,0,26
647,676,276,0,26
647,677,276,0,26
647,678,276,0,26
647,679,276,0,26
647,680,276,0,26
647,681,276,0,26
647,682,276,0,26
647,683,276,0,26
647,684,276,0,26
647,685,276,0,26
647,686,276,0,26
647,687,276,0,26
647,688,276,0,26
647,689,276,0,26
647,690,276,0,26
647,691,276,0,26
647,692,276,0,26
647,693,276,0,26
647,694,276,0,26
647,695,276,0,26
647,696,276,0,26
647,697,276,0,26
647,698,276,0,26
647,699,276,0,26
647,700,276,0,26
647,701,276,0,26
647,702,276,0,26
647,703,276,0,26
647,704,276,0,26
647,705,276,0,26
647,706,276,0,26
647,707,276,0,26
647,708,276,0,26
647,709,276,0,26
647,710,276,0,26
647,711,276,0,26
647,712,276,0,26
647,713,276,0,26
647,714,276,0,26
647,715,276,0,26
647,716,276,0,26
647,717,276,0,26
647,718,276,0,26
647,719,276,0,26
647,720,276,0,26
647,721,276,0,26
647,722,276,0,26
647,723,276,0,26
647,724,276,0,26
648,625,102,0,27
648,626,102,0,27
648,627,102,0,27
648,628,102,0,27
648,629,102,0,27
648,630,102,0,27
648,631,102,0,27
648,632,102,0,27
648,633,102,0,27
648,634,102,0,27
648,635,102,0,27
648,636,102,0,27
648,637,102,0,27
648,638,102,0,27
648,639,102,0,27
648,640,102,0,27
648,641,102,0,27
648,642,102,0,27
648,643,102,0,27
648,644,102,0,27
648,645,102,0,27
648,646,102,0,27
648,647,102,0,27
648,649,102,0,27
648,650,102,0,27
648,651,102,0,27
648,652,102,0,27
648,653,102,0,27
648,654,102,0,27
648,655,102,0,27
648,656,102,0,27
648,657,102,0,27
648,658,102,0,27
648,659,102,0,27
648,660,102,0,27
648,661,102,0,27
648,662,102,0,27
648,663,102,0,27
648,664,102,0,27
648,665,102,0,27
648,666,102,0,27
648,667,102,0,27
648,668,102,0,27
648,669,102,0,27
648,670,102,0,27
648,671,102,0,27
648,672,102,0,27
648,673,102,0,27
648,674,102,0,27
648,675,102,0,27
648,676,102,0,27
648,677,102,0,27
648,678,102,0,27
648,679,102,0,27
648,680,102,0,27
648,681,102,0,27
648,682,102,0,27
648,683,102,0,27
648,684,102,0,27
648,685,102,0,27
648,686,102,0,27
648,687,102,0,27
648,688,102,0,27
648,689,102,0,27
648,690,102,0,27
648,691,102,0,27
648,692,102,0,27
648,693,102,0,27
648,694,102,0,27
648,695,102,0,27
648,696,102,0,27
648,697,102,0,27
648,698,102,0,27
648,699,102,0,27
648,700,102,0,27
648,701,102,0,27
648,702,102,0,27
648,703,102,0,27
648,704,102,0,27
648,705,102,0,27
648,706,102,0,27
648,707,102,0,27
648,708,102,0,27
648,709,102,0,27
648,710,102,0,27
648,711,102,0,27
648,712,102,0,27
648,713,102,0,27
648,714,102,0,27
648,715,102,0,27
648,716,102,0,27
648,717,102,0,27
648,718,102,0,27
648,719,102,0,27
648,720,102,0,27
648,721,102,0,27
648,722,102,0,27
648,723,102,0,27
648,724,102,0,27
674,625,181,0,53
674,626,181,0,53
674,627,181,0,53
674,628,181,0,53
674,629,181,0,53
674,630,181,0,53
674,631,181,0,53
674,632,181,0,53
674,633,181,0,53
674,634,181,0,53
674,635,181,0,53
674,636,181,0,53
674,637,181,0,53
674,638,181,0,53
674,639,181,0,53
674,640,181,0,53
674,641,181,0,53
674,642,181,0,53
674,643,181,0,53
674,644,181,0,53
674,645,181,0,53
674,646,181,0,53
674,647,181,0,53
674,648,181,0,53
674,649,181,0,53
674,650,181,0,53
674,651,181,0,53
674,652,181,0,53
674,653,181,0,53
674,654,181,0,53
674,655,181,0,53
674,656,181,0,53
674,657,181,0,53
674,658,181,0,53
674,659,181,0,53
674,660,181,0,53
674,661,181,0,53
674,662,181,0,53
674,663,181,0,53
674,664,181,0,53
674,665,181,0,53
674,666,181,0,53
674,667,181,0,53
674,668,181,0,53
674,669,181,0,53
674,670,181,0,53
674,671,181,0,53
674,672,181,0,53
674,673,181,0,53
674,675,181,0,53
674,676,181,0,53
674,677,181,0,53
674,678,181,0,53
674,679,181,0,53
674,680,181,0,53
674,681,181,0,53
674,682,181,0,53
674,683,181,0,53
674,684,181,0,53
674,685,181,0,53
674,686,181,0,53
674,687,181,0,53
674,688,181,0,53
674,689,181,0,53
674,690,181,0,53
674,691,181,0,53
674,692,181,0,53
674,693,181,0,53
674,694,181,0,53
674,695,181,0,53
674,696,181,0,53
674,697,181,0,53
674,698,181,0,53
674,699,181,0,53
674,700,181,0,53
674,701,181,0,53
674,702,181,0,53
674,703,181,0,53
674,704,181,0,53
674,705,181,0,53
674,706,181,0,53
674,707,181,0,53
674,708,181,0,53
674,709,181,0,53
674,710,181,0,53
674,711,181,0,53
674,712,181,0,53
674,713,181,0,53
674,714,181,0,53
674,715,181,0,53
674,716,181,0,53
674,717,181,0,53
674,718,181,0,53
674,719,181,0,53
674,720,181,0,53
674,721,181,0,53
674,722,181,0,53
674,723,181,0,53
674,724,181,0,53
694,625,182,0,73
694,626,182,0,73
694,627,182,0,73
694,628,182,0,73
694,629,182,0,73
694,630,182,0,73
694,631,182,0,73
694,632,182,0,73
694,633,182,0,73
694,634,182,0,73
694,635,182,0,73
694,636,182,0,73
694,637,182,0,73
694,638,182,0,73
694,639,182,0,73
694,640,182,0,73
694,641,182,0,73
694,642,182,0,73
694,643,182,0,73
694,644,182,0,73
694,645,182,0,73
694,646,182,0,73
694,647,182,0,73
694,648,182,0,73
694,649,182,0,73
694,650,182,0,73
694,651,182,0,73
694,652,182,0,73
694,653,182,0,73
694,654,182,0,73
694,655,182,0,73
694,656,182,0,73
694,657,182,0,73
694,658,182,0,73
694,659,182,0,73
694,660,182,0,73
694,661,182,0,73
694,662,182,0,73
694,663,182,0,73
694,664,182,0,73
694,665,182,0,73
694,666,182,0,73
694,667,182,0,73
694,668,182,0,73
694,669,182,0,73
694,670,182,0,73
694,671,182,0,73
694,672,182,0,73
694,673,182,0,73
694,674,182,0,73
694,675,182,0,73
694,676,182,0,73
694,677,182,0,73
694,678,182,0,73
694,679,182,0,73
694,680,182,0,73
694,681,182,0,73
694,682,182,0,73
694,683,182,0,73
694,684,182,0,73
694,685,182,0,73
694,686,182,0,73
694,687,182,0,73
694,688,182,0,73
694,689,182,0,73
694,690,182,0,73
694,691,182,0,73
694,692,182,0,73
694,693,182,0,73
694,695,182,0,73
694,696,182,0,73
694,697,182,0,73
694,698,182,0,73
694,699,182,0,73
694,700,182,0,73
694,701,182,0,73
694,702,182,0,73
694,703,182,0,73
694,704,182,0,73
694,705,182,0,73
694,706,182,0,73
694,707,182,0,73
694,708,182,0,73
694,709,182,0,73
694,710,182,0,73
694,711,182,0,73
694,712,182,0,73
694,713,182,0,73
694,714,182,0,73
694,715,182,0,73
694,716,182,0,73
694,717,182,0,73
694,718,182,0,73
694,719,182,0,73
694,720,182,0,73
694,721,182,0,73
694,722,182,0,73
694,723,182,0,73
694,724,182,0,73
709,625,331,0,88
709,626,331,0,88
709,627,331,0,88
709,628,331,0,88
709,629,331,0,88
709,630,331,0,88
709,631,331,0,88
709,632,331,0,88
709,633,331,0,88
709,634,331,0,88
709,635,331,0,88
709,636,331,0,88
709,637,331,0,88
709,638,331,0,88
709,639,331,0,88
709,640,331,0,88
709,641,331,0,88
709,642,331,0,88
709,643,331,0,88
709,644,331,0,88
709,645,331,0,88
709,646,331,0,88
709,647,331,0,88
709,648,331,0,88
709,649,331,0,88
709,650,331,0,88
709,651,331,0,88
709,652,331,0,88
709,653,331,0,88
709,654,331,0,88
709,655,331,0,88
709,656,331,0,88
709,657,331,0,88
709,658,331,0,88
709,659,331,0,88
709,660,331,0,88
709,661,331,0,88
709,662,331,0,88
709,663,331,0,88
709,664,331,0,88
709,665,331,0,88
709,666,331,0,88
709,667,331,0,88
709,668,331,0,88
709,669,331,0,88
709,670,331,0,88
709,671,331,0,88
709,672,331,0,88
709,673,331,0,88
709,674,331,0,88
709,675,331,0,88
709,676,331,0,88
709,677,331,0,88
709,678,331,0,88
709,679,331,0,88
709,680,331,0,88
709,681,331,0,88
709,682,331,0,88
709,683,331,0,88
709,684,331,0,88
709,685,331,0,88
709,686,331,0,88
709,687,331,0,88
709,688,331,0,88
709,689,331,0,88
709,690,331,0,88
709,691,331,0,88
709,692,331,0,88
709,693,331,0,88
709,694,331,0,88
709,695,331,0,88
709,696,331,0,88
709,697,331,0,88
709,698,331,0,88
709,699,331,0,88
709,700,331,0,88
709,701,331,0,88
709,702,331,0,88
709,703,331,0,88
709,704,331,0,88
709,705,331,0,88
709,706,331,0,88
709,707,331,0,88
709,708,331,0,88
709,710,331,0,88
709,711,331,0,88
709,712,331,0,88
709,713,331,0,88
709,714,331,0,88
709,715,331,0,88
709,716,331,0,88
709,717,331,0,88
709,718,331,0,88
709,719,331,0,88
709,720,331,0,88
709,721,331,0,88
709,722,331,0,88
709,723,331,0,88
709,724,331,0,88
717,625,255,0,96
717,626,255,0,96
717,627,255,0,96
717,628,255,0,96
717,629,255,0,96
717,630,255,0,96
717,631,255,0,96
717,632,255,0,96
717,633,255,0,96
717,634,255,0,96
717,635,255,0,96
717,636,255,0,96
717,637,255,0,96
717,638,255,0,96
717,639,255,0,96
717,640,255,0,96
717,641,255,0,96
717,642,255,0,96
717,643,255,0,96
717,644,255,0,96
717,645,255,0,96
717,646,255,0,96
717,647,255,0,96
717,648,255,0,96
717,649,255,0,96
717,650,255,0,96
717,651,255,0,96
717,652,255,0,96
717,653,255,0,96
717,654,255,0,96
717,655,255,0,96
717,656,255,0,96
717,657,255,0,96
717,658,255,0,96
717,659,255,0,96
717,660,255,0,96
717,661,255,0,96
717,662,255,0,96
717,663,255,0,96
717,664,255,0,96
717,665,255,0,96
717,666,255,0,96
717,667,255,0,96
717,668,255,0,96
717,669,255,0,96
717,670,255,0,96
717,671,255,0,96
717,672,255,0,96
717,673,255,0,96
717,674,255,0,96
717,675,255,0,96
717,676,255,0,96
717,677,255,0,96
717,678,255,0,96
717,679,255,0,96
717,680,255,0,96
717,681,255,0,96
717,682,255,0,96
717,683,255,0,96
717,684,255,0,96
717,685,255,0,96
717,686,255,0,96
717,687,255,0,96
717,688,255,0,96
717,689,255,0,96
717,690,255,0,96
717,691,255,0,96
717,692,255,0,96
717,693,255,0,96
717,694,255,0,96
717,695,255,0,96
717,696,255,0,96
717,697,255,0,96
717,698,255,0,96
717,699,255,0,96
717,700,255,0,96
717,701,255,0,96
717,702,255,0,96
717,703,255,0,96
717,704,255,0,96
717,705,255,0,96
717,706,255,0,96
717,707,255,0,96
717,708,255,0,96
717,709,255,0,96
717,710,255,0,96
717,711,255,0,96
717,712,255,0,96
717,713,255,0,96
717,714,255,0,96
717,715,255,0,96
717,716,255,0,96
717,718,255,0,96
717,719,255,0,96
717,720,255,0,96
717,721,255,0,96
717,722,255,0,96
717,723,255,0,96
717,724,255,0,96
