0,676,1,0,0
2,715,602,3,3
3,632,4,1,0
3,649,4,1,0
3,715,603,3,3
4,649,5,1,0
4,715,604,3,3
5,649,6,1,0
5,715,605,3,3
6,649,31,2,0
6,715,606,3,3
7,649,32,2,0
7,694,32,2,0
7,715,6,0,1
8,649,33,2,0
8,715,7,0,1
9,632,34,2,0
9,649,34,2,0
9,715,8,0,1
10,715,9,0,1
12,676,612,3,3
12,691,11,0,1
13,691,12,0,1
15,632,40,2,0
15,715,16,1,0
16,649,41,2,0
16,715,17,1,0
17,649,42,2,0
17,715,18,1,0
18,649,43,2,0
18,694,43,2,0
18,715,618,3,3
19,649,18,0,1
19,694,18,0,1
19,715,619,3,3
20,649,19,0,1
20,715,620,3,3
21,649,20,0,1
21,715,621,3,3
22,715,622,3,3
24,691,0,1,2
25,676,26,1,1
27,715,52,3,0
28,632,29,2,1
28,649,29,2,1
28,715,53,3,0
29,649,30,2,1
29,715,54,3,0
30,649,31,2,1
30,715,55,3,0
31,649,56,3,0
32,649,57,3,0
32,694,57,3,0
32,715,31,1,2
33,649,58,3,0
33,715,32,1,2
34,632,59,3,0
34,649,59,3,0
34,715,33,1,2
35,715,34,1,2
37,676,12,0,2
37,691,36,1,2
38,691,37,1,2
40,632,65,3,0
40,715,41,2,1
41,649,66,3,0
41,715,42,2,1
42,649,67,3,0
42,715,43,2,1
43,649,68,3,0
43,694,68,3,0
44,649,43,1,2
44,694,43,1,2
44,715,69,3,0
45,649,44,1,2
45,715,70,3,0
46,649,45,1,2
46,715,71,3,0
47,715,72,3,0
49,691,25,2,3
50,676,51,1,1
52,715,77,3,0
53,632,54,2,1
53,649,54,2,1
53,715,78,3,0
54,649,55,2,1
54,715,79,3,0
55,649,56,2,1
55,715,80,3,0
56,694,57,2,1
57,649,82,3,0
57,694,694,73,0
57,715,56,1,2
58,649,83,3,0
58,715,57,1,2
59,632,84,3,0
59,649,84,3,0
59,715,58,1,2
60,715,59,1,2
62,676,37,0,3
62,691,61,1,2
63,691,62,1,2
65,632,90,3,0
65,715,66,2,1
66,649,91,3,0
66,715,67,2,1
67,649,92,3,0
67,715,68,2,1
69,649,68,1,2
69,694,68,1,2
69,715,94,3,0
70,649,69,1,2
70,715,95,3,0
71,649,70,1,2
71,715,96,3,0
72,715,97,3,0
74,691,50,2,3
75,676,76,1,1
77,715,102,3,0
78,632,79,2,1
78,649,79,2,1
78,715,103,3,0
79,649,80,2,1
79,715,104,3,0
80,649,81,2,1
80,715,105,3,0
81,632,106,3,0
81,694,56,0,3
81,715,106,3,0
82,632,107,3,0
82,649,107,3,0
82,694,57,0,3
82,715,81,1,2
83,632,108,3,0
83,649,108,3,0
83,715,82,1,2
84,632,109,3,0
84,649,109,3,0
84,715,83,1,2
85,715,84,1,2
87,676,62,0,3
87,691,86,1,2
88,691,87,1,2
90,632,115,3,0
90,715,91,2,1
91,632,116,3,0
91,649,116,3,0
91,715,92,2,1
92,632,117,3,0
92,649,117,3,0
92,715,93,2,1
93,632,118,3,0
93,694,68,0,3
93,715,118,3,0
94,649,93,1,2
94,694,93,1,2
94,715,119,3,0
95,649,94,1,2
95,715,120,3,0
96,649,95,1,2
96,715,121,3,0
97,715,122,3,0
99,691,75,2,3
100,676,101,1,1
102,715,127,3,0
103,632,104,2,1
103,649,104,2,1
103,715,128,3,0
104,649,105,2,1
104,715,129,3,0
105,649,106,2,1
105,715,130,3,0
106,632,107,2,1
106,694,81,0,3
106,715,131,3,0
107,632,108,2,1
107,649,132,3,0
107,694,82,0,3
107,715,106,1,2
108,632,109,2,1
108,649,133,3,0
108,715,107,1,2
109,649,134,3,0
109,715,108,1,2
110,715,109,1,2
112,676,87,0,3
112,691,111,1,2
113,691,112,1,2
115,632,632,11,0
115,715,116,2,1
116,632,115,1,2
116,649,141,3,0
116,715,117,2,1
117,632,116,1,2
117,649,142,3,0
117,715,118,2,1
118,632,117,1,2
118,694,93,0,3
118,715,143,3,0
119,649,118,1,2
119,694,118,1,2
119,715,144,3,0
120,649,119,1,2
120,715,145,3,0
121,649,120,1,2
121,715,146,3,0
122,715,147,3,0
124,691,100,2,3
125,676,126,1,1
127,715,152,3,0
128,632,129,2,1
128,649,129,2,1
128,715,153,3,0
129,649,130,2,1
129,715,154,3,0
130,649,131,2,1
130,715,155,3,0
131,649,132,2,1
131,715,156,3,0
132,649,133,2,1
132,694,107,0,3
132,715,131,1,2
133,649,134,2,1
133,715,132,1,2
134,632,109,0,3
134,649,649,28,0
134,715,133,1,2
135,715,134,1,2
137,676,112,0,3
137,691,136,1,2
138,691,137,1,2
140,632,115,0,3
140,715,141,2,1
141,649,140,1,2
141,715,142,2,1
142,649,141,1,2
142,715,143,2,1
143,649,142,1,2
143,694,118,0,3
143,715,168,3,0
144,649,143,1,2
144,694,143,1,2
144,715,169,3,0
145,649,144,1,2
145,715,170,3,0
146,649,145,1,2
146,715,171,3,0
147,715,172,3,0
149,691,125,2,3
150,676,151,1,1
152,715,177,3,0
153,632,154,2,1
153,649,154,2,1
153,715,178,3,0
154,649,155,2,1
154,715,179,3,0
155,649,156,2,1
155,715,180,3,0
156,649,131,0,3
156,715,181,3,0
157,649,132,0,3
157,694,132,0,3
157,715,156,1,2
158,649,133,0,3
158,715,157,1,2
159,632,134,0,3
159,649,134,0,3
159,715,158,1,2
160,715,159,1,2
162,676,137,0,3
162,691,161,1,2
163,691,162,1,2
165,632,140,0,3
165,715,166,2,1
166,649,141,0,3
166,715,167,2,1
167,649,142,0,3
167,715,168,2,1
168,649,143,0,3
168,694,143,0,3
168,715,193,3,0
169,649,168,1,2
169,694,168,1,2
169,715,194,3,0
170,649,169,1,2
170,715,195,3,0
171,649,170,1,2
171,715,196,3,0
172,715,197,3,0
174,691,150,2,3
175,676,176,1,1
177,715,202,3,0
178,632,179,2,1
178,649,179,2,1
178,715,203,3,0
179,649,180,2,1
179,715,204,3,0
180,649,181,2,1
180,715,205,3,0
181,649,156,0,3
181,715,206,3,0
182,649,157,0,3
182,694,157,0,3
182,715,181,1,2
183,649,158,0,3
183,715,182,1,2
184,632,159,0,3
184,649,159,0,3
184,715,183,1,2
185,715,184,1,2
187,676,162,0,3
187,691,186,1,2
188,691,187,1,2
190,632,165,0,3
190,715,191,2,1
191,649,166,0,3
191,715,192,2,1
192,649,167,0,3
192,715,193,2,1
193,649,168,0,3
193,694,168,0,3
193,715,218,3,0
194,649,193,1,2
194,694,193,1,2
194,715,219,3,0
195,649,194,1,2
195,715,220,3,0
196,649,195,1,2
196,715,221,3,0
197,715,222,3,0
199,691,175,2,3
200,676,201,1,1
202,715,227,3,0
203,632,204,2,1
203,649,204,2,1
203,715,228,3,0
204,649,205,2,1
204,715,229,3,0
205,649,206,2,1
205,715,230,3,0
206,649,181,0,3
206,715,231,3,0
207,649,182,0,3
207,694,182,0,3
207,715,206,1,2
208,649,183,0,3
208,715,207,1,2
209,632,184,0,3
209,649,184,0,3
209,715,208,1,2
210,715,209,1,2
212,676,187,0,3
212,691,211,1,2
213,691,212,1,2
215,632,190,0,3
215,715,216,2,1
216,649,191,0,3
216,715,217,2,1
217,649,192,0,3
217,715,218,2,1
218,649,193,0,3
218,694,193,0,3
218,715,243,3,0
219,649,218,1,2
219,694,218,1,2
219,715,244,3,0
220,649,219,1,2
220,715,245,3,0
221,649,220,1,2
221,715,246,3,0
222,715,247,3,0
224,691,200,2,3
225,676,226,1,1
227,715,252,3,0
228,632,229,2,1
228,649,229,2,1
228,715,253,3,0
229,649,230,2,1
229,715,254,3,0
230,649,231,2,1
230,715,255,3,0
231,649,206,0,3
231,691,206,0,3
231,715,256,3,0
232,649,207,0,3
232,691,207,0,3
232,694,207,0,3
232,715,231,1,2
233,649,208,0,3
233,691,208,0,3
233,715,232,1,2
234,632,209,0,3
234,649,209,0,3
234,691,209,0,3
234,715,233,1,2
235,691,210,0,3
235,715,234,1,2
236,691,211,0,3
237,676,212,0,3
237,691,236,1,2
238,691,237,1,2
239,691,214,0,3
240,632,215,0,3
240,691,215,0,3
240,715,241,2,1
241,649,216,0,3
241,691,216,0,3
241,715,242,2,1
242,649,217,0,3
242,691,217,0,3
242,715,243,2,1
243,649,218,0,3
243,691,218,0,3
243,694,218,0,3
243,715,268,3,0
244,649,243,1,2
244,694,243,1,2
244,715,269,3,0
245,649,244,1,2
245,715,270,3,0
246,649,245,1,2
246,715,271,3,0
247,715,272,3,0
249,691,225,2,3
250,676,251,1,1
252,715,277,3,0
253,632,254,2,1
253,649,254,2,1
253,715,278,3,0
254,649,255,2,1
254,715,279,3,0
255,649,256,2,1
255,715,280,3,0
256,649,231,0,3
256,715,281,3,0
257,649,232,0,3
257,694,232,0,3
257,715,256,1,2
258,649,233,0,3
258,715,257,1,2
259,632,234,0,3
259,649,234,0,3
259,715,258,1,2
260,715,259,1,2
262,676,237,0,3
262,691,261,1,2
263,691,262,1,2
265,632,240,0,3
265,715,266,2,1
266,649,241,0,3
266,715,267,2,1
267,649,242,0,3
267,715,268,2,1
268,649,243,0,3
268,694,243,0,3
268,715,293,3,0
269,649,268,1,2
269,694,268,1,2
269,715,294,3,0
270,649,269,1,2
270,715,295,3,0
271,649,270,1,2
271,715,296,3,0
272,715,297,3,0
274,691,250,2,3
275,676,276,1,1
277,715,302,3,0
278,632,279,2,1
278,649,279,2,1
278,715,303,3,0
279,649,280,2,1
279,715,304,3,0
280,649,281,2,1
280,715,305,3,0
281,649,256,0,3
281,715,306,3,0
282,649,257,0,3
282,694,257,0,3
282,715,281,1,2
283,649,258,0,3
283,715,282,1,2
284,632,259,0,3
284,649,259,0,3
284,715,283,1,2
285,715,284,1,2
287,676,312,3,0
287,691,286,1,2
288,691,287,1,2
290,632,265,0,3
290,715,291,2,1
291,649,266,0,3
291,715,292,2,1
292,649,267,0,3
292,715,293,2,1
293,649,268,0,3
293,694,268,0,3
293,715,318,3,0
294,649,293,1,2
294,694,293,1,2
294,715,319,3,0
295,649,294,1,2
295,715,320,3,0
296,649,295,1,2
296,715,321,3,0
297,715,322,3,0
299,691,275,2,3
300,676,301,1,1
302,715,327,3,0
303,632,304,2,1
303,649,304,2,1
303,715,328,3,0
304,649,305,2,1
304,715,329,3,0
305,649,306,2,1
305,715,330,3,0
306,649,281,0,3
306,715,331,3,0
307,649,282,0,3
307,694,282,0,3
307,715,306,1,2
308,649,283,0,3
308,715,307,1,2
309,632,284,0,3
309,649,284,0,3
309,715,308,1,2
310,715,309,1,2
312,676,337,3,0
312,691,311,1,2
313,691,312,1,2
315,632,290,0,3
315,715,316,2,1
316,649,291,0,3
316,715,317,2,1
317,649,292,0,3
317,715,318,2,1
318,649,293,0,3
318,694,293,0,3
318,715,343,3,0
319,649,318,1,2
319,694,318,1,2
319,715,344,3,0
320,649,319,1,2
320,715,345,3,0
321,649,320,1,2
321,715,346,3,0
322,715,347,3,0
324,691,300,2,3
325,676,326,1,1
327,715,715,94,0
328,632,329,2,1
328,649,329,2,1
328,715,327,1,2
329,649,330,2,1
329,715,328,1,2
330,649,331,2,1
330,715,329,1,2
331,649,306,0,3
331,715,330,1,2
332,649,307,0,3
332,694,307,0,3
332,715,331,1,2
333,649,308,0,3
333,715,332,1,2
334,632,309,0,3
334,649,309,0,3
334,715,333,1,2
335,715,334,1,2
337,676,362,3,0
337,691,336,1,2
338,691,337,1,2
340,632,315,0,3
340,715,341,2,1
341,649,316,0,3
341,715,342,2,1
342,649,317,0,3
342,715,343,2,1
343,649,318,0,3
343,694,318,0,3
343,715,344,2,1
344,649,343,1,2
344,694,343,1,2
344,715,345,2,1
345,649,344,1,2
345,715,346,2,1
346,649,345,1,2
346,715,347,2,1
347,715,348,2,1
349,691,325,2,3
350,676,351,1,1
352,715,327,0,3
353,632,354,2,1
353,649,354,2,1
353,715,328,0,3
354,649,355,2,1
354,715,329,0,3
355,649,356,2,1
355,715,330,0,3
356,649,331,0,3
357,649,332,0,3
357,694,332,0,3
357,715,356,1,2
358,649,333,0,3
358,715,357,1,2
359,632,334,0,3
359,649,334,0,3
359,715,358,1,2
360,715,359,1,2
362,676,387,3,0
362,691,361,1,2
363,691,362,1,2
365,632,340,0,3
365,715,366,2,1
366,649,341,0,3
366,715,367,2,1
367,649,342,0,3
367,715,368,2,1
368,649,343,0,3
368,694,343,0,3
369,649,368,1,2
369,694,368,1,2
369,715,344,0,3
370,649,369,1,2
370,715,345,0,3
371,649,370,1,2
371,715,346,0,3
372,715,347,0,3
374,691,350,2,3
375,676,376,1,1
377,715,352,0,3
378,632,379,2,1
378,649,379,2,1
378,715,353,0,3
379,649,380,2,1
379,715,354,0,3
380,649,381,2,1
380,715,355,0,3
381,694,406,3,0
382,649,357,0,3
382,694,407,3,0
382,715,381,1,2
383,649,358,0,3
383,715,382,1,2
384,632,359,0,3
384,649,359,0,3
384,715,383,1,2
385,715,384,1,2
387,676,412,3,0
387,691,386,1,2
388,691,387,1,2
390,632,365,0,3
390,715,391,2,1
391,649,366,0,3
391,715,392,2,1
392,649,367,0,3
392,715,393,2,1
393,694,418,3,0
394,649,393,1,2
394,694,393,1,2
394,715,369,0,3
395,649,394,1,2
395,715,370,0,3
396,649,395,1,2
396,715,371,0,3
397,715,372,0,3
399,691,375,2,3
400,676,401,1,1
402,715,377,0,3
403,632,404,2,1
403,649,404,2,1
403,715,378,0,3
404,649,405,2,1
404,715,379,0,3
405,649,406,2,1
405,715,380,0,3
406,632,381,0,3
406,694,431,3,0
406,715,381,0,3
407,632,382,0,3
407,649,382,0,3
407,694,432,3,0
407,715,406,1,2
408,632,383,0,3
408,649,383,0,3
408,715,407,1,2
409,632,384,0,3
409,649,384,0,3
409,715,408,1,2
410,715,409,1,2
412,676,437,3,0
412,691,411,1,2
413,691,412,1,2
415,632,390,0,3
415,715,416,2,1
416,632,391,0,3
416,649,391,0,3
416,715,417,2,1
417,632,392,0,3
417,649,392,0,3
417,715,418,2,1
418,632,393,0,3
418,694,443,3,0
418,715,393,0,3
419,649,418,1,2
419,694,418,1,2
419,715,394,0,3
420,649,419,1,2
420,715,395,0,3
421,649,420,1,2
421,715,396,0,3
422,715,397,0,3
424,691,400,2,3
425,676,426,1,1
427,715,402,0,3
428,632,429,2,1
428,649,429,2,1
428,715,403,0,3
429,649,430,2,1
429,715,404,0,3
430,649,431,2,1
430,715,405,0,3
431,715,406,0,3
432,649,407,0,3
432,694,457,3,0
432,715,431,1,2
433,649,408,0,3
433,715,432,1,2
434,632,459,3,0
434,649,409,0,3
434,715,433,1,2
435,715,434,1,2
437,676,462,3,0
437,691,436,1,2
438,691,437,1,2
440,632,465,3,0
440,715,441,2,1
441,649,416,0,3
441,715,442,2,1
442,649,417,0,3
442,715,443,2,1
443,694,468,3,0
443,715,418,0,3
444,649,443,1,2
444,694,443,1,2
444,715,419,0,3
445,649,444,1,2
445,715,420,0,3
446,649,445,1,2
446,715,421,0,3
447,715,422,0,3
449,691,425,2,3
450,676,451,1,1
452,715,427,0,3
453,632,454,2,1
453,649,454,2,1
453,715,428,0,3
454,649,455,2,1
454,715,429,0,3
455,649,456,2,1
455,715,430,0,3
456,649,481,3,0
456,715,431,0,3
457,649,482,3,0
457,694,482,3,0
457,715,456,1,2
458,649,483,3,0
458,715,457,1,2
459,632,484,3,0
459,649,484,3,0
459,715,458,1,2
460,715,459,1,2
462,676,487,3,0
462,691,461,1,2
463,691,462,1,2
465,632,490,3,0
465,715,466,2,1
466,649,491,3,0
466,715,467,2,1
467,649,492,3,0
467,715,468,2,1
468,649,493,3,0
468,694,493,3,0
468,715,443,0,3
469,649,468,1,2
469,694,468,1,2
469,715,444,0,3
470,649,469,1,2
470,715,445,0,3
471,649,470,1,2
471,715,446,0,3
472,715,447,0,3
474,691,450,2,3
475,676,476,1,1
477,715,452,0,3
478,632,479,2,1
478,649,479,2,1
478,715,453,0,3
479,649,480,2,1
479,715,454,0,3
480,649,481,2,1
480,715,455,0,3
481,649,506,3,0
481,715,456,0,3
482,649,507,3,0
482,694,507,3,0
482,715,481,1,2
483,649,508,3,0
483,715,482,1,2
484,632,509,3,0
484,649,509,3,0
484,715,483,1,2
485,715,484,1,2
487,676,512,3,0
487,691,486,1,2
488,691,487,1,2
490,632,515,3,0
490,715,491,2,1
491,649,516,3,0
491,715,492,2,1
492,649,517,3,0
492,715,493,2,1
493,649,518,3,0
493,694,518,3,0
493,715,468,0,3
494,649,493,1,2
494,694,493,1,2
494,715,469,0,3
495,649,494,1,2
495,715,470,0,3
496,649,495,1,2
496,715,471,0,3
497,715,472,0,3
499,691,475,2,3
500,676,501,1,1
502,715,477,0,3
503,632,504,2,1
503,649,504,2,1
503,715,478,0,3
504,649,505,2,1
504,715,479,0,3
505,649,506,2,1
505,715,480,0,3
506,649,531,3,0
506,715,481,0,3
507,649,532,3,0
507,694,532,3,0
507,715,506,1,2
508,649,533,3,0
508,715,507,1,2
509,632,534,3,0
509,649,534,3,0
509,715,508,1,2
510,715,509,1,2
512,676,537,3,0
512,691,511,1,2
513,691,512,1,2
515,632,540,3,0
515,715,516,2,1
516,649,541,3,0
516,715,517,2,1
517,649,542,3,0
517,715,518,2,1
518,649,543,3,0
518,694,543,3,0
518,715,493,0,3
519,649,518,1,2
519,694,518,1,2
519,715,494,0,3
520,649,519,1,2
520,715,495,0,3
521,649,520,1,2
521,715,496,0,3
522,715,497,0,3
524,691,500,2,3
525,676,526,1,1
527,715,502,0,3
528,632,529,2,1
528,649,529,2,1
528,715,503,0,3
529,649,530,2,1
529,715,504,0,3
530,649,531,2,1
530,715,505,0,3
531,649,556,3,0
531,691,556,3,0
531,715,506,0,3
532,649,557,3,0
532,691,557,3,0
532,694,557,3,0
532,715,531,1,2
533,649,558,3,0
533,691,558,3,0
533,715,532,1,2
534,632,559,3,0
534,649,559,3,0
534,691,559,3,0
534,715,533,1,2
535,691,560,3,0
535,715,534,1,2
536,691,561,3,0
537,676,562,3,0
537,691,536,1,2
539,691,564,3,0
540,632,565,3,0
540,691,565,3,0
540,715,541,2,1
541,649,566,3,0
541,691,566,3,0
541,715,542,2,1
542,649,567,3,0
542,691,567,3,0
542,715,543,2,1
543,649,568,3,0
543,691,568,3,0
543,694,568,3,0
543,715,518,0,3
544,649,543,1,2
544,694,543,1,2
544,715,519,0,3
545,649,544,1,2
545,715,520,0,3
546,649,545,1,2
546,715,521,0,3
547,715,522,0,3
549,691,525,2,3
550,676,551,1,1
552,715,527,0,3
553,632,554,2,1
553,649,554,2,1
553,715,528,0,3
554,649,555,2,1
554,715,529,0,3
555,649,556,2,1
555,715,530,0,3
556,649,581,3,0
556,691,557,2,1
556,715,531,0,3
557,649,582,3,0
557,691,558,2,1
557,694,582,3,0
557,715,556,1,2
558,649,583,3,0
558,691,559,2,1
558,715,557,1,2
559,632,584,3,0
559,649,584,3,0
559,691,560,2,1
559,715,558,1,2
560,691,561,2,1
560,715,559,1,2
561,691,691,70,0
562,676,587,3,0
562,691,561,1,2
563,691,562,1,2
564,691,563,1,2
565,632,590,3,0
565,691,564,1,2
565,715,566,2,1
566,649,591,3,0
566,691,565,1,2
566,715,567,2,1
567,649,592,3,0
567,691,566,1,2
567,715,568,2,1
568,649,593,3,0
568,691,567,1,2
568,694,593,3,0
568,715,543,0,3
569,649,568,1,2
569,694,568,1,2
569,715,544,0,3
570,649,569,1,2
570,715,545,0,3
571,649,570,1,2
571,715,546,0,3
572,715,547,0,3
574,691,550,2,3
575,676,576,1,1
577,715,552,0,3
578,632,579,2,1
578,649,579,2,1
578,715,553,0,3
579,649,580,2,1
579,715,554,0,3
580,649,581,2,1
580,715,555,0,3
581,649,606,3,0
581,715,556,0,3
582,649,607,3,0
582,694,607,3,0
582,715,581,1,2
583,649,608,3,0
583,715,582,1,2
584,632,609,3,0
584,649,609,3,0
584,715,583,1,2
585,715,584,1,2
587,676,676,55,0
587,691,586,1,2
588,676,587,1,2
588,691,587,1,2
590,632,615,3,0
590,715,591,2,1
591,649,616,3,0
591,715,592,2,1
592,649,617,3,0
592,715,593,2,1
593,649,618,3,0
593,694,618,3,0
593,715,568,0,3
594,649,593,1,2
594,694,593,1,2
594,715,569,0,3
595,649,594,1,2
595,715,570,0,3
596,649,595,1,2
596,715,571,0,3
597,715,572,0,3
599,691,575,2,3
600,676,601,1,1
602,715,577,0,3
603,632,604,2,1
603,649,604,2,1
603,715,578,0,3
604,649,605,2,1
604,715,579,0,3
605,649,606,2,1
605,715,580,0,3
606,649,6,3,3
606,715,581,0,3
607,649,7,3,3
607,694,7,3,3
607,715,606,1,2
608,649,8,3,3
608,715,607,1,2
609,632,9,3,3
609,649,9,3,3
609,715,608,1,2
610,715,609,1,2
612,676,587,0,3
612,691,611,1,2
613,691,612,1,2
615,632,15,3,3
615,715,616,2,1
616,649,16,3,3
616,715,617,2,1
617,649,17,3,3
617,715,618,2,1
618,649,18,3,3
618,694,18,3,3
618,715,593,0,3
619,649,618,1,2
619,694,618,1,2
619,715,594,0,3
620,649,619,1,2
620,715,595,0,3
621,649,620,1,2
621,715,596,0,3
622,715,597,0,3
624,691,600,2,3
632,625,115,0,11
632,626,115,0,11
632,627,115,0,11
632,628,115,0,11
632,629,115,0,11
632,630,115,0,11
632,631,115,0,11
632,633,115,0,11
632,634,115,0,11
632,635,115,0,11
632,636,115,0,11
632,637,115,0,11
632,638,115,0,11
632,639,115,0,11
632,640,115,0,11
632,641,115,0,11
632,642,115,0,11
632,643,115,0,11
632,644,115,0,11
632,645,115,0,11
632,646,115,0,11
632,647,115,0,11
632,648,115,0,11
632,649,115,0,11
632,650,115,0,11
632,651,115,0,11
632,652,115,0,11
632,653,115,0,11
632,654,115,0,11
632,655,115,0,11
632,656,115,0,11
632,657,115,0,11
632,658,115,0,11
632,659,115,0,11
632,660,115,0,11
632,661,115,0,11
632,662,115,0,11
632,663,115,0,11
632,664,115,0,11
632,665,115,0,11
632,666,115,0,11
632,667,115,0,11
632,668,115,0,11
632,669,115,0,11
632,670,115,0,11
632,671,115,0,11
632,672,115,0,11
632,673,115,0,11
632,674,115,0,11
632,675,115,0,11
632,676,115,0,11
632,677,115,0,11
632,678,115,0,11
632,679,115,0,11
632,680,115,0,11
632,681,115,0,11
632,682,115,0,11
632,683,115,0,11
632,684,115,0,11
632,685,115,0,11
632,686,115,0,11
632,687,115,0,11
632,688,115,0,11
632,689,115,0,11
632,690,115,0,11
632,691,115,0,11
632,692,115,0,11
632,693,115,0,11
632,694,115,0,11
632,695,115,0,11
632,696,115,0,11
632,697,115,0,11
632,698,115,0,11
632,699,115,0,11
632,700,115,0,11
632,701,115,0,11
632,702,115,0,11
632,703,115,0,11
632,704,115,0,11
632,705,115,0,11
632,706,115,0,11
632,707,115,0,11
632,708,115,0,11
632,709,115,0,11
632,710,115,0,11
632,711,115,0,11
632,712,115,0,11
632,713,115,0,11
632,714,115,0,11
632,715,115,0,11
632,716,115,0,11
632,717,115,0,11
632,718,115,0,11
632,719,115,0,11
632,720,115,0,11
632,721,115,0,11
632,722,115,0,11
632,723,115,0,11
632,724,115,0,11
649,625,134,0,28
649,626,134,0,28
649,627,134,0,28
649,628,134,0,28
649,629,134,0,28
649,630,134,0,28
649,631,134,0,28
649,632,134,0,28
649,633,134,0,28
649,634,134,0,28
649,635,134,0,28
649,636,134,0,28
649,637,134,0,28
649,638,134,0,28
649,639,134,0,28
649,640,134,0,28
649,641,134,0,28
649,642,134,0,28
649,643,134,0,28
649,644,134,0,28
649,645,134,0,28
649,646,134,0,28
649,647,134,0,28
649,648,134,0,28
649,650,134,0,28
649,651,134,0,28
649,652,134,0,28
649,653,134,0,28
649,654,134,0,28
649,655,134,0,28
649,656,134,0,28
649,657,134,0,28
649,658,134,0,28
649,659,134,0,28
649,660,134,0,28
649,661,134,0,28
649,662,134,0,28
649,663,134,0,28
649,664,134,0,28
649,665,134,0,28
649,666,134,0,28
649,667,134,0,28
649,668,134,0,28
649,669,134,0,28
649,670,134,0,28
649,671,134,0,28
649,672,134,0,28
649,673,134,0,28
649,674,134,0,28
649,675,134,0,28
649,676,134,0,28
649,677,134,0,28
649,678,134,0,28
649,679,134,0,28
649,680,134,0,28
649,681,134,0,28
649,682,134,0,28
649,683,134,0,28
649,684,134,0,28
649,685,134,0,28
649,686,134,0,28
649,687,134,0,28
649,688,134,0,28
649,689,134,0,28
649,690,134,0,28
649,691,134,0,28
649,692,134,0,28
649,693,134,0,28
649,694,134,0,28
649,695,134,0,28
649,696,134,0,28
649,697,134,0,28
649,698,134,0,28
649,699,134,0,28
649,700,134,0,28
649,701,134,0,28
649,702,134,0,28
649,703,134,0,28
649,704,134,0,28
649,705,134,0,28
649,706,134,0,28
649,707,134,0,28
649,708,134,0,28
649,709,134,0,28
649,710,134,0,28
649,711,134,0,28
649,712,134,0,28
649,713,134,0,28
649,714,134,0,28
649,715,134,0,28
649,716,134,0,28
649,717,134,0,28
649,718,134,0,28
649,719,134,0,28
649,720,134,0,28
649,721,134,0,28
649,722,134,0,28
649,723,134,0,28
649,724,134,0,28
676,625,587,0,55
676,626,587,0,55
676,627,587,0,55
676,628,587,0,55
676,629,587,0,55
676,630,587,0,55
676,631,587,0,55
676,632,587,0,55
676,633,587,0,55
676,634,587,0,55
676,635,587,0,55
676,636,587,0,55
676,637,587,0,55
676,638,587,0,55
676,639,587,0,55
676,640,587,0,55
676,641,587,0,55
676,642,587,0,55
676,643,587,0,55
676,644,587,0,55
676,645,587,0,55
676,646,587,0,55
676,647,587,0,55
676,648,587,0,55
676,649,587,0,55
676,650,587,0,55
676,651,587,0,55
676,652,587,0,55
676,653,587,0,55
676,654,587,0,55
676,655,587,0,55
676,656,587,0,55
676,657,587,0,55
676,658,587,0,55
676,659,587,0,55
676,660,587,0,55
676,661,587,0,55
676,662,587,0,55
676,663,587,0,55
676,664,587,0,55
676,665,587,0,55
676,666,587,0,55
676,667,587,0,55
676,668,587,0,55
676,669,587,0,55
676,670,587,0,55
676,671,587,0,55
676,672,587,0,55
676,673,587,0,55
676,674,587,0,55
676,675,587,0,55
676,677,587,0,55
676,678,587,0,55
676,679,587,0,55
676,680,587,0,55
676,681,587,0,55
676,682,587,0,55
676,683,587,0,55
676,684,587,0,55
676,685,587,0,55
676,686,587,0,55
676,687,587,0,55
676,688,587,0,55
676,689,587,0,55
676,690,587,0,55
676,691,587,0,55
676,692,587,0,55
676,693,587,0,55
676,694,587,0,55
676,695,587,0,55
676,696,587,0,55
676,697,587,0,55
676,698,587,0,55
676,699,587,0,55
676,700,587,0,55
676,701,587,0,55
676,702,587,0,55
676,703,587,0,55
676,704,587,0,55
676,705,587,0,55
676,706,587,0,55
676,707,587,0,55
676,708,587,0,55
676,709,587,0,55
676,710,587,0,55
676,711,587,0,55
676,712,587,0,55
676,713,587,0,55
676,714,587,0,55
676,715,587,0,55
676,716,587,0,55
676,717,587,0,55
676,718,587,0,55
676,719,587,0,55
676,720,587,0,55
676,721,587,0,55
676,722,587,0,55
676,723,587,0,55
676,724,587,0,55
691,625,561,0,70
691,626,561,0,70
691,627,561,0,70
691,628,561,0,70
691,629,561,0,70
691,630,561,0,70
691,631,561,0,70
691,632,561,0,70
691,633,561,0,70
691,634,561,0,70
691,635,561,0,70
691,636,561,0,70
691,637,561,0,70
691,638,561,0,70
691,639,561,0,70
691,640,561,0,70
691,641,561,0,70
691,642,561,0,70
691,643,561,0,70
691,644,561,0,70
691,645,561,0,70
691,646,561,0,70
691,647,561,0,70
691,648,561,0,70
691,649,561,0,70
691,650,561,0,70
691,651,561,0,70
691,652,561,0,70
691,653,561,0,70
691,654,561,0,70
691,655,561,0,70
691,656,561,0,70
691,657,561,0,70
691,658,561,0,70
691,659,561,0,70
691,660,561,0,70
691,661,561,0,70
691,662,561,0,70
691,663,561,0,70
691,664,561,0,70
691,665,561,0,70
691,666,561,0,70
691,667,561,0,70
691,668,561,0,70
691,669,561,0,70
691,670,561,0,70
691,671,561,0,70
691,672,561,0,70
691,673,561,0,70
691,674,561,0,70
691,675,561,0,70
691,676,561,0,70
691,677,561,0,70
691,678,561,0,70
691,679,561,0,70
691,680,561,0,70
691,681,561,0,70
691,682,561,0,70
691,683,561,0,70
691,684,561,0,70
691,685,561,0,70
691,686,561,0,70
691,687,561,0,70
691,688,561,0,70
691,689,561,0,70
691,690,561,0,70
691,692,561,0,70
691,693,561,0,70
691,694,561,0,70
691,695,561,0,70
691,696,561,0,70
691,697,561,0,70
691,698,561,0,70
691,699,561,0,70
691,700,561,0,70
691,701,561,0,70
691,702,561,0,70
691,703,561,0,70
691,704,561,0,70
691,705,561,0,70
691,706,561,0,70
691,707,561,0,70
691,708,561,0,70
691,709,561,0,70
691,710,561,0,70
691,711,561,0,70
691,712,561,0,70
691,713,561,0,70
691,714,561,0,70
691,715,561,0,70
691,716,561,0,70
691,717,561,0,70
691,718,561,0,70
691,719,561,0,70
691,720,561,0,70
691,721,561,0,70
691,722,561,0,70
691,723,561,0,70
691,724,561,0,70
694,625,57,0,73
694,626,57,0,73
694,627,57,0,73
694,628,57,0,73
694,629,57,0,73
694,630,57,0,73
694,631,57,0,73
694,632,57,0,73
694,633,57,0,73
694,634,57,0,73
694,635,57,0,73
694,636,57,0,73
694,637,57,0,73
694,638,57,0,73
694,639,57,0,73
694,640,57,0,73
694,641,57,0,73
694,642,57,0,73
694,643,57,0,73
694,644,57,0,73
694,645,57,0,73
694,646,57,0,73
694,647,57,0,73
694,648,57,0,73
694,649,57,0,73
694,650,57,0,73
694,651,57,0,73
694,652,57,0,73
694,653,57,0,73
694,654,57,0,73
694,655,57,0,73
694,656,57,0,73
694,657,57,0,73
694,658,57,0,73
694,659,57,0,73
694,660,57,0,73
694,661,57,0,73
694,662,57,0,73
694,663,57,0,73
694,664,57,0,73
694,665,57,0,73
694,666,57,0,73
694,667,57,0,73
694,668,57,0,73
694,669,57,0,73
694,670,57,0,73
694,671,57,0,73
694,672,57,0,73
694,673,57,0,73
694,674,57,0,73
694,675,57,0,73
694,676,57,0,73
694,677,57,0,73
694,678,57,0,73
694,679,57,0,73
694,680,57,0,73
694,681,57,0,73
694,682,57,0,73
694,683,57,0,73
694,684,57,0,73
694,685,57,0,73
694,686,57,0,73
694,687,57,0,73
694,688,57,0,73
694,689,57,0,73
694,690,57,0,73
694,691,57,0,73
694,692,57,0,73
694,693,57,0,73
694,695,57,0,73
694,696,57,0,73
694,697,57,0,73
694,698,57,0,73
694,699,57,0,73
694,700,57,0,73
694,701,57,0,73
694,702,57,0,73
694,703,57,0,73
694,704,57,0,73
694,705,57,0,73
694,706,57,0,73
694,707,57,0,73
694,708,57,0,73
694,709,57,0,73
694,710,57,0,73
694,711,57,0,73
694,712,57,0,73
694,713,57,0,73
694,714,57,0,73
694,715,57,0,73
694,716,57,0,73
694,717,57,0,73
694,718,57,0,73
694,719,57,0,73
694,720,57,0,73
694,721,57,0,73
694,722,57,0,73
694,723,57,0,73
694,724,57,0,73
715,625,327,0,94
715,626,327,0,94
715,627,327,0,94
715,628,327,0,94
715,629,327,0,94
715,630,327,0,94
715,631,327,0,94
715,632,327,0,94
715,633,327,0,94
715,634,327,0,94
715,635,327,0,94
715,636,327,0,94
715,637,327,0,94
715,638,327,0,94
715,639,327,0,94
715,640,327,0,94
715,641,327,0,94
715,642,327,0,94
715,643,327,0,94
715,644,327,0,94
715,645,327,0,94
715,646,327,0,94
715,647,327,0,94
715,648,327,0,94
715,649,327,0,94
715,650,327,0,94
715,651,327,0,94
715,652,327,0,94
715,653,327,0,94
715,654,327,0,94
715,655,327,0,94
715,656,327,0,94
715,657,327,0,94
715,658,327,0,94
715,659,327,0,94
715,660,327,0,94
715,661,327,0,94
715,662,327,0,94
715,663,327,0,94
715,664,327,0,94
715,665,327,0,94
715,666,327,0,94
715,667,327,0,94
715,668,327,0,94
715,669,327,0,94
715,670,327,0,94
715,671,327,0,94
715,672,327,0,94
715,673,327,0,94
715,674,327,0,94
715,675,327,0,94
715,676,327,0,94
715,677,327,0,94
715,678,327,0,94
715,679,327,0,94
715,680,327,0,94
715,681,327,0,94
715,682,327,0,94
715,683,327,0,94
715,684,327,0,94
715,685,327,0,94
715,686,327,0,94
715,687,327,0,94
715,688,327,0,94
715,689,327,0,94
715,690,327,0,94
715,691,327,0,94
715,692,327,0,94
715,693,327,0,94
715,694,327,0,94
715,695,327,0,94
715,696,327,0,94
715,697,327,0,94
715,698,327,0,94
715,699,327,0,94
715,700,327,0,94
715,701,327,0,94
715,702,327,0,94
715,703,327,0,94
715,704,327,0,94
715,705,327,0,94
715,706,327,0,94
715,707,327,0,94
715,708,327,0,94
715,709,327,0,94
715,710,327,0,94
715,711,327,0,94
715,712,327,0,94
715,713,327,0,94
715,714,327,0,94
715,716,327,0,94
715,717,327,0,94
715,718,327,0,94
715,719,327,0,94
715,720,327,0,94
715,721,327,0,94
715,722,327,0,94
715,723,327,0,94
715,724,327,0,94
