0,662,24,2,1
0,691,24,2,1
1,662,0,0,0
1,691,0,0,0
2,648,3,1,0
2,662,3,1,0
2,671,3,1,0
2,676,3,1,0
2,691,3,1,0
2,699,3,1,0
3,662,4,1,0
3,691,4,1,0
4,662,5,1,0
4,673,5,1,0
4,691,5,1,0
4,720,29,2,0
5,649,605,3,3
5,657,657,36,0
5,662,6,1,0
5,665,6,1,0
5,673,6,1,0
5,679,6,1,0
5,691,6,1,0
6,649,606,3,3
6,657,5,0,1
6,662,7,1,0
6,673,7,1,0
6,679,7,1,0
6,691,7,1,0
7,638,8,1,0
7,649,607,3,3
7,655,32,2,0
7,657,6,0,1
7,662,8,1,0
7,664,32,2,0
7,673,8,1,0
7,679,8,1,0
7,691,8,1,0
7,701,8,1,0
8,649,608,3,3
8,657,7,0,1
8,662,608,3,3
8,679,608,3,3
8,691,608,3,3
8,701,9,1,0
9,638,609,3,3
9,649,8,0,1
9,662,609,3,3
9,664,8,0,1
9,673,34,2,0
9,679,609,3,3
9,691,609,3,3
9,701,701,80,0
10,638,610,3,3
10,649,9,0,1
10,662,610,3,3
10,673,35,2,0
10,679,610,3,3
10,691,610,3,3
11,649,10,0,1
11,662,611,3,3
11,665,36,2,0
11,673,36,2,0
11,691,611,3,3
12,662,612,3,3
12,673,37,2,0
12,691,612,3,3
13,662,613,3,3
13,691,613,3,3
14,648,614,3,3
14,662,614,3,3
14,671,614,3,3
14,676,614,3,3
14,691,614,3,3
14,699,39,2,0
15,662,615,3,3
15,691,615,3,3
16,662,616,3,3
16,691,616,3,3
17,662,617,3,3
17,665,42,2,0
17,673,42,2,0
17,691,617,3,3
17,720,18,1,0
18,649,19,1,0
18,657,19,1,0
18,662,618,3,3
18,673,43,2,0
18,679,17,0,1
18,691,618,3,3
19,638,619,3,3
19,649,20,1,0
19,662,619,3,3
19,673,44,2,0
19,679,619,3,3
19,691,619,3,3
20,649,620,3,3
20,655,45,2,0
20,657,21,1,0
20,662,620,3,3
20,679,620,3,3
20,691,620,3,3
20,701,19,0,1
21,638,20,0,1
21,649,621,3,3
21,655,46,2,0
21,657,22,1,0
21,662,20,0,1
21,664,46,2,0
21,673,20,0,1
21,679,20,0,1
21,691,20,0,1
21,701,20,0,1
22,638,21,0,1
22,649,622,3,3
22,657,23,1,0
22,662,21,0,1
22,673,21,0,1
22,679,21,0,1
22,691,21,0,1
23,649,623,3,3
23,662,22,0,1
23,673,22,0,1
23,679,24,1,0
23,691,22,0,1
24,662,23,0,1
24,673,23,0,1
24,691,23,0,1
24,720,49,2,0
25,662,49,3,2
25,691,49,3,2
26,662,25,1,1
26,691,25,1,1
27,648,28,2,1
27,662,28,2,1
27,671,28,2,1
27,676,28,2,1
27,691,28,2,1
27,699,28,2,1
28,662,29,2,1
28,691,29,2,1
29,662,30,2,1
29,673,30,2,1
29,691,30,2,1
29,720,54,3,0
30,649,55,3,0
30,657,5,0,2
30,662,31,2,1
30,665,31,2,1
30,673,31,2,1
30,679,31,2,1
30,691,31,2,1
31,649,56,3,0
31,662,32,2,1
31,673,32,2,1
31,679,32,2,1
31,691,32,2,1
32,638,33,2,1
32,649,57,3,0
32,655,57,3,0
32,662,33,2,1
32,664,57,3,0
32,673,33,2,1
32,679,33,2,1
32,691,33,2,1
32,701,33,2,1
33,662,8,0,2
33,673,34,2,1
33,679,8,0,2
33,691,8,0,2
33,701,8,0,2
34,638,9,0,2
34,649,33,1,2
34,662,9,0,2
34,664,33,1,2
34,673,35,2,1
34,679,9,0,2
34,691,9,0,2
34,701,9,0,2
35,638,10,0,2
35,649,34,1,2
35,662,10,0,2
35,673,36,2,1
35,679,10,0,2
35,691,10,0,2
36,649,35,1,2
36,662,11,0,2
36,665,61,3,0
36,673,37,2,1
36,691,11,0,2
37,662,12,0,2
37,673,673,52,0
37,691,12,0,2
38,662,13,0,2
38,691,13,0,2
39,648,14,0,2
39,662,14,0,2
39,671,14,0,2
39,676,14,0,2
39,691,14,0,2
39,699,64,3,0
40,662,15,0,2
40,691,15,0,2
41,662,16,0,2
41,691,16,0,2
42,662,17,0,2
42,665,67,3,0
42,673,41,1,2
42,691,17,0,2
42,720,43,2,1
43,649,44,2,1
43,657,44,2,1
43,662,18,0,2
43,673,42,1,2
43,679,42,1,2
43,691,18,0,2
44,638,19,0,2
44,649,45,2,1
44,662,19,0,2
44,673,43,1,2
44,679,19,0,2
44,691,19,0,2
45,655,70,3,0
45,662,20,0,2
45,673,44,1,2
45,679,20,0,2
45,691,20,0,2
45,701,20,0,2
46,638,45,1,2
46,649,71,3,0
46,655,71,3,0
46,662,45,1,2
46,664,71,3,0
46,673,45,1,2
46,679,45,1,2
46,691,45,1,2
46,701,45,1,2
47,638,46,1,2
47,649,72,3,0
47,662,46,1,2
47,673,46,1,2
47,679,46,1,2
47,691,46,1,2
48,649,73,3,0
48,657,23,0,2
48,662,47,1,2
48,673,47,1,2
48,691,47,1,2
49,662,48,1,2
49,673,48,1,2
49,691,48,1,2
49,720,74,3,0
50,662,74,3,2
50,691,74,3,2
51,662,50,1,1
51,691,50,1,1
52,648,53,2,1
52,662,53,2,1
52,671,53,2,1
52,676,53,2,1
52,691,53,2,1
52,699,53,2,1
53,662,54,2,1
53,691,54,2,1
54,662,55,2,1
54,673,55,2,1
54,691,55,2,1
54,720,79,3,0
55,649,80,3,0
55,657,30,0,3
55,662,56,2,1
55,665,56,2,1
55,673,56,2,1
55,679,56,2,1
55,691,56,2,1
56,649,81,3,0
56,662,57,2,1
56,673,57,2,1
56,679,57,2,1
56,691,57,2,1
57,638,58,2,1
57,649,82,3,0
57,655,82,3,0
57,662,58,2,1
57,664,82,3,0
57,673,58,2,1
57,679,58,2,1
57,691,58,2,1
57,701,58,2,1
58,655,83,3,0
58,662,33,0,3
58,673,33,0,3
58,690,83,3,0
58,691,33,0,3
58,701,33,0,3
59,638,34,0,3
59,649,58,1,2
59,662,34,0,3
59,664,58,1,2
59,673,34,0,3
59,679,34,0,3
59,690,84,3,0
59,691,34,0,3
59,701,34,0,3
60,638,35,0,3
60,649,59,1,2
60,662,35,0,3
60,673,35,0,3
60,679,35,0,3
60,690,85,3,0
60,691,35,0,3
61,649,60,1,2
61,662,36,0,3
61,665,86,3,0
61,673,36,0,3
61,690,86,3,0
61,691,36,0,3
62,662,37,0,3
62,673,37,0,3
62,690,87,3,0
62,691,37,0,3
63,662,38,0,3
63,690,88,3,0
63,691,38,0,3
64,648,39,0,3
64,662,39,0,3
64,671,39,0,3
64,676,39,0,3
64,691,39,0,3
64,699,89,3,0
65,662,40,0,3
65,690,90,3,0
65,691,40,0,3
66,662,41,0,3
66,690,91,3,0
66,691,41,0,3
67,662,42,0,3
67,665,92,3,0
67,673,42,0,3
67,690,92,3,0
67,691,42,0,3
67,720,68,2,1
68,649,69,2,1
68,657,69,2,1
68,662,43,0,3
68,673,43,0,3
68,679,67,1,2
68,690,93,3,0
68,691,43,0,3
69,638,44,0,3
69,649,70,2,1
69,662,44,0,3
69,673,44,0,3
69,679,44,0,3
69,690,94,3,0
69,691,44,0,3
70,655,95,3,0
70,662,45,0,3
70,673,45,0,3
70,690,95,3,0
70,691,45,0,3
70,701,45,0,3
71,638,70,1,2
71,649,96,3,0
71,655,96,3,0
71,662,70,1,2
71,664,96,3,0
71,673,70,1,2
71,679,70,1,2
71,691,70,1,2
71,701,70,1,2
72,638,71,1,2
72,649,97,3,0
72,662,71,1,2
72,673,71,1,2
72,679,71,1,2
72,691,71,1,2
73,649,98,3,0
73,657,48,0,3
73,662,72,1,2
73,673,72,1,2
73,679,74,2,1
73,691,72,1,2
74,662,73,1,2
74,673,73,1,2
74,691,73,1,2
74,720,99,3,0
75,662,99,3,2
75,691,99,3,2
76,662,75,1,1
76,691,75,1,1
77,648,78,2,1
77,662,78,2,1
77,671,78,2,1
77,676,78,2,1
77,691,78,2,1
77,699,78,2,1
78,662,79,2,1
78,691,79,2,1
79,662,80,2,1
79,673,80,2,1
79,691,80,2,1
79,720,104,3,0
80,649,105,3,0
80,657,55,0,3
80,662,81,2,1
80,665,81,2,1
80,673,81,2,1
80,679,81,2,1
80,691,81,2,1
81,649,106,3,0
81,662,82,2,1
81,673,82,2,1
81,679,82,2,1
81,691,82,2,1
82,638,83,2,1
82,649,107,3,0
82,655,107,3,0
82,662,83,2,1
82,664,107,3,0
82,673,83,2,1
82,679,83,2,1
82,691,83,2,1
82,701,83,2,1
83,638,108,3,0
83,655,108,3,0
83,662,58,0,3
83,673,58,0,3
83,691,58,0,3
83,699,108,3,0
83,701,58,0,3
84,638,109,3,0
84,649,83,1,2
84,662,59,0,3
84,664,83,1,2
84,673,59,0,3
84,679,59,0,3
84,691,59,0,3
84,699,109,3,0
84,701,59,0,3
85,638,110,3,0
85,649,84,1,2
85,662,60,0,3
85,673,60,0,3
85,679,60,0,3
85,691,60,0,3
85,699,110,3,0
86,649,85,1,2
86,662,61,0,3
86,665,111,3,0
86,673,61,0,3
86,691,61,0,3
86,699,111,3,0
87,662,62,0,3
87,673,62,0,3
87,691,62,0,3
87,699,112,3,0
88,662,63,0,3
88,691,63,0,3
88,699,113,3,0
89,648,64,0,3
89,662,64,0,3
89,671,64,0,3
89,676,64,0,3
89,691,64,0,3
89,699,114,3,0
90,662,65,0,3
90,691,65,0,3
90,699,115,3,0
91,662,66,0,3
91,691,66,0,3
91,699,116,3,0
92,662,67,0,3
92,665,117,3,0
92,673,67,0,3
92,691,67,0,3
92,699,117,3,0
92,720,93,2,1
93,649,94,2,1
93,657,94,2,1
93,662,68,0,3
93,673,68,0,3
93,679,92,1,2
93,691,68,0,3
93,699,118,3,0
94,638,119,3,0
94,649,95,2,1
94,662,69,0,3
94,673,69,0,3
94,679,69,0,3
94,691,69,0,3
94,699,119,3,0
95,638,120,3,0
95,655,120,3,0
95,662,70,0,3
95,673,70,0,3
95,691,70,0,3
95,699,120,3,0
95,701,70,0,3
96,638,95,1,2
96,649,121,3,0
96,655,121,3,0
96,662,95,1,2
96,664,121,3,0
96,673,95,1,2
96,679,95,1,2
96,691,95,1,2
96,701,95,1,2
97,638,96,1,2
97,649,122,3,0
97,662,96,1,2
97,673,96,1,2
97,679,96,1,2
97,691,96,1,2
98,649,123,3,0
98,657,73,0,3
98,662,97,1,2
98,673,97,1,2
98,679,99,2,1
98,691,97,1,2
99,662,98,1,2
99,673,98,1,2
99,691,98,1,2
99,720,124,3,0
100,662,124,3,2
100,691,124,3,2
101,662,100,1,1
101,691,100,1,1
102,648,103,2,1
102,662,103,2,1
102,671,103,2,1
102,676,103,2,1
102,691,103,2,1
102,699,103,2,1
103,662,104,2,1
103,691,104,2,1
104,662,105,2,1
104,673,105,2,1
104,691,105,2,1
104,720,129,3,0
105,649,130,3,0
105,657,80,0,3
105,662,106,2,1
105,665,106,2,1
105,673,106,2,1
105,679,106,2,1
105,691,106,2,1
106,649,131,3,0
106,662,107,2,1
106,673,107,2,1
106,679,107,2,1
106,691,107,2,1
107,638,108,2,1
107,649,132,3,0
107,655,655,34,0
107,662,108,2,1
107,664,132,3,0
107,673,108,2,1
107,679,108,2,1
107,691,108,2,1
107,701,108,2,1
108,638,133,3,0
108,655,107,1,2
108,662,83,0,3
108,664,133,3,0
108,673,83,0,3
108,691,83,0,3
108,699,109,2,1
108,701,83,0,3
109,638,134,3,0
109,649,108,1,2
109,662,84,0,3
109,664,108,1,2
109,673,84,0,3
109,679,84,0,3
109,691,84,0,3
109,699,110,2,1
109,701,84,0,3
110,638,135,3,0
110,649,109,1,2
110,662,85,0,3
110,673,85,0,3
110,679,85,0,3
110,691,85,0,3
110,699,111,2,1
111,649,110,1,2
111,662,86,0,3
111,665,136,3,0
111,673,86,0,3
111,691,86,0,3
111,699,112,2,1
112,662,87,0,3
112,673,87,0,3
112,691,87,0,3
112,699,113,2,1
113,662,88,0,3
113,691,88,0,3
113,699,114,2,1
114,648,139,3,0
114,662,89,0,3
114,671,89,0,3
114,676,89,0,3
114,691,89,0,3
114,699,699,78,0
115,662,90,0,3
115,691,90,0,3
115,699,114,1,2
116,662,91,0,3
116,691,91,0,3
116,699,115,1,2
117,662,92,0,3
117,665,142,3,0
117,673,92,0,3
117,691,92,0,3
117,699,116,1,2
117,720,118,2,1
118,649,119,2,1
118,657,119,2,1
118,662,93,0,3
118,673,93,0,3
118,679,117,1,2
118,691,93,0,3
118,699,117,1,2
119,638,144,3,0
119,649,120,2,1
119,662,94,0,3
119,673,94,0,3
119,679,94,0,3
119,691,94,0,3
119,699,118,1,2
120,638,145,3,0
120,655,121,2,1
120,662,95,0,3
120,664,145,3,0
120,673,95,0,3
120,691,95,0,3
120,699,119,1,2
120,701,95,0,3
121,638,120,1,2
121,649,146,3,0
121,662,120,1,2
121,664,146,3,0
121,673,120,1,2
121,679,120,1,2
121,691,120,1,2
121,701,120,1,2
122,638,121,1,2
122,649,147,3,0
122,662,121,1,2
122,673,121,1,2
122,679,121,1,2
122,691,121,1,2
123,649,148,3,0
123,657,98,0,3
123,662,122,1,2
123,673,122,1,2
123,679,124,2,1
123,691,122,1,2
124,662,123,1,2
124,673,123,1,2
124,691,123,1,2
124,720,149,3,0
125,662,149,3,2
125,691,149,3,2
126,662,125,1,1
126,691,125,1,1
127,648,128,2,1
127,662,128,2,1
127,671,128,2,1
127,676,128,2,1
127,691,128,2,1
127,699,128,2,1
128,662,129,2,1
128,691,129,2,1
129,662,130,2,1
129,673,130,2,1
129,691,130,2,1
129,720,154,3,0
130,649,155,3,0
130,657,105,0,3
130,662,131,2,1
130,665,131,2,1
130,673,131,2,1
130,679,131,2,1
130,691,131,2,1
131,649,156,3,0
131,662,132,2,1
131,673,132,2,1
131,679,132,2,1
131,691,132,2,1
132,638,133,2,1
132,649,157,3,0
132,655,107,0,3
132,662,133,2,1
132,664,157,3,0
132,673,133,2,1
132,679,133,2,1
132,691,133,2,1
132,701,133,2,1
133,638,158,3,0
133,649,158,3,0
133,662,108,0,3
133,664,158,3,0
133,665,158,3,0
133,673,108,0,3
133,691,108,0,3
134,638,159,3,0
134,649,133,1,2
134,662,109,0,3
134,664,133,1,2
134,665,159,3,0
134,673,109,0,3
134,679,109,0,3
134,691,109,0,3
134,701,109,0,3
135,638,160,3,0
135,649,134,1,2
135,662,110,0,3
135,665,160,3,0
135,673,110,0,3
135,679,110,0,3
135,691,110,0,3
136,649,135,1,2
136,662,111,0,3
136,665,161,3,0
136,673,111,0,3
136,691,111,0,3
137,662,112,0,3
137,673,112,0,3
137,691,112,0,3
138,662,113,0,3
138,691,113,0,3
139,648,164,3,0
139,662,114,0,3
139,671,114,0,3
139,676,114,0,3
139,691,114,0,3
139,699,114,0,3
140,662,115,0,3
140,691,115,0,3
141,662,116,0,3
141,691,116,0,3
142,662,117,0,3
142,665,167,3,0
142,673,117,0,3
142,691,117,0,3
142,720,143,2,1
143,649,144,2,1
143,657,144,2,1
143,662,118,0,3
143,665,168,3,0
143,673,118,0,3
143,679,142,1,2
143,691,118,0,3
144,638,169,3,0
144,649,145,2,1
144,662,119,0,3
144,665,169,3,0
144,673,119,0,3
144,679,119,0,3
144,691,119,0,3
145,638,170,3,0
145,649,170,3,0
145,655,120,0,3
145,662,120,0,3
145,664,170,3,0
145,665,170,3,0
145,673,120,0,3
145,691,120,0,3
146,638,145,1,2
146,649,171,3,0
146,655,121,0,3
146,662,145,1,2
146,664,171,3,0
146,673,145,1,2
146,679,145,1,2
146,691,145,1,2
146,701,145,1,2
147,638,146,1,2
147,649,172,3,0
147,662,146,1,2
147,673,146,1,2
147,679,146,1,2
147,691,146,1,2
148,649,173,3,0
148,657,123,0,3
148,662,147,1,2
148,673,147,1,2
148,679,149,2,1
148,691,147,1,2
149,662,148,1,2
149,673,148,1,2
149,691,148,1,2
149,720,174,3,0
150,662,174,3,2
150,691,174,3,2
151,662,150,1,1
151,691,150,1,1
152,648,153,2,1
152,662,153,2,1
152,671,153,2,1
152,676,153,2,1
152,691,153,2,1
152,699,153,2,1
153,662,154,2,1
153,691,154,2,1
154,662,155,2,1
154,673,155,2,1
154,691,155,2,1
154,720,179,3,0
155,649,180,3,0
155,657,130,0,3
155,662,156,2,1
155,665,156,2,1
155,673,156,2,1
155,679,156,2,1
155,691,156,2,1
156,649,181,3,0
156,662,157,2,1
156,673,157,2,1
156,679,157,2,1
156,691,157,2,1
157,638,158,2,1
157,649,182,3,0
157,655,132,0,3
157,662,158,2,1
157,664,182,3,0
157,673,158,2,1
157,679,158,2,1
157,691,158,2,1
157,701,158,2,1
158,638,183,3,0
158,649,183,3,0
158,662,183,3,0
158,664,183,3,0
158,665,159,2,1
158,673,133,0,3
158,679,183,3,0
158,691,133,0,3
159,638,184,3,0
159,649,158,1,2
159,662,184,3,0
159,664,158,1,2
159,665,160,2,1
159,673,134,0,3
159,679,184,3,0
159,691,134,0,3
159,701,134,0,3
160,638,185,3,0
160,649,159,1,2
160,662,185,3,0
160,665,161,2,1
160,673,135,0,3
160,679,185,3,0
160,691,135,0,3
161,649,160,1,2
161,662,186,3,0
161,673,136,0,3
161,691,136,0,3
162,662,187,3,0
162,673,137,0,3
162,691,137,0,3
163,662,188,3,0
163,691,138,0,3
164,648,189,3,0
164,662,189,3,0
164,671,139,0,3
164,676,139,0,3
164,691,139,0,3
164,699,139,0,3
165,662,190,3,0
165,691,140,0,3
166,662,191,3,0
166,691,141,0,3
167,662,192,3,0
167,665,665,44,0
167,673,142,0,3
167,691,142,0,3
167,720,168,2,1
168,649,169,2,1
168,657,169,2,1
168,662,193,3,0
168,665,167,1,2
168,673,143,0,3
168,679,167,1,2
168,691,143,0,3
169,638,194,3,0
169,649,170,2,1
169,662,194,3,0
169,665,168,1,2
169,673,144,0,3
169,679,194,3,0
169,691,144,0,3
170,638,195,3,0
170,649,195,3,0
170,655,145,0,3
170,662,195,3,0
170,664,195,3,0
170,665,169,1,2
170,673,145,0,3
170,679,195,3,0
170,691,145,0,3
171,638,170,1,2
171,649,196,3,0
171,655,146,0,3
171,662,170,1,2
171,664,196,3,0
171,673,170,1,2
171,679,170,1,2
171,691,170,1,2
171,701,170,1,2
172,638,171,1,2
172,649,197,3,0
172,662,171,1,2
172,673,171,1,2
172,679,171,1,2
172,691,171,1,2
173,649,198,3,0
173,657,148,0,3
173,662,172,1,2
173,673,172,1,2
173,679,174,2,1
173,691,172,1,2
174,662,173,1,2
174,673,173,1,2
174,691,173,1,2
174,720,199,3,0
175,662,199,3,2
175,691,199,3,2
176,662,175,1,1
176,691,175,1,1
177,648,178,2,1
177,662,178,2,1
177,671,178,2,1
177,676,178,2,1
177,691,178,2,1
177,699,178,2,1
178,662,179,2,1
178,691,179,2,1
179,662,180,2,1
179,673,180,2,1
179,691,180,2,1
179,720,204,3,0
180,649,205,3,0
180,657,155,0,3
180,662,181,2,1
180,665,181,2,1
180,673,181,2,1
180,679,181,2,1
180,691,181,2,1
181,649,206,3,0
181,662,182,2,1
181,673,182,2,1
181,679,182,2,1
181,691,182,2,1
182,638,183,2,1
182,649,207,3,0
182,655,157,0,3
182,662,183,2,1
182,664,664,43,0
182,673,183,2,1
182,679,183,2,1
182,691,183,2,1
182,701,183,2,1
183,638,208,3,0
183,649,208,3,0
183,662,208,3,0
183,664,182,1,2
183,673,158,0,3
183,679,208,3,0
183,691,158,0,3
184,638,209,3,0
184,649,183,1,2
184,662,209,3,0
184,664,183,1,2
184,673,159,0,3
184,679,209,3,0
184,691,159,0,3
184,701,159,0,3
185,638,210,3,0
185,649,184,1,2
185,662,210,3,0
185,673,160,0,3
185,679,210,3,0
185,691,160,0,3
186,649,185,1,2
186,662,211,3,0
186,665,161,0,3
186,673,161,0,3
186,691,161,0,3
187,662,212,3,0
187,673,162,0,3
187,691,162,0,3
188,662,213,3,0
188,691,163,0,3
189,648,214,3,0
189,662,214,3,0
189,671,164,0,3
189,676,164,0,3
189,691,164,0,3
189,699,164,0,3
190,662,215,3,0
190,691,165,0,3
191,662,216,3,0
191,691,166,0,3
192,662,217,3,0
192,665,167,0,3
192,673,167,0,3
192,691,167,0,3
192,720,193,2,1
193,649,194,2,1
193,657,194,2,1
193,662,218,3,0
193,673,168,0,3
193,679,192,1,2
193,691,168,0,3
194,638,219,3,0
194,649,195,2,1
194,662,219,3,0
194,673,169,0,3
194,679,219,3,0
194,691,169,0,3
195,638,220,3,0
195,649,220,3,0
195,655,170,0,3
195,662,220,3,0
195,664,196,2,1
195,673,170,0,3
195,679,220,3,0
195,691,170,0,3
196,638,195,1,2
196,649,221,3,0
196,655,171,0,3
196,662,195,1,2
196,664,197,2,1
196,673,195,1,2
196,679,195,1,2
196,691,195,1,2
196,701,195,1,2
197,638,196,1,2
197,649,222,3,0
197,662,196,1,2
197,673,196,1,2
197,679,196,1,2
197,691,196,1,2
198,649,223,3,0
198,657,173,0,3
198,662,197,1,2
198,673,197,1,2
198,679,199,2,1
198,691,197,1,2
199,662,198,1,2
199,673,198,1,2
199,691,198,1,2
199,720,224,3,0
200,662,224,3,2
200,691,224,3,2
201,662,200,1,1
201,691,200,1,1
202,648,203,2,1
202,662,203,2,1
202,671,203,2,1
202,676,203,2,1
202,691,203,2,1
202,699,203,2,1
203,662,204,2,1
203,691,204,2,1
204,662,205,2,1
204,673,205,2,1
204,691,205,2,1
204,720,229,3,0
205,649,230,3,0
205,657,180,0,3
205,662,206,2,1
205,665,206,2,1
205,673,206,2,1
205,679,206,2,1
205,691,206,2,1
206,649,231,3,0
206,662,207,2,1
206,673,207,2,1
206,679,207,2,1
206,691,207,2,1
207,638,208,2,1
207,649,232,3,0
207,655,182,0,3
207,662,208,2,1
207,664,182,0,3
207,673,208,2,1
207,679,208,2,1
207,691,208,2,1
207,701,208,2,1
208,649,233,3,0
208,662,233,3,0
208,673,183,0,3
208,679,233,3,0
208,691,183,0,3
209,638,234,3,0
209,649,208,1,2
209,662,234,3,0
209,664,208,1,2
209,673,184,0,3
209,679,234,3,0
209,691,184,0,3
209,701,184,0,3
210,638,235,3,0
210,649,209,1,2
210,662,235,3,0
210,673,185,0,3
210,679,235,3,0
210,691,185,0,3
211,649,210,1,2
211,662,236,3,0
211,665,186,0,3
211,673,186,0,3
211,691,186,0,3
212,662,237,3,0
212,673,187,0,3
212,691,187,0,3
213,662,238,3,0
213,691,188,0,3
214,648,239,3,0
214,662,239,3,0
214,671,189,0,3
214,676,189,0,3
214,691,189,0,3
214,699,189,0,3
215,662,240,3,0
215,691,190,0,3
216,662,241,3,0
216,691,191,0,3
217,662,242,3,0
217,665,192,0,3
217,673,192,0,3
217,691,192,0,3
217,720,218,2,1
218,649,219,2,1
218,657,219,2,1
218,662,243,3,0
218,673,193,0,3
218,679,217,1,2
218,691,193,0,3
219,638,244,3,0
219,649,220,2,1
219,662,244,3,0
219,673,194,0,3
219,679,244,3,0
219,691,194,0,3
220,649,245,3,0
220,655,195,0,3
220,662,245,3,0
220,673,195,0,3
220,679,245,3,0
220,691,195,0,3
221,638,220,1,2
221,649,246,3,0
221,655,196,0,3
221,662,220,1,2
221,664,196,0,3
221,673,220,1,2
221,679,220,1,2
221,691,220,1,2
221,701,220,1,2
222,638,221,1,2
222,649,247,3,0
222,662,221,1,2
222,673,221,1,2
222,679,221,1,2
222,691,221,1,2
223,649,248,3,0
223,657,198,0,3
223,662,222,1,2
223,673,222,1,2
223,679,224,2,1
223,691,222,1,2
224,662,223,1,2
224,673,223,1,2
224,691,223,1,2
224,720,249,3,0
225,662,249,3,2
225,691,249,3,2
226,662,225,1,1
226,691,225,1,1
227,648,228,2,1
227,662,228,2,1
227,671,228,2,1
227,676,228,2,1
227,691,228,2,1
227,699,228,2,1
228,662,229,2,1
228,691,229,2,1
229,662,230,2,1
229,673,230,2,1
229,691,230,2,1
229,720,254,3,0
230,649,255,3,0
230,657,205,0,3
230,662,231,2,1
230,665,231,2,1
230,673,231,2,1
230,679,231,2,1
230,691,231,2,1
231,649,256,3,0
231,662,232,2,1
231,673,232,2,1
231,679,232,2,1
231,691,232,2,1
232,638,233,2,1
232,649,257,3,0
232,655,207,0,3
232,662,233,2,1
232,664,207,0,3
232,673,233,2,1
232,679,233,2,1
232,691,233,2,1
232,701,233,2,1
233,649,258,3,0
233,662,258,3,0
233,673,208,0,3
233,679,258,3,0
233,691,258,3,0
234,638,259,3,0
234,649,233,1,2
234,662,259,3,0
234,664,233,1,2
234,673,209,0,3
234,679,259,3,0
234,691,259,3,0
234,701,209,0,3
235,638,260,3,0
235,649,234,1,2
235,662,260,3,0
235,673,210,0,3
235,679,260,3,0
235,691,260,3,0
236,649,235,1,2
236,662,261,3,0
236,665,211,0,3
236,673,211,0,3
236,691,261,3,0
237,662,262,3,0
237,673,212,0,3
237,691,262,3,0
238,662,263,3,0
238,691,263,3,0
239,648,264,3,0
239,662,264,3,0
239,671,214,0,3
239,676,214,0,3
239,691,264,3,0
239,699,214,0,3
240,662,265,3,0
240,691,265,3,0
241,662,266,3,0
241,691,266,3,0
242,662,267,3,0
242,665,217,0,3
242,673,217,0,3
242,691,267,3,0
242,720,243,2,1
243,649,244,2,1
243,657,244,2,1
243,662,268,3,0
243,673,218,0,3
243,679,242,1,2
243,691,268,3,0
244,638,269,3,0
244,649,245,2,1
244,662,269,3,0
244,673,219,0,3
244,679,269,3,0
244,691,269,3,0
245,649,270,3,0
245,655,220,0,3
245,662,270,3,0
245,673,220,0,3
245,679,270,3,0
245,691,270,3,0
246,638,245,1,2
246,649,271,3,0
246,655,221,0,3
246,662,245,1,2
246,664,221,0,3
246,673,245,1,2
246,679,245,1,2
246,691,245,1,2
246,701,245,1,2
247,638,246,1,2
247,649,272,3,0
247,662,246,1,2
247,673,246,1,2
247,679,246,1,2
247,691,246,1,2
248,649,273,3,0
248,657,223,0,3
248,662,247,1,2
248,673,247,1,2
248,679,249,2,1
248,691,247,1,2
249,662,248,1,2
249,673,248,1,2
249,691,248,1,2
249,720,274,3,0
250,662,274,3,2
250,691,274,3,2
251,662,250,1,1
251,691,250,1,1
252,648,253,2,1
252,662,253,2,1
252,671,253,2,1
252,676,253,2,1
252,691,253,2,1
252,699,253,2,1
253,662,254,2,1
253,691,254,2,1
254,662,255,2,1
254,673,255,2,1
254,691,255,2,1
254,720,279,3,0
255,649,280,3,0
255,657,230,0,3
255,662,256,2,1
255,665,256,2,1
255,673,256,2,1
255,679,256,2,1
255,691,256,2,1
256,649,281,3,0
256,662,257,2,1
256,673,257,2,1
256,679,257,2,1
256,691,257,2,1
257,638,258,2,1
257,649,282,3,0
257,655,232,0,3
257,662,258,2,1
257,664,232,0,3
257,673,258,2,1
257,679,258,2,1
257,691,258,2,1
257,701,258,2,1
258,649,283,3,0
258,662,283,3,0
258,673,233,0,3
258,679,283,3,0
258,691,283,3,0
259,638,284,3,0
259,649,258,1,2
259,662,284,3,0
259,664,258,1,2
259,673,234,0,3
259,679,284,3,0
259,691,284,3,0
259,701,234,0,3
260,638,285,3,0
260,649,259,1,2
260,662,285,3,0
260,673,235,0,3
260,679,285,3,0
260,691,285,3,0
261,649,260,1,2
261,662,286,3,0
261,665,236,0,3
261,673,236,0,3
261,691,286,3,0
262,662,287,3,0
262,673,237,0,3
262,691,287,3,0
263,662,288,3,0
263,691,288,3,0
264,648,289,3,0
264,662,289,3,0
264,671,289,3,0
264,676,239,0,3
264,691,289,3,0
264,699,239,0,3
265,662,290,3,0
265,691,290,3,0
266,662,291,3,0
266,691,291,3,0
267,662,292,3,0
267,665,242,0,3
267,673,242,0,3
267,691,292,3,0
267,720,268,2,1
268,649,269,2,1
268,657,269,2,1
268,662,293,3,0
268,673,243,0,3
268,679,267,1,2
268,691,293,3,0
269,638,294,3,0
269,649,270,2,1
269,662,294,3,0
269,673,244,0,3
269,679,294,3,0
269,691,294,3,0
270,649,295,3,0
270,655,245,0,3
270,662,295,3,0
270,673,245,0,3
270,679,295,3,0
270,691,295,3,0
271,638,270,1,2
271,649,296,3,0
271,655,246,0,3
271,662,270,1,2
271,664,246,0,3
271,673,270,1,2
271,679,270,1,2
271,691,270,1,2
271,701,270,1,2
272,638,271,1,2
272,649,297,3,0
272,662,271,1,2
272,673,271,1,2
272,679,271,1,2
272,691,271,1,2
273,649,298,3,0
273,657,248,0,3
273,662,272,1,2
273,673,272,1,2
273,679,274,2,1
273,691,272,1,2
274,662,273,1,2
274,673,273,1,2
274,691,273,1,2
274,720,299,3,0
275,662,299,3,2
275,691,299,3,2
276,662,275,1,1
276,691,275,1,1
277,648,278,2,1
277,662,278,2,1
277,671,278,2,1
277,676,278,2,1
277,691,278,2,1
277,699,278,2,1
278,662,279,2,1
278,691,279,2,1
279,662,280,2,1
279,673,280,2,1
279,691,280,2,1
279,720,304,3,0
280,649,305,3,0
280,657,255,0,3
280,662,281,2,1
280,665,281,2,1
280,673,281,2,1
280,679,281,2,1
280,691,281,2,1
280,720,305,3,0
281,627,306,3,0
281,649,306,3,0
281,662,282,2,1
281,673,282,2,1
281,679,282,2,1
281,691,282,2,1
281,720,306,3,0
282,627,307,3,0
282,638,283,2,1
282,649,307,3,0
282,655,257,0,3
282,662,283,2,1
282,664,257,0,3
282,673,283,2,1
282,679,283,2,1
282,691,283,2,1
282,701,283,2,1
282,720,307,3,0
283,627,308,3,0
283,649,308,3,0
283,662,308,3,0
283,679,308,3,0
283,691,308,3,0
283,720,308,3,0
284,638,309,3,0
284,649,283,1,2
284,662,309,3,0
284,664,283,1,2
284,673,259,0,3
284,679,309,3,0
284,691,309,3,0
284,701,259,0,3
285,638,310,3,0
285,649,284,1,2
285,662,310,3,0
285,673,260,0,3
285,679,310,3,0
285,691,310,3,0
286,649,285,1,2
286,662,311,3,0
286,665,261,0,3
286,673,261,0,3
286,691,311,3,0
287,662,312,3,0
287,673,262,0,3
287,691,312,3,0
288,662,313,3,0
288,691,313,3,0
289,648,314,3,0
289,662,314,3,0
289,671,314,3,0
289,676,314,3,0
289,691,314,3,0
289,699,264,0,3
290,662,315,3,0
290,691,315,3,0
291,662,316,3,0
291,691,316,3,0
292,662,317,3,0
292,665,267,0,3
292,673,267,0,3
292,691,317,3,0
292,720,293,2,1
293,649,294,2,1
293,657,294,2,1
293,662,318,3,0
293,673,268,0,3
293,679,292,1,2
293,691,318,3,0
294,638,319,3,0
294,649,295,2,1
294,662,319,3,0
294,673,269,0,3
294,679,319,3,0
294,691,319,3,0
295,627,320,3,0
295,649,320,3,0
295,655,270,0,3
295,662,320,3,0
295,679,320,3,0
295,691,320,3,0
295,720,320,3,0
296,627,321,3,0
296,638,295,1,2
296,649,321,3,0
296,655,271,0,3
296,662,295,1,2
296,664,271,0,3
296,673,295,1,2
296,679,295,1,2
296,691,295,1,2
296,701,295,1,2
296,720,321,3,0
297,627,322,3,0
297,638,296,1,2
297,649,322,3,0
297,662,296,1,2
297,673,296,1,2
297,679,296,1,2
297,691,296,1,2
297,720,322,3,0
298,649,323,3,0
298,657,273,0,3
298,662,297,1,2
298,673,297,1,2
298,679,299,2,1
298,691,297,1,2
298,720,323,3,0
299,662,298,1,2
299,673,298,1,2
299,691,298,1,2
299,720,324,3,0
300,662,324,3,2
300,691,324,3,2
301,662,300,1,1
301,691,300,1,1
302,648,303,2,1
302,662,303,2,1
302,671,303,2,1
302,676,303,2,1
302,691,303,2,1
302,699,303,2,1
303,662,304,2,1
303,691,304,2,1
304,662,305,2,1
304,673,305,2,1
304,691,305,2,1
304,720,720,99,0
305,649,330,3,0
305,657,280,0,3
305,662,306,2,1
305,665,306,2,1
305,673,306,2,1
305,679,306,2,1
305,691,306,2,1
305,720,304,1,2
306,649,331,3,0
306,657,281,0,3
306,662,307,2,1
306,673,307,2,1
306,679,307,2,1
306,691,307,2,1
306,720,305,1,2
307,638,308,2,1
307,649,332,3,0
307,655,282,0,3
307,657,282,0,3
307,662,308,2,1
307,664,282,0,3
307,673,308,2,1
307,679,308,2,1
307,691,308,2,1
307,701,308,2,1
307,720,306,1,2
308,649,333,3,0
308,657,283,0,3
308,662,333,3,0
308,679,333,3,0
308,691,333,3,0
308,720,307,1,2
309,638,334,3,0
309,649,308,1,2
309,662,334,3,0
309,664,308,1,2
309,673,284,0,3
309,679,334,3,0
309,691,334,3,0
309,701,284,0,3
310,638,335,3,0
310,649,309,1,2
310,662,335,3,0
310,673,285,0,3
310,679,335,3,0
310,691,335,3,0
311,649,310,1,2
311,662,336,3,0
311,665,286,0,3
311,673,286,0,3
311,691,336,3,0
312,662,337,3,0
312,673,287,0,3
312,691,337,3,0
313,662,338,3,0
313,691,338,3,0
314,648,339,3,0
314,662,339,3,0
314,671,339,3,0
314,676,339,3,0
314,691,339,3,0
314,699,289,0,3
315,662,340,3,0
315,691,340,3,0
316,662,341,3,0
316,691,341,3,0
317,662,342,3,0
317,665,292,0,3
317,673,292,0,3
317,691,342,3,0
317,720,318,2,1
318,649,319,2,1
318,657,319,2,1
318,662,343,3,0
318,673,293,0,3
318,679,317,1,2
318,691,343,3,0
319,638,344,3,0
319,649,320,2,1
319,662,344,3,0
319,673,294,0,3
319,679,344,3,0
319,691,344,3,0
320,649,345,3,0
320,655,295,0,3
320,657,295,0,3
320,662,345,3,0
320,679,345,3,0
320,691,345,3,0
320,720,321,2,1
321,638,320,1,2
321,649,346,3,0
321,655,296,0,3
321,657,296,0,3
321,662,320,1,2
321,664,296,0,3
321,673,320,1,2
321,679,320,1,2
321,691,320,1,2
321,701,320,1,2
321,720,322,2,1
322,638,321,1,2
322,649,347,3,0
322,657,297,0,3
322,662,321,1,2
322,673,321,1,2
322,679,321,1,2
322,691,321,1,2
322,720,323,2,1
323,649,348,3,0
323,657,298,0,3
323,662,322,1,2
323,673,322,1,2
323,679,324,2,1
323,691,322,1,2
323,720,324,2,1
324,662,323,1,2
324,673,323,1,2
324,691,323,1,2
325,662,349,3,2
325,691,349,3,2
326,662,325,1,1
326,691,325,1,1
327,648,328,2,1
327,662,328,2,1
327,671,328,2,1
327,676,328,2,1
327,691,328,2,1
327,699,328,2,1
328,662,329,2,1
328,691,329,2,1
329,662,330,2,1
329,673,330,2,1
329,691,330,2,1
329,720,304,0,3
330,649,649,28,0
330,657,355,3,0
330,662,331,2,1
330,665,331,2,1
330,673,331,2,1
330,679,331,2,1
330,691,331,2,1
331,649,330,1,2
331,662,332,2,1
331,673,332,2,1
331,679,332,2,1
331,691,332,2,1
332,638,333,2,1
332,649,331,1,2
332,655,307,0,3
332,662,333,2,1
332,664,307,0,3
332,673,333,2,1
332,679,333,2,1
332,691,333,2,1
332,701,333,2,1
333,649,332,1,2
333,662,358,3,0
333,679,358,3,0
333,691,358,3,0
333,701,358,3,0
334,638,359,3,0
334,649,333,1,2
334,662,359,3,0
334,664,333,1,2
334,673,309,0,3
334,679,359,3,0
334,691,359,3,0
334,701,359,3,0
335,638,360,3,0
335,649,334,1,2
335,662,360,3,0
335,673,310,0,3
335,679,360,3,0
335,691,360,3,0
336,649,335,1,2
336,662,361,3,0
336,665,311,0,3
336,673,311,0,3
336,691,361,3,0
337,662,362,3,0
337,673,312,0,3
337,691,362,3,0
338,662,363,3,0
338,691,363,3,0
339,648,364,3,0
339,662,364,3,0
339,671,364,3,0
339,676,364,3,0
339,691,364,3,0
339,699,314,0,3
340,662,365,3,0
340,691,365,3,0
341,662,366,3,0
341,691,366,3,0
342,662,367,3,0
342,665,317,0,3
342,673,317,0,3
342,691,367,3,0
342,720,343,2,1
343,649,344,2,1
343,657,344,2,1
343,662,368,3,0
343,673,318,0,3
343,679,342,1,2
343,691,368,3,0
344,638,369,3,0
344,649,345,2,1
344,662,369,3,0
344,673,319,0,3
344,679,369,3,0
344,691,369,3,0
345,649,346,2,1
345,655,320,0,3
345,662,370,3,0
345,679,370,3,0
345,691,370,3,0
345,701,370,3,0
346,638,345,1,2
346,649,347,2,1
346,655,321,0,3
346,662,345,1,2
346,664,321,0,3
346,673,345,1,2
346,679,345,1,2
346,691,345,1,2
346,701,345,1,2
347,638,346,1,2
347,649,348,2,1
347,662,346,1,2
347,673,346,1,2
347,679,346,1,2
347,691,346,1,2
348,649,349,2,1
348,657,373,3,0
348,662,347,1,2
348,673,347,1,2
348,679,349,2,1
348,691,347,1,2
349,662,348,1,2
349,673,348,1,2
349,691,348,1,2
349,720,324,0,3
350,662,374,3,2
350,691,374,3,2
351,662,350,1,1
351,691,350,1,1
352,648,353,2,1
352,662,353,2,1
352,671,353,2,1
352,676,353,2,1
352,691,353,2,1
352,699,353,2,1
353,662,354,2,1
353,691,354,2,1
354,662,355,2,1
354,673,355,2,1
354,691,355,2,1
354,720,329,0,3
355,649,330,0,3
355,657,380,3,0
355,662,356,2,1
355,665,356,2,1
355,673,356,2,1
355,679,356,2,1
355,691,356,2,1
356,649,331,0,3
356,662,357,2,1
356,673,357,2,1
356,679,357,2,1
356,691,357,2,1
357,638,358,2,1
357,649,332,0,3
357,655,332,0,3
357,662,358,2,1
357,664,332,0,3
357,673,358,2,1
357,679,358,2,1
357,691,358,2,1
357,701,358,2,1
358,662,383,3,0
358,673,383,3,0
358,690,359,2,1
358,691,383,3,0
358,701,383,3,0
359,638,384,3,0
359,649,358,1,2
359,662,384,3,0
359,664,358,1,2
359,673,384,3,0
359,679,384,3,0
359,690,360,2,1
359,691,384,3,0
359,701,384,3,0
360,638,385,3,0
360,649,359,1,2
360,662,385,3,0
360,673,385,3,0
360,679,385,3,0
360,690,361,2,1
360,691,385,3,0
361,649,360,1,2
361,662,386,3,0
361,665,336,0,3
361,673,386,3,0
361,690,362,2,1
361,691,386,3,0
362,662,387,3,0
362,673,387,3,0
362,690,363,2,1
362,691,387,3,0
363,662,388,3,0
363,690,364,2,1
363,691,388,3,0
364,648,389,3,0
364,662,389,3,0
364,671,389,3,0
364,676,389,3,0
364,691,389,3,0
364,699,339,0,3
365,662,390,3,0
365,690,690,69,0
365,691,390,3,0
366,662,391,3,0
366,690,365,1,2
366,691,391,3,0
367,662,392,3,0
367,665,342,0,3
367,673,392,3,0
367,690,366,1,2
367,691,392,3,0
367,720,368,2,1
368,649,369,2,1
368,657,369,2,1
368,662,393,3,0
368,673,393,3,0
368,679,367,1,2
368,690,367,1,2
368,691,393,3,0
369,638,394,3,0
369,649,370,2,1
369,662,394,3,0
369,673,394,3,0
369,679,394,3,0
369,690,368,1,2
369,691,394,3,0
370,655,345,0,3
370,662,395,3,0
370,673,395,3,0
370,690,369,1,2
370,691,395,3,0
370,701,395,3,0
371,638,370,1,2
371,649,346,0,3
371,655,346,0,3
371,662,370,1,2
371,664,346,0,3
371,673,370,1,2
371,679,370,1,2
371,691,370,1,2
371,701,370,1,2
372,638,371,1,2
372,649,347,0,3
372,662,371,1,2
372,673,371,1,2
372,679,371,1,2
372,691,371,1,2
373,649,348,0,3
373,657,398,3,0
373,662,372,1,2
373,673,372,1,2
373,679,374,2,1
373,691,372,1,2
374,662,373,1,2
374,673,373,1,2
374,691,373,1,2
374,720,349,0,3
375,662,399,3,2
375,691,399,3,2
376,662,375,1,1
376,691,375,1,1
377,648,378,2,1
377,662,378,2,1
377,671,378,2,1
377,676,378,2,1
377,691,378,2,1
377,699,378,2,1
378,662,379,2,1
378,691,379,2,1
379,662,380,2,1
379,673,380,2,1
379,691,380,2,1
379,720,354,0,3
380,649,355,0,3
380,657,405,3,0
380,662,381,2,1
380,665,381,2,1
380,673,381,2,1
380,679,381,2,1
380,691,381,2,1
381,649,356,0,3
381,662,382,2,1
381,673,382,2,1
381,679,382,2,1
381,691,382,2,1
382,638,383,2,1
382,649,357,0,3
382,655,357,0,3
382,662,383,2,1
382,664,357,0,3
382,673,383,2,1
382,679,383,2,1
382,691,383,2,1
382,701,383,2,1
383,638,384,2,1
383,655,358,0,3
383,662,408,3,0
383,673,408,3,0
383,690,358,0,3
383,691,408,3,0
383,701,408,3,0
384,638,385,2,1
384,649,383,1,2
384,662,409,3,0
384,664,383,1,2
384,673,409,3,0
384,679,409,3,0
384,690,359,0,3
384,691,409,3,0
384,701,409,3,0
385,638,638,17,0
385,649,384,1,2
385,662,410,3,0
385,673,410,3,0
385,679,410,3,0
385,690,360,0,3
385,691,410,3,0
386,649,385,1,2
386,662,411,3,0
386,665,361,0,3
386,673,411,3,0
386,690,361,0,3
386,691,411,3,0
387,662,412,3,0
387,673,412,3,0
387,690,362,0,3
387,691,412,3,0
388,662,413,3,0
388,690,363,0,3
388,691,413,3,0
389,648,414,3,0
389,662,414,3,0
389,671,414,3,0
389,676,414,3,0
389,691,414,3,0
389,699,364,0,3
390,662,415,3,0
390,690,365,0,3
390,691,415,3,0
391,662,416,3,0
391,690,366,0,3
391,691,416,3,0
392,662,417,3,0
392,665,367,0,3
392,673,417,3,0
392,690,367,0,3
392,691,417,3,0
392,720,393,2,1
393,649,394,2,1
393,657,394,2,1
393,662,418,3,0
393,673,418,3,0
393,679,392,1,2
393,690,368,0,3
393,691,418,3,0
394,649,395,2,1
394,662,419,3,0
394,673,419,3,0
394,679,419,3,0
394,690,369,0,3
394,691,419,3,0
395,638,394,1,2
395,655,370,0,3
395,662,420,3,0
395,673,420,3,0
395,690,370,0,3
395,691,420,3,0
395,701,420,3,0
396,638,395,1,2
396,649,371,0,3
396,655,371,0,3
396,662,395,1,2
396,664,371,0,3
396,673,395,1,2
396,679,395,1,2
396,691,395,1,2
396,701,395,1,2
397,638,396,1,2
397,649,372,0,3
397,662,396,1,2
397,673,396,1,2
397,679,396,1,2
397,691,396,1,2
398,649,373,0,3
398,657,423,3,0
398,662,397,1,2
398,673,397,1,2
398,679,399,2,1
398,691,397,1,2
399,662,398,1,2
399,673,398,1,2
399,691,398,1,2
399,720,374,0,3
400,662,424,3,2
400,691,424,3,2
401,662,400,1,1
401,691,400,1,1
402,648,403,2,1
402,662,403,2,1
402,671,403,2,1
402,676,403,2,1
402,691,403,2,1
402,699,403,2,1
403,662,404,2,1
403,691,404,2,1
404,662,405,2,1
404,673,405,2,1
404,691,405,2,1
404,720,379,0,3
405,649,380,0,3
405,657,430,3,0
405,662,406,2,1
405,665,406,2,1
405,673,406,2,1
405,679,406,2,1
405,691,406,2,1
406,649,381,0,3
406,662,407,2,1
406,673,407,2,1
406,679,407,2,1
406,691,407,2,1
407,638,408,2,1
407,649,382,0,3
407,655,382,0,3
407,662,408,2,1
407,664,382,0,3
407,673,408,2,1
407,679,408,2,1
407,691,408,2,1
407,701,408,2,1
408,638,383,0,3
408,655,383,0,3
408,662,433,3,0
408,673,433,3,0
408,691,433,3,0
408,699,383,0,3
408,701,433,3,0
409,638,384,0,3
409,649,408,1,2
409,662,434,3,0
409,664,408,1,2
409,673,434,3,0
409,679,434,3,0
409,691,434,3,0
409,699,384,0,3
409,701,434,3,0
410,638,385,0,3
410,649,409,1,2
410,662,435,3,0
410,673,435,3,0
410,679,435,3,0
410,691,435,3,0
410,699,385,0,3
411,649,410,1,2
411,662,436,3,0
411,665,386,0,3
411,673,436,3,0
411,691,436,3,0
411,699,386,0,3
412,662,437,3,0
412,673,437,3,0
412,691,437,3,0
412,699,387,0,3
413,662,438,3,0
413,691,438,3,0
413,699,388,0,3
414,648,648,27,0
414,662,439,3,0
414,671,439,3,0
414,676,439,3,0
414,691,439,3,0
414,699,389,0,3
415,648,414,1,2
415,662,440,3,0
415,691,440,3,0
415,699,390,0,3
416,662,441,3,0
416,691,441,3,0
416,699,391,0,3
417,662,442,3,0
417,665,392,0,3
417,673,442,3,0
417,691,442,3,0
417,699,392,0,3
417,720,418,2,1
418,649,419,2,1
418,657,419,2,1
418,662,443,3,0
418,673,443,3,0
418,679,417,1,2
418,691,443,3,0
418,699,393,0,3
419,638,394,0,3
419,649,420,2,1
419,662,444,3,0
419,673,444,3,0
419,679,444,3,0
419,691,444,3,0
419,699,394,0,3
420,638,395,0,3
420,655,395,0,3
420,662,445,3,0
420,673,445,3,0
420,691,445,3,0
420,699,395,0,3
420,701,445,3,0
421,638,420,1,2
421,649,396,0,3
421,655,396,0,3
421,662,420,1,2
421,664,396,0,3
421,673,420,1,2
421,679,420,1,2
421,691,420,1,2
421,701,420,1,2
422,638,421,1,2
422,649,397,0,3
422,662,421,1,2
422,673,421,1,2
422,679,421,1,2
422,691,421,1,2
423,649,398,0,3
423,657,448,3,0
423,662,422,1,2
423,673,422,1,2
423,679,424,2,1
423,691,422,1,2
424,662,423,1,2
424,673,423,1,2
424,691,423,1,2
424,720,399,0,3
425,662,449,3,2
425,691,449,3,2
426,662,425,1,1
426,691,425,1,1
427,648,428,2,1
427,662,428,2,1
427,671,428,2,1
427,676,428,2,1
427,691,428,2,1
427,699,428,2,1
428,662,429,2,1
428,691,429,2,1
429,662,430,2,1
429,673,430,2,1
429,691,430,2,1
429,720,404,0,3
430,649,405,0,3
430,657,455,3,0
430,662,431,2,1
430,665,431,2,1
430,673,431,2,1
430,679,431,2,1
430,691,431,2,1
431,649,406,0,3
431,662,432,2,1
431,673,432,2,1
431,679,432,2,1
431,691,432,2,1
432,638,433,2,1
432,649,407,0,3
432,655,457,3,0
432,662,433,2,1
432,664,407,0,3
432,673,433,2,1
432,679,433,2,1
432,691,433,2,1
432,701,433,2,1
433,638,408,0,3
433,662,458,3,0
433,664,408,0,3
433,673,458,3,0
433,691,458,3,0
434,638,409,0,3
434,649,433,1,2
434,662,459,3,0
434,664,433,1,2
434,673,459,3,0
434,679,459,3,0
434,691,459,3,0
434,701,459,3,0
435,638,410,0,3
435,649,434,1,2
435,662,460,3,0
435,673,460,3,0
435,679,460,3,0
435,691,460,3,0
436,649,435,1,2
436,662,461,3,0
436,665,411,0,3
436,673,461,3,0
436,691,461,3,0
437,662,462,3,0
437,673,462,3,0
437,691,462,3,0
438,662,463,3,0
438,691,463,3,0
439,648,414,0,3
439,662,464,3,0
439,671,464,3,0
439,676,464,3,0
439,691,464,3,0
439,699,464,3,0
440,662,465,3,0
440,691,465,3,0
441,662,466,3,0
441,691,466,3,0
442,662,467,3,0
442,665,417,0,3
442,673,467,3,0
442,691,467,3,0
442,720,443,2,1
443,649,444,2,1
443,657,444,2,1
443,662,468,3,0
443,673,468,3,0
443,679,442,1,2
443,691,468,3,0
444,638,419,0,3
444,649,445,2,1
444,662,469,3,0
444,673,469,3,0
444,679,469,3,0
444,691,469,3,0
445,638,420,0,3
445,655,470,3,0
445,662,470,3,0
445,664,420,0,3
445,673,470,3,0
445,691,470,3,0
446,638,445,1,2
446,649,421,0,3
446,655,471,3,0
446,662,445,1,2
446,664,421,0,3
446,673,445,1,2
446,679,445,1,2
446,691,445,1,2
446,701,445,1,2
447,638,446,1,2
447,649,422,0,3
447,662,446,1,2
447,673,446,1,2
447,679,446,1,2
447,691,446,1,2
448,649,423,0,3
448,657,473,3,0
448,662,447,1,2
448,673,447,1,2
448,679,449,2,1
448,691,447,1,2
449,662,448,1,2
449,673,448,1,2
449,691,448,1,2
449,720,424,0,3
450,662,474,3,2
450,691,474,3,2
451,662,450,1,1
451,691,450,1,1
452,648,453,2,1
452,662,453,2,1
452,671,453,2,1
452,676,453,2,1
452,691,453,2,1
452,699,453,2,1
453,662,454,2,1
453,691,454,2,1
454,662,455,2,1
454,673,455,2,1
454,691,455,2,1
454,720,429,0,3
455,649,430,0,3
455,657,480,3,0
455,662,456,2,1
455,665,456,2,1
455,673,456,2,1
455,679,456,2,1
455,691,456,2,1
456,649,431,0,3
456,662,457,2,1
456,673,457,2,1
456,679,457,2,1
456,691,457,2,1
457,638,458,2,1
457,649,432,0,3
457,655,482,3,0
457,662,458,2,1
457,664,432,0,3
457,673,458,2,1
457,679,458,2,1
457,691,458,2,1
457,701,458,2,1
458,638,433,0,3
458,649,433,0,3
458,662,459,2,1
458,664,433,0,3
458,665,433,0,3
458,673,483,3,0
458,679,459,2,1
458,691,483,3,0
459,638,434,0,3
459,649,458,1,2
459,662,460,2,1
459,664,458,1,2
459,665,434,0,3
459,673,484,3,0
459,679,460,2,1
459,691,484,3,0
459,701,484,3,0
460,638,435,0,3
460,649,459,1,2
460,662,461,2,1
460,665,435,0,3
460,673,485,3,0
460,679,679,58,0
460,691,485,3,0
461,649,460,1,2
461,662,462,2,1
461,665,436,0,3
461,673,486,3,0
461,691,486,3,0
462,662,463,2,1
462,673,487,3,0
462,691,487,3,0
463,662,464,2,1
463,691,488,3,0
464,648,439,0,3
464,662,662,41,0
464,671,489,3,0
464,676,489,3,0
464,691,489,3,0
464,699,489,3,0
465,662,464,1,2
465,691,490,3,0
466,662,465,1,2
466,691,491,3,0
467,662,466,1,2
467,665,442,0,3
467,673,492,3,0
467,691,492,3,0
467,720,468,2,1
468,649,469,2,1
468,657,469,2,1
468,662,467,1,2
468,665,443,0,3
468,673,493,3,0
468,679,467,1,2
468,691,493,3,0
469,638,444,0,3
469,649,470,2,1
469,662,468,1,2
469,665,444,0,3
469,673,494,3,0
469,679,468,1,2
469,691,494,3,0
470,638,445,0,3
470,649,445,0,3
470,655,495,3,0
470,662,469,1,2
470,664,445,0,3
470,665,445,0,3
470,673,495,3,0
470,679,469,1,2
470,691,495,3,0
471,638,470,1,2
471,649,446,0,3
471,655,496,3,0
471,662,470,1,2
471,664,446,0,3
471,673,470,1,2
471,679,470,1,2
471,691,470,1,2
471,701,470,1,2
472,638,471,1,2
472,649,447,0,3
472,662,471,1,2
472,673,471,1,2
472,679,471,1,2
472,691,471,1,2
473,649,448,0,3
473,657,498,3,0
473,662,472,1,2
473,673,472,1,2
473,679,474,2,1
473,691,472,1,2
474,662,473,1,2
474,673,473,1,2
474,691,473,1,2
474,720,449,0,3
475,662,499,3,2
475,691,499,3,2
476,662,475,1,1
476,691,475,1,1
477,648,478,2,1
477,662,478,2,1
477,671,478,2,1
477,676,478,2,1
477,691,478,2,1
477,699,478,2,1
478,662,479,2,1
478,691,479,2,1
479,662,480,2,1
479,673,480,2,1
479,691,480,2,1
479,720,454,0,3
480,649,455,0,3
480,657,505,3,0
480,662,481,2,1
480,665,481,2,1
480,673,481,2,1
480,679,481,2,1
480,691,481,2,1
481,649,456,0,3
481,662,482,2,1
481,673,482,2,1
481,679,482,2,1
481,691,482,2,1
482,638,483,2,1
482,649,457,0,3
482,655,507,3,0
482,662,483,2,1
482,664,457,0,3
482,673,483,2,1
482,679,483,2,1
482,691,483,2,1
482,701,483,2,1
483,638,458,0,3
483,649,458,0,3
483,662,458,0,3
483,664,458,0,3
483,673,508,3,0
483,679,458,0,3
483,691,508,3,0
484,638,459,0,3
484,649,483,1,2
484,662,459,0,3
484,664,483,1,2
484,673,509,3,0
484,679,459,0,3
484,691,509,3,0
484,701,509,3,0
485,638,460,0,3
485,649,484,1,2
485,662,460,0,3
485,673,510,3,0
485,679,460,0,3
485,691,510,3,0
486,649,485,1,2
486,662,461,0,3
486,665,511,3,0
486,673,511,3,0
486,691,511,3,0
487,662,462,0,3
487,673,512,3,0
487,691,512,3,0
488,662,463,0,3
488,691,513,3,0
489,648,464,0,3
489,662,464,0,3
489,671,514,3,0
489,676,514,3,0
489,691,514,3,0
489,699,514,3,0
490,662,465,0,3
490,691,515,3,0
491,662,466,0,3
491,691,516,3,0
492,662,467,0,3
492,665,517,3,0
492,673,517,3,0
492,691,517,3,0
492,720,493,2,1
493,649,494,2,1
493,657,494,2,1
493,662,468,0,3
493,673,518,3,0
493,679,492,1,2
493,691,518,3,0
494,638,469,0,3
494,649,495,2,1
494,662,469,0,3
494,673,519,3,0
494,679,469,0,3
494,691,519,3,0
495,638,470,0,3
495,649,470,0,3
495,655,520,3,0
495,662,470,0,3
495,664,470,0,3
495,673,520,3,0
495,679,470,0,3
495,691,520,3,0
496,638,495,1,2
496,649,471,0,3
496,655,521,3,0
496,662,495,1,2
496,664,471,0,3
496,673,495,1,2
496,679,495,1,2
496,691,495,1,2
496,701,495,1,2
497,638,496,1,2
497,649,472,0,3
497,662,496,1,2
497,673,496,1,2
497,679,496,1,2
497,691,496,1,2
498,649,473,0,3
498,657,523,3,0
498,662,497,1,2
498,673,497,1,2
498,679,499,2,1
498,691,497,1,2
499,662,498,1,2
499,673,498,1,2
499,691,498,1,2
499,720,474,0,3
500,662,524,3,2
500,691,524,3,2
501,662,500,1,1
501,691,500,1,1
502,648,503,2,1
502,662,503,2,1
502,671,503,2,1
502,676,503,2,1
502,691,503,2,1
502,699,503,2,1
503,662,504,2,1
503,691,504,2,1
504,662,505,2,1
504,673,505,2,1
504,691,505,2,1
504,720,479,0,3
505,649,480,0,3
505,657,530,3,0
505,662,506,2,1
505,665,506,2,1
505,673,506,2,1
505,679,506,2,1
505,691,506,2,1
506,649,481,0,3
506,662,507,2,1
506,673,507,2,1
506,679,507,2,1
506,691,507,2,1
507,638,508,2,1
507,649,482,0,3
507,655,532,3,0
507,662,508,2,1
507,664,532,3,0
507,673,508,2,1
507,679,508,2,1
507,691,508,2,1
507,701,508,2,1
508,638,483,0,3
508,649,483,0,3
508,662,483,0,3
508,673,533,3,0
508,679,483,0,3
508,691,533,3,0
509,638,484,0,3
509,649,508,1,2
509,662,484,0,3
509,664,508,1,2
509,673,534,3,0
509,679,484,0,3
509,691,534,3,0
509,701,534,3,0
510,638,485,0,3
510,649,509,1,2
510,662,485,0,3
510,673,535,3,0
510,679,485,0,3
510,691,535,3,0
511,649,510,1,2
511,662,486,0,3
511,665,536,3,0
511,673,536,3,0
511,691,536,3,0
512,662,487,0,3
512,673,537,3,0
512,691,537,3,0
513,662,488,0,3
513,691,538,3,0
514,648,489,0,3
514,662,489,0,3
514,671,539,3,0
514,676,539,3,0
514,691,539,3,0
514,699,539,3,0
515,662,490,0,3
515,691,540,3,0
516,662,491,0,3
516,691,541,3,0
517,662,492,0,3
517,665,542,3,0
517,673,542,3,0
517,691,542,3,0
517,720,518,2,1
518,649,519,2,1
518,657,519,2,1
518,662,493,0,3
518,673,543,3,0
518,679,517,1,2
518,691,543,3,0
519,638,494,0,3
519,649,520,2,1
519,662,494,0,3
519,673,544,3,0
519,679,494,0,3
519,691,544,3,0
520,638,495,0,3
520,649,495,0,3
520,655,545,3,0
520,662,495,0,3
520,673,545,3,0
520,679,495,0,3
520,691,545,3,0
521,638,520,1,2
521,649,496,0,3
521,655,546,3,0
521,662,520,1,2
521,664,546,3,0
521,673,520,1,2
521,679,520,1,2
521,691,520,1,2
521,701,520,1,2
522,638,521,1,2
522,649,497,0,3
522,662,521,1,2
522,673,521,1,2
522,679,521,1,2
522,691,521,1,2
523,649,498,0,3
523,657,548,3,0
523,662,522,1,2
523,673,522,1,2
523,679,524,2,1
523,691,522,1,2
524,662,523,1,2
524,673,523,1,2
524,691,523,1,2
524,720,499,0,3
525,662,549,3,2
525,691,549,3,2
526,662,525,1,1
526,691,525,1,1
527,648,528,2,1
527,662,528,2,1
527,671,528,2,1
527,676,528,2,1
527,691,528,2,1
527,699,528,2,1
528,662,529,2,1
528,691,529,2,1
529,662,530,2,1
529,673,530,2,1
529,691,530,2,1
529,720,504,0,3
530,649,505,0,3
530,657,555,3,0
530,662,531,2,1
530,665,531,2,1
530,673,531,2,1
530,679,531,2,1
530,691,531,2,1
531,649,506,0,3
531,662,532,2,1
531,673,532,2,1
531,679,532,2,1
531,691,532,2,1
532,638,533,2,1
532,649,507,0,3
532,655,557,3,0
532,662,533,2,1
532,664,557,3,0
532,673,533,2,1
532,679,533,2,1
532,691,533,2,1
532,701,533,2,1
533,649,508,0,3
533,662,508,0,3
533,673,558,3,0
533,679,508,0,3
533,691,534,2,1
534,638,509,0,3
534,649,533,1,2
534,662,509,0,3
534,664,533,1,2
534,673,559,3,0
534,679,509,0,3
534,691,535,2,1
534,701,559,3,0
535,638,510,0,3
535,649,534,1,2
535,662,510,0,3
535,673,560,3,0
535,679,510,0,3
535,691,536,2,1
536,649,535,1,2
536,662,511,0,3
536,665,561,3,0
536,673,561,3,0
536,691,537,2,1
537,662,512,0,3
537,673,562,3,0
537,691,538,2,1
538,662,513,0,3
538,691,539,2,1
539,648,514,0,3
539,662,514,0,3
539,671,564,3,0
539,676,564,3,0
539,691,691,70,0
539,699,564,3,0
540,662,515,0,3
540,691,539,1,2
541,662,516,0,3
541,691,540,1,2
542,662,517,0,3
542,665,567,3,0
542,673,567,3,0
542,691,541,1,2
542,720,543,2,1
543,649,544,2,1
543,657,544,2,1
543,662,518,0,3
543,673,568,3,0
543,679,542,1,2
543,691,542,1,2
544,638,519,0,3
544,649,545,2,1
544,662,519,0,3
544,673,569,3,0
544,679,519,0,3
544,691,543,1,2
545,649,520,0,3
545,655,570,3,0
545,662,520,0,3
545,673,570,3,0
545,679,520,0,3
545,691,544,1,2
546,638,545,1,2
546,649,521,0,3
546,655,571,3,0
546,662,545,1,2
546,664,571,3,0
546,673,545,1,2
546,679,545,1,2
546,691,545,1,2
546,701,545,1,2
547,638,546,1,2
547,649,522,0,3
547,662,546,1,2
547,673,546,1,2
547,679,546,1,2
547,691,546,1,2
548,649,523,0,3
548,657,573,3,0
548,662,547,1,2
548,673,547,1,2
548,679,549,2,1
548,691,547,1,2
549,662,548,1,2
549,673,548,1,2
549,691,548,1,2
549,720,524,0,3
550,662,574,3,2
550,691,574,3,2
551,662,550,1,1
551,691,550,1,1
552,648,553,2,1
552,662,553,2,1
552,671,553,2,1
552,676,553,2,1
552,691,553,2,1
552,699,553,2,1
553,662,554,2,1
553,691,554,2,1
554,662,555,2,1
554,673,555,2,1
554,691,555,2,1
554,720,529,0,3
555,649,530,0,3
555,657,580,3,0
555,662,556,2,1
555,665,556,2,1
555,673,556,2,1
555,679,556,2,1
555,691,556,2,1
556,649,531,0,3
556,662,557,2,1
556,673,557,2,1
556,679,557,2,1
556,691,557,2,1
557,638,558,2,1
557,649,532,0,3
557,655,582,3,0
557,662,558,2,1
557,664,582,3,0
557,673,558,2,1
557,679,558,2,1
557,691,558,2,1
557,701,558,2,1
558,649,533,0,3
558,662,533,0,3
558,673,583,3,0
558,679,533,0,3
558,691,533,0,3
559,638,534,0,3
559,649,558,1,2
559,662,534,0,3
559,664,558,1,2
559,673,584,3,0
559,679,534,0,3
559,691,534,0,3
559,701,584,3,0
560,638,535,0,3
560,649,559,1,2
560,662,535,0,3
560,673,585,3,0
560,679,535,0,3
560,691,535,0,3
561,649,560,1,2
561,662,536,0,3
561,665,586,3,0
561,673,586,3,0
561,691,536,0,3
562,662,537,0,3
562,673,587,3,0
562,691,537,0,3
563,662,538,0,3
563,691,538,0,3
564,648,539,0,3
564,662,539,0,3
564,671,671,50,0
564,676,589,3,0
564,691,539,0,3
564,699,589,3,0
565,662,540,0,3
565,671,564,1,2
565,691,540,0,3
566,662,541,0,3
566,691,541,0,3
567,662,542,0,3
567,665,592,3,0
567,673,592,3,0
567,691,542,0,3
567,720,568,2,1
568,649,569,2,1
568,657,569,2,1
568,662,543,0,3
568,673,593,3,0
568,679,567,1,2
568,691,543,0,3
569,638,544,0,3
569,649,570,2,1
569,662,544,0,3
569,673,594,3,0
569,679,544,0,3
569,691,544,0,3
570,649,545,0,3
570,655,595,3,0
570,662,545,0,3
570,673,595,3,0
570,679,545,0,3
570,691,545,0,3
571,638,570,1,2
571,649,546,0,3
571,655,596,3,0
571,662,570,1,2
571,664,596,3,0
571,673,570,1,2
571,679,570,1,2
571,691,570,1,2
571,701,570,1,2
572,638,571,1,2
572,649,547,0,3
572,662,571,1,2
572,673,571,1,2
572,679,571,1,2
572,691,571,1,2
573,649,548,0,3
573,657,598,3,0
573,662,572,1,2
573,673,572,1,2
573,679,574,2,1
573,691,572,1,2
574,662,573,1,2
574,673,573,1,2
574,691,573,1,2
574,720,549,0,3
575,662,599,3,2
575,691,599,3,2
576,662,575,1,1
576,691,575,1,1
577,648,578,2,1
577,662,578,2,1
577,671,578,2,1
577,676,578,2,1
577,691,578,2,1
577,699,578,2,1
578,662,579,2,1
578,691,579,2,1
579,662,580,2,1
579,673,580,2,1
579,691,580,2,1
579,720,554,0,3
580,649,555,0,3
580,657,605,3,0
580,662,581,2,1
580,665,581,2,1
580,673,581,2,1
580,679,581,2,1
580,691,581,2,1
581,627,627,6,0
581,649,556,0,3
581,662,582,2,1
581,673,582,2,1
581,679,582,2,1
581,691,582,2,1
582,627,581,1,2
582,638,583,2,1
582,649,557,0,3
582,655,607,3,0
582,662,583,2,1
582,664,607,3,0
582,673,583,2,1
582,679,583,2,1
582,691,583,2,1
582,701,583,2,1
583,627,582,1,2
583,649,558,0,3
583,662,558,0,3
583,679,558,0,3
583,691,558,0,3
584,638,559,0,3
584,649,583,1,2
584,662,559,0,3
584,664,583,1,2
584,673,609,3,0
584,679,559,0,3
584,691,559,0,3
584,701,609,3,0
585,638,560,0,3
585,649,584,1,2
585,662,560,0,3
585,673,610,3,0
585,679,560,0,3
585,691,560,0,3
586,649,585,1,2
586,662,561,0,3
586,665,611,3,0
586,673,611,3,0
586,691,561,0,3
587,662,562,0,3
587,673,612,3,0
587,691,562,0,3
588,662,563,0,3
588,691,563,0,3
589,648,564,0,3
589,662,564,0,3
589,671,564,0,3
589,676,676,55,0
589,691,564,0,3
589,699,614,3,0
590,662,565,0,3
590,676,589,1,2
590,691,565,0,3
591,662,566,0,3
591,691,566,0,3
592,662,567,0,3
592,665,617,3,0
592,673,617,3,0
592,691,567,0,3
592,720,593,2,1
593,649,594,2,1
593,657,594,2,1
593,662,568,0,3
593,673,618,3,0
593,679,592,1,2
593,691,568,0,3
594,638,569,0,3
594,649,595,2,1
594,662,569,0,3
594,673,619,3,0
594,679,569,0,3
594,691,569,0,3
595,627,596,2,1
595,649,570,0,3
595,655,620,3,0
595,662,570,0,3
595,679,570,0,3
595,691,570,0,3
596,627,597,2,1
596,638,595,1,2
596,649,571,0,3
596,655,621,3,0
596,662,595,1,2
596,664,621,3,0
596,673,595,1,2
596,679,595,1,2
596,691,595,1,2
596,701,595,1,2
597,627,598,2,1
597,638,596,1,2
597,649,572,0,3
597,662,596,1,2
597,673,596,1,2
597,679,596,1,2
597,691,596,1,2
598,649,573,0,3
598,657,623,3,0
598,662,597,1,2
598,673,597,1,2
598,679,599,2,1
598,691,597,1,2
599,662,598,1,2
599,673,598,1,2
599,691,598,1,2
599,720,574,0,3
600,662,624,3,2
600,691,624,3,2
601,662,600,1,1
601,691,600,1,1
602,648,603,2,1
602,662,603,2,1
602,671,603,2,1
602,676,603,2,1
602,691,603,2,1
602,699,603,2,1
603,662,604,2,1
603,691,604,2,1
604,662,605,2,1
604,673,605,2,1
604,691,605,2,1
604,720,579,0,3
605,649,580,0,3
605,657,5,3,3
605,662,606,2,1
605,665,606,2,1
605,673,606,2,1
605,679,606,2,1
605,691,606,2,1
605,720,580,0,3
606,627,581,0,3
606,649,581,0,3
606,657,6,3,3
606,662,607,2,1
606,673,607,2,1
606,679,607,2,1
606,691,607,2,1
606,720,581,0,3
607,627,582,0,3
607,638,608,2,1
607,649,582,0,3
607,655,7,3,3
607,657,7,3,3
607,662,608,2,1
607,664,7,3,3
607,673,608,2,1
607,679,608,2,1
607,691,608,2,1
607,701,608,2,1
607,720,582,0,3
608,627,583,0,3
608,649,583,0,3
608,657,8,3,3
608,662,583,0,3
608,679,583,0,3
608,691,583,0,3
608,720,583,0,3
609,638,584,0,3
609,649,608,1,2
609,662,584,0,3
609,664,608,1,2
609,673,9,3,3
609,679,584,0,3
609,691,584,0,3
609,701,9,3,3
610,638,585,0,3
610,649,609,1,2
610,662,585,0,3
610,673,10,3,3
610,679,585,0,3
610,691,585,0,3
611,649,610,1,2
611,662,586,0,3
611,665,11,3,3
611,673,11,3,3
611,691,586,0,3
612,662,587,0,3
612,673,12,3,3
612,691,587,0,3
613,662,588,0,3
613,691,588,0,3
614,648,589,0,3
614,662,589,0,3
614,671,589,0,3
614,676,589,0,3
614,691,589,0,3
614,699,14,3,3
615,662,590,0,3
615,691,590,0,3
616,662,591,0,3
616,691,591,0,3
617,662,592,0,3
617,665,17,3,3
617,673,17,3,3
617,691,592,0,3
617,720,618,2,1
618,649,619,2,1
618,657,619,2,1
618,662,593,0,3
618,673,18,3,3
618,679,617,1,2
618,691,593,0,3
619,638,594,0,3
619,649,620,2,1
619,662,594,0,3
619,673,19,3,3
619,679,594,0,3
619,691,594,0,3
620,627,595,0,3
620,649,595,0,3
620,655,20,3,3
620,657,20,3,3
620,662,595,0,3
620,679,595,0,3
620,691,595,0,3
620,720,595,0,3
621,627,596,0,3
621,638,620,1,2
621,649,596,0,3
621,655,21,3,3
621,657,21,3,3
621,662,620,1,2
621,664,21,3,3
621,673,620,1,2
621,679,620,1,2
621,691,620,1,2
621,701,620,1,2
621,720,596,0,3
622,627,597,0,3
622,638,621,1,2
622,649,597,0,3
622,657,22,3,3
622,662,621,1,2
622,673,621,1,2
622,679,621,1,2
622,691,621,1,2
622,720,597,0,3
623,649,598,0,3
623,657,23,3,3
623,662,622,1,2
623,673,622,1,2
623,679,624,2,1
623,691,622,1,2
623,720,598,0,3
624,662,623,1,2
624,673,623,1,2
624,691,623,1,2
624,720,599,0,3
627,625,581,0,6
627,626,581,0,6
627,628,581,0,6
627,629,581,0,6
627,630,581,0,6
627,631,581,0,6
627,632,581,0,6
627,633,581,0,6
627,634,581,0,6
627,635,581,0,6
627,636,581,0,6
627,637,581,0,6
627,638,581,0,6
627,639,581,0,6
627,640,581,0,6
627,641,581,0,6
627,642,581,0,6
627,643,581,0,6
627,644,581,0,6
627,645,581,0,6
627,646,581,0,6
627,647,581,0,6
627,648,581,0,6
627,649,581,0,6
627,650,581,0,6
627,651,581,0,6
627,652,581,0,6
627,653,581,0,6
627,654,581,0,6
627,655,581,0,6
627,656,581,0,6
627,657,581,0,6
627,658,581,0,6
627,659,581,0,6
627,660,581,0,6
627,661,581,0,6
627,662,581,0,6
627,663,581,0,6
627,664,581,0,6
627,665,581,0,6
627,666,581,0,6
627,667,581,0,6
627,668,581,0,6
627,669,581,0,6
627,670,581,0,6
627,671,581,0,6
627,672,581,0,6
627,673,581,0,6
627,674,581,0,6
627,675,581,0,6
627,676,581,0,6
627,677,581,0,6
627,678,581,0,6
627,679,581,0,6
627,680,581,0,6
627,681,581,0,6
627,682,581,0,6
627,683,581,0,6
627,684,581,0,6
627,685,581,0,6
627,686,581,0,6
627,687,581,0,6
627,688,581,0,6
627,689,581,0,6
627,690,581,0,6
627,691,581,0,6
627,692,581,0,6
627,693,581,0,6
627,694,581,0,6
627,695,581,0,6
627,696,581,0,6
627,697,581,0,6
627,698,581,0,6
627,699,581,0,6
627,700,581,0,6
627,701,581,0,6
627,702,581,0,6
627,703,581,0,6
627,704,581,0,6
627,705,581,0,6
627,706,581,0,6
627,707,581,0,6
627,708,581,0,6
627,709,581,0,6
627,710,581,0,6
627,711,581,0,6
627,712,581,0,6
627,713,581,0,6
627,714,581,0,6
627,715,581,0,6
627,716,581,0,6
627,717,581,0,6
627,718,581,0,6
627,719,581,0,6
627,720,581,0,6
627,721,581,0,6
627,722,581,0,6
627,723,581,0,6
627,724,581,0,6
638,625,385,0,17
638,626,385,0,17
638,627,385,0,17
638,628,385,0,17
638,629,385,0,17
638,630,385,0,17
638,631,385,0,17
638,632,385,0,17
638,633,385,0,17
638,634,385,0,17
638,635,385,0,17
638,636,385,0,17
638,637,385,0,17
638,639,385,0,17
638,640,385,0,17
638,641,385,0,17
638,642,385,0,17
638,643,385,0,17
638,644,385,0,17
638,645,385,0,17
638,646,385,0,17
638,647,385,0,17
638,648,385,0,17
638,649,385,0,17
638,650,385,0,17
638,651,385,0,17
638,652,385,0,17
638,653,385,0,17
638,654,385,0,17
638,655,385,0,17
638,656,385,0,17
638,657,385,0,17
638,658,385,0,17
638,659,385,0,17
638,660,385,0,17
638,661,385,0,17
638,662,385,0,17
638,663,385,0,17
638,664,385,0,17
638,665,385,0,17
638,666,385,0,17
638,667,385,0,17
638,668,385,0,17
638,669,385,0,17
638,670,385,0,17
638,671,385,0,17
638,672,385,0,17
638,673,385,0,17
638,674,385,0,17
638,675,385,0,17
638,676,385,0,17
638,677,385,0,17
638,678,385,0,17
638,679,385,0,17
638,680,385,0,17
638,681,385,0,17
638,682,385,0,17
638,683,385,0,17
638,684,385,0,17
638,685,385,0,17
638,686,385,0,17
638,687,385,0,17
638,688,385,0,17
638,689,385,0,17
638,690,385,0,17
638,691,385,0,17
638,692,385,0,17
638,693,385,0,17
638,694,385,0,17
638,695,385,0,17
638,696,385,0,17
638,697,385,0,17
638,698,385,0,17
638,699,385,0,17
638,700,385,0,17
638,701,385,0,17
638,702,385,0,17
638,703,385,0,17
638,704,385,0,17
638,705,385,0,17
638,706,385,0,17
638,707,385,0,17
638,708,385,0,17
638,709,385,0,17
638,710,385,0,17
638,711,385,0,17
638,712,385,0,17
638,713,385,0,17
638,714,385,0,17
638,715,385,0,17
638,716,385,0,17
638,717,385,0,17
638,718,385,0,17
638,719,385,0,17
638,720,385,0,17
638,721,385,0,17
638,722,385,0,17
638,723,385,0,17
638,724,385,0,17
648,625,414,0,27
648,626,414,0,27
648,627,414,0,27
648,628,414,0,27
648,629,414,0,27
648,630,414,0,27
648,631,414,0,27
648,632,414,0,27
648,633,414,0,27
648,634,414,0,27
648,635,414,0,27
648,636,414,0,27
648,637,414,0,27
648,638,414,0,27
648,639,414,0,27
648,640,414,0,27
648,641,414,0,27
648,642,414,0,27
648,643,414,0,27
648,644,414,0,27
648,645,414,0,27
648,646,414,0,27
648,647,414,0,27
648,649,414,0,27
648,650,414,0,27
648,651,414,0,27
648,652,414,0,27
648,653,414,0,27
648,654,414,0,27
648,655,414,0,27
648,656,414,0,27
648,657,414,0,27
648,658,414,0,27
648,659,414,0,27
648,660,414,0,27
648,661,414,0,27
648,662,414,0,27
648,663,414,0,27
648,664,414,0,27
648,665,414,0,27
648,666,414,0,27
648,667,414,0,27
648,668,414,0,27
648,669,414,0,27
648,670,414,0,27
648,671,414,0,27
648,672,414,0,27
648,673,414,0,27
648,674,414,0,27
648,675,414,0,27
648,676,414,0,27
648,677,414,0,27
648,678,414,0,27
648,679,414,0,27
648,680,414,0,27
648,681,414,0,27
648,682,414,0,27
648,683,414,0,27
648,684,414,0,27
648,685,414,0,27
648,686,414,0,27
648,687,414,0,27
648,688,414,0,27
648,689,414,0,27
648,690,414,0,27
648,691,414,0,27
648,692,414,0,27
648,693,414,0,27
648,694,414,0,27
648,695,414,0,27
648,696,414,0,27
648,697,414,0,27
648,698,414,0,27
648,699,414,0,27
648,700,414,0,27
648,701,414,0,27
648,702,414,0,27
648,703,414,0,27
648,704,414,0,27
648,705,414,0,27
648,706,414,0,27
648,707,414,0,27
648,708,414,0,27
648,709,414,0,27
648,710,414,0,27
648,711,414,0,27
648,712,414,0,27
648,713,414,0,27
648,714,414,0,27
648,715,414,0,27
648,716,414,0,27
648,717,414,0,27
648,718,414,0,27
648,719,414,0,27
648,720,414,0,27
648,721,414,0,27
648,722,414,0,27
648,723,414,0,27
648,724,414,0,27
649,625,330,0,28
649,626,330,0,28
649,627,330,0,28
649,628,330,0,28
649,629,330,0,28
649,630,330,0,28
649,631,330,0,28
649,632,330,0,28
649,633,330,0,28
649,634,330,0,28
649,635,330,0,28
649,636,330,0,28
649,637,330,0,28
649,638,330,0,28
649,639,330,0,28
649,640,330,0,28
649,641,330,0,28
649,642,330,0,28
649,643,330,0,28
649,644,330,0,28
649,645,330,0,28
649,646,330,0,28
649,647,330,0,28
649,648,330,0,28
649,650,330,0,28
649,651,330,0,28
649,652,330,0,28
649,653,330,0,28
649,654,330,0,28
649,655,330,0,28
649,656,330,0,28
649,657,330,0,28
649,658,330,0,28
649,659,330,0,28
649,660,330,0,28
649,661,330,0,28
649,662,330,0,28
649,663,330,0,28
649,664,330,0,28
649,665,330,0,28
649,666,330,0,28
649,667,330,0,28
649,668,330,0,28
649,669,330,0,28
649,670,330,0,28
649,671,330,0,28
649,672,330,0,28
649,673,330,0,28
649,674,330,0,28
649,675,330,0,28
649,676,330,0,28
649,677,330,0,28
649,678,330,0,28
649,679,330,0,28
649,680,330,0,28
649,681,330,0,28
649,682,330,0,28
649,683,330,0,28
649,684,330,0,28
649,685,330,0,28
649,686,330,0,28
649,687,330,0,28
649,688,330,0,28
649,689,330,0,28
649,690,330,0,28
649,691,330,0,28
649,692,330,0,28
649,693,330,0,28
649,694,330,0,28
649,695,330,0,28
649,696,330,0,28
649,697,330,0,28
649,698,330,0,28
649,699,330,0,28
649,700,330,0,28
649,701,330,0,28
649,702,330,0,28
649,703,330,0,28
649,704,330,0,28
649,705,330,0,28
649,706,330,0,28
649,707,330,0,28
649,708,330,0,28
649,709,330,0,28
649,710,330,0,28
649,711,330,0,28
649,712,330,0,28
649,713,330,0,28
649,714,330,0,28
649,715,330,0,28
649,716,330,0,28
649,717,330,0,28
649,718,330,0,28
649,719,330,0,28
649,720,330,0,28
649,721,330,0,28
649,722,330,0,28
649,723,330,0,28
649,724,330,0,28
655,625,107,0,34
655,626,107,0,34
655,627,107,0,34
655,628,107,0,34
655,629,107,0,34
655,630,107,0,34
655,631,107,0,34
655,632,107,0,34
655,633,107,0,34
655,634,107,0,34
655,635,107,0,34
655,636,107,0,34
655,637,107,0,34
655,638,107,0,34
655,639,107,0,34
655,640,107,0,34
655,641,107,0,34
655,642,107,0,34
655,643,107,0,34
655,644,107,0,34
655,645,107,0,34
655,646,107,0,34
655,647,107,0,34
655,648,107,0,34
655,649,107,0,34
655,650,107,0,34
655,651,107,0,34
655,652,107,0,34
655,653,107,0,34
655,654,107,0,34
655,656,107,0,34
655,657,107,0,34
655,658,107,0,34
655,659,107,0,34
655,660,107,0,34
655,661,107,0,34
655,662,107,0,34
655,663,107,0,34
655,664,107,0,34
655,665,107,0,34
655,666,107,0,34
655,667,107,0,34
655,668,107,0,34
655,669,107,0,34
655,670,107,0,34
655,671,107,0,34
655,672,107,0,34
655,673,107,0,34
655,674,107,0,34
655,675,107,0,34
655,676,107,0,34
655,677,107,0,34
655,678,107,0,34
655,679,107,0,34
655,680,107,0,34
655,681,107,0,34
655,682,107,0,34
655,683,107,0,34
655,684,107,0,34
655,685,107,0,34
655,686,107,0,34
655,687,107,0,34
655,688,107,0,34
655,689,107,0,34
655,690,107,0,34
655,691,107,0,34
655,692,107,0,34
655,693,107,0,34
655,694,107,0,34
655,695,107,0,34
655,696,107,0,34
655,697,107,0,34
655,698,107,0,34
655,699,107,0,34
655,700,107,0,34
655,701,107,0,34
655,702,107,0,34
655,703,107,0,34
655,704,107,0,34
655,705,107,0,34
655,706,107,0,34
655,707,107,0,34
655,708,107,0,34
655,709,107,0,34
655,710,107,0,34
655,711,107,0,34
655,712,107,0,34
655,713,107,0,34
655,714,107,0,34
655,715,107,0,34
655,716,107,0,34
655,717,107,0,34
655,718,107,0,34
655,719,107,0,34
655,720,107,0,34
655,721,107,0,34
655,722,107,0,34
655,723,107,0,34
655,724,107,0,34
657,625,5,0,36
657,626,5,0,36
657,627,5,0,36
657,628,5,0,36
657,629,5,0,36
657,630,5,0,36
657,631,5,0,36
657,632,5,0,36
657,633,5,0,36
657,634,5,0,36
657,635,5,0,36
657,636,5,0,36
657,637,5,0,36
657,638,5,0,36
657,639,5,0,36
657,640,5,0,36
657,641,5,0,36
657,642,5,0,36
657,643,5,0,36
657,644,5,0,36
657,645,5,0,36
657,646,5,0,36
657,647,5,0,36
657,648,5,0,36
657,649,5,0,36
657,650,5,0,36
657,651,5,0,36
657,652,5,0,36
657,653,5,0,36
657,654,5,0,36
657,655,5,0,36
657,656,5,0,36
657,658,5,0,36
657,659,5,0,36
657,660,5,0,36
657,661,5,0,36
657,662,5,0,36
657,663,5,0,36
657,664,5,0,36
657,665,5,0,36
657,666,5,0,36
657,667,5,0,36
657,668,5,0,36
657,669,5,0,36
657,670,5,0,36
657,671,5,0,36
657,672,5,0,36
657,673,5,0,36
657,674,5,0,36
657,675,5,0,36
657,676,5,0,36
657,677,5,0,36
657,678,5,0,36
657,679,5,0,36
657,680,5,0,36
657,681,5,0,36
657,682,5,0,36
657,683,5,0,36
657,684,5,0,36
657,685,5,0,36
657,686,5,0,36
657,687,5,0,36
657,688,5,0,36
657,689,5,0,36
657,690,5,0,36
657,691,5,0,36
657,692,5,0,36
657,693,5,0,36
657,694,5,0,36
657,695,5,0,36
657,696,5,0,36
657,697,5,0,36
657,698,5,0,36
657,699,5,0,36
657,700,5,0,36
657,701,5,0,36
657,702,5,0,36
657,703,5,0,36
657,704,5,0,36
657,705,5,0,36
657,706,5,0,36
657,707,5,0,36
657,708,5,0,36
657,709,5,0,36
657,710,5,0,36
657,711,5,0,36
657,712,5,0,36
657,713,5,0,36
657,714,5,0,36
657,715,5,0,36
657,716,5,0,36
657,717,5,0,36
657,718,5,0,36
657,719,5,0,36
657,720,5,0,36
657,721,5,0,36
657,722,5,0,36
657,723,5,0,36
657,724,5,0,36
662,625,464,0,41
662,626,464,0,41
662,627,464,0,41
662,628,464,0,41
662,629,464,0,41
662,630,464,0,41
662,631,464,0,41
662,632,464,0,41
662,633,464,0,41
662,634,464,0,41
662,635,464,0,41
662,636,464,0,41
662,637,464,0,41
662,638,464,0,41
662,639,464,0,41
662,640,464,0,41
662,641,464,0,41
662,642,464,0,41
662,643,464,0,41
662,644,464,0,41
662,645,464,0,41
662,646,464,0,41
662,647,464,0,41
662,648,464,0,41
662,649,464,0,41
662,650,464,0,41
662,651,464,0,41
662,652,464,0,41
662,653,464,0,41
662,654,464,0,41
662,655,464,0,41
662,656,464,0,41
662,657,464,0,41
662,658,464,0,41
662,659,464,0,41
662,660,464,0,41
662,661,464,0,41
662,663,464,0,41
662,664,464,0,41
662,665,464,0,41
662,666,464,0,41
662,667,464,0,41
662,668,464,0,41
662,669,464,0,41
662,670,464,0,41
662,671,464,0,41
662,672,464,0,41
662,673,464,0,41
662,674,464,0,41
662,675,464,0,41
662,676,464,0,41
662,677,464,0,41
662,678,464,0,41
662,679,464,0,41
662,680,464,0,41
662,681,464,0,41
662,682,464,0,41
662,683,464,0,41
662,684,464,0,41
662,685,464,0,41
662,686,464,0,41
662,687,464,0,41
662,688,464,0,41
662,689,464,0,41
662,690,464,0,41
662,691,464,0,41
662,692,464,0,41
662,693,464,0,41
662,694,464,0,41
662,695,464,0,41
662,696,464,0,41
662,697,464,0,41
662,698,464,0,41
662,699,464,0,41
662,700,464,0,41
662,701,464,0,41
662,702,464,0,41
662,703,464,0,41
662,704,464,0,41
662,705,464,0,41
662,706,464,0,41
662,707,464,0,41
662,708,464,0,41
662,709,464,0,41
662,710,464,0,41
662,711,464,0,41
662,712,464,0,41
662,713,464,0,41
662,714,464,0,41
662,715,464,0,41
662,716,464,0,41
662,717,464,0,41
662,718,464,0,41
662,719,464,0,41
662,720,464,0,41
662,721,464,0,41
662,722,464,0,41
662,723,464,0,41
662,724,464,0,41
664,625,182,0,43
664,626,182,0,43
664,627,182,0,43
664,628,182,0,43
664,629,182,0,43
664,630,182,0,43
664,631,182,0,43
664,632,182,0,43
664,633,182,0,43
664,634,182,0,43
664,635,182,0,43
664,636,182,0,43
664,637,182,0,43
664,638,182,0,43
664,639,182,0,43
664,640,182,0,43
664,641,182,0,43
664,642,182,0,43
664,643,182,0,43
664,644,182,0,43
664,645,182,0,43
664,646,182,0,43
664,647,182,0,43
664,648,182,0,43
664,649,182,0,43
664,650,182,0,43
664,651,182,0,43
664,652,182,0,43
664,653,182,0,43
664,654,182,0,43
664,655,182,0,43
664,656,182,0,43
664,657,182,0,43
664,658,182,0,43
664,659,182,0,43
664,660,182,0,43
664,661,182,0,43
664,662,182,0,43
664,663,182,0,43
664,665,182,0,43
664,666,182,0,43
664,667,182,0,43
664,668,182,0,43
664,669,182,0,43
664,670,182,0,43
664,671,182,0,43
664,672,182,0,43
664,673,182,0,43
664,674,182,0,43
664,675,182,0,43
664,676,182,0,43
664,677,182,0,43
664,678,182,0,43
664,679,182,0,43
664,680,182,0,43
664,681,182,0,43
664,682,182,0,43
664,683,182,0,43
664,684,182,0,43
664,685,182,0,43
664,686,182,0,43
664,687,182,0,43
664,688,182,0,43
664,689,182,0,43
664,690,182,0,43
664,691,182,0,43
664,692,182,0,43
664,693,182,0,43
664,694,182,0,43
664,695,182,0,43
664,696,182,0,43
664,697,182,0,43
664,698,182,0,43
664,699,182,0,43
664,700,182,0,43
664,701,182,0,43
664,702,182,0,43
664,703,182,0,43
664,704,182,0,43
664,705,182,0,43
664,706,182,0,43
664,707,182,0,43
664,708,182,0,43
664,709,182,0,43
664,710,182,0,43
664,711,182,0,43
664,712,182,0,43
664,713,182,0,43
664,714,182,0,43
664,715,182,0,43
664,716,182,0,43
664,717,182,0,43
664,718,182,0,43
664,719,182,0,43
664,720,182,0,43
664,721,182,0,43
664,722,182,0,43
664,723,182,0,43
664,724,182,0,43
665,625,167,0,44
665,626,167,0,44
665,627,167,0,44
665,628,167,0,44
665,629,167,0,44
665,630,167,0,44
665,631,167,0,44
665,632,167,0,44
665,633,167,0,44
665,634,167,0,44
665,635,167,0,44
665,636,167,0,44
665,637,167,0,44
665,638,167,0,44
665,639,167,0,44
665,640,167,0,44
665,641,167,0,44
665,642,167,0,44
665,643,167,0,44
665,644,167,0,44
665,645,167,0,44
665,646,167,0,44
665,647,167,0,44
665,648,167,0,44
665,649,167,0,44
665,650,167,0,44
665,651,167,0,44
665,652,167,0,44
665,653,167,0,44
665,654,167,0,44
665,655,167,0,44
665,656,167,0,44
665,657,167,0,44
665,658,167,0,44
665,659,167,0,44
665,660,167,0,44
665,661,167,0,44
665,662,167,0,44
665,663,167,0,44
665,664,167,0,44
665,666,167,0,44
665,667,167,0,44
665,668,167,0,44
665,669,167,0,44
665,670,167,0,44
665,671,167,0,44
665,672,167,0,44
665,673,167,0,44
665,674,167,0,44
665,675,167,0,44
665,676,167,0,44
665,677,167,0,44
665,678,167,0,44
665,679,167,0,44
665,680,167,0,44
665,681,167,0,44
665,682,167,0,44
665,683,167,0,44
665,684,167,0,44
665,685,167,0,44
665,686,167,0,44
665,687,167,0,44
665,688,167,0,44
665,689,167,0,44
665,690,167,0,44
665,691,167,0,44
665,692,167,0,44
665,693,167,0,44
665,694,167,0,44
665,695,167,0,44
665,696,167,0,44
665,697,167,0,44
665,698,167,0,44
665,699,167,0,44
665,700,167,0,44
665,701,167,0,44
665,702,167,0,44
665,703,167,0,44
665,704,167,0,44
665,705,167,0,44
665,706,167,0,44
665,707,167,0,44
665,708,167,0,44
665,709,167,0,44
665,710,167,0,44
665,711,167,0,44
665,712,167,0,44
665,713,167,0,44
665,714,167,0,44
665,715,167,0,44
665,716,167,0,44
665,717,167,0,44
665,718,167,0,44
665,719,167,0,44
665,720,167,0,44
665,721,167,0,44
665,722,167,0,44
665,723,167,0,44
665,724,167,0,44
671,625,564,0,50
671,626,564,0,50
671,627,564,0,50
671,628,564,0,50
671,629,564,0,50
671,630,564,0,50
671,631,564,0,50
671,632,564,0,50
671,633,564,0,50
671,634,564,0,50
671,635,564,0,50
671,636,564,0,50
671,637,564,0,50
671,638,564,0,50
671,639,564,0,50
671,640,564,0,50
671,641,564,0,50
671,642,564,0,50
671,643,564,0,50
671,644,564,0,50
671,645,564,0,50
671,646,564,0,50
671,647,564,0,50
671,648,564,0,50
671,649,564,0,50
671,650,564,0,50
671,651,564,0,50
671,652,564,0,50
671,653,564,0,50
671,654,564,0,50
671,655,564,0,50
671,656,564,0,50
671,657,564,0,50
671,658,564,0,50
671,659,564,0,50
671,660,564,0,50
671,661,564,0,50
671,662,564,0,50
671,663,564,0,50
671,664,564,0,50
671,665,564,0,50
671,666,564,0,50
671,667,564,0,50
671,668,564,0,50
671,669,564,0,50
671,670,564,0,50
671,672,564,0,50
671,673,564,0,50
671,674,564,0,50
671,675,564,0,50
671,676,564,0,50
671,677,564,0,50
671,678,564,0,50
671,679,564,0,50
671,680,564,0,50
671,681,564,0,50
671,682,564,0,50
671,683,564,0,50
671,684,564,0,50
671,685,564,0,50
671,686,564,0,50
671,687,564,0,50
671,688,564,0,50
671,689,564,0,50
671,690,564,0,50
671,691,564,0,50
671,692,564,0,50
671,693,564,0,50
671,694,564,0,50
671,695,564,0,50
671,696,564,0,50
671,697,564,0,50
671,698,564,0,50
671,699,564,0,50
671,700,564,0,50
671,701,564,0,50
671,702,564,0,50
671,703,564,0,50
671,704,564,0,50
671,705,564,0,50
671,706,564,0,50
671,707,564,0,50
671,708,564,0,50
671,709,564,0,50
671,710,564,0,50
671,711,564,0,50
671,712,564,0,50
671,713,564,0,50
671,714,564,0,50
671,715,564,0,50
671,716,564,0,50
671,717,564,0,50
671,718,564,0,50
671,719,564,0,50
671,720,564,0,50
671,721,564,0,50
671,722,564,0,50
671,723,564,0,50
671,724,564,0,50
673,625,37,0,52
673,626,37,0,52
673,627,37,0,52
673,628,37,0,52
673,629,37,0,52
673,630,37,0,52
673,631,37,0,52
673,632,37,0,52
673,633,37,0,52
673,634,37,0,52
673,635,37,0,52
673,636,37,0,52
673,637,37,0,52
673,638,37,0,52
673,639,37,0,52
673,640,37,0,52
673,641,37,0,52
673,642,37,0,52
673,643,37,0,52
673,644,37,0,52
673,645,37,0,52
673,646,37,0,52
673,647,37,0,52
673,648,37,0,52
673,649,37,0,52
673,650,37,0,52
673,651,37,0,52
673,652,37,0,52
673,653,37,0,52
673,654,37,0,52
673,655,37,0,52
673,656,37,0,52
673,657,37,0,52
673,658,37,0,52
673,659,37,0,52
673,660,37,0,52
673,661,37,0,52
673,662,37,0,52
673,663,37,0,52
673,664,37,0,52
673,665,37,0,52
673,666,37,0,52
673,667,37,0,52
673,668,37,0,52
673,669,37,0,52
673,670,37,0,52
673,671,37,0,52
673,672,37,0,52
673,674,37,0,52
673,675,37,0,52
673,676,37,0,52
673,677,37,0,52
673,678,37,0,52
673,679,37,0,52
673,680,37,0,52
673,681,37,0,52
673,682,37,0,52
673,683,37,0,52
673,684,37,0,52
673,685,37,0,52
673,686,37,0,52
673,687,37,0,52
673,688,37,0,52
673,689,37,0,52
673,690,37,0,52
673,691,37,0,52
673,692,37,0,52
673,693,37,0,52
673,694,37,0,52
673,695,37,0,52
673,696,37,0,52
673,697,37,0,52
673,698,37,0,52
673,699,37,0,52
673,700,37,0,52
673,701,37,0,52
673,702,37,0,52
673,703,37,0,52
673,704,37,0,52
673,705,37,0,52
673,706,37,0,52
673,707,37,0,52
673,708,37,0,52
673,709,37,0,52
673,710,37,0,52
673,711,37,0,52
673,712,37,0,52
673,713,37,0,52
673,714,37,0,52
673,715,37,0,52
673,716,37,0,52
673,717,37,0,52
673,718,37,0,52
673,719,37,0,52
673,720,37,0,52
673,721,37,0,52
673,722,37,0,52
673,723,37,0,52
673,724,37,0,52
676,625,589,0,55
676,626,589,0,55
676,627,589,0,55
676,628,589,0,55
676,629,589,0,55
676,630,589,0,55
676,631,589,0,55
676,632,589,0,55
676,633,589,0,55
676,634,589,0,55
676,635,589,0,55
676,636,589,0,55
676,637,589,0,55
676,638,589,0,55
676,639,589,0,55
676,640,589,0,55
676,641,589,0,55
676,642,589,0,55
676,643,589,0,55
676,644,589,0,55
676,645,589,0,55
676,646,589,0,55
676,647,589,0,55
676,648,589,0,55
676,649,589,0,55
676,650,589,0,55
676,651,589,0,55
676,652,589,0,55
676,653,589,0,55
676,654,589,0,55
676,655,589,0,55
676,656,589,0,55
676,657,589,0,55
676,658,589,0,55
676,659,589,0,55
676,660,589,0,55
676,661,589,0,55
676,662,589,0,55
676,663,589,0,55
676,664,589,0,55
676,665,589,0,55
676,666,589,0,55
676,667,589,0,55
676,668,589,0,55
676,669,589,0,55
676,670,589,0,55
676,671,589,0,55
676,672,589,0,55
676,673,589,0,55
676,674,589,0,55
676,675,589,0,55
676,677,589,0,55
676,678,589,0,55
676,679,589,0,55
676,680,589,0,55
676,681,589,0,55
676,682,589,0,55
676,683,589,0,55
676,684,589,0,55
676,685,589,0,55
676,686,589,0,55
676,687,589,0,55
676,688,589,0,55
676,689,589,0,55
676,690,589,0,55
676,691,589,0,55
676,692,589,0,55
676,693,589,0,55
676,694,589,0,55
676,695,589,0,55
676,696,589,0,55
676,697,589,0,55
676,698,589,0,55
676,699,589,0,55
676,700,589,0,55
676,701,589,0,55
676,702,589,0,55
676,703,589,0,55
676,704,589,0,55
676,705,589,0,55
676,706,589,0,55
676,707,589,0,55
676,708,589,0,55
676,709,589,0,55
676,710,589,0,55
676,711,589,0,55
676,712,589,0,55
676,713,589,0,55
676,714,589,0,55
676,715,589,0,55
676,716,589,0,55
676,717,589,0,55
676,718,589,0,55
676,719,589,0,55
676,720,589,0,55
676,721,589,0,55
676,722,589,0,55
676,723,589,0,55
676,724,589,0,55
679,625,460,0,58
679,626,460,0,58
679,627,460,0,58
679,628,460,0,58
679,629,460,0,58
679,630,460,0,58
679,631,460,0,58
679,632,460,0,58
679,633,460,0,58
679,634,460,0,58
679,635,460,0,58
679,636,460,0,58
679,637,460,0,58
679,638,460,0,58
679,639,460,0,58
679,640,460,0,58
679,641,460,0,58
679,642,460,0,58
679,643,460,0,58
679,644,460,0,58
679,645,460,0,58
679,646,460,0,58
679,647,460,0,58
679,648,460,0,58
679,649,460,0,58
679,650,460,0,58
679,651,460,0,58
679,652,460,0,58
679,653,460,0,58
679,654,460,0,58
679,655,460,0,58
679,656,460,0,58
679,657,460,0,58
679,658,460,0,58
679,659,460,0,58
679,660,460,0,58
679,661,460,0,58
679,662,460,0,58
679,663,460,0,58
679,664,460,0,58
679,665,460,0,58
679,666,460,0,58
679,667,460,0,58
679,668,460,0,58
679,669,460,0,58
679,670,460,0,58
679,671,460,0,58
679,672,460,0,58
679,673,460,0,58
679,674,460,0,58
679,675,460,0,58
679,676,460,0,58
679,677,460,0,58
679,678,460,0,58
679,680,460,0,58
679,681,460,0,58
679,682,460,0,58
679,683,460,0,58
679,684,460,0,58
679,685,460,0,58
679,686,460,0,58
679,687,460,0,58
679,688,460,0,58
679,689,460,0,58
679,690,460,0,58
679,691,460,0,58
679,692,460,0,58
679,693,460,0,58
679,694,460,0,58
679,695,460,0,58
679,696,460,0,58
679,697,460,0,58
679,698,460,0,58
679,699,460,0,58
679,700,460,0,58
679,701,460,0,58
679,702,460,0,58
679,703,460,0,58
679,704,460,0,58
679,705,460,0,58
679,706,460,0,58
679,707,460,0,58
679,708,460,0,58
679,709,460,0,58
679,710,460,0,58
679,711,460,0,58
679,712,460,0,58
679,713,460,0,58
679,714,460,0,58
679,715,460,0,58
679,716,460,0,58
679,717,460,0,58
679,718,460,0,58
679,719,460,0,58
679,720,460,0,58
679,721,460,0,58
679,722,460,0,58
679,723,460,0,58
679,724,460,0,58
690,625,365,0,69
690,626,365,0,69
690,627,365,0,69
690,628,365,0,69
690,629,365,0,69
690,630,365,0,69
690,631,365,0,69
690,632,365,0,69
690,633,365,0,69
690,634,365,0,69
690,635,365,0,69
690,636,365,0,69
690,637,365,0,69
690,638,365,0,69
690,639,365,0,69
690,640,365,0,69
690,641,365,0,69
690,642,365,0,69
690,643,365,0,69
690,644,365,0,69
690,645,365,0,69
690,646,365,0,69
690,647,365,0,69
690,648,365,0,69
690,649,365,0,69
690,650,365,0,69
690,651,365,0,69
690,652,365,0,69
690,653,365,0,69
690,654,365,0,69
690,655,365,0,69
690,656,365,0,69
690,657,365,0,69
690,658,365,0,69
690,659,365,0,69
690,660,365,0,69
690,661,365,0,69
690,662,365,0,69
690,663,365,0,69
690,664,365,0,69
690,665,365,0,69
690,666,365,0,69
690,667,365,0,69
690,668,365,0,69
690,669,365,0,69
690,670,365,0,69
690,671,365,0,69
690,672,365,0,69
690,673,365,0,69
690,674,365,0,69
690,675,365,0,69
690,676,365,0,69
690,677,365,0,69
690,678,365,0,69
690,679,365,0,69
690,680,365,0,69
690,681,365,0,69
690,682,365,0,69
690,683,365,0,69
690,684,365,0,69
690,685,365,0,69
690,686,365,0,69
690,687,365,0,69
690,688,365,0,69
690,689,365,0,69
690,691,365,0,69
690,692,365,0,69
690,693,365,0,69
690,694,365,0,69
690,695,365,0,69
690,696,365,0,69
690,697,365,0,69
690,698,365,0,69
690,699,365,0,69
690,700,365,0,69
690,701,365,0,69
690,702,365,0,69
690,703,365,0,69
690,704,365,0,69
690,705,365,0,69
690,706,365,0,69
690,707,365,0,69
690,708,365,0,69
690,709,365,0,69
690,710,365,0,69
690,711,365,0,69
690,712,365,0,69
690,713,365,0,69
690,714,365,0,69
690,715,365,0,69
690,716,365,0,69
690,717,365,0,69
690,718,365,0,69
690,719,365,0,69
690,720,365,0,69
690,721,365,0,69
690,722,365,0,69
690,723,365,0,69
690,724,365,0,69
691,625,539,0,70
691,626,539,0,70
691,627,539,0,70
691,628,539,0,70
691,629,539,0,70
691,630,539,0,70
691,631,539,0,70
691,632,539,0,70
691,633,539,0,70
691,634,539,0,70
691,635,539,0,70
691,636,539,0,70
691,637,539,0,70
691,638,539,0,70
691,639,539,0,70
691,640,539,0,70
691,641,539,0,70
691,642,539,0,70
691,643,539,0,70
691,644,539,0,70
691,645,539,0,70
691,646,539,0,70
691,647,539,0,70
691,648,539,0,70
691,649,539,0,70
691,650,539,0,70
691,651,539,0,70
691,652,539,0,70
691,653,539,0,70
691,654,539,0,70
691,655,539,0,70
691,656,539,0,70
691,657,539,0,70
691,658,539,0,70
691,659,539,0,70
691,660,539,0,70
691,661,539,0,70
691,662,539,0,70
691,663,539,0,70
691,664,539,0,70
691,665,539,0,70
691,666,539,0,70
691,667,539,0,70
691,668,539,0,70
691,669,539,0,70
691,670,539,0,70
691,671,539,0,70
691,672,539,0,70
691,673,539,0,70
691,674,539,0,70
691,675,539,0,70
691,676,539,0,70
691,677,539,0,70
691,678,539,0,70
691,679,539,0,70
691,680,539,0,70
691,681,539,0,70
691,682,539,0,70
691,683,539,0,70
691,684,539,0,70
691,685,539,0,70
691,686,539,0,70
691,687,539,0,70
691,688,539,0,70
691,689,539,0,70
691,690,539,0,70
691,692,539,0,70
691,693,539,0,70
691,694,539,0,70
691,695,539,0,70
691,696,539,0,70
691,697,539,0,70
691,698,539,0,70
691,699,539,0,70
691,700,539,0,70
691,701,539,0,70
691,702,539,0,70
691,703,539,0,70
691,704,539,0,70
691,705,539,0,70
691,706,539,0,70
691,707,539,0,70
691,708,539,0,70
691,709,539,0,70
691,710,539,0,70
691,711,539,0,70
691,712,539,0,70
691,713,539,0,70
691,714,539,0,70
691,715,539,0,70
691,716,539,0,70
691,717,539,0,70
691,718,539,0,70
691,719,539,0,70
691,720,539,0,70
691,721,539,0,70
691,722,539,0,70
691,723,539,0,70
691,724,539,0,70
699,625,114,0,78
699,626,114,0,78
699,627,114,0,78
699,628,114,0,78
699,629,114,0,78
699,630,114,0,78
699,631,114,0,78
699,632,114,0,78
699,633,114,0,78
699,634,114,0,78
699,635,114,0,78
699,636,114,0,78
699,637,114,0,78
699,638,114,0,78
699,639,114,0,78
699,640,114,0,78
699,641,114,0,78
699,642,114,0,78
699,643,114,0,78
699,644,114,0,78
699,645,114,0,78
699,646,114,0,78
699,647,114,0,78
699,648,114,0,78
699,649,114,0,78
699,650,114,0,78
699,651,114,0,78
699,652,114,0,78
699,653,114,0,78
699,654,114,0,78
699,655,114,0,78
699,656,114,0,78
699,657,114,0,78
699,658,114,0,78
699,659,114,0,78
699,660,114,0,78
699,661,114,0,78
699,662,114,0,78
699,663,114,0,78
699,664,114,0,78
699,665,114,0,78
699,666,114,0,78
699,667,114,0,78
699,668,114,0,78
699,669,114,0,78
699,670,114,0,78
699,671,114,0,78
699,672,114,0,78
699,673,114,0,78
699,674,114,0,78
699,675,114,0,78
699,676,114,0,78
699,677,114,0,78
699,678,114,0,78
699,679,114,0,78
699,680,114,0,78
699,681,114,0,78
699,682,114,0,78
699,683,114,0,78
699,684,114,0,78
699,685,114,0,78
699,686,114,0,78
699,687,114,0,78
699,688,114,0,78
699,689,114,0,78
699,690,114,0,78
699,691,114,0,78
699,692,114,0,78
699,693,114,0,78
699,694,114,0,78
699,695,114,0,78
699,696,114,0,78
699,697,114,0,78
699,698,114,0,78
699,700,114,0,78
699,701,114,0,78
699,702,114,0,78
699,703,114,0,78
699,704,114,0,78
699,705,114,0,78
699,706,114,0,78
699,707,114,0,78
699,708,114,0,78
699,709,114,0,78
699,710,114,0,78
699,711,114,0,78
699,712,114,0,78
699,713,114,0,78
699,714,114,0,78
699,715,114,0,78
699,716,114,0,78
699,717,114,0,78
699,718,114,0,78
699,719,114,0,78
699,720,114,0,78
699,721,114,0,78
699,722,114,0,78
699,723,114,0,78
699,724,114,0,78
701,625,9,0,80
701,626,9,0,80
701,627,9,0,80
701,628,9,0,80
701,629,9,0,80
701,630,9,0,80
701,631,9,0,80
701,632,9,0,80
701,633,9,0,80
701,634,9,0,80
701,635,9,0,80
701,636,9,0,80
701,637,9,0,80
701,638,9,0,80
701,639,9,0,80
701,640,9,0,80
701,641,9,0,80
701,642,9,0,80
701,643,9,0,80
701,644,9,0,80
701,645,9,0,80
701,646,9,0,80
701,647,9,0,80
701,648,9,0,80
701,649,9,0,80
701,650,9,0,80
701,651,9,0,80
701,652,9,0,80
701,653,9,0,80
701,654,9,0,80
701,655,9,0,80
701,656,9,0,80
701,657,9,0,80
701,658,9,0,80
701,659,9,0,80
701,660,9,0,80
701,661,9,0,80
701,662,9,0,80
701,663,9,0,80
701,664,9,0,80
701,665,9,0,80
701,666,9,0,80
701,667,9,0,80
701,668,9,0,80
701,669,9,0,80
701,670,9,0,80
701,671,9,0,80
701,672,9,0,80
701,673,9,0,80
701,674,9,0,80
701,675,9,0,80
701,676,9,0,80
701,677,9,0,80
701,678,9,0,80
701,679,9,0,80
701,680,9,0,80
701,681,9,0,80
701,682,9,0,80
701,683,9,0,80
701,684,9,0,80
701,685,9,0,80
701,686,9,0,80
701,687,9,0,80
701,688,9,0,80
701,689,9,0,80
701,690,9,0,80
701,691,9,0,80
701,692,9,0,80
701,693,9,0,80
701,694,9,0,80
701,695,9,0,80
701,696,9,0,80
701,697,9,0,80
701,698,9,0,80
701,699,9,0,80
701,700,9,0,80
701,702,9,0,80
701,703,9,0,80
701,704,9,0,80
701,705,9,0,80
701,706,9,0,80
701,707,9,0,80
701,708,9,0,80
701,709,9,0,80
701,710,9,0,80
701,711,9,0,80
701,712,9,0,80
701,713,9,0,80
701,714,9,0,80
701,715,9,0,80
701,716,9,0,80
701,717,9,0,80
701,718,9,0,80
701,719,9,0,80
701,720,9,0,80
701,721,9,0,80
701,722,9,0,80
701,723,9,0,80
701,724,9,0,80
720,625,304,0,99
720,626,304,0,99
720,627,304,0,99
720,628,304,0,99
720,629,304,0,99
720,630,304,0,99
720,631,304,0,99
720,632,304,0,99
720,633,304,0,99
720,634,304,0,99
720,635,304,0,99
720,636,304,0,99
720,637,304,0,99
720,638,304,0,99
720,639,304,0,99
720,640,304,0,99
720,641,304,0,99
720,642,304,0,99
720,643,304,0,99
720,644,304,0,99
720,645,304,0,99
720,646,304,0,99
720,647,304,0,99
720,648,304,0,99
720,649,304,0,99
720,650,304,0,99
720,651,304,0,99
720,652,304,0,99
720,653,304,0,99
720,654,304,0,99
720,655,304,0,99
720,656,304,0,99
720,657,304,0,99
720,658,304,0,99
720,659,304,0,99
720,660,304,0,99
720,661,304,0,99
720,662,304,0,99
720,663,304,0,99
720,664,304,0,99
720,665,304,0,99
720,666,304,0,99
720,667,304,0,99
720,668,304,0,99
720,669,304,0,99
720,670,304,0,99
720,671,304,0,99
720,672,304,0,99
720,673,304,0,99
720,674,304,0,99
720,675,304,0,99
720,676,304,0,99
720,677,304,0,99
720,678,304,0,99
720,679,304,0,99
720,680,304,0,99
720,681,304,0,99
720,682,304,0,99
720,683,304,0,99
720,684,304,0,99
720,685,304,0,99
720,686,304,0,99
720,687,304,0,99
720,688,304,0,99
720,689,304,0,99
720,690,304,0,99
720,691,304,0,99
720,692,304,0,99
720,693,304,0,99
720,694,304,0,99
720,695,304,0,99
720,696,304,0,99
720,697,304,0,99
720,698,304,0,99
720,699,304,0,99
720,700,304,0,99
720,701,304,0,99
720,702,304,0,99
720,703,304,0,99
720,704,304,0,99
720,705,304,0,99
720,706,304,0,99
720,707,304,0,99
720,708,304,0,99
720,709,304,0,99
720,710,304,0,99
720,711,304,0,99
720,712,304,0,99
720,713,304,0,99
720,714,304,0,99
720,715,304,0,99
720,716,304,0,99
720,717,304,0,99
720,718,304,0,99
720,719,304,0,99
720,721,304,0,99
720,722,304,0,99
720,723,304,0,99
720,724,304,0,99
