0,676,25,1,0
1,676,26,2,0
2,676,27,2,0
2,682,27,2,0
3,634,28,2,0
3,676,28,2,0
3,682,28,2,0
3,710,4,1,0
4,634,29,2,0
4,676,29,2,0
4,682,29,2,0
4,710,5,1,0
5,634,30,2,0
5,676,30,2,0
6,634,5,0,1
6,676,5,0,1
6,682,5,0,1
6,710,606,3,3
7,634,6,0,1
7,676,6,0,1
7,682,6,0,1
7,710,607,3,3
8,634,7,0,1
8,644,7,0,1
8,676,7,0,1
8,682,7,0,1
8,710,608,3,3
9,651,8,0,1
9,676,8,0,1
9,682,8,0,1
10,676,9,0,1
11,676,10,0,1
12,676,13,1,0
13,676,14,1,0
14,676,15,1,0
15,634,16,1,0
15,651,14,0,1
15,676,16,1,0
15,682,16,1,0
16,634,17,1,0
16,644,15,0,1
16,676,17,1,0
16,682,17,1,0
16,710,616,3,3
17,634,18,1,0
17,676,18,1,0
17,682,18,1,0
17,710,617,3,3
18,634,43,2,0
18,676,43,2,0
19,634,44,2,0
19,676,44,2,0
19,682,44,2,0
19,710,18,0,1
20,634,45,2,0
20,644,21,1,0
20,676,45,2,0
20,682,45,2,0
20,710,19,0,1
21,634,46,2,0
21,651,22,1,0
21,676,46,2,0
21,682,46,2,0
22,676,47,2,0
23,676,48,2,0
24,676,49,2,0
25,676,50,2,0
26,676,51,3,0
27,676,52,3,0
27,682,52,3,0
28,634,53,3,0
28,676,53,3,0
28,682,53,3,0
28,710,29,2,1
29,634,54,3,0
29,676,54,3,0
29,682,54,3,0
29,710,30,2,1
30,634,55,3,0
30,676,55,3,0
30,682,55,3,0
31,634,30,1,2
31,676,30,1,2
31,682,30,1,2
31,710,6,0,2
32,634,31,1,2
32,676,31,1,2
32,682,31,1,2
32,710,7,0,2
33,634,32,1,2
33,644,32,1,2
33,676,32,1,2
33,682,32,1,2
33,710,8,0,2
34,651,33,1,2
34,676,33,1,2
34,682,33,1,2
35,676,34,1,2
36,676,35,1,2
37,676,38,2,1
38,676,39,2,1
39,676,40,2,1
40,634,41,2,1
40,651,39,1,2
40,676,41,2,1
40,682,41,2,1
41,634,42,2,1
41,644,40,1,2
41,676,42,2,1
41,682,42,2,1
41,710,16,0,2
42,634,43,2,1
42,676,43,2,1
42,682,43,2,1
42,710,17,0,2
43,634,68,3,0
43,676,68,3,0
43,682,68,3,0
44,634,69,3,0
44,676,69,3,0
44,682,69,3,0
44,710,43,1,2
45,634,70,3,0
45,644,46,2,1
45,676,70,3,0
45,682,70,3,0
45,710,44,1,2
46,634,71,3,0
46,651,47,2,1
46,676,71,3,0
46,682,71,3,0
47,676,72,3,0
48,676,73,3,0
49,676,74,3,0
50,676,75,2,0
51,676,76,3,0
52,676,77,3,0
52,682,77,3,0
53,634,78,3,0
53,676,78,3,0
53,682,78,3,0
53,710,54,2,1
54,634,79,3,0
54,676,79,3,0
54,682,79,3,0
54,710,55,2,1
55,634,80,3,0
55,676,80,3,0
55,682,80,3,0
56,634,55,1,2
56,676,55,1,2
56,682,55,1,2
56,710,31,0,3
57,634,56,1,2
57,676,56,1,2
57,682,56,1,2
57,710,32,0,3
58,634,57,1,2
58,644,57,1,2
58,676,57,1,2
58,682,57,1,2
58,710,33,0,3
59,651,58,1,2
59,676,58,1,2
59,682,58,1,2
60,676,59,1,2
61,676,60,1,2
62,676,63,2,1
63,676,64,2,1
64,676,65,2,1
65,634,66,2,1
65,651,64,1,2
65,676,66,2,1
65,682,66,2,1
66,634,67,2,1
66,644,65,1,2
66,676,67,2,1
66,682,67,2,1
66,710,41,0,3
67,634,68,2,1
67,676,68,2,1
67,682,68,2,1
67,710,42,0,3
68,634,93,3,0
68,676,93,3,0
68,682,93,3,0
69,634,94,3,0
69,676,94,3,0
69,682,94,3,0
69,710,68,1,2
70,634,95,3,0
70,644,71,2,1
70,676,95,3,0
70,682,95,3,0
70,710,69,1,2
71,634,96,3,0
71,651,72,2,1
71,676,96,3,0
71,682,96,3,0
72,676,97,3,0
73,676,98,3,0
74,676,99,3,0
75,676,100,2,0
76,676,101,3,0
77,676,102,3,0
77,682,102,3,0
78,634,103,3,0
78,676,103,3,0
78,682,103,3,0
78,710,79,2,1
79,634,104,3,0
79,676,104,3,0
79,682,104,3,0
79,710,80,2,1
80,634,105,3,0
80,676,105,3,0
80,682,105,3,0
81,634,80,1,2
81,676,80,1,2
81,682,80,1,2
81,710,56,0,3
82,634,81,1,2
82,676,81,1,2
82,682,81,1,2
82,710,57,0,3
83,634,82,1,2
83,644,82,1,2
83,676,82,1,2
83,682,82,1,2
83,710,58,0,3
84,651,83,1,2
84,676,83,1,2
84,682,83,1,2
85,676,84,1,2
86,676,85,1,2
87,676,88,2,1
88,676,89,2,1
89,676,90,2,1
90,634,91,2,1
90,651,89,1,2
90,676,91,2,1
90,682,91,2,1
91,634,92,2,1
91,644,90,1,2
91,676,92,2,1
91,682,92,2,1
91,710,66,0,3
92,634,93,2,1
92,676,93,2,1
92,682,93,2,1
92,710,67,0,3
93,634,118,3,0
93,676,118,3,0
93,682,118,3,0
94,634,119,3,0
94,676,119,3,0
94,682,119,3,0
94,710,93,1,2
95,634,120,3,0
95,644,96,2,1
95,676,120,3,0
95,682,120,3,0
95,710,94,1,2
96,634,121,3,0
96,651,97,2,1
96,676,121,3,0
96,682,121,3,0
97,676,122,3,0
98,676,123,3,0
99,676,124,3,0
100,676,125,2,0
101,676,126,3,0
102,676,127,3,0
102,682,127,3,0
103,634,128,3,0
103,676,128,3,0
103,682,128,3,0
103,710,104,2,1
104,634,129,3,0
104,676,129,3,0
104,682,129,3,0
104,710,105,2,1
105,634,130,3,0
105,676,130,3,0
105,682,130,3,0
105,710,130,3,0
106,634,105,1,2
106,676,105,1,2
106,682,105,1,2
106,710,131,3,0
107,634,106,1,2
107,676,106,1,2
107,682,106,1,2
107,710,132,3,0
108,634,107,1,2
108,644,107,1,2
108,676,107,1,2
108,682,107,1,2
108,710,133,3,0
109,651,108,1,2
109,676,108,1,2
109,682,108,1,2
110,676,109,1,2
111,676,110,1,2
112,676,113,2,1
113,676,114,2,1
114,676,115,2,1
115,634,116,2,1
115,651,114,1,2
115,676,116,2,1
115,682,116,2,1
116,634,117,2,1
116,644,115,1,2
116,676,117,2,1
116,682,117,2,1
116,710,141,3,0
117,634,118,2,1
117,676,118,2,1
117,682,118,2,1
117,710,142,3,0
118,634,143,3,0
118,676,143,3,0
118,682,143,3,0
118,710,143,3,0
119,634,144,3,0
119,676,144,3,0
119,682,144,3,0
119,710,118,1,2
120,634,145,3,0
120,644,121,2,1
120,676,145,3,0
120,682,145,3,0
120,710,119,1,2
121,634,146,3,0
121,651,122,2,1
121,676,146,3,0
121,682,146,3,0
122,676,147,3,0
123,676,148,3,0
124,676,149,3,0
125,676,150,2,0
126,676,151,3,0
127,676,152,3,0
127,682,152,3,0
128,634,153,3,0
128,676,153,3,0
128,682,153,3,0
128,710,129,2,1
129,634,154,3,0
129,676,154,3,0
129,682,154,3,0
129,710,130,2,1
130,634,155,3,0
130,676,155,3,0
130,682,155,3,0
130,710,155,3,0
131,634,130,1,2
131,676,130,1,2
131,682,130,1,2
131,710,156,3,0
132,634,131,1,2
132,676,131,1,2
132,682,131,1,2
132,710,157,3,0
133,634,132,1,2
133,644,132,1,2
133,676,132,1,2
133,682,132,1,2
133,710,158,3,0
134,651,133,1,2
134,676,133,1,2
134,682,133,1,2
135,676,134,1,2
136,676,135,1,2
137,676,138,2,1
138,676,139,2,1
139,676,140,2,1
140,634,141,2,1
140,651,139,1,2
140,676,141,2,1
140,682,141,2,1
141,634,142,2,1
141,644,140,1,2
141,676,142,2,1
141,682,142,2,1
141,710,166,3,0
142,634,143,2,1
142,676,143,2,1
142,682,143,2,1
142,710,167,3,0
143,634,168,3,0
143,676,168,3,0
143,682,168,3,0
143,710,168,3,0
144,634,169,3,0
144,676,169,3,0
144,682,169,3,0
144,710,143,1,2
145,634,170,3,0
145,644,146,2,1
145,676,170,3,0
145,682,170,3,0
145,710,144,1,2
146,634,171,3,0
146,651,147,2,1
146,676,171,3,0
146,682,171,3,0
147,676,172,3,0
148,676,173,3,0
149,676,174,3,0
150,676,175,2,0
151,676,176,3,0
152,676,177,3,0
152,682,177,3,0
153,634,178,3,0
153,676,178,3,0
153,682,178,3,0
153,710,154,2,1
154,634,179,3,0
154,676,179,3,0
154,682,179,3,0
154,694,694,73,0
154,710,155,2,1
155,634,180,3,0
155,676,180,3,0
155,682,180,3,0
155,694,154,1,2
155,710,180,3,0
156,634,155,1,2
156,676,155,1,2
156,682,155,1,2
156,710,181,3,0
157,634,156,1,2
157,676,156,1,2
157,682,156,1,2
157,710,182,3,0
158,634,157,1,2
158,644,157,1,2
158,676,157,1,2
158,682,157,1,2
158,710,183,3,0
159,651,158,1,2
159,676,158,1,2
159,682,158,1,2
160,676,159,1,2
161,676,160,1,2
162,676,163,2,1
163,676,164,2,1
164,676,165,2,1
165,634,166,2,1
165,651,164,1,2
165,676,166,2,1
165,682,166,2,1
166,634,167,2,1
166,644,165,1,2
166,676,167,2,1
166,682,167,2,1
166,710,191,3,0
167,634,168,2,1
167,676,168,2,1
167,682,168,2,1
167,710,192,3,0
168,634,193,3,0
168,676,193,3,0
168,682,193,3,0
168,694,169,2,1
168,710,193,3,0
169,634,194,3,0
169,676,194,3,0
169,682,194,3,0
169,694,170,2,1
169,710,168,1,2
170,634,195,3,0
170,644,171,2,1
170,676,195,3,0
170,682,195,3,0
170,710,169,1,2
171,634,196,3,0
171,651,172,2,1
171,676,196,3,0
171,682,196,3,0
172,676,197,3,0
173,676,198,3,0
174,676,199,3,0
175,676,200,2,0
176,676,201,3,0
177,676,202,3,0
177,682,202,3,0
178,634,203,3,0
178,676,203,3,0
178,682,203,3,0
178,710,179,2,1
179,634,204,3,0
179,676,204,3,0
179,682,204,3,0
179,694,154,0,3
179,710,180,2,1
180,634,205,3,0
180,676,205,3,0
180,682,205,3,0
180,694,155,0,3
180,710,205,3,0
181,634,180,1,2
181,676,180,1,2
181,682,180,1,2
181,710,206,3,0
182,634,181,1,2
182,676,181,1,2
182,682,181,1,2
182,710,207,3,0
183,634,182,1,2
183,644,182,1,2
183,676,182,1,2
183,682,182,1,2
183,710,208,3,0
184,651,183,1,2
184,676,183,1,2
184,682,183,1,2
185,676,184,1,2
186,676,185,1,2
187,676,188,2,1
188,676,189,2,1
189,676,190,2,1
190,634,191,2,1
190,651,189,1,2
190,676,191,2,1
190,682,191,2,1
191,634,192,2,1
191,644,190,1,2
191,676,192,2,1
191,682,192,2,1
191,710,216,3,0
192,634,193,2,1
192,676,193,2,1
192,682,193,2,1
192,710,217,3,0
193,634,218,3,0
193,676,218,3,0
193,682,218,3,0
193,694,168,0,3
193,710,218,3,0
194,634,219,3,0
194,676,219,3,0
194,682,219,3,0
194,694,169,0,3
194,710,193,1,2
195,634,220,3,0
195,644,196,2,1
195,676,220,3,0
195,682,220,3,0
195,710,194,1,2
196,634,221,3,0
196,651,197,2,1
196,676,221,3,0
196,682,221,3,0
197,676,222,3,0
198,676,223,3,0
199,676,224,3,0
200,676,225,2,0
201,676,226,3,0
202,676,227,3,0
202,682,227,3,0
203,634,228,3,0
203,676,228,3,0
203,682,228,3,0
203,710,204,2,1
204,634,229,3,0
204,676,229,3,0
204,682,229,3,0
204,710,205,2,1
205,644,230,3,0
205,676,230,3,0
205,682,230,3,0
205,710,230,3,0
206,634,205,1,2
206,644,231,3,0
206,676,205,1,2
206,682,205,1,2
206,710,231,3,0
207,634,206,1,2
207,644,232,3,0
207,676,206,1,2
207,682,206,1,2
207,710,232,3,0
208,634,207,1,2
208,644,207,1,2
208,676,207,1,2
208,682,207,1,2
208,710,233,3,0
209,651,208,1,2
209,676,208,1,2
209,682,208,1,2
210,676,209,1,2
211,676,210,1,2
212,676,213,2,1
213,676,214,2,1
214,676,215,2,1
215,634,216,2,1
215,651,214,1,2
215,676,216,2,1
215,682,216,2,1
216,634,217,2,1
216,676,217,2,1
216,682,217,2,1
216,710,241,3,0
217,634,218,2,1
217,644,242,3,0
217,676,218,2,1
217,682,218,2,1
217,710,242,3,0
218,644,243,3,0
218,676,243,3,0
218,682,243,3,0
218,710,243,3,0
219,634,244,3,0
219,676,244,3,0
219,682,244,3,0
219,710,218,1,2
220,634,245,3,0
220,644,221,2,1
220,676,245,3,0
220,682,245,3,0
220,710,219,1,2
221,634,246,3,0
221,651,222,2,1
221,676,246,3,0
221,682,246,3,0
222,676,247,3,0
223,676,248,3,0
224,676,249,3,0
225,676,250,2,0
226,676,251,3,0
227,676,252,3,0
227,682,682,61,0
228,634,253,3,0
228,676,253,3,0
228,682,227,1,2
228,710,229,2,1
229,634,254,3,0
229,676,254,3,0
229,682,228,1,2
229,710,230,2,1
230,644,231,2,1
230,676,255,3,0
230,682,229,1,2
230,710,255,3,0
231,634,230,1,2
231,644,232,2,1
231,676,230,1,2
231,682,230,1,2
231,710,256,3,0
232,634,231,1,2
232,644,644,23,0
232,676,231,1,2
232,682,231,1,2
232,710,257,3,0
233,634,232,1,2
233,644,232,1,2
233,676,232,1,2
233,682,232,1,2
233,710,258,3,0
234,651,233,1,2
234,676,233,1,2
234,682,233,1,2
235,676,234,1,2
236,676,235,1,2
237,676,238,2,1
238,676,239,2,1
239,676,240,2,1
240,634,241,2,1
240,651,239,1,2
240,676,241,2,1
240,682,241,2,1
241,634,242,2,1
241,644,240,1,2
241,676,242,2,1
241,682,242,2,1
241,710,266,3,0
242,634,243,2,1
242,644,241,1,2
242,676,243,2,1
242,682,243,2,1
242,710,267,3,0
243,644,242,1,2
243,676,268,3,0
243,682,244,2,1
243,710,268,3,0
244,634,269,3,0
244,676,269,3,0
244,682,245,2,1
244,710,243,1,2
245,634,270,3,0
245,644,246,2,1
245,676,270,3,0
245,682,246,2,1
245,710,244,1,2
246,634,271,3,0
246,651,247,2,1
246,676,271,3,0
246,682,247,2,1
247,676,272,3,0
248,676,273,3,0
249,676,274,3,0
250,676,275,2,0
251,676,276,3,0
252,676,277,3,0
252,682,227,0,3
253,634,278,3,0
253,676,278,3,0
253,682,228,0,3
253,710,254,2,1
254,634,279,3,0
254,676,279,3,0
254,682,229,0,3
254,710,255,2,1
255,651,230,0,3
255,676,280,3,0
255,710,280,3,0
256,634,255,1,2
256,651,231,0,3
256,676,255,1,2
256,682,255,1,2
256,710,281,3,0
257,634,256,1,2
257,651,232,0,3
257,676,256,1,2
257,682,256,1,2
257,710,282,3,0
258,634,257,1,2
258,644,257,1,2
258,651,233,0,3
258,676,257,1,2
258,682,257,1,2
258,710,283,3,0
259,651,258,1,2
259,676,258,1,2
259,682,258,1,2
260,676,259,1,2
261,676,260,1,2
262,676,263,2,1
263,676,264,2,1
264,676,265,2,1
265,634,266,2,1
265,651,264,1,2
265,676,266,2,1
265,682,266,2,1
266,634,267,2,1
266,644,265,1,2
266,651,241,0,3
266,676,267,2,1
266,682,267,2,1
266,710,291,3,0
267,634,268,2,1
267,651,242,0,3
267,676,268,2,1
267,682,268,2,1
267,710,292,3,0
268,651,243,0,3
268,676,293,3,0
268,710,293,3,0
269,634,294,3,0
269,676,294,3,0
269,682,244,0,3
269,710,268,1,2
270,634,295,3,0
270,644,271,2,1
270,676,295,3,0
270,682,245,0,3
270,710,269,1,2
271,634,296,3,0
271,651,272,2,1
271,676,296,3,0
271,682,246,0,3
272,676,297,3,0
273,676,298,3,0
274,676,299,3,0
275,676,299,3,2
276,676,275,1,1
277,676,276,1,2
277,682,252,0,3
278,634,277,1,2
278,676,277,1,2
278,682,253,0,3
278,710,279,2,1
279,634,278,1,2
279,676,278,1,2
279,682,254,0,3
279,710,280,2,1
280,634,279,1,2
280,676,279,1,2
281,634,280,1,2
281,676,280,1,2
281,682,280,1,2
281,710,306,3,0
282,634,281,1,2
282,676,281,1,2
282,682,281,1,2
282,710,307,3,0
283,634,282,1,2
283,644,282,1,2
283,676,282,1,2
283,682,282,1,2
283,710,308,3,0
284,651,283,1,2
284,676,283,1,2
284,682,283,1,2
285,676,284,1,2
286,676,285,1,2
287,676,288,2,1
288,676,289,2,1
289,676,290,2,1
290,634,291,2,1
290,651,289,1,2
290,676,291,2,1
290,682,291,2,1
291,634,292,2,1
291,644,290,1,2
291,676,292,2,1
291,682,292,2,1
291,710,316,3,0
292,634,293,2,1
292,676,293,2,1
292,682,293,2,1
292,710,317,3,0
293,634,294,2,1
293,676,294,2,1
294,634,295,2,1
294,676,295,2,1
294,682,269,0,3
294,710,293,1,2
295,634,296,2,1
295,644,296,2,1
295,676,296,2,1
295,682,270,0,3
295,710,294,1,2
296,634,634,13,0
296,651,297,2,1
296,676,297,2,1
296,682,271,0,3
297,676,298,2,1
298,676,299,2,1
299,676,676,55,0
300,676,275,0,2
301,676,276,0,3
302,676,277,0,3
302,682,277,0,3
303,634,278,0,3
303,676,278,0,3
303,682,278,0,3
303,710,304,2,1
304,634,279,0,3
304,676,279,0,3
304,682,279,0,3
304,710,305,2,1
305,634,280,0,3
305,676,280,0,3
306,634,305,1,2
306,676,305,1,2
306,682,305,1,2
306,710,331,3,0
307,634,306,1,2
307,676,306,1,2
307,682,306,1,2
307,710,332,3,0
308,634,307,1,2
308,644,307,1,2
308,676,307,1,2
308,682,307,1,2
308,710,333,3,0
309,651,308,1,2
309,676,308,1,2
309,682,308,1,2
310,676,309,1,2
311,676,310,1,2
312,676,313,2,1
313,676,314,2,1
314,676,315,2,1
315,634,316,2,1
315,651,314,1,2
315,676,316,2,1
315,682,316,2,1
316,634,317,2,1
316,644,315,1,2
316,676,317,2,1
316,682,317,2,1
316,710,341,3,0
317,634,318,2,1
317,676,318,2,1
317,682,318,2,1
317,710,342,3,0
318,634,293,0,3
318,676,293,0,3
319,634,294,0,3
319,676,294,0,3
319,682,294,0,3
319,710,318,1,2
320,634,295,0,3
320,644,321,2,1
320,676,295,0,3
320,682,295,0,3
320,710,319,1,2
321,634,296,0,3
321,651,322,2,1
321,676,296,0,3
321,682,296,0,3
322,676,297,0,3
323,676,298,0,3
324,676,299,0,3
325,676,300,0,2
326,676,301,0,3
327,676,302,0,3
327,682,302,0,3
328,634,303,0,3
328,676,303,0,3
328,682,303,0,3
328,710,329,2,1
329,634,304,0,3
329,676,304,0,3
329,682,304,0,3
329,710,330,2,1
330,634,305,0,3
330,676,305,0,3
331,634,330,1,2
331,676,330,1,2
331,682,330,1,2
331,710,356,3,0
332,634,331,1,2
332,676,331,1,2
332,682,331,1,2
332,710,357,3,0
333,634,332,1,2
333,644,332,1,2
333,676,332,1,2
333,682,332,1,2
333,710,358,3,0
334,651,333,1,2
334,676,333,1,2
334,682,333,1,2
335,676,334,1,2
336,676,335,1,2
337,676,338,2,1
338,676,339,2,1
339,676,340,2,1
340,634,341,2,1
340,651,339,1,2
340,676,341,2,1
340,682,341,2,1
341,634,342,2,1
341,644,340,1,2
341,676,342,2,1
341,682,342,2,1
341,710,366,3,0
342,634,343,2,1
342,676,343,2,1
342,682,343,2,1
342,710,367,3,0
343,634,318,0,3
343,676,318,0,3
344,634,319,0,3
344,676,319,0,3
344,682,319,0,3
344,710,343,1,2
345,634,320,0,3
345,644,346,2,1
345,676,320,0,3
345,682,320,0,3
345,710,344,1,2
346,634,321,0,3
346,651,347,2,1
346,676,321,0,3
346,682,321,0,3
347,676,322,0,3
348,676,323,0,3
349,676,324,0,3
350,676,325,0,2
351,676,326,0,3
352,676,327,0,3
352,682,327,0,3
353,634,328,0,3
353,676,328,0,3
353,682,328,0,3
353,710,354,2,1
354,634,329,0,3
354,676,329,0,3
354,682,329,0,3
354,710,355,2,1
355,634,330,0,3
355,676,330,0,3
355,682,330,0,3
356,634,355,1,2
356,676,355,1,2
356,682,355,1,2
356,710,381,3,0
357,634,356,1,2
357,676,356,1,2
357,682,356,1,2
357,710,382,3,0
358,634,357,1,2
358,644,357,1,2
358,676,357,1,2
358,682,357,1,2
358,710,383,3,0
359,651,358,1,2
359,676,358,1,2
359,682,358,1,2
360,676,359,1,2
361,676,360,1,2
362,676,363,2,1
363,676,364,2,1
364,676,365,2,1
365,634,366,2,1
365,651,364,1,2
365,676,366,2,1
365,682,366,2,1
366,634,367,2,1
366,644,365,1,2
366,676,367,2,1
366,682,367,2,1
366,710,391,3,0
367,634,368,2,1
367,676,368,2,1
367,682,368,2,1
367,710,392,3,0
368,634,343,0,3
368,676,343,0,3
368,682,343,0,3
369,634,344,0,3
369,676,344,0,3
369,682,344,0,3
369,710,368,1,2
370,634,345,0,3
370,644,371,2,1
370,676,345,0,3
370,682,345,0,3
370,710,369,1,2
371,634,346,0,3
371,651,372,2,1
371,676,346,0,3
371,682,346,0,3
372,676,347,0,3
373,676,348,0,3
374,676,349,0,3
375,676,350,0,2
376,676,351,0,3
377,676,352,0,3
377,682,352,0,3
378,634,353,0,3
378,676,353,0,3
378,682,353,0,3
378,710,379,2,1
379,634,354,0,3
379,676,354,0,3
379,682,354,0,3
379,710,380,2,1
380,634,355,0,3
380,676,355,0,3
380,682,355,0,3
381,634,380,1,2
381,676,380,1,2
381,682,380,1,2
381,710,406,3,0
382,634,381,1,2
382,676,381,1,2
382,682,381,1,2
382,710,407,3,0
383,634,382,1,2
383,644,382,1,2
383,676,382,1,2
383,682,382,1,2
383,710,408,3,0
384,651,383,1,2
384,676,383,1,2
384,682,383,1,2
385,676,384,1,2
386,676,385,1,2
387,676,388,2,1
388,676,389,2,1
389,676,390,2,1
390,634,391,2,1
390,651,389,1,2
390,676,391,2,1
390,682,391,2,1
391,634,392,2,1
391,644,390,1,2
391,676,392,2,1
391,682,392,2,1
391,710,416,3,0
392,634,393,2,1
392,676,393,2,1
392,682,393,2,1
392,710,417,3,0
393,634,368,0,3
393,676,368,0,3
393,682,368,0,3
394,634,369,0,3
394,676,369,0,3
394,682,369,0,3
394,710,393,1,2
395,634,370,0,3
395,644,396,2,1
395,676,370,0,3
395,682,370,0,3
395,710,394,1,2
396,634,371,0,3
396,651,397,2,1
396,676,371,0,3
396,682,371,0,3
397,676,372,0,3
398,676,373,0,3
399,676,374,0,3
400,676,375,0,2
401,676,376,0,3
402,676,377,0,3
402,682,377,0,3
403,634,378,0,3
403,676,378,0,3
403,682,378,0,3
403,710,404,2,1
404,634,379,0,3
404,676,379,0,3
404,682,379,0,3
404,710,405,2,1
405,634,380,0,3
405,676,380,0,3
405,682,380,0,3
405,710,406,2,1
406,634,405,1,2
406,676,405,1,2
406,682,405,1,2
406,710,407,2,1
407,634,406,1,2
407,676,406,1,2
407,682,406,1,2
407,710,408,2,1
408,634,407,1,2
408,644,407,1,2
408,676,407,1,2
408,682,407,1,2
408,710,710,89,0
409,651,408,1,2
409,676,408,1,2
409,682,408,1,2
410,676,409,1,2
411,676,410,1,2
412,676,413,2,1
413,676,414,2,1
414,676,415,2,1
415,634,416,2,1
415,651,414,1,2
415,676,416,2,1
415,682,416,2,1
416,634,417,2,1
416,644,415,1,2
416,676,417,2,1
416,682,417,2,1
416,710,415,1,2
417,634,418,2,1
417,676,418,2,1
417,682,418,2,1
417,710,416,1,2
418,634,393,0,3
418,676,393,0,3
418,682,393,0,3
418,710,417,1,2
419,634,394,0,3
419,676,394,0,3
419,682,394,0,3
419,710,418,1,2
420,634,395,0,3
420,644,421,2,1
420,676,395,0,3
420,682,395,0,3
420,710,419,1,2
421,634,396,0,3
421,651,422,2,1
421,676,396,0,3
421,682,396,0,3
422,676,397,0,3
423,676,398,0,3
424,676,399,0,3
425,676,400,0,2
426,676,401,0,3
427,676,402,0,3
427,682,402,0,3
428,634,403,0,3
428,676,403,0,3
428,682,403,0,3
428,710,429,2,1
429,634,404,0,3
429,676,404,0,3
429,682,404,0,3
429,710,430,2,1
430,634,405,0,3
430,676,405,0,3
430,682,405,0,3
430,710,405,0,3
431,634,430,1,2
431,676,430,1,2
431,682,430,1,2
431,710,406,0,3
432,634,431,1,2
432,676,431,1,2
432,682,431,1,2
432,710,407,0,3
433,634,432,1,2
433,644,432,1,2
433,676,432,1,2
433,682,432,1,2
433,710,408,0,3
434,651,433,1,2
434,676,433,1,2
434,682,433,1,2
435,676,434,1,2
436,676,435,1,2
437,676,438,2,1
438,676,439,2,1
439,676,440,2,1
440,634,441,2,1
440,651,439,1,2
440,676,441,2,1
440,682,441,2,1
441,634,442,2,1
441,644,440,1,2
441,676,442,2,1
441,682,442,2,1
441,710,416,0,3
442,634,443,2,1
442,676,443,2,1
442,682,443,2,1
442,710,417,0,3
443,634,418,0,3
443,676,418,0,3
443,682,418,0,3
443,710,418,0,3
444,634,419,0,3
444,676,419,0,3
444,682,419,0,3
444,710,443,1,2
445,634,420,0,3
445,644,446,2,1
445,676,420,0,3
445,682,420,0,3
445,710,444,1,2
446,634,421,0,3
446,651,447,2,1
446,676,421,0,3
446,682,421,0,3
447,676,422,0,3
448,676,423,0,3
449,676,424,0,3
450,676,425,0,2
451,676,426,0,3
452,676,427,0,3
452,682,427,0,3
453,634,428,0,3
453,676,428,0,3
453,682,428,0,3
453,710,454,2,1
454,634,429,0,3
454,676,429,0,3
454,682,429,0,3
454,710,455,2,1
455,634,430,0,3
455,676,430,0,3
455,682,430,0,3
455,710,430,0,3
456,634,455,1,2
456,676,455,1,2
456,682,455,1,2
456,710,431,0,3
457,634,456,1,2
457,676,456,1,2
457,682,456,1,2
457,710,432,0,3
458,634,457,1,2
458,644,457,1,2
458,676,457,1,2
458,682,457,1,2
458,710,433,0,3
459,651,458,1,2
459,676,458,1,2
459,682,458,1,2
460,676,459,1,2
461,676,460,1,2
462,676,463,2,1
463,676,464,2,1
464,676,465,2,1
465,634,466,2,1
465,651,464,1,2
465,676,466,2,1
465,682,466,2,1
466,634,467,2,1
466,644,465,1,2
466,676,467,2,1
466,682,467,2,1
466,710,441,0,3
467,634,468,2,1
467,676,468,2,1
467,682,468,2,1
467,710,442,0,3
468,634,443,0,3
468,676,443,0,3
468,682,443,0,3
468,710,443,0,3
469,634,444,0,3
469,676,444,0,3
469,682,444,0,3
469,710,468,1,2
470,634,445,0,3
470,644,471,2,1
470,676,445,0,3
470,682,445,0,3
470,710,469,1,2
471,634,446,0,3
471,651,472,2,1
471,676,446,0,3
471,682,446,0,3
472,676,447,0,3
473,676,448,0,3
474,676,449,0,3
475,676,450,0,2
476,676,451,0,3
477,676,452,0,3
477,682,452,0,3
478,634,453,0,3
478,676,453,0,3
478,682,453,0,3
478,710,479,2,1
479,634,454,0,3
479,676,454,0,3
479,682,454,0,3
479,694,504,3,0
479,710,480,2,1
480,634,455,0,3
480,676,455,0,3
480,682,455,0,3
480,694,505,3,0
480,710,455,0,3
481,634,480,1,2
481,676,480,1,2
481,682,480,1,2
481,710,456,0,3
482,634,481,1,2
482,676,481,1,2
482,682,481,1,2
482,710,457,0,3
483,634,482,1,2
483,644,482,1,2
483,676,482,1,2
483,682,482,1,2
483,710,458,0,3
484,651,483,1,2
484,676,483,1,2
484,682,483,1,2
485,676,484,1,2
486,676,485,1,2
487,676,488,2,1
488,676,489,2,1
489,676,490,2,1
490,634,491,2,1
490,651,489,1,2
490,676,491,2,1
490,682,491,2,1
491,634,492,2,1
491,644,490,1,2
491,676,492,2,1
491,682,492,2,1
491,710,466,0,3
492,634,493,2,1
492,676,493,2,1
492,682,493,2,1
492,710,467,0,3
493,634,468,0,3
493,676,468,0,3
493,682,468,0,3
493,694,518,3,0
493,710,468,0,3
494,634,469,0,3
494,676,469,0,3
494,682,469,0,3
494,694,519,3,0
494,710,493,1,2
495,634,470,0,3
495,644,496,2,1
495,676,470,0,3
495,682,470,0,3
495,710,494,1,2
496,634,471,0,3
496,651,497,2,1
496,676,471,0,3
496,682,471,0,3
497,676,472,0,3
498,676,473,0,3
499,676,474,0,3
500,676,475,0,2
501,676,476,0,3
502,676,477,0,3
502,682,477,0,3
503,634,478,0,3
503,676,478,0,3
503,682,478,0,3
503,710,504,2,1
504,634,479,0,3
504,676,479,0,3
504,682,479,0,3
504,710,505,2,1
505,634,480,0,3
505,676,480,0,3
505,682,480,0,3
505,710,480,0,3
506,634,505,1,2
506,676,505,1,2
506,682,505,1,2
506,710,481,0,3
507,634,506,1,2
507,676,506,1,2
507,682,506,1,2
507,710,482,0,3
508,634,507,1,2
508,644,507,1,2
508,676,507,1,2
508,682,507,1,2
508,710,483,0,3
509,651,508,1,2
509,676,508,1,2
509,682,508,1,2
510,676,509,1,2
511,676,510,1,2
512,676,513,2,1
513,676,514,2,1
514,676,515,2,1
515,634,516,2,1
515,651,514,1,2
515,676,516,2,1
515,682,516,2,1
516,634,517,2,1
516,644,515,1,2
516,676,517,2,1
516,682,517,2,1
516,710,491,0,3
517,634,518,2,1
517,676,518,2,1
517,682,518,2,1
517,710,492,0,3
518,634,493,0,3
518,676,493,0,3
518,682,493,0,3
518,710,493,0,3
519,634,494,0,3
519,676,494,0,3
519,682,494,0,3
519,710,518,1,2
520,634,495,0,3
520,644,521,2,1
520,676,495,0,3
520,682,495,0,3
520,710,519,1,2
521,634,496,0,3
521,651,522,2,1
521,676,496,0,3
521,682,496,0,3
522,676,497,0,3
523,676,498,0,3
524,676,499,0,3
525,676,500,0,2
526,676,501,0,3
527,676,502,0,3
527,682,502,0,3
528,634,503,0,3
528,676,503,0,3
528,682,503,0,3
528,710,529,2,1
529,634,504,0,3
529,676,504,0,3
529,682,504,0,3
529,710,530,2,1
530,644,505,0,3
530,676,505,0,3
530,682,505,0,3
530,710,505,0,3
531,634,530,1,2
531,644,506,0,3
531,676,530,1,2
531,682,530,1,2
531,710,506,0,3
532,634,531,1,2
532,644,507,0,3
532,676,531,1,2
532,682,531,1,2
532,710,507,0,3
533,634,532,1,2
533,644,532,1,2
533,676,532,1,2
533,682,532,1,2
533,710,508,0,3
534,651,533,1,2
534,676,533,1,2
534,682,533,1,2
535,676,534,1,2
536,676,535,1,2
537,676,538,2,1
538,676,539,2,1
539,676,540,2,1
540,634,541,2,1
540,651,539,1,2
540,676,541,2,1
540,682,541,2,1
541,634,542,2,1
541,644,540,1,2
541,676,542,2,1
541,682,542,2,1
541,710,516,0,3
542,634,543,2,1
542,644,517,0,3
542,676,543,2,1
542,682,543,2,1
542,710,517,0,3
543,644,518,0,3
543,676,518,0,3
543,682,518,0,3
543,710,518,0,3
544,634,519,0,3
544,676,519,0,3
544,682,519,0,3
544,710,543,1,2
545,634,520,0,3
545,644,546,2,1
545,676,520,0,3
545,682,520,0,3
545,710,544,1,2
546,634,521,0,3
546,651,547,2,1
546,676,521,0,3
546,682,521,0,3
547,676,522,0,3
548,676,523,0,3
549,676,524,0,3
550,676,525,0,2
551,676,526,0,3
552,676,527,0,3
552,682,577,3,0
553,634,528,0,3
553,676,528,0,3
553,682,578,3,0
553,710,554,2,1
554,634,529,0,3
554,676,529,0,3
554,682,579,3,0
554,710,555,2,1
555,651,580,3,0
555,676,530,0,3
555,710,530,0,3
556,634,555,1,2
556,651,581,3,0
556,676,555,1,2
556,682,555,1,2
556,710,531,0,3
557,634,556,1,2
557,651,582,3,0
557,676,556,1,2
557,682,556,1,2
557,710,532,0,3
558,634,557,1,2
558,644,557,1,2
558,651,583,3,0
558,676,557,1,2
558,682,557,1,2
558,710,533,0,3
559,651,558,1,2
559,676,558,1,2
559,682,558,1,2
560,676,559,1,2
561,676,560,1,2
562,676,563,2,1
563,676,564,2,1
564,676,565,2,1
565,634,566,2,1
565,676,566,2,1
565,682,566,2,1
566,634,567,2,1
566,644,565,1,2
566,651,591,3,0
566,676,567,2,1
566,682,567,2,1
566,710,541,0,3
567,634,568,2,1
567,651,592,3,0
567,676,568,2,1
567,682,568,2,1
567,710,542,0,3
568,651,593,3,0
568,676,543,0,3
568,710,543,0,3
569,634,544,0,3
569,676,544,0,3
569,682,594,3,0
569,710,568,1,2
570,634,545,0,3
570,644,571,2,1
570,676,545,0,3
570,682,595,3,0
570,710,569,1,2
571,634,546,0,3
571,651,572,2,1
571,676,546,0,3
571,682,596,3,0
572,676,547,0,3
573,676,548,0,3
574,676,549,0,3
575,676,550,0,2
576,676,551,0,3
577,676,552,0,3
577,682,602,3,0
578,634,553,0,3
578,676,553,0,3
578,682,603,3,0
578,710,579,2,1
579,634,554,0,3
579,676,554,0,3
579,682,604,3,0
579,710,580,2,1
580,651,581,2,1
580,676,555,0,3
580,710,555,0,3
581,634,580,1,2
581,651,582,2,1
581,676,580,1,2
581,682,580,1,2
581,710,556,0,3
582,634,581,1,2
582,651,583,2,1
582,676,581,1,2
582,682,581,1,2
582,710,557,0,3
583,634,582,1,2
583,644,582,1,2
583,651,651,30,0
583,676,582,1,2
583,682,582,1,2
583,710,558,0,3
584,651,583,1,2
584,676,583,1,2
584,682,583,1,2
585,676,584,1,2
586,676,585,1,2
587,676,588,2,1
588,676,589,2,1
589,676,590,2,1
590,634,591,2,1
590,651,589,1,2
590,676,591,2,1
590,682,591,2,1
591,634,592,2,1
591,644,590,1,2
591,651,590,1,2
591,676,592,2,1
591,682,592,2,1
591,710,566,0,3
592,634,593,2,1
592,651,591,1,2
592,676,593,2,1
592,682,593,2,1
592,710,567,0,3
593,651,592,1,2
593,676,568,0,3
593,710,568,0,3
594,634,569,0,3
594,676,569,0,3
594,682,619,3,0
594,710,593,1,2
595,634,570,0,3
595,644,596,2,1
595,676,570,0,3
595,682,620,3,0
595,710,594,1,2
596,634,571,0,3
596,651,597,2,1
596,676,571,0,3
596,682,621,3,0
597,676,572,0,3
598,676,573,0,3
599,676,574,0,3
600,676,0,2,3
601,676,1,3,3
602,676,2,3,3
602,682,2,3,3
603,634,3,3,3
603,676,3,3,3
603,682,3,3,3
603,710,604,2,1
604,634,4,3,3
604,676,4,3,3
604,682,4,3,3
604,710,605,2,1
605,634,5,3,3
605,676,5,3,3
606,634,605,1,2
606,676,605,1,2
606,682,605,1,2
606,710,581,0,3
607,634,606,1,2
607,676,606,1,2
607,682,606,1,2
607,710,582,0,3
608,634,607,1,2
608,644,607,1,2
608,676,607,1,2
608,682,607,1,2
608,710,583,0,3
609,651,608,1,2
609,676,608,1,2
609,682,608,1,2
610,676,609,1,2
611,676,610,1,2
612,676,613,2,1
613,676,614,2,1
614,676,615,2,1
615,634,616,2,1
615,651,614,1,2
615,676,616,2,1
615,682,616,2,1
616,634,617,2,1
616,644,615,1,2
616,676,617,2,1
616,682,617,2,1
616,710,591,0,3
617,634,618,2,1
617,676,618,2,1
617,682,618,2,1
617,710,592,0,3
618,634,18,3,3
618,676,18,3,3
619,634,19,3,3
619,676,19,3,3
619,682,19,3,3
619,710,618,1,2
620,634,20,3,3
620,644,621,2,1
620,676,20,3,3
620,682,20,3,3
620,710,619,1,2
621,634,21,3,3
621,651,622,2,1
621,676,21,3,3
621,682,21,3,3
622,676,22,3,3
623,676,23,3,3
624,676,24,3,3
634,625,296,0,13
634,626,296,0,13
634,627,296,0,13
634,628,296,0,13
634,629,296,0,13
634,630,296,0,13
634,631,296,0,13
634,632,296,0,13
634,633,296,0,13
634,635,296,0,13
634,636,296,0,13
634,637,296,0,13
634,638,296,0,13
634,639,296,0,13
634,640,296,0,13
634,641,296,0,13
634,642,296,0,13
634,643,296,0,13
634,644,296,0,13
634,645,296,0,13
634,646,296,0,13
634,647,296,0,13
634,648,296,0,13
634,649,296,0,13
634,650,296,0,13
634,651,296,0,13
634,652,296,0,13
634,653,296,0,13
634,654,296,0,13
634,655,296,0,13
634,656,296,0,13
634,657,296,0,13
634,658,296,0,13
634,659,296,0,13
634,660,296,0,13
634,661,296,0,13
634,662,296,0,13
634,663,296,0,13
634,664,296,0,13
634,665,296,0,13
634,666,296,0,13
634,667,296,0,13
634,668,296,0,13
634,669,296,0,13
634,670,296,0,13
634,671,296,0,13
634,672,296,0,13
634,673,296,0,13
634,674,296,0,13
634,675,296,0,13
634,676,296,0,13
634,677,296,0,13
634,678,296,0,13
634,679,296,0,13
634,680,296,0,13
634,681,296,0,13
634,682,296,0,13
634,683,296,0,13
634,684,296,0,13
634,685,296,0,13
634,686,296,0,13
634,687,296,0,13
634,688,296,0,13
634,689,296,0,13
634,690,296,0,13
634,691,296,0,13
634,692,296,0,13
634,693,296,0,13
634,694,296,0,13
634,695,296,0,13
634,696,296,0,13
634,697,296,0,13
634,698,296,0,13
634,699,296,0,13
634,700,296,0,13
634,701,296,0,13
634,702,296,0,13
634,703,296,0,13
634,704,296,0,13
634,705,296,0,13
634,706,296,0,13
634,707,296,0,13
634,708,296,0,13
634,709,296,0,13
634,710,296,0,13
634,711,296,0,13
634,712,296,0,13
634,713,296,0,13
634,714,296,0,13
634,715,296,0,13
634,716,296,0,13
634,717,296,0,13
634,718,296,0,13
634,719,296,0,13
634,720,296,0,13
634,721,296,0,13
634,722,296,0,13
634,723,296,0,13
634,724,296,0,13
644,625,232,0,23
644,626,232,0,23
644,627,232,0,23
644,628,232,0,23
644,629,232,0,23
644,630,232,0,23
644,631,232,0,23
644,632,232,0,23
644,633,232,0,23
644,634,232,0,23
644,635,232,0,23
644,636,232,0,23
644,637,232,0,23
644,638,232,0,23
644,639,232,0,23
644,640,232,0,23
644,641,232,0,23
644,642,232,0,23
644,643,232,0,23
644,645,232,0,23
644,646,232,0,23
644,647,232,0,23
644,648,232,0,23
644,649,232,0,23
644,650,232,0,23
644,651,232,0,23
644,652,232,0,23
644,653,232,0,23
644,654,232,0,23
644,655,232,0,23
644,656,232,0,23
644,657,232,0,23
644,658,232,0,23
644,659,232,0,23
644,660,232,0,23
644,661,232,0,23
644,662,232,0,23
644,663,232,0,23
644,664,232,0,23
644,665,232,0,23
644,666,232,0,23
644,667,232,0,23
644,668,232,0,23
644,669,232,0,23
644,670,232,0,23
644,671,232,0,23
644,672,232,0,23
644,673,232,0,23
644,674,232,0,23
644,675,232,0,23
644,676,232,0,23
644,677,232,0,23
644,678,232,0,23
644,679,232,0,23
644,680,232,0,23
644,681,232,0,23
644,682,232,0,23
644,683,232,0,23
644,684,232,0,23
644,685,232,0,23
644,686,232,0,23
644,687,232,0,23
644,688,232,0,23
644,689,232,0,23
644,690,232,0,23
644,691,232,0,23
644,692,232,0,23
644,693,232,0,23
644,694,232,0,23
644,695,232,0,23
644,696,232,0,23
644,697,232,0,23
644,698,232,0,23
644,699,232,0,23
644,700,232,0,23
644,701,232,0,23
644,702,232,0,23
644,703,232,0,23
644,704,232,0,23
644,705,232,0,23
644,706,232,0,23
644,707,232,0,23
644,708,232,0,23
644,709,232,0,23
644,710,232,0,23
644,711,232,0,23
644,712,232,0,23
644,713,232,0,23
644,714,232,0,23
644,715,232,0,23
644,716,232,0,23
644,717,232,0,23
644,718,232,0,23
644,719,232,0,23
644,720,232,0,23
644,721,232,0,23
644,722,232,0,23
644,723,232,0,23
644,724,232,0,23
651,625,583,0,30
651,626,583,0,30
651,627,583,0,30
651,628,583,0,30
651,629,583,0,30
651,630,583,0,30
651,631,583,0,30
651,632,583,0,30
651,633,583,0,30
651,634,583,0,30
651,635,583,0,30
651,636,583,0,30
651,637,583,0,30
651,638,583,0,30
651,639,583,0,30
651,640,583,0,30
651,641,583,0,30
651,642,583,0,30
651,643,583,0,30
651,644,583,0,30
651,645,583,0,30
651,646,583,0,30
651,647,583,0,30
651,648,583,0,30
651,649,583,0,30
651,650,583,0,30
651,652,583,0,30
651,653,583,0,30
651,654,583,0,30
651,655,583,0,30
651,656,583,0,30
651,657,583,0,30
651,658,583,0,30
651,659,583,0,30
651,660,583,0,30
651,661,583,0,30
651,662,583,0,30
651,663,583,0,30
651,664,583,0,30
651,665,583,0,30
651,666,583,0,30
651,667,583,0,30
651,668,583,0,30
651,669,583,0,30
651,670,583,0,30
651,671,583,0,30
651,672,583,0,30
651,673,583,0,30
651,674,583,0,30
651,675,583,0,30
651,676,583,0,30
651,677,583,0,30
651,678,583,0,30
651,679,583,0,30
651,680,583,0,30
651,681,583,0,30
651,682,583,0,30
651,683,583,0,30
651,684,583,0,30
651,685,583,0,30
651,686,583,0,30
651,687,583,0,30
651,688,583,0,30
651,689,583,0,30
651,690,583,0,30
651,691,583,0,30
651,692,583,0,30
651,693,583,0,30
651,694,583,0,30
651,695,583,0,30
651,696,583,0,30
651,697,583,0,30
651,698,583,0,30
651,699,583,0,30
651,700,583,0,30
651,701,583,0,30
651,702,583,0,30
651,703,583,0,30
651,704,583,0,30
651,705,583,0,30
651,706,583,0,30
651,707,583,0,30
651,708,583,0,30
651,709,583,0,30
651,710,583,0,30
651,711,583,0,30
651,712,583,0,30
651,713,583,0,30
651,714,583,0,30
651,715,583,0,30
651,716,583,0,30
651,717,583,0,30
651,718,583,0,30
651,719,583,0,30
651,720,583,0,30
651,721,583,0,30
651,722,583,0,30
651,723,583,0,30
651,724,583,0,30
676,625,299,0,55
676,626,299,0,55
676,627,299,0,55
676,628,299,0,55
676,629,299,0,55
676,630,299,0,55
676,631,299,0,55
676,632,299,0,55
676,633,299,0,55
676,634,299,0,55
676,635,299,0,55
676,636,299,0,55
676,637,299,0,55
676,638,299,0,55
676,639,299,0,55
676,640,299,0,55
676,641,299,0,55
676,642,299,0,55
676,643,299,0,55
676,644,299,0,55
676,645,299,0,55
676,646,299,0,55
676,647,299,0,55
676,648,299,0,55
676,649,299,0,55
676,650,299,0,55
676,651,299,0,55
676,652,299,0,55
676,653,299,0,55
676,654,299,0,55
676,655,299,0,55
676,656,299,0,55
676,657,299,0,55
676,658,299,0,55
676,659,299,0,55
676,660,299,0,55
676,661,299,0,55
676,662,299,0,55
676,663,299,0,55
676,664,299,0,55
676,665,299,0,55
676,666,299,0,55
676,667,299,0,55
676,668,299,0,55
676,669,299,0,55
676,670,299,0,55
676,671,299,0,55
676,672,299,0,55
676,673,299,0,55
676,674,299,0,55
676,675,299,0,55
676,677,299,0,55
676,678,299,0,55
676,679,299,0,55
676,680,299,0,55
676,681,299,0,55
676,682,299,0,55
676,683,299,0,55
676,684,299,0,55
676,685,299,0,55
676,686,299,0,55
676,687,299,0,55
676,688,299,0,55
676,689,299,0,55
676,690,299,0,55
676,691,299,0,55
676,692,299,0,55
676,693,299,0,55
676,694,299,0,55
676,695,299,0,55
676,696,299,0,55
676,697,299,0,55
676,698,299,0,55
676,699,299,0,55
676,700,299,0,55
676,701,299,0,55
676,702,299,0,55
676,703,299,0,55
676,704,299,0,55
676,705,299,0,55
676,706,299,0,55
676,707,299,0,55
676,708,299,0,55
676,709,299,0,55
676,710,299,0,55
676,711,299,0,55
676,712,299,0,55
676,713,299,0,55
676,714,299,0,55
676,715,299,0,55
676,716,299,0,55
676,717,299,0,55
676,718,299,0,55
676,719,299,0,55
676,720,299,0,55
676,721,299,0,55
676,722,299,0,55
676,723,299,0,55
676,724,299,0,55
682,625,227,0,61
682,626,227,0,61
682,627,227,0,61
682,628,227,0,61
682,629,227,0,61
682,630,227,0,61
682,631,227,0,61
682,632,227,0,61
682,633,227,0,61
682,634,227,0,61
682,635,227,0,61
682,636,227,0,61
682,637,227,0,61
682,638,227,0,61
682,639,227,0,61
682,640,227,0,61
682,641,227,0,61
682,642,227,0,61
682,643,227,0,61
682,644,227,0,61
682,645,227,0,61
682,646,227,0,61
682,647,227,0,61
682,648,227,0,61
682,649,227,0,61
682,650,227,0,61
682,651,227,0,61
682,652,227,0,61
682,653,227,0,61
682,654,227,0,61
682,655,227,0,61
682,656,227,0,61
682,657,227,0,61
682,658,227,0,61
682,659,227,0,61
682,660,227,0,61
682,661,227,0,61
682,662,227,0,61
682,663,227,0,61
682,664,227,0,61
682,665,227,0,61
682,666,227,0,61
682,667,227,0,61
682,668,227,0,61
682,669,227,0,61
682,670,227,0,61
682,671,227,0,61
682,672,227,0,61
682,673,227,0,61
682,674,227,0,61
682,675,227,0,61
682,676,227,0,61
682,677,227,0,61
682,678,227,0,61
682,679,227,0,61
682,680,227,0,61
682,681,227,0,61
682,683,227,0,61
682,684,227,0,61
682,685,227,0,61
682,686,227,0,61
682,687,227,0,61
682,688,227,0,61
682,689,227,0,61
682,690,227,0,61
682,691,227,0,61
682,692,227,0,61
682,693,227,0,61
682,694,227,0,61
682,695,227,0,61
682,696,227,0,61
682,697,227,0,61
682,698,227,0,61
682,699,227,0,61
682,700,227,0,61
682,701,227,0,61
682,702,227,0,61
682,703,227,0,61
682,704,227,0,61
682,705,227,0,61
682,706,227,0,61
682,707,227,0,61
682,708,227,0,61
682,709,227,0,61
682,710,227,0,61
682,711,227,0,61
682,712,227,0,61
682,713,227,0,61
682,714,227,0,61
682,715,227,0,61
682,716,227,0,61
682,717,227,0,61
682,718,227,0,61
682,719,227,0,61
682,720,227,0,61
682,721,227,0,61
682,722,227,0,61
682,723,227,0,61
682,724,227,0,61
694,625,154,0,73
694,626,154,0,73
694,627,154,0,73
694,628,154,0,73
694,629,154,0,73
694,630,154,0,73
694,631,154,0,73
694,632,154,0,73
694,633,154,0,73
694,634,154,0,73
694,635,154,0,73
694,636,154,0,73
694,637,154,0,73
694,638,154,0,73
694,639,154,0,73
694,640,154,0,73
694,641,154,0,73
694,642,154,0,73
694,643,154,0,73
694,644,154,0,73
694,645,154,0,73
694,646,154,0,73
694,647,154,0,73
694,648,154,0,73
694,649,154,0,73
694,650,154,0,73
694,651,154,0,73
694,652,154,0,73
694,653,154,0,73
694,654,154,0,73
694,655,154,0,73
694,656,154,0,73
694,657,154,0,73
694,658,154,0,73
694,659,154,0,73
694,660,154,0,73
694,661,154,0,73
694,662,154,0,73
694,663,154,0,73
694,664,154,0,73
694,665,154,0,73
694,666,154,0,73
694,667,154,0,73
694,668,154,0,73
694,669,154,0,73
694,670,154,0,73
694,671,154,0,73
694,672,154,0,73
694,673,154,0,73
694,674,154,0,73
694,675,154,0,73
694,676,154,0,73
694,677,154,0,73
694,678,154,0,73
694,679,154,0,73
694,680,154,0,73
694,681,154,0,73
694,682,154,0,73
694,683,154,0,73
694,684,154,0,73
694,685,154,0,73
694,686,154,0,73
694,687,154,0,73
694,688,154,0,73
694,689,154,0,73
694,690,154,0,73
694,691,154,0,73
694,692,154,0,73
694,693,154,0,73
694,695,154,0,73
694,696,154,0,73
694,697,154,0,73
694,698,154,0,73
694,699,154,0,73
694,700,154,0,73
694,701,154,0,73
694,702,154,0,73
694,703,154,0,73
694,704,154,0,73
694,705,154,0,73
694,706,154,0,73
694,707,154,0,73
694,708,154,0,73
694,709,154,0,73
694,710,154,0,73
694,711,154,0,73
694,712,154,0,73
694,713,154,0,73
694,714,154,0,73
694,715,154,0,73
694,716,154,0,73
694,717,154,0,73
694,718,154,0,73
694,719,154,0,73
694,720,154,0,73
694,721,154,0,73
694,722,154,0,73
694,723,154,0,73
694,724,154,0,73
710,625,408,0,89
710,626,408,0,89
710,627,408,0,89
710,628,408,0,89
710,629,408,0,89
710,630,408,0,89
710,631,408,0,89
710,632,408,0,89
710,633,408,0,89
710,634,408,0,89
710,635,408,0,89
710,636,408,0,89
710,637,408,0,89
710,638,408,0,89
710,639,408,0,89
710,640,408,0,89
710,641,408,0,89
710,642,408,0,89
710,643,408,0,89
710,644,408,0,89
710,645,408,0,89
710,646,408,0,89
710,647,408,0,89
710,648,408,0,89
710,649,408,0,89
710,650,408,0,89
710,651,408,0,89
710,652,408,0,89
710,653,408,0,89
710,654,408,0,89
710,655,408,0,89
710,656,408,0,89
710,657,408,0,89
710,658,408,0,89
710,659,408,0,89
710,660,408,0,89
710,661,408,0,89
710,662,408,0,89
710,663,408,0,89
710,664,408,0,89
710,665,408,0,89
710,666,408,0,89
710,667,408,0,89
710,668,408,0,89
710,669,408,0,89
710,670,408,0,89
710,671,408,0,89
710,672,408,0,89
710,673,408,0,89
710,674,408,0,89
710,675,408,0,89
710,676,408,0,89
710,677,408,0,89
710,678,408,0,89
710,679,408,0,89
710,680,408,0,89
710,681,408,0,89
710,682,408,0,89
710,683,408,0,89
710,684,408,0,89
710,685,408,0,89
710,686,408,0,89
710,687,408,0,89
710,688,408,0,89
710,689,408,0,89
710,690,408,0,89
710,691,408,0,89
710,692,408,0,89
710,693,408,0,89
710,694,408,0,89
710,695,408,0,89
710,696,408,0,89
710,697,408,0,89
710,698,408,0,89
710,699,408,0,89
710,700,408,0,89
710,701,408,0,89
710,702,408,0,89
710,703,408,0,89
710,704,408,0,89
710,705,408,0,89
710,706,408,0,89
710,707,408,0,89
710,708,408,0,89
710,709,408,0,89
710,711,408,0,89
710,712,408,0,89
710,713,408,0,89
710,714,408,0,89
710,715,408,0,89
710,716,408,0,89
710,717,408,0,89
710,718,408,0,89
710,719,408,0,89
710,720,408,0,89
710,721,408,0,89
710,722,408,0,89
710,723,408,0,89
710,724,408,0,89
