0,628,600,3,2
0,662,24,2,1
0,670,24,2,1
1,686,601,3,3
1,699,601,3,3
2,656,3,1,0
2,699,602,3,3
2,714,3,1,0
2,723,602,3,3
2,724,602,3,3
3,634,2,0,1
3,656,4,1,0
3,699,603,3,3
3,723,603,3,3
3,724,603,3,3
4,656,5,1,0
4,699,604,3,3
4,723,604,3,3
4,724,604,3,3
5,656,6,1,0
5,694,6,1,0
5,699,605,3,3
5,723,605,3,3
5,724,605,3,3
6,656,606,3,3
6,699,606,3,3
6,723,606,3,3
6,724,606,3,3
7,656,607,3,3
7,694,32,2,0
7,699,6,0,1
7,723,6,0,1
7,724,6,0,1
8,656,608,3,3
8,699,7,0,1
8,723,7,0,1
8,724,7,0,1
9,634,10,1,0
9,656,609,3,3
9,699,8,0,1
9,723,8,0,1
9,724,8,0,1
10,656,610,3,3
10,699,9,0,1
10,714,35,2,0
10,723,9,0,1
11,699,10,0,1
12,662,13,1,0
12,670,13,1,0
13,628,14,1,0
13,699,14,1,0
14,656,614,3,3
14,686,15,1,0
14,699,15,1,0
14,714,39,2,0
15,656,615,3,3
15,699,16,1,0
15,723,16,1,0
15,724,16,1,0
16,656,616,3,3
16,699,17,1,0
16,723,17,1,0
16,724,17,1,0
17,656,617,3,3
17,699,18,1,0
17,723,18,1,0
17,724,18,1,0
18,656,618,3,3
18,699,618,3,3
18,723,618,3,3
18,724,618,3,3
19,656,18,0,1
19,694,18,0,1
19,699,619,3,3
19,723,619,3,3
19,724,619,3,3
20,656,19,0,1
20,699,620,3,3
20,723,620,3,3
20,724,620,3,3
21,656,20,0,1
21,699,621,3,3
21,723,621,3,3
21,724,621,3,3
22,634,21,0,1
22,656,21,0,1
22,699,622,3,3
22,723,622,3,3
22,724,622,3,3
23,656,22,0,1
23,686,623,3,3
23,699,623,3,3
24,628,624,3,3
24,699,624,3,3
25,628,0,0,1
25,662,49,3,2
25,670,49,3,2
26,686,1,0,2
26,699,1,0,2
27,656,28,2,1
27,699,2,0,2
27,714,28,2,1
27,723,2,0,2
27,724,2,0,2
28,634,27,1,2
28,656,29,2,1
28,699,3,0,2
28,723,3,0,2
28,724,3,0,2
29,656,30,2,1
29,699,4,0,2
29,723,4,0,2
29,724,4,0,2
30,656,31,2,1
30,694,31,2,1
30,699,5,0,2
30,723,5,0,2
30,724,5,0,2
31,656,6,0,2
31,699,6,0,2
31,723,6,0,2
31,724,6,0,2
32,656,7,0,2
32,694,57,3,0
32,699,31,1,2
32,723,31,1,2
32,724,31,1,2
33,656,8,0,2
33,699,32,1,2
33,723,32,1,2
33,724,32,1,2
34,634,35,2,1
34,656,9,0,2
34,699,33,1,2
34,723,33,1,2
34,724,33,1,2
35,656,10,0,2
35,699,34,1,2
35,714,60,3,0
35,723,34,1,2
36,699,35,1,2
37,662,38,2,1
37,670,38,2,1
38,628,39,2,1
38,699,39,2,1
39,656,14,0,2
39,686,40,2,1
39,699,40,2,1
39,714,64,3,0
40,656,15,0,2
40,699,41,2,1
40,723,41,2,1
40,724,41,2,1
41,656,16,0,2
41,699,42,2,1
41,723,42,2,1
41,724,42,2,1
42,656,17,0,2
42,699,43,2,1
42,723,43,2,1
42,724,43,2,1
43,656,18,0,2
43,699,18,0,2
43,723,18,0,2
43,724,18,0,2
44,656,43,1,2
44,694,43,1,2
44,699,19,0,2
44,723,19,0,2
44,724,19,0,2
45,656,44,1,2
45,699,20,0,2
45,723,20,0,2
45,724,20,0,2
46,656,45,1,2
46,699,21,0,2
46,723,21,0,2
46,724,21,0,2
47,634,46,1,2
47,656,46,1,2
47,699,22,0,2
47,723,22,0,2
47,724,22,0,2
48,656,47,1,2
48,686,23,0,2
48,699,23,0,2
49,628,24,0,2
49,699,24,0,2
50,628,25,0,2
50,662,74,3,2
50,670,74,3,2
51,686,26,0,3
51,699,26,0,3
52,656,53,2,1
52,699,27,0,3
52,714,53,2,1
52,723,27,0,3
52,724,77,3,0
53,634,52,1,2
53,656,54,2,1
53,699,28,0,3
53,723,28,0,3
53,724,78,3,0
54,644,79,3,0
54,656,55,2,1
54,699,29,0,3
54,723,29,0,3
54,724,79,3,0
55,644,80,3,0
55,656,56,2,1
55,694,56,2,1
55,699,30,0,3
55,723,30,0,3
55,724,80,3,0
56,644,81,3,0
56,656,31,0,3
56,699,31,0,3
56,723,31,0,3
57,656,32,0,3
57,694,82,3,0
57,699,56,1,2
57,723,56,1,2
57,724,56,1,2
58,656,33,0,3
58,699,57,1,2
58,723,57,1,2
58,724,57,1,2
59,634,60,2,1
59,656,34,0,3
59,699,58,1,2
59,723,58,1,2
59,724,58,1,2
60,656,35,0,3
60,699,59,1,2
60,714,85,3,0
60,723,59,1,2
61,699,60,1,2
62,662,63,2,1
62,670,63,2,1
63,628,64,2,1
63,699,64,2,1
64,656,39,0,3
64,686,65,2,1
64,699,65,2,1
64,714,89,3,0
65,656,40,0,3
65,699,66,2,1
65,723,66,2,1
65,724,66,2,1
66,656,41,0,3
66,699,67,2,1
66,723,67,2,1
66,724,67,2,1
67,656,42,0,3
67,699,68,2,1
67,723,68,2,1
67,724,68,2,1
68,644,93,3,0
68,656,43,0,3
68,699,43,0,3
68,723,43,0,3
69,644,94,3,0
69,656,68,1,2
69,694,68,1,2
69,699,44,0,3
69,723,44,0,3
69,724,94,3,0
70,644,95,3,0
70,656,69,1,2
70,699,45,0,3
70,723,45,0,3
70,724,95,3,0
71,656,70,1,2
71,699,46,0,3
71,723,46,0,3
71,724,96,3,0
72,634,71,1,2
72,656,71,1,2
72,699,47,0,3
72,723,47,0,3
72,724,97,3,0
73,656,72,1,2
73,686,48,0,3
73,699,48,0,3
74,628,49,0,3
74,699,49,0,3
75,628,100,2,0
75,662,99,3,2
75,670,99,3,2
76,686,51,0,3
76,699,51,0,3
77,656,78,2,1
77,699,52,0,3
77,714,78,2,1
77,723,102,3,0
77,724,102,3,0
78,634,77,1,2
78,656,79,2,1
78,699,53,0,3
78,723,103,3,0
78,724,103,3,0
79,656,80,2,1
79,699,54,0,3
79,723,104,3,0
79,724,104,3,0
80,656,81,2,1
80,694,81,2,1
80,699,55,0,3
80,723,105,3,0
80,724,105,3,0
81,694,82,2,1
81,699,56,0,3
82,656,107,3,0
82,694,694,73,0
82,699,81,1,2
82,723,81,1,2
82,724,81,1,2
83,656,108,3,0
83,699,82,1,2
83,723,82,1,2
83,724,82,1,2
84,634,85,2,1
84,656,109,3,0
84,699,83,1,2
84,723,83,1,2
84,724,83,1,2
85,656,110,3,0
85,699,84,1,2
85,714,110,3,0
85,723,84,1,2
86,699,85,1,2
87,662,88,2,1
87,670,88,2,1
88,628,89,2,1
88,699,89,2,1
89,656,114,3,0
89,686,90,2,1
89,699,90,2,1
89,714,114,3,0
90,656,115,3,0
90,699,91,2,1
90,723,91,2,1
90,724,91,2,1
91,656,116,3,0
91,699,92,2,1
91,723,92,2,1
91,724,92,2,1
92,656,117,3,0
92,699,93,2,1
92,723,93,2,1
92,724,93,2,1
93,694,92,1,2
93,699,68,0,3
94,656,93,1,2
94,694,93,1,2
94,699,69,0,3
94,723,119,3,0
94,724,119,3,0
95,656,94,1,2
95,699,70,0,3
95,723,120,3,0
95,724,120,3,0
96,656,95,1,2
96,699,71,0,3
96,723,121,3,0
96,724,121,3,0
97,634,96,1,2
97,656,96,1,2
97,699,72,0,3
97,723,122,3,0
97,724,122,3,0
98,656,97,1,2
98,686,73,0,3
98,699,73,0,3
99,628,124,3,0
99,699,74,0,3
100,628,125,2,0
100,662,124,3,2
100,670,124,3,2
101,686,76,0,3
101,699,76,0,3
102,656,103,2,1
102,699,77,0,3
102,714,103,2,1
102,723,127,3,0
102,724,127,3,0
103,634,102,1,2
103,656,104,2,1
103,699,78,0,3
103,723,128,3,0
103,724,128,3,0
104,656,105,2,1
104,699,79,0,3
104,723,129,3,0
104,724,129,3,0
105,656,106,2,1
105,694,106,2,1
105,699,80,0,3
105,723,130,3,0
105,724,130,3,0
106,656,131,3,0
106,694,81,0,3
106,714,131,3,0
107,656,132,3,0
107,694,82,0,3
107,699,106,1,2
107,714,132,3,0
107,723,106,1,2
107,724,106,1,2
108,656,133,3,0
108,699,107,1,2
108,714,133,3,0
108,723,107,1,2
108,724,107,1,2
109,634,110,2,1
109,656,134,3,0
109,699,108,1,2
109,714,134,3,0
109,723,108,1,2
109,724,108,1,2
110,656,135,3,0
110,699,109,1,2
110,714,135,3,0
110,723,109,1,2
111,699,110,1,2
112,662,113,2,1
112,670,113,2,1
113,628,114,2,1
113,699,114,2,1
114,656,139,3,0
114,686,115,2,1
114,699,115,2,1
114,714,139,3,0
115,656,140,3,0
115,699,116,2,1
115,714,140,3,0
115,723,116,2,1
115,724,116,2,1
116,656,141,3,0
116,699,117,2,1
116,714,141,3,0
116,723,117,2,1
116,724,117,2,1
117,656,142,3,0
117,699,118,2,1
117,714,142,3,0
117,723,118,2,1
117,724,118,2,1
118,656,143,3,0
118,694,93,0,3
118,714,143,3,0
119,656,118,1,2
119,694,118,1,2
119,699,94,0,3
119,723,144,3,0
119,724,144,3,0
120,656,119,1,2
120,699,95,0,3
120,723,145,3,0
120,724,145,3,0
121,656,120,1,2
121,699,96,0,3
121,723,146,3,0
121,724,146,3,0
122,634,121,1,2
122,656,121,1,2
122,699,97,0,3
122,723,147,3,0
122,724,147,3,0
123,656,122,1,2
123,686,98,0,3
123,699,98,0,3
124,628,149,3,0
124,699,99,0,3
125,628,150,2,0
125,662,149,3,2
125,670,149,3,2
126,686,101,0,3
126,699,151,3,0
127,656,128,2,1
127,699,152,3,0
127,714,128,2,1
127,723,152,3,0
127,724,152,3,0
128,634,127,1,2
128,656,129,2,1
128,699,153,3,0
128,723,153,3,0
128,724,153,3,0
129,656,130,2,1
129,699,154,3,0
129,723,154,3,0
129,724,154,3,0
130,656,131,2,1
130,694,131,2,1
130,699,155,3,0
130,723,155,3,0
130,724,155,3,0
131,656,156,3,0
131,694,106,0,3
131,699,156,3,0
131,714,132,2,1
131,723,156,3,0
132,656,157,3,0
132,694,107,0,3
132,699,131,1,2
132,714,133,2,1
132,723,131,1,2
132,724,131,1,2
133,656,158,3,0
133,699,132,1,2
133,714,134,2,1
133,723,132,1,2
133,724,132,1,2
134,634,135,2,1
134,656,159,3,0
134,699,133,1,2
134,714,135,2,1
134,723,133,1,2
134,724,133,1,2
135,656,160,3,0
135,699,134,1,2
135,723,134,1,2
136,699,135,1,2
137,662,138,2,1
137,670,138,2,1
138,628,139,2,1
138,699,139,2,1
139,656,164,3,0
139,686,140,2,1
139,699,140,2,1
139,714,714,93,0
140,656,165,3,0
140,699,141,2,1
140,714,139,1,2
140,723,141,2,1
140,724,141,2,1
141,656,166,3,0
141,699,142,2,1
141,714,140,1,2
141,723,142,2,1
141,724,142,2,1
142,656,167,3,0
142,699,143,2,1
142,714,141,1,2
142,723,143,2,1
142,724,143,2,1
143,656,168,3,0
143,694,118,0,3
143,699,168,3,0
143,714,142,1,2
143,723,168,3,0
144,656,143,1,2
144,694,143,1,2
144,699,169,3,0
144,723,169,3,0
144,724,169,3,0
145,656,144,1,2
145,699,170,3,0
145,723,170,3,0
145,724,170,3,0
146,656,145,1,2
146,699,171,3,0
146,723,171,3,0
146,724,171,3,0
147,634,146,1,2
147,656,146,1,2
147,699,172,3,0
147,723,172,3,0
147,724,172,3,0
148,656,147,1,2
148,686,123,0,3
148,699,173,3,0
149,628,174,3,0
149,662,662,41,0
149,699,174,3,0
150,628,175,2,0
150,662,174,3,2
150,670,174,3,2
151,686,126,0,3
151,699,176,3,0
152,656,153,2,1
152,699,177,3,0
152,714,153,2,1
152,723,177,3,0
152,724,177,3,0
153,634,152,1,2
153,656,154,2,1
153,699,178,3,0
153,723,178,3,0
153,724,178,3,0
154,656,155,2,1
154,699,179,3,0
154,723,179,3,0
154,724,179,3,0
155,656,156,2,1
155,694,156,2,1
155,699,180,3,0
155,723,180,3,0
155,724,180,3,0
156,656,181,3,0
156,694,131,0,3
156,699,181,3,0
156,723,181,3,0
156,724,181,3,0
157,656,182,3,0
157,694,132,0,3
157,699,156,1,2
157,723,156,1,2
157,724,156,1,2
158,656,183,3,0
158,699,157,1,2
158,723,157,1,2
158,724,157,1,2
159,634,160,2,1
159,656,184,3,0
159,699,158,1,2
159,723,158,1,2
159,724,158,1,2
160,656,185,3,0
160,699,159,1,2
160,714,135,0,3
160,723,159,1,2
161,699,160,1,2
162,662,163,2,1
162,670,163,2,1
163,628,164,2,1
163,699,164,2,1
164,656,189,3,0
164,686,165,2,1
164,699,165,2,1
164,714,139,0,3
165,656,190,3,0
165,699,166,2,1
165,723,166,2,1
165,724,166,2,1
166,656,191,3,0
166,699,167,2,1
166,723,167,2,1
166,724,167,2,1
167,656,192,3,0
167,699,168,2,1
167,723,168,2,1
167,724,168,2,1
168,656,193,3,0
168,694,143,0,3
168,699,193,3,0
168,723,193,3,0
168,724,193,3,0
169,656,168,1,2
169,694,168,1,2
169,699,194,3,0
169,723,194,3,0
169,724,194,3,0
170,656,169,1,2
170,699,195,3,0
170,723,195,3,0
170,724,195,3,0
171,656,170,1,2
171,699,196,3,0
171,723,196,3,0
171,724,196,3,0
172,634,171,1,2
172,656,171,1,2
172,699,197,3,0
172,723,197,3,0
172,724,197,3,0
173,656,172,1,2
173,686,148,0,3
173,699,198,3,0
174,628,199,3,0
174,699,199,3,0
175,628,200,2,0
175,662,199,3,2
175,670,199,3,2
176,686,151,0,3
176,699,201,3,0
177,656,178,2,1
177,699,202,3,0
177,714,178,2,1
177,723,202,3,0
177,724,202,3,0
178,634,177,1,2
178,656,179,2,1
178,699,203,3,0
178,723,203,3,0
178,724,203,3,0
179,656,180,2,1
179,699,204,3,0
179,723,204,3,0
179,724,204,3,0
180,656,181,2,1
180,694,181,2,1
180,699,205,3,0
180,723,205,3,0
180,724,205,3,0
181,656,206,3,0
181,699,206,3,0
181,723,206,3,0
181,724,206,3,0
182,656,207,3,0
182,694,157,0,3
182,699,181,1,2
182,723,181,1,2
182,724,181,1,2
183,656,208,3,0
183,699,182,1,2
183,723,182,1,2
183,724,182,1,2
184,634,185,2,1
184,656,209,3,0
184,699,183,1,2
184,723,183,1,2
184,724,183,1,2
185,656,210,3,0
185,699,184,1,2
185,714,160,0,3
185,723,184,1,2
186,699,185,1,2
187,662,188,2,1
187,670,188,2,1
188,628,189,2,1
188,699,189,2,1
189,656,214,3,0
189,686,190,2,1
189,699,190,2,1
189,714,164,0,3
190,656,215,3,0
190,699,191,2,1
190,723,191,2,1
190,724,191,2,1
191,656,216,3,0
191,699,192,2,1
191,723,192,2,1
191,724,192,2,1
192,656,217,3,0
192,699,193,2,1
192,723,193,2,1
192,724,193,2,1
193,656,218,3,0
193,699,218,3,0
193,723,218,3,0
193,724,218,3,0
194,656,193,1,2
194,694,193,1,2
194,699,219,3,0
194,723,219,3,0
194,724,219,3,0
195,656,194,1,2
195,699,220,3,0
195,723,220,3,0
195,724,220,3,0
196,656,195,1,2
196,699,221,3,0
196,723,221,3,0
196,724,221,3,0
197,634,196,1,2
197,656,196,1,2
197,699,222,3,0
197,723,222,3,0
197,724,222,3,0
198,656,197,1,2
198,686,173,0,3
198,699,223,3,0
199,628,224,3,0
199,699,224,3,0
200,628,225,2,0
200,662,224,3,2
200,670,224,3,2
201,686,176,0,3
201,699,226,3,0
202,656,203,2,1
202,699,227,3,0
202,714,203,2,1
202,723,227,3,0
202,724,227,3,0
203,634,202,1,2
203,656,204,2,1
203,699,228,3,0
203,723,228,3,0
203,724,228,3,0
204,656,205,2,1
204,699,229,3,0
204,723,229,3,0
204,724,229,3,0
205,656,206,2,1
205,694,206,2,1
205,699,230,3,0
205,723,230,3,0
205,724,230,3,0
206,656,231,3,0
206,699,231,3,0
206,723,231,3,0
206,724,231,3,0
207,656,232,3,0
207,694,182,0,3
207,699,206,1,2
207,723,206,1,2
207,724,206,1,2
208,656,233,3,0
208,699,207,1,2
208,723,207,1,2
208,724,207,1,2
209,634,210,2,1
209,656,234,3,0
209,699,208,1,2
209,723,208,1,2
209,724,208,1,2
210,656,235,3,0
210,699,209,1,2
210,714,185,0,3
210,723,209,1,2
211,699,210,1,2
212,662,213,2,1
212,670,213,2,1
213,628,214,2,1
213,699,214,2,1
214,656,239,3,0
214,686,215,2,1
214,699,215,2,1
214,714,189,0,3
215,656,240,3,0
215,699,216,2,1
215,723,216,2,1
215,724,216,2,1
216,656,241,3,0
216,699,217,2,1
216,723,217,2,1
216,724,217,2,1
217,656,242,3,0
217,699,218,2,1
217,723,218,2,1
217,724,218,2,1
218,656,243,3,0
218,699,243,3,0
218,723,243,3,0
218,724,243,3,0
219,656,218,1,2
219,694,218,1,2
219,699,244,3,0
219,723,244,3,0
219,724,244,3,0
220,656,219,1,2
220,699,245,3,0
220,723,245,3,0
220,724,245,3,0
221,656,220,1,2
221,699,246,3,0
221,723,246,3,0
221,724,246,3,0
222,634,221,1,2
222,656,221,1,2
222,699,247,3,0
222,723,247,3,0
222,724,247,3,0
223,656,222,1,2
223,686,198,0,3
223,699,248,3,0
224,628,249,3,0
224,699,249,3,0
225,628,250,2,0
225,662,249,3,2
225,670,249,3,2
226,686,251,3,0
226,699,251,3,0
227,656,228,2,1
227,699,252,3,0
227,714,228,2,1
227,723,252,3,0
227,724,252,3,0
228,634,227,1,2
228,656,229,2,1
228,699,253,3,0
228,723,253,3,0
228,724,253,3,0
229,656,230,2,1
229,699,254,3,0
229,723,254,3,0
229,724,254,3,0
230,656,231,2,1
230,694,231,2,1
230,699,255,3,0
230,723,255,3,0
230,724,255,3,0
231,656,256,3,0
231,699,256,3,0
231,723,256,3,0
231,724,256,3,0
232,656,257,3,0
232,694,207,0,3
232,699,231,1,2
232,723,231,1,2
232,724,231,1,2
233,656,258,3,0
233,699,232,1,2
233,723,232,1,2
233,724,232,1,2
234,634,235,2,1
234,656,259,3,0
234,699,233,1,2
234,723,233,1,2
234,724,233,1,2
235,656,260,3,0
235,699,234,1,2
235,714,210,0,3
235,723,234,1,2
236,699,235,1,2
237,662,238,2,1
237,670,238,2,1
238,628,239,2,1
238,699,239,2,1
239,656,264,3,0
239,686,240,2,1
239,699,240,2,1
239,714,214,0,3
240,656,265,3,0
240,699,241,2,1
240,723,241,2,1
240,724,241,2,1
241,656,266,3,0
241,699,242,2,1
241,723,242,2,1
241,724,242,2,1
242,656,267,3,0
242,699,243,2,1
242,723,243,2,1
242,724,243,2,1
243,656,268,3,0
243,699,268,3,0
243,723,268,3,0
243,724,268,3,0
244,656,243,1,2
244,694,243,1,2
244,699,269,3,0
244,723,269,3,0
244,724,269,3,0
245,656,244,1,2
245,699,270,3,0
245,723,270,3,0
245,724,270,3,0
246,656,245,1,2
246,699,271,3,0
246,723,271,3,0
246,724,271,3,0
247,634,246,1,2
247,656,246,1,2
247,699,272,3,0
247,723,272,3,0
247,724,272,3,0
248,656,247,1,2
248,686,273,3,0
248,699,273,3,0
249,628,274,3,0
249,699,274,3,0
250,628,275,2,0
250,662,274,3,2
250,670,274,3,2
251,670,276,3,0
251,686,276,3,0
251,699,276,3,0
252,656,253,2,1
252,670,277,3,0
252,699,277,3,0
252,714,253,2,1
252,723,277,3,0
252,724,277,3,0
253,634,252,1,2
253,656,254,2,1
253,670,278,3,0
253,699,278,3,0
253,723,278,3,0
253,724,278,3,0
254,656,255,2,1
254,670,279,3,0
254,699,279,3,0
254,723,279,3,0
254,724,279,3,0
255,656,256,2,1
255,670,280,3,0
255,694,256,2,1
255,699,280,3,0
255,723,280,3,0
255,724,280,3,0
256,656,281,3,0
256,670,281,3,0
256,699,281,3,0
256,723,281,3,0
256,724,281,3,0
257,656,282,3,0
257,694,232,0,3
257,699,256,1,2
257,723,256,1,2
257,724,256,1,2
258,656,283,3,0
258,699,257,1,2
258,723,257,1,2
258,724,257,1,2
259,634,260,2,1
259,656,284,3,0
259,699,258,1,2
259,723,258,1,2
259,724,258,1,2
260,656,285,3,0
260,699,259,1,2
260,714,235,0,3
260,723,259,1,2
261,699,260,1,2
262,662,263,2,1
262,670,263,2,1
263,628,264,2,1
263,699,264,2,1
264,656,289,3,0
264,686,265,2,1
264,699,265,2,1
264,714,239,0,3
265,656,290,3,0
265,699,266,2,1
265,723,266,2,1
265,724,266,2,1
266,656,291,3,0
266,699,267,2,1
266,723,267,2,1
266,724,267,2,1
267,656,292,3,0
267,699,268,2,1
267,723,268,2,1
267,724,268,2,1
268,656,293,3,0
268,670,293,3,0
268,699,293,3,0
268,723,293,3,0
268,724,293,3,0
269,656,268,1,2
269,670,294,3,0
269,694,268,1,2
269,699,294,3,0
269,723,294,3,0
269,724,294,3,0
270,656,269,1,2
270,670,295,3,0
270,699,295,3,0
270,723,295,3,0
270,724,295,3,0
271,656,270,1,2
271,670,296,3,0
271,699,296,3,0
271,723,296,3,0
271,724,296,3,0
272,634,271,1,2
272,656,271,1,2
272,670,297,3,0
272,699,297,3,0
272,723,297,3,0
272,724,297,3,0
273,656,272,1,2
273,670,298,3,0
273,686,298,3,0
273,699,298,3,0
274,628,299,3,0
274,670,299,3,0
274,699,299,3,0
275,628,300,2,0
275,662,299,3,2
275,670,299,3,2
276,670,275,1,1
276,686,301,3,0
276,699,301,3,0
277,656,278,2,1
277,670,276,1,2
277,699,302,3,0
277,714,278,2,1
277,723,302,3,0
277,724,302,3,0
278,656,279,2,1
278,670,277,1,2
278,699,303,3,0
278,723,303,3,0
278,724,303,3,0
279,634,304,3,0
279,656,280,2,1
279,670,278,1,2
279,699,304,3,0
279,723,304,3,0
279,724,304,3,0
280,634,305,3,0
280,656,281,2,1
280,670,279,1,2
280,694,281,2,1
280,699,305,3,0
280,723,305,3,0
280,724,305,3,0
281,634,306,3,0
281,656,306,3,0
281,670,280,1,2
281,699,306,3,0
281,723,306,3,0
281,724,306,3,0
282,656,307,3,0
282,694,257,0,3
282,699,281,1,2
282,723,281,1,2
282,724,281,1,2
283,656,308,3,0
283,699,282,1,2
283,723,282,1,2
283,724,282,1,2
284,634,285,2,1
284,656,309,3,0
284,699,283,1,2
284,723,283,1,2
284,724,283,1,2
285,656,310,3,0
285,699,284,1,2
285,714,260,0,3
285,723,284,1,2
286,699,285,1,2
287,662,288,2,1
287,670,288,2,1
288,628,289,2,1
288,699,289,2,1
289,656,314,3,0
289,686,290,2,1
289,699,290,2,1
289,714,264,0,3
290,656,315,3,0
290,699,291,2,1
290,723,291,2,1
290,724,291,2,1
291,656,316,3,0
291,699,292,2,1
291,723,292,2,1
291,724,292,2,1
292,656,317,3,0
292,699,293,2,1
292,723,293,2,1
292,724,293,2,1
293,634,318,3,0
293,656,318,3,0
293,670,294,2,1
293,699,318,3,0
293,723,318,3,0
293,724,318,3,0
294,634,319,3,0
294,656,293,1,2
294,670,295,2,1
294,694,293,1,2
294,699,319,3,0
294,723,319,3,0
294,724,319,3,0
295,634,320,3,0
295,656,294,1,2
295,670,296,2,1
295,699,320,3,0
295,723,320,3,0
295,724,320,3,0
296,634,321,3,0
296,656,295,1,2
296,670,297,2,1
296,699,321,3,0
296,723,321,3,0
296,724,321,3,0
297,634,296,1,2
297,656,296,1,2
297,670,298,2,1
297,699,322,3,0
297,723,322,3,0
297,724,322,3,0
298,656,297,1,2
298,670,299,2,1
298,686,323,3,0
298,699,323,3,0
299,628,324,3,0
299,670,670,49,0
299,699,324,3,0
300,628,325,2,0
300,662,324,3,2
300,670,324,3,2
301,686,326,3,0
301,699,326,3,0
302,656,303,2,1
302,699,327,3,0
302,714,303,2,1
302,723,327,3,0
302,724,327,3,0
303,634,302,1,2
303,656,304,2,1
303,699,328,3,0
303,723,328,3,0
303,724,328,3,0
304,634,303,1,2
304,656,305,2,1
304,699,329,3,0
304,723,329,3,0
304,724,329,3,0
305,634,304,1,2
305,656,306,2,1
305,694,306,2,1
305,699,330,3,0
305,723,330,3,0
305,724,330,3,0
306,634,305,1,2
306,656,331,3,0
306,699,331,3,0
306,723,331,3,0
306,724,331,3,0
307,656,332,3,0
307,694,282,0,3
307,699,306,1,2
307,723,306,1,2
307,724,306,1,2
308,656,333,3,0
308,699,307,1,2
308,723,307,1,2
308,724,307,1,2
309,634,310,2,1
309,656,334,3,0
309,699,308,1,2
309,723,308,1,2
309,724,308,1,2
310,656,335,3,0
310,699,309,1,2
310,714,285,0,3
310,723,309,1,2
311,699,310,1,2
312,662,313,2,1
312,670,313,2,1
313,628,314,2,1
313,699,314,2,1
314,656,339,3,0
314,686,315,2,1
314,699,315,2,1
314,714,289,0,3
315,656,340,3,0
315,699,316,2,1
315,723,316,2,1
315,724,316,2,1
316,656,341,3,0
316,699,317,2,1
316,723,317,2,1
316,724,317,2,1
317,656,342,3,0
317,699,318,2,1
317,723,318,2,1
317,724,318,2,1
318,634,319,2,1
318,656,343,3,0
318,699,343,3,0
318,723,343,3,0
318,724,343,3,0
319,634,320,2,1
319,656,318,1,2
319,694,318,1,2
319,699,344,3,0
319,723,344,3,0
319,724,344,3,0
320,634,321,2,1
320,656,319,1,2
320,699,345,3,0
320,723,345,3,0
320,724,345,3,0
321,634,634,13,0
321,656,320,1,2
321,699,346,3,0
321,723,346,3,0
321,724,346,3,0
322,634,321,1,2
322,656,321,1,2
322,699,347,3,0
322,723,347,3,0
322,724,347,3,0
323,656,322,1,2
323,686,348,3,0
323,699,348,3,0
324,628,349,3,0
324,699,349,3,0
325,628,350,2,0
325,662,349,3,2
325,670,349,3,2
326,686,351,3,0
326,699,351,3,0
327,656,328,2,1
327,699,352,3,0
327,714,328,2,1
327,723,352,3,0
327,724,352,3,0
328,634,327,1,2
328,656,329,2,1
328,699,353,3,0
328,723,353,3,0
328,724,353,3,0
329,656,330,2,1
329,699,354,3,0
329,723,354,3,0
329,724,354,3,0
330,656,331,2,1
330,694,331,2,1
330,699,355,3,0
330,723,355,3,0
330,724,355,3,0
331,656,356,3,0
331,699,356,3,0
331,723,356,3,0
331,724,356,3,0
332,656,357,3,0
332,694,307,0,3
332,699,331,1,2
332,723,331,1,2
332,724,331,1,2
333,656,358,3,0
333,699,332,1,2
333,723,332,1,2
333,724,332,1,2
334,634,335,2,1
334,656,359,3,0
334,699,333,1,2
334,723,333,1,2
334,724,333,1,2
335,656,360,3,0
335,699,334,1,2
335,714,310,0,3
335,723,334,1,2
336,699,335,1,2
337,662,338,2,1
337,670,338,2,1
338,628,339,2,1
338,699,339,2,1
339,656,364,3,0
339,686,340,2,1
339,699,340,2,1
339,714,314,0,3
340,656,365,3,0
340,699,341,2,1
340,723,341,2,1
340,724,341,2,1
341,656,366,3,0
341,699,342,2,1
341,723,342,2,1
341,724,342,2,1
342,656,367,3,0
342,699,343,2,1
342,723,343,2,1
342,724,343,2,1
343,656,368,3,0
343,699,368,3,0
343,723,368,3,0
343,724,368,3,0
344,656,343,1,2
344,694,343,1,2
344,699,369,3,0
344,723,369,3,0
344,724,369,3,0
345,656,344,1,2
345,699,370,3,0
345,723,370,3,0
345,724,370,3,0
346,656,345,1,2
346,699,371,3,0
346,723,371,3,0
346,724,371,3,0
347,634,346,1,2
347,656,346,1,2
347,699,372,3,0
347,723,372,3,0
347,724,372,3,0
348,656,347,1,2
348,686,373,3,0
348,699,373,3,0
349,628,374,3,0
349,699,374,3,0
350,628,375,2,0
350,662,374,3,2
350,670,374,3,2
351,686,376,3,0
351,699,376,3,0
352,656,353,2,1
352,699,377,3,0
352,714,353,2,1
352,723,377,3,0
352,724,724,103,0
353,634,352,1,2
353,656,354,2,1
353,699,378,3,0
353,723,378,3,0
353,724,352,1,2
354,644,644,23,0
354,656,355,2,1
354,699,379,3,0
354,723,379,3,0
354,724,353,1,2
355,644,354,1,2
355,656,356,2,1
355,694,356,2,1
355,699,380,3,0
355,723,380,3,0
355,724,354,1,2
356,644,355,1,2
356,656,381,3,0
356,699,381,3,0
356,723,381,3,0
356,724,355,1,2
357,656,382,3,0
357,694,332,0,3
357,699,356,1,2
357,723,356,1,2
357,724,356,1,2
358,656,383,3,0
358,699,357,1,2
358,723,357,1,2
358,724,357,1,2
359,634,360,2,1
359,656,384,3,0
359,699,358,1,2
359,723,358,1,2
359,724,358,1,2
360,656,385,3,0
360,699,359,1,2
360,714,335,0,3
360,723,359,1,2
361,699,360,1,2
362,662,363,2,1
362,670,363,2,1
363,628,364,2,1
363,699,364,2,1
364,656,389,3,0
364,686,365,2,1
364,699,365,2,1
364,714,339,0,3
365,656,390,3,0
365,699,366,2,1
365,723,366,2,1
365,724,366,2,1
366,656,391,3,0
366,699,367,2,1
366,723,367,2,1
366,724,367,2,1
367,656,392,3,0
367,699,368,2,1
367,723,368,2,1
367,724,368,2,1
368,644,369,2,1
368,656,393,3,0
368,699,393,3,0
368,723,393,3,0
368,724,369,2,1
369,644,370,2,1
369,656,368,1,2
369,694,368,1,2
369,699,394,3,0
369,723,394,3,0
369,724,370,2,1
370,644,371,2,1
370,656,369,1,2
370,699,395,3,0
370,723,395,3,0
370,724,371,2,1
371,656,370,1,2
371,699,396,3,0
371,723,396,3,0
371,724,372,2,1
372,634,371,1,2
372,656,371,1,2
372,699,397,3,0
372,723,397,3,0
373,656,372,1,2
373,686,398,3,0
373,699,398,3,0
374,628,399,3,0
374,699,399,3,0
375,628,628,7,0
375,662,399,3,2
375,670,399,3,2
376,628,375,1,1
376,686,401,3,0
376,699,401,3,0
377,656,378,2,1
377,699,402,3,0
377,714,378,2,1
377,723,723,102,0
377,724,352,0,3
378,634,377,1,2
378,656,379,2,1
378,699,403,3,0
378,723,377,1,2
378,724,353,0,3
379,644,354,0,3
379,656,380,2,1
379,699,404,3,0
379,723,378,1,2
379,724,354,0,3
380,644,355,0,3
380,656,381,2,1
380,694,381,2,1
380,699,405,3,0
380,723,379,1,2
380,724,355,0,3
381,644,356,0,3
381,656,382,2,1
381,699,406,3,0
381,723,380,1,2
382,656,383,2,1
382,694,357,0,3
382,699,381,1,2
382,723,381,1,2
382,724,381,1,2
383,656,384,2,1
383,699,382,1,2
383,723,382,1,2
383,724,382,1,2
384,634,385,2,1
384,656,385,2,1
384,699,383,1,2
384,723,383,1,2
384,724,383,1,2
385,656,386,2,1
385,699,384,1,2
385,714,360,0,3
385,723,384,1,2
386,699,385,1,2
387,662,388,2,1
387,670,388,2,1
388,628,389,2,1
388,699,389,2,1
389,656,656,35,0
389,686,390,2,1
389,699,390,2,1
389,714,364,0,3
390,656,389,1,2
390,699,391,2,1
390,723,391,2,1
390,724,391,2,1
391,656,390,1,2
391,699,392,2,1
391,723,392,2,1
391,724,392,2,1
392,656,391,1,2
392,699,393,2,1
392,723,393,2,1
392,724,393,2,1
393,644,368,0,3
393,656,392,1,2
393,699,418,3,0
393,723,394,2,1
394,644,369,0,3
394,656,393,1,2
394,694,393,1,2
394,699,419,3,0
394,723,395,2,1
394,724,369,0,3
395,644,370,0,3
395,656,394,1,2
395,699,420,3,0
395,723,396,2,1
395,724,370,0,3
396,656,395,1,2
396,699,421,3,0
396,723,397,2,1
396,724,371,0,3
397,634,396,1,2
397,656,396,1,2
397,699,422,3,0
397,723,398,2,1
397,724,372,0,3
398,656,397,1,2
398,686,423,3,0
398,699,423,3,0
399,699,424,3,0
400,628,375,0,2
400,662,424,3,2
400,670,424,3,2
401,686,426,3,0
401,699,426,3,0
402,656,403,2,1
402,699,427,3,0
402,714,403,2,1
402,723,377,0,3
402,724,377,0,3
403,634,402,1,2
403,656,404,2,1
403,699,428,3,0
403,723,378,0,3
403,724,378,0,3
404,656,405,2,1
404,699,429,3,0
404,723,379,0,3
404,724,379,0,3
405,656,406,2,1
405,694,406,2,1
405,699,430,3,0
405,723,380,0,3
405,724,380,0,3
406,694,431,3,0
407,656,382,0,3
407,694,432,3,0
407,699,406,1,2
407,723,406,1,2
407,724,406,1,2
408,656,383,0,3
408,699,407,1,2
408,723,407,1,2
408,724,407,1,2
409,634,410,2,1
409,656,384,0,3
409,699,408,1,2
409,723,408,1,2
409,724,408,1,2
410,656,385,0,3
410,699,409,1,2
410,714,385,0,3
410,723,409,1,2
411,699,410,1,2
412,662,413,2,1
412,670,413,2,1
413,628,414,2,1
413,699,414,2,1
414,656,389,0,3
414,686,415,2,1
414,699,415,2,1
414,714,389,0,3
415,656,390,0,3
415,699,416,2,1
415,723,416,2,1
415,724,416,2,1
416,656,391,0,3
416,699,417,2,1
416,723,417,2,1
416,724,417,2,1
417,656,392,0,3
417,699,418,2,1
417,723,418,2,1
417,724,418,2,1
418,694,443,3,0
419,656,418,1,2
419,694,418,1,2
419,699,444,3,0
419,723,394,0,3
419,724,394,0,3
420,656,419,1,2
420,699,445,3,0
420,723,395,0,3
420,724,395,0,3
421,656,420,1,2
421,699,446,3,0
421,723,396,0,3
421,724,396,0,3
422,634,421,1,2
422,656,421,1,2
422,699,447,3,0
422,723,397,0,3
422,724,397,0,3
423,656,422,1,2
423,686,448,3,0
423,699,448,3,0
424,628,399,0,3
424,699,449,3,0
425,628,400,0,2
425,662,449,3,2
425,670,449,3,2
426,686,451,3,0
426,699,425,1,1
427,656,428,2,1
427,699,426,1,2
427,714,428,2,1
427,723,402,0,3
427,724,402,0,3
428,634,427,1,2
428,656,429,2,1
428,699,427,1,2
428,723,403,0,3
428,724,403,0,3
429,656,430,2,1
429,699,428,1,2
429,723,404,0,3
429,724,404,0,3
430,656,431,2,1
430,694,431,2,1
430,699,429,1,2
430,723,405,0,3
430,724,405,0,3
431,656,406,0,3
431,694,456,3,0
431,699,430,1,2
431,714,406,0,3
432,656,407,0,3
432,694,457,3,0
432,699,431,1,2
432,714,407,0,3
432,723,431,1,2
432,724,431,1,2
433,656,408,0,3
433,699,432,1,2
433,714,408,0,3
433,723,432,1,2
433,724,432,1,2
434,634,435,2,1
434,656,409,0,3
434,699,433,1,2
434,714,409,0,3
434,723,433,1,2
434,724,433,1,2
435,656,410,0,3
435,699,434,1,2
435,714,410,0,3
435,723,434,1,2
436,699,435,1,2
437,662,438,2,1
437,670,438,2,1
438,628,439,2,1
438,699,439,2,1
439,656,414,0,3
439,686,440,2,1
439,699,440,2,1
439,714,414,0,3
440,656,415,0,3
440,699,441,2,1
440,714,415,0,3
440,723,441,2,1
440,724,441,2,1
441,656,416,0,3
441,699,442,2,1
441,714,416,0,3
441,723,442,2,1
441,724,442,2,1
442,656,417,0,3
442,699,443,2,1
442,714,417,0,3
442,723,443,2,1
442,724,443,2,1
443,656,418,0,3
443,694,468,3,0
443,699,444,2,1
443,714,418,0,3
444,656,443,1,2
444,694,443,1,2
444,699,445,2,1
444,723,419,0,3
444,724,419,0,3
445,656,444,1,2
445,699,446,2,1
445,723,420,0,3
445,724,420,0,3
446,656,445,1,2
446,699,447,2,1
446,723,421,0,3
446,724,421,0,3
447,634,446,1,2
447,656,446,1,2
447,699,448,2,1
447,723,422,0,3
447,724,422,0,3
448,656,447,1,2
448,686,473,3,0
448,699,449,2,1
449,628,424,0,3
449,699,699,78,0
450,628,425,0,2
450,662,474,3,2
450,670,474,3,2
451,686,476,3,0
451,699,426,0,3
452,656,453,2,1
452,699,427,0,3
452,714,453,2,1
452,723,427,0,3
452,724,427,0,3
453,634,452,1,2
453,656,454,2,1
453,699,428,0,3
453,723,428,0,3
453,724,428,0,3
454,656,455,2,1
454,699,429,0,3
454,723,429,0,3
454,724,429,0,3
455,656,456,2,1
455,694,456,2,1
455,699,430,0,3
455,723,430,0,3
455,724,430,0,3
456,656,431,0,3
456,694,481,3,0
456,699,431,0,3
456,723,431,0,3
457,656,432,0,3
457,694,482,3,0
457,699,456,1,2
457,723,456,1,2
457,724,456,1,2
458,656,433,0,3
458,699,457,1,2
458,723,457,1,2
458,724,457,1,2
459,634,460,2,1
459,656,434,0,3
459,699,458,1,2
459,723,458,1,2
459,724,458,1,2
460,656,435,0,3
460,699,459,1,2
460,714,485,3,0
460,723,459,1,2
461,699,460,1,2
462,662,463,2,1
462,670,463,2,1
463,628,464,2,1
463,699,464,2,1
464,656,439,0,3
464,686,465,2,1
464,699,465,2,1
464,714,489,3,0
465,656,440,0,3
465,699,466,2,1
465,723,466,2,1
465,724,466,2,1
466,656,441,0,3
466,699,467,2,1
466,723,467,2,1
466,724,467,2,1
467,656,442,0,3
467,699,468,2,1
467,723,468,2,1
467,724,468,2,1
468,656,443,0,3
468,694,493,3,0
468,699,443,0,3
468,723,443,0,3
469,656,468,1,2
469,694,468,1,2
469,699,444,0,3
469,723,444,0,3
469,724,444,0,3
470,656,469,1,2
470,699,445,0,3
470,723,445,0,3
470,724,445,0,3
471,656,470,1,2
471,699,446,0,3
471,723,446,0,3
471,724,446,0,3
472,634,471,1,2
472,656,471,1,2
472,699,447,0,3
472,723,447,0,3
472,724,447,0,3
473,656,472,1,2
473,686,498,3,0
473,699,448,0,3
474,628,449,0,3
474,699,449,0,3
475,628,450,0,2
475,662,499,3,2
475,670,499,3,2
476,686,501,3,0
476,699,451,0,3
477,656,478,2,1
477,699,452,0,3
477,714,478,2,1
477,723,452,0,3
477,724,452,0,3
478,634,477,1,2
478,656,479,2,1
478,699,453,0,3
478,723,453,0,3
478,724,453,0,3
479,656,480,2,1
479,699,454,0,3
479,723,454,0,3
479,724,454,0,3
480,656,481,2,1
480,694,481,2,1
480,699,455,0,3
480,723,455,0,3
480,724,455,0,3
481,656,456,0,3
481,699,456,0,3
481,723,456,0,3
481,724,456,0,3
482,656,457,0,3
482,694,507,3,0
482,699,481,1,2
482,723,481,1,2
482,724,481,1,2
483,656,458,0,3
483,699,482,1,2
483,723,482,1,2
483,724,482,1,2
484,634,485,2,1
484,656,459,0,3
484,699,483,1,2
484,723,483,1,2
484,724,483,1,2
485,656,460,0,3
485,699,484,1,2
485,714,510,3,0
485,723,484,1,2
486,699,485,1,2
487,662,488,2,1
487,670,488,2,1
488,628,489,2,1
488,699,489,2,1
489,656,464,0,3
489,686,490,2,1
489,699,490,2,1
489,714,514,3,0
490,656,465,0,3
490,699,491,2,1
490,723,491,2,1
490,724,491,2,1
491,656,466,0,3
491,699,492,2,1
491,723,492,2,1
491,724,492,2,1
492,656,467,0,3
492,699,493,2,1
492,723,493,2,1
492,724,493,2,1
493,656,468,0,3
493,699,468,0,3
493,723,468,0,3
493,724,468,0,3
494,656,493,1,2
494,694,493,1,2
494,699,469,0,3
494,723,469,0,3
494,724,469,0,3
495,656,494,1,2
495,699,470,0,3
495,723,470,0,3
495,724,470,0,3
496,656,495,1,2
496,699,471,0,3
496,723,471,0,3
496,724,471,0,3
497,634,496,1,2
497,656,496,1,2
497,699,472,0,3
497,723,472,0,3
497,724,472,0,3
498,656,497,1,2
498,686,523,3,0
498,699,473,0,3
499,628,474,0,3
499,699,474,0,3
500,628,475,0,2
500,662,524,3,2
500,670,524,3,2
501,686,526,3,0
501,699,476,0,3
502,656,503,2,1
502,699,477,0,3
502,714,503,2,1
502,723,477,0,3
502,724,477,0,3
503,634,502,1,2
503,656,504,2,1
503,699,478,0,3
503,723,478,0,3
503,724,478,0,3
504,656,505,2,1
504,699,479,0,3
504,723,479,0,3
504,724,479,0,3
505,656,506,2,1
505,694,506,2,1
505,699,480,0,3
505,723,480,0,3
505,724,480,0,3
506,656,481,0,3
506,699,481,0,3
506,723,481,0,3
506,724,481,0,3
507,656,482,0,3
507,694,532,3,0
507,699,506,1,2
507,723,506,1,2
507,724,506,1,2
508,656,483,0,3
508,699,507,1,2
508,723,507,1,2
508,724,507,1,2
509,634,510,2,1
509,656,484,0,3
509,699,508,1,2
509,723,508,1,2
509,724,508,1,2
510,656,485,0,3
510,699,509,1,2
510,714,535,3,0
510,723,509,1,2
511,699,510,1,2
512,662,513,2,1
512,670,513,2,1
513,628,514,2,1
513,699,514,2,1
514,656,489,0,3
514,686,515,2,1
514,699,515,2,1
514,714,539,3,0
515,656,490,0,3
515,699,516,2,1
515,723,516,2,1
515,724,516,2,1
516,656,491,0,3
516,699,517,2,1
516,723,517,2,1
516,724,517,2,1
517,656,492,0,3
517,699,518,2,1
517,723,518,2,1
517,724,518,2,1
518,656,493,0,3
518,699,493,0,3
518,723,493,0,3
518,724,493,0,3
519,656,518,1,2
519,694,518,1,2
519,699,494,0,3
519,723,494,0,3
519,724,494,0,3
520,656,519,1,2
520,699,495,0,3
520,723,495,0,3
520,724,495,0,3
521,656,520,1,2
521,699,496,0,3
521,723,496,0,3
521,724,496,0,3
522,634,521,1,2
522,656,521,1,2
522,699,497,0,3
522,723,497,0,3
522,724,497,0,3
523,656,522,1,2
523,686,548,3,0
523,699,498,0,3
524,628,499,0,3
524,699,499,0,3
525,628,500,0,2
525,662,549,3,2
525,670,549,3,2
526,686,686,65,0
526,699,501,0,3
527,656,528,2,1
527,686,526,1,2
527,699,502,0,3
527,714,528,2,1
527,723,502,0,3
527,724,502,0,3
528,634,527,1,2
528,656,529,2,1
528,699,503,0,3
528,723,503,0,3
528,724,503,0,3
529,656,530,2,1
529,699,504,0,3
529,723,504,0,3
529,724,504,0,3
530,656,531,2,1
530,694,531,2,1
530,699,505,0,3
530,723,505,0,3
530,724,505,0,3
531,656,506,0,3
531,699,506,0,3
531,723,506,0,3
531,724,506,0,3
532,656,507,0,3
532,694,557,3,0
532,699,531,1,2
532,723,531,1,2
532,724,531,1,2
533,656,508,0,3
533,699,532,1,2
533,723,532,1,2
533,724,532,1,2
534,634,535,2,1
534,656,509,0,3
534,699,533,1,2
534,723,533,1,2
534,724,533,1,2
535,656,510,0,3
535,699,534,1,2
535,714,560,3,0
535,723,534,1,2
536,699,535,1,2
537,662,538,2,1
537,670,538,2,1
538,628,539,2,1
538,699,539,2,1
539,656,514,0,3
539,686,540,2,1
539,699,540,2,1
539,714,564,3,0
540,656,515,0,3
540,699,541,2,1
540,723,541,2,1
540,724,541,2,1
541,656,516,0,3
541,699,542,2,1
541,723,542,2,1
541,724,542,2,1
542,656,517,0,3
542,699,543,2,1
542,723,543,2,1
542,724,543,2,1
543,656,518,0,3
543,699,518,0,3
543,723,518,0,3
543,724,518,0,3
544,656,543,1,2
544,694,543,1,2
544,699,519,0,3
544,723,519,0,3
544,724,519,0,3
545,656,544,1,2
545,699,520,0,3
545,723,520,0,3
545,724,520,0,3
546,656,545,1,2
546,699,521,0,3
546,723,521,0,3
546,724,521,0,3
547,634,546,1,2
547,656,546,1,2
547,699,522,0,3
547,723,522,0,3
547,724,522,0,3
548,656,547,1,2
548,699,523,0,3
549,628,524,0,3
549,699,524,0,3
550,628,525,0,2
550,662,574,3,2
550,670,574,3,2
551,686,526,0,3
551,699,526,0,3
552,656,553,2,1
552,699,527,0,3
552,714,553,2,1
552,723,527,0,3
552,724,527,0,3
553,634,552,1,2
553,656,554,2,1
553,699,528,0,3
553,723,528,0,3
553,724,528,0,3
554,656,555,2,1
554,699,529,0,3
554,723,529,0,3
554,724,529,0,3
555,656,556,2,1
555,694,556,2,1
555,699,530,0,3
555,723,530,0,3
555,724,530,0,3
556,656,531,0,3
556,699,531,0,3
556,723,531,0,3
556,724,531,0,3
557,656,532,0,3
557,694,582,3,0
557,699,556,1,2
557,723,556,1,2
557,724,556,1,2
558,656,533,0,3
558,699,557,1,2
558,723,557,1,2
558,724,557,1,2
559,634,560,2,1
559,656,534,0,3
559,699,558,1,2
559,723,558,1,2
559,724,558,1,2
560,656,535,0,3
560,699,559,1,2
560,714,585,3,0
560,723,559,1,2
561,699,560,1,2
562,662,563,2,1
562,670,563,2,1
563,628,564,2,1
563,699,564,2,1
564,656,539,0,3
564,686,565,2,1
564,699,565,2,1
564,714,589,3,0
565,656,540,0,3
565,699,566,2,1
565,723,566,2,1
565,724,566,2,1
566,656,541,0,3
566,699,567,2,1
566,723,567,2,1
566,724,567,2,1
567,656,542,0,3
567,699,568,2,1
567,723,568,2,1
567,724,568,2,1
568,656,543,0,3
568,699,543,0,3
568,723,543,0,3
568,724,543,0,3
569,656,568,1,2
569,694,568,1,2
569,699,544,0,3
569,723,544,0,3
569,724,544,0,3
570,656,569,1,2
570,699,545,0,3
570,723,545,0,3
570,724,545,0,3
571,656,570,1,2
571,699,546,0,3
571,723,546,0,3
571,724,546,0,3
572,634,571,1,2
572,656,571,1,2
572,699,547,0,3
572,723,547,0,3
572,724,547,0,3
573,656,572,1,2
573,686,548,0,3
573,699,548,0,3
574,628,549,0,3
574,699,549,0,3
575,628,550,0,2
575,662,599,3,2
575,670,599,3,2
576,670,551,0,3
576,686,551,0,3
576,699,551,0,3
577,656,578,2,1
577,670,552,0,3
577,699,552,0,3
577,714,578,2,1
577,723,552,0,3
577,724,552,0,3
578,634,577,1,2
578,656,579,2,1
578,670,553,0,3
578,699,553,0,3
578,723,553,0,3
578,724,553,0,3
579,656,580,2,1
579,670,554,0,3
579,699,554,0,3
579,723,554,0,3
579,724,554,0,3
580,656,581,2,1
580,670,555,0,3
580,694,581,2,1
580,699,555,0,3
580,723,555,0,3
580,724,555,0,3
581,656,556,0,3
581,670,556,0,3
581,699,556,0,3
581,723,556,0,3
581,724,556,0,3
582,656,557,0,3
582,694,607,3,0
582,699,581,1,2
582,723,581,1,2
582,724,581,1,2
583,656,558,0,3
583,699,582,1,2
583,723,582,1,2
583,724,582,1,2
584,634,585,2,1
584,656,559,0,3
584,699,583,1,2
584,723,583,1,2
584,724,583,1,2
585,656,560,0,3
585,699,584,1,2
585,714,610,3,0
585,723,584,1,2
586,699,585,1,2
587,662,588,2,1
587,670,588,2,1
588,628,589,2,1
588,699,589,2,1
589,656,564,0,3
589,686,590,2,1
589,699,590,2,1
589,714,614,3,0
590,656,565,0,3
590,699,591,2,1
590,723,591,2,1
590,724,591,2,1
591,656,566,0,3
591,699,592,2,1
591,723,592,2,1
591,724,592,2,1
592,656,567,0,3
592,699,593,2,1
592,723,593,2,1
592,724,593,2,1
593,656,568,0,3
593,670,568,0,3
593,699,568,0,3
593,723,568,0,3
593,724,568,0,3
594,656,593,1,2
594,670,569,0,3
594,694,593,1,2
594,699,569,0,3
594,723,569,0,3
594,724,569,0,3
595,656,594,1,2
595,670,570,0,3
595,699,570,0,3
595,723,570,0,3
595,724,570,0,3
596,656,595,1,2
596,670,571,0,3
596,699,571,0,3
596,723,571,0,3
596,724,571,0,3
597,634,596,1,2
597,656,596,1,2
597,670,572,0,3
597,699,572,0,3
597,723,572,0,3
597,724,572,0,3
598,656,597,1,2
598,670,573,0,3
598,686,573,0,3
598,699,573,0,3
599,628,574,0,3
599,670,574,0,3
599,699,574,0,3
600,628,575,0,2
600,662,624,3,2
600,670,624,3,2
601,686,576,0,3
601,699,576,0,3
602,656,603,2,1
602,699,577,0,3
602,714,603,2,1
602,723,577,0,3
602,724,577,0,3
603,634,602,1,2
603,656,604,2,1
603,699,578,0,3
603,723,578,0,3
603,724,578,0,3
604,634,579,0,3
604,656,605,2,1
604,699,579,0,3
604,723,579,0,3
604,724,579,0,3
605,634,580,0,3
605,656,606,2,1
605,694,606,2,1
605,699,580,0,3
605,723,580,0,3
605,724,580,0,3
606,634,581,0,3
606,656,581,0,3
606,699,581,0,3
606,723,581,0,3
606,724,581,0,3
607,656,582,0,3
607,694,7,3,3
607,699,606,1,2
607,723,606,1,2
607,724,606,1,2
608,656,583,0,3
608,699,607,1,2
608,723,607,1,2
608,724,607,1,2
609,634,610,2,1
609,656,584,0,3
609,699,608,1,2
609,723,608,1,2
609,724,608,1,2
610,656,585,0,3
610,699,609,1,2
610,714,10,3,3
610,723,609,1,2
611,699,610,1,2
612,662,613,2,1
612,670,613,2,1
613,628,614,2,1
613,699,614,2,1
614,656,589,0,3
614,686,615,2,1
614,699,615,2,1
614,714,14,3,3
615,656,590,0,3
615,699,616,2,1
615,723,616,2,1
615,724,616,2,1
616,656,591,0,3
616,699,617,2,1
616,723,617,2,1
616,724,617,2,1
617,656,592,0,3
617,699,618,2,1
617,723,618,2,1
617,724,618,2,1
618,634,593,0,3
618,656,593,0,3
618,699,593,0,3
618,723,593,0,3
618,724,593,0,3
619,634,594,0,3
619,656,618,1,2
619,694,618,1,2
619,699,594,0,3
619,723,594,0,3
619,724,594,0,3
620,634,595,0,3
620,656,619,1,2
620,699,595,0,3
620,723,595,0,3
620,724,595,0,3
621,634,596,0,3
621,656,620,1,2
621,699,596,0,3
621,723,596,0,3
621,724,596,0,3
622,634,621,1,2
622,656,621,1,2
622,699,597,0,3
622,723,597,0,3
622,724,597,0,3
623,656,622,1,2
623,686,598,0,3
623,699,598,0,3
624,628,599,0,3
624,699,599,0,3
628,625,375,0,7
628,626,375,0,7
628,627,375,0,7
628,629,375,0,7
628,630,375,0,7
628,631,375,0,7
628,632,375,0,7
628,633,375,0,7
628,634,375,0,7
628,635,375,0,7
628,636,375,0,7
628,637,375,0,7
628,638,375,0,7
628,639,375,0,7
628,640,375,0,7
628,641,375,0,7
628,642,375,0,7
628,643,375,0,7
628,644,375,0,7
628,645,375,0,7
628,646,375,0,7
628,647,375,0,7
628,648,375,0,7
628,649,375,0,7
628,650,375,0,7
628,651,375,0,7
628,652,375,0,7
628,653,375,0,7
628,654,375,0,7
628,655,375,0,7
628,656,375,0,7
628,657,375,0,7
628,658,375,0,7
628,659,375,0,7
628,660,375,0,7
628,661,375,0,7
628,662,375,0,7
628,663,375,0,7
628,664,375,0,7
628,665,375,0,7
628,666,375,0,7
628,667,375,0,7
628,668,375,0,7
628,669,375,0,7
628,670,375,0,7
628,671,375,0,7
628,672,375,0,7
628,673,375,0,7
628,674,375,0,7
628,675,375,0,7
628,676,375,0,7
628,677,375,0,7
628,678,375,0,7
628,679,375,0,7
628,680,375,0,7
628,681,375,0,7
628,682,375,0,7
628,683,375,0,7
628,684,375,0,7
628,685,375,0,7
628,686,375,0,7
628,687,375,0,7
628,688,375,0,7
628,689,375,0,7
628,690,375,0,7
628,691,375,0,7
628,692,375,0,7
628,693,375,0,7
628,694,375,0,7
628,695,375,0,7
628,696,375,0,7
628,697,375,0,7
628,698,375,0,7
628,699,375,0,7
628,700,375,0,7
628,701,375,0,7
628,702,375,0,7
628,703,375,0,7
628,704,375,0,7
628,705,375,0,7
628,706,375,0,7
628,707,375,0,7
628,708,375,0,7
628,709,375,0,7
628,710,375,0,7
628,711,375,0,7
628,712,375,0,7
628,713,375,0,7
628,714,375,0,7
628,715,375,0,7
628,716,375,0,7
628,717,375,0,7
628,718,375,0,7
628,719,375,0,7
628,720,375,0,7
628,721,375,0,7
628,722,375,0,7
628,723,375,0,7
628,724,375,0,7
634,625,321,0,13
634,626,321,0,13
634,627,321,0,13
634,628,321,0,13
634,629,321,0,13
634,630,321,0,13
634,631,321,0,13
634,632,321,0,13
634,633,321,0,13
634,635,321,0,13
634,636,321,0,13
634,637,321,0,13
634,638,321,0,13
634,639,321,0,13
634,640,321,0,13
634,641,321,0,13
634,642,321,0,13
634,643,321,0,13
634,644,321,0,13
634,645,321,0,13
634,646,321,0,13
634,647,321,0,13
634,648,321,0,13
634,649,321,0,13
634,650,321,0,13
634,651,321,0,13
634,652,321,0,13
634,653,321,0,13
634,654,321,0,13
634,655,321,0,13
634,656,321,0,13
634,657,321,0,13
634,658,321,0,13
634,659,321,0,13
634,660,321,0,13
634,661,321,0,13
634,662,321,0,13
634,663,321,0,13
634,664,321,0,13
634,665,321,0,13
634,666,321,0,13
634,667,321,0,13
634,668,321,0,13
634,669,321,0,13
634,670,321,0,13
634,671,321,0,13
634,672,321,0,13
634,673,321,0,13
634,674,321,0,13
634,675,321,0,13
634,676,321,0,13
634,677,321,0,13
634,678,321,0,13
634,679,321,0,13
634,680,321,0,13
634,681,321,0,13
634,682,321,0,13
634,683,321,0,13
634,684,321,0,13
634,685,321,0,13
634,686,321,0,13
634,687,321,0,13
634,688,321,0,13
634,689,321,0,13
634,690,321,0,13
634,691,321,0,13
634,692,321,0,13
634,693,321,0,13
634,694,321,0,13
634,695,321,0,13
634,696,321,0,13
634,697,321,0,13
634,698,321,0,13
634,699,321,0,13
634,700,321,0,13
634,701,321,0,13
634,702,321,0,13
634,703,321,0,13
634,704,321,0,13
634,705,321,0,13
634,706,321,0,13
634,707,321,0,13
634,708,321,0,13
634,709,321,0,13
634,710,321,0,13
634,711,321,0,13
634,712,321,0,13
634,713,321,0,13
634,714,321,0,13
634,715,321,0,13
634,716,321,0,13
634,717,321,0,13
634,718,321,0,13
634,719,321,0,13
634,720,321,0,13
634,721,321,0,13
634,722,321,0,13
634,723,321,0,13
634,724,321,0,13
644,625,354,0,23
644,626,354,0,23
644,627,354,0,23
644,628,354,0,23
644,629,354,0,23
644,630,354,0,23
644,631,354,0,23
644,632,354,0,23
644,633,354,0,23
644,634,354,0,23
644,635,354,0,23
644,636,354,0,23
644,637,354,0,23
644,638,354,0,23
644,639,354,0,23
644,640,354,0,23
644,641,354,0,23
644,642,354,0,23
644,643,354,0,23
644,645,354,0,23
644,646,354,0,23
644,647,354,0,23
644,648,354,0,23
644,649,354,0,23
644,650,354,0,23
644,651,354,0,23
644,652,354,0,23
644,653,354,0,23
644,654,354,0,23
644,655,354,0,23
644,656,354,0,23
644,657,354,0,23
644,658,354,0,23
644,659,354,0,23
644,660,354,0,23
644,661,354,0,23
644,662,354,0,23
644,663,354,0,23
644,664,354,0,23
644,665,354,0,23
644,666,354,0,23
644,667,354,0,23
644,668,354,0,23
644,669,354,0,23
644,670,354,0,23
644,671,354,0,23
644,672,354,0,23
644,673,354,0,23
644,674,354,0,23
644,675,354,0,23
644,676,354,0,23
644,677,354,0,23
644,678,354,0,23
644,679,354,0,23
644,680,354,0,23
644,681,354,0,23
644,682,354,0,23
644,683,354,0,23
644,684,354,0,23
644,685,354,0,23
644,686,354,0,23
644,687,354,0,23
644,688,354,0,23
644,689,354,0,23
644,690,354,0,23
644,691,354,0,23
644,692,354,0,23
644,693,354,0,23
644,694,354,0,23
644,695,354,0,23
644,696,354,0,23
644,697,354,0,23
644,698,354,0,23
644,699,354,0,23
644,700,354,0,23
644,701,354,0,23
644,702,354,0,23
644,703,354,0,23
644,704,354,0,23
644,705,354,0,23
644,706,354,0,23
644,707,354,0,23
644,708,354,0,23
644,709,354,0,23
644,710,354,0,23
644,711,354,0,23
644,712,354,0,23
644,713,354,0,23
644,714,354,0,23
644,715,354,0,23
644,716,354,0,23
644,717,354,0,23
644,718,354,0,23
644,719,354,0,23
644,720,354,0,23
644,721,354,0,23
644,722,354,0,23
644,723,354,0,23
644,724,354,0,23
656,625,389,0,35
656,626,389,0,35
656,627,389,0,35
656,628,389,0,35
656,629,389,0,35
656,630,389,0,35
656,631,389,0,35
656,632,389,0,35
656,633,389,0,35
656,634,389,0,35
656,635,389,0,35
656,636,389,0,35
656,637,389,0,35
656,638,389,0,35
656,639,389,0,35
656,640,389,0,35
656,641,389,0,35
656,642,389,0,35
656,643,389,0,35
656,644,389,0,35
656,645,389,0,35
656,646,389,0,35
656,647,389,0,35
656,648,389,0,35
656,649,389,0,35
656,650,389,0,35
656,651,389,0,35
656,652,389,0,35
656,653,389,0,35
656,654,389,0,35
656,655,389,0,35
656,657,389,0,35
656,658,389,0,35
656,659,389,0,35
656,660,389,0,35
656,661,389,0,35
656,662,389,0,35
656,663,389,0,35
656,664,389,0,35
656,665,389,0,35
656,666,389,0,35
656,667,389,0,35
656,668,389,0,35
656,669,389,0,35
656,670,389,0,35
656,671,389,0,35
656,672,389,0,35
656,673,389,0,35
656,674,389,0,35
656,675,389,0,35
656,676,389,0,35
656,677,389,0,35
656,678,389,0,35
656,679,389,0,35
656,680,389,0,35
656,681,389,0,35
656,682,389,0,35
656,683,389,0,35
656,684,389,0,35
656,685,389,0,35
656,686,389,0,35
656,687,389,0,35
656,688,389,0,35
656,689,389,0,35
656,690,389,0,35
656,691,389,0,35
656,692,389,0,35
656,693,389,0,35
656,694,389,0,35
656,695,389,0,35
656,696,389,0,35
656,697,389,0,35
656,698,389,0,35
656,699,389,0,35
656,700,389,0,35
656,701,389,0,35
656,702,389,0,35
656,703,389,0,35
656,704,389,0,35
656,705,389,0,35
656,706,389,0,35
656,707,389,0,35
656,708,389,0,35
656,709,389,0,35
656,710,389,0,35
656,711,389,0,35
656,712,389,0,35
656,713,389,0,35
656,714,389,0,35
656,715,389,0,35
656,716,389,0,35
656,717,389,0,35
656,718,389,0,35
656,719,389,0,35
656,720,389,0,35
656,721,389,0,35
656,722,389,0,35
656,723,389,0,35
656,724,389,0,35
662,625,149,0,41
662,626,149,0,41
662,627,149,0,41
662,628,149,0,41
662,629,149,0,41
662,630,149,0,41
662,631,149,0,41
662,632,149,0,41
662,633,149,0,41
662,634,149,0,41
662,635,149,0,41
662,636,149,0,41
662,637,149,0,41
662,638,149,0,41
662,639,149,0,41
662,640,149,0,41
662,641,149,0,41
662,642,149,0,41
662,643,149,0,41
662,644,149,0,41
662,645,149,0,41
662,646,149,0,41
662,647,149,0,41
662,648,149,0,41
662,649,149,0,41
662,650,149,0,41
662,651,149,0,41
662,652,149,0,41
662,653,149,0,41
662,654,149,0,41
662,655,149,0,41
662,656,149,0,41
662,657,149,0,41
662,658,149,0,41
662,659,149,0,41
662,660,149,0,41
662,661,149,0,41
662,663,149,0,41
662,664,149,0,41
662,665,149,0,41
662,666,149,0,41
662,667,149,0,41
662,668,149,0,41
662,669,149,0,41
662,670,149,0,41
662,671,149,0,41
662,672,149,0,41
662,673,149,0,41
662,674,149,0,41
662,675,149,0,41
662,676,149,0,41
662,677,149,0,41
662,678,149,0,41
662,679,149,0,41
662,680,149,0,41
662,681,149,0,41
662,682,149,0,41
662,683,149,0,41
662,684,149,0,41
662,685,149,0,41
662,686,149,0,41
662,687,149,0,41
662,688,149,0,41
662,689,149,0,41
662,690,149,0,41
662,691,149,0,41
662,692,149,0,41
662,693,149,0,41
662,694,149,0,41
662,695,149,0,41
662,696,149,0,41
662,697,149,0,41
662,698,149,0,41
662,699,149,0,41
662,700,149,0,41
662,701,149,0,41
662,702,149,0,41
662,703,149,0,41
662,704,149,0,41
662,705,149,0,41
662,706,149,0,41
662,707,149,0,41
662,708,149,0,41
662,709,149,0,41
662,710,149,0,41
662,711,149,0,41
662,712,149,0,41
662,713,149,0,41
662,714,149,0,41
662,715,149,0,41
662,716,149,0,41
662,717,149,0,41
662,718,149,0,41
662,719,149,0,41
662,720,149,0,41
662,721,149,0,41
662,722,149,0,41
662,723,149,0,41
662,724,149,0,41
670,625,299,0,49
670,626,299,0,49
670,627,299,0,49
670,628,299,0,49
670,629,299,0,49
670,630,299,0,49
670,631,299,0,49
670,632,299,0,49
670,633,299,0,49
670,634,299,0,49
670,635,299,0,49
670,636,299,0,49
670,637,299,0,49
670,638,299,0,49
670,639,299,0,49
670,640,299,0,49
670,641,299,0,49
670,642,299,0,49
670,643,299,0,49
670,644,299,0,49
670,645,299,0,49
670,646,299,0,49
670,647,299,0,49
670,648,299,0,49
670,649,299,0,49
670,650,299,0,49
670,651,299,0,49
670,652,299,0,49
670,653,299,0,49
670,654,299,0,49
670,655,299,0,49
670,656,299,0,49
670,657,299,0,49
670,658,299,0,49
670,659,299,0,49
670,660,299,0,49
670,661,299,0,49
670,662,299,0,49
670,663,299,0,49
670,664,299,0,49
670,665,299,0,49
670,666,299,0,49
670,667,299,0,49
670,668,299,0,49
670,669,299,0,49
670,671,299,0,49
670,672,299,0,49
670,673,299,0,49
670,674,299,0,49
670,675,299,0,49
670,676,299,0,49
670,677,299,0,49
670,678,299,0,49
670,679,299,0,49
670,680,299,0,49
670,681,299,0,49
670,682,299,0,49
670,683,299,0,49
670,684,299,0,49
670,685,299,0,49
670,686,299,0,49
670,687,299,0,49
670,688,299,0,49
670,689,299,0,49
670,690,299,0,49
670,691,299,0,49
670,692,299,0,49
670,693,299,0,49
670,694,299,0,49
670,695,299,0,49
670,696,299,0,49
670,697,299,0,49
670,698,299,0,49
670,699,299,0,49
670,700,299,0,49
670,701,299,0,49
670,702,299,0,49
670,703,299,0,49
670,704,299,0,49
670,705,299,0,49
670,706,299,0,49
670,707,299,0,49
670,708,299,0,49
670,709,299,0,49
670,710,299,0,49
670,711,299,0,49
670,712,299,0,49
670,713,299,0,49
670,714,299,0,49
670,715,299,0,49
670,716,299,0,49
670,717,299,0,49
670,718,299,0,49
670,719,299,0,49
670,720,299,0,49
670,721,299,0,49
670,722,299,0,49
670,723,299,0,49
670,724,299,0,49
686,625,526,0,65
686,626,526,0,65
686,627,526,0,65
686,628,526,0,65
686,629,526,0,65
686,630,526,0,65
686,631,526,0,65
686,632,526,0,65
686,633,526,0,65
686,634,526,0,65
686,635,526,0,65
686,636,526,0,65
686,637,526,0,65
686,638,526,0,65
686,639,526,0,65
686,640,526,0,65
686,641,526,0,65
686,642,526,0,65
686,643,526,0,65
686,644,526,0,65
686,645,526,0,65
686,646,526,0,65
686,647,526,0,65
686,648,526,0,65
686,649,526,0,65
686,650,526,0,65
686,651,526,0,65
686,652,526,0,65
686,653,526,0,65
686,654,526,0,65
686,655,526,0,65
686,656,526,0,65
686,657,526,0,65
686,658,526,0,65
686,659,526,0,65
686,660,526,0,65
686,661,526,0,65
686,662,526,0,65
686,663,526,0,65
686,664,526,0,65
686,665,526,0,65
686,666,526,0,65
686,667,526,0,65
686,668,526,0,65
686,669,526,0,65
686,670,526,0,65
686,671,526,0,65
686,672,526,0,65
686,673,526,0,65
686,674,526,0,65
686,675,526,0,65
686,676,526,0,65
686,677,526,0,65
686,678,526,0,65
686,679,526,0,65
686,680,526,0,65
686,681,526,0,65
686,682,526,0,65
686,683,526,0,65
686,684,526,0,65
686,685,526,0,65
686,687,526,0,65
686,688,526,0,65
686,689,526,0,65
686,690,526,0,65
686,691,526,0,65
686,692,526,0,65
686,693,526,0,65
686,694,526,0,65
686,695,526,0,65
686,696,526,0,65
686,697,526,0,65
686,698,526,0,65
686,699,526,0,65
686,700,526,0,65
686,701,526,0,65
686,702,526,0,65
686,703,526,0,65
686,704,526,0,65
686,705,526,0,65
686,706,526,0,65
686,707,526,0,65
686,708,526,0,65
686,709,526,0,65
686,710,526,0,65
686,711,526,0,65
686,712,526,0,65
686,713,526,0,65
686,714,526,0,65
686,715,526,0,65
686,716,526,0,65
686,717,526,0,65
686,718,526,0,65
686,719,526,0,65
686,720,526,0,65
686,721,526,0,65
686,722,526,0,65
686,723,526,0,65
686,724,526,0,65
694,625,82,0,73
694,626,82,0,73
694,627,82,0,73
694,628,82,0,73
694,629,82,0,73
694,630,82,0,73
694,631,82,0,73
694,632,82,0,73
694,633,82,0,73
694,634,82,0,73
694,635,82,0,73
694,636,82,0,73
694,637,82,0,73
694,638,82,0,73
694,639,82,0,73
694,640,82,0,73
694,641,82,0,73
694,642,82,0,73
694,643,82,0,73
694,644,82,0,73
694,645,82,0,73
694,646,82,0,73
694,647,82,0,73
694,648,82,0,73
694,649,82,0,73
694,650,82,0,73
694,651,82,0,73
694,652,82,0,73
694,653,82,0,73
694,654,82,0,73
694,655,82,0,73
694,656,82,0,73
694,657,82,0,73
694,658,82,0,73
694,659,82,0,73
694,660,82,0,73
694,661,82,0,73
694,662,82,0,73
694,663,82,0,73
694,664,82,0,73
694,665,82,0,73
694,666,82,0,73
694,667,82,0,73
694,668,82,0,73
694,669,82,0,73
694,670,82,0,73
694,671,82,0,73
694,672,82,0,73
694,673,82,0,73
694,674,82,0,73
694,675,82,0,73
694,676,82,0,73
694,677,82,0,73
694,678,82,0,73
694,679,82,0,73
694,680,82,0,73
694,681,82,0,73
694,682,82,0,73
694,683,82,0,73
694,684,82,0,73
694,685,82,0,73
694,686,82,0,73
694,687,82,0,73
694,688,82,0,73
694,689,82,0,73
694,690,82,0,73
694,691,82,0,73
694,692,82,0,73
694,693,82,0,73
694,695,82,0,73
694,696,82,0,73
694,697,82,0,73
694,698,82,0,73
694,699,82,0,73
694,700,82,0,73
694,701,82,0,73
694,702,82,0,73
694,703,82,0,73
694,704,82,0,73
694,705,82,0,73
694,706,82,0,73
694,707,82,0,73
694,708,82,0,73
694,709,82,0,73
694,710,82,0,73
694,711,82,0,73
694,712,82,0,73
694,713,82,0,73
694,714,82,0,73
694,715,82,0,73
694,716,82,0,73
694,717,82,0,73
694,718,82,0,73
694,719,82,0,73
694,720,82,0,73
694,721,82,0,73
694,722,82,0,73
694,723,82,0,73
694,724,82,0,73
699,625,449,0,78
699,626,449,0,78
699,627,449,0,78
699,628,449,0,78
699,629,449,0,78
699,630,449,0,78
699,631,449,0,78
699,632,449,0,78
699,633,449,0,78
699,634,449,0,78
699,635,449,0,78
699,636,449,0,78
699,637,449,0,78
699,638,449,0,78
699,639,449,0,78
699,640,449,0,78
699,641,449,0,78
699,642,449,0,78
699,643,449,0,78
699,644,449,0,78
699,645,449,0,78
699,646,449,0,78
699,647,449,0,78
699,648,449,0,78
699,649,449,0,78
699,650,449,0,78
699,651,449,0,78
699,652,449,0,78
699,653,449,0,78
699,654,449,0,78
699,655,449,0,78
699,656,449,0,78
699,657,449,0,78
699,658,449,0,78
699,659,449,0,78
699,660,449,0,78
699,661,449,0,78
699,662,449,0,78
699,663,449,0,78
699,664,449,0,78
699,665,449,0,78
699,666,449,0,78
699,667,449,0,78
699,668,449,0,78
699,669,449,0,78
699,670,449,0,78
699,671,449,0,78
699,672,449,0,78
699,673,449,0,78
699,674,449,0,78
699,675,449,0,78
699,676,449,0,78
699,677,449,0,78
699,678,449,0,78
699,679,449,0,78
699,680,449,0,78
699,681,449,0,78
699,682,449,0,78
699,683,449,0,78
699,684,449,0,78
699,685,449,0,78
699,686,449,0,78
699,687,449,0,78
699,688,449,0,78
699,689,449,0,78
699,690,449,0,78
699,691,449,0,78
699,692,449,0,78
699,693,449,0,78
699,694,449,0,78
699,695,449,0,78
699,696,449,0,78
699,697,449,0,78
699,698,449,0,78
699,700,449,0,78
699,701,449,0,78
699,702,449,0,78
699,703,449,0,78
699,704,449,0,78
699,705,449,0,78
699,706,449,0,78
699,707,449,0,78
699,708,449,0,78
699,709,449,0,78
699,710,449,0,78
699,711,449,0,78
699,712,449,0,78
699,713,449,0,78
699,714,449,0,78
699,715,449,0,78
699,716,449,0,78
699,717,449,0,78
699,718,449,0,78
699,719,449,0,78
699,720,449,0,78
699,721,449,0,78
699,722,449,0,78
699,723,449,0,78
699,724,449,0,78
714,625,139,0,93
714,626,139,0,93
714,627,139,0,93
714,628,139,0,93
714,629,139,0,93
714,630,139,0,93
714,631,139,0,93
714,632,139,0,93
714,633,139,0,93
714,634,139,0,93
714,635,139,0,93
714,636,139,0,93
714,637,139,0,93
714,638,139,0,93
714,639,139,0,93
714,640,139,0,93
714,641,139,0,93
714,642,139,0,93
714,643,139,0,93
714,644,139,0,93
714,645,139,0,93
714,646,139,0,93
714,647,139,0,93
714,648,139,0,93
714,649,139,0,93
714,650,139,0,93
714,651,139,0,93
714,652,139,0,93
714,653,139,0,93
714,654,139,0,93
714,655,139,0,93
714,656,139,0,93
714,657,139,0,93
714,658,139,0,93
714,659,139,0,93
714,660,139,0,93
714,661,139,0,93
714,662,139,0,93
714,663,139,0,93
714,664,139,0,93
714,665,139,0,93
714,666,139,0,93
714,667,139,0,93
714,668,139,0,93
714,669,139,0,93
714,670,139,0,93
714,671,139,0,93
714,672,139,0,93
714,673,139,0,93
714,674,139,0,93
714,675,139,0,93
714,676,139,0,93
714,677,139,0,93
714,678,139,0,93
714,679,139,0,93
714,680,139,0,93
714,681,139,0,93
714,682,139,0,93
714,683,139,0,93
714,684,139,0,93
714,685,139,0,93
714,686,139,0,93
714,687,139,0,93
714,688,139,0,93
714,689,139,0,93
714,690,139,0,93
714,691,139,0,93
714,692,139,0,93
714,693,139,0,93
714,694,139,0,93
714,695,139,0,93
714,696,139,0,93
714,697,139,0,93
714,698,139,0,93
714,699,139,0,93
714,700,139,0,93
714,701,139,0,93
714,702,139,0,93
714,703,139,0,93
714,704,139,0,93
714,705,139,0,93
714,706,139,0,93
714,707,139,0,93
714,708,139,0,93
714,709,139,0,93
714,710,139,0,93
714,711,139,0,93
714,712,139,0,93
714,713,139,0,93
714,715,139,0,93
714,716,139,0,93
714,717,139,0,93
714,718,139,0,93
714,719,139,0,93
714,720,139,0,93
714,721,139,0,93
714,722,139,0,93
714,723,139,0,93
714,724,139,0,93
723,625,377,0,102
723,626,377,0,102
723,627,377,0,102
723,628,377,0,102
723,629,377,0,102
723,630,377,0,102
723,631,377,0,102
723,632,377,0,102
723,633,377,0,102
723,634,377,0,102
723,635,377,0,102
723,636,377,0,102
723,637,377,0,102
723,638,377,0,102
723,639,377,0,102
723,640,377,0,102
723,641,377,0,102
723,642,377,0,102
723,643,377,0,102
723,644,377,0,102
723,645,377,0,102
723,646,377,0,102
723,647,377,0,102
723,648,377,0,102
723,649,377,0,102
723,650,377,0,102
723,651,377,0,102
723,652,377,0,102
723,653,377,0,102
723,654,377,0,102
723,655,377,0,102
723,656,377,0,102
723,657,377,0,102
723,658,377,0,102
723,659,377,0,102
723,660,377,0,102
723,661,377,0,102
723,662,377,0,102
723,663,377,0,102
723,664,377,0,102
723,665,377,0,102
723,666,377,0,102
723,667,377,0,102
723,668,377,0,102
723,669,377,0,102
723,670,377,0,102
723,671,377,0,102
723,672,377,0,102
723,673,377,0,102
723,674,377,0,102
723,675,377,0,102
723,676,377,0,102
723,677,377,0,102
723,678,377,0,102
723,679,377,0,102
723,680,377,0,102
723,681,377,0,102
723,682,377,0,102
723,683,377,0,102
723,684,377,0,102
723,685,377,0,102
723,686,377,0,102
723,687,377,0,102
723,688,377,0,102
723,689,377,0,102
723,690,377,0,102
723,691,377,0,102
723,692,377,0,102
723,693,377,0,102
723,694,377,0,102
723,695,377,0,102
723,696,377,0,102
723,697,377,0,102
723,698,377,0,102
723,699,377,0,102
723,700,377,0,102
723,701,377,0,102
723,702,377,0,102
723,703,377,0,102
723,704,377,0,102
723,705,377,0,102
723,706,377,0,102
723,707,377,0,102
723,708,377,0,102
723,709,377,0,102
723,710,377,0,102
723,711,377,0,102
723,712,377,0,102
723,713,377,0,102
723,714,377,0,102
723,715,377,0,102
723,716,377,0,102
723,717,377,0,102
723,718,377,0,102
723,719,377,0,102
723,720,377,0,102
723,721,377,0,102
723,722,377,0,102
723,724,377,0,102
724,625,352,0,103
724,626,352,0,103
724,627,352,0,103
724,628,352,0,103
724,629,352,0,103
724,630,352,0,103
724,631,352,0,103
724,632,352,0,103
724,633,352,0,103
724,634,352,0,103
724,635,352,0,103
724,636,352,0,103
724,637,352,0,103
724,638,352,0,103
724,639,352,0,103
724,640,352,0,103
724,641,352,0,103
724,642,352,0,103
724,643,352,0,103
724,644,352,0,103
724,645,352,0,103
724,646,352,0,103
724,647,352,0,103
724,648,352,0,103
724,649,352,0,103
724,650,352,0,103
724,651,352,0,103
724,652,352,0,103
724,653,352,0,103
724,654,352,0,103
724,655,352,0,103
724,656,352,0,103
724,657,352,0,103
724,658,352,0,103
724,659,352,0,103
724,660,352,0,103
724,661,352,0,103
724,662,352,0,103
724,663,352,0,103
724,664,352,0,103
724,665,352,0,103
724,666,352,0,103
724,667,352,0,103
724,668,352,0,103
724,669,352,0,103
724,670,352,0,103
724,671,352,0,103
724,672,352,0,103
724,673,352,0,103
724,674,352,0,103
724,675,352,0,103
724,676,352,0,103
724,677,352,0,103
724,678,352,0,103
724,679,352,0,103
724,680,352,0,103
724,681,352,0,103
724,682,352,0,103
724,683,352,0,103
724,684,352,0,103
724,685,352,0,103
724,686,352,0,103
724,687,352,0,103
724,688,352,0,103
724,689,352,0,103
724,690,352,0,103
724,691,352,0,103
724,692,352,0,103
724,693,352,0,103
724,694,352,0,103
724,695,352,0,103
724,696,352,0,103
724,697,352,0,103
724,698,352,0,103
724,699,352,0,103
724,700,352,0,103
724,701,352,0,103
724,702,352,0,103
724,703,352,0,103
724,704,352,0,103
724,705,352,0,103
724,706,352,0,103
724,707,352,0,103
724,708,352,0,103
724,709,352,0,103
724,710,352,0,103
724,711,352,0,103
724,712,352,0,103
724,713,352,0,103
724,714,352,0,103
724,715,352,0,103
724,716,352,0,103
724,717,352,0,103
724,718,352,0,103
724,719,352,0,103
724,720,352,0,103
724,721,352,0,103
724,722,352,0,103
724,723,352,0,103
