0,691,1,0,0
0,711,1,0,0
1,645,2,1,0
1,678,601,3,3
1,719,26,2,0
2,645,3,1,0
3,645,4,1,0
3,707,603,3,3
4,632,5,1,0
4,645,5,1,0
4,679,5,1,0
4,702,29,2,0
4,707,604,3,3
5,627,6,1,0
5,636,6,1,0
5,644,605,3,3
5,645,6,1,0
5,679,6,1,0
5,685,605,3,3
5,707,605,3,3
6,627,7,1,0
6,636,7,1,0
6,644,606,3,3
6,645,7,1,0
6,679,7,1,0
6,685,606,3,3
6,707,606,3,3
7,644,607,3,3
7,645,32,2,0
7,679,607,3,3
7,685,607,3,3
8,627,608,3,3
8,636,33,2,0
8,644,7,0,1
8,645,33,2,0
8,679,608,3,3
8,685,7,0,1
8,707,7,0,1
9,627,609,3,3
9,644,8,0,1
9,645,34,2,0
9,679,609,3,3
9,707,8,0,1
10,645,35,2,0
10,707,9,0,1
11,645,36,2,0
11,713,10,0,1
12,645,37,2,0
13,691,12,0,1
13,711,12,0,1
14,645,13,0,1
14,678,15,1,0
14,691,13,0,1
14,711,13,0,1
14,719,15,1,0
15,645,40,2,0
15,713,14,0,1
16,632,41,2,0
16,645,41,2,0
16,707,17,1,0
17,645,42,2,0
17,679,16,0,1
17,702,18,1,0
17,707,18,1,0
18,627,618,3,3
18,636,43,2,0
18,644,19,1,0
18,645,43,2,0
18,679,618,3,3
18,685,19,1,0
18,707,19,1,0
19,644,619,3,3
19,645,44,2,0
19,679,619,3,3
19,685,619,3,3
20,627,19,0,1
20,636,19,0,1
20,644,620,3,3
20,645,19,0,1
20,679,19,0,1
20,685,620,3,3
20,707,620,3,3
21,627,20,0,1
21,644,22,1,0
21,645,20,0,1
21,679,20,0,1
21,702,46,2,0
21,707,621,3,3
22,645,21,0,1
22,679,23,1,0
22,702,47,2,0
22,707,622,3,3
23,645,22,0,1
23,713,24,1,0
24,645,23,0,1
25,691,26,1,1
25,711,26,1,1
26,645,27,2,1
26,678,1,0,2
26,719,51,3,0
27,645,28,2,1
28,645,29,2,1
28,707,3,0,2
29,632,30,2,1
29,645,30,2,1
29,679,30,2,1
29,702,54,3,0
29,707,4,0,2
30,627,31,2,1
30,636,31,2,1
30,644,5,0,2
30,645,31,2,1
30,679,31,2,1
30,685,55,3,0
30,707,5,0,2
31,627,32,2,1
31,636,32,2,1
31,644,6,0,2
31,645,32,2,1
31,679,32,2,1
31,685,56,3,0
31,707,6,0,2
32,644,7,0,2
32,679,7,0,2
33,627,8,0,2
33,636,58,3,0
33,644,32,1,2
33,645,58,3,0
33,679,8,0,2
33,685,32,1,2
33,707,32,1,2
34,627,9,0,2
34,644,33,1,2
34,645,59,3,0
34,679,9,0,2
34,707,33,1,2
35,645,60,3,0
35,707,34,1,2
36,645,61,3,0
36,713,35,1,2
37,645,62,3,0
38,691,37,1,2
38,711,37,1,2
39,645,38,1,2
39,678,40,2,1
39,691,38,1,2
39,711,38,1,2
39,719,40,2,1
40,645,65,3,0
40,713,39,1,2
41,632,66,3,0
41,645,66,3,0
41,707,42,2,1
42,645,67,3,0
42,679,41,1,2
42,702,43,2,1
42,707,43,2,1
43,627,18,0,2
43,636,68,3,0
43,644,44,2,1
43,645,68,3,0
43,679,18,0,2
43,685,44,2,1
43,707,44,2,1
44,644,19,0,2
44,679,19,0,2
45,627,44,1,2
45,636,44,1,2
45,644,20,0,2
45,645,44,1,2
45,679,44,1,2
45,685,70,3,0
45,707,20,0,2
46,627,45,1,2
46,644,47,2,1
46,645,45,1,2
46,679,45,1,2
46,702,71,3,0
46,707,21,0,2
47,645,46,1,2
47,702,72,3,0
47,707,22,0,2
48,645,47,1,2
48,713,49,2,1
49,645,48,1,2
50,691,51,1,1
50,711,51,1,1
51,645,52,2,1
51,678,26,0,3
51,719,76,3,0
52,645,53,2,1
53,645,54,2,1
53,707,28,0,3
54,632,55,2,1
54,645,55,2,1
54,679,55,2,1
54,702,79,3,0
54,707,29,0,3
55,627,56,2,1
55,636,56,2,1
55,644,80,3,0
55,645,56,2,1
55,679,56,2,1
55,685,80,3,0
55,707,30,0,3
56,627,57,2,1
56,636,57,2,1
56,644,81,3,0
56,645,57,2,1
56,679,57,2,1
56,685,81,3,0
56,707,31,0,3
57,645,58,2,1
58,627,33,0,3
58,636,83,3,0
58,644,57,1,2
58,645,59,2,1
58,679,33,0,3
58,685,57,1,2
58,707,57,1,2
59,627,34,0,3
59,644,58,1,2
59,645,60,2,1
59,679,34,0,3
59,707,58,1,2
60,645,61,2,1
60,707,59,1,2
60,713,713,92,0
61,645,62,2,1
61,713,60,1,2
62,645,645,24,0
63,691,62,1,2
63,711,62,1,2
64,645,63,1,2
64,678,65,2,1
64,691,63,1,2
64,711,63,1,2
64,719,65,2,1
65,645,64,1,2
66,632,91,3,0
66,645,65,1,2
66,707,67,2,1
67,645,66,1,2
67,679,66,1,2
67,702,68,2,1
67,707,68,2,1
68,627,43,0,3
68,636,93,3,0
68,644,69,2,1
68,645,67,1,2
68,679,43,0,3
68,685,69,2,1
68,707,69,2,1
69,645,68,1,2
70,627,69,1,2
70,636,69,1,2
70,644,95,3,0
70,645,69,1,2
70,679,69,1,2
70,685,95,3,0
70,707,45,0,3
71,627,70,1,2
71,644,72,2,1
71,645,70,1,2
71,679,70,1,2
71,702,96,3,0
71,707,46,0,3
72,645,71,1,2
72,679,73,2,1
72,702,97,3,0
72,707,47,0,3
73,645,72,1,2
73,713,74,2,1
74,645,73,1,2
75,691,76,1,1
75,711,76,1,1
76,645,77,2,1
76,678,51,0,3
76,719,101,3,0
77,645,78,2,1
78,645,79,2,1
78,707,53,0,3
79,632,80,2,1
79,645,80,2,1
79,679,80,2,1
79,702,104,3,0
79,707,54,0,3
80,627,81,2,1
80,636,81,2,1
80,644,105,3,0
80,645,81,2,1
80,679,81,2,1
80,685,105,3,0
80,707,55,0,3
81,627,82,2,1
81,636,82,2,1
81,644,106,3,0
81,645,82,2,1
81,679,82,2,1
81,685,106,3,0
81,707,56,0,3
82,632,107,3,0
82,645,57,0,3
82,707,57,0,3
82,711,57,0,3
83,627,58,0,3
83,632,108,3,0
83,636,108,3,0
83,644,82,1,2
83,645,58,0,3
83,679,58,0,3
83,685,82,1,2
83,707,82,1,2
83,711,58,0,3
84,627,59,0,3
84,632,109,3,0
84,644,83,1,2
84,645,59,0,3
84,679,59,0,3
84,707,83,1,2
84,711,59,0,3
85,645,60,0,3
85,707,84,1,2
85,711,60,0,3
86,645,61,0,3
86,711,61,0,3
86,713,85,1,2
87,645,62,0,3
87,711,62,0,3
88,691,87,1,2
88,711,87,1,2
89,645,88,1,2
89,678,90,2,1
89,691,88,1,2
89,711,88,1,2
89,719,90,2,1
90,645,65,0,3
90,711,65,0,3
90,713,89,1,2
91,632,116,3,0
91,645,66,0,3
91,707,92,2,1
91,711,66,0,3
92,632,117,3,0
92,645,67,0,3
92,679,91,1,2
92,702,93,2,1
92,707,93,2,1
92,711,67,0,3
93,627,68,0,3
93,632,118,3,0
93,636,118,3,0
93,644,94,2,1
93,645,68,0,3
93,679,68,0,3
93,685,94,2,1
93,707,94,2,1
93,711,68,0,3
94,632,119,3,0
94,645,69,0,3
94,707,69,0,3
94,711,69,0,3
95,627,94,1,2
95,636,94,1,2
95,644,120,3,0
95,645,94,1,2
95,679,94,1,2
95,685,120,3,0
95,707,70,0,3
96,627,95,1,2
96,644,97,2,1
96,645,95,1,2
96,679,95,1,2
96,702,121,3,0
96,707,71,0,3
97,645,96,1,2
97,679,98,2,1
97,702,122,3,0
97,707,72,0,3
98,645,97,1,2
98,713,99,2,1
99,645,98,1,2
100,691,101,1,1
100,711,101,1,1
101,645,102,2,1
101,678,126,3,0
101,719,126,3,0
102,645,103,2,1
103,645,104,2,1
103,707,78,0,3
104,632,105,2,1
104,645,105,2,1
104,679,105,2,1
104,702,129,3,0
104,707,79,0,3
105,627,106,2,1
105,636,106,2,1
105,644,130,3,0
105,645,106,2,1
105,679,106,2,1
105,685,130,3,0
105,707,80,0,3
106,627,107,2,1
106,636,107,2,1
106,644,131,3,0
106,645,107,2,1
106,679,107,2,1
106,685,131,3,0
106,707,81,0,3
107,632,108,2,1
107,645,82,0,3
107,707,82,0,3
108,627,83,0,3
108,632,109,2,1
108,636,133,3,0
108,644,107,1,2
108,645,83,0,3
108,679,83,0,3
108,685,107,1,2
108,707,107,1,2
109,627,84,0,3
109,632,110,2,1
109,644,108,1,2
109,645,84,0,3
109,679,84,0,3
109,707,108,1,2
110,645,85,0,3
110,707,109,1,2
111,645,86,0,3
111,713,110,1,2
112,645,87,0,3
113,691,112,1,2
113,711,112,1,2
114,645,113,1,2
114,678,115,2,1
114,691,113,1,2
114,711,113,1,2
114,719,115,2,1
115,645,90,0,3
115,713,114,1,2
116,632,632,11,0
116,645,91,0,3
116,707,117,2,1
117,632,116,1,2
117,645,92,0,3
117,679,116,1,2
117,702,118,2,1
117,707,118,2,1
118,627,93,0,3
118,632,117,1,2
118,636,143,3,0
118,644,119,2,1
118,645,93,0,3
118,679,93,0,3
118,685,119,2,1
118,707,119,2,1
119,632,118,1,2
119,645,94,0,3
119,707,94,0,3
120,627,119,1,2
120,636,119,1,2
120,644,145,3,0
120,645,119,1,2
120,679,119,1,2
120,685,145,3,0
120,707,95,0,3
121,627,120,1,2
121,644,122,2,1
121,645,120,1,2
121,679,120,1,2
121,702,146,3,0
121,707,96,0,3
122,645,121,1,2
122,679,123,2,1
122,702,147,3,0
122,707,97,0,3
123,645,122,1,2
123,713,124,2,1
124,645,123,1,2
125,691,126,1,1
125,711,126,1,1
126,645,127,2,1
126,678,151,3,0
126,719,151,3,0
127,645,128,2,1
128,645,129,2,1
128,707,103,0,3
129,632,130,2,1
129,645,130,2,1
129,679,130,2,1
129,702,154,3,0
129,707,104,0,3
130,627,131,2,1
130,636,131,2,1
130,644,155,3,0
130,645,131,2,1
130,679,131,2,1
130,685,155,3,0
130,707,105,0,3
131,627,132,2,1
131,636,132,2,1
131,644,156,3,0
131,645,132,2,1
131,679,132,2,1
131,685,156,3,0
131,707,106,0,3
132,627,157,3,0
132,645,107,0,3
132,707,107,0,3
133,627,158,3,0
133,636,158,3,0
133,644,132,1,2
133,645,108,0,3
133,679,108,0,3
133,685,132,1,2
133,707,132,1,2
134,627,159,3,0
134,644,133,1,2
134,645,109,0,3
134,679,109,0,3
134,707,133,1,2
135,645,110,0,3
135,707,134,1,2
136,645,111,0,3
136,713,135,1,2
137,645,112,0,3
138,691,137,1,2
138,711,137,1,2
139,645,138,1,2
139,678,140,2,1
139,691,138,1,2
139,711,138,1,2
139,719,140,2,1
140,645,115,0,3
140,713,139,1,2
141,632,116,0,3
141,645,116,0,3
141,707,142,2,1
142,645,117,0,3
142,679,141,1,2
142,702,143,2,1
142,707,143,2,1
143,627,168,3,0
143,636,168,3,0
143,644,144,2,1
143,645,118,0,3
143,679,118,0,3
143,685,144,2,1
143,707,144,2,1
144,627,169,3,0
144,645,119,0,3
144,707,119,0,3
145,627,144,1,2
145,636,144,1,2
145,644,170,3,0
145,645,144,1,2
145,679,144,1,2
145,685,170,3,0
145,707,120,0,3
146,627,145,1,2
146,644,147,2,1
146,645,145,1,2
146,679,145,1,2
146,702,171,3,0
146,707,121,0,3
147,645,146,1,2
147,679,148,2,1
147,702,172,3,0
147,707,122,0,3
148,645,147,1,2
148,713,149,2,1
149,645,148,1,2
150,691,151,1,1
150,711,151,1,1
151,645,152,2,1
151,678,176,3,0
151,719,176,3,0
152,645,153,2,1
153,645,154,2,1
153,707,128,0,3
154,632,155,2,1
154,645,155,2,1
154,679,155,2,1
154,702,179,3,0
154,707,129,0,3
155,627,156,2,1
155,636,156,2,1
155,644,180,3,0
155,645,156,2,1
155,679,156,2,1
155,685,180,3,0
155,707,130,0,3
156,627,157,2,1
156,636,157,2,1
156,644,181,3,0
156,645,157,2,1
156,679,157,2,1
156,685,181,3,0
156,707,131,0,3
157,627,182,3,0
157,636,158,2,1
157,645,132,0,3
157,679,182,3,0
157,707,132,0,3
158,627,183,3,0
158,636,636,15,0
158,644,157,1,2
158,645,133,0,3
158,679,183,3,0
158,685,157,1,2
158,707,157,1,2
159,627,184,3,0
159,644,158,1,2
159,645,134,0,3
159,679,184,3,0
159,707,158,1,2
160,645,135,0,3
160,707,159,1,2
161,645,136,0,3
161,713,160,1,2
162,645,137,0,3
163,691,162,1,2
163,711,162,1,2
164,645,163,1,2
164,678,165,2,1
164,691,163,1,2
164,711,163,1,2
164,719,165,2,1
165,645,140,0,3
165,713,164,1,2
166,632,141,0,3
166,645,141,0,3
166,707,167,2,1
167,645,142,0,3
167,679,166,1,2
167,702,168,2,1
167,707,168,2,1
168,627,193,3,0
168,636,167,1,2
168,644,169,2,1
168,645,143,0,3
168,679,193,3,0
168,685,169,2,1
168,707,169,2,1
169,627,194,3,0
169,636,168,1,2
169,645,144,0,3
169,679,194,3,0
169,707,144,0,3
170,627,169,1,2
170,636,169,1,2
170,644,195,3,0
170,645,169,1,2
170,679,169,1,2
170,685,195,3,0
170,707,145,0,3
171,627,170,1,2
171,644,172,2,1
171,645,170,1,2
171,679,170,1,2
171,702,196,3,0
171,707,146,0,3
172,645,171,1,2
172,679,173,2,1
172,702,197,3,0
172,707,147,0,3
173,645,172,1,2
173,713,174,2,1
174,645,173,1,2
175,691,176,1,1
175,711,176,1,1
176,645,177,2,1
176,678,201,3,0
176,719,201,3,0
177,645,178,2,1
178,645,179,2,1
178,707,153,0,3
179,632,180,2,1
179,640,204,3,0
179,645,180,2,1
179,679,180,2,1
179,702,204,3,0
179,707,154,0,3
180,627,181,2,1
180,636,181,2,1
180,640,205,3,0
180,644,205,3,0
180,645,181,2,1
180,679,181,2,1
180,685,205,3,0
180,707,155,0,3
181,627,182,2,1
181,636,182,2,1
181,640,206,3,0
181,644,206,3,0
181,645,182,2,1
181,679,182,2,1
181,685,206,3,0
181,707,156,0,3
182,627,207,3,0
182,636,157,0,3
182,640,207,3,0
182,645,157,0,3
182,679,207,3,0
182,707,157,0,3
183,627,208,3,0
183,636,158,0,3
183,644,182,1,2
183,645,158,0,3
183,679,208,3,0
183,685,182,1,2
183,707,182,1,2
184,627,209,3,0
184,644,183,1,2
184,645,159,0,3
184,679,209,3,0
184,707,183,1,2
185,645,160,0,3
185,707,184,1,2
186,645,161,0,3
186,713,185,1,2
187,645,162,0,3
188,691,187,1,2
188,711,187,1,2
189,645,188,1,2
189,678,190,2,1
189,691,188,1,2
189,711,188,1,2
189,719,190,2,1
190,645,165,0,3
190,713,189,1,2
191,632,166,0,3
191,645,166,0,3
191,707,192,2,1
192,645,167,0,3
192,679,191,1,2
192,702,193,2,1
192,707,193,2,1
193,627,218,3,0
193,636,168,0,3
193,644,194,2,1
193,645,168,0,3
193,679,218,3,0
193,685,194,2,1
193,707,194,2,1
194,627,219,3,0
194,636,169,0,3
194,640,219,3,0
194,645,169,0,3
194,679,219,3,0
194,707,169,0,3
195,627,194,1,2
195,636,194,1,2
195,640,220,3,0
195,644,220,3,0
195,645,194,1,2
195,679,194,1,2
195,685,220,3,0
195,707,170,0,3
196,627,195,1,2
196,640,221,3,0
196,644,197,2,1
196,645,195,1,2
196,679,195,1,2
196,702,221,3,0
196,707,171,0,3
197,640,222,3,0
197,645,196,1,2
197,679,198,2,1
197,702,222,3,0
197,707,172,0,3
198,645,197,1,2
198,713,199,2,1
199,645,198,1,2
200,691,201,1,1
200,711,201,1,1
201,645,202,2,1
201,678,226,3,0
201,719,226,3,0
202,645,203,2,1
203,645,204,2,1
203,707,178,0,3
204,632,205,2,1
204,640,640,19,0
204,645,205,2,1
204,679,205,2,1
204,702,229,3,0
204,707,179,0,3
205,627,206,2,1
205,636,206,2,1
205,640,204,1,2
205,644,230,3,0
205,645,206,2,1
205,679,206,2,1
205,685,230,3,0
205,702,230,3,0
205,707,180,0,3
206,627,207,2,1
206,636,207,2,1
206,640,205,1,2
206,644,231,3,0
206,645,207,2,1
206,679,207,2,1
206,685,231,3,0
206,702,231,3,0
206,707,181,0,3
207,627,232,3,0
207,636,182,0,3
207,640,206,1,2
207,644,232,3,0
207,645,182,0,3
207,679,232,3,0
207,702,232,3,0
207,707,182,0,3
208,627,233,3,0
208,636,183,0,3
208,644,207,1,2
208,645,183,0,3
208,679,233,3,0
208,685,207,1,2
208,707,207,1,2
209,627,234,3,0
209,644,208,1,2
209,645,184,0,3
209,679,234,3,0
209,707,208,1,2
210,645,185,0,3
210,707,209,1,2
211,645,186,0,3
211,713,210,1,2
212,645,187,0,3
213,691,212,1,2
213,711,212,1,2
214,645,213,1,2
214,678,215,2,1
214,691,213,1,2
214,711,213,1,2
214,719,215,2,1
215,645,190,0,3
215,713,214,1,2
216,632,191,0,3
216,645,191,0,3
216,707,217,2,1
217,645,192,0,3
217,679,216,1,2
217,702,218,2,1
217,707,218,2,1
218,627,243,3,0
218,636,193,0,3
218,644,219,2,1
218,645,193,0,3
218,679,243,3,0
218,685,219,2,1
218,707,219,2,1
219,627,244,3,0
219,636,194,0,3
219,640,220,2,1
219,644,244,3,0
219,645,194,0,3
219,679,244,3,0
219,702,244,3,0
219,707,194,0,3
220,627,219,1,2
220,636,219,1,2
220,640,221,2,1
220,644,245,3,0
220,645,219,1,2
220,679,219,1,2
220,685,245,3,0
220,702,245,3,0
220,707,195,0,3
221,627,220,1,2
221,640,222,2,1
221,644,222,2,1
221,645,220,1,2
221,679,220,1,2
221,702,246,3,0
221,707,196,0,3
222,640,223,2,1
222,645,221,1,2
222,679,223,2,1
222,702,247,3,0
222,707,197,0,3
223,645,222,1,2
223,713,224,2,1
224,645,223,1,2
225,691,226,1,1
225,711,226,1,1
226,645,227,2,1
226,678,251,3,0
226,719,251,3,0
227,645,228,2,1
228,645,229,2,1
228,707,203,0,3
229,632,230,2,1
229,645,230,2,1
229,679,230,2,1
229,702,702,81,0
229,707,204,0,3
230,627,231,2,1
230,636,231,2,1
230,644,255,3,0
230,645,231,2,1
230,679,231,2,1
230,685,255,3,0
230,702,229,1,2
230,707,205,0,3
231,627,232,2,1
231,636,232,2,1
231,644,256,3,0
231,645,232,2,1
231,679,232,2,1
231,685,256,3,0
231,702,230,1,2
231,707,206,0,3
232,627,257,3,0
232,636,207,0,3
232,644,257,3,0
232,645,207,0,3
232,679,257,3,0
232,685,257,3,0
232,691,207,0,3
232,702,231,1,2
232,707,207,0,3
233,627,258,3,0
233,636,208,0,3
233,644,232,1,2
233,645,208,0,3
233,679,258,3,0
233,685,232,1,2
233,691,208,0,3
233,707,232,1,2
234,627,259,3,0
234,644,233,1,2
234,645,209,0,3
234,679,259,3,0
234,691,209,0,3
234,707,233,1,2
235,645,210,0,3
235,691,210,0,3
235,707,234,1,2
236,645,211,0,3
236,691,211,0,3
236,713,235,1,2
237,645,212,0,3
237,691,212,0,3
238,691,237,1,2
238,711,237,1,2
239,645,238,1,2
239,678,240,2,1
239,691,238,1,2
239,711,238,1,2
239,719,240,2,1
240,645,215,0,3
240,691,215,0,3
240,713,239,1,2
241,632,216,0,3
241,645,216,0,3
241,691,216,0,3
241,707,242,2,1
242,645,217,0,3
242,679,241,1,2
242,691,217,0,3
242,702,243,2,1
242,707,243,2,1
243,627,268,3,0
243,636,218,0,3
243,644,244,2,1
243,645,218,0,3
243,679,268,3,0
243,685,244,2,1
243,691,218,0,3
243,707,244,2,1
244,627,269,3,0
244,636,219,0,3
244,644,269,3,0
244,645,219,0,3
244,679,269,3,0
244,685,269,3,0
244,691,219,0,3
244,702,245,2,1
244,707,219,0,3
245,627,244,1,2
245,636,244,1,2
245,644,270,3,0
245,645,244,1,2
245,679,244,1,2
245,685,270,3,0
245,702,246,2,1
245,707,220,0,3
246,627,245,1,2
246,644,247,2,1
246,645,245,1,2
246,679,245,1,2
246,707,221,0,3
247,645,246,1,2
247,679,248,2,1
247,707,222,0,3
248,645,247,1,2
248,713,249,2,1
249,645,248,1,2
250,691,251,1,1
250,711,251,1,1
251,645,252,2,1
251,678,276,3,0
251,719,276,3,0
252,645,253,2,1
252,719,277,3,0
253,645,254,2,1
253,707,228,0,3
253,719,278,3,0
254,632,255,2,1
254,645,255,2,1
254,679,255,2,1
254,702,229,0,3
254,707,229,0,3
254,719,279,3,0
255,627,256,2,1
255,636,256,2,1
255,644,280,3,0
255,645,256,2,1
255,679,256,2,1
255,685,280,3,0
255,707,230,0,3
255,719,280,3,0
256,627,257,2,1
256,636,257,2,1
256,644,281,3,0
256,645,257,2,1
256,679,257,2,1
256,685,281,3,0
256,707,231,0,3
256,719,281,3,0
257,627,282,3,0
257,636,232,0,3
257,644,282,3,0
257,645,232,0,3
257,679,282,3,0
257,685,282,3,0
257,707,232,0,3
257,719,282,3,0
258,627,283,3,0
258,636,233,0,3
258,644,257,1,2
258,645,233,0,3
258,679,283,3,0
258,685,257,1,2
258,707,257,1,2
259,627,284,3,0
259,644,258,1,2
259,645,234,0,3
259,679,284,3,0
259,707,258,1,2
260,645,235,0,3
260,707,259,1,2
261,645,236,0,3
261,713,260,1,2
262,645,237,0,3
263,691,262,1,2
263,711,262,1,2
264,645,263,1,2
264,678,265,2,1
264,691,263,1,2
264,711,263,1,2
264,719,265,2,1
265,645,240,0,3
265,713,264,1,2
266,632,241,0,3
266,645,241,0,3
266,707,267,2,1
267,645,242,0,3
267,679,266,1,2
267,702,268,2,1
267,707,268,2,1
268,627,293,3,0
268,636,243,0,3
268,644,269,2,1
268,645,243,0,3
268,679,293,3,0
268,685,269,2,1
268,707,269,2,1
269,627,294,3,0
269,636,244,0,3
269,644,294,3,0
269,645,244,0,3
269,679,294,3,0
269,685,294,3,0
269,707,244,0,3
269,719,294,3,0
270,627,269,1,2
270,636,269,1,2
270,644,295,3,0
270,645,269,1,2
270,679,269,1,2
270,685,295,3,0
270,707,245,0,3
270,719,295,3,0
271,627,270,1,2
271,644,272,2,1
271,645,270,1,2
271,679,270,1,2
271,702,246,0,3
271,707,246,0,3
271,719,296,3,0
272,645,271,1,2
272,679,273,2,1
272,702,247,0,3
272,707,247,0,3
272,719,297,3,0
273,645,272,1,2
273,713,274,2,1
273,719,298,3,0
274,645,273,1,2
274,719,299,3,0
275,691,276,1,1
275,711,276,1,1
276,645,277,2,1
276,678,301,3,0
276,719,719,98,0
277,645,278,2,1
277,719,276,1,2
278,645,279,2,1
278,707,303,3,0
278,719,277,1,2
279,632,280,2,1
279,645,280,2,1
279,679,280,2,1
279,702,254,0,3
279,707,304,3,0
279,719,278,1,2
280,627,281,2,1
280,636,281,2,1
280,644,305,3,0
280,645,281,2,1
280,679,281,2,1
280,685,305,3,0
280,707,305,3,0
280,719,279,1,2
281,627,282,2,1
281,636,282,2,1
281,644,306,3,0
281,645,282,2,1
281,679,282,2,1
281,685,306,3,0
281,707,306,3,0
281,719,280,1,2
282,636,257,0,3
282,644,307,3,0
282,645,257,0,3
282,679,307,3,0
282,685,307,3,0
282,719,281,1,2
283,627,308,3,0
283,636,258,0,3
283,644,282,1,2
283,645,258,0,3
283,679,308,3,0
283,685,282,1,2
283,707,282,1,2
284,627,309,3,0
284,644,283,1,2
284,645,259,0,3
284,679,309,3,0
284,707,283,1,2
285,645,260,0,3
285,707,284,1,2
286,645,261,0,3
286,713,285,1,2
287,645,262,0,3
288,691,287,1,2
288,711,287,1,2
289,645,288,1,2
289,678,290,2,1
289,691,288,1,2
289,711,288,1,2
289,719,290,2,1
290,645,265,0,3
290,713,289,1,2
291,632,266,0,3
291,645,266,0,3
291,707,292,2,1
292,645,267,0,3
292,679,291,1,2
292,702,293,2,1
292,707,293,2,1
293,627,318,3,0
293,636,268,0,3
293,644,294,2,1
293,645,268,0,3
293,679,318,3,0
293,685,294,2,1
293,707,294,2,1
294,636,269,0,3
294,644,319,3,0
294,645,269,0,3
294,679,319,3,0
294,685,319,3,0
294,719,295,2,1
295,627,294,1,2
295,636,294,1,2
295,644,320,3,0
295,645,294,1,2
295,679,294,1,2
295,685,320,3,0
295,707,320,3,0
295,719,296,2,1
296,627,295,1,2
296,644,297,2,1
296,645,295,1,2
296,679,295,1,2
296,702,271,0,3
296,707,321,3,0
296,719,297,2,1
297,645,296,1,2
297,679,298,2,1
297,702,272,0,3
297,707,322,3,0
297,719,298,2,1
298,645,297,1,2
298,713,299,2,1
298,719,299,2,1
299,645,298,1,2
299,719,275,2,3
300,691,301,1,1
300,711,301,1,1
301,645,302,2,1
301,678,326,3,0
301,719,276,0,3
302,645,303,2,1
303,645,304,2,1
303,707,328,3,0
304,632,305,2,1
304,645,305,2,1
304,679,305,2,1
304,702,279,0,3
304,707,329,3,0
305,627,306,2,1
305,636,306,2,1
305,644,330,3,0
305,645,306,2,1
305,679,306,2,1
305,685,330,3,0
305,707,330,3,0
306,627,307,2,1
306,636,307,2,1
306,644,331,3,0
306,645,307,2,1
306,679,307,2,1
306,685,331,3,0
306,707,331,3,0
307,644,332,3,0
307,645,282,0,3
307,679,332,3,0
307,685,332,3,0
308,627,333,3,0
308,636,283,0,3
308,644,307,1,2
308,645,283,0,3
308,679,333,3,0
308,685,307,1,2
308,707,307,1,2
309,627,334,3,0
309,644,308,1,2
309,645,284,0,3
309,679,334,3,0
309,707,308,1,2
310,645,285,0,3
310,707,309,1,2
311,645,286,0,3
311,713,310,1,2
312,645,287,0,3
313,691,312,1,2
313,711,312,1,2
314,645,313,1,2
314,678,315,2,1
314,691,313,1,2
314,711,313,1,2
314,719,315,2,1
315,645,290,0,3
315,713,314,1,2
316,632,291,0,3
316,645,291,0,3
316,707,317,2,1
317,645,292,0,3
317,679,316,1,2
317,702,318,2,1
317,707,318,2,1
318,627,343,3,0
318,636,293,0,3
318,644,319,2,1
318,645,293,0,3
318,679,343,3,0
318,685,319,2,1
318,707,319,2,1
319,644,344,3,0
319,645,294,0,3
319,679,344,3,0
319,685,344,3,0
320,627,319,1,2
320,636,319,1,2
320,644,345,3,0
320,645,319,1,2
320,679,319,1,2
320,685,345,3,0
320,707,345,3,0
321,627,320,1,2
321,644,322,2,1
321,645,320,1,2
321,679,320,1,2
321,702,296,0,3
321,707,346,3,0
322,645,321,1,2
322,679,323,2,1
322,702,297,0,3
322,707,347,3,0
323,645,322,1,2
323,713,324,2,1
324,645,323,1,2
325,691,326,1,1
325,711,326,1,1
326,645,327,2,1
326,678,351,3,0
326,719,301,0,3
327,645,328,2,1
328,645,329,2,1
328,707,353,3,0
329,632,330,2,1
329,645,330,2,1
329,679,330,2,1
329,702,304,0,3
329,707,354,3,0
330,627,331,2,1
330,636,331,2,1
330,644,355,3,0
330,645,331,2,1
330,679,331,2,1
330,685,685,64,0
330,707,355,3,0
331,627,332,2,1
331,636,332,2,1
331,644,356,3,0
331,645,332,2,1
331,679,332,2,1
331,685,330,1,2
331,707,356,3,0
332,644,357,3,0
332,645,307,0,3
332,679,357,3,0
332,685,331,1,2
333,627,358,3,0
333,636,308,0,3
333,644,332,1,2
333,645,308,0,3
333,679,358,3,0
333,685,332,1,2
333,707,332,1,2
334,627,359,3,0
334,644,333,1,2
334,645,309,0,3
334,679,359,3,0
334,707,333,1,2
335,645,310,0,3
335,707,334,1,2
336,645,311,0,3
336,713,335,1,2
337,645,312,0,3
338,691,337,1,2
338,711,337,1,2
339,645,338,1,2
339,678,340,2,1
339,691,338,1,2
339,711,338,1,2
339,719,340,2,1
340,645,315,0,3
340,713,339,1,2
341,632,316,0,3
341,645,316,0,3
341,707,342,2,1
342,645,317,0,3
342,679,341,1,2
342,702,343,2,1
342,707,343,2,1
343,627,368,3,0
343,636,318,0,3
343,644,344,2,1
343,645,318,0,3
343,679,368,3,0
343,685,344,2,1
343,707,344,2,1
344,644,369,3,0
344,645,319,0,3
344,679,369,3,0
344,685,345,2,1
345,627,344,1,2
345,636,344,1,2
345,644,370,3,0
345,645,344,1,2
345,679,344,1,2
345,685,346,2,1
345,707,370,3,0
346,627,345,1,2
346,644,347,2,1
346,645,345,1,2
346,679,345,1,2
346,702,321,0,3
346,707,371,3,0
347,645,346,1,2
347,679,348,2,1
347,702,322,0,3
347,707,372,3,0
348,645,347,1,2
348,713,349,2,1
349,645,348,1,2
350,691,351,1,1
350,711,351,1,1
351,645,352,2,1
351,678,376,3,0
351,719,326,0,3
352,645,353,2,1
353,645,354,2,1
353,707,378,3,0
354,632,355,2,1
354,645,355,2,1
354,679,355,2,1
354,702,329,0,3
354,707,379,3,0
355,627,356,2,1
355,636,356,2,1
355,644,644,23,0
355,645,356,2,1
355,679,356,2,1
355,685,330,0,3
355,707,380,3,0
356,627,357,2,1
356,636,357,2,1
356,644,355,1,2
356,645,357,2,1
356,679,357,2,1
356,685,331,0,3
356,707,381,3,0
357,644,356,1,2
358,627,383,3,0
358,636,333,0,3
358,644,357,1,2
358,645,333,0,3
358,679,383,3,0
358,685,357,1,2
358,707,357,1,2
359,627,384,3,0
359,644,358,1,2
359,645,334,0,3
359,679,384,3,0
359,707,358,1,2
360,645,335,0,3
360,707,359,1,2
361,645,336,0,3
361,713,360,1,2
362,645,337,0,3
363,691,362,1,2
363,711,362,1,2
364,645,363,1,2
364,678,365,2,1
364,691,363,1,2
364,711,363,1,2
364,719,365,2,1
365,645,340,0,3
365,713,364,1,2
366,632,341,0,3
366,645,341,0,3
366,707,367,2,1
367,645,342,0,3
367,679,366,1,2
367,702,368,2,1
367,707,368,2,1
368,627,393,3,0
368,636,343,0,3
368,644,369,2,1
368,645,343,0,3
368,679,393,3,0
368,685,369,2,1
368,707,369,2,1
369,644,370,2,1
370,627,369,1,2
370,636,369,1,2
370,644,371,2,1
370,645,369,1,2
370,679,369,1,2
370,685,345,0,3
370,707,395,3,0
371,627,370,1,2
371,644,372,2,1
371,645,370,1,2
371,679,370,1,2
371,702,346,0,3
371,707,396,3,0
372,645,371,1,2
372,679,373,2,1
372,702,347,0,3
372,707,397,3,0
373,645,372,1,2
373,713,374,2,1
374,645,373,1,2
375,691,376,1,1
375,711,376,1,1
376,645,377,2,1
376,678,401,3,0
376,719,351,0,3
377,645,378,2,1
378,645,379,2,1
378,707,403,3,0
379,632,380,2,1
379,645,380,2,1
379,679,380,2,1
379,702,354,0,3
379,707,404,3,0
380,627,381,2,1
380,636,381,2,1
380,644,355,0,3
380,645,381,2,1
380,679,381,2,1
380,685,355,0,3
380,707,405,3,0
381,627,382,2,1
381,636,382,2,1
381,644,356,0,3
381,645,382,2,1
381,679,382,2,1
381,685,356,0,3
381,707,406,3,0
382,645,407,3,0
382,707,407,3,0
382,711,407,3,0
383,627,408,3,0
383,636,358,0,3
383,644,382,1,2
383,645,408,3,0
383,679,408,3,0
383,685,382,1,2
383,707,382,1,2
383,711,408,3,0
384,627,409,3,0
384,644,383,1,2
384,645,409,3,0
384,679,409,3,0
384,707,383,1,2
384,711,409,3,0
385,645,410,3,0
385,707,384,1,2
385,711,410,3,0
386,645,411,3,0
386,711,411,3,0
386,713,385,1,2
387,645,412,3,0
387,711,412,3,0
388,691,387,1,2
388,711,387,1,2
389,645,388,1,2
389,678,390,2,1
389,691,388,1,2
389,719,390,2,1
390,645,415,3,0
390,711,415,3,0
390,713,389,1,2
391,632,366,0,3
391,645,416,3,0
391,707,392,2,1
391,711,416,3,0
392,645,417,3,0
392,679,391,1,2
392,702,393,2,1
392,707,393,2,1
392,711,417,3,0
393,627,418,3,0
393,636,368,0,3
393,644,394,2,1
393,645,418,3,0
393,679,418,3,0
393,685,394,2,1
393,707,394,2,1
393,711,418,3,0
394,645,419,3,0
394,707,419,3,0
394,711,419,3,0
395,627,394,1,2
395,636,394,1,2
395,644,370,0,3
395,645,394,1,2
395,679,394,1,2
395,685,370,0,3
395,707,420,3,0
396,627,395,1,2
396,644,397,2,1
396,645,395,1,2
396,679,395,1,2
396,702,371,0,3
396,707,421,3,0
397,645,396,1,2
397,679,398,2,1
397,702,372,0,3
397,707,422,3,0
398,645,397,1,2
398,713,399,2,1
399,645,398,1,2
400,691,401,1,1
400,711,401,1,1
401,645,402,2,1
401,678,678,57,0
401,719,376,0,3
402,645,403,2,1
402,678,401,1,2
403,645,404,2,1
403,707,428,3,0
404,632,405,2,1
404,645,405,2,1
404,679,405,2,1
404,702,379,0,3
404,707,429,3,0
405,627,406,2,1
405,636,406,2,1
405,644,380,0,3
405,645,406,2,1
405,679,406,2,1
405,685,380,0,3
405,707,430,3,0
406,627,407,2,1
406,636,407,2,1
406,644,381,0,3
406,645,407,2,1
406,679,407,2,1
406,685,381,0,3
406,707,431,3,0
407,632,382,0,3
407,645,432,3,0
407,707,432,3,0
407,711,408,2,1
408,627,433,3,0
408,632,383,0,3
408,636,383,0,3
408,644,407,1,2
408,645,433,3,0
408,679,433,3,0
408,685,407,1,2
408,707,407,1,2
408,711,409,2,1
409,627,434,3,0
409,632,384,0,3
409,644,408,1,2
409,645,434,3,0
409,679,434,3,0
409,707,408,1,2
409,711,410,2,1
410,645,435,3,0
410,707,409,1,2
410,711,411,2,1
411,645,436,3,0
411,711,412,2,1
411,713,410,1,2
412,645,437,3,0
412,711,711,90,0
413,691,412,1,2
413,711,412,1,2
414,645,413,1,2
414,678,415,2,1
414,691,413,1,2
414,711,413,1,2
414,719,415,2,1
415,645,440,3,0
415,711,414,1,2
415,713,414,1,2
416,632,391,0,3
416,645,441,3,0
416,707,417,2,1
416,711,415,1,2
417,632,392,0,3
417,645,442,3,0
417,679,416,1,2
417,702,418,2,1
417,707,418,2,1
417,711,416,1,2
418,627,443,3,0
418,632,393,0,3
418,636,393,0,3
418,644,419,2,1
418,645,443,3,0
418,679,443,3,0
418,685,419,2,1
418,707,419,2,1
418,711,417,1,2
419,632,394,0,3
419,645,444,3,0
419,707,444,3,0
419,711,418,1,2
420,627,419,1,2
420,636,419,1,2
420,644,395,0,3
420,645,419,1,2
420,679,419,1,2
420,685,395,0,3
420,707,445,3,0
421,627,420,1,2
421,644,422,2,1
421,645,420,1,2
421,679,420,1,2
421,702,396,0,3
421,707,446,3,0
422,645,421,1,2
422,679,423,2,1
422,702,397,0,3
422,707,447,3,0
423,645,422,1,2
423,713,424,2,1
424,645,423,1,2
425,691,426,1,1
425,711,426,1,1
426,645,427,2,1
426,678,401,0,3
426,719,401,0,3
427,645,428,2,1
428,645,429,2,1
428,707,453,3,0
429,632,430,2,1
429,645,430,2,1
429,679,430,2,1
429,702,404,0,3
429,707,454,3,0
430,627,431,2,1
430,636,431,2,1
430,644,405,0,3
430,645,431,2,1
430,679,431,2,1
430,685,405,0,3
430,707,455,3,0
431,627,432,2,1
431,636,432,2,1
431,644,406,0,3
431,645,432,2,1
431,679,432,2,1
431,685,406,0,3
431,707,456,3,0
432,627,433,2,1
432,645,457,3,0
432,707,457,3,0
433,627,434,2,1
433,636,408,0,3
433,644,432,1,2
433,645,458,3,0
433,679,458,3,0
433,685,432,1,2
433,707,432,1,2
434,627,627,6,0
434,644,433,1,2
434,645,459,3,0
434,679,459,3,0
434,707,433,1,2
435,645,460,3,0
435,707,434,1,2
436,645,461,3,0
436,713,435,1,2
437,645,462,3,0
438,691,437,1,2
438,711,437,1,2
439,645,438,1,2
439,678,440,2,1
439,691,438,1,2
439,711,438,1,2
439,719,440,2,1
440,645,465,3,0
440,713,439,1,2
441,632,466,3,0
441,645,466,3,0
441,707,442,2,1
442,645,467,3,0
442,679,441,1,2
442,702,443,2,1
442,707,443,2,1
443,627,442,1,2
443,636,418,0,3
443,644,444,2,1
443,645,468,3,0
443,679,468,3,0
443,685,444,2,1
443,707,444,2,1
444,627,443,1,2
444,645,469,3,0
444,707,469,3,0
445,627,444,1,2
445,636,444,1,2
445,644,420,0,3
445,645,444,1,2
445,679,444,1,2
445,685,420,0,3
445,707,470,3,0
446,627,445,1,2
446,644,447,2,1
446,645,445,1,2
446,679,445,1,2
446,702,421,0,3
446,707,471,3,0
447,645,446,1,2
447,679,448,2,1
447,702,422,0,3
447,707,472,3,0
448,645,447,1,2
448,713,449,2,1
449,645,448,1,2
450,691,451,1,1
450,711,451,1,1
451,645,452,2,1
451,678,426,0,3
451,719,426,0,3
452,645,453,2,1
453,645,454,2,1
453,707,478,3,0
454,632,455,2,1
454,645,455,2,1
454,679,455,2,1
454,702,429,0,3
454,707,479,3,0
455,627,456,2,1
455,636,456,2,1
455,644,430,0,3
455,645,456,2,1
455,679,456,2,1
455,685,430,0,3
455,707,480,3,0
456,627,457,2,1
456,636,457,2,1
456,644,431,0,3
456,645,457,2,1
456,679,457,2,1
456,685,431,0,3
456,707,481,3,0
457,627,432,0,3
457,645,482,3,0
457,679,458,2,1
457,707,482,3,0
458,627,433,0,3
458,636,433,0,3
458,644,457,1,2
458,645,483,3,0
458,679,459,2,1
458,685,457,1,2
458,707,457,1,2
459,627,434,0,3
459,644,458,1,2
459,645,484,3,0
459,679,679,58,0
459,707,458,1,2
460,645,485,3,0
460,707,459,1,2
461,645,486,3,0
461,713,460,1,2
462,645,487,3,0
463,691,462,1,2
463,711,462,1,2
464,645,463,1,2
464,678,465,2,1
464,691,463,1,2
464,711,463,1,2
464,719,465,2,1
465,645,490,3,0
465,713,464,1,2
466,632,491,3,0
466,645,491,3,0
466,707,467,2,1
467,645,492,3,0
467,679,466,1,2
467,702,468,2,1
467,707,468,2,1
468,627,443,0,3
468,636,443,0,3
468,644,469,2,1
468,645,493,3,0
468,679,467,1,2
468,685,469,2,1
468,707,469,2,1
469,627,444,0,3
469,645,494,3,0
469,679,468,1,2
469,707,494,3,0
470,627,469,1,2
470,636,469,1,2
470,644,445,0,3
470,645,469,1,2
470,679,469,1,2
470,685,445,0,3
470,707,495,3,0
471,627,470,1,2
471,644,472,2,1
471,645,470,1,2
471,679,470,1,2
471,702,446,0,3
471,707,496,3,0
472,645,471,1,2
472,679,473,2,1
472,702,447,0,3
472,707,497,3,0
473,645,472,1,2
473,713,474,2,1
474,645,473,1,2
475,691,476,1,1
475,711,476,1,1
476,645,477,2,1
476,678,451,0,3
476,719,451,0,3
477,645,478,2,1
478,645,479,2,1
478,707,503,3,0
479,632,480,2,1
479,645,480,2,1
479,679,480,2,1
479,702,454,0,3
479,707,504,3,0
480,627,481,2,1
480,636,481,2,1
480,644,455,0,3
480,645,481,2,1
480,679,481,2,1
480,685,455,0,3
480,707,505,3,0
481,627,482,2,1
481,636,482,2,1
481,644,456,0,3
481,645,482,2,1
481,679,482,2,1
481,685,456,0,3
481,707,506,3,0
482,627,457,0,3
482,636,507,3,0
482,645,507,3,0
482,679,457,0,3
482,707,507,3,0
483,627,458,0,3
483,636,508,3,0
483,644,482,1,2
483,645,508,3,0
483,679,458,0,3
483,685,482,1,2
483,707,482,1,2
484,627,459,0,3
484,644,483,1,2
484,645,509,3,0
484,679,459,0,3
484,707,483,1,2
485,645,510,3,0
485,707,484,1,2
486,645,511,3,0
486,713,485,1,2
487,645,512,3,0
488,691,487,1,2
488,711,487,1,2
489,645,488,1,2
489,678,490,2,1
489,691,488,1,2
489,711,488,1,2
489,719,490,2,1
490,645,515,3,0
490,713,489,1,2
491,632,516,3,0
491,645,516,3,0
491,707,492,2,1
492,645,517,3,0
492,679,491,1,2
492,702,493,2,1
492,707,493,2,1
493,627,468,0,3
493,636,518,3,0
493,644,494,2,1
493,645,518,3,0
493,679,468,0,3
493,685,494,2,1
493,707,494,2,1
494,627,469,0,3
494,636,519,3,0
494,645,519,3,0
494,679,469,0,3
494,707,519,3,0
495,627,494,1,2
495,636,494,1,2
495,644,470,0,3
495,645,494,1,2
495,679,494,1,2
495,685,470,0,3
495,707,520,3,0
496,627,495,1,2
496,644,497,2,1
496,645,495,1,2
496,679,495,1,2
496,702,471,0,3
496,707,521,3,0
497,645,496,1,2
497,679,498,2,1
497,702,472,0,3
497,707,522,3,0
498,645,497,1,2
498,713,499,2,1
499,645,498,1,2
500,691,501,1,1
500,711,501,1,1
501,645,502,2,1
501,678,476,0,3
501,719,476,0,3
502,645,503,2,1
503,645,504,2,1
503,707,528,3,0
504,632,505,2,1
504,640,479,0,3
504,645,505,2,1
504,679,505,2,1
504,702,479,0,3
504,707,529,3,0
505,627,506,2,1
505,636,506,2,1
505,640,480,0,3
505,644,480,0,3
505,645,506,2,1
505,679,506,2,1
505,685,480,0,3
505,707,530,3,0
506,627,507,2,1
506,636,507,2,1
506,640,481,0,3
506,644,481,0,3
506,645,507,2,1
506,679,507,2,1
506,685,481,0,3
506,707,531,3,0
507,627,482,0,3
507,636,532,3,0
507,640,482,0,3
507,645,532,3,0
507,679,482,0,3
507,707,532,3,0
508,627,483,0,3
508,636,533,3,0
508,644,507,1,2
508,645,533,3,0
508,679,483,0,3
508,685,507,1,2
508,707,507,1,2
509,627,484,0,3
509,644,508,1,2
509,645,534,3,0
509,679,484,0,3
509,707,508,1,2
510,645,535,3,0
510,707,509,1,2
511,645,536,3,0
511,713,510,1,2
512,645,537,3,0
513,691,512,1,2
513,711,512,1,2
514,645,513,1,2
514,678,515,2,1
514,691,513,1,2
514,711,513,1,2
514,719,515,2,1
515,645,540,3,0
515,713,514,1,2
516,632,541,3,0
516,645,541,3,0
516,707,517,2,1
517,645,542,3,0
517,679,516,1,2
517,702,518,2,1
517,707,518,2,1
518,627,493,0,3
518,636,543,3,0
518,644,519,2,1
518,645,543,3,0
518,679,493,0,3
518,685,519,2,1
518,707,519,2,1
519,627,494,0,3
519,636,544,3,0
519,640,494,0,3
519,645,544,3,0
519,679,494,0,3
519,707,544,3,0
520,627,519,1,2
520,636,519,1,2
520,640,495,0,3
520,644,495,0,3
520,645,519,1,2
520,679,519,1,2
520,685,495,0,3
520,707,545,3,0
521,627,520,1,2
521,640,496,0,3
521,644,522,2,1
521,645,520,1,2
521,679,520,1,2
521,702,496,0,3
521,707,546,3,0
522,640,497,0,3
522,645,521,1,2
522,679,523,2,1
522,702,497,0,3
522,707,547,3,0
523,645,522,1,2
523,713,524,2,1
524,645,523,1,2
525,691,526,1,1
525,711,526,1,1
526,645,527,2,1
526,678,501,0,3
526,719,501,0,3
527,645,528,2,1
528,645,529,2,1
528,707,553,3,0
529,632,530,2,1
529,645,530,2,1
529,679,530,2,1
529,702,504,0,3
529,707,554,3,0
530,627,531,2,1
530,636,531,2,1
530,644,505,0,3
530,645,531,2,1
530,679,531,2,1
530,685,505,0,3
530,702,505,0,3
530,707,555,3,0
531,627,532,2,1
531,636,532,2,1
531,644,506,0,3
531,645,532,2,1
531,679,532,2,1
531,685,506,0,3
531,702,506,0,3
531,707,556,3,0
532,627,507,0,3
532,636,557,3,0
532,644,507,0,3
532,645,557,3,0
532,679,507,0,3
532,691,557,3,0
532,702,507,0,3
532,707,557,3,0
533,627,508,0,3
533,636,558,3,0
533,644,532,1,2
533,645,558,3,0
533,679,508,0,3
533,685,532,1,2
533,691,558,3,0
533,707,532,1,2
534,627,509,0,3
534,644,533,1,2
534,645,559,3,0
534,679,509,0,3
534,691,559,3,0
534,707,533,1,2
535,645,560,3,0
535,691,560,3,0
535,707,534,1,2
536,645,561,3,0
536,691,561,3,0
536,713,535,1,2
537,645,562,3,0
537,691,562,3,0
538,691,537,1,2
538,711,537,1,2
539,645,538,1,2
539,678,540,2,1
539,711,538,1,2
539,719,540,2,1
540,645,565,3,0
540,691,565,3,0
540,713,539,1,2
541,632,566,3,0
541,645,566,3,0
541,691,566,3,0
541,707,542,2,1
542,645,567,3,0
542,679,541,1,2
542,691,567,3,0
542,702,543,2,1
542,707,543,2,1
543,627,518,0,3
543,636,568,3,0
543,644,544,2,1
543,645,568,3,0
543,679,518,0,3
543,685,544,2,1
543,691,568,3,0
543,707,544,2,1
544,627,519,0,3
544,636,569,3,0
544,644,519,0,3
544,645,569,3,0
544,679,519,0,3
544,691,569,3,0
544,702,519,0,3
544,707,569,3,0
545,627,544,1,2
545,636,544,1,2
545,644,520,0,3
545,645,544,1,2
545,679,544,1,2
545,685,520,0,3
545,702,520,0,3
545,707,570,3,0
546,627,545,1,2
546,644,547,2,1
546,645,545,1,2
546,679,545,1,2
546,702,521,0,3
546,707,571,3,0
547,645,546,1,2
547,679,548,2,1
547,702,522,0,3
547,707,572,3,0
548,645,547,1,2
548,713,549,2,1
549,645,548,1,2
550,691,551,1,1
550,711,551,1,1
551,645,552,2,1
551,678,526,0,3
551,719,526,0,3
552,645,553,2,1
553,645,554,2,1
553,707,578,3,0
554,632,555,2,1
554,645,555,2,1
554,679,555,2,1
554,702,579,3,0
554,707,579,3,0
555,627,556,2,1
555,636,556,2,1
555,644,530,0,3
555,645,556,2,1
555,679,556,2,1
555,685,530,0,3
555,707,580,3,0
556,627,557,2,1
556,636,557,2,1
556,644,531,0,3
556,645,557,2,1
556,679,557,2,1
556,685,531,0,3
556,707,581,3,0
557,627,532,0,3
557,636,582,3,0
557,644,532,0,3
557,645,582,3,0
557,679,532,0,3
557,685,532,0,3
557,691,558,2,1
557,707,582,3,0
558,627,533,0,3
558,636,583,3,0
558,644,557,1,2
558,645,583,3,0
558,679,533,0,3
558,685,557,1,2
558,691,559,2,1
558,707,557,1,2
559,627,534,0,3
559,644,558,1,2
559,645,584,3,0
559,679,534,0,3
559,691,560,2,1
559,707,558,1,2
560,645,585,3,0
560,691,561,2,1
560,707,559,1,2
561,645,586,3,0
561,691,562,2,1
561,713,560,1,2
562,645,587,3,0
562,691,691,70,0
563,691,562,1,2
563,711,562,1,2
564,645,563,1,2
564,678,565,2,1
564,691,563,1,2
564,711,563,1,2
564,719,565,2,1
565,645,590,3,0
565,691,564,1,2
565,713,564,1,2
566,632,591,3,0
566,645,591,3,0
566,691,565,1,2
566,707,567,2,1
567,645,592,3,0
567,679,566,1,2
567,691,566,1,2
567,702,568,2,1
567,707,568,2,1
568,627,543,0,3
568,636,593,3,0
568,644,569,2,1
568,645,593,3,0
568,679,543,0,3
568,685,569,2,1
568,691,567,1,2
568,707,569,2,1
569,627,544,0,3
569,636,594,3,0
569,644,544,0,3
569,645,594,3,0
569,679,544,0,3
569,685,544,0,3
569,691,568,1,2
569,707,594,3,0
570,627,569,1,2
570,636,569,1,2
570,644,545,0,3
570,645,569,1,2
570,679,569,1,2
570,685,545,0,3
570,707,595,3,0
571,627,570,1,2
571,644,572,2,1
571,645,570,1,2
571,679,570,1,2
571,702,596,3,0
571,707,596,3,0
572,645,571,1,2
572,679,573,2,1
572,702,597,3,0
572,707,597,3,0
573,645,572,1,2
573,713,574,2,1
574,645,573,1,2
575,691,576,1,1
575,711,576,1,1
576,645,577,2,1
576,678,551,0,3
576,719,551,0,3
577,645,578,2,1
577,719,552,0,3
578,645,579,2,1
578,707,707,86,0
578,719,553,0,3
579,632,580,2,1
579,645,580,2,1
579,679,580,2,1
579,702,604,3,0
579,707,578,1,2
579,719,554,0,3
580,627,581,2,1
580,636,581,2,1
580,644,555,0,3
580,645,581,2,1
580,679,581,2,1
580,685,555,0,3
580,707,579,1,2
580,719,555,0,3
581,627,582,2,1
581,636,582,2,1
581,644,556,0,3
581,645,582,2,1
581,679,582,2,1
581,685,556,0,3
581,707,580,1,2
581,719,556,0,3
582,627,557,0,3
582,636,607,3,0
582,644,557,0,3
582,645,607,3,0
582,679,557,0,3
582,685,557,0,3
582,707,581,1,2
582,719,557,0,3
583,627,558,0,3
583,636,608,3,0
583,644,582,1,2
583,645,608,3,0
583,679,558,0,3
583,685,582,1,2
583,707,582,1,2
584,627,559,0,3
584,644,583,1,2
584,645,609,3,0
584,679,559,0,3
584,707,583,1,2
585,645,610,3,0
585,707,584,1,2
586,645,611,3,0
586,713,585,1,2
587,645,612,3,0
588,691,587,1,2
588,711,587,1,2
589,645,588,1,2
589,678,590,2,1
589,691,588,1,2
589,711,588,1,2
589,719,590,2,1
590,645,615,3,0
590,713,589,1,2
591,632,616,3,0
591,645,616,3,0
591,707,592,2,1
592,645,617,3,0
592,679,591,1,2
592,702,593,2,1
592,707,593,2,1
593,627,568,0,3
593,636,618,3,0
593,644,594,2,1
593,645,618,3,0
593,679,568,0,3
593,685,594,2,1
593,707,594,2,1
594,627,569,0,3
594,636,619,3,0
594,644,569,0,3
594,645,619,3,0
594,679,569,0,3
594,685,569,0,3
594,707,595,2,1
594,719,569,0,3
595,627,594,1,2
595,636,594,1,2
595,644,570,0,3
595,645,594,1,2
595,679,594,1,2
595,685,570,0,3
595,707,596,2,1
595,719,570,0,3
596,627,595,1,2
596,644,597,2,1
596,645,595,1,2
596,679,595,1,2
596,702,621,3,0
596,707,597,2,1
596,719,571,0,3
597,645,596,1,2
597,679,598,2,1
597,702,622,3,0
597,707,598,2,1
597,719,572,0,3
598,645,597,1,2
598,713,599,2,1
598,719,573,0,3
599,645,598,1,2
599,719,574,0,3
600,691,601,1,1
600,711,601,1,1
601,645,602,2,1
601,678,576,0,3
601,719,1,3,3
602,645,603,2,1
603,645,604,2,1
603,707,578,0,3
604,632,605,2,1
604,645,605,2,1
604,679,605,2,1
604,702,4,3,3
604,707,579,0,3
605,627,606,2,1
605,636,606,2,1
605,644,580,0,3
605,645,606,2,1
605,679,606,2,1
605,685,580,0,3
605,707,580,0,3
606,627,607,2,1
606,636,607,2,1
606,644,581,0,3
606,645,607,2,1
606,679,607,2,1
606,685,581,0,3
606,707,581,0,3
607,644,582,0,3
607,645,7,3,3
607,679,582,0,3
607,685,582,0,3
608,627,583,0,3
608,636,8,3,3
608,644,607,1,2
608,645,8,3,3
608,679,583,0,3
608,685,607,1,2
608,707,607,1,2
609,627,584,0,3
609,644,608,1,2
609,645,9,3,3
609,679,584,0,3
609,707,608,1,2
610,645,10,3,3
610,707,609,1,2
611,645,11,3,3
611,713,610,1,2
612,645,12,3,3
613,691,612,1,2
613,711,612,1,2
614,645,613,1,2
614,678,615,2,1
614,691,613,1,2
614,711,613,1,2
614,719,615,2,1
615,645,15,3,3
615,713,614,1,2
616,632,16,3,3
616,645,16,3,3
616,707,617,2,1
617,645,17,3,3
617,679,616,1,2
617,702,618,2,1
617,707,618,2,1
618,627,593,0,3
618,636,18,3,3
618,644,619,2,1
618,645,18,3,3
618,679,593,0,3
618,685,619,2,1
618,707,619,2,1
619,644,594,0,3
619,645,19,3,3
619,679,594,0,3
619,685,594,0,3
620,627,619,1,2
620,636,619,1,2
620,644,595,0,3
620,645,619,1,2
620,679,619,1,2
620,685,595,0,3
620,707,595,0,3
621,627,620,1,2
621,644,622,2,1
621,645,620,1,2
621,679,620,1,2
621,702,21,3,3
621,707,596,0,3
622,645,621,1,2
622,679,623,2,1
622,702,22,3,3
622,707,597,0,3
623,645,622,1,2
623,713,624,2,1
624,645,623,1,2
627,625,434,0,6
627,626,434,0,6
627,628,434,0,6
627,629,434,0,6
627,630,434,0,6
627,631,434,0,6
627,632,434,0,6
627,633,434,0,6
627,634,434,0,6
627,635,434,0,6
627,636,434,0,6
627,637,434,0,6
627,638,434,0,6
627,639,434,0,6
627,640,434,0,6
627,641,434,0,6
627,642,434,0,6
627,643,434,0,6
627,644,434,0,6
627,645,434,0,6
627,646,434,0,6
627,647,434,0,6
627,648,434,0,6
627,649,434,0,6
627,650,434,0,6
627,651,434,0,6
627,652,434,0,6
627,653,434,0,6
627,654,434,0,6
627,655,434,0,6
627,656,434,0,6
627,657,434,0,6
627,658,434,0,6
627,659,434,0,6
627,660,434,0,6
627,661,434,0,6
627,662,434,0,6
627,663,434,0,6
627,664,434,0,6
627,665,434,0,6
627,666,434,0,6
627,667,434,0,6
627,668,434,0,6
627,669,434,0,6
627,670,434,0,6
627,671,434,0,6
627,672,434,0,6
627,673,434,0,6
627,674,434,0,6
627,675,434,0,6
627,676,434,0,6
627,677,434,0,6
627,678,434,0,6
627,679,434,0,6
627,680,434,0,6
627,681,434,0,6
627,682,434,0,6
627,683,434,0,6
627,684,434,0,6
627,685,434,0,6
627,686,434,0,6
627,687,434,0,6
627,688,434,0,6
627,689,434,0,6
627,690,434,0,6
627,691,434,0,6
627,692,434,0,6
627,693,434,0,6
627,694,434,0,6
627,695,434,0,6
627,696,434,0,6
627,697,434,0,6
627,698,434,0,6
627,699,434,0,6
627,700,434,0,6
627,701,434,0,6
627,702,434,0,6
627,703,434,0,6
627,704,434,0,6
627,705,434,0,6
627,706,434,0,6
627,707,434,0,6
627,708,434,0,6
627,709,434,0,6
627,710,434,0,6
627,711,434,0,6
627,712,434,0,6
627,713,434,0,6
627,714,434,0,6
627,715,434,0,6
627,716,434,0,6
627,717,434,0,6
627,718,434,0,6
627,719,434,0,6
627,720,434,0,6
627,721,434,0,6
627,722,434,0,6
627,723,434,0,6
627,724,434,0,6
632,625,116,0,11
632,626,116,0,11
632,627,116,0,11
632,628,116,0,11
632,629,116,0,11
632,630,116,0,11
632,631,116,0,11
632,633,116,0,11
632,634,116,0,11
632,635,116,0,11
632,636,116,0,11
632,637,116,0,11
632,638,116,0,11
632,639,116,0,11
632,640,116,0,11
632,641,116,0,11
632,642,116,0,11
632,643,116,0,11
632,644,116,0,11
632,645,116,0,11
632,646,116,0,11
632,647,116,0,11
632,648,116,0,11
632,649,116,0,11
632,650,116,0,11
632,651,116,0,11
632,652,116,0,11
632,653,116,0,11
632,654,116,0,11
632,655,116,0,11
632,656,116,0,11
632,657,116,0,11
632,658,116,0,11
632,659,116,0,11
632,660,116,0,11
632,661,116,0,11
632,662,116,0,11
632,663,116,0,11
632,664,116,0,11
632,665,116,0,11
632,666,116,0,11
632,667,116,0,11
632,668,116,0,11
632,669,116,0,11
632,670,116,0,11
632,671,116,0,11
632,672,116,0,11
632,673,116,0,11
632,674,116,0,11
632,675,116,0,11
632,676,116,0,11
632,677,116,0,11
632,678,116,0,11
632,679,116,0,11
632,680,116,0,11
632,681,116,0,11
632,682,116,0,11
632,683,116,0,11
632,684,116,0,11
632,685,116,0,11
632,686,116,0,11
632,687,116,0,11
632,688,116,0,11
632,689,116,0,11
632,690,116,0,11
632,691,116,0,11
632,692,116,0,11
632,693,116,0,11
632,694,116,0,11
632,695,116,0,11
632,696,116,0,11
632,697,116,0,11
632,698,116,0,11
632,699,116,0,11
632,700,116,0,11
632,701,116,0,11
632,702,116,0,11
632,703,116,0,11
632,704,116,0,11
632,705,116,0,11
632,706,116,0,11
632,707,116,0,11
632,708,116,0,11
632,709,116,0,11
632,710,116,0,11
632,711,116,0,11
632,712,116,0,11
632,713,116,0,11
632,714,116,0,11
632,715,116,0,11
632,716,116,0,11
632,717,116,0,11
632,718,116,0,11
632,719,116,0,11
632,720,116,0,11
632,721,116,0,11
632,722,116,0,11
632,723,116,0,11
632,724,116,0,11
636,625,158,0,15
636,626,158,0,15
636,627,158,0,15
636,628,158,0,15
636,629,158,0,15
636,630,158,0,15
636,631,158,0,15
636,632,158,0,15
636,633,158,0,15
636,634,158,0,15
636,635,158,0,15
636,637,158,0,15
636,638,158,0,15
636,639,158,0,15
636,640,158,0,15
636,641,158,0,15
636,642,158,0,15
636,643,158,0,15
636,644,158,0,15
636,645,158,0,15
636,646,158,0,15
636,647,158,0,15
636,648,158,0,15
636,649,158,0,15
636,650,158,0,15
636,651,158,0,15
636,652,158,0,15
636,653,158,0,15
636,654,158,0,15
636,655,158,0,15
636,656,158,0,15
636,657,158,0,15
636,658,158,0,15
636,659,158,0,15
636,660,158,0,15
636,661,158,0,15
636,662,158,0,15
636,663,158,0,15
636,664,158,0,15
636,665,158,0,15
636,666,158,0,15
636,667,158,0,15
636,668,158,0,15
636,669,158,0,15
636,670,158,0,15
636,671,158,0,15
636,672,158,0,15
636,673,158,0,15
636,674,158,0,15
636,675,158,0,15
636,676,158,0,15
636,677,158,0,15
636,678,158,0,15
636,679,158,0,15
636,680,158,0,15
636,681,158,0,15
636,682,158,0,15
636,683,158,0,15
636,684,158,0,15
636,685,158,0,15
636,686,158,0,15
636,687,158,0,15
636,688,158,0,15
636,689,158,0,15
636,690,158,0,15
636,691,158,0,15
636,692,158,0,15
636,693,158,0,15
636,694,158,0,15
636,695,158,0,15
636,696,158,0,15
636,697,158,0,15
636,698,158,0,15
636,699,158,0,15
636,700,158,0,15
636,701,158,0,15
636,702,158,0,15
636,703,158,0,15
636,704,158,0,15
636,705,158,0,15
636,706,158,0,15
636,707,158,0,15
636,708,158,0,15
636,709,158,0,15
636,710,158,0,15
636,711,158,0,15
636,712,158,0,15
636,713,158,0,15
636,714,158,0,15
636,715,158,0,15
636,716,158,0,15
636,717,158,0,15
636,718,158,0,15
636,719,158,0,15
636,720,158,0,15
636,721,158,0,15
636,722,158,0,15
636,723,158,0,15
636,724,158,0,15
640,625,204,0,19
640,626,204,0,19
640,627,204,0,19
640,628,204,0,19
640,629,204,0,19
640,630,204,0,19
640,631,204,0,19
640,632,204,0,19
640,633,204,0,19
640,634,204,0,19
640,635,204,0,19
640,636,204,0,19
640,637,204,0,19
640,638,204,0,19
640,639,204,0,19
640,641,204,0,19
640,642,204,0,19
640,643,204,0,19
640,644,204,0,19
640,645,204,0,19
640,646,204,0,19
640,647,204,0,19
640,648,204,0,19
640,649,204,0,19
640,650,204,0,19
640,651,204,0,19
640,652,204,0,19
640,653,204,0,19
640,654,204,0,19
640,655,204,0,19
640,656,204,0,19
640,657,204,0,19
640,658,204,0,19
640,659,204,0,19
640,660,204,0,19
640,661,204,0,19
640,662,204,0,19
640,663,204,0,19
640,664,204,0,19
640,665,204,0,19
640,666,204,0,19
640,667,204,0,19
640,668,204,0,19
640,669,204,0,19
640,670,204,0,19
640,671,204,0,19
640,672,204,0,19
640,673,204,0,19
640,674,204,0,19
640,675,204,0,19
640,676,204,0,19
640,677,204,0,19
640,678,204,0,19
640,679,204,0,19
640,680,204,0,19
640,681,204,0,19
640,682,204,0,19
640,683,204,0,19
640,684,204,0,19
640,685,204,0,19
640,686,204,0,19
640,687,204,0,19
640,688,204,0,19
640,689,204,0,19
640,690,204,0,19
640,691,204,0,19
640,692,204,0,19
640,693,204,0,19
640,694,204,0,19
640,695,204,0,19
640,696,204,0,19
640,697,204,0,19
640,698,204,0,19
640,699,204,0,19
640,700,204,0,19
640,701,204,0,19
640,702,204,0,19
640,703,204,0,19
640,704,204,0,19
640,705,204,0,19
640,706,204,0,19
640,707,204,0,19
640,708,204,0,19
640,709,204,0,19
640,710,204,0,19
640,711,204,0,19
640,712,204,0,19
640,713,204,0,19
640,714,204,0,19
640,715,204,0,19
640,716,204,0,19
640,717,204,0,19
640,718,204,0,19
640,719,204,0,19
640,720,204,0,19
640,721,204,0,19
640,722,204,0,19
640,723,204,0,19
640,724,204,0,19
644,625,355,0,23
644,626,355,0,23
644,627,355,0,23
644,628,355,0,23
644,629,355,0,23
644,630,355,0,23
644,631,355,0,23
644,632,355,0,23
644,633,355,0,23
644,634,355,0,23
644,635,355,0,23
644,636,355,0,23
644,637,355,0,23
644,638,355,0,23
644,639,355,0,23
644,640,355,0,23
644,641,355,0,23
644,642,355,0,23
644,643,355,0,23
644,645,355,0,23
644,646,355,0,23
644,647,355,0,23
644,648,355,0,23
644,649,355,0,23
644,650,355,0,23
644,651,355,0,23
644,652,355,0,23
644,653,355,0,23
644,654,355,0,23
644,655,355,0,23
644,656,355,0,23
644,657,355,0,23
644,658,355,0,23
644,659,355,0,23
644,660,355,0,23
644,661,355,0,23
644,662,355,0,23
644,663,355,0,23
644,664,355,0,23
644,665,355,0,23
644,666,355,0,23
644,667,355,0,23
644,668,355,0,23
644,669,355,0,23
644,670,355,0,23
644,671,355,0,23
644,672,355,0,23
644,673,355,0,23
644,674,355,0,23
644,675,355,0,23
644,676,355,0,23
644,677,355,0,23
644,678,355,0,23
644,679,355,0,23
644,680,355,0,23
644,681,355,0,23
644,682,355,0,23
644,683,355,0,23
644,684,355,0,23
644,685,355,0,23
644,686,355,0,23
644,687,355,0,23
644,688,355,0,23
644,689,355,0,23
644,690,355,0,23
644,691,355,0,23
644,692,355,0,23
644,693,355,0,23
644,694,355,0,23
644,695,355,0,23
644,696,355,0,23
644,697,355,0,23
644,698,355,0,23
644,699,355,0,23
644,700,355,0,23
644,701,355,0,23
644,702,355,0,23
644,703,355,0,23
644,704,355,0,23
644,705,355,0,23
644,706,355,0,23
644,707,355,0,23
644,708,355,0,23
644,709,355,0,23
644,710,355,0,23
644,711,355,0,23
644,712,355,0,23
644,713,355,0,23
644,714,355,0,23
644,715,355,0,23
644,716,355,0,23
644,717,355,0,23
644,718,355,0,23
644,719,355,0,23
644,720,355,0,23
644,721,355,0,23
644,722,355,0,23
644,723,355,0,23
644,724,355,0,23
645,625,62,0,24
645,626,62,0,24
645,627,62,0,24
645,628,62,0,24
645,629,62,0,24
645,630,62,0,24
645,631,62,0,24
645,632,62,0,24
645,633,62,0,24
645,634,62,0,24
645,635,62,0,24
645,636,62,0,24
645,637,62,0,24
645,638,62,0,24
645,639,62,0,24
645,640,62,0,24
645,641,62,0,24
645,642,62,0,24
645,643,62,0,24
645,644,62,0,24
645,646,62,0,24
645,647,62,0,24
645,648,62,0,24
645,649,62,0,24
645,650,62,0,24
645,651,62,0,24
645,652,62,0,24
645,653,62,0,24
645,654,62,0,24
645,655,62,0,24
645,656,62,0,24
645,657,62,0,24
645,658,62,0,24
645,659,62,0,24
645,660,62,0,24
645,661,62,0,24
645,662,62,0,24
645,663,62,0,24
645,664,62,0,24
645,665,62,0,24
645,666,62,0,24
645,667,62,0,24
645,668,62,0,24
645,669,62,0,24
645,670,62,0,24
645,671,62,0,24
645,672,62,0,24
645,673,62,0,24
645,674,62,0,24
645,675,62,0,24
645,676,62,0,24
645,677,62,0,24
645,678,62,0,24
645,679,62,0,24
645,680,62,0,24
645,681,62,0,24
645,682,62,0,24
645,683,62,0,24
645,684,62,0,24
645,685,62,0,24
645,686,62,0,24
645,687,62,0,24
645,688,62,0,24
645,689,62,0,24
645,690,62,0,24
645,691,62,0,24
645,692,62,0,24
645,693,62,0,24
645,694,62,0,24
645,695,62,0,24
645,696,62,0,24
645,697,62,0,24
645,698,62,0,24
645,699,62,0,24
645,700,62,0,24
645,701,62,0,24
645,702,62,0,24
645,703,62,0,24
645,704,62,0,24
645,705,62,0,24
645,706,62,0,24
645,707,62,0,24
645,708,62,0,24
645,709,62,0,24
645,710,62,0,24
645,711,62,0,24
645,712,62,0,24
645,713,62,0,24
645,714,62,0,24
645,715,62,0,24
645,716,62,0,24
645,717,62,0,24
645,718,62,0,24
645,719,62,0,24
645,720,62,0,24
645,721,62,0,24
645,722,62,0,24
645,723,62,0,24
645,724,62,0,24
678,625,401,0,57
678,626,401,0,57
678,627,401,0,57
678,628,401,0,57
678,629,401,0,57
678,630,401,0,57
678,631,401,0,57
678,632,401,0,57
678,633,401,0,57
678,634,401,0,57
678,635,401,0,57
678,636,401,0,57
678,637,401,0,57
678,638,401,0,57
678,639,401,0,57
678,640,401,0,57
678,641,401,0,57
678,642,401,0,57
678,643,401,0,57
678,644,401,0,57
678,645,401,0,57
678,646,401,0,57
678,647,401,0,57
678,648,401,0,57
678,649,401,0,57
678,650,401,0,57
678,651,401,0,57
678,652,401,0,57
678,653,401,0,57
678,654,401,0,57
678,655,401,0,57
678,656,401,0,57
678,657,401,0,57
678,658,401,0,57
678,659,401,0,57
678,660,401,0,57
678,661,401,0,57
678,662,401,0,57
678,663,401,0,57
678,664,401,0,57
678,665,401,0,57
678,666,401,0,57
678,667,401,0,57
678,668,401,0,57
678,669,401,0,57
678,670,401,0,57
678,671,401,0,57
678,672,401,0,57
678,673,401,0,57
678,674,401,0,57
678,675,401,0,57
678,676,401,0,57
678,677,401,0,57
678,679,401,0,57
678,680,401,0,57
678,681,401,0,57
678,682,401,0,57
678,683,401,0,57
678,684,401,0,57
678,685,401,0,57
678,686,401,0,57
678,687,401,0,57
678,688,401,0,57
678,689,401,0,57
678,690,401,0,57
678,691,401,0,57
678,692,401,0,57
678,693,401,0,57
678,694,401,0,57
678,695,401,0,57
678,696,401,0,57
678,697,401,0,57
678,698,401,0,57
678,699,401,0,57
678,700,401,0,57
678,701,401,0,57
678,702,401,0,57
678,703,401,0,57
678,704,401,0,57
678,705,401,0,57
678,706,401,0,57
678,707,401,0,57
678,708,401,0,57
678,709,401,0,57
678,710,401,0,57
678,711,401,0,57
678,712,401,0,57
678,713,401,0,57
678,714,401,0,57
678,715,401,0,57
678,716,401,0,57
678,717,401,0,57
678,718,401,0,57
678,719,401,0,57
678,720,401,0,57
678,721,401,0,57
678,722,401,0,57
678,723,401,0,57
678,724,401,0,57
679,625,459,0,58
679,626,459,0,58
679,627,459,0,58
679,628,459,0,58
679,629,459,0,58
679,630,459,0,58
679,631,459,0,58
679,632,459,0,58
679,633,459,0,58
679,634,459,0,58
679,635,459,0,58
679,636,459,0,58
679,637,459,0,58
679,638,459,0,58
679,639,459,0,58
679,640,459,0,58
679,641,459,0,58
679,642,459,0,58
679,643,459,0,58
679,644,459,0,58
679,645,459,0,58
679,646,459,0,58
679,647,459,0,58
679,648,459,0,58
679,649,459,0,58
679,650,459,0,58
679,651,459,0,58
679,652,459,0,58
679,653,459,0,58
679,654,459,0,58
679,655,459,0,58
679,656,459,0,58
679,657,459,0,58
679,658,459,0,58
679,659,459,0,58
679,660,459,0,58
679,661,459,0,58
679,662,459,0,58
679,663,459,0,58
679,664,459,0,58
679,665,459,0,58
679,666,459,0,58
679,667,459,0,58
679,668,459,0,58
679,669,459,0,58
679,670,459,0,58
679,671,459,0,58
679,672,459,0,58
679,673,459,0,58
679,674,459,0,58
679,675,459,0,58
679,676,459,0,58
679,677,459,0,58
679,678,459,0,58
679,680,459,0,58
679,681,459,0,58
679,682,459,0,58
679,683,459,0,58
679,684,459,0,58
679,685,459,0,58
679,686,459,0,58
679,687,459,0,58
679,688,459,0,58
679,689,459,0,58
679,690,459,0,58
679,691,459,0,58
679,692,459,0,58
679,693,459,0,58
679,694,459,0,58
679,695,459,0,58
679,696,459,0,58
679,697,459,0,58
679,698,459,0,58
679,699,459,0,58
679,700,459,0,58
679,701,459,0,58
679,702,459,0,58
679,703,459,0,58
679,704,459,0,58
679,705,459,0,58
679,706,459,0,58
679,707,459,0,58
679,708,459,0,58
679,709,459,0,58
679,710,459,0,58
679,711,459,0,58
679,712,459,0,58
679,713,459,0,58
679,714,459,0,58
679,715,459,0,58
679,716,459,0,58
679,717,459,0,58
679,718,459,0,58
679,719,459,0,58
679,720,459,0,58
679,721,459,0,58
679,722,459,0,58
679,723,459,0,58
679,724,459,0,58
685,625,330,0,64
685,626,330,0,64
685,627,330,0,64
685,628,330,0,64
685,629,330,0,64
685,630,330,0,64
685,631,330,0,64
685,632,330,0,64
685,633,330,0,64
685,634,330,0,64
685,635,330,0,64
685,636,330,0,64
685,637,330,0,64
685,638,330,0,64
685,639,330,0,64
685,640,330,0,64
685,641,330,0,64
685,642,330,0,64
685,643,330,0,64
685,644,330,0,64
685,645,330,0,64
685,646,330,0,64
685,647,330,0,64
685,648,330,0,64
685,649,330,0,64
685,650,330,0,64
685,651,330,0,64
685,652,330,0,64
685,653,330,0,64
685,654,330,0,64
685,655,330,0,64
685,656,330,0,64
685,657,330,0,64
685,658,330,0,64
685,659,330,0,64
685,660,330,0,64
685,661,330,0,64
685,662,330,0,64
685,663,330,0,64
685,664,330,0,64
685,665,330,0,64
685,666,330,0,64
685,667,330,0,64
685,668,330,0,64
685,669,330,0,64
685,670,330,0,64
685,671,330,0,64
685,672,330,0,64
685,673,330,0,64
685,674,330,0,64
685,675,330,0,64
685,676,330,0,64
685,677,330,0,64
685,678,330,0,64
685,679,330,0,64
685,680,330,0,64
685,681,330,0,64
685,682,330,0,64
685,683,330,0,64
685,684,330,0,64
685,686,330,0,64
685,687,330,0,64
685,688,330,0,64
685,689,330,0,64
685,690,330,0,64
685,691,330,0,64
685,692,330,0,64
685,693,330,0,64
685,694,330,0,64
685,695,330,0,64
685,696,330,0,64
685,697,330,0,64
685,698,330,0,64
685,699,330,0,64
685,700,330,0,64
685,701,330,0,64
685,702,330,0,64
685,703,330,0,64
685,704,330,0,64
685,705,330,0,64
685,706,330,0,64
685,707,330,0,64
685,708,330,0,64
685,709,330,0,64
685,710,330,0,64
685,711,330,0,64
685,712,330,0,64
685,713,330,0,64
685,714,330,0,64
685,715,330,0,64
685,716,330,0,64
685,717,330,0,64
685,718,330,0,64
685,719,330,0,64
685,720,330,0,64
685,721,330,0,64
685,722,330,0,64
685,723,330,0,64
685,724,330,0,64
691,625,562,0,70
691,626,562,0,70
691,627,562,0,70
691,628,562,0,70
691,629,562,0,70
691,630,562,0,70
691,631,562,0,70
691,632,562,0,70
691,633,562,0,70
691,634,562,0,70
691,635,562,0,70
691,636,562,0,70
691,637,562,0,70
691,638,562,0,70
691,639,562,0,70
691,640,562,0,70
691,641,562,0,70
691,642,562,0,70
691,643,562,0,70
691,644,562,0,70
691,645,562,0,70
691,646,562,0,70
691,647,562,0,70
691,648,562,0,70
691,649,562,0,70
691,650,562,0,70
691,651,562,0,70
691,652,562,0,70
691,653,562,0,70
691,654,562,0,70
691,655,562,0,70
691,656,562,0,70
691,657,562,0,70
691,658,562,0,70
691,659,562,0,70
691,660,562,0,70
691,661,562,0,70
691,662,562,0,70
691,663,562,0,70
691,664,562,0,70
691,665,562,0,70
691,666,562,0,70
691,667,562,0,70
691,668,562,0,70
691,669,562,0,70
691,670,562,0,70
691,671,562,0,70
691,672,562,0,70
691,673,562,0,70
691,674,562,0,70
691,675,562,0,70
691,676,562,0,70
691,677,562,0,70
691,678,562,0,70
691,679,562,0,70
691,680,562,0,70
691,681,562,0,70
691,682,562,0,70
691,683,562,0,70
691,684,562,0,70
691,685,562,0,70
691,686,562,0,70
691,687,562,0,70
691,688,562,0,70
691,689,562,0,70
691,690,562,0,70
691,692,562,0,70
691,693,562,0,70
691,694,562,0,70
691,695,562,0,70
691,696,562,0,70
691,697,562,0,70
691,698,562,0,70
691,699,562,0,70
691,700,562,0,70
691,701,562,0,70
691,702,562,0,70
691,703,562,0,70
691,704,562,0,70
691,705,562,0,70
691,706,562,0,70
691,707,562,0,70
691,708,562,0,70
691,709,562,0,70
691,710,562,0,70
691,711,562,0,70
691,712,562,0,70
691,713,562,0,70
691,714,562,0,70
691,715,562,0,70
691,716,562,0,70
691,717,562,0,70
691,718,562,0,70
691,719,562,0,70
691,720,562,0,70
691,721,562,0,70
691,722,562,0,70
691,723,562,0,70
691,724,562,0,70
702,625,229,0,81
702,626,229,0,81
702,627,229,0,81
702,628,229,0,81
702,629,229,0,81
702,630,229,0,81
702,631,229,0,81
702,632,229,0,81
702,633,229,0,81
702,634,229,0,81
702,635,229,0,81
702,636,229,0,81
702,637,229,0,81
702,638,229,0,81
702,639,229,0,81
702,640,229,0,81
702,641,229,0,81
702,642,229,0,81
702,643,229,0,81
702,644,229,0,81
702,645,229,0,81
702,646,229,0,81
702,647,229,0,81
702,648,229,0,81
702,649,229,0,81
702,650,229,0,81
702,651,229,0,81
702,652,229,0,81
702,653,229,0,81
702,654,229,0,81
702,655,229,0,81
702,656,229,0,81
702,657,229,0,81
702,658,229,0,81
702,659,229,0,81
702,660,229,0,81
702,661,229,0,81
702,662,229,0,81
702,663,229,0,81
702,664,229,0,81
702,665,229,0,81
702,666,229,0,81
702,667,229,0,81
702,668,229,0,81
702,669,229,0,81
702,670,229,0,81
702,671,229,0,81
702,672,229,0,81
702,673,229,0,81
702,674,229,0,81
702,675,229,0,81
702,676,229,0,81
702,677,229,0,81
702,678,229,0,81
702,679,229,0,81
702,680,229,0,81
702,681,229,0,81
702,682,229,0,81
702,683,229,0,81
702,684,229,0,81
702,685,229,0,81
702,686,229,0,81
702,687,229,0,81
702,688,229,0,81
702,689,229,0,81
702,690,229,0,81
702,691,229,0,81
702,692,229,0,81
702,693,229,0,81
702,694,229,0,81
702,695,229,0,81
702,696,229,0,81
702,697,229,0,81
702,698,229,0,81
702,699,229,0,81
702,700,229,0,81
702,701,229,0,81
702,703,229,0,81
702,704,229,0,81
702,705,229,0,81
702,706,229,0,81
702,707,229,0,81
702,708,229,0,81
702,709,229,0,81
702,710,229,0,81
702,711,229,0,81
702,712,229,0,81
702,713,229,0,81
702,714,229,0,81
702,715,229,0,81
702,716,229,0,81
702,717,229,0,81
702,718,229,0,81
702,719,229,0,81
702,720,229,0,81
702,721,229,0,81
702,722,229,0,81
702,723,229,0,81
702,724,229,0,81
707,625,578,0,86
707,626,578,0,86
707,627,578,0,86
707,628,578,0,86
707,629,578,0,86
707,630,578,0,86
707,631,578,0,86
707,632,578,0,86
707,633,578,0,86
707,634,578,0,86
707,635,578,0,86
707,636,578,0,86
707,637,578,0,86
707,638,578,0,86
707,639,578,0,86
707,640,578,0,86
707,641,578,0,86
707,642,578,0,86
707,643,578,0,86
707,644,578,0,86
707,645,578,0,86
707,646,578,0,86
707,647,578,0,86
707,648,578,0,86
707,649,578,0,86
707,650,578,0,86
707,651,578,0,86
707,652,578,0,86
707,653,578,0,86
707,654,578,0,86
707,655,578,0,86
707,656,578,0,86
707,657,578,0,86
707,658,578,0,86
707,659,578,0,86
707,660,578,0,86
707,661,578,0,86
707,662,578,0,86
707,663,578,0,86
707,664,578,0,86
707,665,578,0,86
707,666,578,0,86
707,667,578,0,86
707,668,578,0,86
707,669,578,0,86
707,670,578,0,86
707,671,578,0,86
707,672,578,0,86
707,673,578,0,86
707,674,578,0,86
707,675,578,0,86
707,676,578,0,86
707,677,578,0,86
707,678,578,0,86
707,679,578,0,86
707,680,578,0,86
707,681,578,0,86
707,682,578,0,86
707,683,578,0,86
707,684,578,0,86
707,685,578,0,86
707,686,578,0,86
707,687,578,0,86
707,688,578,0,86
707,689,578,0,86
707,690,578,0,86
707,691,578,0,86
707,692,578,0,86
707,693,578,0,86
707,694,578,0,86
707,695,578,0,86
707,696,578,0,86
707,697,578,0,86
707,698,578,0,86
707,699,578,0,86
707,700,578,0,86
707,701,578,0,86
707,702,578,0,86
707,703,578,0,86
707,704,578,0,86
707,705,578,0,86
707,706,578,0,86
707,708,578,0,86
707,709,578,0,86
707,710,578,0,86
707,711,578,0,86
707,712,578,0,86
707,713,578,0,86
707,714,578,0,86
707,715,578,0,86
707,716,578,0,86
707,717,578,0,86
707,718,578,0,86
707,719,578,0,86
707,720,578,0,86
707,721,578,0,86
707,722,578,0,86
707,723,578,0,86
707,724,578,0,86
711,625,412,0,90
711,626,412,0,90
711,627,412,0,90
711,628,412,0,90
711,629,412,0,90
711,630,412,0,90
711,631,412,0,90
711,632,412,0,90
711,633,412,0,90
711,634,412,0,90
711,635,412,0,90
711,636,412,0,90
711,637,412,0,90
711,638,412,0,90
711,639,412,0,90
711,640,412,0,90
711,641,412,0,90
711,642,412,0,90
711,643,412,0,90
711,644,412,0,90
711,645,412,0,90
711,646,412,0,90
711,647,412,0,90
711,648,412,0,90
711,649,412,0,90
711,650,412,0,90
711,651,412,0,90
711,652,412,0,90
711,653,412,0,90
711,654,412,0,90
711,655,412,0,90
711,656,412,0,90
711,657,412,0,90
711,658,412,0,90
711,659,412,0,90
711,660,412,0,90
711,661,412,0,90
711,662,412,0,90
711,663,412,0,90
711,664,412,0,90
711,665,412,0,90
711,666,412,0,90
711,667,412,0,90
711,668,412,0,90
711,669,412,0,90
711,670,412,0,90
711,671,412,0,90
711,672,412,0,90
711,673,412,0,90
711,674,412,0,90
711,675,412,0,90
711,676,412,0,90
711,677,412,0,90
711,678,412,0,90
711,679,412,0,90
711,680,412,0,90
711,681,412,0,90
711,682,412,0,90
711,683,412,0,90
711,684,412,0,90
711,685,412,0,90
711,686,412,0,90
711,687,412,0,90
711,688,412,0,90
711,689,412,0,90
711,690,412,0,90
711,691,412,0,90
711,692,412,0,90
711,693,412,0,90
711,694,412,0,90
711,695,412,0,90
711,696,412,0,90
711,697,412,0,90
711,698,412,0,90
711,699,412,0,90
711,700,412,0,90
711,701,412,0,90
711,702,412,0,90
711,703,412,0,90
711,704,412,0,90
711,705,412,0,90
711,706,412,0,90
711,707,412,0,90
711,708,412,0,90
711,709,412,0,90
711,710,412,0,90
711,712,412,0,90
711,713,412,0,90
711,714,412,0,90
711,715,412,0,90
711,716,412,0,90
711,717,412,0,90
711,718,412,0,90
711,719,412,0,90
711,720,412,0,90
711,721,412,0,90
711,722,412,0,90
711,723,412,0,90
711,724,412,0,90
713,625,60,0,92
713,626,60,0,92
713,627,60,0,92
713,628,60,0,92
713,629,60,0,92
713,630,60,0,92
713,631,60,0,92
713,632,60,0,92
713,633,60,0,92
713,634,60,0,92
713,635,60,0,92
713,636,60,0,92
713,637,60,0,92
713,638,60,0,92
713,639,60,0,92
713,640,60,0,92
713,641,60,0,92
713,642,60,0,92
713,643,60,0,92
713,644,60,0,92
713,645,60,0,92
713,646,60,0,92
713,647,60,0,92
713,648,60,0,92
713,649,60,0,92
713,650,60,0,92
713,651,60,0,92
713,652,60,0,92
713,653,60,0,92
713,654,60,0,92
713,655,60,0,92
713,656,60,0,92
713,657,60,0,92
713,658,60,0,92
713,659,60,0,92
713,660,60,0,92
713,661,60,0,92
713,662,60,0,92
713,663,60,0,92
713,664,60,0,92
713,665,60,0,92
713,666,60,0,92
713,667,60,0,92
713,668,60,0,92
713,669,60,0,92
713,670,60,0,92
713,671,60,0,92
713,672,60,0,92
713,673,60,0,92
713,674,60,0,92
713,675,60,0,92
713,676,60,0,92
713,677,60,0,92
713,678,60,0,92
713,679,60,0,92
713,680,60,0,92
713,681,60,0,92
713,682,60,0,92
713,683,60,0,92
713,684,60,0,92
713,685,60,0,92
713,686,60,0,92
713,687,60,0,92
713,688,60,0,92
713,689,60,0,92
713,690,60,0,92
713,691,60,0,92
713,692,60,0,92
713,693,60,0,92
713,694,60,0,92
713,695,60,0,92
713,696,60,0,92
713,697,60,0,92
713,698,60,0,92
713,699,60,0,92
713,700,60,0,92
713,701,60,0,92
713,702,60,0,92
713,703,60,0,92
713,704,60,0,92
713,705,60,0,92
713,706,60,0,92
713,707,60,0,92
713,708,60,0,92
713,709,60,0,92
713,710,60,0,92
713,711,60,0,92
713,712,60,0,92
713,714,60,0,92
713,715,60,0,92
713,716,60,0,92
713,717,60,0,92
713,718,60,0,92
713,719,60,0,92
713,720,60,0,92
713,721,60,0,92
713,722,60,0,92
713,723,60,0,92
713,724,60,0,92
719,625,276,0,98
719,626,276,0,98
719,627,276,0,98
719,628,276,0,98
719,629,276,0,98
719,630,276,0,98
719,631,276,0,98
719,632,276,0,98
719,633,276,0,98
719,634,276,0,98
719,635,276,0,98
719,636,276,0,98
719,637,276,0,98
719,638,276,0,98
719,639,276,0,98
719,640,276,0,98
719,641,276,0,98
719,642,276,0,98
719,643,276,0,98
719,644,276,0,98
719,645,276,0,98
719,646,276,0,98
719,647,276,0,98
719,648,276,0,98
719,649,276,0,98
719,650,276,0,98
719,651,276,0,98
719,652,276,0,98
719,653,276,0,98
719,654,276,0,98
719,655,276,0,98
719,656,276,0,98
719,657,276,0,98
719,658,276,0,98
719,659,276,0,98
719,660,276,0,98
719,661,276,0,98
719,662,276,0,98
719,663,276,0,98
719,664,276,0,98
719,665,276,0,98
719,666,276,0,98
719,667,276,0,98
719,668,276,0,98
719,669,276,0,98
719,670,276,0,98
719,671,276,0,98
719,672,276,0,98
719,673,276,0,98
719,674,276,0,98
719,675,276,0,98
719,676,276,0,98
719,677,276,0,98
719,678,276,0,98
719,679,276,0,98
719,680,276,0,98
719,681,276,0,98
719,682,276,0,98
719,683,276,0,98
719,684,276,0,98
719,685,276,0,98
719,686,276,0,98
719,687,276,0,98
719,688,276,0,98
719,689,276,0,98
719,690,276,0,98
719,691,276,0,98
719,692,276,0,98
719,693,276,0,98
719,694,276,0,98
719,695,276,0,98
719,696,276,0,98
719,697,276,0,98
719,698,276,0,98
719,699,276,0,98
719,700,276,0,98
719,701,276,0,98
719,702,276,0,98
719,703,276,0,98
719,704,276,0,98
719,705,276,0,98
719,706,276,0,98
719,707,276,0,98
719,708,276,0,98
719,709,276,0,98
719,710,276,0,98
719,711,276,0,98
719,712,276,0,98
719,713,276,0,98
719,714,276,0,98
719,715,276,0,98
719,716,276,0,98
719,717,276,0,98
719,718,276,0,98
719,720,276,0,98
719,721,276,0,98
719,722,276,0,98
719,723,276,0,98
719,724,276,0,98
