0,677,24,2,1
0,690,24,2,1
0,691,25,1,0
1,626,2,1,0
1,690,0,0,0
1,691,26,2,0
2,671,1,0,1
3,671,2,0,1
3,690,4,1,0
3,691,28,2,0
4,631,631,10,0
4,677,5,1,0
4,690,5,1,0
4,691,29,2,0
5,631,4,0,1
5,661,30,2,0
5,677,6,1,0
5,690,6,1,0
5,691,30,2,0
6,631,5,0,1
6,677,7,1,0
6,690,7,1,0
6,691,31,2,0
7,631,6,0,1
7,646,32,2,0
7,677,8,1,0
7,690,8,1,0
7,691,32,2,0
8,631,7,0,1
8,677,33,2,0
8,690,608,3,3
8,691,33,2,0
9,631,8,0,1
9,646,8,0,1
9,677,34,2,0
9,690,609,3,3
9,691,8,0,1
10,631,9,0,1
10,677,35,2,0
10,690,610,3,3
10,691,9,0,1
11,631,10,0,1
11,677,36,2,0
11,690,611,3,3
11,691,10,0,1
12,631,11,0,1
12,677,37,2,0
12,690,612,3,3
12,691,11,0,1
13,677,38,2,0
13,690,613,3,3
13,691,12,0,1
14,626,13,0,1
14,671,15,1,0
14,690,614,3,3
14,691,13,0,1
15,690,615,3,3
16,626,15,0,1
16,690,616,3,3
16,691,17,1,0
17,631,18,1,0
17,677,42,2,0
17,690,617,3,3
17,691,18,1,0
18,631,19,1,0
18,661,19,1,0
18,677,43,2,0
18,690,618,3,3
18,691,19,1,0
19,631,20,1,0
19,677,44,2,0
19,690,619,3,3
19,691,20,1,0
20,631,21,1,0
20,646,21,1,0
20,677,45,2,0
20,690,620,3,3
20,691,21,1,0
21,631,22,1,0
21,677,46,2,0
21,690,621,3,3
21,691,46,2,0
22,631,23,1,0
22,646,47,2,0
22,677,21,0,1
22,690,21,0,1
22,691,47,2,0
23,631,24,1,0
23,677,22,0,1
23,690,22,0,1
23,691,48,2,0
24,631,0,1,2
24,661,49,2,0
24,677,23,0,1
24,690,23,0,1
24,691,49,2,0
25,631,0,0,1
25,677,49,3,2
25,690,49,3,2
25,691,50,2,0
26,626,27,2,1
26,690,25,1,1
26,691,51,3,0
27,671,26,1,2
28,671,27,1,2
28,690,29,2,1
28,691,53,3,0
29,631,4,0,2
29,677,30,2,1
29,690,30,2,1
29,691,54,3,0
30,631,5,0,2
30,661,55,3,0
30,677,31,2,1
30,690,31,2,1
30,691,55,3,0
31,631,6,0,2
31,677,32,2,1
31,690,32,2,1
31,691,56,3,0
32,631,7,0,2
32,646,57,3,0
32,677,33,2,1
32,690,33,2,1
32,691,57,3,0
33,646,58,3,0
33,677,58,3,0
33,690,8,0,2
33,691,58,3,0
34,631,33,1,2
34,646,33,1,2
34,677,59,3,0
34,690,9,0,2
34,691,33,1,2
35,631,34,1,2
35,677,60,3,0
35,690,10,0,2
35,691,34,1,2
36,631,35,1,2
36,677,61,3,0
36,690,11,0,2
36,691,35,1,2
37,631,36,1,2
37,677,62,3,0
37,690,12,0,2
37,691,36,1,2
38,677,63,3,0
38,690,13,0,2
38,691,37,1,2
39,626,38,1,2
39,671,40,2,1
39,690,14,0,2
39,691,38,1,2
40,690,15,0,2
41,626,40,1,2
41,690,16,0,2
41,691,42,2,1
42,631,43,2,1
42,677,67,3,0
42,690,17,0,2
42,691,43,2,1
43,631,44,2,1
43,661,44,2,1
43,677,68,3,0
43,690,18,0,2
43,691,44,2,1
44,631,45,2,1
44,677,69,3,0
44,690,19,0,2
44,691,45,2,1
45,631,46,2,1
45,646,46,2,1
45,677,70,3,0
45,690,20,0,2
45,691,46,2,1
46,646,71,3,0
46,677,71,3,0
46,690,21,0,2
46,691,71,3,0
47,631,22,0,2
47,646,72,3,0
47,677,46,1,2
47,690,46,1,2
47,691,72,3,0
48,631,23,0,2
48,677,47,1,2
48,690,47,1,2
48,691,73,3,0
49,631,24,0,2
49,661,74,3,0
49,677,48,1,2
49,690,48,1,2
49,691,74,3,0
50,631,25,0,2
50,677,74,3,2
50,690,74,3,2
50,691,75,2,0
51,626,52,2,1
51,690,50,1,1
51,691,76,3,0
52,671,51,1,2
53,671,52,1,2
53,690,54,2,1
53,691,78,3,0
54,631,29,0,3
54,677,55,2,1
54,690,55,2,1
54,691,79,3,0
55,631,30,0,3
55,661,80,3,0
55,677,56,2,1
55,690,56,2,1
55,691,80,3,0
56,631,31,0,3
56,677,57,2,1
56,690,57,2,1
56,691,81,3,0
57,631,32,0,3
57,646,82,3,0
57,677,58,2,1
57,690,58,2,1
57,691,82,3,0
58,646,83,3,0
58,690,33,0,3
58,691,83,3,0
59,631,58,1,2
59,646,58,1,2
59,677,84,3,0
59,690,34,0,3
59,691,58,1,2
60,631,59,1,2
60,677,85,3,0
60,690,35,0,3
60,691,59,1,2
61,631,60,1,2
61,677,86,3,0
61,690,36,0,3
61,691,60,1,2
62,631,61,1,2
62,677,87,3,0
62,690,37,0,3
62,691,61,1,2
63,677,88,3,0
63,690,38,0,3
63,691,62,1,2
64,626,63,1,2
64,671,65,2,1
64,690,39,0,3
64,691,63,1,2
65,690,40,0,3
66,626,65,1,2
66,690,41,0,3
66,691,67,2,1
67,631,68,2,1
67,677,92,3,0
67,690,42,0,3
67,691,68,2,1
68,631,69,2,1
68,661,69,2,1
68,677,93,3,0
68,690,43,0,3
68,691,69,2,1
69,631,70,2,1
69,677,94,3,0
69,690,44,0,3
69,691,70,2,1
70,631,71,2,1
70,646,71,2,1
70,677,95,3,0
70,690,45,0,3
70,691,71,2,1
71,646,96,3,0
71,690,46,0,3
71,691,96,3,0
72,631,47,0,3
72,646,97,3,0
72,677,71,1,2
72,690,71,1,2
72,691,97,3,0
73,631,48,0,3
73,677,72,1,2
73,690,72,1,2
73,691,98,3,0
74,631,49,0,3
74,661,99,3,0
74,677,73,1,2
74,690,73,1,2
74,691,99,3,0
75,631,50,0,2
75,677,99,3,2
75,690,99,3,2
75,691,100,2,0
76,626,77,2,1
76,690,75,1,1
76,691,101,3,0
77,671,76,1,2
78,671,77,1,2
78,690,79,2,1
78,691,103,3,0
79,631,54,0,3
79,677,80,2,1
79,690,80,2,1
79,691,104,3,0
80,631,55,0,3
80,661,105,3,0
80,677,81,2,1
80,690,81,2,1
80,691,105,3,0
81,631,56,0,3
81,677,82,2,1
81,690,82,2,1
81,691,106,3,0
82,631,57,0,3
82,646,107,3,0
82,677,83,2,1
82,690,83,2,1
82,691,107,3,0
83,631,58,0,3
83,646,108,3,0
83,690,108,3,0
83,691,108,3,0
84,631,83,1,2
84,646,83,1,2
84,677,109,3,0
84,690,109,3,0
84,691,83,1,2
85,631,84,1,2
85,677,110,3,0
85,690,110,3,0
85,691,84,1,2
86,631,85,1,2
86,677,111,3,0
86,690,111,3,0
86,691,85,1,2
87,631,86,1,2
87,677,112,3,0
87,690,112,3,0
87,691,86,1,2
88,626,626,5,0
88,677,113,3,0
88,690,113,3,0
88,691,87,1,2
89,626,88,1,2
89,671,90,2,1
89,690,114,3,0
89,691,88,1,2
90,690,115,3,0
91,690,116,3,0
91,691,92,2,1
92,631,93,2,1
92,677,117,3,0
92,690,117,3,0
92,691,93,2,1
93,631,94,2,1
93,661,94,2,1
93,677,118,3,0
93,690,118,3,0
93,691,94,2,1
94,631,95,2,1
94,677,119,3,0
94,690,119,3,0
94,691,95,2,1
95,631,96,2,1
95,646,96,2,1
95,677,120,3,0
95,690,120,3,0
95,691,96,2,1
96,631,71,0,3
96,646,121,3,0
96,690,121,3,0
96,691,121,3,0
97,631,72,0,3
97,646,122,3,0
97,677,96,1,2
97,690,96,1,2
97,691,122,3,0
98,631,73,0,3
98,677,97,1,2
98,690,97,1,2
98,691,123,3,0
99,631,74,0,3
99,661,124,3,0
99,677,98,1,2
99,690,98,1,2
99,691,124,3,0
100,631,75,0,2
100,677,124,3,2
100,690,124,3,2
100,691,125,2,0
101,626,102,2,1
101,690,100,1,1
101,691,126,3,0
102,671,101,1,2
103,671,102,1,2
103,690,104,2,1
103,691,128,3,0
104,631,79,0,3
104,677,105,2,1
104,690,105,2,1
104,691,129,3,0
105,631,80,0,3
105,661,130,3,0
105,677,106,2,1
105,690,106,2,1
105,691,130,3,0
106,631,81,0,3
106,677,107,2,1
106,690,107,2,1
106,691,131,3,0
107,631,82,0,3
107,646,646,25,0
107,677,108,2,1
107,690,108,2,1
107,691,132,3,0
108,631,83,0,3
108,646,107,1,2
108,677,109,2,1
108,690,133,3,0
108,691,133,3,0
109,631,108,1,2
109,646,108,1,2
109,677,110,2,1
109,690,134,3,0
109,691,108,1,2
110,631,109,1,2
110,677,111,2,1
110,690,135,3,0
110,691,109,1,2
111,631,110,1,2
111,677,112,2,1
111,690,136,3,0
111,691,110,1,2
112,631,111,1,2
112,677,113,2,1
112,690,137,3,0
112,691,111,1,2
113,677,677,56,0
113,690,138,3,0
113,691,112,1,2
114,626,113,1,2
114,671,115,2,1
114,690,139,3,0
114,691,113,1,2
115,690,140,3,0
116,626,115,1,2
116,690,141,3,0
116,691,117,2,1
117,631,118,2,1
117,677,116,1,2
117,690,142,3,0
117,691,118,2,1
118,631,119,2,1
118,661,119,2,1
118,677,117,1,2
118,690,143,3,0
118,691,119,2,1
119,631,120,2,1
119,677,118,1,2
119,690,144,3,0
119,691,120,2,1
120,631,121,2,1
120,646,121,2,1
120,677,119,1,2
120,690,145,3,0
120,691,121,2,1
121,631,96,0,3
121,646,122,2,1
121,677,120,1,2
121,690,146,3,0
121,691,146,3,0
122,631,97,0,3
122,677,121,1,2
122,690,121,1,2
122,691,147,3,0
123,631,98,0,3
123,677,122,1,2
123,690,122,1,2
123,691,148,3,0
124,631,99,0,3
124,661,149,3,0
124,677,123,1,2
124,690,123,1,2
124,691,149,3,0
125,631,100,0,2
125,677,149,3,2
125,690,149,3,2
125,691,150,2,0
126,626,127,2,1
126,690,125,1,1
126,691,151,3,0
127,671,126,1,2
128,671,127,1,2
128,690,129,2,1
128,691,153,3,0
129,631,104,0,3
129,677,130,2,1
129,690,130,2,1
129,691,154,3,0
130,631,105,0,3
130,661,155,3,0
130,677,131,2,1
130,690,131,2,1
130,691,155,3,0
131,631,106,0,3
131,677,132,2,1
131,690,132,2,1
131,691,156,3,0
132,631,107,0,3
132,646,107,0,3
132,677,133,2,1
132,690,133,2,1
132,691,157,3,0
133,631,108,0,3
133,677,108,0,3
133,690,158,3,0
133,691,158,3,0
134,631,133,1,2
134,646,133,1,2
134,677,109,0,3
134,690,159,3,0
134,691,133,1,2
135,631,134,1,2
135,677,110,0,3
135,690,160,3,0
135,691,134,1,2
136,631,135,1,2
136,677,111,0,3
136,690,161,3,0
136,691,135,1,2
137,631,136,1,2
137,677,112,0,3
137,690,162,3,0
137,691,136,1,2
138,677,113,0,3
138,690,163,3,0
138,691,137,1,2
139,626,138,1,2
139,671,140,2,1
139,690,164,3,0
139,691,138,1,2
140,690,165,3,0
141,626,140,1,2
141,690,166,3,0
141,691,142,2,1
142,631,143,2,1
142,677,117,0,3
142,690,167,3,0
142,691,143,2,1
143,631,144,2,1
143,661,144,2,1
143,677,118,0,3
143,690,168,3,0
143,691,144,2,1
144,631,145,2,1
144,677,119,0,3
144,690,169,3,0
144,691,145,2,1
145,631,146,2,1
145,646,146,2,1
145,677,120,0,3
145,690,170,3,0
145,691,146,2,1
146,631,121,0,3
146,677,121,0,3
146,690,171,3,0
146,691,171,3,0
147,631,122,0,3
147,646,122,0,3
147,677,146,1,2
147,690,146,1,2
147,691,172,3,0
148,631,123,0,3
148,677,147,1,2
148,690,147,1,2
148,691,173,3,0
149,631,124,0,3
149,661,174,3,0
149,677,148,1,2
149,690,148,1,2
149,691,174,3,0
150,631,125,0,2
150,677,174,3,2
150,690,174,3,2
150,691,175,2,0
151,626,152,2,1
151,690,150,1,1
151,691,176,3,0
152,671,151,1,2
153,671,152,1,2
153,690,154,2,1
153,691,178,3,0
154,631,129,0,3
154,677,155,2,1
154,690,155,2,1
154,691,179,3,0
155,631,130,0,3
155,661,180,3,0
155,677,156,2,1
155,690,156,2,1
155,691,180,3,0
156,631,131,0,3
156,677,157,2,1
156,690,157,2,1
156,691,181,3,0
157,631,132,0,3
157,646,132,0,3
157,677,158,2,1
157,690,158,2,1
157,691,182,3,0
158,631,133,0,3
158,664,664,43,0
158,677,133,0,3
158,690,183,3,0
158,691,183,3,0
159,631,158,1,2
159,646,158,1,2
159,677,134,0,3
159,690,184,3,0
159,691,158,1,2
160,631,159,1,2
160,677,135,0,3
160,690,185,3,0
160,691,159,1,2
161,631,160,1,2
161,677,136,0,3
161,690,186,3,0
161,691,160,1,2
162,631,161,1,2
162,677,137,0,3
162,690,187,3,0
162,691,161,1,2
163,677,138,0,3
163,690,188,3,0
163,691,162,1,2
164,626,163,1,2
164,671,165,2,1
164,690,189,3,0
164,691,163,1,2
165,690,190,3,0
166,626,165,1,2
166,690,191,3,0
166,691,167,2,1
167,631,168,2,1
167,677,142,0,3
167,690,192,3,0
167,691,168,2,1
168,631,169,2,1
168,661,169,2,1
168,677,143,0,3
168,690,193,3,0
168,691,169,2,1
169,631,170,2,1
169,677,144,0,3
169,690,194,3,0
169,691,170,2,1
170,631,171,2,1
170,646,171,2,1
170,677,145,0,3
170,690,195,3,0
170,691,171,2,1
171,631,146,0,3
171,664,172,2,1
171,677,146,0,3
171,690,196,3,0
171,691,196,3,0
172,631,147,0,3
172,646,147,0,3
172,677,171,1,2
172,690,171,1,2
172,691,197,3,0
173,631,148,0,3
173,677,172,1,2
173,690,172,1,2
173,691,198,3,0
174,631,149,0,3
174,661,199,3,0
174,677,173,1,2
174,690,173,1,2
174,691,199,3,0
175,631,150,0,2
175,677,199,3,2
175,690,199,3,2
175,691,200,2,0
176,626,177,2,1
176,690,175,1,1
176,691,201,3,0
177,671,176,1,2
178,671,177,1,2
178,690,179,2,1
178,691,203,3,0
179,631,154,0,3
179,677,180,2,1
179,690,180,2,1
179,691,204,3,0
180,631,155,0,3
180,661,205,3,0
180,677,181,2,1
180,690,181,2,1
180,691,205,3,0
181,631,156,0,3
181,677,182,2,1
181,690,182,2,1
181,691,206,3,0
182,631,157,0,3
182,646,157,0,3
182,677,183,2,1
182,690,183,2,1
182,691,207,3,0
183,631,158,0,3
183,664,158,0,3
183,677,158,0,3
183,690,208,3,0
183,691,208,3,0
184,631,183,1,2
184,646,183,1,2
184,677,159,0,3
184,690,209,3,0
184,691,183,1,2
185,631,184,1,2
185,677,160,0,3
185,690,210,3,0
185,691,184,1,2
186,631,185,1,2
186,677,161,0,3
186,690,211,3,0
186,691,185,1,2
187,631,186,1,2
187,677,162,0,3
187,690,212,3,0
187,691,186,1,2
188,677,163,0,3
188,690,213,3,0
188,691,187,1,2
189,626,188,1,2
189,671,190,2,1
189,690,214,3,0
189,691,188,1,2
190,690,215,3,0
191,626,190,1,2
191,690,216,3,0
191,691,192,2,1
192,631,193,2,1
192,677,167,0,3
192,690,217,3,0
192,691,193,2,1
193,631,194,2,1
193,661,194,2,1
193,677,168,0,3
193,690,218,3,0
193,691,194,2,1
194,631,195,2,1
194,677,169,0,3
194,690,219,3,0
194,691,195,2,1
195,631,196,2,1
195,646,196,2,1
195,677,170,0,3
195,690,220,3,0
195,691,196,2,1
196,631,171,0,3
196,664,171,0,3
196,677,171,0,3
196,690,221,3,0
196,691,221,3,0
197,631,172,0,3
197,646,172,0,3
197,677,196,1,2
197,690,196,1,2
197,691,222,3,0
198,631,173,0,3
198,677,197,1,2
198,690,197,1,2
198,691,223,3,0
199,631,174,0,3
199,661,224,3,0
199,677,198,1,2
199,690,198,1,2
199,691,224,3,0
200,631,175,0,2
200,677,224,3,2
200,690,224,3,2
200,691,201,1,1
201,626,202,2,1
201,690,200,1,1
201,691,202,2,1
202,671,201,1,2
203,671,202,1,2
203,690,204,2,1
203,691,691,70,0
204,631,179,0,3
204,677,205,2,1
204,690,205,2,1
204,691,203,1,2
205,631,180,0,3
205,661,230,3,0
205,677,206,2,1
205,690,206,2,1
205,691,204,1,2
206,631,181,0,3
206,661,231,3,0
206,677,207,2,1
206,690,207,2,1
206,691,205,1,2
207,631,182,0,3
207,646,182,0,3
207,661,232,3,0
207,677,208,2,1
207,690,208,2,1
207,691,206,1,2
208,631,183,0,3
208,661,233,3,0
208,677,183,0,3
208,690,233,3,0
208,691,207,1,2
209,631,208,1,2
209,646,208,1,2
209,677,184,0,3
209,690,234,3,0
209,691,208,1,2
210,631,209,1,2
210,677,185,0,3
210,690,235,3,0
210,691,209,1,2
211,631,210,1,2
211,677,186,0,3
211,690,236,3,0
211,691,210,1,2
212,631,211,1,2
212,677,187,0,3
212,690,237,3,0
212,691,211,1,2
213,677,188,0,3
213,690,238,3,0
213,691,212,1,2
214,626,213,1,2
214,671,215,2,1
214,690,239,3,0
214,691,213,1,2
215,690,240,3,0
216,626,215,1,2
216,690,241,3,0
216,691,217,2,1
217,631,218,2,1
217,677,192,0,3
217,690,242,3,0
217,691,218,2,1
218,631,219,2,1
218,661,219,2,1
218,677,193,0,3
218,690,243,3,0
218,691,219,2,1
219,631,220,2,1
219,677,194,0,3
219,690,244,3,0
219,691,220,2,1
220,631,221,2,1
220,646,221,2,1
220,677,195,0,3
220,690,245,3,0
220,691,221,2,1
221,631,196,0,3
221,661,246,3,0
221,677,196,0,3
221,690,246,3,0
221,691,222,2,1
222,631,197,0,3
222,646,197,0,3
222,661,247,3,0
222,677,221,1,2
222,690,221,1,2
222,691,223,2,1
223,631,198,0,3
223,661,248,3,0
223,677,222,1,2
223,690,222,1,2
223,691,224,2,1
224,631,199,0,3
224,661,249,3,0
224,677,223,1,2
224,690,223,1,2
224,691,200,2,3
225,631,200,0,2
225,677,249,3,2
225,690,249,3,2
225,691,200,0,2
226,626,227,2,1
226,690,225,1,1
226,691,201,0,3
227,671,226,1,2
228,671,227,1,2
228,690,229,2,1
228,691,203,0,3
229,631,204,0,3
229,677,230,2,1
229,690,230,2,1
229,691,204,0,3
230,631,205,0,3
230,661,661,40,0
230,677,231,2,1
230,690,231,2,1
230,691,205,0,3
231,631,206,0,3
231,661,230,1,2
231,677,232,2,1
231,690,232,2,1
231,691,206,0,3
232,631,207,0,3
232,646,207,0,3
232,661,231,1,2
232,677,233,2,1
232,690,233,2,1
232,691,207,0,3
233,631,208,0,3
233,661,232,1,2
233,677,208,0,3
233,690,258,3,0
233,691,208,0,3
234,631,233,1,2
234,646,233,1,2
234,677,209,0,3
234,690,259,3,0
234,691,233,1,2
235,631,234,1,2
235,677,210,0,3
235,690,260,3,0
235,691,234,1,2
236,631,235,1,2
236,677,211,0,3
236,690,261,3,0
236,691,235,1,2
237,631,236,1,2
237,677,212,0,3
237,690,262,3,0
237,691,236,1,2
238,677,213,0,3
238,690,263,3,0
238,691,237,1,2
239,626,238,1,2
239,671,240,2,1
239,690,264,3,0
239,691,238,1,2
240,690,265,3,0
241,626,240,1,2
241,690,266,3,0
241,691,242,2,1
242,631,243,2,1
242,677,217,0,3
242,690,267,3,0
242,691,243,2,1
243,631,244,2,1
243,661,244,2,1
243,677,218,0,3
243,690,268,3,0
243,691,244,2,1
244,631,245,2,1
244,677,219,0,3
244,690,269,3,0
244,691,245,2,1
245,631,246,2,1
245,646,246,2,1
245,677,220,0,3
245,690,270,3,0
245,691,246,2,1
246,631,221,0,3
246,661,247,2,1
246,677,221,0,3
246,690,271,3,0
246,691,221,0,3
247,631,222,0,3
247,646,222,0,3
247,661,248,2,1
247,677,246,1,2
247,690,246,1,2
247,691,222,0,3
248,631,223,0,3
248,661,249,2,1
248,677,247,1,2
248,690,247,1,2
248,691,223,0,3
249,631,224,0,3
249,677,248,1,2
249,690,248,1,2
249,691,224,0,3
250,631,225,0,2
250,677,274,3,2
250,690,274,3,2
250,691,225,0,2
251,626,252,2,1
251,671,671,50,0
251,690,250,1,1
251,691,226,0,3
252,671,251,1,2
253,690,254,2,1
253,691,228,0,3
254,631,229,0,3
254,677,255,2,1
254,690,255,2,1
254,691,229,0,3
255,631,230,0,3
255,661,230,0,3
255,677,256,2,1
255,690,256,2,1
255,691,230,0,3
256,631,231,0,3
256,677,257,2,1
256,690,257,2,1
256,691,231,0,3
257,631,232,0,3
257,646,232,0,3
257,677,258,2,1
257,690,258,2,1
257,691,232,0,3
258,631,233,0,3
258,677,233,0,3
258,690,283,3,0
258,691,233,0,3
259,631,258,1,2
259,646,258,1,2
259,677,234,0,3
259,690,284,3,0
259,691,258,1,2
260,631,259,1,2
260,677,235,0,3
260,690,285,3,0
260,691,259,1,2
261,631,260,1,2
261,677,236,0,3
261,690,286,3,0
261,691,260,1,2
262,631,261,1,2
262,677,237,0,3
262,690,287,3,0
262,691,261,1,2
263,677,238,0,3
263,690,288,3,0
263,691,262,1,2
264,626,263,1,2
264,671,265,2,1
264,690,289,3,0
264,691,263,1,2
265,690,290,3,0
266,626,265,1,2
266,690,291,3,0
266,691,267,2,1
267,631,268,2,1
267,677,242,0,3
267,690,292,3,0
267,691,268,2,1
268,631,269,2,1
268,661,269,2,1
268,677,243,0,3
268,690,293,3,0
268,691,269,2,1
269,631,270,2,1
269,677,244,0,3
269,690,294,3,0
269,691,270,2,1
270,631,271,2,1
270,646,271,2,1
270,677,245,0,3
270,690,295,3,0
270,691,271,2,1
271,631,246,0,3
271,677,246,0,3
271,690,296,3,0
271,691,246,0,3
272,631,247,0,3
272,646,247,0,3
272,677,271,1,2
272,690,271,1,2
272,691,247,0,3
273,631,248,0,3
273,677,272,1,2
273,690,272,1,2
273,691,248,0,3
274,631,249,0,3
274,661,249,0,3
274,677,273,1,2
274,690,273,1,2
274,691,249,0,3
275,631,250,0,2
275,677,299,3,2
275,690,299,3,2
275,691,250,0,2
276,626,277,2,1
276,690,275,1,1
276,691,251,0,3
277,671,276,1,2
278,671,277,1,2
278,690,279,2,1
278,691,253,0,3
279,631,254,0,3
279,677,280,2,1
279,690,280,2,1
279,691,254,0,3
280,631,255,0,3
280,661,255,0,3
280,677,281,2,1
280,690,281,2,1
280,691,255,0,3
281,631,256,0,3
281,677,282,2,1
281,690,282,2,1
281,691,256,0,3
282,631,257,0,3
282,646,257,0,3
282,677,283,2,1
282,690,283,2,1
282,691,257,0,3
283,631,258,0,3
283,677,258,0,3
283,690,308,3,0
283,691,258,0,3
284,631,283,1,2
284,646,283,1,2
284,677,259,0,3
284,690,309,3,0
284,691,283,1,2
285,631,284,1,2
285,677,260,0,3
285,690,310,3,0
285,691,284,1,2
286,631,285,1,2
286,677,261,0,3
286,690,311,3,0
286,691,285,1,2
287,631,286,1,2
287,677,262,0,3
287,690,312,3,0
287,691,286,1,2
288,677,263,0,3
288,690,313,3,0
288,691,287,1,2
289,626,288,1,2
289,671,290,2,1
289,690,314,3,0
289,691,288,1,2
290,690,315,3,0
291,626,290,1,2
291,690,316,3,0
291,691,292,2,1
292,631,293,2,1
292,677,267,0,3
292,690,317,3,0
292,691,293,2,1
293,631,294,2,1
293,661,294,2,1
293,677,268,0,3
293,690,318,3,0
293,691,294,2,1
294,631,295,2,1
294,677,269,0,3
294,690,319,3,0
294,691,295,2,1
295,631,296,2,1
295,646,296,2,1
295,677,270,0,3
295,690,320,3,0
295,691,296,2,1
296,631,271,0,3
296,677,271,0,3
296,690,321,3,0
296,691,271,0,3
297,631,272,0,3
297,646,272,0,3
297,677,296,1,2
297,690,296,1,2
297,691,272,0,3
298,631,273,0,3
298,677,297,1,2
298,690,297,1,2
298,691,273,0,3
299,631,274,0,3
299,661,274,0,3
299,677,298,1,2
299,690,298,1,2
299,691,274,0,3
300,631,275,0,2
300,677,324,3,2
300,690,324,3,2
300,691,275,0,2
301,626,302,2,1
301,690,300,1,1
301,691,276,0,3
302,671,301,1,2
303,671,302,1,2
303,690,304,2,1
303,691,278,0,3
304,631,279,0,3
304,677,305,2,1
304,690,305,2,1
304,691,279,0,3
305,631,280,0,3
305,661,280,0,3
305,677,306,2,1
305,690,306,2,1
305,691,280,0,3
306,631,281,0,3
306,677,307,2,1
306,690,307,2,1
306,691,281,0,3
307,631,282,0,3
307,646,282,0,3
307,677,308,2,1
307,690,308,2,1
307,691,282,0,3
308,631,283,0,3
308,677,283,0,3
308,690,333,3,0
308,691,283,0,3
309,631,308,1,2
309,646,308,1,2
309,677,284,0,3
309,690,334,3,0
309,691,308,1,2
310,631,309,1,2
310,677,285,0,3
310,690,335,3,0
310,691,309,1,2
311,631,310,1,2
311,677,286,0,3
311,690,336,3,0
311,691,310,1,2
312,631,311,1,2
312,677,287,0,3
312,690,337,3,0
312,691,311,1,2
313,677,288,0,3
313,690,338,3,0
313,691,312,1,2
314,626,313,1,2
314,671,315,2,1
314,690,339,3,0
314,691,313,1,2
315,690,340,3,0
316,626,315,1,2
316,690,341,3,0
316,691,317,2,1
317,631,318,2,1
317,677,292,0,3
317,690,342,3,0
317,691,318,2,1
318,631,319,2,1
318,661,319,2,1
318,677,293,0,3
318,690,343,3,0
318,691,319,2,1
319,631,320,2,1
319,677,294,0,3
319,690,344,3,0
319,691,320,2,1
320,631,321,2,1
320,646,321,2,1
320,677,295,0,3
320,690,345,3,0
320,691,321,2,1
321,631,296,0,3
321,677,296,0,3
321,690,346,3,0
321,691,296,0,3
322,631,297,0,3
322,646,297,0,3
322,677,321,1,2
322,690,321,1,2
322,691,297,0,3
323,631,298,0,3
323,677,322,1,2
323,690,322,1,2
323,691,298,0,3
324,631,299,0,3
324,661,299,0,3
324,677,323,1,2
324,690,323,1,2
324,691,299,0,3
325,631,350,2,0
325,677,349,3,2
325,690,349,3,2
325,691,300,0,2
326,626,327,2,1
326,690,325,1,1
326,691,301,0,3
327,671,326,1,2
328,671,327,1,2
328,690,329,2,1
328,691,303,0,3
329,631,354,3,0
329,677,330,2,1
329,690,330,2,1
329,691,304,0,3
330,631,355,3,0
330,661,305,0,3
330,677,331,2,1
330,690,331,2,1
330,691,305,0,3
331,631,356,3,0
331,677,332,2,1
331,690,332,2,1
331,691,306,0,3
332,631,357,3,0
332,646,307,0,3
332,677,333,2,1
332,690,333,2,1
332,691,307,0,3
333,677,308,0,3
333,690,358,3,0
333,691,308,0,3
334,631,333,1,2
334,646,333,1,2
334,677,309,0,3
334,690,359,3,0
334,691,333,1,2
335,631,334,1,2
335,677,310,0,3
335,690,360,3,0
335,691,334,1,2
336,631,335,1,2
336,677,311,0,3
336,690,361,3,0
336,691,335,1,2
337,631,336,1,2
337,677,312,0,3
337,690,362,3,0
337,691,336,1,2
338,677,313,0,3
338,690,363,3,0
338,691,337,1,2
339,626,338,1,2
339,671,340,2,1
339,690,364,3,0
339,691,338,1,2
340,690,365,3,0
341,626,340,1,2
341,690,366,3,0
341,691,342,2,1
342,631,343,2,1
342,677,317,0,3
342,690,367,3,0
342,691,343,2,1
343,631,344,2,1
343,661,344,2,1
343,677,318,0,3
343,690,368,3,0
343,691,344,2,1
344,631,345,2,1
344,677,319,0,3
344,690,369,3,0
344,691,345,2,1
345,631,346,2,1
345,646,346,2,1
345,677,320,0,3
345,690,370,3,0
345,691,346,2,1
346,677,321,0,3
346,690,371,3,0
346,691,321,0,3
347,631,372,3,0
347,646,322,0,3
347,677,346,1,2
347,690,346,1,2
347,691,322,0,3
348,631,373,3,0
348,677,347,1,2
348,690,347,1,2
348,691,323,0,3
349,631,374,3,0
349,661,324,0,3
349,677,348,1,2
349,690,348,1,2
349,691,324,0,3
350,631,375,2,0
350,677,374,3,2
350,690,374,3,2
350,691,325,0,2
351,626,352,2,1
351,690,350,1,1
351,691,326,0,3
352,671,351,1,2
353,671,352,1,2
353,690,354,2,1
353,691,328,0,3
354,631,379,3,0
354,677,355,2,1
354,690,355,2,1
354,691,329,0,3
355,631,380,3,0
355,661,330,0,3
355,677,356,2,1
355,690,356,2,1
355,691,330,0,3
356,631,381,3,0
356,677,357,2,1
356,690,357,2,1
356,691,331,0,3
357,631,382,3,0
357,646,332,0,3
357,677,358,2,1
357,690,358,2,1
357,691,332,0,3
358,646,333,0,3
358,677,333,0,3
358,690,383,3,0
358,691,333,0,3
359,631,358,1,2
359,646,358,1,2
359,677,334,0,3
359,690,384,3,0
359,691,358,1,2
360,631,359,1,2
360,677,335,0,3
360,690,385,3,0
360,691,359,1,2
361,631,360,1,2
361,677,336,0,3
361,690,386,3,0
361,691,360,1,2
362,631,361,1,2
362,677,337,0,3
362,690,387,3,0
362,691,361,1,2
363,677,338,0,3
363,690,388,3,0
363,691,362,1,2
364,626,363,1,2
364,671,365,2,1
364,690,389,3,0
364,691,363,1,2
365,690,390,3,0
366,626,365,1,2
366,690,391,3,0
366,691,367,2,1
367,631,368,2,1
367,677,342,0,3
367,690,392,3,0
367,691,368,2,1
368,631,369,2,1
368,661,369,2,1
368,677,343,0,3
368,690,393,3,0
368,691,369,2,1
369,631,370,2,1
369,677,344,0,3
369,690,394,3,0
369,691,370,2,1
370,631,371,2,1
370,646,371,2,1
370,677,345,0,3
370,690,395,3,0
370,691,371,2,1
371,646,346,0,3
371,677,346,0,3
371,690,396,3,0
371,691,346,0,3
372,631,397,3,0
372,646,347,0,3
372,677,371,1,2
372,690,371,1,2
372,691,347,0,3
373,631,398,3,0
373,677,372,1,2
373,690,372,1,2
373,691,348,0,3
374,631,399,3,0
374,661,349,0,3
374,677,373,1,2
374,690,373,1,2
374,691,349,0,3
375,631,400,2,0
375,677,399,3,2
375,690,399,3,2
375,691,350,0,2
376,626,377,2,1
376,690,375,1,1
376,691,351,0,3
377,671,376,1,2
378,671,377,1,2
378,690,379,2,1
378,691,353,0,3
379,631,404,3,0
379,677,380,2,1
379,690,380,2,1
379,691,354,0,3
380,631,405,3,0
380,661,355,0,3
380,677,381,2,1
380,690,381,2,1
380,691,355,0,3
381,631,406,3,0
381,677,382,2,1
381,690,382,2,1
381,691,356,0,3
382,631,407,3,0
382,646,357,0,3
382,677,383,2,1
382,690,383,2,1
382,691,357,0,3
383,631,408,3,0
383,646,358,0,3
383,690,384,2,1
383,691,358,0,3
384,631,383,1,2
384,646,383,1,2
384,677,359,0,3
384,690,385,2,1
384,691,383,1,2
385,631,384,1,2
385,677,360,0,3
385,690,386,2,1
385,691,384,1,2
386,631,385,1,2
386,677,361,0,3
386,690,387,2,1
386,691,385,1,2
387,631,386,1,2
387,677,362,0,3
387,690,388,2,1
387,691,386,1,2
388,677,363,0,3
388,690,389,2,1
388,691,387,1,2
389,626,388,1,2
389,671,390,2,1
389,691,388,1,2
390,690,690,69,0
391,626,390,1,2
391,690,390,1,2
391,691,392,2,1
392,631,393,2,1
392,677,367,0,3
392,690,391,1,2
392,691,393,2,1
393,631,394,2,1
393,661,394,2,1
393,677,368,0,3
393,690,392,1,2
393,691,394,2,1
394,631,395,2,1
394,677,369,0,3
394,690,393,1,2
394,691,395,2,1
395,631,396,2,1
395,646,396,2,1
395,677,370,0,3
395,690,394,1,2
395,691,396,2,1
396,631,421,3,0
396,646,371,0,3
396,690,395,1,2
396,691,371,0,3
397,631,422,3,0
397,646,372,0,3
397,677,396,1,2
397,690,396,1,2
397,691,372,0,3
398,631,423,3,0
398,677,397,1,2
398,690,397,1,2
398,691,373,0,3
399,631,424,3,0
399,661,374,0,3
399,677,398,1,2
399,690,398,1,2
399,691,374,0,3
400,631,425,2,0
400,677,424,3,2
400,690,424,3,2
400,691,375,0,2
401,626,402,2,1
401,690,400,1,1
401,691,376,0,3
402,671,401,1,2
403,671,402,1,2
403,690,404,2,1
403,691,378,0,3
404,631,429,3,0
404,677,405,2,1
404,690,405,2,1
404,691,379,0,3
405,631,430,3,0
405,661,380,0,3
405,677,406,2,1
405,690,406,2,1
405,691,380,0,3
406,631,431,3,0
406,677,407,2,1
406,690,407,2,1
406,691,381,0,3
407,631,432,3,0
407,646,382,0,3
407,677,408,2,1
407,690,408,2,1
407,691,382,0,3
408,631,433,3,0
408,646,383,0,3
408,690,383,0,3
408,691,383,0,3
409,631,408,1,2
409,646,408,1,2
409,677,384,0,3
409,690,384,0,3
409,691,408,1,2
410,631,409,1,2
410,677,385,0,3
410,690,385,0,3
410,691,409,1,2
411,631,410,1,2
411,677,386,0,3
411,690,386,0,3
411,691,410,1,2
412,631,411,1,2
412,677,387,0,3
412,690,387,0,3
412,691,411,1,2
413,677,388,0,3
413,690,388,0,3
413,691,412,1,2
414,626,413,1,2
414,671,415,2,1
414,690,389,0,3
414,691,413,1,2
415,690,390,0,3
416,626,415,1,2
416,690,391,0,3
416,691,417,2,1
417,631,418,2,1
417,677,392,0,3
417,690,392,0,3
417,691,418,2,1
418,631,419,2,1
418,661,419,2,1
418,677,393,0,3
418,690,393,0,3
418,691,419,2,1
419,631,420,2,1
419,677,394,0,3
419,690,394,0,3
419,691,420,2,1
420,631,421,2,1
420,646,421,2,1
420,677,395,0,3
420,690,395,0,3
420,691,421,2,1
421,631,446,3,0
421,646,396,0,3
421,690,396,0,3
421,691,396,0,3
422,631,447,3,0
422,646,397,0,3
422,677,421,1,2
422,690,421,1,2
422,691,397,0,3
423,631,448,3,0
423,677,422,1,2
423,690,422,1,2
423,691,398,0,3
424,631,449,3,0
424,661,399,0,3
424,677,423,1,2
424,690,423,1,2
424,691,399,0,3
425,631,450,2,0
425,677,449,3,2
425,690,449,3,2
425,691,400,0,2
426,626,427,2,1
426,690,425,1,1
426,691,401,0,3
427,671,426,1,2
428,671,427,1,2
428,690,429,2,1
428,691,403,0,3
429,631,454,3,0
429,677,430,2,1
429,690,430,2,1
429,691,404,0,3
430,631,455,3,0
430,661,405,0,3
430,677,431,2,1
430,690,431,2,1
430,691,405,0,3
431,631,456,3,0
431,677,432,2,1
431,690,432,2,1
431,691,406,0,3
432,631,457,3,0
432,646,457,3,0
432,677,433,2,1
432,690,433,2,1
432,691,407,0,3
433,631,458,3,0
433,677,458,3,0
433,690,408,0,3
433,691,408,0,3
434,631,433,1,2
434,646,433,1,2
434,677,459,3,0
434,690,409,0,3
434,691,433,1,2
435,631,434,1,2
435,677,460,3,0
435,690,410,0,3
435,691,434,1,2
436,631,435,1,2
436,677,461,3,0
436,690,411,0,3
436,691,435,1,2
437,631,436,1,2
437,677,462,3,0
437,690,412,0,3
437,691,436,1,2
438,677,463,3,0
438,690,413,0,3
438,691,437,1,2
439,626,438,1,2
439,671,440,2,1
439,690,414,0,3
439,691,438,1,2
440,690,415,0,3
441,626,440,1,2
441,690,416,0,3
441,691,442,2,1
442,631,443,2,1
442,677,467,3,0
442,690,417,0,3
442,691,443,2,1
443,631,444,2,1
443,661,444,2,1
443,677,468,3,0
443,690,418,0,3
443,691,444,2,1
444,631,445,2,1
444,677,469,3,0
444,690,419,0,3
444,691,445,2,1
445,631,446,2,1
445,646,446,2,1
445,677,470,3,0
445,690,420,0,3
445,691,446,2,1
446,631,471,3,0
446,677,471,3,0
446,690,421,0,3
446,691,421,0,3
447,631,472,3,0
447,646,472,3,0
447,677,446,1,2
447,690,446,1,2
447,691,422,0,3
448,631,473,3,0
448,677,447,1,2
448,690,447,1,2
448,691,423,0,3
449,631,474,3,0
449,661,424,0,3
449,677,448,1,2
449,690,448,1,2
449,691,424,0,3
450,631,475,2,0
450,677,474,3,2
450,690,474,3,2
450,691,425,0,2
451,626,452,2,1
451,690,450,1,1
451,691,426,0,3
452,671,451,1,2
453,671,452,1,2
453,690,454,2,1
453,691,428,0,3
454,631,479,3,0
454,677,455,2,1
454,690,455,2,1
454,691,429,0,3
455,631,480,3,0
455,661,430,0,3
455,677,456,2,1
455,690,456,2,1
455,691,430,0,3
456,631,481,3,0
456,677,457,2,1
456,690,457,2,1
456,691,431,0,3
457,631,482,3,0
457,646,482,3,0
457,677,458,2,1
457,690,458,2,1
457,691,432,0,3
458,631,483,3,0
458,677,483,3,0
458,690,433,0,3
458,691,433,0,3
459,631,458,1,2
459,646,458,1,2
459,677,484,3,0
459,690,434,0,3
459,691,458,1,2
460,631,459,1,2
460,677,485,3,0
460,690,435,0,3
460,691,459,1,2
461,631,460,1,2
461,677,486,3,0
461,690,436,0,3
461,691,460,1,2
462,631,461,1,2
462,677,487,3,0
462,690,437,0,3
462,691,461,1,2
463,677,488,3,0
463,690,438,0,3
463,691,462,1,2
464,626,463,1,2
464,671,465,2,1
464,690,439,0,3
464,691,463,1,2
465,690,440,0,3
466,626,465,1,2
466,690,441,0,3
466,691,467,2,1
467,631,468,2,1
467,677,492,3,0
467,690,442,0,3
467,691,468,2,1
468,631,469,2,1
468,661,469,2,1
468,677,493,3,0
468,690,443,0,3
468,691,469,2,1
469,631,470,2,1
469,677,494,3,0
469,690,444,0,3
469,691,470,2,1
470,631,471,2,1
470,646,471,2,1
470,677,495,3,0
470,690,445,0,3
470,691,471,2,1
471,631,496,3,0
471,677,496,3,0
471,690,446,0,3
471,691,446,0,3
472,631,497,3,0
472,646,497,3,0
472,677,471,1,2
472,690,471,1,2
472,691,447,0,3
473,631,498,3,0
473,677,472,1,2
473,690,472,1,2
473,691,448,0,3
474,631,499,3,0
474,661,449,0,3
474,677,473,1,2
474,690,473,1,2
474,691,449,0,3
475,631,500,2,0
475,677,499,3,2
475,690,499,3,2
475,691,450,0,2
476,626,477,2,1
476,690,475,1,1
476,691,451,0,3
477,671,476,1,2
478,671,477,1,2
478,690,479,2,1
478,691,453,0,3
479,631,504,3,0
479,677,480,2,1
479,690,480,2,1
479,691,454,0,3
480,631,505,3,0
480,661,455,0,3
480,677,481,2,1
480,690,481,2,1
480,691,455,0,3
481,631,506,3,0
481,677,482,2,1
481,690,482,2,1
481,691,456,0,3
482,631,507,3,0
482,646,507,3,0
482,677,483,2,1
482,690,483,2,1
482,691,457,0,3
483,631,508,3,0
483,664,508,3,0
483,677,508,3,0
483,690,458,0,3
483,691,458,0,3
484,631,483,1,2
484,646,483,1,2
484,677,509,3,0
484,690,459,0,3
484,691,483,1,2
485,631,484,1,2
485,677,510,3,0
485,690,460,0,3
485,691,484,1,2
486,631,485,1,2
486,677,511,3,0
486,690,461,0,3
486,691,485,1,2
487,631,486,1,2
487,677,512,3,0
487,690,462,0,3
487,691,486,1,2
488,677,513,3,0
488,690,463,0,3
488,691,487,1,2
489,626,488,1,2
489,671,490,2,1
489,690,464,0,3
489,691,488,1,2
490,690,465,0,3
491,626,490,1,2
491,690,466,0,3
491,691,492,2,1
492,631,493,2,1
492,677,517,3,0
492,690,467,0,3
492,691,493,2,1
493,631,494,2,1
493,661,494,2,1
493,677,518,3,0
493,690,468,0,3
493,691,494,2,1
494,631,495,2,1
494,677,519,3,0
494,690,469,0,3
494,691,495,2,1
495,631,496,2,1
495,646,496,2,1
495,677,520,3,0
495,690,470,0,3
495,691,496,2,1
496,631,521,3,0
496,664,521,3,0
496,677,521,3,0
496,690,471,0,3
496,691,471,0,3
497,631,522,3,0
497,646,522,3,0
497,677,496,1,2
497,690,496,1,2
497,691,472,0,3
498,631,523,3,0
498,677,497,1,2
498,690,497,1,2
498,691,473,0,3
499,631,524,3,0
499,661,474,0,3
499,677,498,1,2
499,690,498,1,2
499,691,474,0,3
500,631,525,2,0
500,677,524,3,2
500,690,524,3,2
500,691,475,0,2
501,626,502,2,1
501,690,500,1,1
501,691,476,0,3
502,671,501,1,2
503,671,502,1,2
503,690,504,2,1
503,691,478,0,3
504,631,529,3,0
504,677,505,2,1
504,690,505,2,1
504,691,479,0,3
505,631,530,3,0
505,661,480,0,3
505,677,506,2,1
505,690,506,2,1
505,691,480,0,3
506,631,531,3,0
506,677,507,2,1
506,690,507,2,1
506,691,481,0,3
507,631,532,3,0
507,646,532,3,0
507,677,508,2,1
507,690,508,2,1
507,691,482,0,3
508,631,533,3,0
508,677,533,3,0
508,690,483,0,3
508,691,483,0,3
509,631,508,1,2
509,646,508,1,2
509,677,534,3,0
509,690,484,0,3
509,691,508,1,2
510,631,509,1,2
510,677,535,3,0
510,690,485,0,3
510,691,509,1,2
511,631,510,1,2
511,677,536,3,0
511,690,486,0,3
511,691,510,1,2
512,631,511,1,2
512,677,537,3,0
512,690,487,0,3
512,691,511,1,2
513,677,538,3,0
513,690,488,0,3
513,691,512,1,2
514,626,513,1,2
514,671,515,2,1
514,690,489,0,3
514,691,513,1,2
515,690,490,0,3
516,626,515,1,2
516,690,491,0,3
516,691,517,2,1
517,631,518,2,1
517,677,542,3,0
517,690,492,0,3
517,691,518,2,1
518,631,519,2,1
518,661,519,2,1
518,677,543,3,0
518,690,493,0,3
518,691,519,2,1
519,631,520,2,1
519,677,544,3,0
519,690,494,0,3
519,691,520,2,1
520,631,521,2,1
520,646,521,2,1
520,677,545,3,0
520,690,495,0,3
520,691,521,2,1
521,631,546,3,0
521,677,546,3,0
521,690,496,0,3
521,691,496,0,3
522,631,547,3,0
522,646,547,3,0
522,677,521,1,2
522,690,521,1,2
522,691,497,0,3
523,631,548,3,0
523,677,522,1,2
523,690,522,1,2
523,691,498,0,3
524,631,549,3,0
524,661,499,0,3
524,677,523,1,2
524,690,523,1,2
524,691,499,0,3
525,631,550,2,0
525,677,549,3,2
525,690,549,3,2
525,691,550,2,0
526,626,527,2,1
526,690,525,1,1
526,691,551,3,0
527,671,526,1,2
528,671,527,1,2
528,690,529,2,1
528,691,553,3,0
529,631,554,3,0
529,677,530,2,1
529,690,530,2,1
529,691,554,3,0
530,631,555,3,0
530,661,505,0,3
530,677,531,2,1
530,690,531,2,1
530,691,555,3,0
531,631,556,3,0
531,661,506,0,3
531,677,532,2,1
531,690,532,2,1
531,691,556,3,0
532,631,557,3,0
532,646,557,3,0
532,661,507,0,3
532,677,533,2,1
532,690,533,2,1
532,691,557,3,0
533,631,558,3,0
533,661,508,0,3
533,677,558,3,0
533,690,508,0,3
533,691,558,3,0
534,631,533,1,2
534,646,533,1,2
534,677,559,3,0
534,690,509,0,3
534,691,533,1,2
535,631,534,1,2
535,677,560,3,0
535,690,510,0,3
535,691,534,1,2
536,631,535,1,2
536,677,561,3,0
536,690,511,0,3
536,691,535,1,2
537,631,536,1,2
537,677,562,3,0
537,690,512,0,3
537,691,536,1,2
538,677,563,3,0
538,690,513,0,3
538,691,537,1,2
539,626,538,1,2
539,671,540,2,1
539,690,514,0,3
539,691,538,1,2
540,690,515,0,3
541,626,540,1,2
541,690,516,0,3
541,691,542,2,1
542,631,543,2,1
542,677,567,3,0
542,690,517,0,3
542,691,543,2,1
543,631,544,2,1
543,661,544,2,1
543,677,568,3,0
543,690,518,0,3
543,691,544,2,1
544,631,545,2,1
544,677,569,3,0
544,690,519,0,3
544,691,545,2,1
545,631,546,2,1
545,646,546,2,1
545,677,570,3,0
545,690,520,0,3
545,691,546,2,1
546,631,571,3,0
546,661,521,0,3
546,677,571,3,0
546,690,521,0,3
546,691,571,3,0
547,631,572,3,0
547,646,572,3,0
547,661,522,0,3
547,677,546,1,2
547,690,546,1,2
547,691,572,3,0
548,631,573,3,0
548,661,523,0,3
548,677,547,1,2
548,690,547,1,2
548,691,573,3,0
549,631,574,3,0
549,661,524,0,3
549,677,548,1,2
549,690,548,1,2
549,691,574,3,0
550,631,575,2,0
550,677,574,3,2
550,690,574,3,2
550,691,575,2,0
551,626,552,2,1
551,690,550,1,1
551,691,576,3,0
552,671,551,1,2
553,671,552,1,2
553,690,554,2,1
553,691,578,3,0
554,631,579,3,0
554,677,555,2,1
554,690,555,2,1
554,691,579,3,0
555,631,580,3,0
555,661,580,3,0
555,677,556,2,1
555,690,556,2,1
555,691,580,3,0
556,631,581,3,0
556,677,557,2,1
556,690,557,2,1
556,691,581,3,0
557,631,582,3,0
557,646,582,3,0
557,677,558,2,1
557,690,558,2,1
557,691,582,3,0
558,631,583,3,0
558,677,583,3,0
558,690,533,0,3
558,691,583,3,0
559,631,558,1,2
559,646,558,1,2
559,677,584,3,0
559,690,534,0,3
559,691,558,1,2
560,631,559,1,2
560,677,585,3,0
560,690,535,0,3
560,691,559,1,2
561,631,560,1,2
561,677,586,3,0
561,690,536,0,3
561,691,560,1,2
562,631,561,1,2
562,677,587,3,0
562,690,537,0,3
562,691,561,1,2
563,677,588,3,0
563,690,538,0,3
563,691,562,1,2
564,626,563,1,2
564,671,565,2,1
564,690,539,0,3
564,691,563,1,2
565,690,540,0,3
566,626,565,1,2
566,690,541,0,3
566,691,567,2,1
567,631,568,2,1
567,677,592,3,0
567,690,542,0,3
567,691,568,2,1
568,631,569,2,1
568,661,569,2,1
568,677,593,3,0
568,690,543,0,3
568,691,569,2,1
569,631,570,2,1
569,677,594,3,0
569,690,544,0,3
569,691,570,2,1
570,631,571,2,1
570,646,571,2,1
570,677,595,3,0
570,690,545,0,3
570,691,571,2,1
571,631,596,3,0
571,677,596,3,0
571,690,546,0,3
571,691,596,3,0
572,631,597,3,0
572,646,597,3,0
572,677,571,1,2
572,690,571,1,2
572,691,597,3,0
573,631,598,3,0
573,677,572,1,2
573,690,572,1,2
573,691,598,3,0
574,631,599,3,0
574,661,599,3,0
574,677,573,1,2
574,690,573,1,2
574,691,599,3,0
575,631,600,2,0
575,677,599,3,2
575,690,599,3,2
575,691,600,2,0
576,626,577,2,1
576,690,575,1,1
576,691,601,3,0
577,671,576,1,2
578,671,577,1,2
578,690,579,2,1
578,691,603,3,0
579,631,604,3,0
579,677,580,2,1
579,690,580,2,1
579,691,604,3,0
580,631,605,3,0
580,661,605,3,0
580,677,581,2,1
580,690,581,2,1
580,691,605,3,0
581,631,606,3,0
581,677,582,2,1
581,690,582,2,1
581,691,606,3,0
582,631,607,3,0
582,646,607,3,0
582,677,583,2,1
582,690,583,2,1
582,691,607,3,0
583,631,608,3,0
583,677,608,3,0
583,690,558,0,3
583,691,608,3,0
584,631,583,1,2
584,646,583,1,2
584,677,609,3,0
584,690,559,0,3
584,691,583,1,2
585,631,584,1,2
585,677,610,3,0
585,690,560,0,3
585,691,584,1,2
586,631,585,1,2
586,677,611,3,0
586,690,561,0,3
586,691,585,1,2
587,631,586,1,2
587,677,612,3,0
587,690,562,0,3
587,691,586,1,2
588,677,613,3,0
588,690,563,0,3
588,691,587,1,2
589,626,588,1,2
589,671,590,2,1
589,690,564,0,3
589,691,588,1,2
590,690,565,0,3
591,626,590,1,2
591,690,566,0,3
591,691,592,2,1
592,631,593,2,1
592,677,617,3,0
592,690,567,0,3
592,691,593,2,1
593,631,594,2,1
593,661,594,2,1
593,677,618,3,0
593,690,568,0,3
593,691,594,2,1
594,631,595,2,1
594,677,619,3,0
594,690,569,0,3
594,691,595,2,1
595,631,596,2,1
595,646,596,2,1
595,677,620,3,0
595,690,570,0,3
595,691,596,2,1
596,631,621,3,0
596,677,621,3,0
596,690,571,0,3
596,691,621,3,0
597,631,622,3,0
597,646,622,3,0
597,677,596,1,2
597,690,596,1,2
597,691,622,3,0
598,631,623,3,0
598,677,597,1,2
598,690,597,1,2
598,691,623,3,0
599,631,624,3,0
599,661,624,3,0
599,677,598,1,2
599,690,598,1,2
599,691,624,3,0
600,631,0,2,3
600,677,624,3,2
600,690,624,3,2
600,691,0,2,3
601,626,602,2,1
601,690,600,1,1
601,691,1,3,3
602,671,601,1,2
603,671,602,1,2
603,690,604,2,1
603,691,3,3,3
604,631,4,3,3
604,677,605,2,1
604,690,605,2,1
604,691,4,3,3
605,631,5,3,3
605,661,5,3,3
605,677,606,2,1
605,690,606,2,1
605,691,5,3,3
606,631,6,3,3
606,677,607,2,1
606,690,607,2,1
606,691,6,3,3
607,631,7,3,3
607,646,7,3,3
607,677,608,2,1
607,690,608,2,1
607,691,7,3,3
608,631,8,3,3
608,677,8,3,3
608,690,583,0,3
608,691,8,3,3
609,631,608,1,2
609,646,608,1,2
609,677,9,3,3
609,690,584,0,3
609,691,608,1,2
610,631,609,1,2
610,677,10,3,3
610,690,585,0,3
610,691,609,1,2
611,631,610,1,2
611,677,11,3,3
611,690,586,0,3
611,691,610,1,2
612,631,611,1,2
612,677,12,3,3
612,690,587,0,3
612,691,611,1,2
613,677,13,3,3
613,690,588,0,3
613,691,612,1,2
614,626,613,1,2
614,671,615,2,1
614,690,589,0,3
614,691,613,1,2
615,690,590,0,3
616,626,615,1,2
616,690,591,0,3
616,691,617,2,1
617,631,618,2,1
617,677,17,3,3
617,690,592,0,3
617,691,618,2,1
618,631,619,2,1
618,661,619,2,1
618,677,18,3,3
618,690,593,0,3
618,691,619,2,1
619,631,620,2,1
619,677,19,3,3
619,690,594,0,3
619,691,620,2,1
620,631,621,2,1
620,646,621,2,1
620,677,20,3,3
620,690,595,0,3
620,691,621,2,1
621,631,21,3,3
621,677,21,3,3
621,690,596,0,3
621,691,21,3,3
622,631,22,3,3
622,646,22,3,3
622,677,621,1,2
622,690,621,1,2
622,691,22,3,3
623,631,23,3,3
623,677,622,1,2
623,690,622,1,2
623,691,23,3,3
624,631,24,3,3
624,661,24,3,3
624,677,623,1,2
624,690,623,1,2
624,691,24,3,3
626,625,88,0,5
626,627,88,0,5
626,628,88,0,5
626,629,88,0,5
626,630,88,0,5
626,631,88,0,5
626,632,88,0,5
626,633,88,0,5
626,634,88,0,5
626,635,88,0,5
626,636,88,0,5
626,637,88,0,5
626,638,88,0,5
626,639,88,0,5
626,640,88,0,5
626,641,88,0,5
626,642,88,0,5
626,643,88,0,5
626,644,88,0,5
626,645,88,0,5
626,646,88,0,5
626,647,88,0,5
626,648,88,0,5
626,649,88,0,5
626,650,88,0,5
626,651,88,0,5
626,652,88,0,5
626,653,88,0,5
626,654,88,0,5
626,655,88,0,5
626,656,88,0,5
626,657,88,0,5
626,658,88,0,5
626,659,88,0,5
626,660,88,0,5
626,661,88,0,5
626,662,88,0,5
626,663,88,0,5
626,664,88,0,5
626,665,88,0,5
626,666,88,0,5
626,667,88,0,5
626,668,88,0,5
626,669,88,0,5
626,670,88,0,5
626,671,88,0,5
626,672,88,0,5
626,673,88,0,5
626,674,88,0,5
626,675,88,0,5
626,676,88,0,5
626,677,88,0,5
626,678,88,0,5
626,679,88,0,5
626,680,88,0,5
626,681,88,0,5
626,682,88,0,5
626,683,88,0,5
626,684,88,0,5
626,685,88,0,5
626,686,88,0,5
626,687,88,0,5
626,688,88,0,5
626,689,88,0,5
626,690,88,0,5
626,691,88,0,5
626,692,88,0,5
626,693,88,0,5
626,694,88,0,5
626,695,88,0,5
626,696,88,0,5
626,697,88,0,5
626,698,88,0,5
626,699,88,0,5
626,700,88,0,5
626,701,88,0,5
626,702,88,0,5
626,703,88,0,5
626,704,88,0,5
626,705,88,0,5
626,706,88,0,5
626,707,88,0,5
626,708,88,0,5
626,709,88,0,5
626,710,88,0,5
626,711,88,0,5
626,712,88,0,5
626,713,88,0,5
626,714,88,0,5
626,715,88,0,5
626,716,88,0,5
626,717,88,0,5
626,718,88,0,5
626,719,88,0,5
626,720,88,0,5
626,721,88,0,5
626,722,88,0,5
626,723,88,0,5
626,724,88,0,5
631,625,4,0,10
631,626,4,0,10
631,627,4,0,10
631,628,4,0,10
631,629,4,0,10
631,630,4,0,10
631,632,4,0,10
631,633,4,0,10
631,634,4,0,10
631,635,4,0,10
631,636,4,0,10
631,637,4,0,10
631,638,4,0,10
631,639,4,0,10
631,640,4,0,10
631,641,4,0,10
631,642,4,0,10
631,643,4,0,10
631,644,4,0,10
631,645,4,0,10
631,646,4,0,10
631,647,4,0,10
631,648,4,0,10
631,649,4,0,10
631,650,4,0,10
631,651,4,0,10
631,652,4,0,10
631,653,4,0,10
631,654,4,0,10
631,655,4,0,10
631,656,4,0,10
631,657,4,0,10
631,658,4,0,10
631,659,4,0,10
631,660,4,0,10
631,661,4,0,10
631,662,4,0,10
631,663,4,0,10
631,664,4,0,10
631,665,4,0,10
631,666,4,0,10
631,667,4,0,10
631,668,4,0,10
631,669,4,0,10
631,670,4,0,10
631,671,4,0,10
631,672,4,0,10
631,673,4,0,10
631,674,4,0,10
631,675,4,0,10
631,676,4,0,10
631,677,4,0,10
631,678,4,0,10
631,679,4,0,10
631,680,4,0,10
631,681,4,0,10
631,682,4,0,10
631,683,4,0,10
631,684,4,0,10
631,685,4,0,10
631,686,4,0,10
631,687,4,0,10
631,688,4,0,10
631,689,4,0,10
631,690,4,0,10
631,691,4,0,10
631,692,4,0,10
631,693,4,0,10
631,694,4,0,10
631,695,4,0,10
631,696,4,0,10
631,697,4,0,10
631,698,4,0,10
631,699,4,0,10
631,700,4,0,10
631,701,4,0,10
631,702,4,0,10
631,703,4,0,10
631,704,4,0,10
631,705,4,0,10
631,706,4,0,10
631,707,4,0,10
631,708,4,0,10
631,709,4,0,10
631,710,4,0,10
631,711,4,0,10
631,712,4,0,10
631,713,4,0,10
631,714,4,0,10
631,715,4,0,10
631,716,4,0,10
631,717,4,0,10
631,718,4,0,10
631,719,4,0,10
631,720,4,0,10
631,721,4,0,10
631,722,4,0,10
631,723,4,0,10
631,724,4,0,10
646,625,107,0,25
646,626,107,0,25
646,627,107,0,25
646,628,107,0,25
646,629,107,0,25
646,630,107,0,25
646,631,107,0,25
646,632,107,0,25
646,633,107,0,25
646,634,107,0,25
646,635,107,0,25
646,636,107,0,25
646,637,107,0,25
646,638,107,0,25
646,639,107,0,25
646,640,107,0,25
646,641,107,0,25
646,642,107,0,25
646,643,107,0,25
646,644,107,0,25
646,645,107,0,25
646,647,107,0,25
646,648,107,0,25
646,649,107,0,25
646,650,107,0,25
646,651,107,0,25
646,652,107,0,25
646,653,107,0,25
646,654,107,0,25
646,655,107,0,25
646,656,107,0,25
646,657,107,0,25
646,658,107,0,25
646,659,107,0,25
646,660,107,0,25
646,661,107,0,25
646,662,107,0,25
646,663,107,0,25
646,664,107,0,25
646,665,107,0,25
646,666,107,0,25
646,667,107,0,25
646,668,107,0,25
646,669,107,0,25
646,670,107,0,25
646,671,107,0,25
646,672,107,0,25
646,673,107,0,25
646,674,107,0,25
646,675,107,0,25
646,676,107,0,25
646,677,107,0,25
646,678,107,0,25
646,679,107,0,25
646,680,107,0,25
646,681,107,0,25
646,682,107,0,25
646,683,107,0,25
646,684,107,0,25
646,685,107,0,25
646,686,107,0,25
646,687,107,0,25
646,688,107,0,25
646,689,107,0,25
646,690,107,0,25
646,691,107,0,25
646,692,107,0,25
646,693,107,0,25
646,694,107,0,25
646,695,107,0,25
646,696,107,0,25
646,697,107,0,25
646,698,107,0,25
646,699,107,0,25
646,700,107,0,25
646,701,107,0,25
646,702,107,0,25
646,703,107,0,25
646,704,107,0,25
646,705,107,0,25
646,706,107,0,25
646,707,107,0,25
646,708,107,0,25
646,709,107,0,25
646,710,107,0,25
646,711,107,0,25
646,712,107,0,25
646,713,107,0,25
646,714,107,0,25
646,715,107,0,25
646,716,107,0,25
646,717,107,0,25
646,718,107,0,25
646,719,107,0,25
646,720,107,0,25
646,721,107,0,25
646,722,107,0,25
646,723,107,0,25
646,724,107,0,25
661,625,230,0,40
661,626,230,0,40
661,627,230,0,40
661,628,230,0,40
661,629,230,0,40
661,630,230,0,40
661,631,230,0,40
661,632,230,0,40
661,633,230,0,40
661,634,230,0,40
661,635,230,0,40
661,636,230,0,40
661,637,230,0,40
661,638,230,0,40
661,639,230,0,40
661,640,230,0,40
661,641,230,0,40
661,642,230,0,40
661,643,230,0,40
661,644,230,0,40
661,645,230,0,40
661,646,230,0,40
661,647,230,0,40
661,648,230,0,40
661,649,230,0,40
661,650,230,0,40
661,651,230,0,40
661,652,230,0,40
661,653,230,0,40
661,654,230,0,40
661,655,230,0,40
661,656,230,0,40
661,657,230,0,40
661,658,230,0,40
661,659,230,0,40
661,660,230,0,40
661,662,230,0,40
661,663,230,0,40
661,664,230,0,40
661,665,230,0,40
661,666,230,0,40
661,667,230,0,40
661,668,230,0,40
661,669,230,0,40
661,670,230,0,40
661,671,230,0,40
661,672,230,0,40
661,673,230,0,40
661,674,230,0,40
661,675,230,0,40
661,676,230,0,40
661,677,230,0,40
661,678,230,0,40
661,679,230,0,40
661,680,230,0,40
661,681,230,0,40
661,682,230,0,40
661,683,230,0,40
661,684,230,0,40
661,685,230,0,40
661,686,230,0,40
661,687,230,0,40
661,688,230,0,40
661,689,230,0,40
661,690,230,0,40
661,691,230,0,40
661,692,230,0,40
661,693,230,0,40
661,694,230,0,40
661,695,230,0,40
661,696,230,0,40
661,697,230,0,40
661,698,230,0,40
661,699,230,0,40
661,700,230,0,40
661,701,230,0,40
661,702,230,0,40
661,703,230,0,40
661,704,230,0,40
661,705,230,0,40
661,706,230,0,40
661,707,230,0,40
661,708,230,0,40
661,709,230,0,40
661,710,230,0,40
661,711,230,0,40
661,712,230,0,40
661,713,230,0,40
661,714,230,0,40
661,715,230,0,40
661,716,230,0,40
661,717,230,0,40
661,718,230,0,40
661,719,230,0,40
661,720,230,0,40
661,721,230,0,40
661,722,230,0,40
661,723,230,0,40
661,724,230,0,40
664,625,158,0,43
664,626,158,0,43
664,627,158,0,43
664,628,158,0,43
664,629,158,0,43
664,630,158,0,43
664,631,158,0,43
664,632,158,0,43
664,633,158,0,43
664,634,158,0,43
664,635,158,0,43
664,636,158,0,43
664,637,158,0,43
664,638,158,0,43
664,639,158,0,43
664,640,158,0,43
664,641,158,0,43
664,642,158,0,43
664,643,158,0,43
664,644,158,0,43
664,645,158,0,43
664,646,158,0,43
664,647,158,0,43
664,648,158,0,43
664,649,158,0,43
664,650,158,0,43
664,651,158,0,43
664,652,158,0,43
664,653,158,0,43
664,654,158,0,43
664,655,158,0,43
664,656,158,0,43
664,657,158,0,43
664,658,158,0,43
664,659,158,0,43
664,660,158,0,43
664,661,158,0,43
664,662,158,0,43
664,663,158,0,43
664,665,158,0,43
664,666,158,0,43
664,667,158,0,43
664,668,158,0,43
664,669,158,0,43
664,670,158,0,43
664,671,158,0,43
664,672,158,0,43
664,673,158,0,43
664,674,158,0,43
664,675,158,0,43
664,676,158,0,43
664,677,158,0,43
664,678,158,0,43
664,679,158,0,43
664,680,158,0,43
664,681,158,0,43
664,682,158,0,43
664,683,158,0,43
664,684,158,0,43
664,685,158,0,43
664,686,158,0,43
664,687,158,0,43
664,688,158,0,43
664,689,158,0,43
664,690,158,0,43
664,691,158,0,43
664,692,158,0,43
664,693,158,0,43
664,694,158,0,43
664,695,158,0,43
664,696,158,0,43
664,697,158,0,43
664,698,158,0,43
664,699,158,0,43
664,700,158,0,43
664,701,158,0,43
664,702,158,0,43
664,703,158,0,43
664,704,158,0,43
664,705,158,0,43
664,706,158,0,43
664,707,158,0,43
664,708,158,0,43
664,709,158,0,43
664,710,158,0,43
664,711,158,0,43
664,712,158,0,43
664,713,158,0,43
664,714,158,0,43
664,715,158,0,43
664,716,158,0,43
664,717,158,0,43
664,718,158,0,43
664,719,158,0,43
664,720,158,0,43
664,721,158,0,43
664,722,158,0,43
664,723,158,0,43
664,724,158,0,43
671,625,251,0,50
671,626,251,0,50
671,627,251,0,50
671,628,251,0,50
671,629,251,0,50
671,630,251,0,50
671,631,251,0,50
671,632,251,0,50
671,633,251,0,50
671,634,251,0,50
671,635,251,0,50
671,636,251,0,50
671,637,251,0,50
671,638,251,0,50
671,639,251,0,50
671,640,251,0,50
671,641,251,0,50
671,642,251,0,50
671,643,251,0,50
671,644,251,0,50
671,645,251,0,50
671,646,251,0,50
671,647,251,0,50
671,648,251,0,50
671,649,251,0,50
671,650,251,0,50
671,651,251,0,50
671,652,251,0,50
671,653,251,0,50
671,654,251,0,50
671,655,251,0,50
671,656,251,0,50
671,657,251,0,50
671,658,251,0,50
671,659,251,0,50
671,660,251,0,50
671,661,251,0,50
671,662,251,0,50
671,663,251,0,50
671,664,251,0,50
671,665,251,0,50
671,666,251,0,50
671,667,251,0,50
671,668,251,0,50
671,669,251,0,50
671,670,251,0,50
671,672,251,0,50
671,673,251,0,50
671,674,251,0,50
671,675,251,0,50
671,676,251,0,50
671,677,251,0,50
671,678,251,0,50
671,679,251,0,50
671,680,251,0,50
671,681,251,0,50
671,682,251,0,50
671,683,251,0,50
671,684,251,0,50
671,685,251,0,50
671,686,251,0,50
671,687,251,0,50
671,688,251,0,50
671,689,251,0,50
671,690,251,0,50
671,691,251,0,50
671,692,251,0,50
671,693,251,0,50
671,694,251,0,50
671,695,251,0,50
671,696,251,0,50
671,697,251,0,50
671,698,251,0,50
671,699,251,0,50
671,700,251,0,50
671,701,251,0,50
671,702,251,0,50
671,703,251,0,50
671,704,251,0,50
671,705,251,0,50
671,706,251,0,50
671,707,251,0,50
671,708,251,0,50
671,709,251,0,50
671,710,251,0,50
671,711,251,0,50
671,712,251,0,50
671,713,251,0,50
671,714,251,0,50
671,715,251,0,50
671,716,251,0,50
671,717,251,0,50
671,718,251,0,50
671,719,251,0,50
671,720,251,0,50
671,721,251,0,50
671,722,251,0,50
671,723,251,0,50
671,724,251,0,50
677,625,113,0,56
677,626,113,0,56
677,627,113,0,56
677,628,113,0,56
677,629,113,0,56
677,630,113,0,56
677,631,113,0,56
677,632,113,0,56
677,633,113,0,56
677,634,113,0,56
677,635,113,0,56
677,636,113,0,56
677,637,113,0,56
677,638,113,0,56
677,639,113,0,56
677,640,113,0,56
677,641,113,0,56
677,642,113,0,56
677,643,113,0,56
677,644,113,0,56
677,645,113,0,56
677,646,113,0,56
677,647,113,0,56
677,648,113,0,56
677,649,113,0,56
677,650,113,0,56
677,651,113,0,56
677,652,113,0,56
677,653,113,0,56
677,654,113,0,56
677,655,113,0,56
677,656,113,0,56
677,657,113,0,56
677,658,113,0,56
677,659,113,0,56
677,660,113,0,56
677,661,113,0,56
677,662,113,0,56
677,663,113,0,56
677,664,113,0,56
677,665,113,0,56
677,666,113,0,56
677,667,113,0,56
677,668,113,0,56
677,669,113,0,56
677,670,113,0,56
677,671,113,0,56
677,672,113,0,56
677,673,113,0,56
677,674,113,0,56
677,675,113,0,56
677,676,113,0,56
677,678,113,0,56
677,679,113,0,56
677,680,113,0,56
677,681,113,0,56
677,682,113,0,56
677,683,113,0,56
677,684,113,0,56
677,685,113,0,56
677,686,113,0,56
677,687,113,0,56
677,688,113,0,56
677,689,113,0,56
677,690,113,0,56
677,691,113,0,56
677,692,113,0,56
677,693,113,0,56
677,694,113,0,56
677,695,113,0,56
677,696,113,0,56
677,697,113,0,56
677,698,113,0,56
677,699,113,0,56
677,700,113,0,56
677,701,113,0,56
677,702,113,0,56
677,703,113,0,56
677,704,113,0,56
677,705,113,0,56
677,706,113,0,56
677,707,113,0,56
677,708,113,0,56
677,709,113,0,56
677,710,113,0,56
677,711,113,0,56
677,712,113,0,56
677,713,113,0,56
677,714,113,0,56
677,715,113,0,56
677,716,113,0,56
677,717,113,0,56
677,718,113,0,56
677,719,113,0,56
677,720,113,0,56
677,721,113,0,56
677,722,113,0,56
677,723,113,0,56
677,724,113,0,56
690,625,390,0,69
690,626,390,0,69
690,627,390,0,69
690,628,390,0,69
690,629,390,0,69
690,630,390,0,69
690,631,390,0,69
690,632,390,0,69
690,633,390,0,69
690,634,390,0,69
690,635,390,0,69
690,636,390,0,69
690,637,390,0,69
690,638,390,0,69
690,639,390,0,69
690,640,390,0,69
690,641,390,0,69
690,642,390,0,69
690,643,390,0,69
690,644,390,0,69
690,645,390,0,69
690,646,390,0,69
690,647,390,0,69
690,648,390,0,69
690,649,390,0,69
690,650,390,0,69
690,651,390,0,69
690,652,390,0,69
690,653,390,0,69
690,654,390,0,69
690,655,390,0,69
690,656,390,0,69
690,657,390,0,69
690,658,390,0,69
690,659,390,0,69
690,660,390,0,69
690,661,390,0,69
690,662,390,0,69
690,663,390,0,69
690,664,390,0,69
690,665,390,0,69
690,666,390,0,69
690,667,390,0,69
690,668,390,0,69
690,669,390,0,69
690,670,390,0,69
690,671,390,0,69
690,672,390,0,69
690,673,390,0,69
690,674,390,0,69
690,675,390,0,69
690,676,390,0,69
690,677,390,0,69
690,678,390,0,69
690,679,390,0,69
690,680,390,0,69
690,681,390,0,69
690,682,390,0,69
690,683,390,0,69
690,684,390,0,69
690,685,390,0,69
690,686,390,0,69
690,687,390,0,69
690,688,390,0,69
690,689,390,0,69
690,691,390,0,69
690,692,390,0,69
690,693,390,0,69
690,694,390,0,69
690,695,390,0,69
690,696,390,0,69
690,697,390,0,69
690,698,390,0,69
690,699,390,0,69
690,700,390,0,69
690,701,390,0,69
690,702,390,0,69
690,703,390,0,69
690,704,390,0,69
690,705,390,0,69
690,706,390,0,69
690,707,390,0,69
690,708,390,0,69
690,709,390,0,69
690,710,390,0,69
690,711,390,0,69
690,712,390,0,69
690,713,390,0,69
690,714,390,0,69
690,715,390,0,69
690,716,390,0,69
690,717,390,0,69
690,718,390,0,69
690,719,390,0,69
690,720,390,0,69
690,721,390,0,69
690,722,390,0,69
690,723,390,0,69
690,724,390,0,69
691,625,203,0,70
691,626,203,0,70
691,627,203,0,70
691,628,203,0,70
691,629,203,0,70
691,630,203,0,70
691,631,203,0,70
691,632,203,0,70
691,633,203,0,70
691,634,203,0,70
691,635,203,0,70
691,636,203,0,70
691,637,203,0,70
691,638,203,0,70
691,639,203,0,70
691,640,203,0,70
691,641,203,0,70
691,642,203,0,70
691,643,203,0,70
691,644,203,0,70
691,645,203,0,70
691,646,203,0,70
691,647,203,0,70
691,648,203,0,70
691,649,203,0,70
691,650,203,0,70
691,651,203,0,70
691,652,203,0,70
691,653,203,0,70
691,654,203,0,70
691,655,203,0,70
691,656,203,0,70
691,657,203,0,70
691,658,203,0,70
691,659,203,0,70
691,660,203,0,70
691,661,203,0,70
691,662,203,0,70
691,663,203,0,70
691,664,203,0,70
691,665,203,0,70
691,666,203,0,70
691,667,203,0,70
691,668,203,0,70
691,669,203,0,70
691,670,203,0,70
691,671,203,0,70
691,672,203,0,70
691,673,203,0,70
691,674,203,0,70
691,675,203,0,70
691,676,203,0,70
691,677,203,0,70
691,678,203,0,70
691,679,203,0,70
691,680,203,0,70
691,681,203,0,70
691,682,203,0,70
691,683,203,0,70
691,684,203,0,70
691,685,203,0,70
691,686,203,0,70
691,687,203,0,70
691,688,203,0,70
691,689,203,0,70
691,690,203,0,70
691,692,203,0,70
691,693,203,0,70
691,694,203,0,70
691,695,203,0,70
691,696,203,0,70
691,697,203,0,70
691,698,203,0,70
691,699,203,0,70
691,700,203,0,70
691,701,203,0,70
691,702,203,0,70
691,703,203,0,70
691,704,203,0,70
691,705,203,0,70
691,706,203,0,70
691,707,203,0,70
691,708,203,0,70
691,709,203,0,70
691,710,203,0,70
691,711,203,0,70
691,712,203,0,70
691,713,203,0,70
691,714,203,0,70
691,715,203,0,70
691,716,203,0,70
691,717,203,0,70
691,718,203,0,70
691,719,203,0,70
691,720,203,0,70
691,721,203,0,70
691,722,203,0,70
691,723,203,0,70
691,724,203,0,70
