0,630,25,1,0
0,662,25,1,0
0,670,25,1,0
0,671,1,0,0
0,699,600,3,2
1,639,26,2,0
1,666,26,2,0
1,681,26,2,0
2,666,27,2,0
2,688,3,1,0
2,717,3,1,0
3,634,28,2,0
3,666,28,2,0
3,688,4,1,0
3,707,4,1,0
3,717,4,1,0
4,666,29,2,0
4,688,5,1,0
4,692,5,1,0
4,707,5,1,0
4,717,5,1,0
5,655,30,2,0
5,666,30,2,0
5,672,6,1,0
5,688,6,1,0
5,692,6,1,0
5,707,6,1,0
5,717,6,1,0
5,721,30,2,0
6,666,31,2,0
6,688,606,3,3
7,688,607,3,3
7,692,32,2,0
7,707,607,3,3
7,717,32,2,0
8,688,608,3,3
8,707,608,3,3
8,717,33,2,0
9,629,10,1,0
9,632,10,1,0
9,654,10,1,0
9,665,10,1,0
9,687,10,1,0
9,688,609,3,3
9,707,609,3,3
9,717,34,2,0
10,647,11,1,0
10,680,11,1,0
10,688,11,1,0
11,656,12,1,0
11,659,12,1,0
11,668,12,1,0
11,690,12,1,0
12,671,612,3,3
13,643,613,3,3
13,653,613,3,3
13,684,613,3,3
13,691,613,3,3
13,693,38,2,0
13,711,613,3,3
14,688,614,3,3
14,700,614,3,3
14,713,39,2,0
15,633,40,2,0
15,637,40,2,0
15,649,40,2,0
15,658,615,3,3
15,688,615,3,3
15,696,615,3,3
15,707,615,3,3
15,709,40,2,0
15,717,40,2,0
15,718,40,2,0
15,724,40,2,0
16,640,41,2,0
16,644,41,2,0
16,688,616,3,3
16,689,616,3,3
16,703,616,3,3
16,707,616,3,3
16,710,616,3,3
16,717,41,2,0
17,688,617,3,3
17,692,16,0,1
17,707,617,3,3
17,717,42,2,0
18,655,43,2,0
18,666,43,2,0
18,672,17,0,1
18,688,618,3,3
18,721,43,2,0
19,664,20,1,0
19,666,44,2,0
19,672,20,1,0
19,688,18,0,1
19,692,18,0,1
19,706,20,1,0
19,707,18,0,1
19,712,20,1,0
19,717,18,0,1
20,636,21,1,0
20,666,45,2,0
20,685,21,1,0
20,688,19,0,1
20,692,21,1,0
20,702,21,1,0
20,707,19,0,1
20,717,19,0,1
21,651,22,1,0
21,652,22,1,0
21,666,46,2,0
21,674,22,1,0
21,679,22,1,0
21,682,22,1,0
21,688,20,0,1
21,697,22,1,0
21,698,22,1,0
21,707,20,0,1
21,708,22,1,0
21,717,20,0,1
21,722,22,1,0
22,629,21,0,1
22,666,47,2,0
22,688,21,0,1
22,717,23,1,0
23,626,24,1,0
23,635,24,1,0
23,641,24,1,0
23,650,24,1,0
23,666,24,1,0
23,669,24,1,0
23,677,24,1,0
23,678,24,1,0
23,686,24,1,0
23,688,22,0,1
23,695,24,1,0
23,704,24,1,0
24,628,0,1,2
24,642,0,1,2
24,645,0,1,2
24,675,0,1,2
24,719,0,1,2
25,630,50,2,0
25,662,50,2,0
25,670,50,2,0
25,671,26,1,1
25,699,0,0,1
26,639,51,3,0
26,681,51,3,0
27,688,28,2,1
27,717,28,2,1
28,634,53,3,0
28,688,29,2,1
28,707,29,2,1
28,717,29,2,1
29,688,30,2,1
29,692,30,2,1
29,707,30,2,1
29,717,30,2,1
30,655,55,3,0
30,672,31,2,1
30,688,31,2,1
30,692,31,2,1
30,707,31,2,1
30,717,31,2,1
30,721,55,3,0
31,688,6,0,2
31,692,32,2,1
32,688,7,0,2
32,692,692,71,0
32,707,7,0,2
32,717,57,3,0
33,688,8,0,2
33,707,8,0,2
33,717,58,3,0
34,629,35,2,1
34,632,35,2,1
34,654,35,2,1
34,665,35,2,1
34,687,35,2,1
34,688,9,0,2
34,707,9,0,2
34,717,59,3,0
35,647,36,2,1
35,680,36,2,1
35,688,36,2,1
36,656,37,2,1
36,659,37,2,1
36,668,37,2,1
36,690,37,2,1
37,671,12,0,2
38,643,13,0,2
38,653,13,0,2
38,684,13,0,2
38,691,13,0,2
38,693,63,3,0
38,711,13,0,2
39,688,14,0,2
39,700,14,0,2
39,713,64,3,0
40,633,65,3,0
40,637,65,3,0
40,649,65,3,0
40,658,15,0,2
40,661,15,0,2
40,688,15,0,2
40,696,15,0,2
40,707,15,0,2
40,709,65,3,0
40,717,65,3,0
40,718,65,3,0
40,724,65,3,0
41,644,66,3,0
41,688,16,0,2
41,689,16,0,2
41,703,16,0,2
41,707,16,0,2
41,710,16,0,2
41,717,66,3,0
42,688,17,0,2
42,692,41,1,2
42,707,17,0,2
42,717,67,3,0
43,655,68,3,0
43,672,42,1,2
43,688,18,0,2
43,692,42,1,2
43,721,68,3,0
44,664,45,2,1
44,672,45,2,1
44,688,43,1,2
44,692,43,1,2
44,706,45,2,1
44,707,43,1,2
44,712,45,2,1
44,717,43,1,2
45,636,46,2,1
45,685,46,2,1
45,688,44,1,2
45,692,46,2,1
45,702,46,2,1
45,707,44,1,2
45,717,44,1,2
46,627,47,2,1
46,651,47,2,1
46,652,47,2,1
46,657,47,2,1
46,660,47,2,1
46,674,47,2,1
46,682,47,2,1
46,688,45,1,2
46,697,47,2,1
46,698,47,2,1
46,707,45,1,2
46,708,47,2,1
46,717,45,1,2
46,722,47,2,1
47,629,46,1,2
47,688,46,1,2
47,717,48,2,1
48,625,49,2,1
48,626,49,2,1
48,635,49,2,1
48,641,49,2,1
48,650,49,2,1
48,666,49,2,1
48,669,49,2,1
48,677,49,2,1
48,678,49,2,1
48,686,49,2,1
48,688,47,1,2
48,695,49,2,1
48,704,49,2,1
49,628,25,2,3
49,642,25,2,3
49,645,25,2,3
49,675,25,2,3
49,719,25,2,3
50,630,75,2,0
50,662,75,2,0
50,670,75,2,0
50,671,51,1,1
50,699,25,0,2
51,639,76,3,0
51,681,76,3,0
52,688,53,2,1
52,717,53,2,1
53,634,78,3,0
53,688,54,2,1
53,707,54,2,1
53,717,54,2,1
54,688,55,2,1
54,692,55,2,1
54,707,55,2,1
54,717,55,2,1
55,655,80,3,0
55,672,56,2,1
55,688,56,2,1
55,692,56,2,1
55,707,56,2,1
55,717,56,2,1
55,721,80,3,0
56,655,81,3,0
56,688,31,0,3
56,692,31,0,3
56,707,81,3,0
56,717,57,2,1
57,688,32,0,3
57,692,32,0,3
57,707,82,3,0
57,717,58,2,1
58,688,33,0,3
58,707,83,3,0
58,717,59,2,1
59,629,60,2,1
59,632,60,2,1
59,665,60,2,1
59,687,60,2,1
59,688,34,0,3
59,707,84,3,0
59,717,717,96,0
60,647,61,2,1
60,680,61,2,1
60,688,61,2,1
61,656,62,2,1
61,659,62,2,1
61,668,62,2,1
61,690,62,2,1
62,671,37,0,3
63,643,38,0,3
63,653,38,0,3
63,684,38,0,3
63,691,38,0,3
63,711,38,0,3
64,688,39,0,3
64,700,39,0,3
65,633,90,3,0
65,637,90,3,0
65,649,90,3,0
65,658,90,3,0
65,661,40,0,3
65,688,40,0,3
65,696,40,0,3
65,707,90,3,0
65,709,90,3,0
65,717,64,1,2
65,718,90,3,0
65,724,90,3,0
66,640,41,0,3
66,644,91,3,0
66,688,41,0,3
66,689,41,0,3
66,703,41,0,3
66,707,91,3,0
66,710,41,0,3
66,717,65,1,2
67,688,42,0,3
67,692,66,1,2
67,707,92,3,0
67,717,66,1,2
68,655,93,3,0
68,672,67,1,2
68,688,43,0,3
68,692,43,0,3
68,707,93,3,0
68,717,67,1,2
68,721,93,3,0
69,664,70,2,1
69,672,70,2,1
69,688,68,1,2
69,692,68,1,2
69,706,70,2,1
69,707,68,1,2
69,712,70,2,1
69,717,68,1,2
70,636,71,2,1
70,685,71,2,1
70,688,69,1,2
70,692,71,2,1
70,702,71,2,1
70,707,69,1,2
70,717,69,1,2
71,627,72,2,1
71,651,72,2,1
71,652,72,2,1
71,657,72,2,1
71,660,72,2,1
71,674,72,2,1
71,679,72,2,1
71,682,72,2,1
71,688,70,1,2
71,697,72,2,1
71,698,72,2,1
71,707,70,1,2
71,708,72,2,1
71,717,70,1,2
71,722,72,2,1
72,629,71,1,2
72,688,71,1,2
72,717,73,2,1
73,625,74,2,1
73,626,74,2,1
73,635,74,2,1
73,666,74,2,1
73,669,74,2,1
73,677,74,2,1
73,678,74,2,1
73,686,74,2,1
73,688,72,1,2
73,695,74,2,1
73,704,74,2,1
74,628,50,2,3
74,642,50,2,3
74,645,50,2,3
74,675,50,2,3
74,719,50,2,3
75,630,100,2,0
75,662,100,2,0
75,670,100,2,0
75,671,76,1,1
75,699,50,0,2
76,639,101,3,0
76,681,101,3,0
77,688,78,2,1
77,717,78,2,1
78,634,103,3,0
78,688,79,2,1
78,707,79,2,1
78,717,79,2,1
79,688,80,2,1
79,692,80,2,1
79,707,80,2,1
79,717,80,2,1
80,655,105,3,0
80,672,81,2,1
80,688,81,2,1
80,692,81,2,1
80,707,81,2,1
80,717,81,2,1
80,721,105,3,0
81,655,106,3,0
81,688,56,0,3
81,692,56,0,3
81,707,106,3,0
81,717,56,0,3
82,688,57,0,3
82,692,57,0,3
82,707,107,3,0
82,717,57,0,3
83,688,58,0,3
83,707,108,3,0
83,717,58,0,3
84,629,85,2,1
84,632,85,2,1
84,654,85,2,1
84,665,85,2,1
84,687,85,2,1
84,688,59,0,3
84,707,109,3,0
84,717,59,0,3
85,647,86,2,1
85,680,86,2,1
85,688,86,2,1
86,656,87,2,1
86,668,87,2,1
86,690,87,2,1
87,671,62,0,3
88,643,63,0,3
88,653,63,0,3
88,684,113,3,0
88,691,63,0,3
88,693,63,0,3
88,711,63,0,3
89,688,64,0,3
89,700,64,0,3
89,713,64,0,3
90,633,115,3,0
90,637,115,3,0
90,649,115,3,0
90,658,115,3,0
90,661,65,0,3
90,688,65,0,3
90,696,65,0,3
90,707,115,3,0
90,709,115,3,0
90,717,65,0,3
90,724,115,3,0
91,640,66,0,3
91,644,116,3,0
91,688,66,0,3
91,689,66,0,3
91,703,66,0,3
91,707,116,3,0
91,710,66,0,3
91,717,66,0,3
92,688,67,0,3
92,692,91,1,2
92,707,117,3,0
92,717,67,0,3
93,655,118,3,0
93,672,92,1,2
93,688,68,0,3
93,692,68,0,3
93,707,118,3,0
93,717,68,0,3
93,721,118,3,0
94,664,95,2,1
94,672,95,2,1
94,688,93,1,2
94,692,93,1,2
94,706,95,2,1
94,707,93,1,2
94,712,95,2,1
94,717,93,1,2
95,636,96,2,1
95,685,96,2,1
95,688,94,1,2
95,692,96,2,1
95,702,96,2,1
95,707,94,1,2
95,717,94,1,2
96,627,97,2,1
96,651,97,2,1
96,652,97,2,1
96,657,97,2,1
96,660,97,2,1
96,674,97,2,1
96,679,97,2,1
96,682,97,2,1
96,688,95,1,2
96,697,97,2,1
96,698,97,2,1
96,707,95,1,2
96,708,97,2,1
96,717,95,1,2
96,722,97,2,1
97,629,96,1,2
97,688,96,1,2
97,717,98,2,1
98,625,99,2,1
98,626,99,2,1
98,635,99,2,1
98,641,99,2,1
98,650,99,2,1
98,666,99,2,1
98,669,99,2,1
98,677,99,2,1
98,678,99,2,1
98,686,99,2,1
98,688,97,1,2
98,695,99,2,1
98,704,99,2,1
99,628,75,2,3
99,645,75,2,3
99,675,75,2,3
99,719,75,2,3
100,630,125,2,0
100,662,125,2,0
100,670,125,2,0
100,671,101,1,1
100,699,125,2,0
101,639,126,3,0
101,681,126,3,0
102,688,103,2,1
102,717,103,2,1
103,634,128,3,0
103,688,104,2,1
103,707,104,2,1
103,717,104,2,1
104,688,105,2,1
104,692,105,2,1
104,707,105,2,1
104,717,105,2,1
105,655,655,34,0
105,672,106,2,1
105,688,106,2,1
105,692,106,2,1
105,707,106,2,1
105,717,106,2,1
105,721,130,3,0
106,655,105,1,2
106,692,81,0,3
106,707,131,3,0
106,717,81,0,3
106,721,131,3,0
107,688,132,3,0
107,692,82,0,3
107,707,132,3,0
107,717,82,0,3
108,688,133,3,0
108,707,133,3,0
108,717,83,0,3
109,629,110,2,1
109,654,110,2,1
109,665,110,2,1
109,687,110,2,1
109,688,134,3,0
109,707,134,3,0
109,717,84,0,3
110,647,111,2,1
110,680,111,2,1
110,688,111,2,1
111,656,112,2,1
111,659,112,2,1
111,668,112,2,1
111,690,112,2,1
112,671,87,0,3
113,643,88,0,3
113,653,88,0,3
113,684,138,3,0
113,691,88,0,3
113,693,88,0,3
113,711,138,3,0
114,688,139,3,0
114,700,139,3,0
114,713,89,0,3
115,633,140,3,0
115,637,140,3,0
115,649,140,3,0
115,658,140,3,0
115,661,90,0,3
115,688,140,3,0
115,696,140,3,0
115,707,140,3,0
115,709,140,3,0
115,717,90,0,3
115,718,90,0,3
115,724,140,3,0
116,640,91,0,3
116,644,141,3,0
116,688,141,3,0
116,689,91,0,3
116,703,91,0,3
116,707,141,3,0
116,710,141,3,0
116,717,91,0,3
117,688,142,3,0
117,692,116,1,2
117,707,142,3,0
117,717,92,0,3
118,655,119,2,1
118,672,117,1,2
118,692,93,0,3
118,707,143,3,0
118,717,93,0,3
118,721,143,3,0
119,664,120,2,1
119,672,120,2,1
119,688,118,1,2
119,692,118,1,2
119,706,120,2,1
119,707,118,1,2
119,712,120,2,1
119,717,118,1,2
120,636,121,2,1
120,685,121,2,1
120,688,119,1,2
120,692,121,2,1
120,702,121,2,1
120,707,119,1,2
120,717,119,1,2
121,627,122,2,1
121,651,122,2,1
121,652,122,2,1
121,657,122,2,1
121,660,122,2,1
121,674,122,2,1
121,679,122,2,1
121,682,122,2,1
121,688,120,1,2
121,697,122,2,1
121,698,122,2,1
121,707,120,1,2
121,708,122,2,1
121,717,120,1,2
121,722,122,2,1
122,629,121,1,2
122,688,121,1,2
122,717,123,2,1
123,625,124,2,1
123,626,124,2,1
123,635,124,2,1
123,641,124,2,1
123,650,124,2,1
123,666,124,2,1
123,669,124,2,1
123,677,124,2,1
123,678,124,2,1
123,686,124,2,1
123,688,122,1,2
123,695,124,2,1
123,704,124,2,1
124,628,100,2,3
124,642,100,2,3
124,645,100,2,3
124,675,100,2,3
124,719,100,2,3
125,630,150,2,0
125,670,150,2,0
125,671,126,1,1
125,699,150,2,0
126,639,151,3,0
126,681,151,3,0
127,688,128,2,1
127,717,128,2,1
128,629,153,3,0
128,634,153,3,0
128,688,129,2,1
128,707,129,2,1
128,717,129,2,1
129,629,154,3,0
129,688,130,2,1
129,692,130,2,1
129,707,130,2,1
129,717,130,2,1
130,629,155,3,0
130,655,105,0,3
130,672,131,2,1
130,688,131,2,1
130,692,131,2,1
130,707,131,2,1
130,717,131,2,1
130,721,155,3,0
131,629,156,3,0
131,688,156,3,0
131,692,106,0,3
131,707,156,3,0
131,717,106,0,3
131,721,156,3,0
132,688,157,3,0
132,692,107,0,3
132,707,157,3,0
132,717,107,0,3
133,688,158,3,0
133,707,158,3,0
133,717,108,0,3
134,629,135,2,1
134,632,135,2,1
134,654,135,2,1
134,665,135,2,1
134,687,135,2,1
134,688,159,3,0
134,707,159,3,0
134,717,109,0,3
135,647,136,2,1
135,680,136,2,1
135,688,136,2,1
136,656,137,2,1
136,659,137,2,1
136,668,137,2,1
136,690,137,2,1
137,671,112,0,3
138,643,113,0,3
138,653,113,0,3
138,684,163,3,0
138,691,113,0,3
138,693,113,0,3
138,711,163,3,0
139,688,164,3,0
139,700,164,3,0
139,713,114,0,3
140,633,165,3,0
140,637,165,3,0
140,658,165,3,0
140,661,115,0,3
140,688,165,3,0
140,696,165,3,0
140,707,165,3,0
140,717,115,0,3
140,718,115,0,3
140,724,165,3,0
141,640,116,0,3
141,644,166,3,0
141,688,166,3,0
141,689,116,0,3
141,703,116,0,3
141,707,166,3,0
141,710,166,3,0
141,717,116,0,3
142,688,167,3,0
142,692,141,1,2
142,707,167,3,0
142,717,117,0,3
143,629,168,3,0
143,655,118,0,3
143,672,142,1,2
143,688,168,3,0
143,692,118,0,3
143,707,168,3,0
143,717,118,0,3
143,721,168,3,0
144,629,169,3,0
144,664,145,2,1
144,672,145,2,1
144,688,143,1,2
144,692,143,1,2
144,707,143,1,2
144,712,145,2,1
144,717,143,1,2
145,629,170,3,0
145,636,146,2,1
145,685,146,2,1
145,688,144,1,2
145,692,146,2,1
145,702,146,2,1
145,707,144,1,2
145,717,144,1,2
146,627,147,2,1
146,629,171,3,0
146,652,147,2,1
146,657,147,2,1
146,660,147,2,1
146,674,147,2,1
146,679,147,2,1
146,682,147,2,1
146,688,145,1,2
146,697,147,2,1
146,698,147,2,1
146,707,145,1,2
146,708,147,2,1
146,717,145,1,2
146,722,147,2,1
147,629,146,1,2
147,688,146,1,2
147,717,148,2,1
148,625,149,2,1
148,626,149,2,1
148,635,149,2,1
148,641,149,2,1
148,650,149,2,1
148,666,149,2,1
148,669,149,2,1
148,677,149,2,1
148,678,149,2,1
148,686,149,2,1
148,688,147,1,2
148,695,149,2,1
148,704,149,2,1
149,628,125,2,3
149,642,125,2,3
149,645,125,2,3
149,675,125,2,3
149,719,125,2,3
150,630,175,2,0
150,662,125,0,2
150,670,175,2,0
150,671,151,1,1
150,699,175,2,0
151,681,176,3,0
152,688,153,2,1
152,717,153,2,1
153,629,152,1,2
153,634,178,3,0
153,688,154,2,1
153,707,154,2,1
153,717,154,2,1
154,629,153,1,2
154,688,155,2,1
154,692,155,2,1
154,707,155,2,1
154,717,155,2,1
155,629,154,1,2
155,655,130,0,3
155,672,156,2,1
155,688,156,2,1
155,692,156,2,1
155,707,156,2,1
155,712,712,91,0
155,717,156,2,1
155,721,721,100,0
156,629,155,1,2
156,688,181,3,0
156,692,131,0,3
156,707,181,3,0
156,712,155,1,2
156,717,131,0,3
156,721,155,1,2
157,688,182,3,0
157,692,132,0,3
157,707,182,3,0
157,717,132,0,3
158,688,183,3,0
158,707,183,3,0
158,717,133,0,3
159,629,160,2,1
159,632,160,2,1
159,654,160,2,1
159,687,160,2,1
159,688,184,3,0
159,707,184,3,0
159,717,134,0,3
160,647,161,2,1
160,680,161,2,1
160,688,161,2,1
161,656,162,2,1
161,659,162,2,1
161,668,162,2,1
161,690,162,2,1
162,671,137,0,3
163,643,138,0,3
163,653,138,0,3
163,684,188,3,0
163,691,138,0,3
163,693,138,0,3
163,711,188,3,0
164,688,189,3,0
164,700,189,3,0
164,713,139,0,3
165,637,190,3,0
165,649,140,0,3
165,658,190,3,0
165,661,140,0,3
165,688,190,3,0
165,696,190,3,0
165,707,190,3,0
165,709,140,0,3
165,717,140,0,3
165,718,140,0,3
166,640,141,0,3
166,644,191,3,0
166,688,191,3,0
166,689,141,0,3
166,703,141,0,3
166,707,191,3,0
166,710,191,3,0
166,717,141,0,3
167,688,192,3,0
167,692,166,1,2
167,707,192,3,0
167,717,142,0,3
168,629,169,2,1
168,655,143,0,3
168,672,167,1,2
168,688,193,3,0
168,692,143,0,3
168,707,193,3,0
168,712,169,2,1
168,717,143,0,3
168,721,169,2,1
169,629,170,2,1
169,664,170,2,1
169,672,170,2,1
169,688,168,1,2
169,692,168,1,2
169,706,170,2,1
169,707,168,1,2
169,712,170,2,1
169,717,168,1,2
170,629,171,2,1
170,636,171,2,1
170,685,171,2,1
170,688,169,1,2
170,702,171,2,1
170,707,169,1,2
170,717,169,1,2
171,627,172,2,1
171,629,629,8,0
171,651,172,2,1
171,652,172,2,1
171,657,172,2,1
171,660,172,2,1
171,674,172,2,1
171,679,172,2,1
171,682,172,2,1
171,688,170,1,2
171,697,172,2,1
171,698,172,2,1
171,707,170,1,2
171,708,172,2,1
171,717,170,1,2
171,722,172,2,1
172,629,171,1,2
172,688,171,1,2
172,717,173,2,1
173,625,174,2,1
173,626,174,2,1
173,635,174,2,1
173,641,174,2,1
173,650,174,2,1
173,666,174,2,1
173,669,174,2,1
173,677,174,2,1
173,678,174,2,1
173,686,174,2,1
173,688,172,1,2
173,695,174,2,1
173,704,174,2,1
174,628,150,2,3
174,642,150,2,3
174,645,150,2,3
174,675,150,2,3
174,719,150,2,3
175,630,200,2,0
175,662,150,0,2
175,670,200,2,0
175,671,176,1,1
175,699,200,2,0
176,639,151,0,3
176,681,201,3,0
177,688,178,2,1
177,717,178,2,1
178,634,203,3,0
178,688,179,2,1
178,707,179,2,1
178,717,179,2,1
179,688,180,2,1
179,692,180,2,1
179,707,180,2,1
179,717,180,2,1
180,655,155,0,3
180,672,181,2,1
180,688,181,2,1
180,692,181,2,1
180,707,181,2,1
180,712,155,0,3
180,717,181,2,1
180,721,155,0,3
181,672,672,51,0
181,688,206,3,0
181,707,206,3,0
181,712,156,0,3
181,716,716,95,0
181,717,156,0,3
182,688,207,3,0
182,692,157,0,3
182,707,207,3,0
182,717,157,0,3
183,688,208,3,0
183,707,208,3,0
183,717,158,0,3
184,629,185,2,1
184,632,185,2,1
184,654,185,2,1
184,665,185,2,1
184,687,185,2,1
184,688,209,3,0
184,707,209,3,0
184,717,159,0,3
185,647,186,2,1
185,680,186,2,1
185,688,186,2,1
186,656,187,2,1
186,659,187,2,1
186,668,187,2,1
186,690,187,2,1
187,671,162,0,3
188,643,163,0,3
188,653,163,0,3
188,684,213,3,0
188,691,163,0,3
188,693,163,0,3
188,711,213,3,0
189,688,214,3,0
189,700,214,3,0
189,713,164,0,3
190,633,165,0,3
190,649,165,0,3
190,658,215,3,0
190,661,165,0,3
190,688,215,3,0
190,696,215,3,0
190,707,215,3,0
190,709,165,0,3
190,717,165,0,3
190,718,165,0,3
190,724,165,0,3
191,640,166,0,3
191,644,216,3,0
191,688,216,3,0
191,689,166,0,3
191,703,166,0,3
191,707,216,3,0
191,710,216,3,0
191,717,166,0,3
192,688,217,3,0
192,692,191,1,2
192,707,217,3,0
192,717,167,0,3
193,655,168,0,3
193,672,192,1,2
193,688,218,3,0
193,707,218,3,0
193,712,168,0,3
193,717,168,0,3
193,721,168,0,3
194,672,195,2,1
194,688,193,1,2
194,692,193,1,2
194,706,195,2,1
194,707,193,1,2
194,717,193,1,2
195,636,196,2,1
195,685,196,2,1
195,688,194,1,2
195,692,196,2,1
195,702,196,2,1
195,707,194,1,2
195,717,194,1,2
196,627,197,2,1
196,651,197,2,1
196,652,197,2,1
196,657,197,2,1
196,660,197,2,1
196,679,197,2,1
196,682,197,2,1
196,688,195,1,2
196,697,197,2,1
196,698,197,2,1
196,707,195,1,2
196,717,195,1,2
196,722,197,2,1
197,629,196,1,2
197,688,196,1,2
197,717,198,2,1
198,625,199,2,1
198,626,199,2,1
198,635,199,2,1
198,641,199,2,1
198,650,199,2,1
198,666,199,2,1
198,669,199,2,1
198,677,199,2,1
198,678,199,2,1
198,686,199,2,1
198,688,197,1,2
198,695,199,2,1
198,704,199,2,1
199,628,175,2,3
199,642,175,2,3
199,645,175,2,3
199,675,175,2,3
199,719,175,2,3
200,630,225,2,0
200,662,175,0,2
200,670,225,2,0
200,671,201,1,1
200,699,225,2,0
201,639,176,0,3
201,681,226,3,0
202,688,203,2,1
202,717,203,2,1
203,634,228,3,0
203,688,204,2,1
203,707,204,2,1
203,714,228,3,0
203,717,204,2,1
204,688,205,2,1
204,692,205,2,1
204,707,205,2,1
204,714,229,3,0
204,717,205,2,1
205,655,180,0,3
205,672,206,2,1
205,688,206,2,1
205,692,206,2,1
205,707,206,2,1
205,714,230,3,0
205,717,206,2,1
205,721,180,0,3
206,644,231,3,0
206,672,181,0,3
206,688,231,3,0
206,707,231,3,0
206,714,231,3,0
206,716,181,0,3
206,717,181,0,3
207,644,232,3,0
207,688,232,3,0
207,692,182,0,3
207,707,232,3,0
207,717,182,0,3
208,644,233,3,0
208,688,233,3,0
208,707,233,3,0
208,717,183,0,3
209,629,210,2,1
209,632,210,2,1
209,654,210,2,1
209,665,210,2,1
209,687,210,2,1
209,688,234,3,0
209,707,234,3,0
209,717,184,0,3
210,647,211,2,1
210,680,211,2,1
210,688,211,2,1
211,656,212,2,1
211,659,212,2,1
211,668,212,2,1
211,690,212,2,1
212,671,187,0,3
213,643,188,0,3
213,653,238,3,0
213,684,238,3,0
213,691,188,0,3
213,693,188,0,3
213,711,238,3,0
214,688,239,3,0
214,700,239,3,0
214,713,189,0,3
215,633,190,0,3
215,637,190,0,3
215,649,190,0,3
215,658,240,3,0
215,661,190,0,3
215,688,240,3,0
215,696,240,3,0
215,707,240,3,0
215,709,190,0,3
215,717,190,0,3
215,718,190,0,3
215,724,190,0,3
216,640,191,0,3
216,644,241,3,0
216,688,241,3,0
216,689,191,0,3
216,703,191,0,3
216,707,241,3,0
216,710,241,3,0
216,717,191,0,3
217,644,242,3,0
217,688,242,3,0
217,692,216,1,2
217,707,242,3,0
217,717,192,0,3
218,644,243,3,0
218,655,193,0,3
218,672,217,1,2
218,688,243,3,0
218,707,243,3,0
218,714,243,3,0
218,717,193,0,3
218,721,193,0,3
219,664,220,2,1
219,688,218,1,2
219,692,218,1,2
219,706,220,2,1
219,707,218,1,2
219,712,220,2,1
219,714,244,3,0
219,717,218,1,2
220,636,221,2,1
220,685,221,2,1
220,688,219,1,2
220,692,221,2,1
220,707,219,1,2
220,714,245,3,0
220,717,219,1,2
221,627,222,2,1
221,651,222,2,1
221,652,222,2,1
221,657,222,2,1
221,660,222,2,1
221,674,222,2,1
221,679,222,2,1
221,682,222,2,1
221,688,220,1,2
221,697,222,2,1
221,698,222,2,1
221,707,220,1,2
221,708,222,2,1
221,714,246,3,0
221,717,220,1,2
221,722,222,2,1
222,629,221,1,2
222,688,221,1,2
222,714,247,3,0
222,717,223,2,1
223,625,224,2,1
223,626,224,2,1
223,641,224,2,1
223,650,224,2,1
223,666,224,2,1
223,669,224,2,1
223,677,224,2,1
223,678,224,2,1
223,686,224,2,1
223,688,222,1,2
223,695,224,2,1
223,704,224,2,1
224,628,200,2,3
224,642,200,2,3
224,645,200,2,3
224,675,200,2,3
224,719,200,2,3
225,662,200,0,2
225,670,250,2,0
225,671,226,1,1
225,699,250,2,0
226,639,201,0,3
226,681,251,3,0
227,688,228,2,1
227,717,228,2,1
228,634,253,3,0
228,688,229,2,1
228,707,229,2,1
228,717,229,2,1
229,688,230,2,1
229,692,230,2,1
229,707,230,2,1
229,717,230,2,1
230,655,205,0,3
230,672,231,2,1
230,688,231,2,1
230,692,231,2,1
230,707,231,2,1
230,717,231,2,1
230,721,205,0,3
231,644,232,2,1
231,688,256,3,0
231,707,256,3,0
231,717,206,0,3
232,644,233,2,1
232,688,257,3,0
232,692,207,0,3
232,707,257,3,0
232,717,207,0,3
233,644,644,23,0
233,688,258,3,0
233,707,258,3,0
233,717,208,0,3
234,629,235,2,1
234,632,235,2,1
234,654,235,2,1
234,665,235,2,1
234,687,235,2,1
234,688,259,3,0
234,707,259,3,0
234,717,209,0,3
235,647,236,2,1
235,680,236,2,1
235,688,236,2,1
236,656,237,2,1
236,659,237,2,1
236,668,237,2,1
236,690,237,2,1
237,671,212,0,3
238,643,263,3,0
238,653,263,3,0
238,684,263,3,0
238,691,213,0,3
238,693,213,0,3
238,711,263,3,0
239,688,264,3,0
239,700,264,3,0
239,713,214,0,3
240,633,215,0,3
240,637,215,0,3
240,649,215,0,3
240,658,265,3,0
240,661,215,0,3
240,688,265,3,0
240,696,265,3,0
240,707,265,3,0
240,709,215,0,3
240,717,215,0,3
240,718,215,0,3
240,724,215,0,3
241,640,216,0,3
241,688,266,3,0
241,689,216,0,3
241,703,216,0,3
241,707,266,3,0
241,710,266,3,0
241,717,216,0,3
242,644,241,1,2
242,688,267,3,0
242,692,241,1,2
242,707,267,3,0
242,717,217,0,3
243,644,242,1,2
243,655,218,0,3
243,672,242,1,2
243,688,268,3,0
243,707,268,3,0
243,717,218,0,3
243,721,218,0,3
244,664,245,2,1
244,672,245,2,1
244,688,243,1,2
244,692,243,1,2
244,706,245,2,1
244,707,243,1,2
244,712,245,2,1
244,717,243,1,2
245,636,246,2,1
245,685,246,2,1
245,688,244,1,2
245,692,246,2,1
245,702,246,2,1
245,707,244,1,2
245,717,244,1,2
246,627,247,2,1
246,651,247,2,1
246,652,247,2,1
246,657,247,2,1
246,660,247,2,1
246,674,247,2,1
246,679,247,2,1
246,688,245,1,2
246,697,247,2,1
246,698,247,2,1
246,707,245,1,2
246,708,247,2,1
246,717,245,1,2
246,722,247,2,1
247,629,246,1,2
247,688,246,1,2
247,717,248,2,1
248,625,249,2,1
248,626,249,2,1
248,635,249,2,1
248,641,249,2,1
248,650,249,2,1
248,666,249,2,1
248,669,249,2,1
248,677,249,2,1
248,678,249,2,1
248,686,249,2,1
248,688,247,1,2
248,704,249,2,1
249,628,225,2,3
249,642,225,2,3
249,645,225,2,3
249,675,225,2,3
249,719,225,2,3
250,630,225,0,2
250,662,225,0,2
250,670,275,2,0
250,671,251,1,1
250,699,275,2,0
251,639,226,0,3
251,681,276,3,0
252,688,253,2,1
252,717,253,2,1
253,634,278,3,0
253,688,254,2,1
253,707,254,2,1
253,717,254,2,1
254,688,255,2,1
254,692,255,2,1
254,707,255,2,1
254,717,255,2,1
255,655,230,0,3
255,672,256,2,1
255,688,256,2,1
255,692,256,2,1
255,707,256,2,1
255,717,256,2,1
255,721,230,0,3
256,688,281,3,0
256,707,281,3,0
256,717,231,0,3
257,688,282,3,0
257,692,232,0,3
257,707,282,3,0
257,717,232,0,3
258,688,283,3,0
258,707,283,3,0
258,717,233,0,3
259,629,260,2,1
259,632,260,2,1
259,654,260,2,1
259,665,260,2,1
259,687,260,2,1
259,688,284,3,0
259,707,284,3,0
259,717,234,0,3
260,647,261,2,1
260,680,261,2,1
260,688,261,2,1
261,656,262,2,1
261,659,262,2,1
261,668,262,2,1
261,690,262,2,1
262,671,287,3,0
263,643,288,3,0
263,653,288,3,0
263,684,288,3,0
263,691,288,3,0
263,693,238,0,3
263,711,288,3,0
264,688,289,3,0
264,700,289,3,0
264,713,239,0,3
265,633,240,0,3
265,637,240,0,3
265,649,240,0,3
265,658,290,3,0
265,661,240,0,3
265,688,290,3,0
265,696,290,3,0
265,707,290,3,0
265,709,240,0,3
265,717,240,0,3
265,718,240,0,3
265,724,240,0,3
266,640,241,0,3
266,644,241,0,3
266,688,291,3,0
266,689,241,0,3
266,703,241,0,3
266,707,291,3,0
266,710,291,3,0
266,717,241,0,3
267,688,292,3,0
267,692,266,1,2
267,707,292,3,0
267,717,242,0,3
268,655,243,0,3
268,672,267,1,2
268,688,293,3,0
268,707,293,3,0
268,717,243,0,3
268,721,243,0,3
269,664,270,2,1
269,672,270,2,1
269,688,268,1,2
269,692,268,1,2
269,706,270,2,1
269,707,268,1,2
269,712,270,2,1
269,717,268,1,2
270,636,271,2,1
270,685,271,2,1
270,688,269,1,2
270,692,271,2,1
270,702,271,2,1
270,707,269,1,2
270,717,269,1,2
271,627,272,2,1
271,651,272,2,1
271,652,272,2,1
271,657,272,2,1
271,660,272,2,1
271,674,272,2,1
271,679,272,2,1
271,682,272,2,1
271,688,270,1,2
271,697,272,2,1
271,698,272,2,1
271,707,270,1,2
271,708,272,2,1
271,717,270,1,2
271,722,272,2,1
272,629,271,1,2
272,688,271,1,2
273,625,274,2,1
273,626,274,2,1
273,635,274,2,1
273,641,274,2,1
273,650,274,2,1
273,666,274,2,1
273,669,274,2,1
273,677,274,2,1
273,678,274,2,1
273,686,274,2,1
273,688,272,1,2
273,695,274,2,1
273,704,274,2,1
274,628,250,2,3
274,642,250,2,3
274,645,250,2,3
274,675,250,2,3
274,719,250,2,3
275,630,250,0,2
275,662,250,0,2
275,671,276,1,1
275,699,300,2,0
276,639,251,0,3
277,688,278,2,1
277,717,278,2,1
278,634,303,3,0
278,688,279,2,1
278,707,279,2,1
278,717,279,2,1
279,688,280,2,1
279,692,280,2,1
279,707,280,2,1
279,717,280,2,1
280,655,255,0,3
280,672,281,2,1
280,688,281,2,1
280,692,281,2,1
280,707,281,2,1
280,717,281,2,1
280,721,255,0,3
281,688,306,3,0
282,688,307,3,0
282,692,257,0,3
282,707,307,3,0
282,717,257,0,3
283,688,308,3,0
283,707,308,3,0
283,717,258,0,3
284,629,285,2,1
284,632,285,2,1
284,654,285,2,1
284,665,285,2,1
284,687,285,2,1
284,688,309,3,0
284,707,309,3,0
284,717,259,0,3
285,647,286,2,1
285,680,286,2,1
285,688,286,2,1
286,656,287,2,1
286,659,287,2,1
286,668,287,2,1
286,690,287,2,1
287,671,312,3,0
288,643,313,3,0
288,653,313,3,0
288,684,313,3,0
288,691,313,3,0
288,693,263,0,3
288,711,313,3,0
289,688,314,3,0
289,700,314,3,0
289,713,264,0,3
290,633,265,0,3
290,637,265,0,3
290,649,265,0,3
290,658,315,3,0
290,661,265,0,3
290,688,315,3,0
290,696,315,3,0
290,707,315,3,0
290,709,265,0,3
290,717,265,0,3
290,718,265,0,3
290,724,265,0,3
291,640,266,0,3
291,644,266,0,3
291,688,316,3,0
291,689,266,0,3
291,703,266,0,3
291,707,316,3,0
291,710,316,3,0
291,717,266,0,3
292,688,317,3,0
292,692,291,1,2
292,707,317,3,0
292,717,267,0,3
293,655,268,0,3
293,672,292,1,2
293,688,318,3,0
293,721,268,0,3
294,664,295,2,1
294,672,295,2,1
294,688,293,1,2
294,692,293,1,2
294,706,295,2,1
294,707,293,1,2
294,712,295,2,1
294,717,293,1,2
295,685,296,2,1
295,688,294,1,2
295,692,296,2,1
295,702,296,2,1
295,707,294,1,2
295,717,294,1,2
296,627,297,2,1
296,651,297,2,1
296,652,297,2,1
296,657,297,2,1
296,660,297,2,1
296,674,297,2,1
296,679,297,2,1
296,682,297,2,1
296,688,295,1,2
296,697,297,2,1
296,698,297,2,1
296,707,295,1,2
296,708,297,2,1
296,717,295,1,2
297,629,296,1,2
297,688,296,1,2
297,717,298,2,1
298,625,299,2,1
298,626,299,2,1
298,635,299,2,1
298,641,299,2,1
298,650,299,2,1
298,666,299,2,1
298,669,299,2,1
298,677,299,2,1
298,678,299,2,1
298,686,299,2,1
298,688,297,1,2
298,695,299,2,1
298,704,299,2,1
299,628,275,2,3
299,642,275,2,3
299,645,275,2,3
299,675,275,2,3
300,630,275,0,2
300,662,275,0,2
300,670,275,0,2
300,671,301,1,1
300,699,325,2,0
301,639,276,0,3
301,666,666,45,0
301,681,276,0,3
302,666,301,1,2
302,688,303,2,1
302,717,303,2,1
303,666,302,1,2
303,688,304,2,1
303,707,304,2,1
303,717,304,2,1
304,666,303,1,2
304,688,305,2,1
304,692,305,2,1
304,707,305,2,1
304,717,305,2,1
305,655,280,0,3
305,666,304,1,2
305,672,306,2,1
305,688,306,2,1
305,692,306,2,1
305,707,306,2,1
305,717,306,2,1
305,721,280,0,3
306,666,305,1,2
306,688,331,3,0
307,688,332,3,0
307,692,282,0,3
307,707,332,3,0
307,717,282,0,3
308,688,333,3,0
308,707,333,3,0
308,717,283,0,3
309,629,310,2,1
309,632,310,2,1
309,654,310,2,1
309,665,310,2,1
309,687,310,2,1
309,688,334,3,0
309,707,334,3,0
309,717,284,0,3
310,647,311,2,1
310,680,311,2,1
310,688,311,2,1
311,656,312,2,1
311,659,312,2,1
311,668,312,2,1
311,690,312,2,1
312,671,337,3,0
313,643,338,3,0
313,653,338,3,0
313,684,338,3,0
313,691,338,3,0
313,693,288,0,3
313,711,338,3,0
314,688,339,3,0
314,700,339,3,0
314,713,289,0,3
315,633,290,0,3
315,637,290,0,3
315,649,290,0,3
315,658,340,3,0
315,661,290,0,3
315,688,340,3,0
315,696,340,3,0
315,707,340,3,0
315,709,290,0,3
315,717,290,0,3
315,718,290,0,3
315,724,290,0,3
316,640,291,0,3
316,644,291,0,3
316,688,341,3,0
316,689,341,3,0
316,703,341,3,0
316,707,341,3,0
316,710,341,3,0
316,717,291,0,3
317,688,342,3,0
317,692,316,1,2
317,707,342,3,0
317,717,292,0,3
318,655,293,0,3
318,666,319,2,1
318,672,317,1,2
318,688,343,3,0
318,721,293,0,3
319,664,320,2,1
319,666,320,2,1
319,672,320,2,1
319,688,318,1,2
319,692,318,1,2
319,706,320,2,1
319,707,318,1,2
319,712,320,2,1
319,717,318,1,2
320,636,321,2,1
320,666,321,2,1
320,685,321,2,1
320,688,319,1,2
320,692,321,2,1
320,702,321,2,1
320,707,319,1,2
320,717,319,1,2
321,627,322,2,1
321,651,322,2,1
321,652,322,2,1
321,657,322,2,1
321,660,322,2,1
321,666,322,2,1
321,674,322,2,1
321,679,322,2,1
321,682,322,2,1
321,688,320,1,2
321,697,322,2,1
321,698,322,2,1
321,707,320,1,2
321,708,322,2,1
321,717,320,1,2
321,722,322,2,1
322,629,321,1,2
322,666,323,2,1
322,688,321,1,2
322,717,323,2,1
323,625,324,2,1
323,626,324,2,1
323,635,324,2,1
323,641,324,2,1
323,650,324,2,1
323,666,324,2,1
323,669,324,2,1
323,677,324,2,1
323,678,324,2,1
323,686,324,2,1
323,688,322,1,2
323,695,324,2,1
323,704,324,2,1
324,628,300,2,3
324,642,300,2,3
324,645,300,2,3
324,675,300,2,3
324,719,300,2,3
325,630,300,0,2
325,662,300,0,2
325,670,300,0,2
325,671,326,1,1
325,699,350,2,0
326,639,301,0,3
326,666,301,0,3
326,681,301,0,3
327,666,302,0,3
327,688,328,2,1
327,717,328,2,1
328,634,303,0,3
328,666,303,0,3
328,688,329,2,1
328,707,329,2,1
328,717,329,2,1
329,666,304,0,3
329,688,330,2,1
329,692,330,2,1
329,707,330,2,1
329,717,330,2,1
330,655,305,0,3
330,666,305,0,3
330,672,331,2,1
330,688,331,2,1
330,692,331,2,1
330,707,331,2,1
330,717,331,2,1
330,721,305,0,3
331,666,306,0,3
331,688,356,3,0
332,688,357,3,0
332,692,307,0,3
332,707,357,3,0
332,717,307,0,3
333,688,358,3,0
333,707,358,3,0
333,717,308,0,3
334,629,335,2,1
334,632,335,2,1
334,654,335,2,1
334,665,335,2,1
334,687,335,2,1
334,688,359,3,0
334,707,359,3,0
334,717,309,0,3
335,647,336,2,1
335,680,336,2,1
335,688,336,2,1
336,656,337,2,1
336,659,337,2,1
336,668,337,2,1
336,690,337,2,1
337,671,362,3,0
338,643,363,3,0
338,653,363,3,0
338,684,363,3,0
338,691,363,3,0
338,693,313,0,3
338,711,363,3,0
339,688,364,3,0
339,700,364,3,0
339,713,314,0,3
340,633,315,0,3
340,637,315,0,3
340,649,315,0,3
340,658,365,3,0
340,661,365,3,0
340,688,365,3,0
340,696,365,3,0
340,707,365,3,0
340,709,315,0,3
340,717,315,0,3
340,718,315,0,3
340,724,315,0,3
341,640,316,0,3
341,644,316,0,3
341,688,366,3,0
341,689,366,3,0
341,703,366,3,0
341,707,366,3,0
341,710,366,3,0
341,717,316,0,3
342,688,367,3,0
342,692,341,1,2
342,707,367,3,0
342,717,317,0,3
343,655,318,0,3
343,666,318,0,3
343,672,342,1,2
343,688,368,3,0
343,721,318,0,3
344,664,345,2,1
344,666,319,0,3
344,672,345,2,1
344,688,343,1,2
344,692,343,1,2
344,706,345,2,1
344,707,343,1,2
344,712,345,2,1
344,717,343,1,2
345,636,346,2,1
345,666,320,0,3
345,685,346,2,1
345,688,344,1,2
345,692,346,2,1
345,702,346,2,1
345,707,344,1,2
345,717,344,1,2
346,627,347,2,1
346,651,347,2,1
346,657,347,2,1
346,660,347,2,1
346,666,321,0,3
346,674,347,2,1
346,679,347,2,1
346,682,347,2,1
346,688,345,1,2
346,697,347,2,1
346,698,347,2,1
346,707,345,1,2
346,708,347,2,1
346,717,345,1,2
346,722,347,2,1
347,629,346,1,2
347,666,322,0,3
347,688,346,1,2
347,717,348,2,1
348,625,349,2,1
348,626,349,2,1
348,635,349,2,1
348,641,349,2,1
348,650,349,2,1
348,677,349,2,1
348,678,349,2,1
348,686,349,2,1
348,688,347,1,2
348,695,349,2,1
348,704,349,2,1
349,628,325,2,3
349,642,325,2,3
349,675,325,2,3
349,719,325,2,3
350,630,325,0,2
350,662,325,0,2
350,670,325,0,2
350,671,351,1,1
350,699,375,2,0
351,639,326,0,3
351,681,326,0,3
352,688,353,2,1
352,717,353,2,1
353,634,328,0,3
353,688,354,2,1
353,707,354,2,1
353,717,354,2,1
354,688,355,2,1
354,692,355,2,1
354,707,355,2,1
354,717,355,2,1
355,655,330,0,3
355,672,356,2,1
355,688,356,2,1
355,692,356,2,1
355,707,356,2,1
355,717,356,2,1
355,721,330,0,3
356,688,381,3,0
356,692,381,3,0
356,707,357,2,1
357,688,382,3,0
357,692,382,3,0
357,707,358,2,1
357,717,332,0,3
358,688,383,3,0
358,707,359,2,1
358,717,333,0,3
359,629,360,2,1
359,632,360,2,1
359,654,360,2,1
359,665,360,2,1
359,687,360,2,1
359,688,384,3,0
359,707,707,86,0
359,717,334,0,3
360,647,361,2,1
360,680,361,2,1
360,688,361,2,1
361,656,362,2,1
361,659,362,2,1
361,668,362,2,1
361,690,362,2,1
362,671,387,3,0
363,643,388,3,0
363,653,388,3,0
363,684,388,3,0
363,691,388,3,0
363,693,338,0,3
363,711,388,3,0
364,688,389,3,0
364,700,389,3,0
364,713,339,0,3
365,633,340,0,3
365,637,340,0,3
365,649,340,0,3
365,661,390,3,0
365,688,390,3,0
365,696,390,3,0
365,709,340,0,3
365,717,340,0,3
365,718,340,0,3
365,724,340,0,3
366,640,391,3,0
366,644,341,0,3
366,688,391,3,0
366,689,391,3,0
366,703,391,3,0
366,707,365,1,2
366,710,391,3,0
366,717,341,0,3
367,688,392,3,0
367,692,366,1,2
367,707,366,1,2
367,717,342,0,3
368,655,343,0,3
368,672,367,1,2
368,688,393,3,0
368,692,393,3,0
368,707,367,1,2
368,721,343,0,3
369,664,370,2,1
369,672,370,2,1
369,688,368,1,2
369,692,368,1,2
369,706,370,2,1
369,707,368,1,2
369,712,370,2,1
369,717,368,1,2
370,636,371,2,1
370,688,369,1,2
370,692,371,2,1
370,702,371,2,1
370,707,369,1,2
370,717,369,1,2
371,627,372,2,1
371,651,372,2,1
371,652,372,2,1
371,657,372,2,1
371,660,372,2,1
371,674,372,2,1
371,679,372,2,1
371,682,372,2,1
371,688,370,1,2
371,698,372,2,1
371,707,370,1,2
371,708,372,2,1
371,717,370,1,2
371,722,372,2,1
372,629,371,1,2
372,688,371,1,2
372,717,373,2,1
373,625,374,2,1
373,635,374,2,1
373,641,374,2,1
373,650,374,2,1
373,666,374,2,1
373,669,374,2,1
373,677,374,2,1
373,678,374,2,1
373,686,374,2,1
373,688,372,1,2
373,695,374,2,1
373,704,374,2,1
374,628,350,2,3
374,642,350,2,3
374,645,350,2,3
374,675,350,2,3
374,719,350,2,3
375,630,350,0,2
375,662,350,0,2
375,670,350,0,2
375,671,376,1,1
375,699,400,2,0
376,639,351,0,3
376,681,351,0,3
377,688,378,2,1
377,717,378,2,1
378,634,353,0,3
378,688,379,2,1
378,707,379,2,1
378,717,379,2,1
379,688,380,2,1
379,692,380,2,1
379,707,380,2,1
379,717,380,2,1
380,655,355,0,3
380,672,381,2,1
380,688,381,2,1
380,692,381,2,1
380,707,381,2,1
380,717,381,2,1
380,721,355,0,3
381,655,356,0,3
381,688,406,3,0
381,692,406,3,0
381,707,356,0,3
381,717,406,3,0
382,688,407,3,0
382,692,407,3,0
382,707,357,0,3
382,717,407,3,0
383,688,408,3,0
383,707,358,0,3
383,717,408,3,0
384,629,385,2,1
384,632,385,2,1
384,654,385,2,1
384,665,385,2,1
384,688,409,3,0
384,707,359,0,3
384,717,409,3,0
385,647,386,2,1
385,688,386,2,1
386,659,387,2,1
386,668,387,2,1
387,671,412,3,0
388,643,413,3,0
388,653,413,3,0
388,691,413,3,0
388,693,413,3,0
388,711,413,3,0
389,688,414,3,0
389,700,414,3,0
389,713,414,3,0
390,633,365,0,3
390,637,365,0,3
390,649,365,0,3
390,658,365,0,3
390,661,415,3,0
390,688,415,3,0
390,696,415,3,0
390,707,365,0,3
390,709,365,0,3
390,717,415,3,0
390,718,365,0,3
390,724,365,0,3
391,640,416,3,0
391,644,366,0,3
391,688,416,3,0
391,689,416,3,0
391,703,416,3,0
391,707,366,0,3
391,710,416,3,0
391,717,416,3,0
392,688,417,3,0
392,692,391,1,2
392,707,367,0,3
392,717,417,3,0
393,655,368,0,3
393,672,392,1,2
393,688,418,3,0
393,692,418,3,0
393,707,368,0,3
393,717,418,3,0
393,721,368,0,3
394,664,395,2,1
394,672,395,2,1
394,688,393,1,2
394,692,393,1,2
394,706,395,2,1
394,707,393,1,2
394,712,395,2,1
394,717,393,1,2
395,636,396,2,1
395,685,396,2,1
395,688,394,1,2
395,692,396,2,1
395,702,396,2,1
395,707,394,1,2
395,717,394,1,2
396,627,397,2,1
396,651,397,2,1
396,652,397,2,1
396,657,397,2,1
396,660,397,2,1
396,674,397,2,1
396,679,397,2,1
396,682,397,2,1
396,688,395,1,2
396,697,397,2,1
396,707,395,1,2
396,708,397,2,1
396,717,395,1,2
396,722,397,2,1
397,629,396,1,2
397,688,396,1,2
397,717,398,2,1
398,625,399,2,1
398,626,399,2,1
398,635,399,2,1
398,641,399,2,1
398,650,399,2,1
398,666,399,2,1
398,669,399,2,1
398,678,399,2,1
398,686,399,2,1
398,688,397,1,2
398,695,399,2,1
399,642,375,2,3
399,645,375,2,3
399,719,375,2,3
400,630,375,0,2
400,662,375,0,2
400,670,375,0,2
400,671,401,1,1
401,639,376,0,3
401,681,376,0,3
402,688,403,2,1
402,717,403,2,1
403,634,378,0,3
403,688,404,2,1
403,707,404,2,1
403,717,404,2,1
404,688,405,2,1
404,692,405,2,1
404,707,405,2,1
404,717,405,2,1
405,655,380,0,3
405,672,406,2,1
405,688,406,2,1
405,692,406,2,1
405,707,406,2,1
405,717,406,2,1
405,721,380,0,3
406,655,381,0,3
406,688,407,2,1
406,692,431,3,0
406,707,381,0,3
406,717,431,3,0
407,688,408,2,1
407,692,432,3,0
407,707,382,0,3
407,717,432,3,0
408,688,409,2,1
408,707,383,0,3
408,717,433,3,0
409,629,410,2,1
409,632,410,2,1
409,654,410,2,1
409,665,410,2,1
409,687,410,2,1
409,688,410,2,1
409,707,384,0,3
409,717,434,3,0
410,647,411,2,1
410,680,411,2,1
410,688,411,2,1
411,656,412,2,1
411,659,412,2,1
411,668,412,2,1
411,690,412,2,1
412,671,437,3,0
413,643,438,3,0
413,653,438,3,0
413,684,388,0,3
413,691,438,3,0
413,693,438,3,0
414,688,688,67,0
414,713,439,3,0
415,633,390,0,3
415,637,390,0,3
415,649,390,0,3
415,658,390,0,3
415,661,440,3,0
415,688,414,1,2
415,707,390,0,3
415,709,390,0,3
415,717,440,3,0
415,718,440,3,0
415,724,390,0,3
416,640,441,3,0
416,644,391,0,3
416,688,415,1,2
416,689,441,3,0
416,703,441,3,0
416,707,391,0,3
416,717,441,3,0
417,688,416,1,2
417,692,416,1,2
417,707,392,0,3
417,717,442,3,0
418,655,393,0,3
418,672,417,1,2
418,688,417,1,2
418,692,443,3,0
418,707,393,0,3
418,717,443,3,0
418,721,393,0,3
419,664,420,2,1
419,672,420,2,1
419,688,418,1,2
419,692,418,1,2
419,706,420,2,1
419,707,418,1,2
419,712,420,2,1
419,717,418,1,2
420,636,421,2,1
420,685,421,2,1
420,688,419,1,2
420,692,421,2,1
420,702,421,2,1
420,707,419,1,2
420,717,419,1,2
421,627,422,2,1
421,651,422,2,1
421,652,422,2,1
421,657,422,2,1
421,660,422,2,1
421,674,422,2,1
421,679,422,2,1
421,682,422,2,1
421,688,420,1,2
421,697,422,2,1
421,698,422,2,1
421,707,420,1,2
421,708,422,2,1
421,717,420,1,2
421,722,422,2,1
422,629,421,1,2
422,688,421,1,2
422,717,423,2,1
423,625,424,2,1
423,626,424,2,1
423,635,424,2,1
423,641,424,2,1
423,650,424,2,1
423,666,424,2,1
423,669,424,2,1
423,677,424,2,1
423,686,424,2,1
423,688,422,1,2
423,695,424,2,1
423,704,424,2,1
424,628,400,2,3
424,642,400,2,3
424,645,400,2,3
424,675,400,2,3
424,719,400,2,3
425,630,400,0,2
425,662,400,0,2
425,670,400,0,2
425,671,426,1,1
425,699,400,0,2
426,639,401,0,3
426,681,401,0,3
427,688,428,2,1
427,717,428,2,1
428,634,403,0,3
428,688,429,2,1
428,707,429,2,1
428,717,429,2,1
429,688,430,2,1
429,692,430,2,1
429,707,430,2,1
429,717,430,2,1
430,655,455,3,0
430,672,431,2,1
430,688,431,2,1
430,692,431,2,1
430,707,431,2,1
430,717,431,2,1
430,721,405,0,3
431,692,456,3,0
431,707,406,0,3
431,717,456,3,0
431,721,406,0,3
432,688,407,0,3
432,692,457,3,0
432,707,407,0,3
432,717,457,3,0
433,688,408,0,3
433,707,408,0,3
433,717,458,3,0
434,629,435,2,1
434,632,435,2,1
434,654,435,2,1
434,665,435,2,1
434,687,435,2,1
434,688,409,0,3
434,707,409,0,3
434,717,459,3,0
435,647,436,2,1
435,680,436,2,1
435,688,436,2,1
436,656,437,2,1
436,659,437,2,1
436,668,437,2,1
436,690,437,2,1
437,671,462,3,0
438,643,463,3,0
438,653,463,3,0
438,684,413,0,3
438,691,463,3,0
438,693,463,3,0
438,711,413,0,3
439,688,414,0,3
439,700,414,0,3
439,713,464,3,0
440,633,415,0,3
440,637,415,0,3
440,649,415,0,3
440,658,415,0,3
440,661,465,3,0
440,688,415,0,3
440,696,415,0,3
440,707,415,0,3
440,709,415,0,3
440,717,465,3,0
440,718,465,3,0
440,724,415,0,3
441,640,466,3,0
441,644,416,0,3
441,688,416,0,3
441,689,466,3,0
441,703,466,3,0
441,707,416,0,3
441,710,416,0,3
441,717,466,3,0
442,688,417,0,3
442,692,441,1,2
442,707,417,0,3
442,717,467,3,0
443,655,468,3,0
443,672,442,1,2
443,692,468,3,0
443,707,418,0,3
443,717,468,3,0
443,721,418,0,3
444,664,445,2,1
444,672,445,2,1
444,688,443,1,2
444,692,443,1,2
444,706,445,2,1
444,707,443,1,2
444,712,445,2,1
444,717,443,1,2
445,636,446,2,1
445,685,446,2,1
445,688,444,1,2
445,692,446,2,1
445,702,446,2,1
445,707,444,1,2
445,717,444,1,2
446,627,447,2,1
446,651,447,2,1
446,652,447,2,1
446,657,447,2,1
446,660,447,2,1
446,674,447,2,1
446,679,447,2,1
446,682,447,2,1
446,688,445,1,2
446,697,447,2,1
446,698,447,2,1
446,707,445,1,2
446,708,447,2,1
446,717,445,1,2
446,722,447,2,1
447,629,446,1,2
447,688,446,1,2
447,717,448,2,1
448,625,449,2,1
448,626,449,2,1
448,635,449,2,1
448,641,449,2,1
448,650,449,2,1
448,666,449,2,1
448,669,449,2,1
448,677,449,2,1
448,678,449,2,1
448,686,449,2,1
448,688,447,1,2
448,695,449,2,1
448,704,449,2,1
449,628,425,2,3
449,642,425,2,3
449,645,425,2,3
449,675,425,2,3
449,719,425,2,3
450,630,425,0,2
450,662,475,2,0
450,670,425,0,2
450,671,451,1,1
450,699,425,0,2
451,639,426,0,3
451,681,426,0,3
452,688,453,2,1
452,717,453,2,1
453,629,428,0,3
453,634,428,0,3
453,688,454,2,1
453,707,454,2,1
453,717,454,2,1
454,629,429,0,3
454,688,455,2,1
454,692,455,2,1
454,707,455,2,1
454,717,455,2,1
455,629,430,0,3
455,655,480,3,0
455,672,456,2,1
455,688,456,2,1
455,692,456,2,1
455,707,456,2,1
455,717,456,2,1
455,721,430,0,3
456,629,431,0,3
456,688,431,0,3
456,692,481,3,0
456,707,431,0,3
456,717,481,3,0
456,721,431,0,3
457,688,432,0,3
457,692,482,3,0
457,707,432,0,3
457,717,482,3,0
458,688,433,0,3
458,707,433,0,3
458,717,483,3,0
459,629,460,2,1
459,632,460,2,1
459,654,460,2,1
459,665,460,2,1
459,687,460,2,1
459,688,434,0,3
459,707,434,0,3
459,717,484,3,0
460,647,461,2,1
460,680,461,2,1
460,688,461,2,1
461,656,462,2,1
461,659,462,2,1
461,690,462,2,1
462,671,487,3,0
463,643,488,3,0
463,653,488,3,0
463,684,438,0,3
463,691,488,3,0
463,693,488,3,0
463,711,438,0,3
464,688,439,0,3
464,700,439,0,3
464,713,489,3,0
465,633,440,0,3
465,637,440,0,3
465,649,490,3,0
465,658,440,0,3
465,661,490,3,0
465,688,440,0,3
465,696,440,0,3
465,707,440,0,3
465,709,490,3,0
465,717,490,3,0
465,718,490,3,0
465,724,440,0,3
466,640,491,3,0
466,644,441,0,3
466,688,441,0,3
466,689,491,3,0
466,703,491,3,0
466,707,441,0,3
466,710,441,0,3
466,717,491,3,0
467,688,442,0,3
467,692,466,1,2
467,707,442,0,3
467,717,492,3,0
468,629,443,0,3
468,655,493,3,0
468,672,467,1,2
468,688,443,0,3
468,692,493,3,0
468,707,443,0,3
468,717,493,3,0
468,721,443,0,3
469,629,444,0,3
469,664,470,2,1
469,672,470,2,1
469,688,468,1,2
469,692,468,1,2
469,706,470,2,1
469,707,468,1,2
469,712,470,2,1
469,717,468,1,2
470,629,445,0,3
470,636,471,2,1
470,685,471,2,1
470,688,469,1,2
470,692,471,2,1
470,702,471,2,1
470,707,469,1,2
470,717,469,1,2
471,627,472,2,1
471,629,446,0,3
471,651,472,2,1
471,652,472,2,1
471,657,472,2,1
471,660,472,2,1
471,674,472,2,1
471,679,472,2,1
471,682,472,2,1
471,688,470,1,2
471,697,472,2,1
471,698,472,2,1
471,707,470,1,2
471,708,472,2,1
471,717,470,1,2
471,722,472,2,1
472,629,471,1,2
472,688,471,1,2
472,717,473,2,1
473,625,474,2,1
473,626,474,2,1
473,635,474,2,1
473,641,474,2,1
473,650,474,2,1
473,666,474,2,1
473,669,474,2,1
473,677,474,2,1
473,678,474,2,1
473,686,474,2,1
473,688,472,1,2
473,695,474,2,1
473,704,474,2,1
474,628,450,2,3
474,642,450,2,3
474,645,450,2,3
474,675,450,2,3
474,719,450,2,3
475,630,450,0,2
475,662,500,2,0
475,670,450,0,2
475,671,476,1,1
475,699,450,0,2
476,639,501,3,0
476,681,451,0,3
477,688,478,2,1
477,717,478,2,1
478,634,453,0,3
478,688,479,2,1
478,707,479,2,1
478,717,479,2,1
479,688,480,2,1
479,692,480,2,1
479,707,480,2,1
479,717,480,2,1
480,655,505,3,0
480,672,481,2,1
480,688,481,2,1
480,692,481,2,1
480,707,481,2,1
480,712,505,3,0
480,717,481,2,1
480,721,505,3,0
481,688,456,0,3
481,707,456,0,3
481,712,506,3,0
481,717,506,3,0
482,688,457,0,3
482,692,507,3,0
482,707,457,0,3
482,717,507,3,0
483,688,458,0,3
483,707,458,0,3
483,717,508,3,0
484,629,485,2,1
484,632,485,2,1
484,654,485,2,1
484,665,485,2,1
484,687,485,2,1
484,688,459,0,3
484,707,459,0,3
484,717,509,3,0
485,647,486,2,1
485,680,486,2,1
485,688,486,2,1
486,656,487,2,1
486,659,487,2,1
486,668,487,2,1
486,690,487,2,1
487,671,512,3,0
488,643,513,3,0
488,653,513,3,0
488,684,463,0,3
488,691,513,3,0
488,693,513,3,0
488,711,463,0,3
489,688,464,0,3
489,700,464,0,3
489,713,514,3,0
490,633,515,3,0
490,637,465,0,3
490,649,515,3,0
490,658,465,0,3
490,661,515,3,0
490,688,465,0,3
490,696,465,0,3
490,707,465,0,3
490,709,515,3,0
490,717,515,3,0
490,718,515,3,0
490,724,515,3,0
491,640,516,3,0
491,644,466,0,3
491,688,466,0,3
491,689,516,3,0
491,703,516,3,0
491,707,466,0,3
491,710,466,0,3
491,717,516,3,0
492,688,467,0,3
492,692,491,1,2
492,707,467,0,3
492,717,517,3,0
493,655,518,3,0
493,672,492,1,2
493,688,468,0,3
493,707,468,0,3
493,712,518,3,0
493,717,518,3,0
493,721,518,3,0
494,664,495,2,1
494,672,495,2,1
494,688,493,1,2
494,692,493,1,2
494,706,495,2,1
494,707,493,1,2
494,712,495,2,1
494,717,493,1,2
495,636,496,2,1
495,685,496,2,1
495,688,494,1,2
495,692,496,2,1
495,702,496,2,1
495,707,494,1,2
495,717,494,1,2
496,627,497,2,1
496,651,497,2,1
496,652,497,2,1
496,657,497,2,1
496,660,497,2,1
496,674,497,2,1
496,679,497,2,1
496,682,497,2,1
496,688,495,1,2
496,697,497,2,1
496,698,497,2,1
496,707,495,1,2
496,708,497,2,1
496,717,495,1,2
496,722,497,2,1
497,629,496,1,2
497,688,496,1,2
497,717,498,2,1
498,625,499,2,1
498,626,499,2,1
498,635,499,2,1
498,641,499,2,1
498,650,499,2,1
498,666,499,2,1
498,669,499,2,1
498,677,499,2,1
498,678,499,2,1
498,686,499,2,1
498,688,497,1,2
498,695,499,2,1
498,704,499,2,1
499,628,475,2,3
499,642,475,2,3
499,645,475,2,3
499,675,475,2,3
499,719,475,2,3
500,630,475,0,2
500,662,525,2,0
500,670,475,0,2
500,671,501,1,1
500,699,475,0,2
501,639,526,3,0
501,681,476,0,3
502,688,503,2,1
502,717,503,2,1
503,634,478,0,3
503,688,504,2,1
503,707,504,2,1
503,714,502,1,2
503,717,504,2,1
504,688,505,2,1
504,692,505,2,1
504,707,505,2,1
504,714,503,1,2
504,717,505,2,1
505,655,530,3,0
505,672,506,2,1
505,688,506,2,1
505,692,506,2,1
505,707,506,2,1
505,714,504,1,2
505,717,506,2,1
505,721,530,3,0
506,672,531,3,0
506,688,481,0,3
506,707,481,0,3
506,714,505,1,2
506,716,531,3,0
506,717,531,3,0
507,688,482,0,3
507,692,532,3,0
507,707,482,0,3
507,717,532,3,0
508,688,483,0,3
508,707,483,0,3
508,717,533,3,0
509,629,510,2,1
509,632,510,2,1
509,654,510,2,1
509,665,510,2,1
509,687,510,2,1
509,688,484,0,3
509,707,484,0,3
509,717,534,3,0
510,647,511,2,1
510,680,511,2,1
510,688,511,2,1
511,656,512,2,1
511,659,512,2,1
511,668,512,2,1
511,690,512,2,1
512,671,537,3,0
513,643,538,3,0
513,684,488,0,3
513,691,538,3,0
513,693,538,3,0
513,711,488,0,3
514,688,489,0,3
514,700,489,0,3
514,713,539,3,0
515,633,540,3,0
515,637,540,3,0
515,649,540,3,0
515,658,490,0,3
515,661,540,3,0
515,688,490,0,3
515,696,490,0,3
515,707,490,0,3
515,709,540,3,0
515,717,540,3,0
515,718,540,3,0
515,724,540,3,0
516,640,541,3,0
516,644,491,0,3
516,688,491,0,3
516,689,541,3,0
516,703,541,3,0
516,707,491,0,3
516,710,491,0,3
516,717,541,3,0
517,688,492,0,3
517,692,516,1,2
517,707,492,0,3
517,717,542,3,0
518,655,543,3,0
518,672,517,1,2
518,688,493,0,3
518,707,493,0,3
518,714,519,2,1
518,717,543,3,0
518,721,543,3,0
519,664,520,2,1
519,672,520,2,1
519,688,518,1,2
519,692,518,1,2
519,706,520,2,1
519,707,518,1,2
519,712,520,2,1
519,714,520,2,1
519,717,518,1,2
520,636,521,2,1
520,685,521,2,1
520,688,519,1,2
520,692,521,2,1
520,702,521,2,1
520,707,519,1,2
520,714,521,2,1
520,717,519,1,2
521,627,522,2,1
521,651,522,2,1
521,652,522,2,1
521,657,522,2,1
521,660,522,2,1
521,674,522,2,1
521,679,522,2,1
521,682,522,2,1
521,688,520,1,2
521,697,522,2,1
521,698,522,2,1
521,707,520,1,2
521,708,522,2,1
521,714,522,2,1
521,717,520,1,2
521,722,522,2,1
522,629,521,1,2
522,688,521,1,2
522,714,714,93,0
522,717,523,2,1
523,625,524,2,1
523,626,524,2,1
523,635,524,2,1
523,641,524,2,1
523,650,524,2,1
523,666,524,2,1
523,669,524,2,1
523,677,524,2,1
523,678,524,2,1
523,686,524,2,1
523,688,522,1,2
523,695,524,2,1
523,704,524,2,1
524,628,500,2,3
524,642,500,2,3
524,645,500,2,3
524,675,500,2,3
524,719,500,2,3
525,630,500,0,2
525,662,550,2,0
525,670,500,0,2
525,671,526,1,1
525,699,500,0,2
526,639,551,3,0
526,681,501,0,3
527,688,528,2,1
527,717,528,2,1
528,634,503,0,3
528,688,529,2,1
528,707,529,2,1
528,714,503,0,3
528,717,529,2,1
529,688,530,2,1
529,692,530,2,1
529,707,530,2,1
529,714,504,0,3
529,717,530,2,1
530,655,555,3,0
530,672,531,2,1
530,688,531,2,1
530,692,531,2,1
530,707,531,2,1
530,714,505,0,3
530,717,531,2,1
530,721,555,3,0
531,644,506,0,3
531,688,506,0,3
531,707,506,0,3
531,714,506,0,3
531,717,556,3,0
532,644,507,0,3
532,688,507,0,3
532,692,557,3,0
532,707,507,0,3
532,717,557,3,0
533,644,508,0,3
533,688,508,0,3
533,707,508,0,3
533,717,558,3,0
534,629,535,2,1
534,632,535,2,1
534,654,535,2,1
534,665,535,2,1
534,687,535,2,1
534,688,509,0,3
534,707,509,0,3
534,717,559,3,0
535,680,536,2,1
535,688,536,2,1
536,656,537,2,1
536,659,537,2,1
536,668,537,2,1
536,690,537,2,1
537,671,562,3,0
538,653,513,0,3
538,684,513,0,3
538,691,563,3,0
538,693,563,3,0
538,711,513,0,3
539,688,514,0,3
539,700,514,0,3
539,713,564,3,0
540,633,565,3,0
540,637,565,3,0
540,649,565,3,0
540,658,515,0,3
540,661,565,3,0
540,688,515,0,3
540,696,515,0,3
540,707,515,0,3
540,709,565,3,0
540,717,565,3,0
540,718,565,3,0
540,724,565,3,0
541,640,566,3,0
541,644,516,0,3
541,688,516,0,3
541,689,566,3,0
541,703,566,3,0
541,707,516,0,3
541,710,516,0,3
541,717,566,3,0
542,644,517,0,3
542,688,517,0,3
542,692,541,1,2
542,707,517,0,3
542,717,567,3,0
543,644,518,0,3
543,655,568,3,0
543,672,542,1,2
543,688,518,0,3
543,707,518,0,3
543,714,518,0,3
543,717,568,3,0
543,721,568,3,0
544,664,545,2,1
544,672,545,2,1
544,688,543,1,2
544,692,543,1,2
544,706,545,2,1
544,707,543,1,2
544,712,545,2,1
544,714,519,0,3
544,717,543,1,2
545,636,546,2,1
545,685,546,2,1
545,688,544,1,2
545,692,546,2,1
545,702,546,2,1
545,707,544,1,2
545,714,520,0,3
545,717,544,1,2
546,627,547,2,1
546,651,547,2,1
546,652,547,2,1
546,657,547,2,1
546,660,547,2,1
546,674,547,2,1
546,679,547,2,1
546,682,547,2,1
546,688,545,1,2
546,697,547,2,1
546,698,547,2,1
546,707,545,1,2
546,708,547,2,1
546,714,521,0,3
546,717,545,1,2
546,722,547,2,1
547,629,546,1,2
547,688,546,1,2
547,714,522,0,3
547,717,548,2,1
548,625,549,2,1
548,626,549,2,1
548,635,549,2,1
548,641,549,2,1
548,650,549,2,1
548,666,549,2,1
548,669,549,2,1
548,677,549,2,1
548,678,549,2,1
548,688,547,1,2
548,695,549,2,1
548,704,549,2,1
549,628,525,2,3
549,642,525,2,3
549,645,525,2,3
549,675,525,2,3
549,719,525,2,3
550,630,575,2,0
550,662,575,2,0
550,670,525,0,2
550,671,551,1,1
550,699,525,0,2
551,639,576,3,0
551,681,526,0,3
552,688,553,2,1
552,717,553,2,1
553,634,528,0,3
553,688,554,2,1
553,707,554,2,1
553,717,554,2,1
554,688,555,2,1
554,692,555,2,1
554,707,555,2,1
554,717,555,2,1
555,655,580,3,0
555,672,556,2,1
555,688,556,2,1
555,692,556,2,1
555,707,556,2,1
555,717,556,2,1
555,721,580,3,0
556,688,531,0,3
556,707,531,0,3
556,717,581,3,0
557,688,532,0,3
557,692,582,3,0
557,707,532,0,3
557,717,582,3,0
558,688,533,0,3
558,707,533,0,3
558,717,583,3,0
559,629,560,2,1
559,632,560,2,1
559,654,560,2,1
559,665,560,2,1
559,687,560,2,1
559,688,534,0,3
559,707,534,0,3
559,717,584,3,0
560,647,561,2,1
560,680,561,2,1
560,688,561,2,1
561,656,562,2,1
561,659,562,2,1
561,668,562,2,1
561,690,562,2,1
562,671,671,50,0
563,643,538,0,3
563,653,538,0,3
563,671,562,1,2
563,684,538,0,3
563,693,588,3,0
563,711,538,0,3
564,688,539,0,3
564,700,539,0,3
564,713,589,3,0
565,633,590,3,0
565,637,590,3,0
565,649,590,3,0
565,658,540,0,3
565,661,590,3,0
565,688,540,0,3
565,696,540,0,3
565,707,540,0,3
565,709,590,3,0
565,717,590,3,0
565,718,590,3,0
565,724,590,3,0
566,640,591,3,0
566,644,591,3,0
566,688,541,0,3
566,689,591,3,0
566,703,591,3,0
566,707,541,0,3
566,710,541,0,3
566,717,591,3,0
567,688,542,0,3
567,692,566,1,2
567,707,542,0,3
567,717,592,3,0
568,655,593,3,0
568,672,567,1,2
568,688,543,0,3
568,707,543,0,3
568,717,593,3,0
568,721,593,3,0
569,664,570,2,1
569,672,570,2,1
569,688,568,1,2
569,692,568,1,2
569,706,570,2,1
569,707,568,1,2
569,712,570,2,1
569,717,568,1,2
570,636,571,2,1
570,685,571,2,1
570,688,569,1,2
570,692,571,2,1
570,702,571,2,1
570,707,569,1,2
570,717,569,1,2
571,627,572,2,1
571,651,572,2,1
571,652,572,2,1
571,657,572,2,1
571,660,572,2,1
571,674,572,2,1
571,679,572,2,1
571,682,572,2,1
571,688,570,1,2
571,697,572,2,1
571,698,572,2,1
571,707,570,1,2
571,708,572,2,1
571,717,570,1,2
571,722,572,2,1
572,629,571,1,2
572,688,571,1,2
572,717,573,2,1
573,625,574,2,1
573,626,574,2,1
573,635,574,2,1
573,641,574,2,1
573,650,574,2,1
573,666,574,2,1
573,669,574,2,1
573,677,574,2,1
573,678,574,2,1
573,686,574,2,1
573,688,572,1,2
573,695,574,2,1
573,704,574,2,1
574,628,550,2,3
574,642,550,2,3
574,645,550,2,3
574,675,550,2,3
574,719,550,2,3
575,630,600,2,0
575,662,600,2,0
575,670,550,0,2
575,671,576,1,1
575,699,550,0,2
576,639,601,3,0
576,681,551,0,3
577,688,578,2,1
577,717,578,2,1
578,634,553,0,3
578,688,579,2,1
578,707,579,2,1
578,717,579,2,1
579,688,580,2,1
579,692,580,2,1
579,707,580,2,1
579,717,580,2,1
580,655,605,3,0
580,672,581,2,1
580,688,581,2,1
580,692,581,2,1
580,707,581,2,1
580,717,581,2,1
580,721,605,3,0
581,688,556,0,3
581,707,556,0,3
582,688,557,0,3
582,692,607,3,0
582,707,557,0,3
582,717,607,3,0
583,688,558,0,3
583,707,558,0,3
583,717,608,3,0
584,629,585,2,1
584,632,585,2,1
584,654,585,2,1
584,665,585,2,1
584,687,585,2,1
584,688,559,0,3
584,707,559,0,3
584,717,609,3,0
585,647,586,2,1
585,680,586,2,1
585,688,586,2,1
586,656,587,2,1
586,659,587,2,1
586,668,587,2,1
586,690,587,2,1
587,671,562,0,3
588,643,563,0,3
588,653,563,0,3
588,684,563,0,3
588,691,563,0,3
588,693,613,3,0
588,711,563,0,3
589,688,564,0,3
589,700,564,0,3
589,713,614,3,0
590,633,615,3,0
590,637,615,3,0
590,649,615,3,0
590,658,565,0,3
590,661,615,3,0
590,688,565,0,3
590,696,565,0,3
590,707,565,0,3
590,709,615,3,0
590,717,615,3,0
590,718,615,3,0
590,724,615,3,0
591,640,616,3,0
591,644,616,3,0
591,688,566,0,3
591,689,616,3,0
591,703,616,3,0
591,707,566,0,3
591,710,566,0,3
591,717,616,3,0
592,688,567,0,3
592,692,591,1,2
592,707,567,0,3
592,717,617,3,0
593,655,618,3,0
593,672,592,1,2
593,688,568,0,3
593,707,568,0,3
593,721,618,3,0
594,664,595,2,1
594,672,595,2,1
594,688,593,1,2
594,692,593,1,2
594,706,595,2,1
594,707,593,1,2
594,712,595,2,1
594,717,593,1,2
595,636,596,2,1
595,685,596,2,1
595,688,594,1,2
595,692,596,2,1
595,702,596,2,1
595,707,594,1,2
595,717,594,1,2
596,627,597,2,1
596,651,597,2,1
596,652,597,2,1
596,657,597,2,1
596,660,597,2,1
596,674,597,2,1
596,679,597,2,1
596,682,597,2,1
596,688,595,1,2
596,697,597,2,1
596,698,597,2,1
596,707,595,1,2
596,708,597,2,1
596,717,595,1,2
596,722,597,2,1
597,629,596,1,2
597,688,596,1,2
597,717,598,2,1
598,625,599,2,1
598,626,599,2,1
598,635,599,2,1
598,641,599,2,1
598,650,599,2,1
598,666,599,2,1
598,669,599,2,1
598,677,599,2,1
598,678,599,2,1
598,686,599,2,1
598,688,597,1,2
598,695,599,2,1
598,704,599,2,1
599,628,575,2,3
599,642,575,2,3
599,645,575,2,3
599,675,575,2,3
599,719,575,2,3
600,630,0,2,3
600,662,0,2,3
600,670,0,2,3
600,671,601,1,1
600,699,575,0,2
601,639,1,3,3
601,681,1,3,3
602,688,603,2,1
602,717,603,2,1
603,634,578,0,3
603,688,604,2,1
603,707,604,2,1
603,717,604,2,1
604,688,605,2,1
604,692,605,2,1
604,707,605,2,1
604,717,605,2,1
605,655,5,3,3
605,672,606,2,1
605,688,606,2,1
605,692,606,2,1
605,707,606,2,1
605,717,606,2,1
605,721,5,3,3
606,688,581,0,3
607,688,582,0,3
607,692,7,3,3
607,707,582,0,3
607,717,7,3,3
608,688,583,0,3
608,707,583,0,3
608,717,8,3,3
609,629,610,2,1
609,632,610,2,1
609,654,610,2,1
609,665,610,2,1
609,687,610,2,1
609,688,584,0,3
609,707,584,0,3
609,717,9,3,3
610,647,611,2,1
610,680,611,2,1
610,688,611,2,1
611,656,612,2,1
611,659,612,2,1
611,668,612,2,1
611,690,612,2,1
612,671,587,0,3
613,643,588,0,3
613,653,588,0,3
613,684,588,0,3
613,691,588,0,3
613,693,13,3,3
613,711,588,0,3
614,688,589,0,3
614,700,589,0,3
614,713,14,3,3
615,633,15,3,3
615,637,15,3,3
615,649,15,3,3
615,658,590,0,3
615,661,15,3,3
615,688,590,0,3
615,696,590,0,3
615,707,590,0,3
615,709,15,3,3
615,717,15,3,3
615,718,15,3,3
615,724,15,3,3
616,640,16,3,3
616,644,16,3,3
616,688,591,0,3
616,707,591,0,3
616,710,591,0,3
616,717,16,3,3
617,688,592,0,3
617,692,616,1,2
617,707,592,0,3
617,717,17,3,3
618,655,18,3,3
618,672,617,1,2
618,688,593,0,3
618,721,18,3,3
619,664,620,2,1
619,672,620,2,1
619,688,618,1,2
619,692,618,1,2
619,706,620,2,1
619,707,618,1,2
619,712,620,2,1
619,717,618,1,2
620,636,621,2,1
620,685,621,2,1
620,688,619,1,2
620,692,621,2,1
620,702,621,2,1
620,707,619,1,2
620,717,619,1,2
621,627,622,2,1
621,651,622,2,1
621,652,622,2,1
621,657,622,2,1
621,660,622,2,1
621,674,622,2,1
621,679,622,2,1
621,682,622,2,1
621,688,620,1,2
621,697,622,2,1
621,698,622,2,1
621,707,620,1,2
621,708,622,2,1
621,717,620,1,2
621,722,622,2,1
622,629,621,1,2
622,688,621,1,2
622,717,623,2,1
623,625,624,2,1
623,626,624,2,1
623,635,624,2,1
623,641,624,2,1
623,650,624,2,1
623,666,624,2,1
623,669,624,2,1
623,677,624,2,1
623,678,624,2,1
623,686,624,2,1
623,688,622,1,2
623,695,624,2,1
623,704,624,2,1
624,628,600,2,3
624,642,600,2,3
624,645,600,2,3
624,675,600,2,3
624,719,600,2,3
629,625,171,0,8
629,626,171,0,8
629,627,171,0,8
629,628,171,0,8
629,630,171,0,8
629,631,171,0,8
629,632,171,0,8
629,633,171,0,8
629,634,171,0,8
629,635,171,0,8
629,636,171,0,8
629,637,171,0,8
629,638,171,0,8
629,639,171,0,8
629,640,171,0,8
629,641,171,0,8
629,642,171,0,8
629,643,171,0,8
629,644,171,0,8
629,645,171,0,8
629,646,171,0,8
629,647,171,0,8
629,648,171,0,8
629,649,171,0,8
629,650,171,0,8
629,651,171,0,8
629,652,171,0,8
629,653,171,0,8
629,654,171,0,8
629,655,171,0,8
629,656,171,0,8
629,657,171,0,8
629,658,171,0,8
629,659,171,0,8
629,660,171,0,8
629,661,171,0,8
629,662,171,0,8
629,663,171,0,8
629,664,171,0,8
629,665,171,0,8
629,666,171,0,8
629,667,171,0,8
629,668,171,0,8
629,669,171,0,8
629,670,171,0,8
629,671,171,0,8
629,672,171,0,8
629,673,171,0,8
629,674,171,0,8
629,675,171,0,8
629,676,171,0,8
629,677,171,0,8
629,678,171,0,8
629,679,171,0,8
629,680,171,0,8
629,681,171,0,8
629,682,171,0,8
629,683,171,0,8
629,684,171,0,8
629,685,171,0,8
629,686,171,0,8
629,687,171,0,8
629,688,171,0,8
629,689,171,0,8
629,690,171,0,8
629,691,171,0,8
629,692,171,0,8
629,693,171,0,8
629,694,171,0,8
629,695,171,0,8
629,696,171,0,8
629,697,171,0,8
629,698,171,0,8
629,699,171,0,8
629,700,171,0,8
629,701,171,0,8
629,702,171,0,8
629,703,171,0,8
629,704,171,0,8
629,705,171,0,8
629,706,171,0,8
629,707,171,0,8
629,708,171,0,8
629,709,171,0,8
629,710,171,0,8
629,711,171,0,8
629,712,171,0,8
629,713,171,0,8
629,714,171,0,8
629,715,171,0,8
629,716,171,0,8
629,717,171,0,8
629,718,171,0,8
629,719,171,0,8
629,720,171,0,8
629,721,171,0,8
629,722,171,0,8
629,723,171,0,8
629,724,171,0,8
644,625,233,0,23
644,626,233,0,23
644,627,233,0,23
644,628,233,0,23
644,629,233,0,23
644,630,233,0,23
644,631,233,0,23
644,632,233,0,23
644,633,233,0,23
644,634,233,0,23
644,635,233,0,23
644,636,233,0,23
644,637,233,0,23
644,638,233,0,23
644,639,233,0,23
644,640,233,0,23
644,641,233,0,23
644,642,233,0,23
644,643,233,0,23
644,645,233,0,23
644,646,233,0,23
644,647,233,0,23
644,648,233,0,23
644,649,233,0,23
644,650,233,0,23
644,651,233,0,23
644,652,233,0,23
644,653,233,0,23
644,654,233,0,23
644,655,233,0,23
644,656,233,0,23
644,657,233,0,23
644,658,233,0,23
644,659,233,0,23
644,660,233,0,23
644,661,233,0,23
644,662,233,0,23
644,663,233,0,23
644,664,233,0,23
644,665,233,0,23
644,666,233,0,23
644,667,233,0,23
644,668,233,0,23
644,669,233,0,23
644,670,233,0,23
644,671,233,0,23
644,672,233,0,23
644,673,233,0,23
644,674,233,0,23
644,675,233,0,23
644,676,233,0,23
644,677,233,0,23
644,678,233,0,23
644,679,233,0,23
644,680,233,0,23
644,681,233,0,23
644,682,233,0,23
644,683,233,0,23
644,684,233,0,23
644,685,233,0,23
644,686,233,0,23
644,687,233,0,23
644,688,233,0,23
644,689,233,0,23
644,690,233,0,23
644,691,233,0,23
644,692,233,0,23
644,693,233,0,23
644,694,233,0,23
644,695,233,0,23
644,696,233,0,23
644,697,233,0,23
644,698,233,0,23
644,699,233,0,23
644,700,233,0,23
644,701,233,0,23
644,702,233,0,23
644,703,233,0,23
644,704,233,0,23
644,705,233,0,23
644,706,233,0,23
644,707,233,0,23
644,708,233,0,23
644,709,233,0,23
644,710,233,0,23
644,711,233,0,23
644,712,233,0,23
644,713,233,0,23
644,714,233,0,23
644,715,233,0,23
644,716,233,0,23
644,717,233,0,23
644,718,233,0,23
644,719,233,0,23
644,720,233,0,23
644,721,233,0,23
644,722,233,0,23
644,723,233,0,23
644,724,233,0,23
655,625,105,0,34
655,626,105,0,34
655,627,105,0,34
655,628,105,0,34
655,629,105,0,34
655,630,105,0,34
655,631,105,0,34
655,632,105,0,34
655,633,105,0,34
655,634,105,0,34
655,635,105,0,34
655,636,105,0,34
655,637,105,0,34
655,638,105,0,34
655,639,105,0,34
655,640,105,0,34
655,641,105,0,34
655,642,105,0,34
655,643,105,0,34
655,644,105,0,34
655,645,105,0,34
655,646,105,0,34
655,647,105,0,34
655,648,105,0,34
655,649,105,0,34
655,650,105,0,34
655,651,105,0,34
655,652,105,0,34
655,653,105,0,34
655,654,105,0,34
655,656,105,0,34
655,657,105,0,34
655,658,105,0,34
655,659,105,0,34
655,660,105,0,34
655,661,105,0,34
655,662,105,0,34
655,663,105,0,34
655,664,105,0,34
655,665,105,0,34
655,666,105,0,34
655,667,105,0,34
655,668,105,0,34
655,669,105,0,34
655,670,105,0,34
655,671,105,0,34
655,672,105,0,34
655,673,105,0,34
655,674,105,0,34
655,675,105,0,34
655,676,105,0,34
655,677,105,0,34
655,678,105,0,34
655,679,105,0,34
655,680,105,0,34
655,681,105,0,34
655,682,105,0,34
655,683,105,0,34
655,684,105,0,34
655,685,105,0,34
655,686,105,0,34
655,687,105,0,34
655,688,105,0,34
655,689,105,0,34
655,690,105,0,34
655,691,105,0,34
655,692,105,0,34
655,693,105,0,34
655,694,105,0,34
655,695,105,0,34
655,696,105,0,34
655,697,105,0,34
655,698,105,0,34
655,699,105,0,34
655,700,105,0,34
655,701,105,0,34
655,702,105,0,34
655,703,105,0,34
655,704,105,0,34
655,705,105,0,34
655,706,105,0,34
655,707,105,0,34
655,708,105,0,34
655,709,105,0,34
655,710,105,0,34
655,711,105,0,34
655,712,105,0,34
655,713,105,0,34
655,714,105,0,34
655,715,105,0,34
655,716,105,0,34
655,717,105,0,34
655,718,105,0,34
655,719,105,0,34
655,720,105,0,34
655,721,105,0,34
655,722,105,0,34
655,723,105,0,34
655,724,105,0,34
666,625,301,0,45
666,626,301,0,45
666,627,301,0,45
666,628,301,0,45
666,629,301,0,45
666,630,301,0,45
666,631,301,0,45
666,632,301,0,45
666,633,301,0,45
666,634,301,0,45
666,635,301,0,45
666,636,301,0,45
666,637,301,0,45
666,638,301,0,45
666,639,301,0,45
666,640,301,0,45
666,641,301,0,45
666,642,301,0,45
666,643,301,0,45
666,644,301,0,45
666,645,301,0,45
666,646,301,0,45
666,647,301,0,45
666,648,301,0,45
666,649,301,0,45
666,650,301,0,45
666,651,301,0,45
666,652,301,0,45
666,653,301,0,45
666,654,301,0,45
666,655,301,0,45
666,656,301,0,45
666,657,301,0,45
666,658,301,0,45
666,659,301,0,45
666,660,301,0,45
666,661,301,0,45
666,662,301,0,45
666,663,301,0,45
666,664,301,0,45
666,665,301,0,45
666,667,301,0,45
666,668,301,0,45
666,669,301,0,45
666,670,301,0,45
666,671,301,0,45
666,672,301,0,45
666,673,301,0,45
666,674,301,0,45
666,675,301,0,45
666,676,301,0,45
666,677,301,0,45
666,678,301,0,45
666,679,301,0,45
666,680,301,0,45
666,681,301,0,45
666,682,301,0,45
666,683,301,0,45
666,684,301,0,45
666,685,301,0,45
666,686,301,0,45
666,687,301,0,45
666,688,301,0,45
666,689,301,0,45
666,690,301,0,45
666,691,301,0,45
666,692,301,0,45
666,693,301,0,45
666,694,301,0,45
666,695,301,0,45
666,696,301,0,45
666,697,301,0,45
666,698,301,0,45
666,699,301,0,45
666,700,301,0,45
666,701,301,0,45
666,702,301,0,45
666,703,301,0,45
666,704,301,0,45
666,705,301,0,45
666,706,301,0,45
666,707,301,0,45
666,708,301,0,45
666,709,301,0,45
666,710,301,0,45
666,711,301,0,45
666,712,301,0,45
666,713,301,0,45
666,714,301,0,45
666,715,301,0,45
666,716,301,0,45
666,717,301,0,45
666,718,301,0,45
666,719,301,0,45
666,720,301,0,45
666,721,301,0,45
666,722,301,0,45
666,723,301,0,45
666,724,301,0,45
671,625,562,0,50
671,626,562,0,50
671,627,562,0,50
671,628,562,0,50
671,629,562,0,50
671,630,562,0,50
671,631,562,0,50
671,632,562,0,50
671,633,562,0,50
671,634,562,0,50
671,635,562,0,50
671,636,562,0,50
671,637,562,0,50
671,638,562,0,50
671,639,562,0,50
671,640,562,0,50
671,641,562,0,50
671,642,562,0,50
671,643,562,0,50
671,644,562,0,50
671,645,562,0,50
671,646,562,0,50
671,647,562,0,50
671,648,562,0,50
671,649,562,0,50
671,650,562,0,50
671,651,562,0,50
671,652,562,0,50
671,653,562,0,50
671,654,562,0,50
671,655,562,0,50
671,656,562,0,50
671,657,562,0,50
671,658,562,0,50
671,659,562,0,50
671,660,562,0,50
671,661,562,0,50
671,662,562,0,50
671,663,562,0,50
671,664,562,0,50
671,665,562,0,50
671,666,562,0,50
671,667,562,0,50
671,668,562,0,50
671,669,562,0,50
671,670,562,0,50
671,672,562,0,50
671,673,562,0,50
671,674,562,0,50
671,675,562,0,50
671,676,562,0,50
671,677,562,0,50
671,678,562,0,50
671,679,562,0,50
671,680,562,0,50
671,681,562,0,50
671,682,562,0,50
671,683,562,0,50
671,684,562,0,50
671,685,562,0,50
671,686,562,0,50
671,687,562,0,50
671,688,562,0,50
671,689,562,0,50
671,690,562,0,50
671,691,562,0,50
671,692,562,0,50
671,693,562,0,50
671,694,562,0,50
671,695,562,0,50
671,696,562,0,50
671,697,562,0,50
671,698,562,0,50
671,699,562,0,50
671,700,562,0,50
671,701,562,0,50
671,702,562,0,50
671,703,562,0,50
671,704,562,0,50
671,705,562,0,50
671,706,562,0,50
671,707,562,0,50
671,708,562,0,50
671,709,562,0,50
671,710,562,0,50
671,711,562,0,50
671,712,562,0,50
671,713,562,0,50
671,714,562,0,50
671,715,562,0,50
671,716,562,0,50
671,717,562,0,50
671,718,562,0,50
671,719,562,0,50
671,720,562,0,50
671,721,562,0,50
671,722,562,0,50
671,723,562,0,50
671,724,562,0,50
672,625,181,0,51
672,626,181,0,51
672,627,181,0,51
672,628,181,0,51
672,629,181,0,51
672,630,181,0,51
672,631,181,0,51
672,632,181,0,51
672,633,181,0,51
672,634,181,0,51
672,635,181,0,51
672,636,181,0,51
672,637,181,0,51
672,638,181,0,51
672,639,181,0,51
672,640,181,0,51
672,641,181,0,51
672,642,181,0,51
672,643,181,0,51
672,644,181,0,51
672,645,181,0,51
672,646,181,0,51
672,647,181,0,51
672,648,181,0,51
672,649,181,0,51
672,650,181,0,51
672,651,181,0,51
672,652,181,0,51
672,653,181,0,51
672,654,181,0,51
672,655,181,0,51
672,656,181,0,51
672,657,181,0,51
672,658,181,0,51
672,659,181,0,51
672,660,181,0,51
672,661,181,0,51
672,662,181,0,51
672,663,181,0,51
672,664,181,0,51
672,665,181,0,51
672,666,181,0,51
672,667,181,0,51
672,668,181,0,51
672,669,181,0,51
672,670,181,0,51
672,671,181,0,51
672,673,181,0,51
672,674,181,0,51
672,675,181,0,51
672,676,181,0,51
672,677,181,0,51
672,678,181,0,51
672,679,181,0,51
672,680,181,0,51
672,681,181,0,51
672,682,181,0,51
672,683,181,0,51
672,684,181,0,51
672,685,181,0,51
672,686,181,0,51
672,687,181,0,51
672,688,181,0,51
672,689,181,0,51
672,690,181,0,51
672,691,181,0,51
672,692,181,0,51
672,693,181,0,51
672,694,181,0,51
672,695,181,0,51
672,696,181,0,51
672,697,181,0,51
672,698,181,0,51
672,699,181,0,51
672,700,181,0,51
672,701,181,0,51
672,702,181,0,51
672,703,181,0,51
672,704,181,0,51
672,705,181,0,51
672,706,181,0,51
672,707,181,0,51
672,708,181,0,51
672,709,181,0,51
672,710,181,0,51
672,711,181,0,51
672,712,181,0,51
672,713,181,0,51
672,714,181,0,51
672,715,181,0,51
672,716,181,0,51
672,717,181,0,51
672,718,181,0,51
672,719,181,0,51
672,720,181,0,51
672,721,181,0,51
672,722,181,0,51
672,723,181,0,51
672,724,181,0,51
688,625,414,0,67
688,626,414,0,67
688,627,414,0,67
688,628,414,0,67
688,629,414,0,67
688,630,414,0,67
688,631,414,0,67
688,632,414,0,67
688,633,414,0,67
688,634,414,0,67
688,635,414,0,67
688,636,414,0,67
688,637,414,0,67
688,638,414,0,67
688,639,414,0,67
688,640,414,0,67
688,641,414,0,67
688,642,414,0,67
688,643,414,0,67
688,644,414,0,67
688,645,414,0,67
688,646,414,0,67
688,647,414,0,67
688,648,414,0,67
688,649,414,0,67
688,650,414,0,67
688,651,414,0,67
688,652,414,0,67
688,653,414,0,67
688,654,414,0,67
688,655,414,0,67
688,656,414,0,67
688,657,414,0,67
688,658,414,0,67
688,659,414,0,67
688,660,414,0,67
688,661,414,0,67
688,662,414,0,67
688,663,414,0,67
688,664,414,0,67
688,665,414,0,67
688,666,414,0,67
688,667,414,0,67
688,668,414,0,67
688,669,414,0,67
688,670,414,0,67
688,671,414,0,67
688,672,414,0,67
688,673,414,0,67
688,674,414,0,67
688,675,414,0,67
688,676,414,0,67
688,677,414,0,67
688,678,414,0,67
688,679,414,0,67
688,680,414,0,67
688,681,414,0,67
688,682,414,0,67
688,683,414,0,67
688,684,414,0,67
688,685,414,0,67
688,686,414,0,67
688,687,414,0,67
688,689,414,0,67
688,690,414,0,67
688,691,414,0,67
688,692,414,0,67
688,693,414,0,67
688,694,414,0,67
688,695,414,0,67
688,696,414,0,67
688,697,414,0,67
688,698,414,0,67
688,699,414,0,67
688,700,414,0,67
688,701,414,0,67
688,702,414,0,67
688,703,414,0,67
688,704,414,0,67
688,705,414,0,67
688,706,414,0,67
688,707,414,0,67
688,708,414,0,67
688,709,414,0,67
688,710,414,0,67
688,711,414,0,67
688,712,414,0,67
688,713,414,0,67
688,714,414,0,67
688,715,414,0,67
688,716,414,0,67
688,717,414,0,67
688,718,414,0,67
688,719,414,0,67
688,720,414,0,67
688,721,414,0,67
688,722,414,0,67
688,723,414,0,67
688,724,414,0,67
692,625,32,0,71
692,626,32,0,71
692,627,32,0,71
692,628,32,0,71
692,629,32,0,71
692,630,32,0,71
692,631,32,0,71
692,632,32,0,71
692,633,32,0,71
692,634,32,0,71
692,635,32,0,71
692,636,32,0,71
692,637,32,0,71
692,638,32,0,71
692,639,32,0,71
692,640,32,0,71
692,641,32,0,71
692,642,32,0,71
692,643,32,0,71
692,644,32,0,71
692,645,32,0,71
692,646,32,0,71
692,647,32,0,71
692,648,32,0,71
692,649,32,0,71
692,650,32,0,71
692,651,32,0,71
692,652,32,0,71
692,653,32,0,71
692,654,32,0,71
692,655,32,0,71
692,656,32,0,71
692,657,32,0,71
692,658,32,0,71
692,659,32,0,71
692,660,32,0,71
692,661,32,0,71
692,662,32,0,71
692,663,32,0,71
692,664,32,0,71
692,665,32,0,71
692,666,32,0,71
692,667,32,0,71
692,668,32,0,71
692,669,32,0,71
692,670,32,0,71
692,671,32,0,71
692,672,32,0,71
692,673,32,0,71
692,674,32,0,71
692,675,32,0,71
692,676,32,0,71
692,677,32,0,71
692,678,32,0,71
692,679,32,0,71
692,680,32,0,71
692,681,32,0,71
692,682,32,0,71
692,683,32,0,71
692,684,32,0,71
692,685,32,0,71
692,686,32,0,71
692,687,32,0,71
692,688,32,0,71
692,689,32,0,71
692,690,32,0,71
692,691,32,0,71
692,693,32,0,71
692,694,32,0,71
692,695,32,0,71
692,696,32,0,71
692,697,32,0,71
692,698,32,0,71
692,699,32,0,71
692,700,32,0,71
692,701,32,0,71
692,702,32,0,71
692,703,32,0,71
692,704,32,0,71
692,705,32,0,71
692,706,32,0,71
692,707,32,0,71
692,708,32,0,71
692,709,32,0,71
692,710,32,0,71
692,711,32,0,71
692,712,32,0,71
692,713,32,0,71
692,714,32,0,71
692,715,32,0,71
692,716,32,0,71
692,717,32,0,71
692,718,32,0,71
692,719,32,0,71
692,720,32,0,71
692,721,32,0,71
692,722,32,0,71
692,723,32,0,71
692,724,32,0,71
707,625,359,0,86
707,626,359,0,86
707,627,359,0,86
707,628,359,0,86
707,629,359,0,86
707,630,359,0,86
707,631,359,0,86
707,632,359,0,86
707,633,359,0,86
707,634,359,0,86
707,635,359,0,86
707,636,359,0,86
707,637,359,0,86
707,638,359,0,86
707,639,359,0,86
707,640,359,0,86
707,641,359,0,86
707,642,359,0,86
707,643,359,0,86
707,644,359,0,86
707,645,359,0,86
707,646,359,0,86
707,647,359,0,86
707,648,359,0,86
707,649,359,0,86
707,650,359,0,86
707,651,359,0,86
707,652,359,0,86
707,653,359,0,86
707,654,359,0,86
707,655,359,0,86
707,656,359,0,86
707,657,359,0,86
707,658,359,0,86
707,659,359,0,86
707,660,359,0,86
707,661,359,0,86
707,662,359,0,86
707,663,359,0,86
707,664,359,0,86
707,665,359,0,86
707,666,359,0,86
707,667,359,0,86
707,668,359,0,86
707,669,359,0,86
707,670,359,0,86
707,671,359,0,86
707,672,359,0,86
707,673,359,0,86
707,674,359,0,86
707,675,359,0,86
707,676,359,0,86
707,677,359,0,86
707,678,359,0,86
707,679,359,0,86
707,680,359,0,86
707,681,359,0,86
707,682,359,0,86
707,683,359,0,86
707,684,359,0,86
707,685,359,0,86
707,686,359,0,86
707,687,359,0,86
707,688,359,0,86
707,689,359,0,86
707,690,359,0,86
707,691,359,0,86
707,692,359,0,86
707,693,359,0,86
707,694,359,0,86
707,695,359,0,86
707,696,359,0,86
707,697,359,0,86
707,698,359,0,86
707,699,359,0,86
707,700,359,0,86
707,701,359,0,86
707,702,359,0,86
707,703,359,0,86
707,704,359,0,86
707,705,359,0,86
707,706,359,0,86
707,708,359,0,86
707,709,359,0,86
707,710,359,0,86
707,711,359,0,86
707,712,359,0,86
707,713,359,0,86
707,714,359,0,86
707,715,359,0,86
707,716,359,0,86
707,717,359,0,86
707,718,359,0,86
707,719,359,0,86
707,720,359,0,86
707,721,359,0,86
707,722,359,0,86
707,723,359,0,86
707,724,359,0,86
712,625,155,0,91
712,626,155,0,91
712,627,155,0,91
712,628,155,0,91
712,629,155,0,91
712,630,155,0,91
712,631,155,0,91
712,632,155,0,91
712,633,155,0,91
712,634,155,0,91
712,635,155,0,91
712,636,155,0,91
712,637,155,0,91
712,638,155,0,91
712,639,155,0,91
712,640,155,0,91
712,641,155,0,91
712,642,155,0,91
712,643,155,0,91
712,644,155,0,91
712,645,155,0,91
712,646,155,0,91
712,647,155,0,91
712,648,155,0,91
712,649,155,0,91
712,650,155,0,91
712,651,155,0,91
712,652,155,0,91
712,653,155,0,91
712,654,155,0,91
712,655,155,0,91
712,656,155,0,91
712,657,155,0,91
712,658,155,0,91
712,659,155,0,91
712,660,155,0,91
712,661,155,0,91
712,662,155,0,91
712,663,155,0,91
712,664,155,0,91
712,665,155,0,91
712,666,155,0,91
712,667,155,0,91
712,668,155,0,91
712,669,155,0,91
712,670,155,0,91
712,671,155,0,91
712,672,155,0,91
712,673,155,0,91
712,674,155,0,91
712,675,155,0,91
712,676,155,0,91
712,677,155,0,91
712,678,155,0,91
712,679,155,0,91
712,680,155,0,91
712,681,155,0,91
712,682,155,0,91
712,683,155,0,91
712,684,155,0,91
712,685,155,0,91
712,686,155,0,91
712,687,155,0,91
712,688,155,0,91
712,689,155,0,91
712,690,155,0,91
712,691,155,0,91
712,692,155,0,91
712,693,155,0,91
712,694,155,0,91
712,695,155,0,91
712,696,155,0,91
712,697,155,0,91
712,698,155,0,91
712,699,155,0,91
712,700,155,0,91
712,701,155,0,91
712,702,155,0,91
712,703,155,0,91
712,704,155,0,91
712,705,155,0,91
712,706,155,0,91
712,707,155,0,91
712,708,155,0,91
712,709,155,0,91
712,710,155,0,91
712,711,155,0,91
712,713,155,0,91
712,714,155,0,91
712,715,155,0,91
712,716,155,0,91
712,717,155,0,91
712,718,155,0,91
712,719,155,0,91
712,720,155,0,91
712,721,155,0,91
712,722,155,0,91
712,723,155,0,91
712,724,155,0,91
714,625,522,0,93
714,626,522,0,93
714,627,522,0,93
714,628,522,0,93
714,629,522,0,93
714,630,522,0,93
714,631,522,0,93
714,632,522,0,93
714,633,522,0,93
714,634,522,0,93
714,635,522,0,93
714,636,522,0,93
714,637,522,0,93
714,638,522,0,93
714,639,522,0,93
714,640,522,0,93
714,641,522,0,93
714,642,522,0,93
714,643,522,0,93
714,644,522,0,93
714,645,522,0,93
714,646,522,0,93
714,647,522,0,93
714,648,522,0,93
714,649,522,0,93
714,650,522,0,93
714,651,522,0,93
714,652,522,0,93
714,653,522,0,93
714,654,522,0,93
714,655,522,0,93
714,656,522,0,93
714,657,522,0,93
714,658,522,0,93
714,659,522,0,93
714,660,522,0,93
714,661,522,0,93
714,662,522,0,93
714,663,522,0,93
714,664,522,0,93
714,665,522,0,93
714,666,522,0,93
714,667,522,0,93
714,668,522,0,93
714,669,522,0,93
714,670,522,0,93
714,671,522,0,93
714,672,522,0,93
714,673,522,0,93
714,674,522,0,93
714,675,522,0,93
714,676,522,0,93
714,677,522,0,93
714,678,522,0,93
714,679,522,0,93
714,680,522,0,93
714,681,522,0,93
714,682,522,0,93
714,683,522,0,93
714,684,522,0,93
714,685,522,0,93
714,686,522,0,93
714,687,522,0,93
714,688,522,0,93
714,689,522,0,93
714,690,522,0,93
714,691,522,0,93
714,692,522,0,93
714,693,522,0,93
714,694,522,0,93
714,695,522,0,93
714,696,522,0,93
714,697,522,0,93
714,698,522,0,93
714,699,522,0,93
714,700,522,0,93
714,701,522,0,93
714,702,522,0,93
714,703,522,0,93
714,704,522,0,93
714,705,522,0,93
714,706,522,0,93
714,707,522,0,93
714,708,522,0,93
714,709,522,0,93
714,710,522,0,93
714,711,522,0,93
714,712,522,0,93
714,713,522,0,93
714,715,522,0,93
714,716,522,0,93
714,717,522,0,93
714,718,522,0,93
714,719,522,0,93
714,720,522,0,93
714,721,522,0,93
714,722,522,0,93
714,723,522,0,93
714,724,522,0,93
716,625,181,0,95
716,626,181,0,95
716,627,181,0,95
716,628,181,0,95
716,629,181,0,95
716,630,181,0,95
716,631,181,0,95
716,632,181,0,95
716,633,181,0,95
716,634,181,0,95
716,635,181,0,95
716,636,181,0,95
716,637,181,0,95
716,638,181,0,95
716,639,181,0,95
716,640,181,0,95
716,641,181,0,95
716,642,181,0,95
716,643,181,0,95
716,644,181,0,95
716,645,181,0,95
716,646,181,0,95
716,647,181,0,95
716,648,181,0,95
716,649,181,0,95
716,650,181,0,95
716,651,181,0,95
716,652,181,0,95
716,653,181,0,95
716,654,181,0,95
716,655,181,0,95
716,656,181,0,95
716,657,181,0,95
716,658,181,0,95
716,659,181,0,95
716,660,181,0,95
716,661,181,0,95
716,662,181,0,95
716,663,181,0,95
716,664,181,0,95
716,665,181,0,95
716,666,181,0,95
716,667,181,0,95
716,668,181,0,95
716,669,181,0,95
716,670,181,0,95
716,671,181,0,95
716,672,181,0,95
716,673,181,0,95
716,674,181,0,95
716,675,181,0,95
716,676,181,0,95
716,677,181,0,95
716,678,181,0,95
716,679,181,0,95
716,680,181,0,95
716,681,181,0,95
716,682,181,0,95
716,683,181,0,95
716,684,181,0,95
716,685,181,0,95
716,686,181,0,95
716,687,181,0,95
716,688,181,0,95
716,689,181,0,95
716,690,181,0,95
716,691,181,0,95
716,692,181,0,95
716,693,181,0,95
716,694,181,0,95
716,695,181,0,95
716,696,181,0,95
716,697,181,0,95
716,698,181,0,95
716,699,181,0,95
716,700,181,0,95
716,701,181,0,95
716,702,181,0,95
716,703,181,0,95
716,704,181,0,95
716,705,181,0,95
716,706,181,0,95
716,707,181,0,95
716,708,181,0,95
716,709,181,0,95
716,710,181,0,95
716,711,181,0,95
716,712,181,0,95
716,713,181,0,95
716,714,181,0,95
716,715,181,0,95
716,717,181,0,95
716,718,181,0,95
716,719,181,0,95
716,720,181,0,95
716,721,181,0,95
716,722,181,0,95
716,723,181,0,95
716,724,181,0,95
717,625,59,0,96
717,626,59,0,96
717,627,59,0,96
717,628,59,0,96
717,629,59,0,96
717,630,59,0,96
717,631,59,0,96
717,632,59,0,96
717,633,59,0,96
717,634,59,0,96
717,635,59,0,96
717,636,59,0,96
717,637,59,0,96
717,638,59,0,96
717,639,59,0,96
717,640,59,0,96
717,641,59,0,96
717,642,59,0,96
717,643,59,0,96
717,644,59,0,96
717,645,59,0,96
717,646,59,0,96
717,647,59,0,96
717,648,59,0,96
717,649,59,0,96
717,650,59,0,96
717,651,59,0,96
717,652,59,0,96
717,653,59,0,96
717,654,59,0,96
717,655,59,0,96
717,656,59,0,96
717,657,59,0,96
717,658,59,0,96
717,659,59,0,96
717,660,59,0,96
717,661,59,0,96
717,662,59,0,96
717,663,59,0,96
717,664,59,0,96
717,665,59,0,96
717,666,59,0,96
717,667,59,0,96
717,668,59,0,96
717,669,59,0,96
717,670,59,0,96
717,671,59,0,96
717,672,59,0,96
717,673,59,0,96
717,674,59,0,96
717,675,59,0,96
717,676,59,0,96
717,677,59,0,96
717,678,59,0,96
717,679,59,0,96
717,680,59,0,96
717,681,59,0,96
717,682,59,0,96
717,683,59,0,96
717,684,59,0,96
717,685,59,0,96
717,686,59,0,96
717,687,59,0,96
717,688,59,0,96
717,689,59,0,96
717,690,59,0,96
717,691,59,0,96
717,692,59,0,96
717,693,59,0,96
717,694,59,0,96
717,695,59,0,96
717,696,59,0,96
717,697,59,0,96
717,698,59,0,96
717,699,59,0,96
717,700,59,0,96
717,701,59,0,96
717,702,59,0,96
717,703,59,0,96
717,704,59,0,96
717,705,59,0,96
717,706,59,0,96
717,707,59,0,96
717,708,59,0,96
717,709,59,0,96
717,710,59,0,96
717,711,59,0,96
717,712,59,0,96
717,713,59,0,96
717,714,59,0,96
717,715,59,0,96
717,716,59,0,96
717,718,59,0,96
717,719,59,0,96
717,720,59,0,96
717,721,59,0,96
717,722,59,0,96
717,723,59,0,96
717,724,59,0,96
721,625,155,0,100
721,626,155,0,100
721,627,155,0,100
721,628,155,0,100
721,629,155,0,100
721,630,155,0,100
721,631,155,0,100
721,632,155,0,100
721,633,155,0,100
721,634,155,0,100
721,635,155,0,100
721,636,155,0,100
721,637,155,0,100
721,638,155,0,100
721,639,155,0,100
721,640,155,0,100
721,641,155,0,100
721,642,155,0,100
721,643,155,0,100
721,644,155,0,100
721,645,155,0,100
721,646,155,0,100
721,647,155,0,100
721,648,155,0,100
721,649,155,0,100
721,650,155,0,100
721,651,155,0,100
721,652,155,0,100
721,653,155,0,100
721,654,155,0,100
721,655,155,0,100
721,656,155,0,100
721,657,155,0,100
721,658,155,0,100
721,659,155,0,100
721,660,155,0,100
721,661,155,0,100
721,662,155,0,100
721,663,155,0,100
721,664,155,0,100
721,665,155,0,100
721,666,155,0,100
721,667,155,0,100
721,668,155,0,100
721,669,155,0,100
721,670,155,0,100
721,671,155,0,100
721,672,155,0,100
721,673,155,0,100
721,674,155,0,100
721,675,155,0,100
721,676,155,0,100
721,677,155,0,100
721,678,155,0,100
721,679,155,0,100
721,680,155,0,100
721,681,155,0,100
721,682,155,0,100
721,683,155,0,100
721,684,155,0,100
721,685,155,0,100
721,686,155,0,100
721,687,155,0,100
721,688,155,0,100
721,689,155,0,100
721,690,155,0,100
721,691,155,0,100
721,692,155,0,100
721,693,155,0,100
721,694,155,0,100
721,695,155,0,100
721,696,155,0,100
721,697,155,0,100
721,698,155,0,100
721,699,155,0,100
721,700,155,0,100
721,701,155,0,100
721,702,155,0,100
721,703,155,0,100
721,704,155,0,100
721,705,155,0,100
721,706,155,0,100
721,707,155,0,100
721,708,155,0,100
721,709,155,0,100
721,710,155,0,100
721,711,155,0,100
721,712,155,0,100
721,713,155,0,100
721,714,155,0,100
721,715,155,0,100
721,716,155,0,100
721,717,155,0,100
721,718,155,0,100
721,719,155,0,100
721,720,155,0,100
721,722,155,0,100
721,723,155,0,100
721,724,155,0,100
