0,628,600,3,2
0,641,24,2,1
0,642,25,1,0
0,645,600,3,2
0,673,24,2,1
0,683,1,0,0
1,628,601,3,3
1,642,26,2,0
1,645,601,3,3
1,677,2,1,0
3,670,4,1,0
4,628,604,3,3
4,642,29,2,0
4,645,604,3,3
5,628,605,3,3
5,641,6,1,0
5,642,30,2,0
5,645,605,3,3
5,673,6,1,0
6,628,606,3,3
6,641,7,1,0
6,642,31,2,0
6,645,606,3,3
6,658,7,1,0
6,673,7,1,0
6,689,31,2,0
7,628,607,3,3
7,636,32,2,0
7,641,8,1,0
7,642,32,2,0
7,645,607,3,3
7,658,8,1,0
7,673,8,1,0
7,679,679,58,0
7,710,8,1,0
8,628,608,3,3
8,636,33,2,0
8,641,9,1,0
8,642,33,2,0
8,645,608,3,3
8,655,9,1,0
8,658,9,1,0
8,673,9,1,0
8,679,7,0,1
8,710,9,1,0
8,721,33,2,0
9,628,609,3,3
9,641,609,3,3
9,642,34,2,0
9,645,609,3,3
9,679,8,0,1
10,628,9,0,1
10,636,9,0,1
10,641,610,3,3
10,642,9,0,1
10,645,9,0,1
10,655,35,2,0
10,658,610,3,3
10,673,35,2,0
10,679,9,0,1
10,710,610,3,3
11,628,10,0,1
11,636,10,0,1
11,641,611,3,3
11,642,10,0,1
11,645,10,0,1
11,658,611,3,3
11,673,36,2,0
11,679,10,0,1
11,710,611,3,3
12,628,11,0,1
12,641,612,3,3
12,642,11,0,1
12,645,11,0,1
12,658,612,3,3
12,673,37,2,0
12,710,612,3,3
13,628,12,0,1
13,641,613,3,3
13,642,12,0,1
13,645,12,0,1
13,673,38,2,0
13,683,12,0,1
14,628,13,0,1
14,642,13,0,1
14,645,13,0,1
14,677,13,0,1
15,670,615,3,3
17,628,18,1,0
17,642,18,1,0
17,645,18,1,0
17,677,16,0,1
18,628,19,1,0
18,641,618,3,3
18,642,19,1,0
18,645,19,1,0
18,673,43,2,0
18,683,17,0,1
19,628,20,1,0
19,641,619,3,3
19,642,20,1,0
19,645,20,1,0
19,658,619,3,3
19,673,44,2,0
19,689,20,1,0
19,710,619,3,3
20,628,21,1,0
20,636,21,1,0
20,641,620,3,3
20,642,21,1,0
20,645,21,1,0
20,658,620,3,3
20,673,45,2,0
20,679,21,1,0
20,710,620,3,3
21,628,22,1,0
21,636,22,1,0
21,641,621,3,3
21,642,22,1,0
21,645,22,1,0
21,655,46,2,0
21,658,621,3,3
21,673,46,2,0
21,679,22,1,0
21,710,621,3,3
21,721,22,1,0
22,628,622,3,3
22,641,622,3,3
22,642,47,2,0
22,645,622,3,3
22,679,23,1,0
22,721,47,2,0
23,628,623,3,3
23,636,48,2,0
23,641,22,0,1
23,642,48,2,0
23,645,623,3,3
23,658,22,0,1
23,673,22,0,1
23,679,24,1,0
23,710,22,0,1
24,628,624,3,3
24,641,23,0,1
24,642,49,2,0
24,645,624,3,3
24,658,23,0,1
24,673,23,0,1
24,689,49,2,0
24,710,23,0,1
25,628,0,0,1
25,641,49,3,2
25,642,50,2,0
25,645,50,2,0
25,673,49,3,2
25,683,26,1,1
26,628,1,0,2
26,642,51,3,0
26,645,51,3,0
26,677,27,2,1
28,670,29,2,1
29,628,4,0,2
29,642,54,3,0
29,645,54,3,0
30,628,5,0,2
30,641,31,2,1
30,642,55,3,0
30,645,55,3,0
30,673,31,2,1
31,628,6,0,2
31,641,32,2,1
31,642,56,3,0
31,645,56,3,0
31,658,32,2,1
31,673,32,2,1
31,689,56,3,0
32,628,7,0,2
32,636,57,3,0
32,641,33,2,1
32,642,57,3,0
32,645,57,3,0
32,658,33,2,1
32,673,33,2,1
32,679,7,0,2
32,710,33,2,1
33,628,8,0,2
33,636,58,3,0
33,641,34,2,1
33,642,58,3,0
33,645,58,3,0
33,655,34,2,1
33,658,34,2,1
33,673,34,2,1
33,679,8,0,2
33,710,34,2,1
33,721,58,3,0
34,628,9,0,2
34,641,9,0,2
34,642,59,3,0
34,655,35,2,1
34,673,35,2,1
35,628,34,1,2
35,636,34,1,2
35,641,10,0,2
35,642,34,1,2
35,645,34,1,2
35,655,655,34,0
35,658,10,0,2
35,673,36,2,1
35,679,34,1,2
35,710,10,0,2
36,628,35,1,2
36,636,35,1,2
36,641,11,0,2
36,642,35,1,2
36,645,35,1,2
36,658,11,0,2
36,673,37,2,1
36,679,35,1,2
36,710,11,0,2
37,628,36,1,2
37,641,12,0,2
37,642,36,1,2
37,645,36,1,2
37,658,12,0,2
37,673,38,2,1
37,710,12,0,2
38,628,37,1,2
38,641,13,0,2
38,642,37,1,2
38,645,37,1,2
38,673,673,52,0
38,683,37,1,2
39,628,38,1,2
39,642,38,1,2
39,645,38,1,2
39,677,38,1,2
40,670,15,0,2
42,628,43,2,1
42,642,43,2,1
42,645,43,2,1
42,677,41,1,2
43,628,44,2,1
43,641,18,0,2
43,642,44,2,1
43,645,44,2,1
43,673,42,1,2
43,683,42,1,2
44,628,45,2,1
44,641,19,0,2
44,642,45,2,1
44,645,45,2,1
44,658,19,0,2
44,673,43,1,2
44,689,45,2,1
44,710,19,0,2
45,628,46,2,1
45,636,46,2,1
45,641,20,0,2
45,642,46,2,1
45,645,46,2,1
45,658,20,0,2
45,673,44,1,2
45,679,46,2,1
45,710,20,0,2
46,628,47,2,1
46,636,47,2,1
46,641,21,0,2
46,642,47,2,1
46,645,47,2,1
46,655,45,1,2
46,658,21,0,2
46,673,45,1,2
46,679,47,2,1
46,710,21,0,2
46,721,47,2,1
47,628,22,0,2
47,641,22,0,2
47,642,72,3,0
47,655,46,1,2
47,673,46,1,2
47,721,72,3,0
48,628,23,0,2
48,636,73,3,0
48,641,47,1,2
48,642,73,3,0
48,645,73,3,0
48,658,47,1,2
48,673,47,1,2
48,679,23,0,2
48,710,47,1,2
49,628,24,0,2
49,641,48,1,2
49,642,74,3,0
49,645,74,3,0
49,658,48,1,2
49,673,48,1,2
49,689,74,3,0
49,710,48,1,2
50,628,25,0,2
50,641,74,3,2
50,642,75,2,0
50,645,75,2,0
50,673,74,3,2
50,683,51,1,1
51,628,26,0,3
51,642,76,3,0
51,645,76,3,0
51,677,52,2,1
53,670,54,2,1
54,628,29,0,3
54,642,79,3,0
54,645,79,3,0
55,628,30,0,3
55,641,56,2,1
55,642,80,3,0
55,645,80,3,0
55,673,56,2,1
56,628,31,0,3
56,641,57,2,1
56,642,81,3,0
56,645,81,3,0
56,658,57,2,1
56,673,57,2,1
56,689,81,3,0
57,628,32,0,3
57,636,82,3,0
57,641,58,2,1
57,642,82,3,0
57,645,82,3,0
57,658,58,2,1
57,673,58,2,1
57,679,32,0,3
57,710,58,2,1
58,628,33,0,3
58,636,83,3,0
58,641,59,2,1
58,642,83,3,0
58,645,83,3,0
58,655,59,2,1
58,658,59,2,1
58,673,59,2,1
58,679,33,0,3
58,710,59,2,1
58,721,83,3,0
59,628,34,0,3
59,641,34,0,3
59,642,84,3,0
59,645,84,3,0
59,655,34,0,3
59,658,84,3,0
59,673,34,0,3
60,628,59,1,2
60,636,59,1,2
60,641,35,0,3
60,642,59,1,2
60,645,59,1,2
60,655,35,0,3
60,658,85,3,0
60,673,35,0,3
60,679,59,1,2
60,710,35,0,3
61,628,60,1,2
61,636,60,1,2
61,641,36,0,3
61,642,60,1,2
61,645,60,1,2
61,658,86,3,0
61,673,36,0,3
61,679,60,1,2
61,710,36,0,3
62,628,61,1,2
62,641,37,0,3
62,642,61,1,2
62,645,61,1,2
62,658,87,3,0
62,673,37,0,3
62,710,37,0,3
63,628,62,1,2
63,641,38,0,3
63,642,62,1,2
63,645,62,1,2
63,673,38,0,3
63,683,62,1,2
64,628,63,1,2
64,642,63,1,2
64,645,63,1,2
64,677,63,1,2
65,670,40,0,3
67,628,68,2,1
67,642,68,2,1
67,645,68,2,1
67,677,66,1,2
68,628,69,2,1
68,641,43,0,3
68,642,69,2,1
68,645,69,2,1
68,673,43,0,3
68,683,67,1,2
69,628,70,2,1
69,641,44,0,3
69,642,70,2,1
69,645,70,2,1
69,658,94,3,0
69,673,44,0,3
69,689,70,2,1
69,710,44,0,3
70,628,71,2,1
70,636,71,2,1
70,641,45,0,3
70,642,71,2,1
70,645,71,2,1
70,658,95,3,0
70,673,45,0,3
70,679,71,2,1
70,710,45,0,3
71,628,72,2,1
71,636,72,2,1
71,641,46,0,3
71,642,72,2,1
71,645,72,2,1
71,655,46,0,3
71,658,96,3,0
71,673,46,0,3
71,679,72,2,1
71,710,46,0,3
71,721,72,2,1
72,628,47,0,3
72,641,47,0,3
72,642,97,3,0
72,645,97,3,0
72,655,47,0,3
72,658,97,3,0
72,673,47,0,3
72,721,97,3,0
73,628,48,0,3
73,636,98,3,0
73,641,72,1,2
73,642,98,3,0
73,645,98,3,0
73,658,72,1,2
73,673,72,1,2
73,679,48,0,3
73,710,72,1,2
74,628,49,0,3
74,641,73,1,2
74,642,99,3,0
74,645,99,3,0
74,658,73,1,2
74,673,73,1,2
74,689,99,3,0
74,710,73,1,2
75,628,100,2,0
75,641,99,3,2
75,642,76,1,1
75,645,100,2,0
75,673,99,3,2
75,683,76,1,1
76,628,101,3,0
76,642,77,2,1
76,645,101,3,0
76,677,77,2,1
78,670,79,2,1
79,628,104,3,0
79,642,642,21,0
79,645,104,3,0
80,628,105,3,0
80,641,81,2,1
80,642,79,1,2
80,645,105,3,0
80,673,81,2,1
81,628,106,3,0
81,641,82,2,1
81,642,80,1,2
81,645,106,3,0
81,658,82,2,1
81,673,82,2,1
81,689,106,3,0
82,628,107,3,0
82,636,107,3,0
82,641,83,2,1
82,642,81,1,2
82,645,107,3,0
82,658,83,2,1
82,673,83,2,1
82,679,57,0,3
82,710,83,2,1
83,628,108,3,0
83,636,108,3,0
83,641,84,2,1
83,642,82,1,2
83,645,108,3,0
83,655,84,2,1
83,658,84,2,1
83,673,84,2,1
83,679,58,0,3
83,710,84,2,1
83,721,108,3,0
84,642,83,1,2
84,645,109,3,0
84,655,59,0,3
84,658,109,3,0
84,673,59,0,3
84,706,109,3,0
84,710,109,3,0
85,628,84,1,2
85,636,84,1,2
85,641,60,0,3
85,642,84,1,2
85,645,84,1,2
85,655,60,0,3
85,658,110,3,0
85,673,60,0,3
85,679,84,1,2
85,710,110,3,0
86,628,85,1,2
86,636,85,1,2
86,641,61,0,3
86,642,85,1,2
86,645,85,1,2
86,658,111,3,0
86,673,61,0,3
86,679,85,1,2
86,710,111,3,0
87,628,86,1,2
87,641,62,0,3
87,642,86,1,2
87,645,86,1,2
87,658,112,3,0
87,673,62,0,3
87,710,112,3,0
88,628,87,1,2
88,641,63,0,3
88,642,87,1,2
88,645,87,1,2
88,673,63,0,3
88,683,87,1,2
89,628,88,1,2
89,642,88,1,2
89,645,88,1,2
89,677,88,1,2
90,670,65,0,3
92,628,93,2,1
92,642,93,2,1
92,645,93,2,1
92,677,91,1,2
93,628,94,2,1
93,641,68,0,3
93,642,94,2,1
93,645,94,2,1
93,673,68,0,3
93,683,92,1,2
94,628,95,2,1
94,641,69,0,3
94,642,95,2,1
94,645,95,2,1
94,658,119,3,0
94,673,69,0,3
94,689,95,2,1
94,710,119,3,0
95,628,96,2,1
95,636,96,2,1
95,641,70,0,3
95,642,96,2,1
95,645,96,2,1
95,658,120,3,0
95,673,70,0,3
95,679,96,2,1
95,710,120,3,0
96,628,97,2,1
96,636,97,2,1
96,641,71,0,3
96,642,97,2,1
96,645,97,2,1
96,655,71,0,3
96,658,121,3,0
96,673,71,0,3
96,679,97,2,1
96,710,121,3,0
96,721,97,2,1
97,642,98,2,1
97,645,122,3,0
97,655,72,0,3
97,658,122,3,0
97,673,72,0,3
97,710,122,3,0
97,721,122,3,0
98,628,123,3,0
98,636,123,3,0
98,641,97,1,2
98,642,99,2,1
98,645,123,3,0
98,658,97,1,2
98,673,97,1,2
98,679,73,0,3
98,710,97,1,2
99,628,124,3,0
99,641,98,1,2
99,642,75,2,3
99,645,124,3,0
99,658,98,1,2
99,673,98,1,2
99,689,124,3,0
99,710,98,1,2
100,628,125,2,0
100,641,124,3,2
100,642,75,0,2
100,645,125,2,0
100,673,124,3,2
100,683,101,1,1
101,628,126,3,0
101,642,76,0,3
101,645,126,3,0
101,677,102,2,1
103,670,104,2,1
104,628,129,3,0
104,642,79,0,3
104,645,129,3,0
105,628,130,3,0
105,641,106,2,1
105,642,80,0,3
105,645,130,3,0
105,673,106,2,1
106,628,131,3,0
106,641,107,2,1
106,642,81,0,3
106,645,131,3,0
106,658,107,2,1
106,673,107,2,1
106,689,131,3,0
107,628,132,3,0
107,636,132,3,0
107,641,108,2,1
107,642,82,0,3
107,645,132,3,0
107,658,108,2,1
107,673,108,2,1
107,679,82,0,3
107,710,108,2,1
108,628,133,3,0
108,636,133,3,0
108,641,109,2,1
108,642,83,0,3
108,645,133,3,0
108,655,109,2,1
108,658,109,2,1
108,673,109,2,1
108,679,83,0,3
108,710,109,2,1
108,721,133,3,0
109,628,134,3,0
109,645,134,3,0
109,655,84,0,3
109,658,134,3,0
109,673,84,0,3
109,706,706,85,0
109,710,134,3,0
110,628,109,1,2
110,636,109,1,2
110,641,85,0,3
110,642,109,1,2
110,645,109,1,2
110,655,85,0,3
110,658,135,3,0
110,673,85,0,3
110,679,109,1,2
110,710,135,3,0
111,628,110,1,2
111,636,110,1,2
111,641,86,0,3
111,642,110,1,2
111,645,110,1,2
111,658,136,3,0
111,673,86,0,3
111,679,110,1,2
111,710,136,3,0
112,628,111,1,2
112,641,87,0,3
112,642,111,1,2
112,645,111,1,2
112,658,137,3,0
112,673,87,0,3
112,710,137,3,0
113,628,112,1,2
113,641,88,0,3
113,642,112,1,2
113,645,112,1,2
113,673,88,0,3
113,677,677,56,0
113,683,112,1,2
114,628,113,1,2
114,642,113,1,2
114,645,113,1,2
114,677,113,1,2
115,670,90,0,3
117,628,118,2,1
117,642,118,2,1
117,645,118,2,1
118,628,119,2,1
118,641,93,0,3
118,642,119,2,1
118,645,119,2,1
118,673,93,0,3
118,683,117,1,2
119,628,120,2,1
119,641,94,0,3
119,642,120,2,1
119,645,120,2,1
119,658,144,3,0
119,673,94,0,3
119,689,120,2,1
119,710,144,3,0
120,628,121,2,1
120,636,121,2,1
120,641,95,0,3
120,642,121,2,1
120,645,121,2,1
120,658,145,3,0
120,673,95,0,3
120,679,121,2,1
120,710,145,3,0
121,628,122,2,1
121,636,122,2,1
121,641,96,0,3
121,642,122,2,1
121,645,122,2,1
121,655,96,0,3
121,658,146,3,0
121,673,96,0,3
121,679,122,2,1
121,710,146,3,0
121,721,122,2,1
122,628,147,3,0
122,645,147,3,0
122,655,97,0,3
122,658,147,3,0
122,673,97,0,3
122,710,147,3,0
122,721,147,3,0
123,628,148,3,0
123,636,148,3,0
123,641,122,1,2
123,642,98,0,3
123,645,148,3,0
123,658,122,1,2
123,673,122,1,2
123,679,98,0,3
123,710,122,1,2
124,628,149,3,0
124,641,123,1,2
124,642,99,0,3
124,645,149,3,0
124,658,123,1,2
124,673,123,1,2
124,689,149,3,0
124,710,123,1,2
125,628,150,2,0
125,641,149,3,2
125,642,100,0,2
125,645,150,2,0
125,673,149,3,2
125,683,126,1,1
126,628,151,3,0
126,642,101,0,3
126,645,151,3,0
126,677,127,2,1
128,670,129,2,1
129,628,154,3,0
129,642,104,0,3
129,645,154,3,0
130,628,155,3,0
130,641,131,2,1
130,642,105,0,3
130,645,155,3,0
130,673,131,2,1
131,628,156,3,0
131,641,132,2,1
131,642,106,0,3
131,645,156,3,0
131,658,132,2,1
131,673,132,2,1
131,689,156,3,0
132,628,157,3,0
132,636,157,3,0
132,641,133,2,1
132,642,107,0,3
132,645,157,3,0
132,658,133,2,1
132,673,133,2,1
132,679,107,0,3
132,689,157,3,0
132,710,133,2,1
133,628,158,3,0
133,636,158,3,0
133,641,134,2,1
133,642,108,0,3
133,645,158,3,0
133,655,134,2,1
133,658,134,2,1
133,673,134,2,1
133,679,108,0,3
133,689,158,3,0
133,710,134,2,1
133,721,158,3,0
134,628,159,3,0
134,636,159,3,0
134,641,159,3,0
134,642,109,0,3
134,645,159,3,0
134,658,159,3,0
134,673,109,0,3
134,683,159,3,0
134,689,159,3,0
134,710,159,3,0
134,721,159,3,0
135,628,134,1,2
135,636,134,1,2
135,641,160,3,0
135,642,134,1,2
135,645,134,1,2
135,655,110,0,3
135,658,160,3,0
135,673,110,0,3
135,679,134,1,2
135,683,160,3,0
135,710,160,3,0
136,628,135,1,2
136,636,135,1,2
136,641,161,3,0
136,642,135,1,2
136,645,135,1,2
136,658,161,3,0
136,673,111,0,3
136,679,135,1,2
136,683,161,3,0
136,710,161,3,0
137,628,136,1,2
137,641,162,3,0
137,642,136,1,2
137,645,136,1,2
137,658,162,3,0
137,673,112,0,3
137,683,162,3,0
137,710,162,3,0
138,628,137,1,2
138,641,163,3,0
138,642,137,1,2
138,645,137,1,2
138,673,113,0,3
138,683,137,1,2
139,628,138,1,2
139,642,138,1,2
139,645,138,1,2
139,677,138,1,2
140,670,115,0,3
142,628,143,2,1
142,642,143,2,1
142,645,143,2,1
142,677,141,1,2
143,628,144,2,1
143,641,168,3,0
143,642,144,2,1
143,645,144,2,1
143,673,118,0,3
144,628,145,2,1
144,641,169,3,0
144,642,145,2,1
144,645,145,2,1
144,658,169,3,0
144,673,119,0,3
144,683,169,3,0
144,689,145,2,1
144,710,169,3,0
145,628,146,2,1
145,636,146,2,1
145,641,170,3,0
145,642,146,2,1
145,645,146,2,1
145,658,170,3,0
145,673,120,0,3
145,679,146,2,1
145,683,170,3,0
145,710,170,3,0
146,628,147,2,1
146,636,147,2,1
146,641,171,3,0
146,642,147,2,1
146,645,147,2,1
146,655,121,0,3
146,658,171,3,0
146,673,121,0,3
146,679,147,2,1
146,683,171,3,0
146,710,171,3,0
146,721,147,2,1
147,628,172,3,0
147,636,172,3,0
147,641,172,3,0
147,642,122,0,3
147,645,172,3,0
147,658,172,3,0
147,673,122,0,3
147,683,172,3,0
147,689,172,3,0
147,710,172,3,0
147,721,172,3,0
148,628,173,3,0
148,636,173,3,0
148,641,147,1,2
148,642,123,0,3
148,645,173,3,0
148,658,147,1,2
148,673,147,1,2
148,679,123,0,3
148,689,173,3,0
148,710,147,1,2
149,628,174,3,0
149,641,148,1,2
149,642,124,0,3
149,645,174,3,0
149,658,148,1,2
149,673,148,1,2
149,689,174,3,0
149,710,148,1,2
150,628,175,2,0
150,641,174,3,2
150,642,125,0,2
150,645,175,2,0
150,673,174,3,2
150,683,151,1,1
151,628,176,3,0
151,642,126,0,3
151,645,176,3,0
151,677,152,2,1
153,670,154,2,1
154,628,179,3,0
154,642,129,0,3
154,645,179,3,0
155,628,180,3,0
155,641,156,2,1
155,642,130,0,3
155,645,180,3,0
155,673,156,2,1
156,628,181,3,0
156,641,157,2,1
156,642,131,0,3
156,645,181,3,0
156,658,157,2,1
156,673,157,2,1
156,689,689,68,0
157,628,182,3,0
157,636,182,3,0
157,641,158,2,1
157,642,132,0,3
157,645,182,3,0
157,658,158,2,1
157,673,158,2,1
157,679,132,0,3
157,689,156,1,2
157,710,158,2,1
158,628,183,3,0
158,636,183,3,0
158,641,159,2,1
158,642,133,0,3
158,645,183,3,0
158,655,159,2,1
158,658,159,2,1
158,673,159,2,1
158,679,133,0,3
158,689,157,1,2
158,710,159,2,1
158,721,721,100,0
159,628,184,3,0
159,636,184,3,0
159,641,184,3,0
159,642,134,0,3
159,645,184,3,0
159,658,184,3,0
159,673,134,0,3
159,683,160,2,1
159,689,158,1,2
159,710,184,3,0
159,721,158,1,2
160,628,159,1,2
160,636,159,1,2
160,641,185,3,0
160,642,159,1,2
160,645,159,1,2
160,655,135,0,3
160,658,185,3,0
160,673,135,0,3
160,679,159,1,2
160,683,161,2,1
160,710,185,3,0
161,628,160,1,2
161,636,160,1,2
161,641,186,3,0
161,642,160,1,2
161,645,160,1,2
161,658,186,3,0
161,673,136,0,3
161,679,160,1,2
161,683,162,2,1
161,710,186,3,0
162,628,161,1,2
162,641,187,3,0
162,642,161,1,2
162,645,161,1,2
162,658,187,3,0
162,673,137,0,3
162,683,683,62,0
162,710,187,3,0
163,628,162,1,2
163,641,188,3,0
163,642,162,1,2
163,645,162,1,2
163,673,138,0,3
163,683,162,1,2
164,628,163,1,2
164,642,163,1,2
164,645,163,1,2
164,677,163,1,2
165,670,140,0,3
167,628,168,2,1
167,642,168,2,1
167,645,168,2,1
167,677,166,1,2
168,628,169,2,1
168,641,193,3,0
168,642,169,2,1
168,645,169,2,1
168,673,143,0,3
168,683,167,1,2
169,628,170,2,1
169,641,194,3,0
169,642,170,2,1
169,645,170,2,1
169,658,194,3,0
169,673,144,0,3
169,683,168,1,2
169,689,170,2,1
169,710,194,3,0
170,628,171,2,1
170,636,171,2,1
170,641,195,3,0
170,642,171,2,1
170,645,171,2,1
170,658,195,3,0
170,673,145,0,3
170,679,171,2,1
170,683,169,1,2
170,710,195,3,0
171,628,172,2,1
171,636,172,2,1
171,641,196,3,0
171,642,172,2,1
171,645,172,2,1
171,655,146,0,3
171,658,196,3,0
171,673,146,0,3
171,679,172,2,1
171,683,170,1,2
171,710,196,3,0
171,721,172,2,1
172,628,197,3,0
172,636,197,3,0
172,641,197,3,0
172,642,147,0,3
172,645,197,3,0
172,658,197,3,0
172,673,147,0,3
172,683,171,1,2
172,689,173,2,1
172,710,197,3,0
173,628,198,3,0
173,636,198,3,0
173,641,172,1,2
173,642,148,0,3
173,645,198,3,0
173,658,172,1,2
173,673,172,1,2
173,679,148,0,3
173,689,174,2,1
173,710,172,1,2
174,628,199,3,0
174,641,173,1,2
174,642,149,0,3
174,645,199,3,0
174,658,173,1,2
174,673,173,1,2
174,710,173,1,2
175,628,200,2,0
175,641,199,3,2
175,642,150,0,2
175,645,200,2,0
175,673,199,3,2
175,683,176,1,1
176,628,201,3,0
176,642,151,0,3
176,645,201,3,0
176,677,177,2,1
178,670,179,2,1
179,628,204,3,0
179,642,154,0,3
179,645,204,3,0
180,628,205,3,0
180,641,181,2,1
180,642,155,0,3
180,645,205,3,0
180,673,181,2,1
181,628,206,3,0
181,641,182,2,1
181,642,156,0,3
181,645,206,3,0
181,658,182,2,1
181,673,182,2,1
181,689,156,0,3
182,628,207,3,0
182,636,207,3,0
182,641,183,2,1
182,642,157,0,3
182,645,207,3,0
182,658,183,2,1
182,673,183,2,1
182,679,157,0,3
182,710,183,2,1
183,628,208,3,0
183,636,208,3,0
183,641,184,2,1
183,642,158,0,3
183,645,208,3,0
183,655,184,2,1
183,658,184,2,1
183,673,184,2,1
183,679,158,0,3
183,710,184,2,1
183,721,158,0,3
184,628,209,3,0
184,636,209,3,0
184,641,209,3,0
184,642,159,0,3
184,645,209,3,0
184,658,209,3,0
184,673,159,0,3
184,679,159,0,3
184,710,209,3,0
185,628,184,1,2
185,636,184,1,2
185,641,210,3,0
185,642,184,1,2
185,645,184,1,2
185,655,160,0,3
185,658,210,3,0
185,673,160,0,3
185,679,184,1,2
185,710,210,3,0
186,628,185,1,2
186,636,185,1,2
186,641,211,3,0
186,642,185,1,2
186,645,185,1,2
186,658,211,3,0
186,673,161,0,3
186,679,185,1,2
186,710,211,3,0
187,628,186,1,2
187,641,212,3,0
187,642,186,1,2
187,645,186,1,2
187,658,212,3,0
187,673,162,0,3
187,710,212,3,0
188,628,187,1,2
188,641,213,3,0
188,642,187,1,2
188,645,187,1,2
188,673,163,0,3
188,683,187,1,2
189,628,188,1,2
189,642,188,1,2
189,645,188,1,2
189,677,188,1,2
190,670,165,0,3
192,628,193,2,1
192,642,193,2,1
192,645,193,2,1
192,677,191,1,2
193,628,194,2,1
193,641,218,3,0
193,642,194,2,1
193,645,194,2,1
193,673,168,0,3
193,683,192,1,2
194,628,195,2,1
194,641,219,3,0
194,642,195,2,1
194,645,195,2,1
194,658,219,3,0
194,673,169,0,3
194,689,195,2,1
194,710,219,3,0
195,628,196,2,1
195,636,196,2,1
195,641,220,3,0
195,642,196,2,1
195,645,196,2,1
195,658,220,3,0
195,673,170,0,3
195,679,196,2,1
195,710,220,3,0
196,628,197,2,1
196,636,197,2,1
196,641,221,3,0
196,642,197,2,1
196,645,197,2,1
196,655,171,0,3
196,658,221,3,0
196,673,171,0,3
196,679,197,2,1
196,710,221,3,0
196,721,197,2,1
197,628,222,3,0
197,636,222,3,0
197,641,222,3,0
197,642,172,0,3
197,645,222,3,0
197,658,222,3,0
197,673,172,0,3
197,679,172,0,3
197,710,222,3,0
197,721,172,0,3
198,628,223,3,0
198,636,223,3,0
198,641,197,1,2
198,642,173,0,3
198,645,223,3,0
198,658,197,1,2
198,673,197,1,2
198,679,173,0,3
198,710,197,1,2
199,628,224,3,0
199,641,198,1,2
199,642,174,0,3
199,645,224,3,0
199,658,198,1,2
199,673,198,1,2
199,689,174,0,3
199,710,198,1,2
200,628,225,2,0
200,641,224,3,2
200,642,175,0,2
200,645,225,2,0
200,673,224,3,2
200,683,201,1,1
201,628,226,3,0
201,642,176,0,3
201,645,226,3,0
201,677,202,2,1
203,670,204,2,1
204,628,229,3,0
204,642,179,0,3
204,645,229,3,0
205,628,230,3,0
205,641,206,2,1
205,642,180,0,3
205,645,230,3,0
205,673,206,2,1
206,628,231,3,0
206,641,207,2,1
206,642,181,0,3
206,645,231,3,0
206,658,207,2,1
206,673,207,2,1
206,689,181,0,3
207,628,232,3,0
207,636,232,3,0
207,641,208,2,1
207,642,182,0,3
207,645,232,3,0
207,658,208,2,1
207,673,208,2,1
207,679,182,0,3
207,710,208,2,1
208,628,233,3,0
208,636,233,3,0
208,641,209,2,1
208,642,183,0,3
208,645,233,3,0
208,655,209,2,1
208,658,209,2,1
208,673,209,2,1
208,679,183,0,3
208,710,209,2,1
208,721,183,0,3
209,628,234,3,0
209,636,234,3,0
209,641,234,3,0
209,642,184,0,3
209,645,234,3,0
209,658,234,3,0
209,673,184,0,3
209,679,184,0,3
209,710,234,3,0
210,628,209,1,2
210,636,209,1,2
210,641,235,3,0
210,642,209,1,2
210,645,209,1,2
210,655,185,0,3
210,658,235,3,0
210,673,185,0,3
210,679,209,1,2
210,710,235,3,0
211,628,210,1,2
211,636,210,1,2
211,641,236,3,0
211,642,210,1,2
211,645,210,1,2
211,658,236,3,0
211,673,186,0,3
211,679,210,1,2
211,710,236,3,0
212,628,211,1,2
212,641,237,3,0
212,642,211,1,2
212,645,211,1,2
212,658,237,3,0
212,673,187,0,3
212,710,237,3,0
213,628,212,1,2
213,641,238,3,0
213,642,212,1,2
213,645,212,1,2
213,673,188,0,3
213,683,212,1,2
214,628,213,1,2
214,642,213,1,2
214,645,213,1,2
214,677,213,1,2
215,670,190,0,3
217,628,218,2,1
217,642,218,2,1
217,645,218,2,1
217,677,216,1,2
218,628,219,2,1
218,641,243,3,0
218,642,219,2,1
218,645,219,2,1
218,673,193,0,3
218,683,217,1,2
219,628,220,2,1
219,641,244,3,0
219,642,220,2,1
219,645,220,2,1
219,658,244,3,0
219,673,194,0,3
219,689,220,2,1
219,710,244,3,0
220,628,221,2,1
220,636,221,2,1
220,641,245,3,0
220,642,221,2,1
220,645,221,2,1
220,658,245,3,0
220,673,195,0,3
220,679,221,2,1
220,710,245,3,0
221,628,222,2,1
221,636,222,2,1
221,641,246,3,0
221,642,222,2,1
221,645,222,2,1
221,655,196,0,3
221,658,246,3,0
221,673,196,0,3
221,679,222,2,1
221,710,246,3,0
221,721,222,2,1
222,628,247,3,0
222,636,247,3,0
222,641,247,3,0
222,642,197,0,3
222,645,247,3,0
222,658,247,3,0
222,673,197,0,3
222,679,197,0,3
222,710,247,3,0
222,721,197,0,3
223,628,248,3,0
223,636,248,3,0
223,641,222,1,2
223,642,198,0,3
223,645,248,3,0
223,658,222,1,2
223,673,222,1,2
223,679,198,0,3
223,710,222,1,2
224,628,249,3,0
224,641,223,1,2
224,642,199,0,3
224,645,249,3,0
224,658,223,1,2
224,673,223,1,2
224,689,199,0,3
224,710,223,1,2
225,628,250,2,0
225,641,249,3,2
225,642,200,0,2
225,645,250,2,0
225,673,249,3,2
225,683,226,1,1
226,628,251,3,0
226,642,201,0,3
226,645,251,3,0
226,677,227,2,1
228,670,229,2,1
229,628,254,3,0
229,642,204,0,3
229,645,254,3,0
230,628,255,3,0
230,641,231,2,1
230,642,205,0,3
230,645,255,3,0
230,673,231,2,1
231,628,256,3,0
231,641,232,2,1
231,642,206,0,3
231,645,256,3,0
231,658,232,2,1
231,673,232,2,1
231,689,206,0,3
232,628,257,3,0
232,636,257,3,0
232,641,233,2,1
232,642,207,0,3
232,645,257,3,0
232,658,233,2,1
232,673,233,2,1
232,679,207,0,3
232,710,233,2,1
233,628,258,3,0
233,636,258,3,0
233,641,234,2,1
233,642,208,0,3
233,645,258,3,0
233,655,234,2,1
233,658,234,2,1
233,673,234,2,1
233,679,208,0,3
233,710,234,2,1
233,721,208,0,3
234,628,259,3,0
234,636,259,3,0
234,641,259,3,0
234,642,209,0,3
234,645,259,3,0
234,658,259,3,0
234,673,209,0,3
234,679,209,0,3
234,710,259,3,0
235,628,234,1,2
235,636,234,1,2
235,641,260,3,0
235,642,234,1,2
235,645,234,1,2
235,655,210,0,3
235,658,260,3,0
235,673,210,0,3
235,679,234,1,2
235,710,260,3,0
236,628,235,1,2
236,636,235,1,2
236,641,261,3,0
236,642,235,1,2
236,645,235,1,2
236,658,261,3,0
236,673,211,0,3
236,679,235,1,2
236,710,261,3,0
237,628,236,1,2
237,641,262,3,0
237,642,236,1,2
237,645,236,1,2
237,658,262,3,0
237,673,212,0,3
237,710,262,3,0
238,628,237,1,2
238,641,263,3,0
238,642,237,1,2
238,645,237,1,2
238,673,213,0,3
238,683,237,1,2
239,628,238,1,2
239,642,238,1,2
239,645,238,1,2
239,677,238,1,2
240,670,215,0,3
242,628,243,2,1
242,642,243,2,1
242,645,243,2,1
242,677,241,1,2
243,628,244,2,1
243,641,268,3,0
243,642,244,2,1
243,645,244,2,1
243,673,218,0,3
243,683,242,1,2
244,628,245,2,1
244,641,269,3,0
244,642,245,2,1
244,645,245,2,1
244,658,269,3,0
244,673,219,0,3
244,689,245,2,1
244,710,269,3,0
245,628,246,2,1
245,636,246,2,1
245,641,270,3,0
245,642,246,2,1
245,645,246,2,1
245,658,270,3,0
245,673,220,0,3
245,679,246,2,1
245,710,270,3,0
246,628,247,2,1
246,636,247,2,1
246,641,271,3,0
246,642,247,2,1
246,645,247,2,1
246,655,221,0,3
246,658,271,3,0
246,673,221,0,3
246,679,247,2,1
246,710,271,3,0
246,721,247,2,1
247,628,272,3,0
247,636,272,3,0
247,641,272,3,0
247,642,222,0,3
247,645,272,3,0
247,658,272,3,0
247,673,222,0,3
247,679,222,0,3
247,710,272,3,0
247,721,222,0,3
248,628,273,3,0
248,636,273,3,0
248,641,247,1,2
248,642,223,0,3
248,645,273,3,0
248,658,247,1,2
248,673,247,1,2
248,679,223,0,3
248,710,247,1,2
249,628,274,3,0
249,641,248,1,2
249,642,224,0,3
249,645,274,3,0
249,658,248,1,2
249,673,248,1,2
249,689,224,0,3
249,710,248,1,2
250,628,275,2,0
250,641,274,3,2
250,642,225,0,2
250,645,275,2,0
250,673,274,3,2
250,683,251,1,1
251,628,276,3,0
251,642,226,0,3
251,645,276,3,0
251,677,252,2,1
253,670,254,2,1
254,628,279,3,0
254,642,229,0,3
254,645,279,3,0
255,628,280,3,0
255,641,256,2,1
255,642,230,0,3
255,645,280,3,0
255,673,256,2,1
256,628,281,3,0
256,641,257,2,1
256,642,231,0,3
256,645,281,3,0
256,658,257,2,1
256,673,257,2,1
256,689,231,0,3
257,628,282,3,0
257,636,282,3,0
257,641,258,2,1
257,642,232,0,3
257,645,282,3,0
257,658,258,2,1
257,673,258,2,1
257,679,232,0,3
257,710,258,2,1
258,628,283,3,0
258,636,283,3,0
258,641,259,2,1
258,642,233,0,3
258,645,283,3,0
258,655,259,2,1
258,658,259,2,1
258,673,259,2,1
258,679,233,0,3
258,710,259,2,1
258,721,233,0,3
259,628,284,3,0
259,636,284,3,0
259,641,284,3,0
259,642,234,0,3
259,645,284,3,0
259,670,234,0,3
259,673,234,0,3
259,679,234,0,3
260,628,259,1,2
260,636,259,1,2
260,641,285,3,0
260,642,259,1,2
260,645,259,1,2
260,655,235,0,3
260,658,285,3,0
260,670,235,0,3
260,673,235,0,3
260,679,259,1,2
260,710,285,3,0
261,628,260,1,2
261,636,260,1,2
261,641,286,3,0
261,642,260,1,2
261,645,260,1,2
261,658,286,3,0
261,670,236,0,3
261,673,236,0,3
261,679,260,1,2
261,710,286,3,0
262,628,261,1,2
262,641,287,3,0
262,642,261,1,2
262,645,261,1,2
262,658,287,3,0
262,670,237,0,3
262,673,237,0,3
262,710,287,3,0
263,628,262,1,2
263,641,288,3,0
263,642,262,1,2
263,645,262,1,2
263,670,238,0,3
263,673,238,0,3
263,683,262,1,2
264,628,263,1,2
264,642,263,1,2
264,645,263,1,2
264,670,239,0,3
264,677,263,1,2
265,670,240,0,3
266,670,241,0,3
267,628,268,2,1
267,642,268,2,1
267,645,268,2,1
267,670,242,0,3
267,677,266,1,2
268,628,269,2,1
268,641,293,3,0
268,642,269,2,1
268,645,269,2,1
268,670,243,0,3
268,673,243,0,3
268,683,267,1,2
269,628,270,2,1
269,641,294,3,0
269,642,270,2,1
269,645,270,2,1
269,658,294,3,0
269,670,244,0,3
269,673,244,0,3
269,689,270,2,1
269,710,294,3,0
270,628,271,2,1
270,636,271,2,1
270,641,295,3,0
270,642,271,2,1
270,645,271,2,1
270,658,295,3,0
270,670,245,0,3
270,673,245,0,3
270,679,271,2,1
270,710,295,3,0
271,628,272,2,1
271,636,272,2,1
271,641,296,3,0
271,642,272,2,1
271,645,272,2,1
271,655,246,0,3
271,658,296,3,0
271,670,246,0,3
271,673,246,0,3
271,679,272,2,1
271,710,296,3,0
271,721,272,2,1
272,628,297,3,0
272,636,297,3,0
272,641,297,3,0
272,642,247,0,3
272,645,297,3,0
272,670,247,0,3
272,673,247,0,3
272,679,247,0,3
272,721,247,0,3
273,628,298,3,0
273,636,298,3,0
273,641,272,1,2
273,642,248,0,3
273,645,298,3,0
273,658,272,1,2
273,673,272,1,2
273,679,248,0,3
273,710,272,1,2
274,628,299,3,0
274,641,273,1,2
274,642,249,0,3
274,645,299,3,0
274,658,273,1,2
274,673,273,1,2
274,689,249,0,3
274,710,273,1,2
275,628,300,2,0
275,641,299,3,2
275,642,250,0,2
275,645,300,2,0
275,673,299,3,2
275,683,276,1,1
276,628,301,3,0
276,642,251,0,3
276,645,301,3,0
276,677,277,2,1
278,670,279,2,1
279,628,304,3,0
279,642,254,0,3
279,645,304,3,0
280,628,305,3,0
280,641,281,2,1
280,642,255,0,3
280,645,305,3,0
280,673,281,2,1
281,628,306,3,0
281,641,282,2,1
281,642,256,0,3
281,645,306,3,0
281,658,282,2,1
281,673,282,2,1
281,689,256,0,3
282,628,307,3,0
282,636,636,15,0
282,641,283,2,1
282,642,257,0,3
282,645,307,3,0
282,658,283,2,1
282,673,283,2,1
282,679,257,0,3
282,710,283,2,1
283,628,308,3,0
283,636,282,1,2
283,641,284,2,1
283,642,258,0,3
283,645,308,3,0
283,655,284,2,1
283,658,284,2,1
283,673,284,2,1
283,679,258,0,3
283,710,284,2,1
283,721,258,0,3
284,628,309,3,0
284,636,283,1,2
284,641,309,3,0
284,642,259,0,3
284,645,309,3,0
284,679,259,0,3
285,628,284,1,2
285,636,284,1,2
285,641,310,3,0
285,642,284,1,2
285,645,284,1,2
285,655,260,0,3
285,658,310,3,0
285,673,260,0,3
285,679,284,1,2
285,710,310,3,0
286,628,285,1,2
286,636,285,1,2
286,641,311,3,0
286,642,285,1,2
286,645,285,1,2
286,658,311,3,0
286,673,261,0,3
286,679,285,1,2
286,710,311,3,0
287,628,286,1,2
287,641,312,3,0
287,642,286,1,2
287,645,286,1,2
287,658,312,3,0
287,673,262,0,3
287,710,312,3,0
288,628,287,1,2
288,641,313,3,0
288,642,287,1,2
288,645,287,1,2
288,673,263,0,3
288,683,287,1,2
289,628,288,1,2
289,642,288,1,2
289,645,288,1,2
289,677,288,1,2
290,670,315,3,0
292,628,293,2,1
292,642,293,2,1
292,645,293,2,1
292,677,291,1,2
293,628,294,2,1
293,641,318,3,0
293,642,294,2,1
293,645,294,2,1
293,673,268,0,3
293,683,292,1,2
294,628,295,2,1
294,641,319,3,0
294,642,295,2,1
294,645,295,2,1
294,658,319,3,0
294,673,269,0,3
294,689,295,2,1
294,710,319,3,0
295,628,296,2,1
295,636,296,2,1
295,641,320,3,0
295,642,296,2,1
295,645,296,2,1
295,658,320,3,0
295,673,270,0,3
295,679,296,2,1
295,710,320,3,0
296,628,297,2,1
296,636,297,2,1
296,641,321,3,0
296,642,297,2,1
296,645,297,2,1
296,655,271,0,3
296,658,321,3,0
296,673,271,0,3
296,679,297,2,1
296,710,321,3,0
296,721,297,2,1
297,628,322,3,0
297,636,298,2,1
297,641,322,3,0
297,642,272,0,3
297,645,322,3,0
297,679,272,0,3
297,721,272,0,3
298,628,323,3,0
298,636,299,2,1
298,641,297,1,2
298,642,273,0,3
298,645,323,3,0
298,658,297,1,2
298,673,297,1,2
298,679,273,0,3
298,710,297,1,2
299,628,324,3,0
299,641,298,1,2
299,642,274,0,3
299,645,324,3,0
299,658,298,1,2
299,673,298,1,2
299,689,274,0,3
299,710,298,1,2
300,628,325,2,0
300,641,324,3,2
300,642,275,0,2
300,645,325,2,0
300,673,324,3,2
300,683,301,1,1
301,628,326,3,0
301,642,276,0,3
301,645,326,3,0
301,677,302,2,1
303,670,304,2,1
304,628,329,3,0
304,642,279,0,3
304,645,329,3,0
305,628,330,3,0
305,641,306,2,1
305,642,280,0,3
305,645,330,3,0
305,673,306,2,1
306,628,331,3,0
306,641,307,2,1
306,642,281,0,3
306,645,331,3,0
306,658,307,2,1
306,673,307,2,1
306,689,281,0,3
307,628,332,3,0
307,636,282,0,3
307,641,308,2,1
307,642,282,0,3
307,645,332,3,0
307,658,308,2,1
307,673,308,2,1
307,679,282,0,3
307,710,308,2,1
308,628,333,3,0
308,636,283,0,3
308,641,309,2,1
308,642,283,0,3
308,645,333,3,0
308,655,309,2,1
308,658,309,2,1
308,673,309,2,1
308,679,283,0,3
308,710,309,2,1
308,721,283,0,3
309,628,334,3,0
309,641,334,3,0
309,642,284,0,3
309,645,334,3,0
309,679,284,0,3
310,628,309,1,2
310,636,309,1,2
310,641,335,3,0
310,642,309,1,2
310,645,309,1,2
310,655,285,0,3
310,658,335,3,0
310,673,285,0,3
310,679,309,1,2
310,710,335,3,0
311,628,310,1,2
311,636,310,1,2
311,641,336,3,0
311,642,310,1,2
311,645,310,1,2
311,658,336,3,0
311,673,286,0,3
311,679,310,1,2
311,710,336,3,0
312,628,311,1,2
312,641,337,3,0
312,642,311,1,2
312,645,311,1,2
312,658,337,3,0
312,673,287,0,3
312,710,337,3,0
313,628,312,1,2
313,641,338,3,0
313,642,312,1,2
313,645,312,1,2
313,673,288,0,3
313,683,312,1,2
314,628,313,1,2
314,642,313,1,2
314,645,313,1,2
314,677,313,1,2
315,670,340,3,0
317,628,318,2,1
317,642,318,2,1
317,645,318,2,1
317,677,316,1,2
318,628,319,2,1
318,641,343,3,0
318,642,319,2,1
318,645,319,2,1
318,673,293,0,3
318,683,317,1,2
319,628,320,2,1
319,641,344,3,0
319,642,320,2,1
319,645,320,2,1
319,658,344,3,0
319,673,294,0,3
319,689,320,2,1
319,710,344,3,0
320,628,321,2,1
320,636,321,2,1
320,641,345,3,0
320,642,321,2,1
320,645,321,2,1
320,658,345,3,0
320,673,295,0,3
320,679,321,2,1
320,710,345,3,0
321,628,322,2,1
321,636,322,2,1
321,641,346,3,0
321,642,322,2,1
321,645,322,2,1
321,655,296,0,3
321,658,346,3,0
321,673,296,0,3
321,679,322,2,1
321,710,346,3,0
321,721,322,2,1
322,628,347,3,0
322,641,347,3,0
322,642,297,0,3
322,645,347,3,0
322,679,297,0,3
322,721,297,0,3
323,628,348,3,0
323,636,298,0,3
323,641,322,1,2
323,642,298,0,3
323,645,348,3,0
323,658,322,1,2
323,673,322,1,2
323,679,298,0,3
323,710,322,1,2
324,628,349,3,0
324,641,323,1,2
324,642,299,0,3
324,645,349,3,0
324,658,323,1,2
324,673,323,1,2
324,689,299,0,3
324,710,323,1,2
325,628,350,2,0
325,641,349,3,2
325,642,300,0,2
325,645,326,1,1
325,673,349,3,2
325,683,326,1,1
326,628,351,3,0
326,642,301,0,3
326,645,327,2,1
326,677,327,2,1
328,670,329,2,1
329,628,354,3,0
329,642,304,0,3
329,645,645,24,0
330,628,355,3,0
330,641,331,2,1
330,642,305,0,3
330,645,329,1,2
330,673,331,2,1
331,628,356,3,0
331,641,332,2,1
331,642,306,0,3
331,645,330,1,2
331,658,332,2,1
331,673,332,2,1
331,689,306,0,3
332,628,357,3,0
332,636,307,0,3
332,641,333,2,1
332,642,307,0,3
332,645,331,1,2
332,658,333,2,1
332,673,333,2,1
332,679,357,3,0
332,710,333,2,1
333,628,358,3,0
333,636,308,0,3
333,641,334,2,1
333,642,308,0,3
333,645,332,1,2
333,655,334,2,1
333,658,334,2,1
333,673,334,2,1
333,679,358,3,0
333,710,334,2,1
333,721,308,0,3
334,628,359,3,0
334,641,359,3,0
334,642,309,0,3
334,645,333,1,2
335,628,334,1,2
335,636,334,1,2
335,641,360,3,0
335,642,334,1,2
335,645,334,1,2
335,655,310,0,3
335,658,360,3,0
335,673,310,0,3
335,679,334,1,2
335,710,360,3,0
336,628,335,1,2
336,636,335,1,2
336,641,361,3,0
336,642,335,1,2
336,645,335,1,2
336,658,361,3,0
336,673,311,0,3
336,679,335,1,2
336,710,361,3,0
337,628,336,1,2
337,641,362,3,0
337,642,336,1,2
337,645,336,1,2
337,658,362,3,0
337,673,312,0,3
337,710,362,3,0
338,628,337,1,2
338,641,363,3,0
338,642,337,1,2
338,645,337,1,2
338,673,313,0,3
338,683,337,1,2
339,628,338,1,2
339,642,338,1,2
339,645,338,1,2
339,677,338,1,2
340,670,365,3,0
342,628,343,2,1
342,642,343,2,1
342,645,343,2,1
342,677,341,1,2
343,628,344,2,1
343,641,368,3,0
343,642,344,2,1
343,645,344,2,1
343,673,318,0,3
343,683,342,1,2
344,628,345,2,1
344,641,369,3,0
344,642,345,2,1
344,645,345,2,1
344,658,369,3,0
344,673,319,0,3
344,689,345,2,1
344,710,369,3,0
345,628,346,2,1
345,636,346,2,1
345,641,370,3,0
345,642,346,2,1
345,645,346,2,1
345,658,370,3,0
345,673,320,0,3
345,679,346,2,1
345,710,370,3,0
346,628,347,2,1
346,636,347,2,1
346,641,371,3,0
346,642,347,2,1
346,645,347,2,1
346,655,321,0,3
346,658,371,3,0
346,673,321,0,3
346,679,347,2,1
346,710,371,3,0
346,721,347,2,1
347,628,372,3,0
347,641,372,3,0
347,642,322,0,3
347,645,348,2,1
347,721,322,0,3
348,628,373,3,0
348,636,323,0,3
348,641,347,1,2
348,642,323,0,3
348,645,349,2,1
348,658,347,1,2
348,673,347,1,2
348,679,373,3,0
348,710,347,1,2
349,628,374,3,0
349,641,348,1,2
349,642,324,0,3
349,645,325,2,3
349,658,348,1,2
349,673,348,1,2
349,689,324,0,3
349,710,348,1,2
350,628,375,2,0
350,641,374,3,2
350,642,325,0,2
350,645,325,0,2
350,673,374,3,2
350,683,351,1,1
351,628,376,3,0
351,642,326,0,3
351,645,326,0,3
351,677,352,2,1
353,670,354,2,1
354,628,379,3,0
354,642,329,0,3
354,645,329,0,3
355,628,380,3,0
355,641,356,2,1
355,642,330,0,3
355,645,330,0,3
355,673,356,2,1
356,628,381,3,0
356,641,357,2,1
356,642,331,0,3
356,645,331,0,3
356,658,357,2,1
356,673,357,2,1
356,689,331,0,3
357,628,382,3,0
357,636,332,0,3
357,641,358,2,1
357,642,332,0,3
357,645,332,0,3
357,658,358,2,1
357,673,358,2,1
357,679,382,3,0
357,710,358,2,1
358,628,383,3,0
358,636,333,0,3
358,641,359,2,1
358,642,333,0,3
358,645,333,0,3
358,655,359,2,1
358,658,359,2,1
358,673,359,2,1
358,679,383,3,0
358,710,359,2,1
358,721,333,0,3
359,628,384,3,0
359,641,384,3,0
359,642,334,0,3
359,655,384,3,0
359,658,360,2,1
359,673,384,3,0
360,628,359,1,2
360,636,359,1,2
360,641,385,3,0
360,642,359,1,2
360,645,359,1,2
360,655,385,3,0
360,658,361,2,1
360,673,385,3,0
360,679,359,1,2
360,710,385,3,0
361,628,360,1,2
361,636,360,1,2
361,641,386,3,0
361,642,360,1,2
361,645,360,1,2
361,658,362,2,1
361,673,386,3,0
361,679,360,1,2
361,710,386,3,0
362,628,361,1,2
362,641,387,3,0
362,642,361,1,2
362,645,361,1,2
362,658,658,37,0
362,673,387,3,0
362,710,387,3,0
363,628,362,1,2
363,641,388,3,0
363,642,362,1,2
363,645,362,1,2
363,673,388,3,0
363,683,362,1,2
364,628,363,1,2
364,642,363,1,2
364,645,363,1,2
364,677,363,1,2
365,670,390,3,0
367,628,368,2,1
367,642,368,2,1
367,645,368,2,1
367,677,366,1,2
368,628,369,2,1
368,641,393,3,0
368,642,369,2,1
368,645,369,2,1
368,673,393,3,0
368,683,367,1,2
369,628,370,2,1
369,641,394,3,0
369,642,370,2,1
369,645,370,2,1
369,658,368,1,2
369,673,394,3,0
369,689,370,2,1
369,710,394,3,0
370,628,371,2,1
370,636,371,2,1
370,641,395,3,0
370,642,371,2,1
370,645,371,2,1
370,658,369,1,2
370,673,395,3,0
370,679,371,2,1
370,710,395,3,0
371,628,372,2,1
371,636,372,2,1
371,641,396,3,0
371,642,372,2,1
371,645,372,2,1
371,655,396,3,0
371,658,370,1,2
371,673,396,3,0
371,679,372,2,1
371,710,396,3,0
371,721,372,2,1
372,628,397,3,0
372,641,397,3,0
372,642,347,0,3
372,655,397,3,0
372,658,371,1,2
372,673,397,3,0
372,721,347,0,3
373,628,398,3,0
373,636,348,0,3
373,641,372,1,2
373,642,348,0,3
373,645,348,0,3
373,658,372,1,2
373,673,372,1,2
373,679,398,3,0
373,710,372,1,2
374,628,399,3,0
374,641,373,1,2
374,642,349,0,3
374,645,349,0,3
374,658,373,1,2
374,673,373,1,2
374,689,349,0,3
374,710,373,1,2
375,628,376,1,1
375,641,399,3,2
375,642,350,0,2
375,645,350,0,2
375,673,399,3,2
375,683,376,1,1
376,628,377,2,1
376,642,351,0,3
376,645,351,0,3
376,677,377,2,1
378,670,379,2,1
379,628,628,7,0
379,642,354,0,3
379,645,354,0,3
380,628,379,1,2
380,641,381,2,1
380,642,355,0,3
380,645,355,0,3
380,673,381,2,1
381,628,380,1,2
381,641,382,2,1
381,642,356,0,3
381,645,356,0,3
381,658,382,2,1
381,673,382,2,1
381,689,356,0,3
382,628,381,1,2
382,636,357,0,3
382,641,383,2,1
382,642,357,0,3
382,645,357,0,3
382,658,383,2,1
382,673,383,2,1
382,679,407,3,0
382,710,383,2,1
383,628,382,1,2
383,636,358,0,3
383,641,384,2,1
383,642,358,0,3
383,645,358,0,3
383,655,384,2,1
383,658,384,2,1
383,673,384,2,1
383,679,408,3,0
383,710,384,2,1
383,721,358,0,3
384,628,383,1,2
384,642,359,0,3
384,645,359,0,3
384,655,409,3,0
384,658,359,0,3
384,673,409,3,0
384,710,385,2,1
385,628,384,1,2
385,636,384,1,2
385,641,410,3,0
385,642,384,1,2
385,645,384,1,2
385,655,410,3,0
385,658,360,0,3
385,673,410,3,0
385,679,384,1,2
385,710,386,2,1
386,628,385,1,2
386,636,385,1,2
386,641,411,3,0
386,642,385,1,2
386,645,385,1,2
386,658,361,0,3
386,673,411,3,0
386,679,385,1,2
386,710,387,2,1
387,628,386,1,2
387,641,412,3,0
387,642,386,1,2
387,645,386,1,2
387,658,362,0,3
387,673,412,3,0
387,710,710,89,0
388,628,387,1,2
388,641,413,3,0
388,642,387,1,2
388,645,387,1,2
388,673,413,3,0
388,683,387,1,2
389,628,388,1,2
389,642,388,1,2
389,645,388,1,2
389,677,388,1,2
390,670,415,3,0
392,628,393,2,1
392,642,393,2,1
392,645,393,2,1
392,677,391,1,2
393,628,394,2,1
393,641,418,3,0
393,642,394,2,1
393,645,394,2,1
393,673,418,3,0
393,683,392,1,2
394,628,395,2,1
394,641,419,3,0
394,642,395,2,1
394,645,395,2,1
394,658,369,0,3
394,673,419,3,0
394,689,395,2,1
395,628,396,2,1
395,636,396,2,1
395,641,420,3,0
395,642,396,2,1
395,645,396,2,1
395,658,370,0,3
395,673,420,3,0
395,679,396,2,1
395,710,394,1,2
396,628,397,2,1
396,636,397,2,1
396,641,421,3,0
396,642,397,2,1
396,645,397,2,1
396,655,421,3,0
396,658,371,0,3
396,673,421,3,0
396,679,397,2,1
396,710,395,1,2
396,721,397,2,1
397,628,398,2,1
397,642,372,0,3
397,645,372,0,3
397,655,422,3,0
397,658,372,0,3
397,673,422,3,0
397,710,396,1,2
397,721,372,0,3
398,628,399,2,1
398,636,373,0,3
398,641,397,1,2
398,642,373,0,3
398,645,373,0,3
398,658,397,1,2
398,673,397,1,2
398,679,423,3,0
398,710,397,1,2
399,628,375,2,3
399,641,398,1,2
399,642,374,0,3
399,645,374,0,3
399,658,398,1,2
399,673,398,1,2
399,689,374,0,3
399,710,398,1,2
400,628,375,0,2
400,641,424,3,2
400,642,425,2,0
400,645,375,0,2
400,673,424,3,2
400,683,401,1,1
401,628,376,0,3
401,642,426,3,0
401,645,376,0,3
401,677,402,2,1
403,670,404,2,1
404,628,379,0,3
404,642,429,3,0
404,645,379,0,3
405,628,380,0,3
405,641,406,2,1
405,642,430,3,0
405,645,380,0,3
405,673,406,2,1
406,628,381,0,3
406,641,407,2,1
406,642,431,3,0
406,645,381,0,3
406,658,407,2,1
406,673,407,2,1
406,689,381,0,3
407,628,382,0,3
407,636,382,0,3
407,641,408,2,1
407,642,432,3,0
407,645,382,0,3
407,658,408,2,1
407,673,408,2,1
407,679,432,3,0
407,710,408,2,1
408,628,383,0,3
408,636,383,0,3
408,641,409,2,1
408,642,433,3,0
408,645,383,0,3
408,655,409,2,1
408,658,409,2,1
408,673,409,2,1
408,679,433,3,0
408,710,409,2,1
408,721,383,0,3
409,645,384,0,3
409,655,434,3,0
409,658,384,0,3
409,673,434,3,0
409,706,384,0,3
409,710,384,0,3
410,628,409,1,2
410,636,409,1,2
410,641,435,3,0
410,642,409,1,2
410,645,409,1,2
410,655,435,3,0
410,658,385,0,3
410,673,435,3,0
410,679,409,1,2
410,710,385,0,3
411,628,410,1,2
411,636,410,1,2
411,641,436,3,0
411,642,410,1,2
411,645,410,1,2
411,658,386,0,3
411,673,436,3,0
411,679,410,1,2
411,710,386,0,3
412,628,411,1,2
412,641,437,3,0
412,642,411,1,2
412,645,411,1,2
412,658,387,0,3
412,673,437,3,0
412,710,387,0,3
413,628,412,1,2
413,641,438,3,0
413,642,412,1,2
413,645,412,1,2
413,673,438,3,0
413,683,412,1,2
414,628,413,1,2
414,642,413,1,2
414,645,413,1,2
414,677,413,1,2
415,670,440,3,0
417,628,418,2,1
417,642,418,2,1
417,645,418,2,1
417,677,416,1,2
418,628,419,2,1
418,641,443,3,0
418,642,419,2,1
418,645,419,2,1
418,673,443,3,0
418,683,417,1,2
419,628,420,2,1
419,641,444,3,0
419,642,420,2,1
419,645,420,2,1
419,658,394,0,3
419,673,444,3,0
419,689,420,2,1
419,710,394,0,3
420,628,421,2,1
420,636,421,2,1
420,641,445,3,0
420,642,421,2,1
420,645,421,2,1
420,658,395,0,3
420,673,445,3,0
420,679,421,2,1
420,710,395,0,3
421,628,422,2,1
421,636,422,2,1
421,641,446,3,0
421,642,422,2,1
421,645,422,2,1
421,655,446,3,0
421,658,396,0,3
421,673,446,3,0
421,679,422,2,1
421,710,396,0,3
421,721,422,2,1
422,645,397,0,3
422,655,447,3,0
422,658,397,0,3
422,673,447,3,0
422,710,397,0,3
422,721,397,0,3
423,628,398,0,3
423,636,398,0,3
423,641,422,1,2
423,642,448,3,0
423,645,398,0,3
423,658,422,1,2
423,673,422,1,2
423,679,448,3,0
423,710,422,1,2
424,628,399,0,3
424,641,423,1,2
424,642,449,3,0
424,645,399,0,3
424,658,423,1,2
424,673,423,1,2
424,689,399,0,3
424,710,423,1,2
425,628,400,0,2
425,641,449,3,2
425,642,450,2,0
425,645,400,0,2
425,673,449,3,2
425,683,426,1,1
426,628,401,0,3
426,642,451,3,0
426,645,401,0,3
426,677,427,2,1
428,670,429,2,1
429,628,404,0,3
429,642,454,3,0
429,645,404,0,3
430,628,405,0,3
430,641,431,2,1
430,642,455,3,0
430,645,405,0,3
430,673,431,2,1
431,628,406,0,3
431,641,432,2,1
431,642,456,3,0
431,645,406,0,3
431,658,432,2,1
431,673,432,2,1
431,689,406,0,3
432,628,407,0,3
432,636,407,0,3
432,641,433,2,1
432,642,457,3,0
432,645,407,0,3
432,658,433,2,1
432,673,433,2,1
432,679,457,3,0
432,710,433,2,1
433,628,408,0,3
433,636,408,0,3
433,641,434,2,1
433,642,458,3,0
433,645,408,0,3
433,655,434,2,1
433,658,434,2,1
433,673,434,2,1
433,679,458,3,0
433,710,434,2,1
433,721,408,0,3
434,628,409,0,3
434,641,435,2,1
434,642,459,3,0
434,645,409,0,3
434,658,409,0,3
434,673,459,3,0
434,710,409,0,3
435,628,434,1,2
435,636,434,1,2
435,641,436,2,1
435,642,434,1,2
435,645,434,1,2
435,655,460,3,0
435,658,410,0,3
435,673,460,3,0
435,679,434,1,2
435,710,410,0,3
436,628,435,1,2
436,636,435,1,2
436,641,437,2,1
436,642,435,1,2
436,645,435,1,2
436,658,411,0,3
436,673,461,3,0
436,679,435,1,2
436,710,411,0,3
437,628,436,1,2
437,641,438,2,1
437,642,436,1,2
437,645,436,1,2
437,658,412,0,3
437,673,462,3,0
437,710,412,0,3
438,628,437,1,2
438,641,641,20,0
438,642,437,1,2
438,645,437,1,2
438,673,463,3,0
438,683,437,1,2
439,628,438,1,2
439,642,438,1,2
439,645,438,1,2
439,677,438,1,2
440,670,465,3,0
442,628,443,2,1
442,642,443,2,1
442,645,443,2,1
442,677,441,1,2
443,628,444,2,1
443,641,442,1,2
443,642,444,2,1
443,645,444,2,1
443,673,468,3,0
443,683,442,1,2
444,628,445,2,1
444,641,443,1,2
444,642,445,2,1
444,645,445,2,1
444,658,419,0,3
444,673,469,3,0
444,689,445,2,1
444,710,419,0,3
445,628,446,2,1
445,636,446,2,1
445,641,444,1,2
445,642,446,2,1
445,645,446,2,1
445,658,420,0,3
445,673,470,3,0
445,679,446,2,1
445,710,420,0,3
446,628,447,2,1
446,636,447,2,1
446,641,445,1,2
446,642,447,2,1
446,645,447,2,1
446,655,471,3,0
446,658,421,0,3
446,673,471,3,0
446,679,447,2,1
446,710,421,0,3
446,721,447,2,1
447,628,422,0,3
447,641,446,1,2
447,642,472,3,0
447,645,422,0,3
447,658,422,0,3
447,673,472,3,0
447,710,422,0,3
447,721,422,0,3
448,628,423,0,3
448,636,423,0,3
448,641,447,1,2
448,642,473,3,0
448,645,423,0,3
448,658,447,1,2
448,673,447,1,2
448,679,473,3,0
448,710,447,1,2
449,628,424,0,3
449,641,448,1,2
449,642,474,3,0
449,645,424,0,3
449,658,448,1,2
449,673,448,1,2
449,689,424,0,3
449,710,448,1,2
450,628,425,0,2
450,641,474,3,2
450,642,475,2,0
450,645,425,0,2
450,673,474,3,2
450,683,451,1,1
451,628,426,0,3
451,642,476,3,0
451,645,426,0,3
451,677,452,2,1
453,670,454,2,1
454,628,429,0,3
454,642,479,3,0
454,645,429,0,3
455,628,430,0,3
455,641,456,2,1
455,642,480,3,0
455,645,430,0,3
455,673,456,2,1
456,628,431,0,3
456,641,457,2,1
456,642,481,3,0
456,645,431,0,3
456,658,457,2,1
456,673,457,2,1
456,689,431,0,3
457,628,432,0,3
457,636,432,0,3
457,641,458,2,1
457,642,482,3,0
457,645,432,0,3
457,658,458,2,1
457,673,458,2,1
457,679,482,3,0
457,689,432,0,3
457,710,458,2,1
458,628,433,0,3
458,636,433,0,3
458,641,459,2,1
458,642,483,3,0
458,645,433,0,3
458,655,459,2,1
458,658,459,2,1
458,673,459,2,1
458,679,483,3,0
458,689,433,0,3
458,710,459,2,1
458,721,433,0,3
459,628,434,0,3
459,636,434,0,3
459,641,434,0,3
459,642,484,3,0
459,645,434,0,3
459,658,434,0,3
459,673,484,3,0
459,683,434,0,3
459,689,434,0,3
459,710,434,0,3
459,721,434,0,3
460,628,459,1,2
460,636,459,1,2
460,641,435,0,3
460,642,459,1,2
460,645,459,1,2
460,655,485,3,0
460,658,435,0,3
460,673,485,3,0
460,679,459,1,2
460,683,435,0,3
460,710,435,0,3
461,628,460,1,2
461,636,460,1,2
461,641,436,0,3
461,642,460,1,2
461,645,460,1,2
461,658,436,0,3
461,673,486,3,0
461,679,460,1,2
461,683,436,0,3
461,710,436,0,3
462,628,461,1,2
462,641,437,0,3
462,642,461,1,2
462,645,461,1,2
462,658,437,0,3
462,673,487,3,0
462,683,437,0,3
462,710,437,0,3
463,628,462,1,2
463,641,438,0,3
463,642,462,1,2
463,645,462,1,2
463,673,488,3,0
463,683,462,1,2
464,628,463,1,2
464,642,463,1,2
464,645,463,1,2
464,677,463,1,2
465,670,490,3,0
467,628,468,2,1
467,642,468,2,1
467,645,468,2,1
467,677,466,1,2
468,628,469,2,1
468,641,443,0,3
468,642,469,2,1
468,645,469,2,1
468,673,493,3,0
468,683,467,1,2
469,628,470,2,1
469,641,444,0,3
469,642,470,2,1
469,645,470,2,1
469,658,444,0,3
469,673,494,3,0
469,683,444,0,3
469,689,470,2,1
469,710,444,0,3
470,628,471,2,1
470,636,471,2,1
470,641,445,0,3
470,642,471,2,1
470,645,471,2,1
470,658,445,0,3
470,673,495,3,0
470,679,471,2,1
470,683,445,0,3
470,710,445,0,3
471,628,472,2,1
471,636,472,2,1
471,641,446,0,3
471,642,472,2,1
471,645,472,2,1
471,655,496,3,0
471,658,446,0,3
471,673,496,3,0
471,679,472,2,1
471,683,446,0,3
471,710,446,0,3
471,721,472,2,1
472,628,447,0,3
472,636,447,0,3
472,641,447,0,3
472,642,497,3,0
472,645,447,0,3
472,658,447,0,3
472,673,497,3,0
472,683,447,0,3
472,689,447,0,3
472,710,447,0,3
472,721,447,0,3
473,628,448,0,3
473,636,448,0,3
473,641,472,1,2
473,642,498,3,0
473,645,448,0,3
473,658,472,1,2
473,673,472,1,2
473,679,498,3,0
473,689,448,0,3
473,710,472,1,2
474,628,449,0,3
474,641,473,1,2
474,642,499,3,0
474,645,449,0,3
474,658,473,1,2
474,673,473,1,2
474,689,449,0,3
474,710,473,1,2
475,628,450,0,2
475,641,499,3,2
475,642,500,2,0
475,645,450,0,2
475,673,499,3,2
475,683,476,1,1
476,628,451,0,3
476,642,501,3,0
476,645,451,0,3
476,677,477,2,1
478,670,479,2,1
479,628,454,0,3
479,642,504,3,0
479,645,454,0,3
480,628,455,0,3
480,641,481,2,1
480,642,505,3,0
480,645,455,0,3
480,673,481,2,1
481,628,456,0,3
481,641,482,2,1
481,642,506,3,0
481,645,456,0,3
481,658,482,2,1
481,673,482,2,1
481,689,506,3,0
482,628,457,0,3
482,636,457,0,3
482,641,483,2,1
482,642,507,3,0
482,645,457,0,3
482,658,483,2,1
482,673,483,2,1
482,679,507,3,0
482,710,483,2,1
483,628,458,0,3
483,636,458,0,3
483,641,484,2,1
483,642,508,3,0
483,645,458,0,3
483,655,484,2,1
483,658,484,2,1
483,673,484,2,1
483,679,508,3,0
483,710,484,2,1
483,721,508,3,0
484,628,459,0,3
484,636,459,0,3
484,641,459,0,3
484,642,509,3,0
484,645,459,0,3
484,658,459,0,3
484,673,509,3,0
484,679,509,3,0
484,710,459,0,3
485,628,484,1,2
485,636,484,1,2
485,641,460,0,3
485,642,484,1,2
485,645,484,1,2
485,655,510,3,0
485,658,460,0,3
485,673,510,3,0
485,679,484,1,2
485,710,460,0,3
486,628,485,1,2
486,636,485,1,2
486,641,461,0,3
486,642,485,1,2
486,645,485,1,2
486,658,461,0,3
486,673,511,3,0
486,679,485,1,2
486,710,461,0,3
487,628,486,1,2
487,641,462,0,3
487,642,486,1,2
487,645,486,1,2
487,658,462,0,3
487,673,512,3,0
487,710,462,0,3
488,628,487,1,2
488,641,463,0,3
488,642,487,1,2
488,645,487,1,2
488,673,513,3,0
488,683,487,1,2
489,628,488,1,2
489,642,488,1,2
489,645,488,1,2
489,677,488,1,2
490,670,515,3,0
492,628,493,2,1
492,642,493,2,1
492,645,493,2,1
492,677,491,1,2
493,628,494,2,1
493,641,468,0,3
493,642,494,2,1
493,645,494,2,1
493,673,518,3,0
493,683,492,1,2
494,628,495,2,1
494,641,469,0,3
494,642,495,2,1
494,645,495,2,1
494,658,469,0,3
494,673,519,3,0
494,689,495,2,1
494,710,469,0,3
495,628,496,2,1
495,636,496,2,1
495,641,470,0,3
495,642,496,2,1
495,645,496,2,1
495,658,470,0,3
495,673,520,3,0
495,679,496,2,1
495,710,470,0,3
496,628,497,2,1
496,636,497,2,1
496,641,471,0,3
496,642,497,2,1
496,645,497,2,1
496,655,521,3,0
496,658,471,0,3
496,673,521,3,0
496,679,497,2,1
496,710,471,0,3
496,721,497,2,1
497,628,472,0,3
497,636,472,0,3
497,641,472,0,3
497,642,522,3,0
497,645,472,0,3
497,658,472,0,3
497,673,522,3,0
497,679,522,3,0
497,710,472,0,3
497,721,522,3,0
498,628,473,0,3
498,636,473,0,3
498,641,497,1,2
498,642,523,3,0
498,645,473,0,3
498,658,497,1,2
498,673,497,1,2
498,679,523,3,0
498,710,497,1,2
499,628,474,0,3
499,641,498,1,2
499,642,524,3,0
499,645,474,0,3
499,658,498,1,2
499,673,498,1,2
499,689,524,3,0
499,710,498,1,2
500,628,475,0,2
500,641,524,3,2
500,642,525,2,0
500,645,475,0,2
500,673,524,3,2
500,683,501,1,1
501,628,476,0,3
501,642,526,3,0
501,645,476,0,3
501,677,502,2,1
503,670,504,2,1
504,628,479,0,3
504,642,529,3,0
504,645,479,0,3
505,628,480,0,3
505,641,506,2,1
505,642,530,3,0
505,645,480,0,3
505,673,506,2,1
506,628,481,0,3
506,641,507,2,1
506,642,531,3,0
506,645,481,0,3
506,658,507,2,1
506,673,507,2,1
506,689,531,3,0
507,628,482,0,3
507,636,482,0,3
507,641,508,2,1
507,642,532,3,0
507,645,482,0,3
507,658,508,2,1
507,673,508,2,1
507,679,532,3,0
507,710,508,2,1
508,628,483,0,3
508,636,483,0,3
508,641,509,2,1
508,642,533,3,0
508,645,483,0,3
508,655,509,2,1
508,658,509,2,1
508,673,509,2,1
508,679,533,3,0
508,710,509,2,1
508,721,533,3,0
509,628,484,0,3
509,636,484,0,3
509,641,484,0,3
509,642,534,3,0
509,645,484,0,3
509,658,484,0,3
509,673,534,3,0
509,679,534,3,0
509,710,484,0,3
510,628,509,1,2
510,636,509,1,2
510,641,485,0,3
510,642,509,1,2
510,645,509,1,2
510,655,535,3,0
510,658,485,0,3
510,673,535,3,0
510,679,509,1,2
510,710,485,0,3
511,628,510,1,2
511,636,510,1,2
511,641,486,0,3
511,642,510,1,2
511,645,510,1,2
511,658,486,0,3
511,673,536,3,0
511,679,510,1,2
511,710,486,0,3
512,628,511,1,2
512,641,487,0,3
512,642,511,1,2
512,645,511,1,2
512,658,487,0,3
512,673,537,3,0
512,710,487,0,3
513,628,512,1,2
513,641,488,0,3
513,642,512,1,2
513,645,512,1,2
513,673,538,3,0
513,683,512,1,2
514,628,513,1,2
514,642,513,1,2
514,645,513,1,2
514,677,513,1,2
515,670,540,3,0
517,628,518,2,1
517,642,518,2,1
517,645,518,2,1
517,677,516,1,2
518,628,519,2,1
518,641,493,0,3
518,642,519,2,1
518,645,519,2,1
518,673,543,3,0
518,683,517,1,2
519,628,520,2,1
519,641,494,0,3
519,642,520,2,1
519,645,520,2,1
519,658,494,0,3
519,673,544,3,0
519,689,520,2,1
519,710,494,0,3
520,628,521,2,1
520,636,521,2,1
520,641,495,0,3
520,642,521,2,1
520,645,521,2,1
520,658,495,0,3
520,673,545,3,0
520,679,521,2,1
520,710,495,0,3
521,628,522,2,1
521,636,522,2,1
521,641,496,0,3
521,642,522,2,1
521,645,522,2,1
521,655,546,3,0
521,658,496,0,3
521,673,546,3,0
521,679,522,2,1
521,710,496,0,3
521,721,522,2,1
522,628,497,0,3
522,636,497,0,3
522,641,497,0,3
522,642,547,3,0
522,645,497,0,3
522,658,497,0,3
522,673,547,3,0
522,679,547,3,0
522,710,497,0,3
522,721,547,3,0
523,628,498,0,3
523,636,498,0,3
523,641,522,1,2
523,642,548,3,0
523,645,498,0,3
523,658,522,1,2
523,673,522,1,2
523,679,548,3,0
523,710,522,1,2
524,628,499,0,3
524,641,523,1,2
524,642,549,3,0
524,645,499,0,3
524,658,523,1,2
524,673,523,1,2
524,689,549,3,0
524,710,523,1,2
525,628,500,0,2
525,641,549,3,2
525,642,550,2,0
525,645,500,0,2
525,673,549,3,2
525,683,526,1,1
526,628,501,0,3
526,642,551,3,0
526,645,501,0,3
526,677,527,2,1
528,670,529,2,1
529,628,504,0,3
529,642,554,3,0
529,645,504,0,3
530,628,505,0,3
530,641,531,2,1
530,642,555,3,0
530,645,505,0,3
530,673,531,2,1
531,628,506,0,3
531,641,532,2,1
531,642,556,3,0
531,645,506,0,3
531,658,532,2,1
531,673,532,2,1
531,689,556,3,0
532,628,507,0,3
532,636,507,0,3
532,641,533,2,1
532,642,557,3,0
532,645,507,0,3
532,658,533,2,1
532,673,533,2,1
532,679,557,3,0
532,710,533,2,1
533,628,508,0,3
533,636,508,0,3
533,641,534,2,1
533,642,558,3,0
533,645,508,0,3
533,655,534,2,1
533,658,534,2,1
533,673,534,2,1
533,679,558,3,0
533,710,534,2,1
533,721,558,3,0
534,628,509,0,3
534,636,509,0,3
534,641,509,0,3
534,642,559,3,0
534,645,509,0,3
534,658,509,0,3
534,673,559,3,0
534,679,559,3,0
534,710,509,0,3
535,628,534,1,2
535,636,534,1,2
535,641,510,0,3
535,642,534,1,2
535,645,534,1,2
535,655,560,3,0
535,658,510,0,3
535,673,560,3,0
535,679,534,1,2
535,710,510,0,3
536,628,535,1,2
536,636,535,1,2
536,641,511,0,3
536,642,535,1,2
536,645,535,1,2
536,658,511,0,3
536,673,561,3,0
536,679,535,1,2
536,710,511,0,3
537,628,536,1,2
537,641,512,0,3
537,642,536,1,2
537,645,536,1,2
537,658,512,0,3
537,673,562,3,0
537,710,512,0,3
538,628,537,1,2
538,641,513,0,3
538,642,537,1,2
538,645,537,1,2
538,673,563,3,0
538,683,537,1,2
539,628,538,1,2
539,642,538,1,2
539,645,538,1,2
539,677,538,1,2
540,670,565,3,0
542,628,543,2,1
542,642,543,2,1
542,645,543,2,1
542,677,541,1,2
543,628,544,2,1
543,641,518,0,3
543,642,544,2,1
543,645,544,2,1
543,673,568,3,0
543,683,542,1,2
544,628,545,2,1
544,641,519,0,3
544,642,545,2,1
544,645,545,2,1
544,658,519,0,3
544,673,569,3,0
544,689,545,2,1
544,710,519,0,3
545,628,546,2,1
545,636,546,2,1
545,641,520,0,3
545,642,546,2,1
545,645,546,2,1
545,658,520,0,3
545,673,570,3,0
545,679,546,2,1
545,710,520,0,3
546,628,547,2,1
546,636,547,2,1
546,641,521,0,3
546,642,547,2,1
546,645,547,2,1
546,655,571,3,0
546,658,521,0,3
546,673,571,3,0
546,679,547,2,1
546,710,521,0,3
546,721,547,2,1
547,628,522,0,3
547,636,522,0,3
547,641,522,0,3
547,642,572,3,0
547,645,522,0,3
547,658,522,0,3
547,673,572,3,0
547,679,572,3,0
547,710,522,0,3
547,721,572,3,0
548,628,523,0,3
548,636,523,0,3
548,641,547,1,2
548,642,573,3,0
548,645,523,0,3
548,658,547,1,2
548,673,547,1,2
548,679,573,3,0
548,710,547,1,2
549,628,524,0,3
549,641,548,1,2
549,642,574,3,0
549,645,524,0,3
549,658,548,1,2
549,673,548,1,2
549,689,574,3,0
549,710,548,1,2
550,628,525,0,2
550,641,574,3,2
550,642,575,2,0
550,645,525,0,2
550,673,574,3,2
550,683,551,1,1
551,628,526,0,3
551,642,576,3,0
551,645,526,0,3
551,677,552,2,1
553,670,554,2,1
554,628,529,0,3
554,642,579,3,0
554,645,529,0,3
555,628,530,0,3
555,641,556,2,1
555,642,580,3,0
555,645,530,0,3
555,673,556,2,1
556,628,531,0,3
556,641,557,2,1
556,642,581,3,0
556,645,531,0,3
556,658,557,2,1
556,673,557,2,1
556,689,581,3,0
557,628,532,0,3
557,636,532,0,3
557,641,558,2,1
557,642,582,3,0
557,645,532,0,3
557,658,558,2,1
557,673,558,2,1
557,679,582,3,0
557,710,558,2,1
558,628,533,0,3
558,636,533,0,3
558,641,559,2,1
558,642,583,3,0
558,645,533,0,3
558,655,559,2,1
558,658,559,2,1
558,673,559,2,1
558,679,583,3,0
558,710,559,2,1
558,721,583,3,0
559,628,534,0,3
559,636,534,0,3
559,641,534,0,3
559,642,584,3,0
559,645,534,0,3
559,658,534,0,3
559,670,584,3,0
559,673,584,3,0
559,679,584,3,0
559,710,534,0,3
560,628,559,1,2
560,636,559,1,2
560,641,535,0,3
560,642,559,1,2
560,645,559,1,2
560,655,585,3,0
560,658,535,0,3
560,670,585,3,0
560,673,585,3,0
560,679,559,1,2
560,710,535,0,3
561,628,560,1,2
561,636,560,1,2
561,641,536,0,3
561,642,560,1,2
561,645,560,1,2
561,658,536,0,3
561,670,586,3,0
561,673,586,3,0
561,679,560,1,2
561,710,536,0,3
562,628,561,1,2
562,641,537,0,3
562,642,561,1,2
562,645,561,1,2
562,658,537,0,3
562,670,587,3,0
562,673,587,3,0
562,710,537,0,3
563,628,562,1,2
563,641,538,0,3
563,642,562,1,2
563,645,562,1,2
563,670,588,3,0
563,673,588,3,0
563,683,562,1,2
564,628,563,1,2
564,642,563,1,2
564,645,563,1,2
564,670,589,3,0
564,677,563,1,2
565,670,590,3,0
566,670,591,3,0
567,628,568,2,1
567,642,568,2,1
567,645,568,2,1
567,670,592,3,0
567,677,566,1,2
568,628,569,2,1
568,641,543,0,3
568,642,569,2,1
568,645,569,2,1
568,670,593,3,0
568,673,593,3,0
568,683,567,1,2
569,628,570,2,1
569,641,544,0,3
569,642,570,2,1
569,645,570,2,1
569,658,544,0,3
569,670,594,3,0
569,673,594,3,0
569,689,570,2,1
569,710,544,0,3
570,628,571,2,1
570,636,571,2,1
570,641,545,0,3
570,642,571,2,1
570,645,571,2,1
570,658,545,0,3
570,670,595,3,0
570,673,595,3,0
570,679,571,2,1
570,710,545,0,3
571,628,572,2,1
571,636,572,2,1
571,641,546,0,3
571,642,572,2,1
571,645,572,2,1
571,655,596,3,0
571,658,546,0,3
571,670,596,3,0
571,673,596,3,0
571,679,572,2,1
571,710,546,0,3
571,721,572,2,1
572,628,547,0,3
572,636,547,0,3
572,641,547,0,3
572,642,597,3,0
572,645,547,0,3
572,658,547,0,3
572,670,597,3,0
572,673,597,3,0
572,679,597,3,0
572,710,547,0,3
572,721,597,3,0
573,628,548,0,3
573,636,548,0,3
573,641,572,1,2
573,642,598,3,0
573,645,548,0,3
573,658,572,1,2
573,673,572,1,2
573,679,598,3,0
573,710,572,1,2
574,628,549,0,3
574,641,573,1,2
574,642,599,3,0
574,645,549,0,3
574,658,573,1,2
574,673,573,1,2
574,689,599,3,0
574,710,573,1,2
575,628,550,0,2
575,641,599,3,2
575,642,600,2,0
575,645,550,0,2
575,673,599,3,2
575,683,576,1,1
576,628,551,0,3
576,642,601,3,0
576,645,551,0,3
576,677,577,2,1
578,670,579,2,1
579,628,554,0,3
579,642,604,3,0
579,645,554,0,3
580,628,555,0,3
580,641,581,2,1
580,642,605,3,0
580,645,555,0,3
580,673,581,2,1
581,628,556,0,3
581,641,582,2,1
581,642,606,3,0
581,645,556,0,3
581,658,582,2,1
581,673,582,2,1
581,689,606,3,0
582,628,557,0,3
582,636,557,0,3
582,641,583,2,1
582,642,607,3,0
582,645,557,0,3
582,658,583,2,1
582,673,583,2,1
582,679,607,3,0
582,710,583,2,1
583,628,558,0,3
583,636,558,0,3
583,641,584,2,1
583,642,608,3,0
583,645,558,0,3
583,655,584,2,1
583,658,584,2,1
583,673,584,2,1
583,679,608,3,0
583,710,584,2,1
583,721,608,3,0
584,628,559,0,3
584,636,559,0,3
584,641,559,0,3
584,642,609,3,0
584,645,559,0,3
584,670,585,2,1
584,679,609,3,0
585,628,584,1,2
585,636,584,1,2
585,641,560,0,3
585,642,584,1,2
585,645,584,1,2
585,655,610,3,0
585,658,560,0,3
585,670,586,2,1
585,673,610,3,0
585,679,584,1,2
585,710,560,0,3
586,628,585,1,2
586,636,585,1,2
586,641,561,0,3
586,642,585,1,2
586,645,585,1,2
586,658,561,0,3
586,670,587,2,1
586,673,611,3,0
586,679,585,1,2
586,710,561,0,3
587,628,586,1,2
587,641,562,0,3
587,642,586,1,2
587,645,586,1,2
587,658,562,0,3
587,670,588,2,1
587,673,612,3,0
587,710,562,0,3
588,628,587,1,2
588,641,563,0,3
588,642,587,1,2
588,645,587,1,2
588,670,589,2,1
588,673,613,3,0
588,683,587,1,2
589,628,588,1,2
589,642,588,1,2
589,645,588,1,2
589,670,590,2,1
589,677,588,1,2
590,670,670,49,0
591,670,590,1,2
592,628,593,2,1
592,642,593,2,1
592,645,593,2,1
592,670,591,1,2
592,677,591,1,2
593,628,594,2,1
593,641,568,0,3
593,642,594,2,1
593,645,594,2,1
593,670,592,1,2
593,673,618,3,0
593,683,592,1,2
594,628,595,2,1
594,641,569,0,3
594,642,595,2,1
594,645,595,2,1
594,658,569,0,3
594,670,593,1,2
594,673,619,3,0
594,689,595,2,1
594,710,569,0,3
595,628,596,2,1
595,636,596,2,1
595,641,570,0,3
595,642,596,2,1
595,645,596,2,1
595,658,570,0,3
595,670,594,1,2
595,673,620,3,0
595,679,596,2,1
595,710,570,0,3
596,628,597,2,1
596,636,597,2,1
596,641,571,0,3
596,642,597,2,1
596,645,597,2,1
596,655,621,3,0
596,658,571,0,3
596,670,595,1,2
596,673,621,3,0
596,679,597,2,1
596,710,571,0,3
596,721,597,2,1
597,628,572,0,3
597,636,572,0,3
597,641,572,0,3
597,642,622,3,0
597,645,572,0,3
597,670,596,1,2
597,679,622,3,0
597,721,622,3,0
598,628,573,0,3
598,636,573,0,3
598,641,597,1,2
598,642,623,3,0
598,645,573,0,3
598,658,597,1,2
598,673,597,1,2
598,679,623,3,0
598,710,597,1,2
599,628,574,0,3
599,641,598,1,2
599,642,624,3,0
599,645,574,0,3
599,658,598,1,2
599,673,598,1,2
599,689,624,3,0
599,710,598,1,2
600,628,575,0,2
600,641,624,3,2
600,642,0,2,3
600,645,575,0,2
600,673,624,3,2
600,683,601,1,1
601,628,576,0,3
601,642,1,3,3
601,645,576,0,3
601,677,602,2,1
603,670,604,2,1
604,628,579,0,3
604,642,4,3,3
604,645,579,0,3
605,628,580,0,3
605,641,606,2,1
605,642,5,3,3
605,645,580,0,3
605,673,606,2,1
606,628,581,0,3
606,641,607,2,1
606,642,6,3,3
606,645,581,0,3
606,658,607,2,1
606,673,607,2,1
606,689,6,3,3
607,628,582,0,3
607,636,7,3,3
607,641,608,2,1
607,642,7,3,3
607,645,582,0,3
607,658,608,2,1
607,673,608,2,1
607,679,7,3,3
607,710,608,2,1
608,628,583,0,3
608,636,8,3,3
608,641,609,2,1
608,642,8,3,3
608,645,583,0,3
608,655,609,2,1
608,658,609,2,1
608,673,609,2,1
608,679,8,3,3
608,710,609,2,1
608,721,8,3,3
609,628,584,0,3
609,641,584,0,3
609,642,9,3,3
609,645,584,0,3
609,679,9,3,3
610,628,609,1,2
610,636,609,1,2
610,641,585,0,3
610,642,609,1,2
610,645,609,1,2
610,655,10,3,3
610,658,585,0,3
610,673,10,3,3
610,679,609,1,2
610,710,585,0,3
611,628,610,1,2
611,636,610,1,2
611,641,586,0,3
611,642,610,1,2
611,645,610,1,2
611,658,586,0,3
611,673,11,3,3
611,679,610,1,2
611,710,586,0,3
612,628,611,1,2
612,641,587,0,3
612,642,611,1,2
612,645,611,1,2
612,658,587,0,3
612,673,12,3,3
612,710,587,0,3
613,628,612,1,2
613,641,588,0,3
613,642,612,1,2
613,645,612,1,2
613,673,13,3,3
613,683,612,1,2
614,628,613,1,2
614,642,613,1,2
614,645,613,1,2
614,677,613,1,2
615,670,590,0,3
617,628,618,2,1
617,642,618,2,1
617,645,618,2,1
617,677,616,1,2
618,628,619,2,1
618,641,593,0,3
618,642,619,2,1
618,645,619,2,1
618,673,18,3,3
618,683,617,1,2
619,628,620,2,1
619,641,594,0,3
619,642,620,2,1
619,645,620,2,1
619,658,594,0,3
619,673,19,3,3
619,689,620,2,1
619,710,594,0,3
620,628,621,2,1
620,636,621,2,1
620,641,595,0,3
620,642,621,2,1
620,645,621,2,1
620,658,595,0,3
620,673,20,3,3
620,679,621,2,1
620,710,595,0,3
621,628,622,2,1
621,636,622,2,1
621,641,596,0,3
621,642,622,2,1
621,645,622,2,1
621,655,21,3,3
621,658,596,0,3
621,673,21,3,3
621,679,622,2,1
621,710,596,0,3
621,721,622,2,1
622,628,597,0,3
622,641,597,0,3
622,642,22,3,3
622,645,597,0,3
622,679,22,3,3
622,721,22,3,3
623,628,598,0,3
623,636,23,3,3
623,641,622,1,2
623,642,23,3,3
623,645,598,0,3
623,658,622,1,2
623,673,622,1,2
623,679,23,3,3
623,710,622,1,2
624,628,599,0,3
624,641,623,1,2
624,642,24,3,3
624,645,599,0,3
624,658,623,1,2
624,673,623,1,2
624,689,24,3,3
624,710,623,1,2
628,625,379,0,7
628,626,379,0,7
628,627,379,0,7
628,629,379,0,7
628,630,379,0,7
628,631,379,0,7
628,632,379,0,7
628,633,379,0,7
628,634,379,0,7
628,635,379,0,7
628,636,379,0,7
628,637,379,0,7
628,638,379,0,7
628,639,379,0,7
628,640,379,0,7
628,641,379,0,7
628,642,379,0,7
628,643,379,0,7
628,644,379,0,7
628,645,379,0,7
628,646,379,0,7
628,647,379,0,7
628,648,379,0,7
628,649,379,0,7
628,650,379,0,7
628,651,379,0,7
628,652,379,0,7
628,653,379,0,7
628,654,379,0,7
628,655,379,0,7
628,656,379,0,7
628,657,379,0,7
628,658,379,0,7
628,659,379,0,7
628,660,379,0,7
628,661,379,0,7
628,662,379,0,7
628,663,379,0,7
628,664,379,0,7
628,665,379,0,7
628,666,379,0,7
628,667,379,0,7
628,668,379,0,7
628,669,379,0,7
628,670,379,0,7
628,671,379,0,7
628,672,379,0,7
628,673,379,0,7
628,674,379,0,7
628,675,379,0,7
628,676,379,0,7
628,677,379,0,7
628,678,379,0,7
628,679,379,0,7
628,680,379,0,7
628,681,379,0,7
628,682,379,0,7
628,683,379,0,7
628,684,379,0,7
628,685,379,0,7
628,686,379,0,7
628,687,379,0,7
628,688,379,0,7
628,689,379,0,7
628,690,379,0,7
628,691,379,0,7
628,692,379,0,7
628,693,379,0,7
628,694,379,0,7
628,695,379,0,7
628,696,379,0,7
628,697,379,0,7
628,698,379,0,7
628,699,379,0,7
628,700,379,0,7
628,701,379,0,7
628,702,379,0,7
628,703,379,0,7
628,704,379,0,7
628,705,379,0,7
628,706,379,0,7
628,707,379,0,7
628,708,379,0,7
628,709,379,0,7
628,710,379,0,7
628,711,379,0,7
628,712,379,0,7
628,713,379,0,7
628,714,379,0,7
628,715,379,0,7
628,716,379,0,7
628,717,379,0,7
628,718,379,0,7
628,719,379,0,7
628,720,379,0,7
628,721,379,0,7
628,722,379,0,7
628,723,379,0,7
628,724,379,0,7
636,625,282,0,15
636,626,282,0,15
636,627,282,0,15
636,628,282,0,15
636,629,282,0,15
636,630,282,0,15
636,631,282,0,15
636,632,282,0,15
636,633,282,0,15
636,634,282,0,15
636,635,282,0,15
636,637,282,0,15
636,638,282,0,15
636,639,282,0,15
636,640,282,0,15
636,641,282,0,15
636,642,282,0,15
636,643,282,0,15
636,644,282,0,15
636,645,282,0,15
636,646,282,0,15
636,647,282,0,15
636,648,282,0,15
636,649,282,0,15
636,650,282,0,15
636,651,282,0,15
636,652,282,0,15
636,653,282,0,15
636,654,282,0,15
636,655,282,0,15
636,656,282,0,15
636,657,282,0,15
636,658,282,0,15
636,659,282,0,15
636,660,282,0,15
636,661,282,0,15
636,662,282,0,15
636,663,282,0,15
636,664,282,0,15
636,665,282,0,15
636,666,282,0,15
636,667,282,0,15
636,668,282,0,15
636,669,282,0,15
636,670,282,0,15
636,671,282,0,15
636,672,282,0,15
636,673,282,0,15
636,674,282,0,15
636,675,282,0,15
636,676,282,0,15
636,677,282,0,15
636,678,282,0,15
636,679,282,0,15
636,680,282,0,15
636,681,282,0,15
636,682,282,0,15
636,683,282,0,15
636,684,282,0,15
636,685,282,0,15
636,686,282,0,15
636,687,282,0,15
636,688,282,0,15
636,689,282,0,15
636,690,282,0,15
636,691,282,0,15
636,692,282,0,15
636,693,282,0,15
636,694,282,0,15
636,695,282,0,15
636,696,282,0,15
636,697,282,0,15
636,698,282,0,15
636,699,282,0,15
636,700,282,0,15
636,701,282,0,15
636,702,282,0,15
636,703,282,0,15
636,704,282,0,15
636,705,282,0,15
636,706,282,0,15
636,707,282,0,15
636,708,282,0,15
636,709,282,0,15
636,710,282,0,15
636,711,282,0,15
636,712,282,0,15
636,713,282,0,15
636,714,282,0,15
636,715,282,0,15
636,716,282,0,15
636,717,282,0,15
636,718,282,0,15
636,719,282,0,15
636,720,282,0,15
636,721,282,0,15
636,722,282,0,15
636,723,282,0,15
636,724,282,0,15
641,625,438,0,20
641,626,438,0,20
641,627,438,0,20
641,628,438,0,20
641,629,438,0,20
641,630,438,0,20
641,631,438,0,20
641,632,438,0,20
641,633,438,0,20
641,634,438,0,20
641,635,438,0,20
641,636,438,0,20
641,637,438,0,20
641,638,438,0,20
641,639,438,0,20
641,640,438,0,20
641,642,438,0,20
641,643,438,0,20
641,644,438,0,20
641,645,438,0,20
641,646,438,0,20
641,647,438,0,20
641,648,438,0,20
641,649,438,0,20
641,650,438,0,20
641,651,438,0,20
641,652,438,0,20
641,653,438,0,20
641,654,438,0,20
641,655,438,0,20
641,656,438,0,20
641,657,438,0,20
641,658,438,0,20
641,659,438,0,20
641,660,438,0,20
641,661,438,0,20
641,662,438,0,20
641,663,438,0,20
641,664,438,0,20
641,665,438,0,20
641,666,438,0,20
641,667,438,0,20
641,668,438,0,20
641,669,438,0,20
641,670,438,0,20
641,671,438,0,20
641,672,438,0,20
641,673,438,0,20
641,674,438,0,20
641,675,438,0,20
641,676,438,0,20
641,677,438,0,20
641,678,438,0,20
641,679,438,0,20
641,680,438,0,20
641,681,438,0,20
641,682,438,0,20
641,683,438,0,20
641,684,438,0,20
641,685,438,0,20
641,686,438,0,20
641,687,438,0,20
641,688,438,0,20
641,689,438,0,20
641,690,438,0,20
641,691,438,0,20
641,692,438,0,20
641,693,438,0,20
641,694,438,0,20
641,695,438,0,20
641,696,438,0,20
641,697,438,0,20
641,698,438,0,20
641,699,438,0,20
641,700,438,0,20
641,701,438,0,20
641,702,438,0,20
641,703,438,0,20
641,704,438,0,20
641,705,438,0,20
641,706,438,0,20
641,707,438,0,20
641,708,438,0,20
641,709,438,0,20
641,710,438,0,20
641,711,438,0,20
641,712,438,0,20
641,713,438,0,20
641,714,438,0,20
641,715,438,0,20
641,716,438,0,20
641,717,438,0,20
641,718,438,0,20
641,719,438,0,20
641,720,438,0,20
641,721,438,0,20
641,722,438,0,20
641,723,438,0,20
641,724,438,0,20
642,625,79,0,21
642,626,79,0,21
642,627,79,0,21
642,628,79,0,21
642,629,79,0,21
642,630,79,0,21
642,631,79,0,21
642,632,79,0,21
642,633,79,0,21
642,634,79,0,21
642,635,79,0,21
642,636,79,0,21
642,637,79,0,21
642,638,79,0,21
642,639,79,0,21
642,640,79,0,21
642,641,79,0,21
642,643,79,0,21
642,644,79,0,21
642,645,79,0,21
642,646,79,0,21
642,647,79,0,21
642,648,79,0,21
642,649,79,0,21
642,650,79,0,21
642,651,79,0,21
642,652,79,0,21
642,653,79,0,21
642,654,79,0,21
642,655,79,0,21
642,656,79,0,21
642,657,79,0,21
642,658,79,0,21
642,659,79,0,21
642,660,79,0,21
642,661,79,0,21
642,662,79,0,21
642,663,79,0,21
642,664,79,0,21
642,665,79,0,21
642,666,79,0,21
642,667,79,0,21
642,668,79,0,21
642,669,79,0,21
642,670,79,0,21
642,671,79,0,21
642,672,79,0,21
642,673,79,0,21
642,674,79,0,21
642,675,79,0,21
642,676,79,0,21
642,677,79,0,21
642,678,79,0,21
642,679,79,0,21
642,680,79,0,21
642,681,79,0,21
642,682,79,0,21
642,683,79,0,21
642,684,79,0,21
642,685,79,0,21
642,686,79,0,21
642,687,79,0,21
642,688,79,0,21
642,689,79,0,21
642,690,79,0,21
642,691,79,0,21
642,692,79,0,21
642,693,79,0,21
642,694,79,0,21
642,695,79,0,21
642,696,79,0,21
642,697,79,0,21
642,698,79,0,21
642,699,79,0,21
642,700,79,0,21
642,701,79,0,21
642,702,79,0,21
642,703,79,0,21
642,704,79,0,21
642,705,79,0,21
642,706,79,0,21
642,707,79,0,21
642,708,79,0,21
642,709,79,0,21
642,710,79,0,21
642,711,79,0,21
642,712,79,0,21
642,713,79,0,21
642,714,79,0,21
642,715,79,0,21
642,716,79,0,21
642,717,79,0,21
642,718,79,0,21
642,719,79,0,21
642,720,79,0,21
642,721,79,0,21
642,722,79,0,21
642,723,79,0,21
642,724,79,0,21
645,625,329,0,24
645,626,329,0,24
645,627,329,0,24
645,628,329,0,24
645,629,329,0,24
645,630,329,0,24
645,631,329,0,24
645,632,329,0,24
645,633,329,0,24
645,634,329,0,24
645,635,329,0,24
645,636,329,0,24
645,637,329,0,24
645,638,329,0,24
645,639,329,0,24
645,640,329,0,24
645,641,329,0,24
645,642,329,0,24
645,643,329,0,24
645,644,329,0,24
645,646,329,0,24
645,647,329,0,24
645,648,329,0,24
645,649,329,0,24
645,650,329,0,24
645,651,329,0,24
645,652,329,0,24
645,653,329,0,24
645,654,329,0,24
645,655,329,0,24
645,656,329,0,24
645,657,329,0,24
645,658,329,0,24
645,659,329,0,24
645,660,329,0,24
645,661,329,0,24
645,662,329,0,24
645,663,329,0,24
645,664,329,0,24
645,665,329,0,24
645,666,329,0,24
645,667,329,0,24
645,668,329,0,24
645,669,329,0,24
645,670,329,0,24
645,671,329,0,24
645,672,329,0,24
645,673,329,0,24
645,674,329,0,24
645,675,329,0,24
645,676,329,0,24
645,677,329,0,24
645,678,329,0,24
645,679,329,0,24
645,680,329,0,24
645,681,329,0,24
645,682,329,0,24
645,683,329,0,24
645,684,329,0,24
645,685,329,0,24
645,686,329,0,24
645,687,329,0,24
645,688,329,0,24
645,689,329,0,24
645,690,329,0,24
645,691,329,0,24
645,692,329,0,24
645,693,329,0,24
645,694,329,0,24
645,695,329,0,24
645,696,329,0,24
645,697,329,0,24
645,698,329,0,24
645,699,329,0,24
645,700,329,0,24
645,701,329,0,24
645,702,329,0,24
645,703,329,0,24
645,704,329,0,24
645,705,329,0,24
645,706,329,0,24
645,707,329,0,24
645,708,329,0,24
645,709,329,0,24
645,710,329,0,24
645,711,329,0,24
645,712,329,0,24
645,713,329,0,24
645,714,329,0,24
645,715,329,0,24
645,716,329,0,24
645,717,329,0,24
645,718,329,0,24
645,719,329,0,24
645,720,329,0,24
645,721,329,0,24
645,722,329,0,24
645,723,329,0,24
645,724,329,0,24
655,625,35,0,34
655,626,35,0,34
655,627,35,0,34
655,628,35,0,34
655,629,35,0,34
655,630,35,0,34
655,631,35,0,34
655,632,35,0,34
655,633,35,0,34
655,634,35,0,34
655,635,35,0,34
655,636,35,0,34
655,637,35,0,34
655,638,35,0,34
655,639,35,0,34
655,640,35,0,34
655,641,35,0,34
655,642,35,0,34
655,643,35,0,34
655,644,35,0,34
655,645,35,0,34
655,646,35,0,34
655,647,35,0,34
655,648,35,0,34
655,649,35,0,34
655,650,35,0,34
655,651,35,0,34
655,652,35,0,34
655,653,35,0,34
655,654,35,0,34
655,656,35,0,34
655,657,35,0,34
655,658,35,0,34
655,659,35,0,34
655,660,35,0,34
655,661,35,0,34
655,662,35,0,34
655,663,35,0,34
655,664,35,0,34
655,665,35,0,34
655,666,35,0,34
655,667,35,0,34
655,668,35,0,34
655,669,35,0,34
655,670,35,0,34
655,671,35,0,34
655,672,35,0,34
655,673,35,0,34
655,674,35,0,34
655,675,35,0,34
655,676,35,0,34
655,677,35,0,34
655,678,35,0,34
655,679,35,0,34
655,680,35,0,34
655,681,35,0,34
655,682,35,0,34
655,683,35,0,34
655,684,35,0,34
655,685,35,0,34
655,686,35,0,34
655,687,35,0,34
655,688,35,0,34
655,689,35,0,34
655,690,35,0,34
655,691,35,0,34
655,692,35,0,34
655,693,35,0,34
655,694,35,0,34
655,695,35,0,34
655,696,35,0,34
655,697,35,0,34
655,698,35,0,34
655,699,35,0,34
655,700,35,0,34
655,701,35,0,34
655,702,35,0,34
655,703,35,0,34
655,704,35,0,34
655,705,35,0,34
655,706,35,0,34
655,707,35,0,34
655,708,35,0,34
655,709,35,0,34
655,710,35,0,34
655,711,35,0,34
655,712,35,0,34
655,713,35,0,34
655,714,35,0,34
655,715,35,0,34
655,716,35,0,34
655,717,35,0,34
655,718,35,0,34
655,719,35,0,34
655,720,35,0,34
655,721,35,0,34
655,722,35,0,34
655,723,35,0,34
655,724,35,0,34
658,625,362,0,37
658,626,362,0,37
658,627,362,0,37
658,628,362,0,37
658,629,362,0,37
658,630,362,0,37
658,631,362,0,37
658,632,362,0,37
658,633,362,0,37
658,634,362,0,37
658,635,362,0,37
658,636,362,0,37
658,637,362,0,37
658,638,362,0,37
658,639,362,0,37
658,640,362,0,37
658,641,362,0,37
658,642,362,0,37
658,643,362,0,37
658,644,362,0,37
658,645,362,0,37
658,646,362,0,37
658,647,362,0,37
658,648,362,0,37
658,649,362,0,37
658,650,362,0,37
658,651,362,0,37
658,652,362,0,37
658,653,362,0,37
658,654,362,0,37
658,655,362,0,37
658,656,362,0,37
658,657,362,0,37
658,659,362,0,37
658,660,362,0,37
658,661,362,0,37
658,662,362,0,37
658,663,362,0,37
658,664,362,0,37
658,665,362,0,37
658,666,362,0,37
658,667,362,0,37
658,668,362,0,37
658,669,362,0,37
658,670,362,0,37
658,671,362,0,37
658,672,362,0,37
658,673,362,0,37
658,674,362,0,37
658,675,362,0,37
658,676,362,0,37
658,677,362,0,37
658,678,362,0,37
658,679,362,0,37
658,680,362,0,37
658,681,362,0,37
658,682,362,0,37
658,683,362,0,37
658,684,362,0,37
658,685,362,0,37
658,686,362,0,37
658,687,362,0,37
658,688,362,0,37
658,689,362,0,37
658,690,362,0,37
658,691,362,0,37
658,692,362,0,37
658,693,362,0,37
658,694,362,0,37
658,695,362,0,37
658,696,362,0,37
658,697,362,0,37
658,698,362,0,37
658,699,362,0,37
658,700,362,0,37
658,701,362,0,37
658,702,362,0,37
658,703,362,0,37
658,704,362,0,37
658,705,362,0,37
658,706,362,0,37
658,707,362,0,37
658,708,362,0,37
658,709,362,0,37
658,710,362,0,37
658,711,362,0,37
658,712,362,0,37
658,713,362,0,37
658,714,362,0,37
658,715,362,0,37
658,716,362,0,37
658,717,362,0,37
658,718,362,0,37
658,719,362,0,37
658,720,362,0,37
658,721,362,0,37
658,722,362,0,37
658,723,362,0,37
658,724,362,0,37
670,625,590,0,49
670,626,590,0,49
670,627,590,0,49
670,628,590,0,49
670,629,590,0,49
670,630,590,0,49
670,631,590,0,49
670,632,590,0,49
670,633,590,0,49
670,634,590,0,49
670,635,590,0,49
670,636,590,0,49
670,637,590,0,49
670,638,590,0,49
670,639,590,0,49
670,640,590,0,49
670,641,590,0,49
670,642,590,0,49
670,643,590,0,49
670,644,590,0,49
670,645,590,0,49
670,646,590,0,49
670,647,590,0,49
670,648,590,0,49
670,649,590,0,49
670,650,590,0,49
670,651,590,0,49
670,652,590,0,49
670,653,590,0,49
670,654,590,0,49
670,655,590,0,49
670,656,590,0,49
670,657,590,0,49
670,658,590,0,49
670,659,590,0,49
670,660,590,0,49
670,661,590,0,49
670,662,590,0,49
670,663,590,0,49
670,664,590,0,49
670,665,590,0,49
670,666,590,0,49
670,667,590,0,49
670,668,590,0,49
670,669,590,0,49
670,671,590,0,49
670,672,590,0,49
670,673,590,0,49
670,674,590,0,49
670,675,590,0,49
670,676,590,0,49
670,677,590,0,49
670,678,590,0,49
670,679,590,0,49
670,680,590,0,49
670,681,590,0,49
670,682,590,0,49
670,683,590,0,49
670,684,590,0,49
670,685,590,0,49
670,686,590,0,49
670,687,590,0,49
670,688,590,0,49
670,689,590,0,49
670,690,590,0,49
670,691,590,0,49
670,692,590,0,49
670,693,590,0,49
670,694,590,0,49
670,695,590,0,49
670,696,590,0,49
670,697,590,0,49
670,698,590,0,49
670,699,590,0,49
670,700,590,0,49
670,701,590,0,49
670,702,590,0,49
670,703,590,0,49
670,704,590,0,49
670,705,590,0,49
670,706,590,0,49
670,707,590,0,49
670,708,590,0,49
670,709,590,0,49
670,710,590,0,49
670,711,590,0,49
670,712,590,0,49
670,713,590,0,49
670,714,590,0,49
670,715,590,0,49
670,716,590,0,49
670,717,590,0,49
670,718,590,0,49
670,719,590,0,49
670,720,590,0,49
670,721,590,0,49
670,722,590,0,49
670,723,590,0,49
670,724,590,0,49
673,625,38,0,52
673,626,38,0,52
673,627,38,0,52
673,628,38,0,52
673,629,38,0,52
673,630,38,0,52
673,631,38,0,52
673,632,38,0,52
673,633,38,0,52
673,634,38,0,52
673,635,38,0,52
673,636,38,0,52
673,637,38,0,52
673,638,38,0,52
673,639,38,0,52
673,640,38,0,52
673,641,38,0,52
673,642,38,0,52
673,643,38,0,52
673,644,38,0,52
673,645,38,0,52
673,646,38,0,52
673,647,38,0,52
673,648,38,0,52
673,649,38,0,52
673,650,38,0,52
673,651,38,0,52
673,652,38,0,52
673,653,38,0,52
673,654,38,0,52
673,655,38,0,52
673,656,38,0,52
673,657,38,0,52
673,658,38,0,52
673,659,38,0,52
673,660,38,0,52
673,661,38,0,52
673,662,38,0,52
673,663,38,0,52
673,664,38,0,52
673,665,38,0,52
673,666,38,0,52
673,667,38,0,52
673,668,38,0,52
673,669,38,0,52
673,670,38,0,52
673,671,38,0,52
673,672,38,0,52
673,674,38,0,52
673,675,38,0,52
673,676,38,0,52
673,677,38,0,52
673,678,38,0,52
673,679,38,0,52
673,680,38,0,52
673,681,38,0,52
673,682,38,0,52
673,683,38,0,52
673,684,38,0,52
673,685,38,0,52
673,686,38,0,52
673,687,38,0,52
673,688,38,0,52
673,689,38,0,52
673,690,38,0,52
673,691,38,0,52
673,692,38,0,52
673,693,38,0,52
673,694,38,0,52
673,695,38,0,52
673,696,38,0,52
673,697,38,0,52
673,698,38,0,52
673,699,38,0,52
673,700,38,0,52
673,701,38,0,52
673,702,38,0,52
673,703,38,0,52
673,704,38,0,52
673,705,38,0,52
673,706,38,0,52
673,707,38,0,52
673,708,38,0,52
673,709,38,0,52
673,710,38,0,52
673,711,38,0,52
673,712,38,0,52
673,713,38,0,52
673,714,38,0,52
673,715,38,0,52
673,716,38,0,52
673,717,38,0,52
673,718,38,0,52
673,719,38,0,52
673,720,38,0,52
673,721,38,0,52
673,722,38,0,52
673,723,38,0,52
673,724,38,0,52
677,625,113,0,56
677,626,113,0,56
677,627,113,0,56
677,628,113,0,56
677,629,113,0,56
677,630,113,0,56
677,631,113,0,56
677,632,113,0,56
677,633,113,0,56
677,634,113,0,56
677,635,113,0,56
677,636,113,0,56
677,637,113,0,56
677,638,113,0,56
677,639,113,0,56
677,640,113,0,56
677,641,113,0,56
677,642,113,0,56
677,643,113,0,56
677,644,113,0,56
677,645,113,0,56
677,646,113,0,56
677,647,113,0,56
677,648,113,0,56
677,649,113,0,56
677,650,113,0,56
677,651,113,0,56
677,652,113,0,56
677,653,113,0,56
677,654,113,0,56
677,655,113,0,56
677,656,113,0,56
677,657,113,0,56
677,658,113,0,56
677,659,113,0,56
677,660,113,0,56
677,661,113,0,56
677,662,113,0,56
677,663,113,0,56
677,664,113,0,56
677,665,113,0,56
677,666,113,0,56
677,667,113,0,56
677,668,113,0,56
677,669,113,0,56
677,670,113,0,56
677,671,113,0,56
677,672,113,0,56
677,673,113,0,56
677,674,113,0,56
677,675,113,0,56
677,676,113,0,56
677,678,113,0,56
677,679,113,0,56
677,680,113,0,56
677,681,113,0,56
677,682,113,0,56
677,683,113,0,56
677,684,113,0,56
677,685,113,0,56
677,686,113,0,56
677,687,113,0,56
677,688,113,0,56
677,689,113,0,56
677,690,113,0,56
677,691,113,0,56
677,692,113,0,56
677,693,113,0,56
677,694,113,0,56
677,695,113,0,56
677,696,113,0,56
677,697,113,0,56
677,698,113,0,56
677,699,113,0,56
677,700,113,0,56
677,701,113,0,56
677,702,113,0,56
677,703,113,0,56
677,704,113,0,56
677,705,113,0,56
677,706,113,0,56
677,707,113,0,56
677,708,113,0,56
677,709,113,0,56
677,710,113,0,56
677,711,113,0,56
677,712,113,0,56
677,713,113,0,56
677,714,113,0,56
677,715,113,0,56
677,716,113,0,56
677,717,113,0,56
677,718,113,0,56
677,719,113,0,56
677,720,113,0,56
677,721,113,0,56
677,722,113,0,56
677,723,113,0,56
677,724,113,0,56
679,625,7,0,58
679,626,7,0,58
679,627,7,0,58
679,628,7,0,58
679,629,7,0,58
679,630,7,0,58
679,631,7,0,58
679,632,7,0,58
679,633,7,0,58
679,634,7,0,58
679,635,7,0,58
679,636,7,0,58
679,637,7,0,58
679,638,7,0,58
679,639,7,0,58
679,640,7,0,58
679,641,7,0,58
679,642,7,0,58
679,643,7,0,58
679,644,7,0,58
679,645,7,0,58
679,646,7,0,58
679,647,7,0,58
679,648,7,0,58
679,649,7,0,58
679,650,7,0,58
679,651,7,0,58
679,652,7,0,58
679,653,7,0,58
679,654,7,0,58
679,655,7,0,58
679,656,7,0,58
679,657,7,0,58
679,658,7,0,58
679,659,7,0,58
679,660,7,0,58
679,661,7,0,58
679,662,7,0,58
679,663,7,0,58
679,664,7,0,58
679,665,7,0,58
679,666,7,0,58
679,667,7,0,58
679,668,7,0,58
679,669,7,0,58
679,670,7,0,58
679,671,7,0,58
679,672,7,0,58
679,673,7,0,58
679,674,7,0,58
679,675,7,0,58
679,676,7,0,58
679,677,7,0,58
679,678,7,0,58
679,680,7,0,58
679,681,7,0,58
679,682,7,0,58
679,683,7,0,58
679,684,7,0,58
679,685,7,0,58
679,686,7,0,58
679,687,7,0,58
679,688,7,0,58
679,689,7,0,58
679,690,7,0,58
679,691,7,0,58
679,692,7,0,58
679,693,7,0,58
679,694,7,0,58
679,695,7,0,58
679,696,7,0,58
679,697,7,0,58
679,698,7,0,58
679,699,7,0,58
679,700,7,0,58
679,701,7,0,58
679,702,7,0,58
679,703,7,0,58
679,704,7,0,58
679,705,7,0,58
679,706,7,0,58
679,707,7,0,58
679,708,7,0,58
679,709,7,0,58
679,710,7,0,58
679,711,7,0,58
679,712,7,0,58
679,713,7,0,58
679,714,7,0,58
679,715,7,0,58
679,716,7,0,58
679,717,7,0,58
679,718,7,0,58
679,719,7,0,58
679,720,7,0,58
679,721,7,0,58
679,722,7,0,58
679,723,7,0,58
679,724,7,0,58
683,625,162,0,62
683,626,162,0,62
683,627,162,0,62
683,628,162,0,62
683,629,162,0,62
683,630,162,0,62
683,631,162,0,62
683,632,162,0,62
683,633,162,0,62
683,634,162,0,62
683,635,162,0,62
683,636,162,0,62
683,637,162,0,62
683,638,162,0,62
683,639,162,0,62
683,640,162,0,62
683,641,162,0,62
683,642,162,0,62
683,643,162,0,62
683,644,162,0,62
683,645,162,0,62
683,646,162,0,62
683,647,162,0,62
683,648,162,0,62
683,649,162,0,62
683,650,162,0,62
683,651,162,0,62
683,652,162,0,62
683,653,162,0,62
683,654,162,0,62
683,655,162,0,62
683,656,162,0,62
683,657,162,0,62
683,658,162,0,62
683,659,162,0,62
683,660,162,0,62
683,661,162,0,62
683,662,162,0,62
683,663,162,0,62
683,664,162,0,62
683,665,162,0,62
683,666,162,0,62
683,667,162,0,62
683,668,162,0,62
683,669,162,0,62
683,670,162,0,62
683,671,162,0,62
683,672,162,0,62
683,673,162,0,62
683,674,162,0,62
683,675,162,0,62
683,676,162,0,62
683,677,162,0,62
683,678,162,0,62
683,679,162,0,62
683,680,162,0,62
683,681,162,0,62
683,682,162,0,62
683,684,162,0,62
683,685,162,0,62
683,686,162,0,62
683,687,162,0,62
683,688,162,0,62
683,689,162,0,62
683,690,162,0,62
683,691,162,0,62
683,692,162,0,62
683,693,162,0,62
683,694,162,0,62
683,695,162,0,62
683,696,162,0,62
683,697,162,0,62
683,698,162,0,62
683,699,162,0,62
683,700,162,0,62
683,701,162,0,62
683,702,162,0,62
683,703,162,0,62
683,704,162,0,62
683,705,162,0,62
683,706,162,0,62
683,707,162,0,62
683,708,162,0,62
683,709,162,0,62
683,710,162,0,62
683,711,162,0,62
683,712,162,0,62
683,713,162,0,62
683,714,162,0,62
683,715,162,0,62
683,716,162,0,62
683,717,162,0,62
683,718,162,0,62
683,719,162,0,62
683,720,162,0,62
683,721,162,0,62
683,722,162,0,62
683,723,162,0,62
683,724,162,0,62
689,625,156,0,68
689,626,156,0,68
689,627,156,0,68
689,628,156,0,68
689,629,156,0,68
689,630,156,0,68
689,631,156,0,68
689,632,156,0,68
689,633,156,0,68
689,634,156,0,68
689,635,156,0,68
689,636,156,0,68
689,637,156,0,68
689,638,156,0,68
689,639,156,0,68
689,640,156,0,68
689,641,156,0,68
689,642,156,0,68
689,643,156,0,68
689,644,156,0,68
689,645,156,0,68
689,646,156,0,68
689,647,156,0,68
689,648,156,0,68
689,649,156,0,68
689,650,156,0,68
689,651,156,0,68
689,652,156,0,68
689,653,156,0,68
689,654,156,0,68
689,655,156,0,68
689,656,156,0,68
689,657,156,0,68
689,658,156,0,68
689,659,156,0,68
689,660,156,0,68
689,661,156,0,68
689,662,156,0,68
689,663,156,0,68
689,664,156,0,68
689,665,156,0,68
689,666,156,0,68
689,667,156,0,68
689,668,156,0,68
689,669,156,0,68
689,670,156,0,68
689,671,156,0,68
689,672,156,0,68
689,673,156,0,68
689,674,156,0,68
689,675,156,0,68
689,676,156,0,68
689,677,156,0,68
689,678,156,0,68
689,679,156,0,68
689,680,156,0,68
689,681,156,0,68
689,682,156,0,68
689,683,156,0,68
689,684,156,0,68
689,685,156,0,68
689,686,156,0,68
689,687,156,0,68
689,688,156,0,68
689,690,156,0,68
689,691,156,0,68
689,692,156,0,68
689,693,156,0,68
689,694,156,0,68
689,695,156,0,68
689,696,156,0,68
689,697,156,0,68
689,698,156,0,68
689,699,156,0,68
689,700,156,0,68
689,701,156,0,68
689,702,156,0,68
689,703,156,0,68
689,704,156,0,68
689,705,156,0,68
689,706,156,0,68
689,707,156,0,68
689,708,156,0,68
689,709,156,0,68
689,710,156,0,68
689,711,156,0,68
689,712,156,0,68
689,713,156,0,68
689,714,156,0,68
689,715,156,0,68
689,716,156,0,68
689,717,156,0,68
689,718,156,0,68
689,719,156,0,68
689,720,156,0,68
689,721,156,0,68
689,722,156,0,68
689,723,156,0,68
689,724,156,0,68
706,625,109,0,85
706,626,109,0,85
706,627,109,0,85
706,628,109,0,85
706,629,109,0,85
706,630,109,0,85
706,631,109,0,85
706,632,109,0,85
706,633,109,0,85
706,634,109,0,85
706,635,109,0,85
706,636,109,0,85
706,637,109,0,85
706,638,109,0,85
706,639,109,0,85
706,640,109,0,85
706,641,109,0,85
706,642,109,0,85
706,643,109,0,85
706,644,109,0,85
706,645,109,0,85
706,646,109,0,85
706,647,109,0,85
706,648,109,0,85
706,649,109,0,85
706,650,109,0,85
706,651,109,0,85
706,652,109,0,85
706,653,109,0,85
706,654,109,0,85
706,655,109,0,85
706,656,109,0,85
706,657,109,0,85
706,658,109,0,85
706,659,109,0,85
706,660,109,0,85
706,661,109,0,85
706,662,109,0,85
706,663,109,0,85
706,664,109,0,85
706,665,109,0,85
706,666,109,0,85
706,667,109,0,85
706,668,109,0,85
706,669,109,0,85
706,670,109,0,85
706,671,109,0,85
706,672,109,0,85
706,673,109,0,85
706,674,109,0,85
706,675,109,0,85
706,676,109,0,85
706,677,109,0,85
706,678,109,0,85
706,679,109,0,85
706,680,109,0,85
706,681,109,0,85
706,682,109,0,85
706,683,109,0,85
706,684,109,0,85
706,685,109,0,85
706,686,109,0,85
706,687,109,0,85
706,688,109,0,85
706,689,109,0,85
706,690,109,0,85
706,691,109,0,85
706,692,109,0,85
706,693,109,0,85
706,694,109,0,85
706,695,109,0,85
706,696,109,0,85
706,697,109,0,85
706,698,109,0,85
706,699,109,0,85
706,700,109,0,85
706,701,109,0,85
706,702,109,0,85
706,703,109,0,85
706,704,109,0,85
706,705,109,0,85
706,707,109,0,85
706,708,109,0,85
706,709,109,0,85
706,710,109,0,85
706,711,109,0,85
706,712,109,0,85
706,713,109,0,85
706,714,109,0,85
706,715,109,0,85
706,716,109,0,85
706,717,109,0,85
706,718,109,0,85
706,719,109,0,85
706,720,109,0,85
706,721,109,0,85
706,722,109,0,85
706,723,109,0,85
706,724,109,0,85
710,625,387,0,89
710,626,387,0,89
710,627,387,0,89
710,628,387,0,89
710,629,387,0,89
710,630,387,0,89
710,631,387,0,89
710,632,387,0,89
710,633,387,0,89
710,634,387,0,89
710,635,387,0,89
710,636,387,0,89
710,637,387,0,89
710,638,387,0,89
710,639,387,0,89
710,640,387,0,89
710,641,387,0,89
710,642,387,0,89
710,643,387,0,89
710,644,387,0,89
710,645,387,0,89
710,646,387,0,89
710,647,387,0,89
710,648,387,0,89
710,649,387,0,89
710,650,387,0,89
710,651,387,0,89
710,652,387,0,89
710,653,387,0,89
710,654,387,0,89
710,655,387,0,89
710,656,387,0,89
710,657,387,0,89
710,658,387,0,89
710,659,387,0,89
710,660,387,0,89
710,661,387,0,89
710,662,387,0,89
710,663,387,0,89
710,664,387,0,89
710,665,387,0,89
710,666,387,0,89
710,667,387,0,89
710,668,387,0,89
710,669,387,0,89
710,670,387,0,89
710,671,387,0,89
710,672,387,0,89
710,673,387,0,89
710,674,387,0,89
710,675,387,0,89
710,676,387,0,89
710,677,387,0,89
710,678,387,0,89
710,679,387,0,89
710,680,387,0,89
710,681,387,0,89
710,682,387,0,89
710,683,387,0,89
710,684,387,0,89
710,685,387,0,89
710,686,387,0,89
710,687,387,0,89
710,688,387,0,89
710,689,387,0,89
710,690,387,0,89
710,691,387,0,89
710,692,387,0,89
710,693,387,0,89
710,694,387,0,89
710,695,387,0,89
710,696,387,0,89
710,697,387,0,89
710,698,387,0,89
710,699,387,0,89
710,700,387,0,89
710,701,387,0,89
710,702,387,0,89
710,703,387,0,89
710,704,387,0,89
710,705,387,0,89
710,706,387,0,89
710,707,387,0,89
710,708,387,0,89
710,709,387,0,89
710,711,387,0,89
710,712,387,0,89
710,713,387,0,89
710,714,387,0,89
710,715,387,0,89
710,716,387,0,89
710,717,387,0,89
710,718,387,0,89
710,719,387,0,89
710,720,387,0,89
710,721,387,0,89
710,722,387,0,89
710,723,387,0,89
710,724,387,0,89
721,625,158,0,100
721,626,158,0,100
721,627,158,0,100
721,628,158,0,100
721,629,158,0,100
721,630,158,0,100
721,631,158,0,100
721,632,158,0,100
721,633,158,0,100
721,634,158,0,100
721,635,158,0,100
721,636,158,0,100
721,637,158,0,100
721,638,158,0,100
721,639,158,0,100
721,640,158,0,100
721,641,158,0,100
721,642,158,0,100
721,643,158,0,100
721,644,158,0,100
721,645,158,0,100
721,646,158,0,100
721,647,158,0,100
721,648,158,0,100
721,649,158,0,100
721,650,158,0,100
721,651,158,0,100
721,652,158,0,100
721,653,158,0,100
721,654,158,0,100
721,655,158,0,100
721,656,158,0,100
721,657,158,0,100
721,658,158,0,100
721,659,158,0,100
721,660,158,0,100
721,661,158,0,100
721,662,158,0,100
721,663,158,0,100
721,664,158,0,100
721,665,158,0,100
721,666,158,0,100
721,667,158,0,100
721,668,158,0,100
721,669,158,0,100
721,670,158,0,100
721,671,158,0,100
721,672,158,0,100
721,673,158,0,100
721,674,158,0,100
721,675,158,0,100
721,676,158,0,100
721,677,158,0,100
721,678,158,0,100
721,679,158,0,100
721,680,158,0,100
721,681,158,0,100
721,682,158,0,100
721,683,158,0,100
721,684,158,0,100
721,685,158,0,100
721,686,158,0,100
721,687,158,0,100
721,688,158,0,100
721,689,158,0,100
721,690,158,0,100
721,691,158,0,100
721,692,158,0,100
721,693,158,0,100
721,694,158,0,100
721,695,158,0,100
721,696,158,0,100
721,697,158,0,100
721,698,158,0,100
721,699,158,0,100
721,700,158,0,100
721,701,158,0,100
721,702,158,0,100
721,703,158,0,100
721,704,158,0,100
721,705,158,0,100
721,706,158,0,100
721,707,158,0,100
721,708,158,0,100
721,709,158,0,100
721,710,158,0,100
721,711,158,0,100
721,712,158,0,100
721,713,158,0,100
721,714,158,0,100
721,715,158,0,100
721,716,158,0,100
721,717,158,0,100
721,718,158,0,100
721,719,158,0,100
721,720,158,0,100
721,722,158,0,100
721,723,158,0,100
721,724,158,0,100
