0,626,24,2,1
0,695,1,0,0
3,700,4,1,0
4,660,29,2,0
4,700,5,1,0
5,657,6,1,0
5,660,30,2,0
5,700,6,1,0
6,657,7,1,0
6,660,31,2,0
6,700,7,1,0
7,657,607,3,3
7,660,32,2,0
7,700,607,3,3
8,657,608,3,3
8,660,7,0,1
8,700,608,3,3
8,716,33,2,0
9,657,609,3,3
9,660,8,0,1
9,700,609,3,3
10,644,9,0,1
10,657,610,3,3
10,660,9,0,1
10,700,610,3,3
11,700,611,3,3
11,707,10,0,1
13,626,38,2,0
13,695,12,0,1
15,626,40,2,0
15,695,14,0,1
16,700,15,0,1
17,660,18,1,0
17,700,617,3,3
17,707,16,0,1
18,644,17,0,1
18,657,618,3,3
18,660,19,1,0
18,700,618,3,3
19,657,619,3,3
19,660,20,1,0
19,700,619,3,3
20,657,620,3,3
20,660,45,2,0
20,700,620,3,3
21,657,20,0,1
21,660,46,2,0
21,700,20,0,1
22,644,23,1,0
22,657,21,0,1
22,660,47,2,0
22,700,21,0,1
23,660,48,2,0
23,700,22,0,1
23,707,24,1,0
24,700,0,1,2
25,626,49,3,2
25,695,26,1,1
28,700,29,2,1
29,660,660,39,0
29,700,30,2,1
30,657,31,2,1
30,660,29,1,2
30,700,31,2,1
31,657,32,2,1
31,660,30,1,2
31,700,32,2,1
32,660,31,1,2
32,700,7,0,2
33,657,8,0,2
33,660,32,1,2
33,700,8,0,2
33,716,58,3,0
34,657,9,0,2
34,660,33,1,2
34,700,9,0,2
35,644,34,1,2
35,657,10,0,2
35,660,34,1,2
35,700,10,0,2
36,700,11,0,2
36,707,35,1,2
38,626,63,3,0
38,695,37,1,2
40,626,65,3,0
40,695,39,1,2
41,700,40,1,2
42,660,43,2,1
42,700,17,0,2
42,707,41,1,2
43,644,42,1,2
43,657,18,0,2
43,660,44,2,1
43,700,18,0,2
44,657,19,0,2
44,660,45,2,1
44,700,19,0,2
45,660,46,2,1
45,700,20,0,2
46,657,45,1,2
46,660,47,2,1
46,700,45,1,2
47,644,48,2,1
47,657,46,1,2
47,660,48,2,1
47,700,46,1,2
48,700,47,1,2
48,707,49,2,1
50,626,74,3,2
50,695,51,1,1
53,700,54,2,1
54,660,29,0,3
54,700,55,2,1
55,657,56,2,1
55,660,30,0,3
55,700,56,2,1
56,657,57,2,1
56,660,31,0,3
56,700,57,2,1
57,707,32,0,3
58,657,33,0,3
58,660,57,1,2
58,700,33,0,3
58,707,33,0,3
58,716,83,3,0
59,657,34,0,3
59,660,58,1,2
59,700,34,0,3
59,707,34,0,3
60,644,59,1,2
60,657,35,0,3
60,660,59,1,2
60,700,35,0,3
60,707,35,0,3
61,700,36,0,3
61,707,60,1,2
63,626,88,3,0
63,695,62,1,2
65,626,90,3,0
65,695,64,1,2
66,700,65,1,2
67,660,68,2,1
67,700,42,0,3
67,707,66,1,2
68,644,67,1,2
68,657,43,0,3
68,660,69,2,1
68,700,43,0,3
68,707,43,0,3
69,657,44,0,3
69,660,70,2,1
69,700,44,0,3
69,707,44,0,3
70,707,45,0,3
71,657,70,1,2
71,660,46,0,3
71,700,70,1,2
72,644,73,2,1
72,657,71,1,2
72,660,47,0,3
72,700,71,1,2
73,660,48,0,3
73,700,72,1,2
73,707,74,2,1
74,700,50,2,3
75,626,99,3,2
75,695,76,1,1
78,700,79,2,1
79,660,54,0,3
79,700,80,2,1
80,657,81,2,1
80,660,55,0,3
80,700,81,2,1
81,657,82,2,1
81,660,56,0,3
81,700,82,2,1
82,626,83,2,1
83,626,84,2,1
83,657,58,0,3
83,660,82,1,2
83,700,58,0,3
83,716,108,3,0
84,626,85,2,1
84,657,59,0,3
84,660,83,1,2
84,700,59,0,3
85,626,86,2,1
85,644,84,1,2
85,657,60,0,3
85,660,84,1,2
85,700,60,0,3
86,626,87,2,1
86,700,61,0,3
86,707,85,1,2
87,626,88,2,1
88,626,626,5,0
88,695,87,1,2
90,695,89,1,2
91,626,90,1,2
91,700,90,1,2
92,626,91,1,2
92,660,93,2,1
92,700,67,0,3
92,707,91,1,2
93,626,92,1,2
93,644,92,1,2
93,657,68,0,3
93,660,94,2,1
93,700,68,0,3
94,626,93,1,2
94,657,69,0,3
94,660,95,2,1
94,700,69,0,3
95,626,94,1,2
96,657,95,1,2
96,660,71,0,3
96,700,95,1,2
97,644,98,2,1
97,657,96,1,2
97,660,72,0,3
97,700,96,1,2
98,660,73,0,3
98,700,97,1,2
98,707,99,2,1
99,700,75,2,3
100,626,124,3,2
100,695,101,1,1
103,700,104,2,1
104,660,79,0,3
104,700,105,2,1
105,657,106,2,1
105,660,80,0,3
105,700,106,2,1
106,657,107,2,1
106,660,81,0,3
106,700,107,2,1
107,626,82,0,3
107,696,82,0,3
108,626,83,0,3
108,657,83,0,3
108,660,107,1,2
108,696,83,0,3
108,700,83,0,3
108,716,133,3,0
109,626,84,0,3
109,657,84,0,3
109,660,108,1,2
109,696,84,0,3
109,700,84,0,3
110,626,85,0,3
110,644,109,1,2
110,657,85,0,3
110,660,109,1,2
110,696,85,0,3
110,700,85,0,3
111,626,86,0,3
111,700,86,0,3
111,707,110,1,2
112,626,87,0,3
113,626,88,0,3
113,695,112,1,2
115,626,90,0,3
115,695,114,1,2
116,626,91,0,3
116,700,115,1,2
117,626,92,0,3
117,660,118,2,1
117,700,92,0,3
117,707,116,1,2
118,626,93,0,3
118,644,117,1,2
118,657,93,0,3
118,660,119,2,1
118,696,93,0,3
118,700,93,0,3
119,626,94,0,3
119,657,94,0,3
119,660,120,2,1
119,696,94,0,3
119,700,94,0,3
120,626,95,0,3
120,696,95,0,3
121,657,120,1,2
121,660,96,0,3
121,700,120,1,2
122,644,123,2,1
122,657,121,1,2
122,660,97,0,3
122,700,121,1,2
123,660,98,0,3
123,700,122,1,2
123,707,124,2,1
124,700,100,2,3
125,626,149,3,2
125,695,126,1,1
128,700,129,2,1
129,660,104,0,3
129,700,130,2,1
130,657,131,2,1
130,660,105,0,3
130,700,131,2,1
131,657,132,2,1
131,660,106,0,3
131,700,132,2,1
132,657,157,3,0
132,700,157,3,0
133,657,158,3,0
133,660,132,1,2
133,700,158,3,0
133,716,158,3,0
134,657,159,3,0
134,660,133,1,2
134,700,159,3,0
135,644,134,1,2
135,657,160,3,0
135,660,134,1,2
135,700,160,3,0
136,700,161,3,0
136,707,135,1,2
138,626,113,0,3
138,695,137,1,2
140,626,115,0,3
140,695,139,1,2
141,700,140,1,2
142,660,143,2,1
142,700,167,3,0
142,707,141,1,2
143,644,142,1,2
143,657,168,3,0
143,660,144,2,1
143,700,168,3,0
144,657,169,3,0
144,660,145,2,1
144,700,169,3,0
145,657,170,3,0
145,700,170,3,0
146,657,145,1,2
146,660,121,0,3
146,700,145,1,2
147,644,148,2,1
147,657,146,1,2
147,660,122,0,3
147,700,146,1,2
148,660,123,0,3
148,700,147,1,2
148,707,149,2,1
149,700,125,2,3
150,626,174,3,2
150,695,151,1,1
153,700,154,2,1
154,660,129,0,3
154,700,155,2,1
155,657,156,2,1
155,660,130,0,3
155,700,156,2,1
156,657,157,2,1
156,660,131,0,3
156,700,157,2,1
157,657,182,3,0
157,660,132,0,3
157,700,182,3,0
158,657,183,3,0
158,660,157,1,2
158,700,183,3,0
158,716,183,3,0
159,657,184,3,0
159,660,158,1,2
159,700,184,3,0
160,644,159,1,2
160,657,185,3,0
160,660,159,1,2
160,700,185,3,0
161,700,186,3,0
161,707,160,1,2
163,626,138,0,3
163,695,162,1,2
165,626,140,0,3
165,695,164,1,2
166,700,165,1,2
167,660,168,2,1
167,700,192,3,0
167,707,166,1,2
168,644,167,1,2
168,657,193,3,0
168,660,169,2,1
168,700,193,3,0
169,657,194,3,0
169,660,170,2,1
169,700,194,3,0
170,657,195,3,0
170,660,145,0,3
170,700,195,3,0
171,657,170,1,2
171,660,146,0,3
171,700,170,1,2
172,644,173,2,1
172,657,171,1,2
172,660,147,0,3
172,700,171,1,2
173,660,148,0,3
173,700,172,1,2
173,707,174,2,1
174,700,150,2,3
175,626,199,3,2
175,695,176,1,1
178,700,179,2,1
179,660,154,0,3
179,700,180,2,1
180,657,181,2,1
180,660,155,0,3
180,700,181,2,1
181,657,182,2,1
181,660,156,0,3
181,700,182,2,1
182,657,207,3,0
182,660,157,0,3
182,700,207,3,0
182,716,183,2,1
183,657,208,3,0
183,660,182,1,2
183,700,208,3,0
183,716,716,95,0
184,657,209,3,0
184,660,183,1,2
184,700,209,3,0
185,644,184,1,2
185,657,210,3,0
185,660,184,1,2
185,700,210,3,0
186,700,211,3,0
186,707,185,1,2
188,626,163,0,3
188,695,187,1,2
190,626,165,0,3
190,695,189,1,2
191,700,190,1,2
192,660,193,2,1
192,700,217,3,0
192,707,191,1,2
193,644,192,1,2
193,657,218,3,0
193,660,194,2,1
193,700,218,3,0
194,657,219,3,0
194,660,195,2,1
194,700,219,3,0
195,657,220,3,0
195,660,170,0,3
195,700,220,3,0
195,716,194,1,2
196,657,195,1,2
196,660,171,0,3
196,700,195,1,2
197,644,198,2,1
197,657,196,1,2
197,660,172,0,3
197,700,196,1,2
198,660,173,0,3
198,700,197,1,2
198,707,199,2,1
199,700,175,2,3
200,626,224,3,2
200,695,201,1,1
203,700,204,2,1
204,660,179,0,3
204,700,205,2,1
205,657,206,2,1
205,660,180,0,3
205,700,206,2,1
206,657,207,2,1
206,660,181,0,3
206,700,207,2,1
207,644,232,3,0
207,657,232,3,0
207,660,182,0,3
207,700,232,3,0
207,716,182,0,3
208,644,233,3,0
208,657,233,3,0
208,660,207,1,2
208,700,233,3,0
208,716,183,0,3
209,644,234,3,0
209,657,234,3,0
209,660,208,1,2
209,700,234,3,0
210,644,209,1,2
210,657,235,3,0
210,660,209,1,2
210,700,235,3,0
211,700,236,3,0
211,707,210,1,2
213,626,188,0,3
213,695,212,1,2
215,626,190,0,3
215,695,214,1,2
216,700,215,1,2
217,660,218,2,1
217,700,242,3,0
217,707,216,1,2
218,657,243,3,0
218,660,219,2,1
218,700,243,3,0
219,644,244,3,0
219,657,244,3,0
219,660,220,2,1
219,700,244,3,0
220,644,245,3,0
220,657,245,3,0
220,660,195,0,3
220,700,245,3,0
220,716,195,0,3
221,657,220,1,2
221,660,196,0,3
221,700,220,1,2
222,644,223,2,1
222,657,221,1,2
222,660,197,0,3
222,700,221,1,2
223,660,198,0,3
223,700,222,1,2
223,707,224,2,1
224,700,200,2,3
225,626,249,3,2
225,695,226,1,1
228,700,229,2,1
229,660,204,0,3
229,700,230,2,1
230,657,231,2,1
230,660,205,0,3
230,700,231,2,1
231,657,232,2,1
231,660,206,0,3
231,700,232,2,1
232,644,233,2,1
232,657,257,3,0
232,660,207,0,3
232,700,257,3,0
233,644,234,2,1
233,657,258,3,0
233,660,232,1,2
233,700,258,3,0
233,716,208,0,3
234,644,644,23,0
234,657,259,3,0
234,660,233,1,2
234,700,259,3,0
235,644,234,1,2
235,657,260,3,0
235,660,234,1,2
235,700,260,3,0
236,700,261,3,0
236,707,235,1,2
238,626,213,0,3
238,695,237,1,2
240,626,215,0,3
240,695,239,1,2
241,700,240,1,2
242,660,243,2,1
242,700,267,3,0
242,707,241,1,2
243,644,242,1,2
243,657,268,3,0
243,660,244,2,1
243,700,268,3,0
244,644,243,1,2
244,657,269,3,0
244,660,245,2,1
244,700,269,3,0
245,644,244,1,2
245,657,270,3,0
245,660,220,0,3
245,700,270,3,0
246,657,245,1,2
246,660,221,0,3
246,700,245,1,2
247,644,248,2,1
247,657,246,1,2
247,660,222,0,3
247,700,246,1,2
248,660,223,0,3
248,700,247,1,2
248,707,249,2,1
249,700,225,2,3
250,626,274,3,2
250,695,251,1,1
253,700,254,2,1
254,660,229,0,3
254,700,255,2,1
255,657,256,2,1
255,660,230,0,3
255,700,256,2,1
256,657,257,2,1
256,660,231,0,3
256,700,257,2,1
257,657,282,3,0
257,660,232,0,3
257,700,282,3,0
258,657,283,3,0
258,660,257,1,2
258,700,283,3,0
258,716,233,0,3
259,657,284,3,0
259,660,258,1,2
259,700,284,3,0
260,644,259,1,2
260,657,285,3,0
260,660,259,1,2
260,700,285,3,0
261,700,286,3,0
261,707,260,1,2
263,626,238,0,3
263,695,262,1,2
265,626,240,0,3
265,695,264,1,2
266,700,265,1,2
267,660,268,2,1
267,700,292,3,0
267,707,266,1,2
268,644,267,1,2
268,657,293,3,0
268,660,269,2,1
268,700,293,3,0
269,657,294,3,0
269,660,270,2,1
269,700,294,3,0
270,657,295,3,0
270,660,245,0,3
270,700,295,3,0
271,657,270,1,2
271,660,246,0,3
271,700,270,1,2
272,644,273,2,1
272,657,271,1,2
272,660,247,0,3
272,700,271,1,2
273,660,248,0,3
273,700,272,1,2
273,707,274,2,1
274,700,250,2,3
275,626,299,3,2
275,695,276,1,1
278,700,279,2,1
279,660,254,0,3
279,700,280,2,1
280,634,305,3,0
280,657,281,2,1
280,660,255,0,3
280,700,281,2,1
281,634,306,3,0
281,657,282,2,1
281,660,256,0,3
281,700,282,2,1
282,634,307,3,0
282,657,307,3,0
282,660,257,0,3
282,700,307,3,0
283,657,308,3,0
283,660,282,1,2
283,700,308,3,0
283,716,258,0,3
284,657,309,3,0
284,660,283,1,2
284,700,309,3,0
285,644,284,1,2
285,657,310,3,0
285,660,284,1,2
285,700,310,3,0
286,700,311,3,0
286,707,285,1,2
288,626,263,0,3
288,695,287,1,2
290,626,265,0,3
290,695,289,1,2
291,700,290,1,2
292,660,293,2,1
292,700,317,3,0
292,707,291,1,2
293,644,292,1,2
293,657,318,3,0
293,660,294,2,1
293,700,318,3,0
294,657,319,3,0
294,660,295,2,1
294,700,319,3,0
295,634,320,3,0
295,657,320,3,0
295,660,270,0,3
295,700,320,3,0
296,634,321,3,0
296,657,295,1,2
296,660,271,0,3
296,700,295,1,2
297,634,322,3,0
297,644,298,2,1
297,657,296,1,2
297,660,272,0,3
297,700,296,1,2
298,634,323,3,0
298,660,273,0,3
298,700,297,1,2
298,707,299,2,1
299,700,275,2,3
300,626,324,3,2
300,695,301,1,1
303,700,304,2,1
304,660,279,0,3
304,700,305,2,1
305,634,304,1,2
305,657,306,2,1
305,660,280,0,3
305,700,306,2,1
306,634,305,1,2
306,657,307,2,1
306,660,281,0,3
306,700,307,2,1
307,634,306,1,2
307,657,332,3,0
307,660,282,0,3
307,700,332,3,0
308,657,333,3,0
308,660,307,1,2
308,700,333,3,0
308,716,283,0,3
309,657,334,3,0
309,660,308,1,2
309,700,334,3,0
310,644,309,1,2
310,657,335,3,0
310,660,309,1,2
310,700,335,3,0
311,700,336,3,0
311,707,310,1,2
313,626,288,0,3
313,695,312,1,2
315,626,290,0,3
315,695,314,1,2
316,700,315,1,2
317,660,318,2,1
317,700,342,3,0
317,707,316,1,2
318,644,317,1,2
318,657,343,3,0
318,660,319,2,1
318,700,343,3,0
319,657,344,3,0
319,660,320,2,1
319,700,344,3,0
320,634,321,2,1
320,657,345,3,0
320,660,295,0,3
320,700,345,3,0
321,634,322,2,1
321,657,320,1,2
321,660,296,0,3
321,700,320,1,2
322,634,323,2,1
322,644,323,2,1
322,657,321,1,2
322,660,297,0,3
322,700,321,1,2
323,634,634,13,0
323,660,298,0,3
323,700,322,1,2
323,707,324,2,1
324,700,300,2,3
325,626,349,3,2
325,695,326,1,1
328,700,329,2,1
329,660,304,0,3
329,700,330,2,1
330,657,331,2,1
330,660,305,0,3
330,700,331,2,1
331,657,332,2,1
331,660,306,0,3
331,700,332,2,1
332,660,307,0,3
332,700,357,3,0
333,657,358,3,0
333,660,332,1,2
333,700,358,3,0
333,716,308,0,3
334,657,359,3,0
334,660,333,1,2
334,700,359,3,0
335,644,334,1,2
335,657,360,3,0
335,660,334,1,2
335,700,360,3,0
336,700,361,3,0
336,707,335,1,2
338,626,313,0,3
338,695,337,1,2
340,626,315,0,3
340,695,339,1,2
341,700,340,1,2
342,660,343,2,1
342,700,367,3,0
342,707,341,1,2
343,644,342,1,2
343,657,368,3,0
343,660,344,2,1
343,700,368,3,0
344,657,369,3,0
344,660,345,2,1
344,700,369,3,0
345,660,320,0,3
345,700,370,3,0
346,657,345,1,2
346,660,321,0,3
346,700,345,1,2
347,644,348,2,1
347,657,346,1,2
347,660,322,0,3
347,700,346,1,2
348,660,323,0,3
348,700,347,1,2
348,707,349,2,1
349,700,325,2,3
350,626,374,3,2
350,695,351,1,1
353,700,354,2,1
354,660,379,3,0
354,700,355,2,1
355,657,356,2,1
355,660,380,3,0
355,700,356,2,1
356,657,357,2,1
356,660,381,3,0
356,700,357,2,1
357,707,382,3,0
358,657,383,3,0
358,660,357,1,2
358,700,383,3,0
358,707,383,3,0
358,716,333,0,3
359,657,384,3,0
359,660,358,1,2
359,700,384,3,0
359,707,384,3,0
360,644,359,1,2
360,657,385,3,0
360,660,359,1,2
360,700,385,3,0
360,707,385,3,0
361,700,386,3,0
361,707,360,1,2
363,626,338,0,3
363,695,362,1,2
365,626,340,0,3
365,695,364,1,2
366,700,365,1,2
367,660,368,2,1
367,700,392,3,0
368,644,367,1,2
368,657,393,3,0
368,660,369,2,1
368,700,393,3,0
368,707,393,3,0
369,657,394,3,0
369,660,370,2,1
369,700,394,3,0
369,707,394,3,0
370,707,395,3,0
371,657,370,1,2
371,660,396,3,0
371,700,370,1,2
372,644,373,2,1
372,657,371,1,2
372,660,397,3,0
372,700,371,1,2
373,660,398,3,0
373,700,372,1,2
373,707,374,2,1
374,700,350,2,3
375,626,399,3,2
375,695,376,1,1
378,700,379,2,1
379,660,404,3,0
379,700,380,2,1
380,657,381,2,1
380,660,405,3,0
380,700,381,2,1
381,657,382,2,1
381,660,406,3,0
381,700,382,2,1
382,707,383,2,1
383,657,408,3,0
383,660,382,1,2
383,700,408,3,0
383,707,384,2,1
383,716,358,0,3
384,657,409,3,0
384,660,383,1,2
384,700,409,3,0
384,707,385,2,1
385,644,384,1,2
385,657,410,3,0
385,660,384,1,2
385,700,410,3,0
385,707,707,86,0
386,700,411,3,0
386,707,385,1,2
388,626,363,0,3
388,695,387,1,2
390,626,365,0,3
390,695,389,1,2
391,700,390,1,2
392,660,393,2,1
392,700,417,3,0
392,707,391,1,2
393,644,392,1,2
393,657,418,3,0
393,660,394,2,1
393,700,418,3,0
393,707,392,1,2
394,657,419,3,0
394,660,395,2,1
394,700,419,3,0
394,707,393,1,2
395,707,394,1,2
396,657,395,1,2
396,660,421,3,0
396,700,395,1,2
397,644,398,2,1
397,657,396,1,2
397,660,422,3,0
397,700,396,1,2
398,660,423,3,0
398,700,397,1,2
398,707,399,2,1
399,700,375,2,3
400,626,424,3,2
400,695,401,1,1
403,700,404,2,1
404,660,429,3,0
404,700,405,2,1
405,657,406,2,1
405,660,430,3,0
405,700,406,2,1
406,657,407,2,1
406,660,431,3,0
406,700,407,2,1
407,626,432,3,0
407,696,432,3,0
408,626,433,3,0
408,657,433,3,0
408,660,407,1,2
408,696,433,3,0
408,700,433,3,0
408,716,383,0,3
409,626,434,3,0
409,657,434,3,0
409,660,408,1,2
409,696,434,3,0
409,700,434,3,0
410,626,435,3,0
410,644,409,1,2
410,657,435,3,0
410,660,409,1,2
410,696,435,3,0
410,700,435,3,0
411,626,436,3,0
411,700,436,3,0
411,707,410,1,2
412,626,437,3,0
413,626,438,3,0
413,695,412,1,2
415,626,440,3,0
415,695,414,1,2
416,626,441,3,0
416,700,415,1,2
417,626,442,3,0
417,660,418,2,1
417,700,442,3,0
417,707,416,1,2
418,626,443,3,0
418,644,417,1,2
418,657,443,3,0
418,660,419,2,1
418,696,443,3,0
418,700,443,3,0
419,626,444,3,0
419,657,444,3,0
419,660,420,2,1
419,696,444,3,0
419,700,444,3,0
420,626,445,3,0
420,696,445,3,0
421,657,420,1,2
421,660,446,3,0
421,700,420,1,2
422,644,423,2,1
422,657,421,1,2
422,660,447,3,0
422,700,421,1,2
423,660,448,3,0
423,700,422,1,2
423,707,424,2,1
424,700,400,2,3
425,626,449,3,2
425,695,426,1,1
428,700,429,2,1
429,660,454,3,0
429,700,430,2,1
430,657,431,2,1
430,660,455,3,0
430,700,431,2,1
431,657,432,2,1
431,660,456,3,0
431,700,432,2,1
432,657,433,2,1
432,696,433,2,1
432,700,433,2,1
433,657,434,2,1
433,660,432,1,2
433,696,434,2,1
433,700,434,2,1
433,716,408,0,3
434,657,435,2,1
434,660,433,1,2
434,696,435,2,1
434,700,435,2,1
435,644,434,1,2
435,657,657,36,0
435,660,434,1,2
435,696,696,75,0
435,700,436,2,1
436,700,700,79,0
436,707,435,1,2
438,626,463,3,0
438,695,437,1,2
440,626,465,3,0
440,695,439,1,2
441,700,440,1,2
442,660,443,2,1
442,700,441,1,2
442,707,441,1,2
443,644,442,1,2
443,657,442,1,2
443,660,444,2,1
443,696,442,1,2
443,700,442,1,2
444,657,443,1,2
444,660,445,2,1
444,696,443,1,2
444,700,443,1,2
445,657,444,1,2
445,696,444,1,2
445,700,444,1,2
446,657,445,1,2
446,660,471,3,0
446,700,445,1,2
447,644,448,2,1
447,657,446,1,2
447,660,472,3,0
447,700,446,1,2
448,660,473,3,0
448,700,447,1,2
448,707,449,2,1
449,700,425,2,3
450,626,474,3,2
450,695,451,1,1
453,700,454,2,1
454,660,479,3,0
454,700,455,2,1
455,657,456,2,1
455,660,480,3,0
455,700,456,2,1
456,657,457,2,1
456,660,481,3,0
456,700,457,2,1
457,657,432,0,3
457,660,482,3,0
457,700,432,0,3
458,657,433,0,3
458,660,457,1,2
458,700,433,0,3
458,716,433,0,3
459,657,434,0,3
459,660,458,1,2
459,700,434,0,3
460,644,459,1,2
460,657,435,0,3
460,660,459,1,2
460,700,435,0,3
461,700,436,0,3
461,707,460,1,2
463,626,488,3,0
463,695,462,1,2
465,626,490,3,0
465,695,464,1,2
466,700,465,1,2
467,660,468,2,1
467,700,442,0,3
467,707,466,1,2
468,644,467,1,2
468,657,443,0,3
468,660,469,2,1
468,700,443,0,3
469,657,444,0,3
469,660,470,2,1
469,700,444,0,3
470,657,445,0,3
470,660,495,3,0
470,700,445,0,3
471,657,470,1,2
471,660,496,3,0
471,700,470,1,2
472,644,473,2,1
472,657,471,1,2
472,660,497,3,0
472,700,471,1,2
473,660,498,3,0
473,700,472,1,2
473,707,474,2,1
474,700,450,2,3
475,626,499,3,2
475,695,476,1,1
478,700,479,2,1
479,660,504,3,0
479,700,480,2,1
480,657,481,2,1
480,660,505,3,0
480,700,481,2,1
481,657,482,2,1
481,660,506,3,0
481,700,482,2,1
482,657,457,0,3
482,660,507,3,0
482,700,457,0,3
483,657,458,0,3
483,660,482,1,2
483,700,458,0,3
483,716,458,0,3
484,657,459,0,3
484,660,483,1,2
484,700,459,0,3
485,644,484,1,2
485,657,460,0,3
485,660,484,1,2
485,700,460,0,3
486,700,461,0,3
486,707,485,1,2
488,626,513,3,0
488,695,487,1,2
490,626,515,3,0
490,695,489,1,2
491,700,490,1,2
492,660,493,2,1
492,700,467,0,3
492,707,491,1,2
493,644,492,1,2
493,657,468,0,3
493,660,494,2,1
493,700,468,0,3
494,657,469,0,3
494,660,495,2,1
494,700,469,0,3
495,657,470,0,3
495,660,520,3,0
495,700,470,0,3
496,657,495,1,2
496,660,521,3,0
496,700,495,1,2
497,644,498,2,1
497,657,496,1,2
497,660,522,3,0
497,700,496,1,2
498,660,523,3,0
498,700,497,1,2
498,707,499,2,1
499,700,475,2,3
500,626,524,3,2
500,695,501,1,1
503,700,504,2,1
504,660,529,3,0
504,700,505,2,1
505,657,506,2,1
505,660,530,3,0
505,700,506,2,1
506,657,507,2,1
506,660,531,3,0
506,700,507,2,1
507,657,482,0,3
507,660,532,3,0
507,700,482,0,3
507,716,532,3,0
508,657,483,0,3
508,660,507,1,2
508,700,483,0,3
508,716,533,3,0
509,657,484,0,3
509,660,508,1,2
509,700,484,0,3
510,644,509,1,2
510,657,485,0,3
510,660,509,1,2
510,700,485,0,3
511,700,486,0,3
511,707,510,1,2
513,626,538,3,0
513,695,512,1,2
515,626,540,3,0
515,695,514,1,2
516,700,515,1,2
517,660,518,2,1
517,700,492,0,3
517,707,516,1,2
518,644,517,1,2
518,657,493,0,3
518,660,519,2,1
518,700,493,0,3
519,657,494,0,3
519,660,520,2,1
519,700,494,0,3
520,657,495,0,3
520,660,545,3,0
520,700,495,0,3
520,716,545,3,0
521,657,520,1,2
521,660,546,3,0
521,700,520,1,2
522,644,523,2,1
522,657,521,1,2
522,660,547,3,0
522,700,521,1,2
523,660,548,3,0
523,700,522,1,2
523,707,524,2,1
524,700,500,2,3
525,626,549,3,2
525,695,526,1,1
528,700,529,2,1
529,660,554,3,0
529,700,530,2,1
530,657,531,2,1
530,660,555,3,0
530,700,531,2,1
531,657,532,2,1
531,660,556,3,0
531,700,532,2,1
532,644,507,0,3
532,657,507,0,3
532,660,557,3,0
532,700,507,0,3
533,644,508,0,3
533,657,508,0,3
533,660,532,1,2
533,700,508,0,3
533,716,558,3,0
534,644,509,0,3
534,657,509,0,3
534,660,533,1,2
534,700,509,0,3
535,644,534,1,2
535,657,510,0,3
535,660,534,1,2
535,700,510,0,3
536,700,511,0,3
536,707,535,1,2
538,626,563,3,0
538,695,537,1,2
540,626,565,3,0
540,695,539,1,2
541,700,540,1,2
542,660,543,2,1
542,700,517,0,3
542,707,541,1,2
543,644,542,1,2
543,657,518,0,3
543,660,544,2,1
543,700,518,0,3
544,644,519,0,3
544,657,519,0,3
544,660,545,2,1
544,700,519,0,3
545,644,520,0,3
545,657,520,0,3
545,660,570,3,0
545,700,520,0,3
546,657,545,1,2
546,660,571,3,0
546,700,545,1,2
547,644,548,2,1
547,657,546,1,2
547,660,572,3,0
547,700,546,1,2
548,660,573,3,0
548,700,547,1,2
548,707,549,2,1
549,700,525,2,3
550,626,574,3,2
550,695,551,1,1
553,700,554,2,1
554,660,579,3,0
554,700,555,2,1
555,657,556,2,1
555,660,580,3,0
555,700,556,2,1
556,657,557,2,1
556,660,581,3,0
556,700,557,2,1
557,657,532,0,3
557,660,582,3,0
557,700,532,0,3
558,657,533,0,3
558,660,557,1,2
558,700,533,0,3
558,716,583,3,0
559,657,534,0,3
559,660,558,1,2
559,700,534,0,3
560,644,559,1,2
560,657,535,0,3
560,660,559,1,2
560,700,535,0,3
561,700,536,0,3
561,707,560,1,2
563,626,588,3,0
563,695,562,1,2
565,626,590,3,0
565,695,564,1,2
566,700,565,1,2
567,660,568,2,1
567,700,542,0,3
567,707,566,1,2
568,644,567,1,2
568,657,543,0,3
568,660,569,2,1
568,700,543,0,3
569,657,544,0,3
569,660,570,2,1
569,700,544,0,3
570,657,545,0,3
570,660,595,3,0
570,700,545,0,3
571,657,570,1,2
571,660,596,3,0
571,700,570,1,2
572,644,573,2,1
572,657,571,1,2
572,660,597,3,0
572,700,571,1,2
573,660,598,3,0
573,700,572,1,2
573,707,574,2,1
574,700,550,2,3
575,626,599,3,2
575,695,576,1,1
578,700,579,2,1
579,660,604,3,0
579,700,580,2,1
580,657,581,2,1
580,660,605,3,0
580,700,581,2,1
581,657,582,2,1
581,660,606,3,0
581,700,582,2,1
582,657,557,0,3
582,660,607,3,0
582,700,557,0,3
583,657,558,0,3
583,660,582,1,2
583,700,558,0,3
583,716,608,3,0
584,657,559,0,3
584,660,583,1,2
584,700,559,0,3
585,644,584,1,2
585,657,560,0,3
585,660,584,1,2
585,700,560,0,3
586,700,561,0,3
586,707,585,1,2
587,695,695,74,0
588,626,613,3,0
588,695,587,1,2
590,626,615,3,0
591,700,590,1,2
592,660,593,2,1
592,700,567,0,3
592,707,591,1,2
593,644,592,1,2
593,657,568,0,3
593,660,594,2,1
593,700,568,0,3
594,657,569,0,3
594,660,595,2,1
594,700,569,0,3
595,657,570,0,3
595,660,620,3,0
595,700,570,0,3
596,657,595,1,2
596,660,621,3,0
596,700,595,1,2
597,644,598,2,1
597,657,596,1,2
597,660,622,3,0
597,700,596,1,2
598,660,623,3,0
598,700,597,1,2
598,707,599,2,1
599,700,575,2,3
600,626,624,3,2
600,695,601,1,1
603,700,604,2,1
604,660,4,3,3
604,700,605,2,1
605,634,580,0,3
605,657,606,2,1
605,660,5,3,3
605,700,606,2,1
606,634,581,0,3
606,657,607,2,1
606,660,6,3,3
606,700,607,2,1
607,634,582,0,3
607,657,582,0,3
607,660,7,3,3
607,700,582,0,3
608,657,583,0,3
608,660,607,1,2
608,700,583,0,3
608,716,8,3,3
609,657,584,0,3
609,660,608,1,2
609,700,584,0,3
610,644,609,1,2
610,657,585,0,3
610,660,609,1,2
610,700,585,0,3
611,700,586,0,3
611,707,610,1,2
613,626,13,3,3
613,695,612,1,2
615,626,15,3,3
615,695,614,1,2
616,700,615,1,2
617,660,618,2,1
617,700,592,0,3
617,707,616,1,2
618,644,617,1,2
618,657,593,0,3
618,660,619,2,1
618,700,593,0,3
619,657,594,0,3
619,660,620,2,1
619,700,594,0,3
620,634,595,0,3
620,657,595,0,3
620,660,20,3,3
620,700,595,0,3
621,634,596,0,3
621,657,620,1,2
621,660,21,3,3
621,700,620,1,2
622,634,597,0,3
622,644,623,2,1
622,657,621,1,2
622,660,22,3,3
622,700,621,1,2
623,634,598,0,3
623,660,23,3,3
623,700,622,1,2
623,707,624,2,1
624,700,600,2,3
626,625,88,0,5
626,627,88,0,5
626,628,88,0,5
626,629,88,0,5
626,630,88,0,5
626,631,88,0,5
626,632,88,0,5
626,633,88,0,5
626,634,88,0,5
626,635,88,0,5
626,636,88,0,5
626,637,88,0,5
626,638,88,0,5
626,639,88,0,5
626,640,88,0,5
626,641,88,0,5
626,642,88,0,5
626,643,88,0,5
626,644,88,0,5
626,645,88,0,5
626,646,88,0,5
626,647,88,0,5
626,648,88,0,5
626,649,88,0,5
626,650,88,0,5
626,651,88,0,5
626,652,88,0,5
626,653,88,0,5
626,654,88,0,5
626,655,88,0,5
626,656,88,0,5
626,657,88,0,5
626,658,88,0,5
626,659,88,0,5
626,660,88,0,5
626,661,88,0,5
626,662,88,0,5
626,663,88,0,5
626,664,88,0,5
626,665,88,0,5
626,666,88,0,5
626,667,88,0,5
626,668,88,0,5
626,669,88,0,5
626,670,88,0,5
626,671,88,0,5
626,672,88,0,5
626,673,88,0,5
626,674,88,0,5
626,675,88,0,5
626,676,88,0,5
626,677,88,0,5
626,678,88,0,5
626,679,88,0,5
626,680,88,0,5
626,681,88,0,5
626,682,88,0,5
626,683,88,0,5
626,684,88,0,5
626,685,88,0,5
626,686,88,0,5
626,687,88,0,5
626,688,88,0,5
626,689,88,0,5
626,690,88,0,5
626,691,88,0,5
626,692,88,0,5
626,693,88,0,5
626,694,88,0,5
626,695,88,0,5
626,696,88,0,5
626,697,88,0,5
626,698,88,0,5
626,699,88,0,5
626,700,88,0,5
626,701,88,0,5
626,702,88,0,5
626,703,88,0,5
626,704,88,0,5
626,705,88,0,5
626,706,88,0,5
626,707,88,0,5
626,708,88,0,5
626,709,88,0,5
626,710,88,0,5
626,711,88,0,5
626,712,88,0,5
626,713,88,0,5
626,714,88,0,5
626,715,88,0,5
626,716,88,0,5
626,717,88,0,5
626,718,88,0,5
626,719,88,0,5
626,720,88,0,5
626,721,88,0,5
626,722,88,0,5
626,723,88,0,5
626,724,88,0,5
634,625,323,0,13
634,626,323,0,13
634,627,323,0,13
634,628,323,0,13
634,629,323,0,13
634,630,323,0,13
634,631,323,0,13
634,632,323,0,13
634,633,323,0,13
634,635,323,0,13
634,636,323,0,13
634,637,323,0,13
634,638,323,0,13
634,639,323,0,13
634,640,323,0,13
634,641,323,0,13
634,642,323,0,13
634,643,323,0,13
634,644,323,0,13
634,645,323,0,13
634,646,323,0,13
634,647,323,0,13
634,648,323,0,13
634,649,323,0,13
634,650,323,0,13
634,651,323,0,13
634,652,323,0,13
634,653,323,0,13
634,654,323,0,13
634,655,323,0,13
634,656,323,0,13
634,657,323,0,13
634,658,323,0,13
634,659,323,0,13
634,660,323,0,13
634,661,323,0,13
634,662,323,0,13
634,663,323,0,13
634,664,323,0,13
634,665,323,0,13
634,666,323,0,13
634,667,323,0,13
634,668,323,0,13
634,669,323,0,13
634,670,323,0,13
634,671,323,0,13
634,672,323,0,13
634,673,323,0,13
634,674,323,0,13
634,675,323,0,13
634,676,323,0,13
634,677,323,0,13
634,678,323,0,13
634,679,323,0,13
634,680,323,0,13
634,681,323,0,13
634,682,323,0,13
634,683,323,0,13
634,684,323,0,13
634,685,323,0,13
634,686,323,0,13
634,687,323,0,13
634,688,323,0,13
634,689,323,0,13
634,690,323,0,13
634,691,323,0,13
634,692,323,0,13
634,693,323,0,13
634,694,323,0,13
634,695,323,0,13
634,696,323,0,13
634,697,323,0,13
634,698,323,0,13
634,699,323,0,13
634,700,323,0,13
634,701,323,0,13
634,702,323,0,13
634,703,323,0,13
634,704,323,0,13
634,705,323,0,13
634,706,323,0,13
634,707,323,0,13
634,708,323,0,13
634,709,323,0,13
634,710,323,0,13
634,711,323,0,13
634,712,323,0,13
634,713,323,0,13
634,714,323,0,13
634,715,323,0,13
634,716,323,0,13
634,717,323,0,13
634,718,323,0,13
634,719,323,0,13
634,720,323,0,13
634,721,323,0,13
634,722,323,0,13
634,723,323,0,13
634,724,323,0,13
644,625,234,0,23
644,626,234,0,23
644,627,234,0,23
644,628,234,0,23
644,629,234,0,23
644,630,234,0,23
644,631,234,0,23
644,632,234,0,23
644,633,234,0,23
644,634,234,0,23
644,635,234,0,23
644,636,234,0,23
644,637,234,0,23
644,638,234,0,23
644,639,234,0,23
644,640,234,0,23
644,641,234,0,23
644,642,234,0,23
644,643,234,0,23
644,645,234,0,23
644,646,234,0,23
644,647,234,0,23
644,648,234,0,23
644,649,234,0,23
644,650,234,0,23
644,651,234,0,23
644,652,234,0,23
644,653,234,0,23
644,654,234,0,23
644,655,234,0,23
644,656,234,0,23
644,657,234,0,23
644,658,234,0,23
644,659,234,0,23
644,660,234,0,23
644,661,234,0,23
644,662,234,0,23
644,663,234,0,23
644,664,234,0,23
644,665,234,0,23
644,666,234,0,23
644,667,234,0,23
644,668,234,0,23
644,669,234,0,23
644,670,234,0,23
644,671,234,0,23
644,672,234,0,23
644,673,234,0,23
644,674,234,0,23
644,675,234,0,23
644,676,234,0,23
644,677,234,0,23
644,678,234,0,23
644,679,234,0,23
644,680,234,0,23
644,681,234,0,23
644,682,234,0,23
644,683,234,0,23
644,684,234,0,23
644,685,234,0,23
644,686,234,0,23
644,687,234,0,23
644,688,234,0,23
644,689,234,0,23
644,690,234,0,23
644,691,234,0,23
644,692,234,0,23
644,693,234,0,23
644,694,234,0,23
644,695,234,0,23
644,696,234,0,23
644,697,234,0,23
644,698,234,0,23
644,699,234,0,23
644,700,234,0,23
644,701,234,0,23
644,702,234,0,23
644,703,234,0,23
644,704,234,0,23
644,705,234,0,23
644,706,234,0,23
644,707,234,0,23
644,708,234,0,23
644,709,234,0,23
644,710,234,0,23
644,711,234,0,23
644,712,234,0,23
644,713,234,0,23
644,714,234,0,23
644,715,234,0,23
644,716,234,0,23
644,717,234,0,23
644,718,234,0,23
644,719,234,0,23
644,720,234,0,23
644,721,234,0,23
644,722,234,0,23
644,723,234,0,23
644,724,234,0,23
657,625,435,0,36
657,626,435,0,36
657,627,435,0,36
657,628,435,0,36
657,629,435,0,36
657,630,435,0,36
657,631,435,0,36
657,632,435,0,36
657,633,435,0,36
657,634,435,0,36
657,635,435,0,36
657,636,435,0,36
657,637,435,0,36
657,638,435,0,36
657,639,435,0,36
657,640,435,0,36
657,641,435,0,36
657,642,435,0,36
657,643,435,0,36
657,644,435,0,36
657,645,435,0,36
657,646,435,0,36
657,647,435,0,36
657,648,435,0,36
657,649,435,0,36
657,650,435,0,36
657,651,435,0,36
657,652,435,0,36
657,653,435,0,36
657,654,435,0,36
657,655,435,0,36
657,656,435,0,36
657,658,435,0,36
657,659,435,0,36
657,660,435,0,36
657,661,435,0,36
657,662,435,0,36
657,663,435,0,36
657,664,435,0,36
657,665,435,0,36
657,666,435,0,36
657,667,435,0,36
657,668,435,0,36
657,669,435,0,36
657,670,435,0,36
657,671,435,0,36
657,672,435,0,36
657,673,435,0,36
657,674,435,0,36
657,675,435,0,36
657,676,435,0,36
657,677,435,0,36
657,678,435,0,36
657,679,435,0,36
657,680,435,0,36
657,681,435,0,36
657,682,435,0,36
657,683,435,0,36
657,684,435,0,36
657,685,435,0,36
657,686,435,0,36
657,687,435,0,36
657,688,435,0,36
657,689,435,0,36
657,690,435,0,36
657,691,435,0,36
657,692,435,0,36
657,693,435,0,36
657,694,435,0,36
657,695,435,0,36
657,696,435,0,36
657,697,435,0,36
657,698,435,0,36
657,699,435,0,36
657,700,435,0,36
657,701,435,0,36
657,702,435,0,36
657,703,435,0,36
657,704,435,0,36
657,705,435,0,36
657,706,435,0,36
657,707,435,0,36
657,708,435,0,36
657,709,435,0,36
657,710,435,0,36
657,711,435,0,36
657,712,435,0,36
657,713,435,0,36
657,714,435,0,36
657,715,435,0,36
657,716,435,0,36
657,717,435,0,36
657,718,435,0,36
657,719,435,0,36
657,720,435,0,36
657,721,435,0,36
657,722,435,0,36
657,723,435,0,36
657,724,435,0,36
660,625,29,0,39
660,626,29,0,39
660,627,29,0,39
660,628,29,0,39
660,629,29,0,39
660,630,29,0,39
660,631,29,0,39
660,632,29,0,39
660,633,29,0,39
660,634,29,0,39
660,635,29,0,39
660,636,29,0,39
660,637,29,0,39
660,638,29,0,39
660,639,29,0,39
660,640,29,0,39
660,641,29,0,39
660,642,29,0,39
660,643,29,0,39
660,644,29,0,39
660,645,29,0,39
660,646,29,0,39
660,647,29,0,39
660,648,29,0,39
660,649,29,0,39
660,650,29,0,39
660,651,29,0,39
660,652,29,0,39
660,653,29,0,39
660,654,29,0,39
660,655,29,0,39
660,656,29,0,39
660,657,29,0,39
660,658,29,0,39
660,659,29,0,39
660,661,29,0,39
660,662,29,0,39
660,663,29,0,39
660,664,29,0,39
660,665,29,0,39
660,666,29,0,39
660,667,29,0,39
660,668,29,0,39
660,669,29,0,39
660,670,29,0,39
660,671,29,0,39
660,672,29,0,39
660,673,29,0,39
660,674,29,0,39
660,675,29,0,39
660,676,29,0,39
660,677,29,0,39
660,678,29,0,39
660,679,29,0,39
660,680,29,0,39
660,681,29,0,39
660,682,29,0,39
660,683,29,0,39
660,684,29,0,39
660,685,29,0,39
660,686,29,0,39
660,687,29,0,39
660,688,29,0,39
660,689,29,0,39
660,690,29,0,39
660,691,29,0,39
660,692,29,0,39
660,693,29,0,39
660,694,29,0,39
660,695,29,0,39
660,696,29,0,39
660,697,29,0,39
660,698,29,0,39
660,699,29,0,39
660,700,29,0,39
660,701,29,0,39
660,702,29,0,39
660,703,29,0,39
660,704,29,0,39
660,705,29,0,39
660,706,29,0,39
660,707,29,0,39
660,708,29,0,39
660,709,29,0,39
660,710,29,0,39
660,711,29,0,39
660,712,29,0,39
660,713,29,0,39
660,714,29,0,39
660,715,29,0,39
660,716,29,0,39
660,717,29,0,39
660,718,29,0,39
660,719,29,0,39
660,720,29,0,39
660,721,29,0,39
660,722,29,0,39
660,723,29,0,39
660,724,29,0,39
695,625,587,0,74
695,626,587,0,74
695,627,587,0,74
695,628,587,0,74
695,629,587,0,74
695,630,587,0,74
695,631,587,0,74
695,632,587,0,74
695,633,587,0,74
695,634,587,0,74
695,635,587,0,74
695,636,587,0,74
695,637,587,0,74
695,638,587,0,74
695,639,587,0,74
695,640,587,0,74
695,641,587,0,74
695,642,587,0,74
695,643,587,0,74
695,644,587,0,74
695,645,587,0,74
695,646,587,0,74
695,647,587,0,74
695,648,587,0,74
695,649,587,0,74
695,650,587,0,74
695,651,587,0,74
695,652,587,0,74
695,653,587,0,74
695,654,587,0,74
695,655,587,0,74
695,656,587,0,74
695,657,587,0,74
695,658,587,0,74
695,659,587,0,74
695,660,587,0,74
695,661,587,0,74
695,662,587,0,74
695,663,587,0,74
695,664,587,0,74
695,665,587,0,74
695,666,587,0,74
695,667,587,0,74
695,668,587,0,74
695,669,587,0,74
695,670,587,0,74
695,671,587,0,74
695,672,587,0,74
695,673,587,0,74
695,674,587,0,74
695,675,587,0,74
695,676,587,0,74
695,677,587,0,74
695,678,587,0,74
695,679,587,0,74
695,680,587,0,74
695,681,587,0,74
695,682,587,0,74
695,683,587,0,74
695,684,587,0,74
695,685,587,0,74
695,686,587,0,74
695,687,587,0,74
695,688,587,0,74
695,689,587,0,74
695,690,587,0,74
695,691,587,0,74
695,692,587,0,74
695,693,587,0,74
695,694,587,0,74
695,696,587,0,74
695,697,587,0,74
695,698,587,0,74
695,699,587,0,74
695,700,587,0,74
695,701,587,0,74
695,702,587,0,74
695,703,587,0,74
695,704,587,0,74
695,705,587,0,74
695,706,587,0,74
695,707,587,0,74
695,708,587,0,74
695,709,587,0,74
695,710,587,0,74
695,711,587,0,74
695,712,587,0,74
695,713,587,0,74
695,714,587,0,74
695,715,587,0,74
695,716,587,0,74
695,717,587,0,74
695,718,587,0,74
695,719,587,0,74
695,720,587,0,74
695,721,587,0,74
695,722,587,0,74
695,723,587,0,74
695,724,587,0,74
696,625,435,0,75
696,626,435,0,75
696,627,435,0,75
696,628,435,0,75
696,629,435,0,75
696,630,435,0,75
696,631,435,0,75
696,632,435,0,75
696,633,435,0,75
696,634,435,0,75
696,635,435,0,75
696,636,435,0,75
696,637,435,0,75
696,638,435,0,75
696,639,435,0,75
696,640,435,0,75
696,641,435,0,75
696,642,435,0,75
696,643,435,0,75
696,644,435,0,75
696,645,435,0,75
696,646,435,0,75
696,647,435,0,75
696,648,435,0,75
696,649,435,0,75
696,650,435,0,75
696,651,435,0,75
696,652,435,0,75
696,653,435,0,75
696,654,435,0,75
696,655,435,0,75
696,656,435,0,75
696,657,435,0,75
696,658,435,0,75
696,659,435,0,75
696,660,435,0,75
696,661,435,0,75
696,662,435,0,75
696,663,435,0,75
696,664,435,0,75
696,665,435,0,75
696,666,435,0,75
696,667,435,0,75
696,668,435,0,75
696,669,435,0,75
696,670,435,0,75
696,671,435,0,75
696,672,435,0,75
696,673,435,0,75
696,674,435,0,75
696,675,435,0,75
696,676,435,0,75
696,677,435,0,75
696,678,435,0,75
696,679,435,0,75
696,680,435,0,75
696,681,435,0,75
696,682,435,0,75
696,683,435,0,75
696,684,435,0,75
696,685,435,0,75
696,686,435,0,75
696,687,435,0,75
696,688,435,0,75
696,689,435,0,75
696,690,435,0,75
696,691,435,0,75
696,692,435,0,75
696,693,435,0,75
696,694,435,0,75
696,695,435,0,75
696,697,435,0,75
696,698,435,0,75
696,699,435,0,75
696,700,435,0,75
696,701,435,0,75
696,702,435,0,75
696,703,435,0,75
696,704,435,0,75
696,705,435,0,75
696,706,435,0,75
696,707,435,0,75
696,708,435,0,75
696,709,435,0,75
696,710,435,0,75
696,711,435,0,75
696,712,435,0,75
696,713,435,0,75
696,714,435,0,75
696,715,435,0,75
696,716,435,0,75
696,717,435,0,75
696,718,435,0,75
696,719,435,0,75
696,720,435,0,75
696,721,435,0,75
696,722,435,0,75
696,723,435,0,75
696,724,435,0,75
700,625,436,0,79
700,626,436,0,79
700,627,436,0,79
700,628,436,0,79
700,629,436,0,79
700,630,436,0,79
700,631,436,0,79
700,632,436,0,79
700,633,436,0,79
700,634,436,0,79
700,635,436,0,79
700,636,436,0,79
700,637,436,0,79
700,638,436,0,79
700,639,436,0,79
700,640,436,0,79
700,641,436,0,79
700,642,436,0,79
700,643,436,0,79
700,644,436,0,79
700,645,436,0,79
700,646,436,0,79
700,647,436,0,79
700,648,436,0,79
700,649,436,0,79
700,650,436,0,79
700,651,436,0,79
700,652,436,0,79
700,653,436,0,79
700,654,436,0,79
700,655,436,0,79
700,656,436,0,79
700,657,436,0,79
700,658,436,0,79
700,659,436,0,79
700,660,436,0,79
700,661,436,0,79
700,662,436,0,79
700,663,436,0,79
700,664,436,0,79
700,665,436,0,79
700,666,436,0,79
700,667,436,0,79
700,668,436,0,79
700,669,436,0,79
700,670,436,0,79
700,671,436,0,79
700,672,436,0,79
700,673,436,0,79
700,674,436,0,79
700,675,436,0,79
700,676,436,0,79
700,677,436,0,79
700,678,436,0,79
700,679,436,0,79
700,680,436,0,79
700,681,436,0,79
700,682,436,0,79
700,683,436,0,79
700,684,436,0,79
700,685,436,0,79
700,686,436,0,79
700,687,436,0,79
700,688,436,0,79
700,689,436,0,79
700,690,436,0,79
700,691,436,0,79
700,692,436,0,79
700,693,436,0,79
700,694,436,0,79
700,695,436,0,79
700,696,436,0,79
700,697,436,0,79
700,698,436,0,79
700,699,436,0,79
700,701,436,0,79
700,702,436,0,79
700,703,436,0,79
700,704,436,0,79
700,705,436,0,79
700,706,436,0,79
700,707,436,0,79
700,708,436,0,79
700,709,436,0,79
700,710,436,0,79
700,711,436,0,79
700,712,436,0,79
700,713,436,0,79
700,714,436,0,79
700,715,436,0,79
700,716,436,0,79
700,717,436,0,79
700,718,436,0,79
700,719,436,0,79
700,720,436,0,79
700,721,436,0,79
700,722,436,0,79
700,723,436,0,79
700,724,436,0,79
707,625,385,0,86
707,626,385,0,86
707,627,385,0,86
707,628,385,0,86
707,629,385,0,86
707,630,385,0,86
707,631,385,0,86
707,632,385,0,86
707,633,385,0,86
707,634,385,0,86
707,635,385,0,86
707,636,385,0,86
707,637,385,0,86
707,638,385,0,86
707,639,385,0,86
707,640,385,0,86
707,641,385,0,86
707,642,385,0,86
707,643,385,0,86
707,644,385,0,86
707,645,385,0,86
707,646,385,0,86
707,647,385,0,86
707,648,385,0,86
707,649,385,0,86
707,650,385,0,86
707,651,385,0,86
707,652,385,0,86
707,653,385,0,86
707,654,385,0,86
707,655,385,0,86
707,656,385,0,86
707,657,385,0,86
707,658,385,0,86
707,659,385,0,86
707,660,385,0,86
707,661,385,0,86
707,662,385,0,86
707,663,385,0,86
707,664,385,0,86
707,665,385,0,86
707,666,385,0,86
707,667,385,0,86
707,668,385,0,86
707,669,385,0,86
707,670,385,0,86
707,671,385,0,86
707,672,385,0,86
707,673,385,0,86
707,674,385,0,86
707,675,385,0,86
707,676,385,0,86
707,677,385,0,86
707,678,385,0,86
707,679,385,0,86
707,680,385,0,86
707,681,385,0,86
707,682,385,0,86
707,683,385,0,86
707,684,385,0,86
707,685,385,0,86
707,686,385,0,86
707,687,385,0,86
707,688,385,0,86
707,689,385,0,86
707,690,385,0,86
707,691,385,0,86
707,692,385,0,86
707,693,385,0,86
707,694,385,0,86
707,695,385,0,86
707,696,385,0,86
707,697,385,0,86
707,698,385,0,86
707,699,385,0,86
707,700,385,0,86
707,701,385,0,86
707,702,385,0,86
707,703,385,0,86
707,704,385,0,86
707,705,385,0,86
707,706,385,0,86
707,708,385,0,86
707,709,385,0,86
707,710,385,0,86
707,711,385,0,86
707,712,385,0,86
707,713,385,0,86
707,714,385,0,86
707,715,385,0,86
707,716,385,0,86
707,717,385,0,86
707,718,385,0,86
707,719,385,0,86
707,720,385,0,86
707,721,385,0,86
707,722,385,0,86
707,723,385,0,86
707,724,385,0,86
716,625,183,0,95
716,626,183,0,95
716,627,183,0,95
716,628,183,0,95
716,629,183,0,95
716,630,183,0,95
716,631,183,0,95
716,632,183,0,95
716,633,183,0,95
716,634,183,0,95
716,635,183,0,95
716,636,183,0,95
716,637,183,0,95
716,638,183,0,95
716,639,183,0,95
716,640,183,0,95
716,641,183,0,95
716,642,183,0,95
716,643,183,0,95
716,644,183,0,95
716,645,183,0,95
716,646,183,0,95
716,647,183,0,95
716,648,183,0,95
716,649,183,0,95
716,650,183,0,95
716,651,183,0,95
716,652,183,0,95
716,653,183,0,95
716,654,183,0,95
716,655,183,0,95
716,656,183,0,95
716,657,183,0,95
716,658,183,0,95
716,659,183,0,95
716,660,183,0,95
716,661,183,0,95
716,662,183,0,95
716,663,183,0,95
716,664,183,0,95
716,665,183,0,95
716,666,183,0,95
716,667,183,0,95
716,668,183,0,95
716,669,183,0,95
716,670,183,0,95
716,671,183,0,95
716,672,183,0,95
716,673,183,0,95
716,674,183,0,95
716,675,183,0,95
716,676,183,0,95
716,677,183,0,95
716,678,183,0,95
716,679,183,0,95
716,680,183,0,95
716,681,183,0,95
716,682,183,0,95
716,683,183,0,95
716,684,183,0,95
716,685,183,0,95
716,686,183,0,95
716,687,183,0,95
716,688,183,0,95
716,689,183,0,95
716,690,183,0,95
716,691,183,0,95
716,692,183,0,95
716,693,183,0,95
716,694,183,0,95
716,695,183,0,95
716,696,183,0,95
716,697,183,0,95
716,698,183,0,95
716,699,183,0,95
716,700,183,0,95
716,701,183,0,95
716,702,183,0,95
716,703,183,0,95
716,704,183,0,95
716,705,183,0,95
716,706,183,0,95
716,707,183,0,95
716,708,183,0,95
716,709,183,0,95
716,710,183,0,95
716,711,183,0,95
716,712,183,0,95
716,713,183,0,95
716,714,183,0,95
716,715,183,0,95
716,717,183,0,95
716,718,183,0,95
716,719,183,0,95
716,720,183,0,95
716,721,183,0,95
716,722,183,0,95
716,723,183,0,95
716,724,183,0,95
