0,648,24,2,1
0,662,25,1,0
1,662,0,0,0
2,648,3,1,0
2,662,27,2,0
2,681,3,1,0
2,719,27,2,0
3,647,4,1,0
3,648,4,1,0
3,656,4,1,0
3,662,28,2,0
3,680,4,1,0
3,719,28,2,0
4,647,5,1,0
4,648,5,1,0
4,652,604,3,3
4,656,5,1,0
4,662,29,2,0
4,698,5,1,0
4,719,29,2,0
5,647,6,1,0
5,648,6,1,0
5,652,605,3,3
5,656,6,1,0
5,662,30,2,0
5,698,6,1,0
5,719,30,2,0
6,647,7,1,0
6,648,7,1,0
6,652,606,3,3
6,656,7,1,0
6,662,31,2,0
6,692,31,2,0
6,698,7,1,0
6,719,31,2,0
7,647,607,3,3
7,648,607,3,3
7,652,607,3,3
7,656,607,3,3
7,662,32,2,0
7,698,32,2,0
7,719,32,2,0
8,647,608,3,3
8,648,608,3,3
8,655,7,0,1
8,656,608,3,3
8,662,7,0,1
8,698,33,2,0
8,719,7,0,1
8,721,7,0,1
9,647,609,3,3
9,648,609,3,3
9,656,609,3,3
9,662,8,0,1
9,698,34,2,0
9,719,8,0,1
10,647,610,3,3
10,648,610,3,3
10,656,610,3,3
10,662,9,0,1
10,698,35,2,0
10,719,9,0,1
11,647,611,3,3
11,648,611,3,3
11,656,611,3,3
11,662,10,0,1
11,680,611,3,3
11,719,10,0,1
12,648,612,3,3
12,662,11,0,1
12,681,612,3,3
12,719,11,0,1
13,662,14,1,0
14,648,614,3,3
14,662,15,1,0
14,681,614,3,3
15,647,615,3,3
15,648,615,3,3
15,656,615,3,3
15,662,16,1,0
15,680,615,3,3
15,719,16,1,0
16,647,616,3,3
16,648,616,3,3
16,656,616,3,3
16,662,17,1,0
16,719,17,1,0
17,647,617,3,3
17,648,617,3,3
17,652,18,1,0
17,656,617,3,3
17,662,18,1,0
17,698,42,2,0
17,719,18,1,0
18,647,618,3,3
18,648,618,3,3
18,656,618,3,3
18,662,19,1,0
18,698,43,2,0
18,719,19,1,0
19,647,619,3,3
19,648,619,3,3
19,652,619,3,3
19,655,18,0,1
19,656,619,3,3
19,662,44,2,0
19,692,44,2,0
19,698,44,2,0
19,719,44,2,0
19,721,18,0,1
20,647,19,0,1
20,648,19,0,1
20,652,620,3,3
20,655,21,1,0
20,656,19,0,1
20,662,45,2,0
20,692,45,2,0
20,698,19,0,1
20,719,45,2,0
20,721,21,1,0
21,647,20,0,1
21,648,20,0,1
21,652,621,3,3
21,656,20,0,1
21,662,46,2,0
21,698,20,0,1
21,719,46,2,0
22,647,21,0,1
22,648,21,0,1
22,652,622,3,3
22,656,21,0,1
22,662,47,2,0
22,698,21,0,1
22,719,47,2,0
23,647,22,0,1
23,648,22,0,1
23,656,22,0,1
23,662,48,2,0
23,719,48,2,0
24,647,23,0,1
24,648,23,0,1
24,656,23,0,1
24,662,49,2,0
24,719,49,2,0
25,648,49,3,2
25,662,50,2,0
26,662,25,1,1
27,648,28,2,1
27,662,52,3,0
27,681,28,2,1
27,719,52,3,0
28,647,29,2,1
28,648,29,2,1
28,656,29,2,1
28,662,53,3,0
28,680,29,2,1
28,719,53,3,0
29,647,30,2,1
29,648,30,2,1
29,652,54,3,0
29,656,30,2,1
29,662,54,3,0
29,698,30,2,1
29,719,54,3,0
30,647,31,2,1
30,648,31,2,1
30,656,31,2,1
30,662,55,3,0
30,698,31,2,1
30,719,55,3,0
31,647,32,2,1
31,648,32,2,1
31,656,32,2,1
31,662,56,3,0
31,692,56,3,0
31,698,32,2,1
31,719,56,3,0
32,647,7,0,2
32,648,7,0,2
32,655,57,3,0
32,656,7,0,2
32,662,57,3,0
32,698,57,3,0
32,719,57,3,0
33,647,8,0,2
33,648,8,0,2
33,655,32,1,2
33,656,8,0,2
33,662,32,1,2
33,698,58,3,0
33,719,32,1,2
33,721,32,1,2
34,647,9,0,2
34,648,9,0,2
34,656,9,0,2
34,662,33,1,2
34,698,59,3,0
34,719,33,1,2
35,647,10,0,2
35,648,10,0,2
35,656,10,0,2
35,662,34,1,2
35,698,60,3,0
35,719,34,1,2
36,647,11,0,2
36,648,11,0,2
36,656,11,0,2
36,662,35,1,2
36,680,11,0,2
36,719,35,1,2
37,648,12,0,2
37,662,36,1,2
37,681,12,0,2
37,719,36,1,2
38,662,39,2,1
39,648,14,0,2
39,662,40,2,1
39,681,14,0,2
40,647,15,0,2
40,648,15,0,2
40,656,15,0,2
40,662,41,2,1
40,680,15,0,2
40,719,41,2,1
41,647,16,0,2
41,648,16,0,2
41,656,16,0,2
41,662,42,2,1
41,719,42,2,1
42,647,17,0,2
42,648,17,0,2
42,652,43,2,1
42,656,17,0,2
42,662,43,2,1
42,698,67,3,0
42,719,43,2,1
43,647,18,0,2
43,648,18,0,2
43,656,18,0,2
43,662,44,2,1
43,698,68,3,0
43,719,44,2,1
44,647,19,0,2
44,648,19,0,2
44,656,19,0,2
44,662,69,3,0
44,692,69,3,0
44,698,69,3,0
44,719,69,3,0
44,721,43,1,2
45,647,44,1,2
45,648,44,1,2
45,655,46,2,1
45,656,44,1,2
45,662,70,3,0
45,692,70,3,0
45,698,44,1,2
45,719,70,3,0
45,721,46,2,1
46,647,45,1,2
46,648,45,1,2
46,656,45,1,2
46,662,71,3,0
46,698,45,1,2
46,719,71,3,0
47,647,46,1,2
47,648,46,1,2
47,652,72,3,0
47,656,46,1,2
47,662,72,3,0
47,698,46,1,2
47,719,72,3,0
48,647,47,1,2
48,648,47,1,2
48,656,47,1,2
48,662,73,3,0
48,719,73,3,0
49,647,48,1,2
49,648,48,1,2
49,656,48,1,2
49,662,74,3,0
49,719,74,3,0
50,648,74,3,2
50,662,75,2,0
51,662,50,1,1
52,648,53,2,1
52,662,77,3,0
52,681,53,2,1
52,719,77,3,0
53,647,54,2,1
53,648,54,2,1
53,656,54,2,1
53,662,78,3,0
53,680,54,2,1
53,719,78,3,0
54,647,55,2,1
54,648,55,2,1
54,652,79,3,0
54,656,55,2,1
54,662,79,3,0
54,698,55,2,1
54,719,79,3,0
55,647,56,2,1
55,648,56,2,1
55,656,56,2,1
55,662,80,3,0
55,698,56,2,1
55,719,80,3,0
56,647,57,2,1
56,648,57,2,1
56,656,57,2,1
56,662,81,3,0
56,692,81,3,0
56,698,57,2,1
56,719,81,3,0
57,647,32,0,3
57,648,32,0,3
57,655,655,34,0
57,656,32,0,3
57,662,82,3,0
57,680,32,0,3
57,698,82,3,0
57,719,82,3,0
58,647,33,0,3
58,648,33,0,3
58,655,57,1,2
58,656,33,0,3
58,662,57,1,2
58,680,33,0,3
58,698,83,3,0
58,719,57,1,2
58,721,57,1,2
59,647,34,0,3
59,648,34,0,3
59,656,34,0,3
59,662,58,1,2
59,680,34,0,3
59,698,84,3,0
59,719,58,1,2
60,647,35,0,3
60,648,35,0,3
60,656,35,0,3
60,662,59,1,2
60,680,35,0,3
60,698,85,3,0
60,719,59,1,2
61,647,36,0,3
61,648,36,0,3
61,656,36,0,3
61,662,60,1,2
61,680,36,0,3
61,719,60,1,2
62,648,37,0,3
62,662,61,1,2
62,681,37,0,3
62,719,61,1,2
63,662,64,2,1
64,648,39,0,3
64,662,65,2,1
64,681,39,0,3
65,647,40,0,3
65,648,40,0,3
65,656,40,0,3
65,662,66,2,1
65,680,40,0,3
65,719,66,2,1
66,647,41,0,3
66,648,41,0,3
66,656,41,0,3
66,662,67,2,1
66,680,41,0,3
66,719,67,2,1
67,647,42,0,3
67,648,42,0,3
67,652,68,2,1
67,656,42,0,3
67,662,68,2,1
67,680,42,0,3
67,698,92,3,0
67,719,68,2,1
68,647,43,0,3
68,648,43,0,3
68,656,43,0,3
68,662,69,2,1
68,680,43,0,3
68,698,93,3,0
68,719,69,2,1
69,647,44,0,3
69,648,44,0,3
69,655,68,1,2
69,656,44,0,3
69,662,94,3,0
69,680,44,0,3
69,692,94,3,0
69,698,94,3,0
69,719,94,3,0
69,721,68,1,2
70,647,69,1,2
70,648,69,1,2
70,655,71,2,1
70,656,69,1,2
70,662,95,3,0
70,692,95,3,0
70,698,69,1,2
70,719,95,3,0
70,721,71,2,1
71,647,70,1,2
71,648,70,1,2
71,656,70,1,2
71,662,96,3,0
71,698,70,1,2
71,719,96,3,0
72,647,71,1,2
72,648,71,1,2
72,652,97,3,0
72,656,71,1,2
72,662,97,3,0
72,698,71,1,2
72,719,97,3,0
73,647,72,1,2
73,648,72,1,2
73,656,72,1,2
73,662,98,3,0
73,719,98,3,0
74,647,73,1,2
74,648,73,1,2
74,656,73,1,2
74,662,99,3,0
74,719,99,3,0
75,648,99,3,2
75,662,100,2,0
76,662,75,1,1
77,648,78,2,1
77,662,102,3,0
77,681,78,2,1
77,719,102,3,0
78,647,79,2,1
78,648,79,2,1
78,656,79,2,1
78,662,103,3,0
78,680,79,2,1
78,719,103,3,0
79,647,80,2,1
79,648,80,2,1
79,652,104,3,0
79,656,80,2,1
79,662,104,3,0
79,698,80,2,1
79,719,104,3,0
80,647,81,2,1
80,648,81,2,1
80,656,81,2,1
80,662,105,3,0
80,698,81,2,1
80,719,105,3,0
81,647,82,2,1
81,648,82,2,1
81,656,82,2,1
81,662,106,3,0
81,692,106,3,0
81,698,82,2,1
81,719,106,3,0
82,647,57,0,3
82,648,57,0,3
82,662,107,3,0
82,692,107,3,0
82,719,107,3,0
82,721,107,3,0
83,647,58,0,3
83,648,58,0,3
83,655,82,1,2
83,656,108,3,0
83,662,82,1,2
83,698,108,3,0
83,719,82,1,2
83,721,82,1,2
84,647,59,0,3
84,648,59,0,3
84,656,109,3,0
84,662,83,1,2
84,698,109,3,0
84,719,83,1,2
85,647,60,0,3
85,648,60,0,3
85,656,110,3,0
85,662,84,1,2
85,698,110,3,0
85,719,84,1,2
86,647,61,0,3
86,648,61,0,3
86,656,111,3,0
86,662,85,1,2
86,680,111,3,0
86,719,85,1,2
87,648,62,0,3
87,662,86,1,2
87,681,62,0,3
87,719,86,1,2
88,662,89,2,1
89,648,64,0,3
89,662,90,2,1
89,681,64,0,3
90,647,65,0,3
90,648,65,0,3
90,656,115,3,0
90,662,91,2,1
90,680,115,3,0
90,719,91,2,1
91,647,66,0,3
91,648,66,0,3
91,656,116,3,0
91,662,92,2,1
91,719,92,2,1
92,647,67,0,3
92,648,67,0,3
92,652,93,2,1
92,656,117,3,0
92,662,93,2,1
92,698,117,3,0
92,719,93,2,1
93,647,68,0,3
93,648,68,0,3
93,656,118,3,0
93,662,94,2,1
93,698,118,3,0
93,719,94,2,1
94,647,69,0,3
94,648,69,0,3
94,655,93,1,2
94,662,119,3,0
94,692,119,3,0
94,719,119,3,0
95,647,94,1,2
95,648,94,1,2
95,655,96,2,1
95,656,94,1,2
95,662,120,3,0
95,692,120,3,0
95,698,94,1,2
95,719,120,3,0
95,721,96,2,1
96,647,95,1,2
96,648,95,1,2
96,656,95,1,2
96,662,121,3,0
96,698,95,1,2
96,719,121,3,0
97,647,96,1,2
97,648,96,1,2
97,652,122,3,0
97,656,96,1,2
97,662,122,3,0
97,698,96,1,2
97,719,122,3,0
98,647,97,1,2
98,648,97,1,2
98,656,97,1,2
98,662,123,3,0
98,719,123,3,0
99,647,98,1,2
99,648,98,1,2
99,656,98,1,2
99,662,124,3,0
99,719,124,3,0
100,648,124,3,2
100,662,125,2,0
101,662,100,1,1
102,648,103,2,1
102,662,127,3,0
102,681,103,2,1
102,719,127,3,0
103,647,104,2,1
103,648,104,2,1
103,656,104,2,1
103,662,128,3,0
103,680,104,2,1
103,719,128,3,0
104,647,105,2,1
104,648,105,2,1
104,652,129,3,0
104,656,105,2,1
104,662,129,3,0
104,698,105,2,1
104,719,129,3,0
105,647,106,2,1
105,648,106,2,1
105,656,106,2,1
105,662,130,3,0
105,698,106,2,1
105,719,130,3,0
106,647,107,2,1
106,648,107,2,1
106,656,107,2,1
106,662,131,3,0
106,692,131,3,0
106,698,107,2,1
106,719,131,3,0
107,647,82,0,3
107,648,132,3,0
107,656,132,3,0
107,662,132,3,0
107,692,132,3,0
107,719,132,3,0
107,721,721,100,0
108,647,83,0,3
108,648,133,3,0
108,655,107,1,2
108,656,133,3,0
108,662,107,1,2
108,698,133,3,0
108,719,107,1,2
108,721,107,1,2
109,647,84,0,3
109,648,134,3,0
109,656,134,3,0
109,662,108,1,2
109,698,134,3,0
109,719,108,1,2
110,647,85,0,3
110,648,135,3,0
110,656,135,3,0
110,662,109,1,2
110,698,135,3,0
110,719,109,1,2
111,647,86,0,3
111,648,136,3,0
111,656,136,3,0
111,662,110,1,2
111,680,136,3,0
111,719,110,1,2
112,648,137,3,0
112,662,111,1,2
112,681,87,0,3
112,719,111,1,2
113,662,114,2,1
114,648,139,3,0
114,662,115,2,1
114,681,89,0,3
115,647,90,0,3
115,648,140,3,0
115,656,140,3,0
115,662,116,2,1
115,680,140,3,0
115,719,116,2,1
116,647,91,0,3
116,648,141,3,0
116,656,141,3,0
116,662,117,2,1
116,719,117,2,1
117,647,92,0,3
117,648,142,3,0
117,652,118,2,1
117,656,142,3,0
117,662,118,2,1
117,698,142,3,0
117,719,118,2,1
118,647,93,0,3
118,648,143,3,0
118,656,143,3,0
118,662,119,2,1
118,698,143,3,0
118,719,119,2,1
119,647,94,0,3
119,648,144,3,0
119,655,118,1,2
119,656,144,3,0
119,662,144,3,0
119,692,144,3,0
119,719,144,3,0
119,721,118,1,2
120,647,119,1,2
120,648,119,1,2
120,655,121,2,1
120,656,119,1,2
120,662,145,3,0
120,692,145,3,0
120,698,119,1,2
120,719,145,3,0
120,721,121,2,1
121,647,120,1,2
121,648,120,1,2
121,656,120,1,2
121,662,146,3,0
121,698,120,1,2
121,719,146,3,0
122,647,121,1,2
122,648,121,1,2
122,652,147,3,0
122,656,121,1,2
122,662,147,3,0
122,698,121,1,2
122,719,147,3,0
123,647,122,1,2
123,648,122,1,2
123,656,122,1,2
123,662,148,3,0
123,719,148,3,0
124,647,123,1,2
124,648,123,1,2
124,656,123,1,2
124,662,149,3,0
124,719,149,3,0
125,648,149,3,2
125,662,662,41,0
126,662,125,1,1
127,648,128,2,1
127,662,126,1,2
127,681,128,2,1
127,719,152,3,0
128,647,129,2,1
128,648,129,2,1
128,656,129,2,1
128,662,127,1,2
128,680,129,2,1
128,719,153,3,0
129,647,130,2,1
129,648,130,2,1
129,652,154,3,0
129,656,130,2,1
129,662,128,1,2
129,698,130,2,1
129,719,154,3,0
130,647,131,2,1
130,648,131,2,1
130,656,131,2,1
130,662,129,1,2
130,698,131,2,1
130,719,155,3,0
131,647,132,2,1
131,648,132,2,1
131,656,132,2,1
131,662,130,1,2
131,692,692,71,0
131,698,132,2,1
131,719,156,3,0
132,647,107,0,3
132,648,157,3,0
132,656,157,3,0
132,662,131,1,2
132,692,131,1,2
132,719,157,3,0
133,647,108,0,3
133,648,158,3,0
133,655,132,1,2
133,656,158,3,0
133,662,132,1,2
133,698,158,3,0
133,719,132,1,2
133,721,132,1,2
134,647,109,0,3
134,648,159,3,0
134,656,159,3,0
134,662,133,1,2
134,698,159,3,0
134,719,133,1,2
135,647,110,0,3
135,648,160,3,0
135,656,160,3,0
135,662,134,1,2
135,698,160,3,0
135,719,134,1,2
136,647,111,0,3
136,648,161,3,0
136,656,161,3,0
136,662,135,1,2
136,680,161,3,0
136,719,135,1,2
137,648,162,3,0
137,662,136,1,2
137,681,112,0,3
137,719,136,1,2
138,662,139,2,1
139,648,164,3,0
139,662,140,2,1
139,681,114,0,3
140,647,115,0,3
140,648,165,3,0
140,656,165,3,0
140,662,141,2,1
140,680,165,3,0
140,719,141,2,1
141,647,116,0,3
141,648,166,3,0
141,656,166,3,0
141,662,142,2,1
141,719,142,2,1
142,647,117,0,3
142,648,167,3,0
142,652,143,2,1
142,656,167,3,0
142,662,143,2,1
142,698,167,3,0
142,719,143,2,1
143,647,118,0,3
143,648,168,3,0
143,656,168,3,0
143,662,144,2,1
143,698,168,3,0
143,719,144,2,1
144,647,119,0,3
144,648,169,3,0
144,655,143,1,2
144,656,169,3,0
144,662,145,2,1
144,692,145,2,1
144,719,169,3,0
144,721,143,1,2
145,647,144,1,2
145,648,144,1,2
145,655,146,2,1
145,656,144,1,2
145,662,146,2,1
145,698,144,1,2
145,719,170,3,0
145,721,146,2,1
146,647,145,1,2
146,648,145,1,2
146,656,145,1,2
146,662,147,2,1
146,698,145,1,2
146,719,171,3,0
147,647,146,1,2
147,648,146,1,2
147,652,172,3,0
147,656,146,1,2
147,662,148,2,1
147,698,146,1,2
147,719,172,3,0
148,647,147,1,2
148,648,147,1,2
148,656,147,1,2
148,662,149,2,1
148,719,173,3,0
149,647,148,1,2
149,648,148,1,2
149,656,148,1,2
149,662,125,2,3
149,719,174,3,0
150,648,174,3,2
150,662,125,0,2
151,662,150,1,1
152,648,153,2,1
152,662,127,0,3
152,681,153,2,1
152,719,177,3,0
153,647,154,2,1
153,648,154,2,1
153,656,154,2,1
153,662,128,0,3
153,680,154,2,1
153,719,178,3,0
154,647,155,2,1
154,648,155,2,1
154,652,179,3,0
154,656,155,2,1
154,662,129,0,3
154,698,155,2,1
154,719,179,3,0
155,647,156,2,1
155,648,156,2,1
155,656,156,2,1
155,662,130,0,3
155,698,156,2,1
155,719,180,3,0
156,647,157,2,1
156,648,157,2,1
156,656,157,2,1
156,662,131,0,3
156,692,131,0,3
156,698,157,2,1
156,719,181,3,0
157,647,132,0,3
157,648,182,3,0
157,656,182,3,0
157,662,132,0,3
157,719,182,3,0
158,647,133,0,3
158,648,183,3,0
158,655,157,1,2
158,656,183,3,0
158,662,157,1,2
158,698,183,3,0
158,719,157,1,2
158,721,157,1,2
159,647,134,0,3
159,648,184,3,0
159,656,184,3,0
159,662,158,1,2
159,698,184,3,0
159,719,158,1,2
160,647,135,0,3
160,648,185,3,0
160,656,185,3,0
160,662,159,1,2
160,698,185,3,0
160,719,159,1,2
161,647,136,0,3
161,648,186,3,0
161,656,186,3,0
161,662,160,1,2
161,680,186,3,0
161,719,160,1,2
162,648,187,3,0
162,662,161,1,2
162,681,137,0,3
162,719,161,1,2
163,662,164,2,1
164,648,189,3,0
164,662,165,2,1
164,681,139,0,3
165,647,140,0,3
165,648,190,3,0
165,656,190,3,0
165,662,166,2,1
165,680,190,3,0
165,719,166,2,1
166,647,141,0,3
166,648,191,3,0
166,656,191,3,0
166,662,167,2,1
166,719,167,2,1
167,647,142,0,3
167,648,192,3,0
167,652,168,2,1
167,656,192,3,0
167,662,168,2,1
167,698,192,3,0
167,719,168,2,1
168,647,143,0,3
168,648,193,3,0
168,656,193,3,0
168,662,169,2,1
168,698,193,3,0
168,719,169,2,1
169,647,144,0,3
169,648,194,3,0
169,655,168,1,2
169,656,194,3,0
169,662,144,0,3
169,692,144,0,3
169,719,194,3,0
169,721,168,1,2
170,647,169,1,2
170,648,169,1,2
170,655,171,2,1
170,656,169,1,2
170,662,145,0,3
170,692,145,0,3
170,698,169,1,2
170,719,195,3,0
170,721,171,2,1
171,647,170,1,2
171,648,170,1,2
171,656,170,1,2
171,662,146,0,3
171,698,170,1,2
171,719,196,3,0
172,647,171,1,2
172,648,171,1,2
172,652,197,3,0
172,656,171,1,2
172,662,147,0,3
172,698,171,1,2
172,719,197,3,0
173,647,172,1,2
173,648,172,1,2
173,656,172,1,2
173,662,148,0,3
173,719,198,3,0
174,647,173,1,2
174,648,173,1,2
174,656,173,1,2
174,662,149,0,3
174,719,199,3,0
175,648,199,3,2
175,662,150,0,2
176,662,175,1,1
177,648,178,2,1
177,662,152,0,3
177,681,178,2,1
177,719,202,3,0
178,647,179,2,1
178,648,179,2,1
178,656,179,2,1
178,662,153,0,3
178,680,179,2,1
178,719,203,3,0
179,647,180,2,1
179,648,180,2,1
179,652,204,3,0
179,656,180,2,1
179,662,154,0,3
179,698,180,2,1
179,719,204,3,0
180,647,181,2,1
180,648,181,2,1
180,656,181,2,1
180,662,155,0,3
180,698,181,2,1
180,719,205,3,0
181,647,182,2,1
181,648,182,2,1
181,656,182,2,1
181,662,156,0,3
181,692,156,0,3
181,698,182,2,1
181,719,206,3,0
182,647,157,0,3
182,648,207,3,0
182,656,207,3,0
182,662,157,0,3
182,698,183,2,1
182,719,207,3,0
183,647,158,0,3
183,648,208,3,0
183,655,182,1,2
183,656,208,3,0
183,662,182,1,2
183,698,184,2,1
183,719,182,1,2
183,721,182,1,2
184,647,159,0,3
184,648,209,3,0
184,656,209,3,0
184,662,183,1,2
184,698,185,2,1
184,719,183,1,2
185,647,160,0,3
185,648,210,3,0
185,656,210,3,0
185,662,184,1,2
185,698,698,77,0
185,719,184,1,2
186,647,161,0,3
186,648,211,3,0
186,656,211,3,0
186,662,185,1,2
186,680,211,3,0
186,719,185,1,2
187,648,212,3,0
187,662,186,1,2
187,681,162,0,3
187,719,186,1,2
188,662,189,2,1
189,648,214,3,0
189,662,190,2,1
189,681,164,0,3
190,647,165,0,3
190,648,215,3,0
190,656,215,3,0
190,662,191,2,1
190,680,215,3,0
190,719,191,2,1
191,647,166,0,3
191,648,216,3,0
191,656,216,3,0
191,662,192,2,1
191,719,192,2,1
192,647,167,0,3
192,648,217,3,0
192,652,193,2,1
192,656,217,3,0
192,662,193,2,1
192,698,191,1,2
192,719,193,2,1
193,647,168,0,3
193,648,218,3,0
193,656,218,3,0
193,662,194,2,1
193,698,192,1,2
193,719,194,2,1
194,647,169,0,3
194,648,219,3,0
194,655,193,1,2
194,656,219,3,0
194,662,169,0,3
194,692,169,0,3
194,698,193,1,2
194,719,219,3,0
194,721,193,1,2
195,647,194,1,2
195,648,194,1,2
195,655,196,2,1
195,656,194,1,2
195,662,170,0,3
195,692,170,0,3
195,698,194,1,2
195,719,220,3,0
195,721,196,2,1
196,647,195,1,2
196,648,195,1,2
196,656,195,1,2
196,662,171,0,3
196,698,195,1,2
196,719,221,3,0
197,647,196,1,2
197,648,196,1,2
197,652,222,3,0
197,656,196,1,2
197,662,172,0,3
197,698,196,1,2
197,719,222,3,0
198,647,197,1,2
198,648,197,1,2
198,656,197,1,2
198,662,173,0,3
198,719,223,3,0
199,647,198,1,2
199,648,198,1,2
199,656,198,1,2
199,662,174,0,3
199,719,224,3,0
200,648,224,3,2
200,662,175,0,2
201,662,200,1,1
202,648,203,2,1
202,662,177,0,3
202,681,203,2,1
202,719,227,3,0
203,647,204,2,1
203,648,204,2,1
203,656,204,2,1
203,662,178,0,3
203,680,204,2,1
203,719,228,3,0
204,647,205,2,1
204,648,205,2,1
204,652,229,3,0
204,656,205,2,1
204,662,179,0,3
204,698,205,2,1
204,719,229,3,0
205,647,206,2,1
205,648,206,2,1
205,656,206,2,1
205,662,180,0,3
205,698,206,2,1
205,719,230,3,0
206,647,207,2,1
206,648,207,2,1
206,656,207,2,1
206,662,181,0,3
206,692,181,0,3
206,698,207,2,1
206,719,231,3,0
207,647,182,0,3
207,648,232,3,0
207,656,232,3,0
207,662,182,0,3
207,698,182,0,3
207,719,232,3,0
208,647,183,0,3
208,648,233,3,0
208,655,207,1,2
208,656,233,3,0
208,662,207,1,2
208,698,183,0,3
208,719,207,1,2
208,721,207,1,2
209,647,184,0,3
209,648,234,3,0
209,656,234,3,0
209,662,208,1,2
209,698,184,0,3
209,719,208,1,2
210,647,185,0,3
210,648,235,3,0
210,656,235,3,0
210,662,209,1,2
210,698,185,0,3
210,719,209,1,2
211,647,186,0,3
211,648,236,3,0
211,656,236,3,0
211,662,210,1,2
211,680,236,3,0
211,719,210,1,2
212,648,237,3,0
212,662,211,1,2
212,681,187,0,3
212,719,211,1,2
213,662,214,2,1
214,648,239,3,0
214,662,215,2,1
214,681,189,0,3
215,647,190,0,3
215,648,240,3,0
215,656,240,3,0
215,662,216,2,1
215,680,240,3,0
215,719,216,2,1
216,647,191,0,3
216,648,241,3,0
216,656,241,3,0
216,662,217,2,1
216,719,217,2,1
217,647,192,0,3
217,648,242,3,0
217,652,218,2,1
217,656,242,3,0
217,662,218,2,1
217,698,192,0,3
217,719,218,2,1
218,647,193,0,3
218,648,243,3,0
218,656,243,3,0
218,662,219,2,1
218,698,193,0,3
218,719,219,2,1
219,647,194,0,3
219,648,244,3,0
219,655,218,1,2
219,656,244,3,0
219,662,194,0,3
219,692,194,0,3
219,698,194,0,3
219,719,244,3,0
219,721,218,1,2
220,647,219,1,2
220,648,219,1,2
220,655,221,2,1
220,656,219,1,2
220,662,195,0,3
220,692,195,0,3
220,698,219,1,2
220,719,245,3,0
220,721,221,2,1
221,647,220,1,2
221,648,220,1,2
221,656,220,1,2
221,662,196,0,3
221,698,220,1,2
221,719,246,3,0
222,647,221,1,2
222,648,221,1,2
222,652,247,3,0
222,656,221,1,2
222,662,197,0,3
222,698,221,1,2
222,719,247,3,0
223,647,222,1,2
223,648,222,1,2
223,656,222,1,2
223,662,198,0,3
223,719,248,3,0
224,647,223,1,2
224,648,223,1,2
224,656,223,1,2
224,662,199,0,3
224,719,249,3,0
225,648,249,3,2
225,662,200,0,2
226,662,225,1,1
227,648,228,2,1
227,662,202,0,3
227,681,228,2,1
227,719,252,3,0
228,647,229,2,1
228,648,229,2,1
228,656,229,2,1
228,662,203,0,3
228,680,229,2,1
228,719,253,3,0
229,647,230,2,1
229,648,230,2,1
229,652,254,3,0
229,656,230,2,1
229,662,204,0,3
229,698,230,2,1
229,719,254,3,0
230,647,231,2,1
230,648,231,2,1
230,656,231,2,1
230,662,205,0,3
230,698,231,2,1
230,719,255,3,0
231,647,232,2,1
231,648,232,2,1
231,656,232,2,1
231,662,206,0,3
231,692,206,0,3
231,698,232,2,1
231,719,256,3,0
232,648,257,3,0
232,656,257,3,0
232,662,207,0,3
232,698,207,0,3
232,719,257,3,0
233,647,258,3,0
233,648,258,3,0
233,655,232,1,2
233,656,258,3,0
233,662,232,1,2
233,698,208,0,3
233,719,232,1,2
233,721,232,1,2
234,647,259,3,0
234,648,259,3,0
234,656,259,3,0
234,662,233,1,2
234,698,209,0,3
234,719,233,1,2
235,647,260,3,0
235,648,260,3,0
235,656,260,3,0
235,662,234,1,2
235,698,210,0,3
235,719,234,1,2
236,647,261,3,0
236,648,261,3,0
236,656,261,3,0
236,662,235,1,2
236,680,261,3,0
236,719,235,1,2
237,648,262,3,0
237,662,236,1,2
237,681,212,0,3
237,719,236,1,2
238,662,239,2,1
239,648,264,3,0
239,662,240,2,1
239,681,214,0,3
240,647,265,3,0
240,648,265,3,0
240,656,265,3,0
240,662,241,2,1
240,680,265,3,0
240,719,241,2,1
241,647,266,3,0
241,648,266,3,0
241,656,266,3,0
241,662,242,2,1
241,719,242,2,1
242,647,267,3,0
242,648,267,3,0
242,652,243,2,1
242,656,267,3,0
242,662,243,2,1
242,698,217,0,3
242,719,243,2,1
243,647,268,3,0
243,648,268,3,0
243,656,268,3,0
243,662,244,2,1
243,698,218,0,3
243,719,244,2,1
244,648,269,3,0
244,655,243,1,2
244,656,269,3,0
244,662,219,0,3
244,692,219,0,3
244,698,219,0,3
244,719,269,3,0
244,721,243,1,2
245,647,244,1,2
245,648,244,1,2
245,655,246,2,1
245,656,244,1,2
245,662,220,0,3
245,692,220,0,3
245,698,244,1,2
245,719,270,3,0
245,721,246,2,1
246,647,245,1,2
246,648,245,1,2
246,656,245,1,2
246,662,221,0,3
246,698,245,1,2
246,719,271,3,0
247,647,246,1,2
247,648,246,1,2
247,652,272,3,0
247,656,246,1,2
247,662,222,0,3
247,698,246,1,2
247,719,272,3,0
248,647,247,1,2
248,648,247,1,2
248,656,247,1,2
248,662,223,0,3
248,719,273,3,0
249,647,248,1,2
249,648,248,1,2
249,656,248,1,2
249,662,224,0,3
249,719,274,3,0
250,648,274,3,2
250,662,225,0,2
251,662,250,1,1
252,648,253,2,1
252,662,227,0,3
252,681,253,2,1
252,719,719,98,0
253,647,254,2,1
253,648,254,2,1
253,656,254,2,1
253,662,228,0,3
253,680,254,2,1
253,719,252,1,2
254,647,255,2,1
254,648,255,2,1
254,652,279,3,0
254,656,255,2,1
254,662,229,0,3
254,698,255,2,1
254,719,253,1,2
255,647,256,2,1
255,648,256,2,1
255,656,256,2,1
255,662,230,0,3
255,698,256,2,1
255,719,254,1,2
256,647,257,2,1
256,648,257,2,1
256,656,257,2,1
256,662,231,0,3
256,692,231,0,3
256,698,257,2,1
256,719,255,1,2
257,648,282,3,0
257,656,282,3,0
257,662,232,0,3
257,698,232,0,3
257,719,256,1,2
258,647,283,3,0
258,648,283,3,0
258,655,257,1,2
258,656,283,3,0
258,662,257,1,2
258,698,233,0,3
258,719,257,1,2
258,721,257,1,2
259,647,284,3,0
259,648,284,3,0
259,656,284,3,0
259,662,258,1,2
259,698,234,0,3
259,719,258,1,2
260,647,285,3,0
260,648,285,3,0
260,656,285,3,0
260,662,259,1,2
260,698,235,0,3
260,719,259,1,2
261,647,286,3,0
261,648,286,3,0
261,656,286,3,0
261,662,260,1,2
261,680,286,3,0
261,719,260,1,2
262,648,287,3,0
262,662,261,1,2
262,681,287,3,0
262,719,261,1,2
263,662,264,2,1
264,648,289,3,0
264,662,265,2,1
264,681,289,3,0
265,647,290,3,0
265,648,290,3,0
265,656,290,3,0
265,662,266,2,1
265,680,290,3,0
265,719,266,2,1
266,647,291,3,0
266,648,291,3,0
266,656,291,3,0
266,662,267,2,1
266,719,267,2,1
267,647,292,3,0
267,648,292,3,0
267,652,268,2,1
267,656,292,3,0
267,662,268,2,1
267,698,242,0,3
267,719,268,2,1
268,647,293,3,0
268,648,293,3,0
268,656,293,3,0
268,662,269,2,1
268,698,243,0,3
268,719,269,2,1
269,648,294,3,0
269,655,268,1,2
269,656,294,3,0
269,662,244,0,3
269,692,244,0,3
269,698,244,0,3
269,719,270,2,1
269,721,268,1,2
270,647,269,1,2
270,648,269,1,2
270,655,271,2,1
270,656,269,1,2
270,662,245,0,3
270,692,245,0,3
270,698,269,1,2
270,719,271,2,1
270,721,271,2,1
271,647,270,1,2
271,648,270,1,2
271,656,270,1,2
271,662,246,0,3
271,698,270,1,2
271,719,272,2,1
272,647,271,1,2
272,648,271,1,2
272,652,297,3,0
272,656,271,1,2
272,662,247,0,3
272,698,271,1,2
272,719,273,2,1
273,647,272,1,2
273,648,272,1,2
273,656,272,1,2
273,662,248,0,3
273,719,274,2,1
274,647,273,1,2
274,648,273,1,2
274,656,273,1,2
274,662,249,0,3
274,719,250,2,3
275,648,299,3,2
275,662,250,0,2
276,662,275,1,1
277,648,278,2,1
277,662,252,0,3
277,681,278,2,1
277,719,252,0,3
278,647,279,2,1
278,648,279,2,1
278,656,279,2,1
278,662,253,0,3
278,680,279,2,1
278,719,253,0,3
279,647,280,2,1
279,648,280,2,1
279,652,304,3,0
279,656,280,2,1
279,662,254,0,3
279,698,280,2,1
279,719,254,0,3
280,647,281,2,1
280,648,281,2,1
280,656,281,2,1
280,662,255,0,3
280,698,281,2,1
280,719,255,0,3
281,647,282,2,1
281,648,282,2,1
281,656,282,2,1
281,662,256,0,3
281,692,256,0,3
281,698,282,2,1
281,719,256,0,3
282,647,307,3,0
282,648,307,3,0
282,656,307,3,0
282,662,257,0,3
282,698,257,0,3
283,647,308,3,0
283,648,308,3,0
283,655,282,1,2
283,656,308,3,0
283,662,282,1,2
283,698,258,0,3
283,719,282,1,2
283,721,282,1,2
284,647,309,3,0
284,648,309,3,0
284,656,309,3,0
284,662,283,1,2
284,698,259,0,3
284,719,283,1,2
285,647,310,3,0
285,648,310,3,0
285,656,310,3,0
285,662,284,1,2
285,698,260,0,3
285,719,284,1,2
286,647,311,3,0
286,648,311,3,0
286,656,311,3,0
286,662,285,1,2
286,680,311,3,0
286,719,285,1,2
287,648,312,3,0
287,662,286,1,2
287,681,312,3,0
287,719,286,1,2
288,662,289,2,1
289,648,314,3,0
289,662,290,2,1
289,681,314,3,0
290,647,315,3,0
290,648,315,3,0
290,656,315,3,0
290,662,291,2,1
290,680,315,3,0
290,719,291,2,1
291,647,316,3,0
291,648,316,3,0
291,656,316,3,0
291,662,292,2,1
291,719,292,2,1
292,647,317,3,0
292,648,317,3,0
292,652,293,2,1
292,656,317,3,0
292,662,293,2,1
292,698,267,0,3
292,719,293,2,1
293,647,318,3,0
293,648,318,3,0
293,656,318,3,0
293,662,294,2,1
293,698,268,0,3
293,719,294,2,1
294,647,319,3,0
294,648,319,3,0
294,655,293,1,2
294,656,319,3,0
294,662,269,0,3
294,692,269,0,3
294,698,269,0,3
294,721,293,1,2
295,647,294,1,2
295,648,294,1,2
295,655,296,2,1
295,656,294,1,2
295,662,270,0,3
295,692,270,0,3
295,698,294,1,2
295,719,270,0,3
295,721,296,2,1
296,647,295,1,2
296,648,295,1,2
296,656,295,1,2
296,662,271,0,3
296,698,295,1,2
296,719,271,0,3
297,647,296,1,2
297,648,296,1,2
297,652,322,3,0
297,656,296,1,2
297,662,272,0,3
297,698,296,1,2
297,719,272,0,3
298,647,297,1,2
298,648,297,1,2
298,656,297,1,2
298,662,273,0,3
298,719,273,0,3
299,647,298,1,2
299,648,298,1,2
299,656,298,1,2
299,662,274,0,3
299,719,274,0,3
300,648,324,3,2
300,662,275,0,2
301,662,300,1,1
302,648,303,2,1
302,662,277,0,3
302,681,303,2,1
302,719,277,0,3
303,647,304,2,1
303,648,304,2,1
303,656,304,2,1
303,662,278,0,3
303,680,304,2,1
303,719,278,0,3
304,647,305,2,1
304,648,305,2,1
304,652,329,3,0
304,656,305,2,1
304,662,279,0,3
304,698,305,2,1
304,719,279,0,3
305,647,306,2,1
305,648,306,2,1
305,652,330,3,0
305,656,306,2,1
305,662,280,0,3
305,698,306,2,1
305,719,280,0,3
306,647,307,2,1
306,648,307,2,1
306,652,331,3,0
306,656,307,2,1
306,662,281,0,3
306,692,281,0,3
306,698,307,2,1
306,719,281,0,3
307,647,332,3,0
307,648,332,3,0
307,652,332,3,0
307,656,332,3,0
307,662,282,0,3
307,698,282,0,3
307,719,282,0,3
308,647,333,3,0
308,648,333,3,0
308,655,307,1,2
308,656,333,3,0
308,662,307,1,2
308,698,283,0,3
308,719,307,1,2
308,721,307,1,2
309,647,334,3,0
309,648,334,3,0
309,656,334,3,0
309,662,308,1,2
309,698,284,0,3
309,719,308,1,2
310,647,335,3,0
310,648,335,3,0
310,656,335,3,0
310,662,309,1,2
310,698,285,0,3
310,719,309,1,2
311,647,336,3,0
311,648,336,3,0
311,656,336,3,0
311,662,310,1,2
311,680,336,3,0
311,719,310,1,2
312,648,337,3,0
312,662,311,1,2
312,681,337,3,0
312,719,311,1,2
313,662,314,2,1
314,648,339,3,0
314,662,315,2,1
314,681,339,3,0
315,647,340,3,0
315,648,340,3,0
315,656,340,3,0
315,662,316,2,1
315,680,340,3,0
315,719,316,2,1
316,647,341,3,0
316,648,341,3,0
316,656,341,3,0
316,662,317,2,1
316,719,317,2,1
317,647,342,3,0
317,648,342,3,0
317,652,318,2,1
317,656,342,3,0
317,662,318,2,1
317,698,292,0,3
317,719,318,2,1
318,647,343,3,0
318,648,343,3,0
318,656,343,3,0
318,662,319,2,1
318,698,293,0,3
318,719,319,2,1
319,647,344,3,0
319,648,344,3,0
319,652,344,3,0
319,655,318,1,2
319,656,344,3,0
319,662,294,0,3
319,692,294,0,3
319,698,294,0,3
319,719,294,0,3
319,721,318,1,2
320,647,319,1,2
320,648,319,1,2
320,652,345,3,0
320,655,321,2,1
320,656,319,1,2
320,662,295,0,3
320,692,295,0,3
320,698,319,1,2
320,719,295,0,3
320,721,321,2,1
321,647,320,1,2
321,648,320,1,2
321,652,346,3,0
321,656,320,1,2
321,662,296,0,3
321,698,320,1,2
321,719,296,0,3
322,647,321,1,2
322,648,321,1,2
322,652,347,3,0
322,656,321,1,2
322,662,297,0,3
322,698,321,1,2
322,719,297,0,3
323,647,322,1,2
323,648,322,1,2
323,656,322,1,2
323,662,298,0,3
323,719,298,0,3
324,647,323,1,2
324,648,323,1,2
324,656,323,1,2
324,662,299,0,3
324,719,299,0,3
325,648,349,3,2
325,662,300,0,2
326,662,325,1,1
327,648,328,2,1
327,662,302,0,3
327,681,328,2,1
327,719,302,0,3
328,647,329,2,1
328,648,329,2,1
328,656,329,2,1
328,662,303,0,3
328,680,329,2,1
328,719,303,0,3
329,647,330,2,1
329,648,330,2,1
329,652,652,31,0
329,656,330,2,1
329,662,304,0,3
329,698,330,2,1
329,719,304,0,3
330,647,331,2,1
330,648,331,2,1
330,652,329,1,2
330,656,331,2,1
330,662,305,0,3
330,698,331,2,1
330,719,305,0,3
331,647,332,2,1
331,648,332,2,1
331,652,330,1,2
331,656,332,2,1
331,662,306,0,3
331,692,306,0,3
331,698,332,2,1
331,719,306,0,3
332,647,357,3,0
332,648,357,3,0
332,652,331,1,2
332,656,357,3,0
332,662,307,0,3
332,698,307,0,3
332,719,307,0,3
333,647,358,3,0
333,648,358,3,0
333,655,332,1,2
333,656,358,3,0
333,662,332,1,2
333,698,308,0,3
333,719,332,1,2
333,721,332,1,2
334,647,359,3,0
334,648,359,3,0
334,656,359,3,0
334,662,333,1,2
334,698,309,0,3
334,719,333,1,2
335,647,360,3,0
335,648,360,3,0
335,656,360,3,0
335,662,334,1,2
335,698,310,0,3
335,719,334,1,2
336,647,361,3,0
336,648,361,3,0
336,656,361,3,0
336,662,335,1,2
336,680,361,3,0
336,719,335,1,2
337,648,362,3,0
337,662,336,1,2
337,681,362,3,0
337,719,336,1,2
338,662,339,2,1
339,648,364,3,0
339,662,340,2,1
339,681,364,3,0
340,647,365,3,0
340,648,365,3,0
340,656,365,3,0
340,662,341,2,1
340,680,365,3,0
340,719,341,2,1
341,647,366,3,0
341,648,366,3,0
341,656,366,3,0
341,662,342,2,1
341,719,342,2,1
342,647,367,3,0
342,648,367,3,0
342,652,343,2,1
342,656,367,3,0
342,662,343,2,1
342,698,317,0,3
342,719,343,2,1
343,647,368,3,0
343,648,368,3,0
343,656,368,3,0
343,662,344,2,1
343,698,318,0,3
343,719,344,2,1
344,647,369,3,0
344,648,369,3,0
344,652,345,2,1
344,655,343,1,2
344,656,369,3,0
344,662,319,0,3
344,692,319,0,3
344,698,319,0,3
344,719,319,0,3
344,721,343,1,2
345,647,344,1,2
345,648,344,1,2
345,652,346,2,1
345,655,346,2,1
345,656,344,1,2
345,662,320,0,3
345,692,320,0,3
345,698,344,1,2
345,719,320,0,3
345,721,346,2,1
346,647,345,1,2
346,648,345,1,2
346,652,347,2,1
346,656,345,1,2
346,662,321,0,3
346,698,345,1,2
346,719,321,0,3
347,647,346,1,2
347,648,346,1,2
347,656,346,1,2
347,662,322,0,3
347,698,346,1,2
347,719,322,0,3
348,647,347,1,2
348,648,347,1,2
348,656,347,1,2
348,662,323,0,3
348,719,323,0,3
349,647,348,1,2
349,648,348,1,2
349,656,348,1,2
349,662,324,0,3
349,719,324,0,3
350,648,374,3,2
350,662,325,0,2
351,662,350,1,1
352,648,353,2,1
352,662,327,0,3
352,681,353,2,1
352,719,327,0,3
353,647,354,2,1
353,648,354,2,1
353,656,354,2,1
353,662,328,0,3
353,680,354,2,1
353,719,328,0,3
354,647,355,2,1
354,648,355,2,1
354,652,329,0,3
354,656,355,2,1
354,662,329,0,3
354,698,355,2,1
354,719,329,0,3
355,647,356,2,1
355,648,356,2,1
355,656,356,2,1
355,662,330,0,3
355,698,356,2,1
355,719,330,0,3
356,647,357,2,1
356,648,357,2,1
356,656,357,2,1
356,662,331,0,3
356,692,331,0,3
356,698,357,2,1
356,719,331,0,3
357,647,382,3,0
357,648,382,3,0
357,655,332,0,3
357,656,382,3,0
357,662,332,0,3
357,680,382,3,0
357,698,332,0,3
357,719,332,0,3
358,647,383,3,0
358,648,383,3,0
358,655,357,1,2
358,656,383,3,0
358,662,357,1,2
358,680,383,3,0
358,698,333,0,3
358,719,357,1,2
358,721,357,1,2
359,647,384,3,0
359,648,384,3,0
359,656,384,3,0
359,662,358,1,2
359,680,384,3,0
359,698,334,0,3
359,719,358,1,2
360,647,385,3,0
360,648,385,3,0
360,656,385,3,0
360,662,359,1,2
360,680,385,3,0
360,698,335,0,3
360,719,359,1,2
361,647,386,3,0
361,648,386,3,0
361,656,386,3,0
361,662,360,1,2
361,680,386,3,0
361,719,360,1,2
362,648,387,3,0
362,662,361,1,2
362,681,387,3,0
362,719,361,1,2
363,662,364,2,1
364,648,389,3,0
364,662,365,2,1
364,681,389,3,0
365,647,390,3,0
365,648,390,3,0
365,656,390,3,0
365,662,366,2,1
365,680,390,3,0
365,719,366,2,1
366,647,391,3,0
366,648,391,3,0
366,656,391,3,0
366,662,367,2,1
366,680,391,3,0
366,719,367,2,1
367,647,392,3,0
367,648,392,3,0
367,652,368,2,1
367,656,392,3,0
367,662,368,2,1
367,680,392,3,0
367,698,342,0,3
367,719,368,2,1
368,647,393,3,0
368,648,393,3,0
368,656,393,3,0
368,662,369,2,1
368,680,393,3,0
368,698,343,0,3
368,719,369,2,1
369,647,394,3,0
369,648,394,3,0
369,655,368,1,2
369,656,394,3,0
369,662,344,0,3
369,680,394,3,0
369,692,344,0,3
369,698,344,0,3
369,719,344,0,3
369,721,368,1,2
370,647,369,1,2
370,648,369,1,2
370,655,371,2,1
370,656,369,1,2
370,662,345,0,3
370,692,345,0,3
370,698,369,1,2
370,719,345,0,3
370,721,371,2,1
371,647,370,1,2
371,648,370,1,2
371,656,370,1,2
371,662,346,0,3
371,698,370,1,2
371,719,346,0,3
372,647,371,1,2
372,648,371,1,2
372,652,347,0,3
372,656,371,1,2
372,662,347,0,3
372,698,371,1,2
372,719,347,0,3
373,647,372,1,2
373,648,372,1,2
373,656,372,1,2
373,662,348,0,3
373,719,348,0,3
374,647,373,1,2
374,648,373,1,2
374,656,373,1,2
374,662,349,0,3
374,719,349,0,3
375,648,399,3,2
375,662,350,0,2
376,662,375,1,1
377,648,378,2,1
377,662,352,0,3
377,681,378,2,1
377,719,352,0,3
378,647,379,2,1
378,648,379,2,1
378,656,379,2,1
378,662,353,0,3
378,680,379,2,1
378,719,353,0,3
379,647,380,2,1
379,648,380,2,1
379,652,354,0,3
379,656,380,2,1
379,662,354,0,3
379,698,380,2,1
379,719,354,0,3
380,647,381,2,1
380,648,381,2,1
380,656,381,2,1
380,662,355,0,3
380,698,381,2,1
380,719,355,0,3
381,647,382,2,1
381,648,382,2,1
381,656,382,2,1
381,662,356,0,3
381,692,356,0,3
381,698,382,2,1
381,719,356,0,3
382,647,407,3,0
382,648,407,3,0
382,656,383,2,1
382,662,357,0,3
382,680,383,2,1
382,698,357,0,3
382,719,357,0,3
383,647,408,3,0
383,648,408,3,0
383,655,382,1,2
383,656,384,2,1
383,662,382,1,2
383,680,384,2,1
383,698,358,0,3
383,719,382,1,2
383,721,382,1,2
384,647,409,3,0
384,648,409,3,0
384,656,385,2,1
384,662,383,1,2
384,680,385,2,1
384,698,359,0,3
384,719,383,1,2
385,647,410,3,0
385,648,410,3,0
385,656,386,2,1
385,662,384,1,2
385,680,386,2,1
385,698,360,0,3
385,719,384,1,2
386,647,411,3,0
386,648,411,3,0
386,656,387,2,1
386,662,385,1,2
386,719,385,1,2
387,648,412,3,0
387,662,386,1,2
387,681,412,3,0
387,719,386,1,2
388,662,389,2,1
389,648,414,3,0
389,662,390,2,1
389,681,414,3,0
390,647,415,3,0
390,648,415,3,0
390,656,656,35,0
390,662,391,2,1
390,680,680,59,0
390,719,391,2,1
391,647,416,3,0
391,648,416,3,0
391,656,390,1,2
391,662,392,2,1
391,680,390,1,2
391,719,392,2,1
392,647,417,3,0
392,648,417,3,0
392,652,393,2,1
392,656,391,1,2
392,662,393,2,1
392,680,391,1,2
392,698,367,0,3
392,719,393,2,1
393,647,418,3,0
393,648,418,3,0
393,656,392,1,2
393,662,394,2,1
393,680,392,1,2
393,698,368,0,3
393,719,394,2,1
394,647,419,3,0
394,648,419,3,0
394,655,393,1,2
394,656,393,1,2
394,662,369,0,3
394,680,393,1,2
394,692,369,0,3
394,698,369,0,3
394,719,369,0,3
394,721,393,1,2
395,647,394,1,2
395,648,394,1,2
395,655,396,2,1
395,656,394,1,2
395,662,370,0,3
395,692,370,0,3
395,698,394,1,2
395,719,370,0,3
395,721,396,2,1
396,647,395,1,2
396,648,395,1,2
396,656,395,1,2
396,662,371,0,3
396,698,395,1,2
396,719,371,0,3
397,647,396,1,2
397,648,396,1,2
397,652,372,0,3
397,656,396,1,2
397,662,372,0,3
397,698,396,1,2
397,719,372,0,3
398,647,397,1,2
398,648,397,1,2
398,656,397,1,2
398,662,373,0,3
398,719,373,0,3
399,647,398,1,2
399,648,398,1,2
399,656,398,1,2
399,662,374,0,3
399,719,374,0,3
400,648,424,3,2
400,662,375,0,2
401,662,400,1,1
402,648,403,2,1
402,662,377,0,3
402,681,403,2,1
402,719,377,0,3
403,647,404,2,1
403,648,404,2,1
403,656,404,2,1
403,662,378,0,3
403,680,404,2,1
403,719,378,0,3
404,647,405,2,1
404,648,405,2,1
404,652,379,0,3
404,656,405,2,1
404,662,379,0,3
404,698,405,2,1
404,719,379,0,3
405,647,406,2,1
405,648,406,2,1
405,656,406,2,1
405,662,380,0,3
405,698,406,2,1
405,719,380,0,3
406,647,407,2,1
406,648,407,2,1
406,656,407,2,1
406,662,381,0,3
406,692,381,0,3
406,698,407,2,1
406,719,381,0,3
407,647,432,3,0
407,648,408,2,1
407,662,382,0,3
407,692,382,0,3
407,719,382,0,3
407,721,382,0,3
408,647,433,3,0
408,648,409,2,1
408,655,407,1,2
408,656,383,0,3
408,662,407,1,2
408,698,383,0,3
408,719,407,1,2
408,721,407,1,2
409,647,434,3,0
409,648,410,2,1
409,656,384,0,3
409,662,408,1,2
409,698,384,0,3
409,719,408,1,2
410,647,435,3,0
410,648,411,2,1
410,656,385,0,3
410,662,409,1,2
410,698,385,0,3
410,719,409,1,2
411,647,436,3,0
411,648,412,2,1
411,656,386,0,3
411,662,410,1,2
411,680,386,0,3
411,719,410,1,2
412,648,413,2,1
412,662,411,1,2
412,681,437,3,0
412,719,411,1,2
413,662,414,2,1
414,648,648,27,0
414,662,415,2,1
414,681,439,3,0
415,647,440,3,0
415,648,414,1,2
415,656,390,0,3
415,662,416,2,1
415,680,390,0,3
415,719,416,2,1
416,647,441,3,0
416,648,415,1,2
416,656,391,0,3
416,662,417,2,1
416,719,417,2,1
417,647,442,3,0
417,648,416,1,2
417,652,418,2,1
417,656,392,0,3
417,662,418,2,1
417,698,392,0,3
417,719,418,2,1
418,647,443,3,0
418,648,417,1,2
418,656,393,0,3
418,662,419,2,1
418,698,393,0,3
418,719,419,2,1
419,647,444,3,0
419,648,418,1,2
419,655,418,1,2
419,662,394,0,3
419,692,394,0,3
419,719,394,0,3
419,721,418,1,2
420,647,419,1,2
420,648,419,1,2
420,655,421,2,1
420,656,419,1,2
420,662,395,0,3
420,692,395,0,3
420,698,419,1,2
420,719,395,0,3
420,721,421,2,1
421,647,420,1,2
421,648,420,1,2
421,656,420,1,2
421,662,396,0,3
421,698,420,1,2
421,719,396,0,3
422,647,421,1,2
422,648,421,1,2
422,652,397,0,3
422,656,421,1,2
422,662,397,0,3
422,698,421,1,2
422,719,397,0,3
423,647,422,1,2
423,648,422,1,2
423,656,422,1,2
423,662,398,0,3
423,719,398,0,3
424,647,423,1,2
424,648,423,1,2
424,656,423,1,2
424,662,399,0,3
424,719,399,0,3
425,648,449,3,2
425,662,400,0,2
426,662,425,1,1
427,648,428,2,1
427,662,402,0,3
427,681,428,2,1
427,719,402,0,3
428,647,429,2,1
428,648,429,2,1
428,656,429,2,1
428,662,403,0,3
428,680,429,2,1
428,719,403,0,3
429,647,430,2,1
429,648,430,2,1
429,652,404,0,3
429,656,430,2,1
429,662,404,0,3
429,698,430,2,1
429,719,404,0,3
430,647,431,2,1
430,648,431,2,1
430,656,431,2,1
430,662,405,0,3
430,698,431,2,1
430,719,405,0,3
431,647,432,2,1
431,648,432,2,1
431,656,432,2,1
431,662,406,0,3
431,692,406,0,3
431,698,432,2,1
431,719,406,0,3
432,647,457,3,0
432,648,407,0,3
432,656,407,0,3
432,662,407,0,3
432,692,407,0,3
432,719,407,0,3
433,647,458,3,0
433,648,408,0,3
433,655,432,1,2
433,656,408,0,3
433,662,432,1,2
433,698,408,0,3
433,719,432,1,2
433,721,432,1,2
434,647,459,3,0
434,648,409,0,3
434,656,409,0,3
434,662,433,1,2
434,698,409,0,3
434,719,433,1,2
435,647,460,3,0
435,648,410,0,3
435,656,410,0,3
435,662,434,1,2
435,698,410,0,3
435,719,434,1,2
436,647,461,3,0
436,648,411,0,3
436,656,411,0,3
436,662,435,1,2
436,680,411,0,3
436,719,435,1,2
437,648,412,0,3
437,662,436,1,2
437,681,462,3,0
437,719,436,1,2
438,662,439,2,1
439,648,414,0,3
439,662,440,2,1
439,681,464,3,0
440,647,465,3,0
440,648,415,0,3
440,656,415,0,3
440,662,441,2,1
440,680,415,0,3
440,719,441,2,1
441,647,466,3,0
441,648,416,0,3
441,656,416,0,3
441,662,442,2,1
441,719,442,2,1
442,647,467,3,0
442,648,417,0,3
442,652,443,2,1
442,656,417,0,3
442,662,443,2,1
442,698,417,0,3
442,719,443,2,1
443,647,468,3,0
443,648,418,0,3
443,656,418,0,3
443,662,444,2,1
443,698,418,0,3
443,719,444,2,1
444,647,469,3,0
444,648,419,0,3
444,655,443,1,2
444,656,419,0,3
444,662,419,0,3
444,692,419,0,3
444,719,419,0,3
444,721,443,1,2
445,647,444,1,2
445,648,444,1,2
445,655,446,2,1
445,656,444,1,2
445,662,420,0,3
445,692,420,0,3
445,698,444,1,2
445,719,420,0,3
445,721,446,2,1
446,647,445,1,2
446,648,445,1,2
446,656,445,1,2
446,662,421,0,3
446,698,445,1,2
446,719,421,0,3
447,647,446,1,2
447,648,446,1,2
447,652,422,0,3
447,656,446,1,2
447,662,422,0,3
447,698,446,1,2
447,719,422,0,3
448,647,447,1,2
448,648,447,1,2
448,656,447,1,2
448,662,423,0,3
448,719,423,0,3
449,647,448,1,2
449,648,448,1,2
449,656,448,1,2
449,662,424,0,3
449,719,424,0,3
450,648,474,3,2
450,662,475,2,0
451,662,450,1,1
452,648,453,2,1
452,662,477,3,0
452,681,453,2,1
452,719,427,0,3
453,647,454,2,1
453,648,454,2,1
453,656,454,2,1
453,662,478,3,0
453,680,454,2,1
453,719,428,0,3
454,647,455,2,1
454,648,455,2,1
454,652,429,0,3
454,656,455,2,1
454,662,479,3,0
454,698,455,2,1
454,719,429,0,3
455,647,456,2,1
455,648,456,2,1
455,656,456,2,1
455,662,480,3,0
455,698,456,2,1
455,719,430,0,3
456,647,457,2,1
456,648,457,2,1
456,656,457,2,1
456,662,481,3,0
456,692,481,3,0
456,698,457,2,1
456,719,431,0,3
457,647,482,3,0
457,648,432,0,3
457,656,432,0,3
457,662,482,3,0
457,719,432,0,3
458,647,483,3,0
458,648,433,0,3
458,655,457,1,2
458,656,433,0,3
458,662,457,1,2
458,698,433,0,3
458,719,457,1,2
458,721,457,1,2
459,647,484,3,0
459,648,434,0,3
459,656,434,0,3
459,662,458,1,2
459,698,434,0,3
459,719,458,1,2
460,647,485,3,0
460,648,435,0,3
460,656,435,0,3
460,662,459,1,2
460,698,435,0,3
460,719,459,1,2
461,647,486,3,0
461,648,436,0,3
461,656,436,0,3
461,662,460,1,2
461,680,436,0,3
461,719,460,1,2
462,648,437,0,3
462,662,461,1,2
462,681,487,3,0
462,719,461,1,2
463,662,464,2,1
464,648,439,0,3
464,662,465,2,1
464,681,489,3,0
465,647,490,3,0
465,648,440,0,3
465,656,440,0,3
465,662,466,2,1
465,680,440,0,3
465,719,466,2,1
466,647,491,3,0
466,648,441,0,3
466,656,441,0,3
466,662,467,2,1
466,719,467,2,1
467,647,492,3,0
467,648,442,0,3
467,652,468,2,1
467,656,442,0,3
467,662,468,2,1
467,698,442,0,3
467,719,468,2,1
468,647,493,3,0
468,648,443,0,3
468,656,443,0,3
468,662,469,2,1
468,698,443,0,3
468,719,469,2,1
469,647,494,3,0
469,648,444,0,3
469,655,468,1,2
469,656,444,0,3
469,662,494,3,0
469,692,494,3,0
469,719,444,0,3
469,721,468,1,2
470,647,469,1,2
470,648,469,1,2
470,655,471,2,1
470,656,469,1,2
470,662,495,3,0
470,692,495,3,0
470,698,469,1,2
470,719,445,0,3
470,721,471,2,1
471,647,470,1,2
471,648,470,1,2
471,656,470,1,2
471,662,496,3,0
471,698,470,1,2
471,719,446,0,3
472,647,471,1,2
472,648,471,1,2
472,652,447,0,3
472,656,471,1,2
472,662,497,3,0
472,698,471,1,2
472,719,447,0,3
473,647,472,1,2
473,648,472,1,2
473,656,472,1,2
473,662,498,3,0
473,719,448,0,3
474,647,473,1,2
474,648,473,1,2
474,656,473,1,2
474,662,499,3,0
474,719,449,0,3
475,648,499,3,2
475,662,500,2,0
476,662,475,1,1
477,648,478,2,1
477,662,502,3,0
477,681,478,2,1
477,719,452,0,3
478,647,479,2,1
478,648,479,2,1
478,656,479,2,1
478,662,503,3,0
478,680,479,2,1
478,719,453,0,3
479,647,480,2,1
479,648,480,2,1
479,652,454,0,3
479,656,480,2,1
479,662,504,3,0
479,698,480,2,1
479,719,454,0,3
480,647,481,2,1
480,648,481,2,1
480,656,481,2,1
480,662,505,3,0
480,698,481,2,1
480,719,455,0,3
481,647,482,2,1
481,648,482,2,1
481,656,482,2,1
481,662,506,3,0
481,692,506,3,0
481,698,482,2,1
481,719,456,0,3
482,647,507,3,0
482,648,457,0,3
482,656,457,0,3
482,662,507,3,0
482,719,457,0,3
483,647,508,3,0
483,648,458,0,3
483,655,482,1,2
483,656,458,0,3
483,662,482,1,2
483,698,458,0,3
483,719,482,1,2
483,721,482,1,2
484,647,509,3,0
484,648,459,0,3
484,656,459,0,3
484,662,483,1,2
484,698,459,0,3
484,719,483,1,2
485,647,510,3,0
485,648,460,0,3
485,656,460,0,3
485,662,484,1,2
485,698,460,0,3
485,719,484,1,2
486,647,511,3,0
486,648,461,0,3
486,656,461,0,3
486,662,485,1,2
486,680,461,0,3
486,719,485,1,2
487,648,462,0,3
487,662,486,1,2
487,681,512,3,0
487,719,486,1,2
488,662,489,2,1
489,648,464,0,3
489,662,490,2,1
489,681,514,3,0
490,647,515,3,0
490,648,465,0,3
490,656,465,0,3
490,662,491,2,1
490,680,465,0,3
490,719,491,2,1
491,647,516,3,0
491,648,466,0,3
491,656,466,0,3
491,662,492,2,1
491,719,492,2,1
492,647,517,3,0
492,648,467,0,3
492,652,493,2,1
492,656,467,0,3
492,662,493,2,1
492,698,467,0,3
492,719,493,2,1
493,647,518,3,0
493,648,468,0,3
493,656,468,0,3
493,662,494,2,1
493,698,468,0,3
493,719,494,2,1
494,647,519,3,0
494,648,469,0,3
494,655,493,1,2
494,656,469,0,3
494,662,519,3,0
494,692,519,3,0
494,719,469,0,3
494,721,493,1,2
495,647,494,1,2
495,648,494,1,2
495,655,496,2,1
495,656,494,1,2
495,662,520,3,0
495,692,520,3,0
495,698,494,1,2
495,719,470,0,3
495,721,496,2,1
496,647,495,1,2
496,648,495,1,2
496,656,495,1,2
496,662,521,3,0
496,698,495,1,2
496,719,471,0,3
497,647,496,1,2
497,648,496,1,2
497,652,472,0,3
497,656,496,1,2
497,662,522,3,0
497,698,496,1,2
497,719,472,0,3
498,647,497,1,2
498,648,497,1,2
498,656,497,1,2
498,662,523,3,0
498,719,473,0,3
499,647,498,1,2
499,648,498,1,2
499,656,498,1,2
499,662,524,3,0
499,719,474,0,3
500,648,524,3,2
500,662,525,2,0
501,662,500,1,1
502,648,503,2,1
502,662,527,3,0
502,681,503,2,1
502,719,477,0,3
503,647,504,2,1
503,648,504,2,1
503,656,504,2,1
503,662,528,3,0
503,680,504,2,1
503,719,478,0,3
504,647,505,2,1
504,648,505,2,1
504,652,479,0,3
504,656,505,2,1
504,662,529,3,0
504,698,505,2,1
504,719,479,0,3
505,647,506,2,1
505,648,506,2,1
505,656,506,2,1
505,662,530,3,0
505,698,506,2,1
505,719,480,0,3
506,647,507,2,1
506,648,507,2,1
506,656,507,2,1
506,662,531,3,0
506,692,531,3,0
506,698,507,2,1
506,719,481,0,3
507,647,532,3,0
507,648,482,0,3
507,656,482,0,3
507,662,532,3,0
507,698,532,3,0
507,719,482,0,3
508,647,533,3,0
508,648,483,0,3
508,655,507,1,2
508,656,483,0,3
508,662,507,1,2
508,698,533,3,0
508,719,507,1,2
508,721,507,1,2
509,647,534,3,0
509,648,484,0,3
509,656,484,0,3
509,662,508,1,2
509,698,534,3,0
509,719,508,1,2
510,647,535,3,0
510,648,485,0,3
510,656,485,0,3
510,662,509,1,2
510,698,535,3,0
510,719,509,1,2
511,647,536,3,0
511,648,486,0,3
511,656,486,0,3
511,662,510,1,2
511,680,486,0,3
511,719,510,1,2
512,648,487,0,3
512,662,511,1,2
512,681,537,3,0
512,719,511,1,2
513,662,514,2,1
514,648,489,0,3
514,662,515,2,1
514,681,539,3,0
515,647,540,3,0
515,648,490,0,3
515,656,490,0,3
515,662,516,2,1
515,680,490,0,3
515,719,516,2,1
516,647,541,3,0
516,648,491,0,3
516,656,491,0,3
516,662,517,2,1
516,719,517,2,1
517,647,542,3,0
517,648,492,0,3
517,652,518,2,1
517,656,492,0,3
517,662,518,2,1
517,698,542,3,0
517,719,518,2,1
518,647,543,3,0
518,648,493,0,3
518,656,493,0,3
518,662,519,2,1
518,698,543,3,0
518,719,519,2,1
519,647,544,3,0
519,648,494,0,3
519,655,518,1,2
519,656,494,0,3
519,662,544,3,0
519,692,544,3,0
519,698,544,3,0
519,719,494,0,3
519,721,518,1,2
520,647,519,1,2
520,648,519,1,2
520,655,521,2,1
520,656,519,1,2
520,662,545,3,0
520,692,545,3,0
520,698,519,1,2
520,719,495,0,3
520,721,521,2,1
521,647,520,1,2
521,648,520,1,2
521,656,520,1,2
521,662,546,3,0
521,698,520,1,2
521,719,496,0,3
522,647,521,1,2
522,648,521,1,2
522,652,497,0,3
522,656,521,1,2
522,662,547,3,0
522,698,521,1,2
522,719,497,0,3
523,647,522,1,2
523,648,522,1,2
523,656,522,1,2
523,662,548,3,0
523,719,498,0,3
524,647,523,1,2
524,648,523,1,2
524,656,523,1,2
524,662,549,3,0
524,719,499,0,3
525,648,549,3,2
525,662,550,2,0
526,662,525,1,1
527,648,528,2,1
527,662,552,3,0
527,681,528,2,1
527,719,502,0,3
528,647,529,2,1
528,648,529,2,1
528,656,529,2,1
528,662,553,3,0
528,680,529,2,1
528,719,503,0,3
529,647,530,2,1
529,648,530,2,1
529,652,504,0,3
529,656,530,2,1
529,662,554,3,0
529,698,530,2,1
529,719,504,0,3
530,647,531,2,1
530,648,531,2,1
530,656,531,2,1
530,662,555,3,0
530,698,531,2,1
530,719,505,0,3
531,647,532,2,1
531,648,532,2,1
531,656,532,2,1
531,662,556,3,0
531,692,556,3,0
531,698,532,2,1
531,719,506,0,3
532,647,533,2,1
532,648,507,0,3
532,656,507,0,3
532,662,557,3,0
532,698,557,3,0
532,719,507,0,3
533,647,534,2,1
533,648,508,0,3
533,655,532,1,2
533,656,508,0,3
533,662,532,1,2
533,698,558,3,0
533,719,532,1,2
533,721,532,1,2
534,647,535,2,1
534,648,509,0,3
534,656,509,0,3
534,662,533,1,2
534,698,559,3,0
534,719,533,1,2
535,647,536,2,1
535,648,510,0,3
535,656,510,0,3
535,662,534,1,2
535,698,560,3,0
535,719,534,1,2
536,647,537,2,1
536,648,511,0,3
536,656,511,0,3
536,662,535,1,2
536,680,511,0,3
536,719,535,1,2
537,648,512,0,3
537,662,536,1,2
537,681,562,3,0
537,719,536,1,2
538,662,539,2,1
539,648,514,0,3
539,662,540,2,1
539,681,564,3,0
540,647,647,26,0
540,648,515,0,3
540,656,515,0,3
540,662,541,2,1
540,680,515,0,3
540,719,541,2,1
541,647,540,1,2
541,648,516,0,3
541,656,516,0,3
541,662,542,2,1
541,719,542,2,1
542,647,541,1,2
542,648,517,0,3
542,652,543,2,1
542,656,517,0,3
542,662,543,2,1
542,698,567,3,0
542,719,543,2,1
543,647,542,1,2
543,648,518,0,3
543,656,518,0,3
543,662,544,2,1
543,698,568,3,0
543,719,544,2,1
544,647,543,1,2
544,648,519,0,3
544,655,543,1,2
544,656,519,0,3
544,662,569,3,0
544,692,569,3,0
544,698,569,3,0
544,719,519,0,3
544,721,543,1,2
545,647,544,1,2
545,648,544,1,2
545,655,546,2,1
545,656,544,1,2
545,662,570,3,0
545,692,570,3,0
545,698,544,1,2
545,719,520,0,3
545,721,546,2,1
546,647,545,1,2
546,648,545,1,2
546,656,545,1,2
546,662,571,3,0
546,698,545,1,2
546,719,521,0,3
547,647,546,1,2
547,648,546,1,2
547,652,522,0,3
547,656,546,1,2
547,662,572,3,0
547,698,546,1,2
547,719,522,0,3
548,647,547,1,2
548,648,547,1,2
548,656,547,1,2
548,662,573,3,0
548,719,523,0,3
549,647,548,1,2
549,648,548,1,2
549,656,548,1,2
549,662,574,3,0
549,719,524,0,3
550,648,574,3,2
550,662,575,2,0
551,662,550,1,1
552,648,553,2,1
552,662,577,3,0
552,681,553,2,1
552,719,527,0,3
553,647,554,2,1
553,648,554,2,1
553,656,554,2,1
553,662,578,3,0
553,680,554,2,1
553,719,528,0,3
554,647,555,2,1
554,648,555,2,1
554,652,529,0,3
554,656,555,2,1
554,662,579,3,0
554,698,555,2,1
554,719,529,0,3
555,647,556,2,1
555,648,556,2,1
555,656,556,2,1
555,662,580,3,0
555,698,556,2,1
555,719,530,0,3
556,647,557,2,1
556,648,557,2,1
556,656,557,2,1
556,662,581,3,0
556,692,581,3,0
556,698,557,2,1
556,719,531,0,3
557,648,532,0,3
557,656,532,0,3
557,662,582,3,0
557,698,582,3,0
557,719,532,0,3
558,647,533,0,3
558,648,533,0,3
558,655,557,1,2
558,656,533,0,3
558,662,557,1,2
558,698,583,3,0
558,719,557,1,2
558,721,557,1,2
559,647,534,0,3
559,648,534,0,3
559,656,534,0,3
559,662,558,1,2
559,698,584,3,0
559,719,558,1,2
560,647,535,0,3
560,648,535,0,3
560,656,535,0,3
560,662,559,1,2
560,698,585,3,0
560,719,559,1,2
561,647,536,0,3
561,648,536,0,3
561,656,536,0,3
561,662,560,1,2
561,680,536,0,3
561,719,560,1,2
562,648,537,0,3
562,662,561,1,2
562,719,561,1,2
563,662,564,2,1
564,648,539,0,3
564,662,565,2,1
564,681,681,60,0
565,647,540,0,3
565,648,540,0,3
565,656,540,0,3
565,662,566,2,1
565,680,540,0,3
565,681,564,1,2
565,719,566,2,1
566,647,541,0,3
566,648,541,0,3
566,656,541,0,3
566,662,567,2,1
566,719,567,2,1
567,647,542,0,3
567,648,542,0,3
567,652,568,2,1
567,656,542,0,3
567,662,568,2,1
567,698,592,3,0
567,719,568,2,1
568,647,543,0,3
568,648,543,0,3
568,656,543,0,3
568,662,569,2,1
568,698,593,3,0
568,719,569,2,1
569,648,544,0,3
569,655,568,1,2
569,656,544,0,3
569,662,594,3,0
569,692,594,3,0
569,698,594,3,0
569,719,544,0,3
569,721,568,1,2
570,647,569,1,2
570,648,569,1,2
570,655,571,2,1
570,656,569,1,2
570,662,595,3,0
570,692,595,3,0
570,698,569,1,2
570,719,545,0,3
570,721,571,2,1
571,647,570,1,2
571,648,570,1,2
571,656,570,1,2
571,662,596,3,0
571,698,570,1,2
571,719,546,0,3
572,647,571,1,2
572,648,571,1,2
572,652,547,0,3
572,656,571,1,2
572,662,597,3,0
572,698,571,1,2
572,719,547,0,3
573,647,572,1,2
573,648,572,1,2
573,656,572,1,2
573,662,598,3,0
573,719,548,0,3
574,647,573,1,2
574,648,573,1,2
574,656,573,1,2
574,662,599,3,0
574,719,549,0,3
575,648,599,3,2
575,662,600,2,0
576,662,575,1,1
577,648,578,2,1
577,662,602,3,0
577,681,578,2,1
577,719,602,3,0
578,647,579,2,1
578,648,579,2,1
578,656,579,2,1
578,662,603,3,0
578,680,579,2,1
578,719,603,3,0
579,647,580,2,1
579,648,580,2,1
579,652,554,0,3
579,656,580,2,1
579,662,604,3,0
579,698,580,2,1
579,719,604,3,0
580,647,581,2,1
580,648,581,2,1
580,656,581,2,1
580,662,605,3,0
580,698,581,2,1
580,719,605,3,0
581,647,582,2,1
581,648,582,2,1
581,656,582,2,1
581,662,606,3,0
581,692,606,3,0
581,698,582,2,1
581,719,606,3,0
582,648,557,0,3
582,656,557,0,3
582,662,607,3,0
582,698,607,3,0
583,647,558,0,3
583,648,558,0,3
583,655,582,1,2
583,656,558,0,3
583,662,582,1,2
583,698,608,3,0
583,719,582,1,2
583,721,582,1,2
584,647,559,0,3
584,648,559,0,3
584,656,559,0,3
584,662,583,1,2
584,698,609,3,0
584,719,583,1,2
585,647,560,0,3
585,648,560,0,3
585,656,560,0,3
585,662,584,1,2
585,698,610,3,0
585,719,584,1,2
586,647,561,0,3
586,648,561,0,3
586,656,561,0,3
586,662,585,1,2
586,680,561,0,3
586,719,585,1,2
587,648,562,0,3
587,662,586,1,2
587,681,562,0,3
587,719,586,1,2
588,662,589,2,1
589,648,564,0,3
589,662,590,2,1
589,681,564,0,3
590,647,565,0,3
590,648,565,0,3
590,656,565,0,3
590,662,591,2,1
590,680,565,0,3
590,719,591,2,1
591,647,566,0,3
591,648,566,0,3
591,656,566,0,3
591,662,592,2,1
591,719,592,2,1
592,647,567,0,3
592,648,567,0,3
592,652,593,2,1
592,656,567,0,3
592,662,593,2,1
592,698,617,3,0
592,719,593,2,1
593,647,568,0,3
593,648,568,0,3
593,656,568,0,3
593,662,594,2,1
593,698,618,3,0
593,719,594,2,1
594,648,569,0,3
594,655,593,1,2
594,656,569,0,3
594,662,619,3,0
594,692,619,3,0
594,698,619,3,0
594,721,593,1,2
595,647,594,1,2
595,648,594,1,2
595,655,596,2,1
595,656,594,1,2
595,662,620,3,0
595,692,620,3,0
595,698,594,1,2
595,719,620,3,0
595,721,596,2,1
596,647,595,1,2
596,648,595,1,2
596,656,595,1,2
596,662,621,3,0
596,698,595,1,2
596,719,621,3,0
597,647,596,1,2
597,648,596,1,2
597,652,572,0,3
597,656,596,1,2
597,662,622,3,0
597,698,596,1,2
597,719,622,3,0
598,647,597,1,2
598,648,597,1,2
598,656,597,1,2
598,662,623,3,0
598,719,623,3,0
599,647,598,1,2
599,648,598,1,2
599,656,598,1,2
599,662,624,3,0
599,719,624,3,0
600,648,624,3,2
600,662,0,2,3
601,662,600,1,1
602,648,603,2,1
602,662,2,3,3
602,681,603,2,1
602,719,2,3,3
603,647,604,2,1
603,648,604,2,1
603,656,604,2,1
603,662,3,3,3
603,680,604,2,1
603,719,3,3,3
604,647,605,2,1
604,648,605,2,1
604,652,579,0,3
604,656,605,2,1
604,662,4,3,3
604,698,605,2,1
604,719,4,3,3
605,647,606,2,1
605,648,606,2,1
605,656,606,2,1
605,662,5,3,3
605,698,606,2,1
605,719,5,3,3
606,647,607,2,1
606,648,607,2,1
606,656,607,2,1
606,662,6,3,3
606,692,6,3,3
606,698,607,2,1
606,719,6,3,3
607,647,582,0,3
607,648,582,0,3
607,656,582,0,3
607,662,7,3,3
607,698,7,3,3
607,719,7,3,3
608,647,583,0,3
608,648,583,0,3
608,655,607,1,2
608,656,583,0,3
608,662,607,1,2
608,698,8,3,3
608,719,607,1,2
608,721,607,1,2
609,647,584,0,3
609,648,584,0,3
609,656,584,0,3
609,662,608,1,2
609,698,9,3,3
609,719,608,1,2
610,647,585,0,3
610,648,585,0,3
610,656,585,0,3
610,662,609,1,2
610,698,10,3,3
610,719,609,1,2
611,647,586,0,3
611,648,586,0,3
611,656,586,0,3
611,662,610,1,2
611,680,586,0,3
611,719,610,1,2
612,648,587,0,3
612,662,611,1,2
612,681,587,0,3
612,719,611,1,2
613,662,614,2,1
614,648,589,0,3
614,662,615,2,1
614,681,589,0,3
615,647,590,0,3
615,648,590,0,3
615,656,590,0,3
615,662,616,2,1
615,680,590,0,3
615,719,616,2,1
616,647,591,0,3
616,648,591,0,3
616,656,591,0,3
616,662,617,2,1
616,719,617,2,1
617,647,592,0,3
617,648,592,0,3
617,652,618,2,1
617,656,592,0,3
617,662,618,2,1
617,698,17,3,3
617,719,618,2,1
618,647,593,0,3
618,648,593,0,3
618,656,593,0,3
618,662,619,2,1
618,698,18,3,3
618,719,619,2,1
619,647,594,0,3
619,648,594,0,3
619,655,618,1,2
619,656,594,0,3
619,662,19,3,3
619,692,19,3,3
619,698,19,3,3
619,719,19,3,3
619,721,618,1,2
620,647,619,1,2
620,648,619,1,2
620,655,621,2,1
620,656,619,1,2
620,662,20,3,3
620,692,20,3,3
620,698,619,1,2
620,719,20,3,3
620,721,621,2,1
621,647,620,1,2
621,648,620,1,2
621,656,620,1,2
621,662,21,3,3
621,698,620,1,2
621,719,21,3,3
622,647,621,1,2
622,648,621,1,2
622,652,597,0,3
622,656,621,1,2
622,662,22,3,3
622,698,621,1,2
622,719,22,3,3
623,647,622,1,2
623,648,622,1,2
623,656,622,1,2
623,662,23,3,3
623,719,23,3,3
624,647,623,1,2
624,648,623,1,2
624,656,623,1,2
624,662,24,3,3
624,719,24,3,3
647,625,540,0,26
647,626,540,0,26
647,627,540,0,26
647,628,540,0,26
647,629,540,0,26
647,630,540,0,26
647,631,540,0,26
647,632,540,0,26
647,633,540,0,26
647,634,540,0,26
647,635,540,0,26
647,636,540,0,26
647,637,540,0,26
647,638,540,0,26
647,639,540,0,26
647,640,540,0,26
647,641,540,0,26
647,642,540,0,26
647,643,540,0,26
647,644,540,0,26
647,645,540,0,26
647,646,540,0,26
647,648,540,0,26
647,649,540,0,26
647,650,540,0,26
647,651,540,0,26
647,652,540,0,26
647,653,540,0,26
647,654,540,0,26
647,655,540,0,26
647,656,540,0,26
647,657,540,0,26
647,658,540,0,26
647,659,540,0,26
647,660,540,0,26
647,661,540,0,26
647,662,540,0,26
647,663,540,0,26
647,664,540,0,26
647,665,540,0,26
647,666,540,0,26
647,667,540,0,26
647,668,540,0,26
647,669,540,0,26
647,670,540,0,26
647,671,540,0,26
647,672,540,0,26
647,673,540,0,26
647,674,540,0,26
647,675,540,0,26
647,676,540,0,26
647,677,540,0,26
647,678,540,0,26
647,679,540,0,26
647,680,540,0,26
647,681,540,0,26
647,682,540,0,26
647,683,540,0,26
647,684,540,0,26
647,685,540,0,26
647,686,540,0,26
647,687,540,0,26
647,688,540,0,26
647,689,540,0,26
647,690,540,0,26
647,691,540,0,26
647,692,540,0,26
647,693,540,0,26
647,694,540,0,26
647,695,540,0,26
647,696,540,0,26
647,697,540,0,26
647,698,540,0,26
647,699,540,0,26
647,700,540,0,26
647,701,540,0,26
647,702,540,0,26
647,703,540,0,26
647,704,540,0,26
647,705,540,0,26
647,706,540,0,26
647,707,540,0,26
647,708,540,0,26
647,709,540,0,26
647,710,540,0,26
647,711,540,0,26
647,712,540,0,26
647,713,540,0,26
647,714,540,0,26
647,715,540,0,26
647,716,540,0,26
647,717,540,0,26
647,718,540,0,26
647,719,540,0,26
647,720,540,0,26
647,721,540,0,26
647,722,540,0,26
647,723,540,0,26
647,724,540,0,26
648,625,414,0,27
648,626,414,0,27
648,627,414,0,27
648,628,414,0,27
648,629,414,0,27
648,630,414,0,27
648,631,414,0,27
648,632,414,0,27
648,633,414,0,27
648,634,414,0,27
648,635,414,0,27
648,636,414,0,27
648,637,414,0,27
648,638,414,0,27
648,639,414,0,27
648,640,414,0,27
648,641,414,0,27
648,642,414,0,27
648,643,414,0,27
648,644,414,0,27
648,645,414,0,27
648,646,414,0,27
648,647,414,0,27
648,649,414,0,27
648,650,414,0,27
648,651,414,0,27
648,652,414,0,27
648,653,414,0,27
648,654,414,0,27
648,655,414,0,27
648,656,414,0,27
648,657,414,0,27
648,658,414,0,27
648,659,414,0,27
648,660,414,0,27
648,661,414,0,27
648,662,414,0,27
648,663,414,0,27
648,664,414,0,27
648,665,414,0,27
648,666,414,0,27
648,667,414,0,27
648,668,414,0,27
648,669,414,0,27
648,670,414,0,27
648,671,414,0,27
648,672,414,0,27
648,673,414,0,27
648,674,414,0,27
648,675,414,0,27
648,676,414,0,27
648,677,414,0,27
648,678,414,0,27
648,679,414,0,27
648,680,414,0,27
648,681,414,0,27
648,682,414,0,27
648,683,414,0,27
648,684,414,0,27
648,685,414,0,27
648,686,414,0,27
648,687,414,0,27
648,688,414,0,27
648,689,414,0,27
648,690,414,0,27
648,691,414,0,27
648,692,414,0,27
648,693,414,0,27
648,694,414,0,27
648,695,414,0,27
648,696,414,0,27
648,697,414,0,27
648,698,414,0,27
648,699,414,0,27
648,700,414,0,27
648,701,414,0,27
648,702,414,0,27
648,703,414,0,27
648,704,414,0,27
648,705,414,0,27
648,706,414,0,27
648,707,414,0,27
648,708,414,0,27
648,709,414,0,27
648,710,414,0,27
648,711,414,0,27
648,712,414,0,27
648,713,414,0,27
648,714,414,0,27
648,715,414,0,27
648,716,414,0,27
648,717,414,0,27
648,718,414,0,27
648,719,414,0,27
648,720,414,0,27
648,721,414,0,27
648,722,414,0,27
648,723,414,0,27
648,724,414,0,27
652,625,329,0,31
652,626,329,0,31
652,627,329,0,31
652,628,329,0,31
652,629,329,0,31
652,630,329,0,31
652,631,329,0,31
652,632,329,0,31
652,633,329,0,31
652,634,329,0,31
652,635,329,0,31
652,636,329,0,31
652,637,329,0,31
652,638,329,0,31
652,639,329,0,31
652,640,329,0,31
652,641,329,0,31
652,642,329,0,31
652,643,329,0,31
652,644,329,0,31
652,645,329,0,31
652,646,329,0,31
652,647,329,0,31
652,648,329,0,31
652,649,329,0,31
652,650,329,0,31
652,651,329,0,31
652,653,329,0,31
652,654,329,0,31
652,655,329,0,31
652,656,329,0,31
652,657,329,0,31
652,658,329,0,31
652,659,329,0,31
652,660,329,0,31
652,661,329,0,31
652,662,329,0,31
652,663,329,0,31
652,664,329,0,31
652,665,329,0,31
652,666,329,0,31
652,667,329,0,31
652,668,329,0,31
652,669,329,0,31
652,670,329,0,31
652,671,329,0,31
652,672,329,0,31
652,673,329,0,31
652,674,329,0,31
652,675,329,0,31
652,676,329,0,31
652,677,329,0,31
652,678,329,0,31
652,679,329,0,31
652,680,329,0,31
652,681,329,0,31
652,682,329,0,31
652,683,329,0,31
652,684,329,0,31
652,685,329,0,31
652,686,329,0,31
652,687,329,0,31
652,688,329,0,31
652,689,329,0,31
652,690,329,0,31
652,691,329,0,31
652,692,329,0,31
652,693,329,0,31
652,694,329,0,31
652,695,329,0,31
652,696,329,0,31
652,697,329,0,31
652,698,329,0,31
652,699,329,0,31
652,700,329,0,31
652,701,329,0,31
652,702,329,0,31
652,703,329,0,31
652,704,329,0,31
652,705,329,0,31
652,706,329,0,31
652,707,329,0,31
652,708,329,0,31
652,709,329,0,31
652,710,329,0,31
652,711,329,0,31
652,712,329,0,31
652,713,329,0,31
652,714,329,0,31
652,715,329,0,31
652,716,329,0,31
652,717,329,0,31
652,718,329,0,31
652,719,329,0,31
652,720,329,0,31
652,721,329,0,31
652,722,329,0,31
652,723,329,0,31
652,724,329,0,31
655,625,57,0,34
655,626,57,0,34
655,627,57,0,34
655,628,57,0,34
655,629,57,0,34
655,630,57,0,34
655,631,57,0,34
655,632,57,0,34
655,633,57,0,34
655,634,57,0,34
655,635,57,0,34
655,636,57,0,34
655,637,57,0,34
655,638,57,0,34
655,639,57,0,34
655,640,57,0,34
655,641,57,0,34
655,642,57,0,34
655,643,57,0,34
655,644,57,0,34
655,645,57,0,34
655,646,57,0,34
655,647,57,0,34
655,648,57,0,34
655,649,57,0,34
655,650,57,0,34
655,651,57,0,34
655,652,57,0,34
655,653,57,0,34
655,654,57,0,34
655,656,57,0,34
655,657,57,0,34
655,658,57,0,34
655,659,57,0,34
655,660,57,0,34
655,661,57,0,34
655,662,57,0,34
655,663,57,0,34
655,664,57,0,34
655,665,57,0,34
655,666,57,0,34
655,667,57,0,34
655,668,57,0,34
655,669,57,0,34
655,670,57,0,34
655,671,57,0,34
655,672,57,0,34
655,673,57,0,34
655,674,57,0,34
655,675,57,0,34
655,676,57,0,34
655,677,57,0,34
655,678,57,0,34
655,679,57,0,34
655,680,57,0,34
655,681,57,0,34
655,682,57,0,34
655,683,57,0,34
655,684,57,0,34
655,685,57,0,34
655,686,57,0,34
655,687,57,0,34
655,688,57,0,34
655,689,57,0,34
655,690,57,0,34
655,691,57,0,34
655,692,57,0,34
655,693,57,0,34
655,694,57,0,34
655,695,57,0,34
655,696,57,0,34
655,697,57,0,34
655,698,57,0,34
655,699,57,0,34
655,700,57,0,34
655,701,57,0,34
655,702,57,0,34
655,703,57,0,34
655,704,57,0,34
655,705,57,0,34
655,706,57,0,34
655,707,57,0,34
655,708,57,0,34
655,709,57,0,34
655,710,57,0,34
655,711,57,0,34
655,712,57,0,34
655,713,57,0,34
655,714,57,0,34
655,715,57,0,34
655,716,57,0,34
655,717,57,0,34
655,718,57,0,34
655,719,57,0,34
655,720,57,0,34
655,721,57,0,34
655,722,57,0,34
655,723,57,0,34
655,724,57,0,34
656,625,390,0,35
656,626,390,0,35
656,627,390,0,35
656,628,390,0,35
656,629,390,0,35
656,630,390,0,35
656,631,390,0,35
656,632,390,0,35
656,633,390,0,35
656,634,390,0,35
656,635,390,0,35
656,636,390,0,35
656,637,390,0,35
656,638,390,0,35
656,639,390,0,35
656,640,390,0,35
656,641,390,0,35
656,642,390,0,35
656,643,390,0,35
656,644,390,0,35
656,645,390,0,35
656,646,390,0,35
656,647,390,0,35
656,648,390,0,35
656,649,390,0,35
656,650,390,0,35
656,651,390,0,35
656,652,390,0,35
656,653,390,0,35
656,654,390,0,35
656,655,390,0,35
656,657,390,0,35
656,658,390,0,35
656,659,390,0,35
656,660,390,0,35
656,661,390,0,35
656,662,390,0,35
656,663,390,0,35
656,664,390,0,35
656,665,390,0,35
656,666,390,0,35
656,667,390,0,35
656,668,390,0,35
656,669,390,0,35
656,670,390,0,35
656,671,390,0,35
656,672,390,0,35
656,673,390,0,35
656,674,390,0,35
656,675,390,0,35
656,676,390,0,35
656,677,390,0,35
656,678,390,0,35
656,679,390,0,35
656,680,390,0,35
656,681,390,0,35
656,682,390,0,35
656,683,390,0,35
656,684,390,0,35
656,685,390,0,35
656,686,390,0,35
656,687,390,0,35
656,688,390,0,35
656,689,390,0,35
656,690,390,0,35
656,691,390,0,35
656,692,390,0,35
656,693,390,0,35
656,694,390,0,35
656,695,390,0,35
656,696,390,0,35
656,697,390,0,35
656,698,390,0,35
656,699,390,0,35
656,700,390,0,35
656,701,390,0,35
656,702,390,0,35
656,703,390,0,35
656,704,390,0,35
656,705,390,0,35
656,706,390,0,35
656,707,390,0,35
656,708,390,0,35
656,709,390,0,35
656,710,390,0,35
656,711,390,0,35
656,712,390,0,35
656,713,390,0,35
656,714,390,0,35
656,715,390,0,35
656,716,390,0,35
656,717,390,0,35
656,718,390,0,35
656,719,390,0,35
656,720,390,0,35
656,721,390,0,35
656,722,390,0,35
656,723,390,0,35
656,724,390,0,35
662,625,125,0,41
662,626,125,0,41
662,627,125,0,41
662,628,125,0,41
662,629,125,0,41
662,630,125,0,41
662,631,125,0,41
662,632,125,0,41
662,633,125,0,41
662,634,125,0,41
662,635,125,0,41
662,636,125,0,41
662,637,125,0,41
662,638,125,0,41
662,639,125,0,41
662,640,125,0,41
662,641,125,0,41
662,642,125,0,41
662,643,125,0,41
662,644,125,0,41
662,645,125,0,41
662,646,125,0,41
662,647,125,0,41
662,648,125,0,41
662,649,125,0,41
662,650,125,0,41
662,651,125,0,41
662,652,125,0,41
662,653,125,0,41
662,654,125,0,41
662,655,125,0,41
662,656,125,0,41
662,657,125,0,41
662,658,125,0,41
662,659,125,0,41
662,660,125,0,41
662,661,125,0,41
662,663,125,0,41
662,664,125,0,41
662,665,125,0,41
662,666,125,0,41
662,667,125,0,41
662,668,125,0,41
662,669,125,0,41
662,670,125,0,41
662,671,125,0,41
662,672,125,0,41
662,673,125,0,41
662,674,125,0,41
662,675,125,0,41
662,676,125,0,41
662,677,125,0,41
662,678,125,0,41
662,679,125,0,41
662,680,125,0,41
662,681,125,0,41
662,682,125,0,41
662,683,125,0,41
662,684,125,0,41
662,685,125,0,41
662,686,125,0,41
662,687,125,0,41
662,688,125,0,41
662,689,125,0,41
662,690,125,0,41
662,691,125,0,41
662,692,125,0,41
662,693,125,0,41
662,694,125,0,41
662,695,125,0,41
662,696,125,0,41
662,697,125,0,41
662,698,125,0,41
662,699,125,0,41
662,700,125,0,41
662,701,125,0,41
662,702,125,0,41
662,703,125,0,41
662,704,125,0,41
662,705,125,0,41
662,706,125,0,41
662,707,125,0,41
662,708,125,0,41
662,709,125,0,41
662,710,125,0,41
662,711,125,0,41
662,712,125,0,41
662,713,125,0,41
662,714,125,0,41
662,715,125,0,41
662,716,125,0,41
662,717,125,0,41
662,718,125,0,41
662,719,125,0,41
662,720,125,0,41
662,721,125,0,41
662,722,125,0,41
662,723,125,0,41
662,724,125,0,41
680,625,390,0,59
680,626,390,0,59
680,627,390,0,59
680,628,390,0,59
680,629,390,0,59
680,630,390,0,59
680,631,390,0,59
680,632,390,0,59
680,633,390,0,59
680,634,390,0,59
680,635,390,0,59
680,636,390,0,59
680,637,390,0,59
680,638,390,0,59
680,639,390,0,59
680,640,390,0,59
680,641,390,0,59
680,642,390,0,59
680,643,390,0,59
680,644,390,0,59
680,645,390,0,59
680,646,390,0,59
680,647,390,0,59
680,648,390,0,59
680,649,390,0,59
680,650,390,0,59
680,651,390,0,59
680,652,390,0,59
680,653,390,0,59
680,654,390,0,59
680,655,390,0,59
680,656,390,0,59
680,657,390,0,59
680,658,390,0,59
680,659,390,0,59
680,660,390,0,59
680,661,390,0,59
680,662,390,0,59
680,663,390,0,59
680,664,390,0,59
680,665,390,0,59
680,666,390,0,59
680,667,390,0,59
680,668,390,0,59
680,669,390,0,59
680,670,390,0,59
680,671,390,0,59
680,672,390,0,59
680,673,390,0,59
680,674,390,0,59
680,675,390,0,59
680,676,390,0,59
680,677,390,0,59
680,678,390,0,59
680,679,390,0,59
680,681,390,0,59
680,682,390,0,59
680,683,390,0,59
680,684,390,0,59
680,685,390,0,59
680,686,390,0,59
680,687,390,0,59
680,688,390,0,59
680,689,390,0,59
680,690,390,0,59
680,691,390,0,59
680,692,390,0,59
680,693,390,0,59
680,694,390,0,59
680,695,390,0,59
680,696,390,0,59
680,697,390,0,59
680,698,390,0,59
680,699,390,0,59
680,700,390,0,59
680,701,390,0,59
680,702,390,0,59
680,703,390,0,59
680,704,390,0,59
680,705,390,0,59
680,706,390,0,59
680,707,390,0,59
680,708,390,0,59
680,709,390,0,59
680,710,390,0,59
680,711,390,0,59
680,712,390,0,59
680,713,390,0,59
680,714,390,0,59
680,715,390,0,59
680,716,390,0,59
680,717,390,0,59
680,718,390,0,59
680,719,390,0,59
680,720,390,0,59
680,721,390,0,59
680,722,390,0,59
680,723,390,0,59
680,724,390,0,59
681,625,564,0,60
681,626,564,0,60
681,627,564,0,60
681,628,564,0,60
681,629,564,0,60
681,630,564,0,60
681,631,564,0,60
681,632,564,0,60
681,633,564,0,60
681,634,564,0,60
681,635,564,0,60
681,636,564,0,60
681,637,564,0,60
681,638,564,0,60
681,639,564,0,60
681,640,564,0,60
681,641,564,0,60
681,642,564,0,60
681,643,564,0,60
681,644,564,0,60
681,645,564,0,60
681,646,564,0,60
681,647,564,0,60
681,648,564,0,60
681,649,564,0,60
681,650,564,0,60
681,651,564,0,60
681,652,564,0,60
681,653,564,0,60
681,654,564,0,60
681,655,564,0,60
681,656,564,0,60
681,657,564,0,60
681,658,564,0,60
681,659,564,0,60
681,660,564,0,60
681,661,564,0,60
681,662,564,0,60
681,663,564,0,60
681,664,564,0,60
681,665,564,0,60
681,666,564,0,60
681,667,564,0,60
681,668,564,0,60
681,669,564,0,60
681,670,564,0,60
681,671,564,0,60
681,672,564,0,60
681,673,564,0,60
681,674,564,0,60
681,675,564,0,60
681,676,564,0,60
681,677,564,0,60
681,678,564,0,60
681,679,564,0,60
681,680,564,0,60
681,682,564,0,60
681,683,564,0,60
681,684,564,0,60
681,685,564,0,60
681,686,564,0,60
681,687,564,0,60
681,688,564,0,60
681,689,564,0,60
681,690,564,0,60
681,691,564,0,60
681,692,564,0,60
681,693,564,0,60
681,694,564,0,60
681,695,564,0,60
681,696,564,0,60
681,697,564,0,60
681,698,564,0,60
681,699,564,0,60
681,700,564,0,60
681,701,564,0,60
681,702,564,0,60
681,703,564,0,60
681,704,564,0,60
681,705,564,0,60
681,706,564,0,60
681,707,564,0,60
681,708,564,0,60
681,709,564,0,60
681,710,564,0,60
681,711,564,0,60
681,712,564,0,60
681,713,564,0,60
681,714,564,0,60
681,715,564,0,60
681,716,564,0,60
681,717,564,0,60
681,718,564,0,60
681,719,564,0,60
681,720,564,0,60
681,721,564,0,60
681,722,564,0,60
681,723,564,0,60
681,724,564,0,60
692,625,131,0,71
692,626,131,0,71
692,627,131,0,71
692,628,131,0,71
692,629,131,0,71
692,630,131,0,71
692,631,131,0,71
692,632,131,0,71
692,633,131,0,71
692,634,131,0,71
692,635,131,0,71
692,636,131,0,71
692,637,131,0,71
692,638,131,0,71
692,639,131,0,71
692,640,131,0,71
692,641,131,0,71
692,642,131,0,71
692,643,131,0,71
692,644,131,0,71
692,645,131,0,71
692,646,131,0,71
692,647,131,0,71
692,648,131,0,71
692,649,131,0,71
692,650,131,0,71
692,651,131,0,71
692,652,131,0,71
692,653,131,0,71
692,654,131,0,71
692,655,131,0,71
692,656,131,0,71
692,657,131,0,71
692,658,131,0,71
692,659,131,0,71
692,660,131,0,71
692,661,131,0,71
692,662,131,0,71
692,663,131,0,71
692,664,131,0,71
692,665,131,0,71
692,666,131,0,71
692,667,131,0,71
692,668,131,0,71
692,669,131,0,71
692,670,131,0,71
692,671,131,0,71
692,672,131,0,71
692,673,131,0,71
692,674,131,0,71
692,675,131,0,71
692,676,131,0,71
692,677,131,0,71
692,678,131,0,71
692,679,131,0,71
692,680,131,0,71
692,681,131,0,71
692,682,131,0,71
692,683,131,0,71
692,684,131,0,71
692,685,131,0,71
692,686,131,0,71
692,687,131,0,71
692,688,131,0,71
692,689,131,0,71
692,690,131,0,71
692,691,131,0,71
692,693,131,0,71
692,694,131,0,71
692,695,131,0,71
692,696,131,0,71
692,697,131,0,71
692,698,131,0,71
692,699,131,0,71
692,700,131,0,71
692,701,131,0,71
692,702,131,0,71
692,703,131,0,71
692,704,131,0,71
692,705,131,0,71
692,706,131,0,71
692,707,131,0,71
692,708,131,0,71
692,709,131,0,71
692,710,131,0,71
692,711,131,0,71
692,712,131,0,71
692,713,131,0,71
692,714,131,0,71
692,715,131,0,71
692,716,131,0,71
692,717,131,0,71
692,718,131,0,71
692,719,131,0,71
692,720,131,0,71
692,721,131,0,71
692,722,131,0,71
692,723,131,0,71
692,724,131,0,71
698,625,185,0,77
698,626,185,0,77
698,627,185,0,77
698,628,185,0,77
698,629,185,0,77
698,630,185,0,77
698,631,185,0,77
698,632,185,0,77
698,633,185,0,77
698,634,185,0,77
698,635,185,0,77
698,636,185,0,77
698,637,185,0,77
698,638,185,0,77
698,639,185,0,77
698,640,185,0,77
698,641,185,0,77
698,642,185,0,77
698,643,185,0,77
698,644,185,0,77
698,645,185,0,77
698,646,185,0,77
698,647,185,0,77
698,648,185,0,77
698,649,185,0,77
698,650,185,0,77
698,651,185,0,77
698,652,185,0,77
698,653,185,0,77
698,654,185,0,77
698,655,185,0,77
698,656,185,0,77
698,657,185,0,77
698,658,185,0,77
698,659,185,0,77
698,660,185,0,77
698,661,185,0,77
698,662,185,0,77
698,663,185,0,77
698,664,185,0,77
698,665,185,0,77
698,666,185,0,77
698,667,185,0,77
698,668,185,0,77
698,669,185,0,77
698,670,185,0,77
698,671,185,0,77
698,672,185,0,77
698,673,185,0,77
698,674,185,0,77
698,675,185,0,77
698,676,185,0,77
698,677,185,0,77
698,678,185,0,77
698,679,185,0,77
698,680,185,0,77
698,681,185,0,77
698,682,185,0,77
698,683,185,0,77
698,684,185,0,77
698,685,185,0,77
698,686,185,0,77
698,687,185,0,77
698,688,185,0,77
698,689,185,0,77
698,690,185,0,77
698,691,185,0,77
698,692,185,0,77
698,693,185,0,77
698,694,185,0,77
698,695,185,0,77
698,696,185,0,77
698,697,185,0,77
698,699,185,0,77
698,700,185,0,77
698,701,185,0,77
698,702,185,0,77
698,703,185,0,77
698,704,185,0,77
698,705,185,0,77
698,706,185,0,77
698,707,185,0,77
698,708,185,0,77
698,709,185,0,77
698,710,185,0,77
698,711,185,0,77
698,712,185,0,77
698,713,185,0,77
698,714,185,0,77
698,715,185,0,77
698,716,185,0,77
698,717,185,0,77
698,718,185,0,77
698,719,185,0,77
698,720,185,0,77
698,721,185,0,77
698,722,185,0,77
698,723,185,0,77
698,724,185,0,77
719,625,252,0,98
719,626,252,0,98
719,627,252,0,98
719,628,252,0,98
719,629,252,0,98
719,630,252,0,98
719,631,252,0,98
719,632,252,0,98
719,633,252,0,98
719,634,252,0,98
719,635,252,0,98
719,636,252,0,98
719,637,252,0,98
719,638,252,0,98
719,639,252,0,98
719,640,252,0,98
719,641,252,0,98
719,642,252,0,98
719,643,252,0,98
719,644,252,0,98
719,645,252,0,98
719,646,252,0,98
719,647,252,0,98
719,648,252,0,98
719,649,252,0,98
719,650,252,0,98
719,651,252,0,98
719,652,252,0,98
719,653,252,0,98
719,654,252,0,98
719,655,252,0,98
719,656,252,0,98
719,657,252,0,98
719,658,252,0,98
719,659,252,0,98
719,660,252,0,98
719,661,252,0,98
719,662,252,0,98
719,663,252,0,98
719,664,252,0,98
719,665,252,0,98
719,666,252,0,98
719,667,252,0,98
719,668,252,0,98
719,669,252,0,98
719,670,252,0,98
719,671,252,0,98
719,672,252,0,98
719,673,252,0,98
719,674,252,0,98
719,675,252,0,98
719,676,252,0,98
719,677,252,0,98
719,678,252,0,98
719,679,252,0,98
719,680,252,0,98
719,681,252,0,98
719,682,252,0,98
719,683,252,0,98
719,684,252,0,98
719,685,252,0,98
719,686,252,0,98
719,687,252,0,98
719,688,252,0,98
719,689,252,0,98
719,690,252,0,98
719,691,252,0,98
719,692,252,0,98
719,693,252,0,98
719,694,252,0,98
719,695,252,0,98
719,696,252,0,98
719,697,252,0,98
719,698,252,0,98
719,699,252,0,98
719,700,252,0,98
719,701,252,0,98
719,702,252,0,98
719,703,252,0,98
719,704,252,0,98
719,705,252,0,98
719,706,252,0,98
719,707,252,0,98
719,708,252,0,98
719,709,252,0,98
719,710,252,0,98
719,711,252,0,98
719,712,252,0,98
719,713,252,0,98
719,714,252,0,98
719,715,252,0,98
719,716,252,0,98
719,717,252,0,98
719,718,252,0,98
719,720,252,0,98
719,721,252,0,98
719,722,252,0,98
719,723,252,0,98
719,724,252,0,98
721,625,107,0,100
721,626,107,0,100
721,627,107,0,100
721,628,107,0,100
721,629,107,0,100
721,630,107,0,100
721,631,107,0,100
721,632,107,0,100
721,633,107,0,100
721,634,107,0,100
721,635,107,0,100
721,636,107,0,100
721,637,107,0,100
721,638,107,0,100
721,639,107,0,100
721,640,107,0,100
721,641,107,0,100
721,642,107,0,100
721,643,107,0,100
721,644,107,0,100
721,645,107,0,100
721,646,107,0,100
721,647,107,0,100
721,648,107,0,100
721,649,107,0,100
721,650,107,0,100
721,651,107,0,100
721,652,107,0,100
721,653,107,0,100
721,654,107,0,100
721,655,107,0,100
721,656,107,0,100
721,657,107,0,100
721,658,107,0,100
721,659,107,0,100
721,660,107,0,100
721,661,107,0,100
721,662,107,0,100
721,663,107,0,100
721,664,107,0,100
721,665,107,0,100
721,666,107,0,100
721,667,107,0,100
721,668,107,0,100
721,669,107,0,100
721,670,107,0,100
721,671,107,0,100
721,672,107,0,100
721,673,107,0,100
721,674,107,0,100
721,675,107,0,100
721,676,107,0,100
721,677,107,0,100
721,678,107,0,100
721,679,107,0,100
721,680,107,0,100
721,681,107,0,100
721,682,107,0,100
721,683,107,0,100
721,684,107,0,100
721,685,107,0,100
721,686,107,0,100
721,687,107,0,100
721,688,107,0,100
721,689,107,0,100
721,690,107,0,100
721,691,107,0,100
721,692,107,0,100
721,693,107,0,100
721,694,107,0,100
721,695,107,0,100
721,696,107,0,100
721,697,107,0,100
721,698,107,0,100
721,699,107,0,100
721,700,107,0,100
721,701,107,0,100
721,702,107,0,100
721,703,107,0,100
721,704,107,0,100
721,705,107,0,100
721,706,107,0,100
721,707,107,0,100
721,708,107,0,100
721,709,107,0,100
721,710,107,0,100
721,711,107,0,100
721,712,107,0,100
721,713,107,0,100
721,714,107,0,100
721,715,107,0,100
721,716,107,0,100
721,717,107,0,100
721,718,107,0,100
721,719,107,0,100
721,720,107,0,100
721,722,107,0,100
721,723,107,0,100
721,724,107,0,100
