0,632,24,2,1
0,714,600,3,2
0,717,24,2,1
1,714,601,3,3
5,714,605,3,3
6,632,5,0,1
6,637,7,1,0
6,714,606,3,3
6,717,7,1,0
7,632,6,0,1
7,637,8,1,0
7,714,607,3,3
7,717,8,1,0
8,637,9,1,0
8,714,608,3,3
8,717,9,1,0
9,637,34,2,0
9,714,609,3,3
10,637,35,2,0
10,714,9,0,1
10,717,35,2,0
11,637,36,2,0
11,714,10,0,1
11,717,36,2,0
12,632,13,1,0
12,637,37,2,0
12,714,11,0,1
12,717,37,2,0
13,714,12,0,1
13,717,38,2,0
18,714,19,1,0
18,717,43,2,0
19,637,18,0,1
19,714,20,1,0
19,717,44,2,0
20,636,45,2,0
20,637,45,2,0
20,644,45,2,0
20,702,45,2,0
20,714,21,1,0
20,717,45,2,0
21,637,46,2,0
21,638,621,3,3
21,655,46,2,0
21,664,46,2,0
21,672,46,2,0
21,692,46,2,0
21,694,46,2,0
21,701,46,2,0
21,706,46,2,0
21,714,22,1,0
21,716,46,2,0
21,717,46,2,0
21,721,46,2,0
22,637,47,2,0
22,712,23,1,0
22,714,622,3,3
23,637,22,0,1
23,714,623,3,3
23,717,22,0,1
24,637,23,0,1
24,714,624,3,3
24,717,23,0,1
25,632,49,3,2
25,714,0,0,1
25,717,49,3,2
26,714,1,0,2
30,714,5,0,2
31,632,30,1,2
31,637,32,2,1
31,714,6,0,2
31,717,32,2,1
32,632,31,1,2
32,637,33,2,1
32,714,7,0,2
32,717,33,2,1
33,637,34,2,1
33,714,8,0,2
33,717,34,2,1
34,637,59,3,0
34,714,9,0,2
34,717,35,2,1
35,637,60,3,0
35,714,34,1,2
35,717,36,2,1
36,637,61,3,0
36,714,35,1,2
36,717,37,2,1
37,632,38,2,1
37,637,62,3,0
37,714,36,1,2
37,717,38,2,1
38,714,37,1,2
38,717,717,96,0
43,714,44,2,1
44,637,43,1,2
44,714,45,2,1
44,717,43,1,2
45,636,70,3,0
45,637,70,3,0
45,644,70,3,0
45,702,70,3,0
45,714,46,2,1
45,717,44,1,2
46,637,71,3,0
46,638,21,0,2
46,646,21,0,2
46,664,71,3,0
46,672,71,3,0
46,692,71,3,0
46,694,71,3,0
46,706,71,3,0
46,714,47,2,1
46,716,71,3,0
46,717,45,1,2
46,721,71,3,0
47,637,72,3,0
47,712,48,2,1
47,714,22,0,2
47,717,46,1,2
48,637,47,1,2
48,714,23,0,2
48,717,47,1,2
49,637,48,1,2
49,714,24,0,2
49,717,48,1,2
50,632,74,3,2
50,714,25,0,2
50,717,74,3,2
51,714,26,0,3
55,714,30,0,3
56,632,55,1,2
56,637,57,2,1
56,714,31,0,3
56,717,57,2,1
57,632,56,1,2
57,637,58,2,1
57,714,32,0,3
57,717,58,2,1
58,637,59,2,1
58,714,33,0,3
58,717,59,2,1
59,625,84,3,0
59,637,84,3,0
59,658,34,0,3
59,714,34,0,3
59,717,34,0,3
60,625,85,3,0
60,637,85,3,0
60,658,35,0,3
60,714,59,1,2
60,717,35,0,3
61,625,86,3,0
61,637,86,3,0
61,658,36,0,3
61,714,60,1,2
61,717,36,0,3
62,625,87,3,0
62,632,63,2,1
62,637,87,3,0
62,658,37,0,3
62,714,61,1,2
62,717,37,0,3
63,625,88,3,0
63,714,62,1,2
63,717,38,0,3
64,625,89,3,0
68,625,93,3,0
68,714,69,2,1
68,717,43,0,3
69,625,94,3,0
69,637,68,1,2
69,714,70,2,1
69,717,44,0,3
70,625,95,3,0
70,636,95,3,0
70,637,95,3,0
70,644,95,3,0
70,658,45,0,3
70,714,71,2,1
70,717,45,0,3
71,625,96,3,0
71,637,96,3,0
71,638,46,0,3
71,646,46,0,3
71,655,46,0,3
71,658,46,0,3
71,664,96,3,0
71,672,96,3,0
71,694,96,3,0
71,701,46,0,3
71,714,72,2,1
71,716,96,3,0
71,717,46,0,3
71,721,96,3,0
72,625,97,3,0
72,637,97,3,0
72,658,47,0,3
72,712,73,2,1
72,714,47,0,3
72,717,47,0,3
73,637,72,1,2
73,714,48,0,3
73,717,72,1,2
74,637,73,1,2
74,714,49,0,3
74,717,73,1,2
75,632,99,3,2
75,714,50,0,2
75,717,99,3,2
76,714,51,0,3
80,714,55,0,3
81,632,80,1,2
81,637,82,2,1
81,714,56,0,3
81,717,82,2,1
82,632,81,1,2
82,637,83,2,1
82,714,57,0,3
82,717,83,2,1
83,637,84,2,1
83,714,58,0,3
83,717,84,2,1
84,637,109,3,0
84,711,109,3,0
84,714,59,0,3
84,717,59,0,3
85,637,110,3,0
85,711,110,3,0
85,714,84,1,2
85,717,60,0,3
86,637,111,3,0
86,711,111,3,0
86,714,85,1,2
86,717,61,0,3
87,632,88,2,1
87,637,112,3,0
87,711,112,3,0
87,714,86,1,2
87,717,62,0,3
88,711,113,3,0
88,714,87,1,2
88,717,63,0,3
89,711,114,3,0
90,711,115,3,0
91,711,116,3,0
92,711,117,3,0
93,711,118,3,0
93,714,94,2,1
93,717,68,0,3
94,637,93,1,2
94,711,119,3,0
94,714,95,2,1
94,717,69,0,3
95,636,120,3,0
95,637,120,3,0
95,644,120,3,0
95,702,70,0,3
95,711,120,3,0
95,714,96,2,1
95,717,70,0,3
96,637,121,3,0
96,638,71,0,3
96,646,71,0,3
96,655,71,0,3
96,664,121,3,0
96,672,121,3,0
96,692,71,0,3
96,701,71,0,3
96,706,71,0,3
96,711,121,3,0
96,714,97,2,1
96,716,121,3,0
96,717,71,0,3
97,637,122,3,0
97,711,122,3,0
97,712,98,2,1
97,714,72,0,3
97,717,72,0,3
98,637,97,1,2
98,714,73,0,3
98,717,97,1,2
99,637,98,1,2
99,714,74,0,3
99,717,98,1,2
100,632,124,3,2
100,714,75,0,2
100,717,124,3,2
101,714,76,0,3
105,714,80,0,3
106,632,105,1,2
106,637,107,2,1
106,714,81,0,3
106,717,107,2,1
107,632,106,1,2
107,637,108,2,1
107,714,82,0,3
107,717,108,2,1
108,637,109,2,1
108,714,83,0,3
108,717,109,2,1
109,714,84,0,3
109,717,84,0,3
110,637,135,3,0
110,714,109,1,2
110,717,85,0,3
111,637,136,3,0
111,714,110,1,2
111,717,86,0,3
112,632,113,2,1
112,637,137,3,0
112,714,111,1,2
112,717,87,0,3
113,714,112,1,2
113,717,88,0,3
118,714,119,2,1
118,717,93,0,3
119,637,118,1,2
119,714,120,2,1
119,717,94,0,3
120,636,145,3,0
120,637,145,3,0
120,644,145,3,0
120,702,95,0,3
120,714,121,2,1
120,717,95,0,3
121,637,146,3,0
121,638,96,0,3
121,646,96,0,3
121,655,96,0,3
121,664,146,3,0
121,672,146,3,0
121,692,96,0,3
121,694,96,0,3
121,701,96,0,3
121,706,96,0,3
121,714,122,2,1
121,716,146,3,0
121,717,96,0,3
121,721,96,0,3
122,712,123,2,1
122,714,97,0,3
122,717,97,0,3
123,637,122,1,2
123,714,98,0,3
123,717,122,1,2
124,637,123,1,2
124,714,99,0,3
124,717,123,1,2
125,632,149,3,2
125,714,100,0,2
125,717,149,3,2
126,714,101,0,3
130,714,105,0,3
131,632,130,1,2
131,637,132,2,1
131,714,106,0,3
131,717,132,2,1
132,632,131,1,2
132,637,133,2,1
132,714,107,0,3
132,717,133,2,1
133,637,134,2,1
133,714,108,0,3
133,717,134,2,1
134,672,135,2,1
134,717,109,0,3
135,637,160,3,0
135,672,672,51,0
135,714,134,1,2
135,717,110,0,3
136,637,161,3,0
136,714,135,1,2
136,717,111,0,3
137,632,138,2,1
137,637,162,3,0
137,714,136,1,2
137,717,112,0,3
138,714,137,1,2
138,717,113,0,3
143,714,144,2,1
143,717,118,0,3
144,637,143,1,2
144,714,145,2,1
144,717,119,0,3
145,637,170,3,0
145,644,170,3,0
145,702,120,0,3
145,714,146,2,1
145,717,120,0,3
146,637,171,3,0
146,638,171,3,0
146,646,121,0,3
146,655,121,0,3
146,692,121,0,3
146,694,121,0,3
146,701,121,0,3
146,706,121,0,3
146,714,147,2,1
146,716,171,3,0
146,717,121,0,3
146,721,121,0,3
147,672,146,1,2
147,717,122,0,3
148,637,147,1,2
148,714,123,0,3
148,717,147,1,2
149,637,148,1,2
149,714,124,0,3
149,717,148,1,2
150,632,174,3,2
150,714,125,0,2
150,717,174,3,2
151,714,126,0,3
155,714,130,0,3
156,632,155,1,2
156,637,157,2,1
156,714,131,0,3
156,717,157,2,1
157,632,156,1,2
157,637,158,2,1
157,714,132,0,3
157,717,158,2,1
158,637,159,2,1
158,714,133,0,3
158,717,159,2,1
159,672,134,0,3
159,717,134,0,3
160,637,185,3,0
160,672,135,0,3
160,714,159,1,2
160,717,135,0,3
161,637,186,3,0
161,714,160,1,2
161,717,136,0,3
162,632,163,2,1
162,637,187,3,0
162,714,161,1,2
162,717,137,0,3
163,714,162,1,2
163,717,138,0,3
168,714,169,2,1
168,717,143,0,3
169,637,168,1,2
169,714,170,2,1
169,717,144,0,3
170,636,145,0,3
170,637,195,3,0
170,644,195,3,0
170,702,145,0,3
170,714,171,2,1
170,717,145,0,3
171,637,196,3,0
171,638,196,3,0
171,646,146,0,3
171,655,146,0,3
171,664,146,0,3
171,672,146,0,3
171,692,146,0,3
171,694,146,0,3
171,701,146,0,3
171,706,146,0,3
171,714,172,2,1
171,717,146,0,3
171,721,146,0,3
172,672,147,0,3
172,712,173,2,1
172,717,147,0,3
173,637,172,1,2
173,714,148,0,3
173,717,172,1,2
174,637,173,1,2
174,714,149,0,3
174,717,173,1,2
175,632,199,3,2
175,714,150,0,2
175,717,199,3,2
176,714,151,0,3
180,714,155,0,3
181,632,180,1,2
181,637,182,2,1
181,714,156,0,3
181,717,182,2,1
182,632,181,1,2
182,637,183,2,1
182,714,157,0,3
182,717,183,2,1
183,637,184,2,1
183,714,158,0,3
183,717,184,2,1
184,717,159,0,3
185,637,210,3,0
185,714,184,1,2
185,717,160,0,3
186,637,211,3,0
186,714,185,1,2
186,717,161,0,3
187,632,188,2,1
187,637,212,3,0
187,714,186,1,2
187,717,162,0,3
188,714,187,1,2
188,717,163,0,3
193,714,194,2,1
193,717,168,0,3
194,637,193,1,2
194,714,195,2,1
194,717,169,0,3
195,636,170,0,3
195,637,220,3,0
195,644,220,3,0
195,702,170,0,3
195,714,196,2,1
195,717,170,0,3
196,637,221,3,0
196,638,221,3,0
196,646,171,0,3
196,655,171,0,3
196,664,171,0,3
196,672,171,0,3
196,692,171,0,3
196,694,171,0,3
196,701,171,0,3
196,706,171,0,3
196,714,197,2,1
196,716,171,0,3
196,717,171,0,3
196,721,171,0,3
197,712,198,2,1
197,717,172,0,3
198,637,197,1,2
198,714,173,0,3
198,717,197,1,2
199,637,198,1,2
199,714,174,0,3
199,717,198,1,2
200,632,224,3,2
200,714,225,2,0
200,717,224,3,2
201,714,226,3,0
205,714,230,3,0
206,632,205,1,2
206,637,207,2,1
206,714,231,3,0
206,717,207,2,1
207,632,206,1,2
207,637,208,2,1
207,714,232,3,0
207,717,208,2,1
208,632,183,0,3
208,637,209,2,1
208,714,233,3,0
208,717,209,2,1
209,632,184,0,3
209,637,210,2,1
209,714,234,3,0
209,717,184,0,3
210,637,211,2,1
210,714,209,1,2
210,717,185,0,3
211,637,212,2,1
211,714,210,1,2
211,717,186,0,3
212,632,213,2,1
212,637,637,16,0
212,714,211,1,2
212,717,187,0,3
213,714,212,1,2
213,717,188,0,3
218,714,219,2,1
218,717,193,0,3
219,637,218,1,2
219,714,220,2,1
219,717,194,0,3
220,636,195,0,3
220,637,219,1,2
220,644,245,3,0
220,702,195,0,3
220,714,221,2,1
220,717,195,0,3
221,637,220,1,2
221,638,246,3,0
221,646,196,0,3
221,655,196,0,3
221,664,196,0,3
221,672,196,0,3
221,692,196,0,3
221,694,196,0,3
221,701,196,0,3
221,706,196,0,3
221,714,222,2,1
221,716,196,0,3
221,717,196,0,3
221,721,196,0,3
222,632,197,0,3
222,637,221,1,2
222,712,223,2,1
222,714,247,3,0
222,717,197,0,3
223,632,198,0,3
223,637,222,1,2
223,714,248,3,0
223,717,222,1,2
224,632,199,0,3
224,637,223,1,2
224,714,249,3,0
224,717,223,1,2
225,632,249,3,2
225,714,250,2,0
225,717,249,3,2
226,714,251,3,0
230,714,255,3,0
231,632,230,1,2
231,637,232,2,1
231,714,256,3,0
231,717,232,2,1
232,632,231,1,2
232,637,233,2,1
232,714,257,3,0
232,717,233,2,1
233,637,234,2,1
233,714,258,3,0
233,717,234,2,1
234,637,209,0,3
234,714,259,3,0
234,717,209,0,3
235,637,210,0,3
235,714,234,1,2
235,717,210,0,3
236,637,211,0,3
236,714,235,1,2
236,717,211,0,3
237,632,238,2,1
237,637,212,0,3
237,714,236,1,2
237,717,212,0,3
238,714,237,1,2
238,717,213,0,3
243,714,244,2,1
243,717,218,0,3
244,637,243,1,2
244,714,245,2,1
244,717,219,0,3
245,636,220,0,3
245,637,220,0,3
245,702,220,0,3
245,714,246,2,1
245,717,220,0,3
246,637,221,0,3
246,638,271,3,0
246,646,221,0,3
246,655,221,0,3
246,664,221,0,3
246,672,221,0,3
246,692,221,0,3
246,694,221,0,3
246,701,221,0,3
246,706,221,0,3
246,714,247,2,1
246,716,221,0,3
246,717,221,0,3
246,721,221,0,3
247,637,222,0,3
247,712,248,2,1
247,714,272,3,0
247,717,222,0,3
248,637,247,1,2
248,714,273,3,0
248,717,247,1,2
249,637,248,1,2
249,714,274,3,0
249,717,248,1,2
250,632,274,3,2
250,714,275,2,0
250,717,274,3,2
251,714,276,3,0
255,714,280,3,0
256,632,255,1,2
256,637,257,2,1
256,714,281,3,0
256,717,257,2,1
257,632,256,1,2
257,637,258,2,1
257,714,282,3,0
257,717,258,2,1
258,637,259,2,1
258,714,283,3,0
258,717,259,2,1
259,637,234,0,3
259,714,284,3,0
259,717,234,0,3
260,637,235,0,3
260,714,259,1,2
260,717,235,0,3
261,637,236,0,3
261,714,260,1,2
261,717,236,0,3
262,632,263,2,1
262,637,237,0,3
262,714,261,1,2
262,717,237,0,3
263,714,262,1,2
263,717,238,0,3
268,714,269,2,1
268,717,243,0,3
269,637,268,1,2
269,714,270,2,1
269,717,244,0,3
270,636,245,0,3
270,637,245,0,3
270,644,245,0,3
270,702,245,0,3
270,714,271,2,1
270,717,245,0,3
271,637,246,0,3
271,638,296,3,0
271,646,246,0,3
271,655,246,0,3
271,664,246,0,3
271,672,246,0,3
271,692,246,0,3
271,694,246,0,3
271,701,246,0,3
271,706,246,0,3
271,714,272,2,1
271,716,246,0,3
271,717,246,0,3
271,721,246,0,3
272,637,247,0,3
272,712,273,2,1
272,714,297,3,0
272,717,247,0,3
273,637,272,1,2
273,714,298,3,0
273,717,272,1,2
274,637,273,1,2
274,714,299,3,0
274,717,273,1,2
275,632,299,3,2
275,714,300,2,0
275,717,299,3,2
276,714,301,3,0
280,714,305,3,0
281,632,280,1,2
281,637,282,2,1
281,663,306,3,0
281,714,306,3,0
281,717,282,2,1
282,632,281,1,2
282,637,283,2,1
282,663,307,3,0
282,714,307,3,0
282,717,283,2,1
283,637,284,2,1
283,663,308,3,0
283,714,308,3,0
283,717,284,2,1
284,637,259,0,3
284,663,309,3,0
284,714,309,3,0
285,637,260,0,3
285,714,284,1,2
285,717,260,0,3
286,637,261,0,3
286,714,285,1,2
286,717,261,0,3
287,632,288,2,1
287,637,262,0,3
287,714,286,1,2
287,717,262,0,3
288,714,287,1,2
288,717,263,0,3
293,714,294,2,1
293,717,268,0,3
294,637,293,1,2
294,714,295,2,1
294,717,269,0,3
295,636,270,0,3
295,637,270,0,3
295,644,270,0,3
295,702,270,0,3
295,714,296,2,1
295,717,270,0,3
296,637,271,0,3
296,638,321,3,0
296,646,271,0,3
296,655,271,0,3
296,664,271,0,3
296,672,271,0,3
296,692,271,0,3
296,694,271,0,3
296,701,271,0,3
296,706,271,0,3
296,714,297,2,1
296,716,271,0,3
296,717,271,0,3
296,721,271,0,3
297,637,272,0,3
297,663,322,3,0
297,712,298,2,1
297,714,322,3,0
298,637,297,1,2
298,663,323,3,0
298,714,323,3,0
298,717,297,1,2
299,637,298,1,2
299,663,324,3,0
299,714,324,3,0
299,717,298,1,2
300,632,324,3,2
300,714,325,2,0
300,717,324,3,2
301,714,326,3,0
305,714,330,3,0
306,632,305,1,2
306,637,307,2,1
306,714,331,3,0
306,717,307,2,1
307,632,306,1,2
307,637,308,2,1
307,714,332,3,0
307,717,308,2,1
308,637,309,2,1
308,714,333,3,0
308,717,309,2,1
309,637,284,0,3
309,714,334,3,0
310,637,285,0,3
310,714,309,1,2
310,717,285,0,3
311,637,286,0,3
311,714,310,1,2
311,717,286,0,3
312,632,313,2,1
312,637,287,0,3
312,714,311,1,2
312,717,287,0,3
313,714,312,1,2
313,717,288,0,3
318,714,319,2,1
318,717,293,0,3
319,637,318,1,2
319,714,320,2,1
319,717,294,0,3
320,636,295,0,3
320,637,295,0,3
320,644,295,0,3
320,702,295,0,3
320,714,321,2,1
320,717,295,0,3
321,637,296,0,3
321,638,346,3,0
321,646,296,0,3
321,655,296,0,3
321,664,296,0,3
321,672,296,0,3
321,692,296,0,3
321,694,296,0,3
321,701,296,0,3
321,706,296,0,3
321,714,322,2,1
321,716,296,0,3
321,717,296,0,3
321,721,296,0,3
322,637,297,0,3
322,712,323,2,1
322,714,347,3,0
323,637,322,1,2
323,714,348,3,0
323,717,322,1,2
324,637,323,1,2
324,714,349,3,0
324,717,323,1,2
325,632,349,3,2
325,714,350,2,0
325,717,349,3,2
326,714,351,3,0
330,714,355,3,0
331,632,330,1,2
331,637,332,2,1
331,714,356,3,0
331,717,332,2,1
332,632,331,1,2
332,637,333,2,1
332,714,357,3,0
332,717,333,2,1
333,637,334,2,1
333,714,358,3,0
333,717,334,2,1
334,637,309,0,3
334,714,359,3,0
335,637,310,0,3
335,714,334,1,2
335,717,310,0,3
336,637,311,0,3
336,714,335,1,2
336,717,311,0,3
337,632,338,2,1
337,637,312,0,3
337,714,336,1,2
337,717,312,0,3
338,714,337,1,2
338,717,313,0,3
343,714,344,2,1
343,717,318,0,3
344,637,343,1,2
344,714,345,2,1
344,717,319,0,3
345,636,320,0,3
345,637,320,0,3
345,644,320,0,3
345,702,320,0,3
345,714,346,2,1
345,717,320,0,3
346,637,321,0,3
346,638,371,3,0
346,646,371,3,0
346,655,321,0,3
346,664,321,0,3
346,672,321,0,3
346,692,321,0,3
346,694,321,0,3
346,701,321,0,3
346,706,321,0,3
346,714,347,2,1
346,716,321,0,3
346,717,321,0,3
346,721,321,0,3
347,637,322,0,3
347,712,348,2,1
347,714,372,3,0
348,637,347,1,2
348,714,373,3,0
348,717,347,1,2
349,637,348,1,2
349,714,374,3,0
349,717,348,1,2
350,632,374,3,2
350,714,375,2,0
350,717,374,3,2
351,714,376,3,0
355,714,380,3,0
356,632,355,1,2
356,637,357,2,1
356,714,381,3,0
356,717,357,2,1
357,632,356,1,2
357,637,358,2,1
357,714,382,3,0
357,717,358,2,1
358,637,359,2,1
358,714,383,3,0
358,717,359,2,1
359,625,360,2,1
359,637,334,0,3
359,658,384,3,0
359,714,384,3,0
359,717,384,3,0
360,625,361,2,1
360,637,335,0,3
360,658,385,3,0
360,714,359,1,2
360,717,385,3,0
361,625,362,2,1
361,637,336,0,3
361,658,386,3,0
361,714,360,1,2
361,717,386,3,0
362,625,363,2,1
362,632,363,2,1
362,637,337,0,3
362,658,387,3,0
362,714,361,1,2
362,717,387,3,0
363,625,364,2,1
363,714,362,1,2
363,717,388,3,0
364,625,625,4,0
368,625,367,1,2
368,714,369,2,1
368,717,393,3,0
369,625,368,1,2
369,637,368,1,2
369,714,370,2,1
369,717,394,3,0
370,625,369,1,2
370,636,345,0,3
370,637,345,0,3
370,644,345,0,3
370,658,395,3,0
370,702,345,0,3
370,714,371,2,1
370,717,395,3,0
371,625,370,1,2
371,637,346,0,3
371,638,396,3,0
371,646,396,3,0
371,655,396,3,0
371,658,396,3,0
371,664,346,0,3
371,672,346,0,3
371,692,346,0,3
371,694,346,0,3
371,701,396,3,0
371,706,346,0,3
371,714,372,2,1
371,716,346,0,3
371,717,396,3,0
371,721,346,0,3
372,625,371,1,2
372,637,347,0,3
372,658,397,3,0
372,712,373,2,1
372,714,397,3,0
372,717,397,3,0
373,637,372,1,2
373,714,398,3,0
373,717,372,1,2
374,637,373,1,2
374,714,399,3,0
374,717,373,1,2
375,632,399,3,2
375,714,400,2,0
375,717,399,3,2
376,714,401,3,0
380,714,405,3,0
381,632,380,1,2
381,637,382,2,1
381,714,406,3,0
381,717,382,2,1
382,632,381,1,2
382,637,383,2,1
382,714,407,3,0
382,717,383,2,1
383,637,384,2,1
383,714,408,3,0
383,717,384,2,1
384,625,359,0,3
384,637,359,0,3
384,658,385,2,1
384,711,385,2,1
384,714,409,3,0
384,717,409,3,0
385,625,360,0,3
385,637,360,0,3
385,658,386,2,1
385,711,386,2,1
385,714,384,1,2
385,717,410,3,0
386,625,361,0,3
386,637,361,0,3
386,658,387,2,1
386,711,387,2,1
386,714,385,1,2
386,717,411,3,0
387,625,362,0,3
387,632,388,2,1
387,637,362,0,3
387,658,658,37,0
387,711,388,2,1
387,714,386,1,2
387,717,412,3,0
388,625,363,0,3
388,711,389,2,1
388,714,387,1,2
388,717,413,3,0
389,625,364,0,3
389,711,390,2,1
390,711,711,90,0
391,711,390,1,2
392,711,391,1,2
393,625,368,0,3
393,711,392,1,2
393,714,394,2,1
393,717,418,3,0
394,625,369,0,3
394,637,393,1,2
394,711,393,1,2
394,714,395,2,1
394,717,419,3,0
395,625,370,0,3
395,636,370,0,3
395,637,370,0,3
395,644,370,0,3
395,658,394,1,2
395,702,420,3,0
395,711,394,1,2
395,714,396,2,1
395,717,420,3,0
396,625,371,0,3
396,637,371,0,3
396,638,421,3,0
396,646,421,3,0
396,655,421,3,0
396,658,395,1,2
396,664,371,0,3
396,672,371,0,3
396,692,421,3,0
396,694,371,0,3
396,701,421,3,0
396,706,421,3,0
396,711,395,1,2
396,714,397,2,1
396,716,371,0,3
396,717,421,3,0
396,721,371,0,3
397,625,372,0,3
397,637,372,0,3
397,658,396,1,2
397,711,396,1,2
397,712,398,2,1
397,714,422,3,0
397,717,422,3,0
398,637,397,1,2
398,714,423,3,0
398,717,397,1,2
399,637,398,1,2
399,714,424,3,0
399,717,398,1,2
400,632,424,3,2
400,714,425,2,0
400,717,424,3,2
401,714,426,3,0
405,714,430,3,0
406,632,405,1,2
406,637,407,2,1
406,714,431,3,0
406,717,407,2,1
407,632,406,1,2
407,637,408,2,1
407,714,432,3,0
407,717,408,2,1
408,637,409,2,1
408,714,433,3,0
408,717,409,2,1
409,637,384,0,3
409,711,384,0,3
409,714,434,3,0
409,717,434,3,0
410,637,385,0,3
410,711,385,0,3
410,714,409,1,2
410,717,435,3,0
411,637,386,0,3
411,711,386,0,3
411,714,410,1,2
411,717,436,3,0
412,632,413,2,1
412,637,387,0,3
412,711,387,0,3
412,714,411,1,2
412,717,437,3,0
413,711,388,0,3
413,714,412,1,2
413,717,438,3,0
414,711,389,0,3
415,711,390,0,3
416,711,391,0,3
417,711,392,0,3
418,711,393,0,3
418,714,419,2,1
418,717,443,3,0
419,637,418,1,2
419,711,394,0,3
419,714,420,2,1
419,717,444,3,0
420,636,395,0,3
420,637,395,0,3
420,644,395,0,3
420,702,445,3,0
420,711,395,0,3
420,714,421,2,1
420,717,445,3,0
421,637,396,0,3
421,638,446,3,0
421,646,446,3,0
421,655,446,3,0
421,664,396,0,3
421,672,396,0,3
421,692,446,3,0
421,694,446,3,0
421,701,446,3,0
421,706,446,3,0
421,711,396,0,3
421,714,422,2,1
421,716,396,0,3
421,717,446,3,0
421,721,446,3,0
422,637,397,0,3
422,711,397,0,3
422,712,423,2,1
422,714,447,3,0
422,717,447,3,0
423,637,422,1,2
423,714,448,3,0
423,717,422,1,2
424,637,423,1,2
424,714,449,3,0
424,717,423,1,2
425,632,449,3,2
425,714,450,2,0
425,717,449,3,2
426,714,451,3,0
430,714,455,3,0
431,632,430,1,2
431,637,432,2,1
431,714,456,3,0
431,717,432,2,1
432,632,431,1,2
432,637,433,2,1
432,714,457,3,0
432,717,433,2,1
433,637,434,2,1
433,714,458,3,0
433,717,434,2,1
434,717,459,3,0
435,637,410,0,3
435,714,434,1,2
435,717,460,3,0
436,637,411,0,3
436,714,435,1,2
436,717,461,3,0
437,632,438,2,1
437,637,412,0,3
437,714,436,1,2
437,717,462,3,0
438,714,437,1,2
438,717,463,3,0
443,714,444,2,1
443,717,468,3,0
444,637,443,1,2
444,714,445,2,1
444,717,469,3,0
445,636,420,0,3
445,637,420,0,3
445,644,420,0,3
445,702,470,3,0
445,714,446,2,1
445,717,470,3,0
446,637,421,0,3
446,646,471,3,0
446,655,471,3,0
446,664,421,0,3
446,672,421,0,3
446,692,471,3,0
446,694,471,3,0
446,701,471,3,0
446,706,471,3,0
446,714,447,2,1
446,716,421,0,3
446,717,471,3,0
446,721,471,3,0
447,712,448,2,1
447,717,472,3,0
448,637,447,1,2
448,714,473,3,0
448,717,447,1,2
449,637,448,1,2
449,714,474,3,0
449,717,448,1,2
450,632,474,3,2
450,714,475,2,0
450,717,474,3,2
451,714,476,3,0
455,714,480,3,0
456,632,455,1,2
456,637,457,2,1
456,714,481,3,0
456,717,457,2,1
457,632,456,1,2
457,637,458,2,1
457,714,482,3,0
457,717,458,2,1
458,637,459,2,1
458,714,483,3,0
458,717,459,2,1
459,672,484,3,0
459,717,484,3,0
460,637,435,0,3
460,672,485,3,0
460,714,459,1,2
460,717,485,3,0
461,637,436,0,3
461,714,460,1,2
461,717,486,3,0
462,632,463,2,1
462,637,437,0,3
462,714,461,1,2
462,717,487,3,0
463,714,462,1,2
463,717,488,3,0
468,714,469,2,1
468,717,493,3,0
469,637,468,1,2
469,714,470,2,1
469,717,494,3,0
470,636,495,3,0
470,637,445,0,3
470,644,445,0,3
470,702,495,3,0
470,714,471,2,1
470,717,495,3,0
471,637,446,0,3
471,638,446,0,3
471,646,496,3,0
471,655,496,3,0
471,664,496,3,0
471,672,496,3,0
471,692,496,3,0
471,694,496,3,0
471,701,496,3,0
471,706,496,3,0
471,714,472,2,1
471,716,446,0,3
471,717,496,3,0
471,721,496,3,0
472,672,497,3,0
472,712,473,2,1
472,717,497,3,0
473,637,472,1,2
473,714,498,3,0
473,717,472,1,2
474,637,473,1,2
474,714,499,3,0
474,717,473,1,2
475,632,499,3,2
475,714,500,2,0
475,717,499,3,2
476,714,501,3,0
480,714,505,3,0
481,632,480,1,2
481,637,482,2,1
481,714,506,3,0
481,717,482,2,1
482,632,481,1,2
482,637,483,2,1
482,714,507,3,0
482,717,483,2,1
483,637,484,2,1
483,714,508,3,0
483,717,484,2,1
484,717,509,3,0
485,637,460,0,3
485,714,484,1,2
485,717,510,3,0
486,637,461,0,3
486,714,485,1,2
486,717,511,3,0
487,632,488,2,1
487,637,462,0,3
487,714,486,1,2
487,717,512,3,0
488,714,487,1,2
488,717,513,3,0
493,714,494,2,1
493,717,518,3,0
494,637,493,1,2
494,714,495,2,1
494,717,519,3,0
495,636,520,3,0
495,637,470,0,3
495,644,470,0,3
495,702,520,3,0
495,714,496,2,1
495,717,520,3,0
496,637,471,0,3
496,638,471,0,3
496,646,521,3,0
496,655,521,3,0
496,664,521,3,0
496,672,521,3,0
496,692,521,3,0
496,694,521,3,0
496,701,521,3,0
496,706,521,3,0
496,714,497,2,1
496,716,521,3,0
496,717,521,3,0
496,721,521,3,0
497,712,498,2,1
497,717,522,3,0
498,637,497,1,2
498,714,523,3,0
498,717,497,1,2
499,637,498,1,2
499,714,524,3,0
499,717,498,1,2
500,632,524,3,2
500,714,501,1,1
500,717,524,3,2
501,714,714,93,0
506,637,507,2,1
506,714,505,1,2
506,717,507,2,1
507,637,508,2,1
507,714,506,1,2
507,717,508,2,1
508,632,533,3,0
508,637,509,2,1
508,714,507,1,2
508,717,509,2,1
509,632,534,3,0
509,714,508,1,2
509,717,534,3,0
510,637,485,0,3
510,714,509,1,2
510,717,535,3,0
511,637,486,0,3
511,714,510,1,2
511,717,536,3,0
512,632,513,2,1
512,637,487,0,3
512,714,511,1,2
512,717,537,3,0
513,714,512,1,2
513,717,538,3,0
518,714,519,2,1
518,717,543,3,0
519,637,518,1,2
519,714,520,2,1
519,717,544,3,0
520,636,545,3,0
520,637,495,0,3
520,644,495,0,3
520,702,545,3,0
520,714,521,2,1
520,717,545,3,0
521,637,496,0,3
521,638,496,0,3
521,646,546,3,0
521,655,546,3,0
521,664,546,3,0
521,672,546,3,0
521,692,546,3,0
521,694,546,3,0
521,701,546,3,0
521,706,546,3,0
521,714,522,2,1
521,716,546,3,0
521,717,546,3,0
521,721,546,3,0
522,632,547,3,0
522,712,523,2,1
522,714,523,2,1
522,717,547,3,0
523,632,548,3,0
523,637,522,1,2
523,714,524,2,1
523,717,522,1,2
524,632,549,3,0
524,637,523,1,2
524,714,500,2,3
524,717,523,1,2
525,632,549,3,2
525,714,500,0,2
525,717,549,3,2
526,714,501,0,3
530,714,505,0,3
531,632,530,1,2
531,637,532,2,1
531,714,506,0,3
531,717,532,2,1
532,632,531,1,2
532,637,533,2,1
532,714,507,0,3
532,717,533,2,1
533,632,532,1,2
533,637,534,2,1
533,714,508,0,3
533,717,534,2,1
534,632,533,1,2
534,637,559,3,0
534,714,509,0,3
534,717,559,3,0
535,637,560,3,0
535,714,534,1,2
535,717,560,3,0
536,637,561,3,0
536,714,535,1,2
536,717,561,3,0
537,632,538,2,1
537,637,562,3,0
537,714,536,1,2
537,717,562,3,0
538,714,537,1,2
538,717,563,3,0
543,714,544,2,1
543,717,568,3,0
544,637,543,1,2
544,714,545,2,1
544,717,569,3,0
545,636,570,3,0
545,637,570,3,0
545,644,520,0,3
545,702,570,3,0
545,714,546,2,1
545,717,570,3,0
546,637,571,3,0
546,638,521,0,3
546,646,571,3,0
546,655,571,3,0
546,664,571,3,0
546,672,571,3,0
546,692,571,3,0
546,694,571,3,0
546,701,571,3,0
546,706,571,3,0
546,714,547,2,1
546,716,571,3,0
546,717,571,3,0
546,721,571,3,0
547,632,548,2,1
547,637,572,3,0
547,712,548,2,1
547,714,522,0,3
547,717,572,3,0
548,632,549,2,1
548,637,547,1,2
548,714,523,0,3
548,717,547,1,2
549,632,632,11,0
549,637,548,1,2
549,714,524,0,3
549,717,548,1,2
550,632,574,3,2
550,714,525,0,2
550,717,574,3,2
551,714,526,0,3
555,714,530,0,3
556,632,555,1,2
556,637,557,2,1
556,714,531,0,3
556,717,557,2,1
557,632,556,1,2
557,637,558,2,1
557,714,532,0,3
557,717,558,2,1
558,637,559,2,1
558,714,533,0,3
558,717,559,2,1
559,637,584,3,0
559,714,534,0,3
559,717,584,3,0
560,637,585,3,0
560,714,559,1,2
560,717,585,3,0
561,637,586,3,0
561,714,560,1,2
561,717,586,3,0
562,632,563,2,1
562,637,587,3,0
562,714,561,1,2
562,717,587,3,0
563,714,562,1,2
563,717,588,3,0
568,714,569,2,1
568,717,593,3,0
569,637,568,1,2
569,714,570,2,1
569,717,594,3,0
570,636,595,3,0
570,637,595,3,0
570,644,595,3,0
570,702,595,3,0
570,714,571,2,1
570,717,595,3,0
571,637,596,3,0
571,638,546,0,3
571,646,596,3,0
571,655,596,3,0
571,664,596,3,0
571,672,596,3,0
571,692,596,3,0
571,694,596,3,0
571,701,596,3,0
571,706,596,3,0
571,714,572,2,1
571,716,596,3,0
571,717,596,3,0
571,721,596,3,0
572,637,597,3,0
572,712,573,2,1
572,714,547,0,3
572,717,597,3,0
573,637,572,1,2
573,714,548,0,3
573,717,572,1,2
574,637,573,1,2
574,714,549,0,3
574,717,573,1,2
575,632,599,3,2
575,714,550,0,2
575,717,599,3,2
576,714,551,0,3
580,714,555,0,3
581,632,580,1,2
581,637,582,2,1
581,663,663,42,0
581,714,556,0,3
581,717,582,2,1
582,632,581,1,2
582,637,583,2,1
582,663,581,1,2
582,714,557,0,3
582,717,583,2,1
583,637,584,2,1
583,663,582,1,2
583,714,558,0,3
583,717,584,2,1
584,637,609,3,0
584,663,583,1,2
584,714,559,0,3
585,637,610,3,0
585,714,584,1,2
585,717,610,3,0
586,637,611,3,0
586,714,585,1,2
586,717,611,3,0
587,632,588,2,1
587,637,612,3,0
587,714,586,1,2
587,717,612,3,0
588,714,587,1,2
588,717,613,3,0
593,714,594,2,1
593,717,618,3,0
594,637,593,1,2
594,714,595,2,1
594,717,619,3,0
595,636,620,3,0
595,637,620,3,0
595,644,620,3,0
595,702,620,3,0
595,714,596,2,1
595,717,620,3,0
596,637,621,3,0
596,638,571,0,3
596,646,621,3,0
596,655,621,3,0
596,664,621,3,0
596,672,621,3,0
596,692,621,3,0
596,694,621,3,0
596,701,621,3,0
596,706,621,3,0
596,714,597,2,1
596,716,621,3,0
596,717,621,3,0
596,721,621,3,0
597,637,622,3,0
597,663,598,2,1
597,712,598,2,1
597,714,572,0,3
598,637,597,1,2
598,663,599,2,1
598,714,573,0,3
598,717,597,1,2
599,637,598,1,2
599,663,575,2,3
599,714,574,0,3
599,717,598,1,2
600,632,624,3,2
600,714,575,0,2
600,717,624,3,2
601,714,576,0,3
605,714,580,0,3
606,632,605,1,2
606,637,607,2,1
606,663,581,0,3
606,714,581,0,3
606,717,607,2,1
607,632,606,1,2
607,637,608,2,1
607,663,582,0,3
607,714,582,0,3
607,717,608,2,1
608,637,609,2,1
608,663,583,0,3
608,714,583,0,3
608,717,609,2,1
609,637,9,3,3
609,663,584,0,3
609,714,584,0,3
610,637,10,3,3
610,714,609,1,2
610,717,10,3,3
611,637,11,3,3
611,714,610,1,2
611,717,11,3,3
612,632,613,2,1
612,637,12,3,3
612,714,611,1,2
612,717,12,3,3
613,714,612,1,2
613,717,13,3,3
618,714,619,2,1
618,717,18,3,3
619,637,618,1,2
619,714,620,2,1
619,717,19,3,3
620,636,20,3,3
620,637,20,3,3
620,644,20,3,3
620,702,20,3,3
620,714,621,2,1
620,717,20,3,3
621,637,21,3,3
621,638,596,0,3
621,646,21,3,3
621,655,21,3,3
621,664,21,3,3
621,672,21,3,3
621,692,21,3,3
621,694,21,3,3
621,701,21,3,3
621,706,21,3,3
621,714,622,2,1
621,716,21,3,3
621,717,21,3,3
621,721,21,3,3
622,637,22,3,3
622,663,597,0,3
622,712,623,2,1
622,714,597,0,3
623,637,622,1,2
623,663,598,0,3
623,714,598,0,3
623,717,622,1,2
624,637,623,1,2
624,663,599,0,3
624,714,599,0,3
624,717,623,1,2
625,626,364,0,4
625,627,364,0,4
625,628,364,0,4
625,629,364,0,4
625,630,364,0,4
625,631,364,0,4
625,632,364,0,4
625,633,364,0,4
625,634,364,0,4
625,635,364,0,4
625,636,364,0,4
625,637,364,0,4
625,638,364,0,4
625,639,364,0,4
625,640,364,0,4
625,641,364,0,4
625,642,364,0,4
625,643,364,0,4
625,644,364,0,4
625,645,364,0,4
625,646,364,0,4
625,647,364,0,4
625,648,364,0,4
625,649,364,0,4
625,650,364,0,4
625,651,364,0,4
625,652,364,0,4
625,653,364,0,4
625,654,364,0,4
625,655,364,0,4
625,656,364,0,4
625,657,364,0,4
625,658,364,0,4
625,659,364,0,4
625,660,364,0,4
625,661,364,0,4
625,662,364,0,4
625,663,364,0,4
625,664,364,0,4
625,665,364,0,4
625,666,364,0,4
625,667,364,0,4
625,668,364,0,4
625,669,364,0,4
625,670,364,0,4
625,671,364,0,4
625,672,364,0,4
625,673,364,0,4
625,674,364,0,4
625,675,364,0,4
625,676,364,0,4
625,677,364,0,4
625,678,364,0,4
625,679,364,0,4
625,680,364,0,4
625,681,364,0,4
625,682,364,0,4
625,683,364,0,4
625,684,364,0,4
625,685,364,0,4
625,686,364,0,4
625,687,364,0,4
625,688,364,0,4
625,689,364,0,4
625,690,364,0,4
625,691,364,0,4
625,692,364,0,4
625,693,364,0,4
625,694,364,0,4
625,695,364,0,4
625,696,364,0,4
625,697,364,0,4
625,698,364,0,4
625,699,364,0,4
625,700,364,0,4
625,701,364,0,4
625,702,364,0,4
625,703,364,0,4
625,704,364,0,4
625,705,364,0,4
625,706,364,0,4
625,707,364,0,4
625,708,364,0,4
625,709,364,0,4
625,710,364,0,4
625,711,364,0,4
625,712,364,0,4
625,713,364,0,4
625,714,364,0,4
625,715,364,0,4
625,716,364,0,4
625,717,364,0,4
625,718,364,0,4
625,719,364,0,4
625,720,364,0,4
625,721,364,0,4
625,722,364,0,4
625,723,364,0,4
625,724,364,0,4
632,625,549,0,11
632,626,549,0,11
632,627,549,0,11
632,628,549,0,11
632,629,549,0,11
632,630,549,0,11
632,631,549,0,11
632,633,549,0,11
632,634,549,0,11
632,635,549,0,11
632,636,549,0,11
632,637,549,0,11
632,638,549,0,11
632,639,549,0,11
632,640,549,0,11
632,641,549,0,11
632,642,549,0,11
632,643,549,0,11
632,644,549,0,11
632,645,549,0,11
632,646,549,0,11
632,647,549,0,11
632,648,549,0,11
632,649,549,0,11
632,650,549,0,11
632,651,549,0,11
632,652,549,0,11
632,653,549,0,11
632,654,549,0,11
632,655,549,0,11
632,656,549,0,11
632,657,549,0,11
632,658,549,0,11
632,659,549,0,11
632,660,549,0,11
632,661,549,0,11
632,662,549,0,11
632,663,549,0,11
632,664,549,0,11
632,665,549,0,11
632,666,549,0,11
632,667,549,0,11
632,668,549,0,11
632,669,549,0,11
632,670,549,0,11
632,671,549,0,11
632,672,549,0,11
632,673,549,0,11
632,674,549,0,11
632,675,549,0,11
632,676,549,0,11
632,677,549,0,11
632,678,549,0,11
632,679,549,0,11
632,680,549,0,11
632,681,549,0,11
632,682,549,0,11
632,683,549,0,11
632,684,549,0,11
632,685,549,0,11
632,686,549,0,11
632,687,549,0,11
632,688,549,0,11
632,689,549,0,11
632,690,549,0,11
632,691,549,0,11
632,692,549,0,11
632,693,549,0,11
632,694,549,0,11
632,695,549,0,11
632,696,549,0,11
632,697,549,0,11
632,698,549,0,11
632,699,549,0,11
632,700,549,0,11
632,701,549,0,11
632,702,549,0,11
632,703,549,0,11
632,704,549,0,11
632,705,549,0,11
632,706,549,0,11
632,707,549,0,11
632,708,549,0,11
632,709,549,0,11
632,710,549,0,11
632,711,549,0,11
632,712,549,0,11
632,713,549,0,11
632,714,549,0,11
632,715,549,0,11
632,716,549,0,11
632,717,549,0,11
632,718,549,0,11
632,719,549,0,11
632,720,549,0,11
632,721,549,0,11
632,722,549,0,11
632,723,549,0,11
632,724,549,0,11
637,625,212,0,16
637,626,212,0,16
637,627,212,0,16
637,628,212,0,16
637,629,212,0,16
637,630,212,0,16
637,631,212,0,16
637,632,212,0,16
637,633,212,0,16
637,634,212,0,16
637,635,212,0,16
637,636,212,0,16
637,638,212,0,16
637,639,212,0,16
637,640,212,0,16
637,641,212,0,16
637,642,212,0,16
637,643,212,0,16
637,644,212,0,16
637,645,212,0,16
637,646,212,0,16
637,647,212,0,16
637,648,212,0,16
637,649,212,0,16
637,650,212,0,16
637,651,212,0,16
637,652,212,0,16
637,653,212,0,16
637,654,212,0,16
637,655,212,0,16
637,656,212,0,16
637,657,212,0,16
637,658,212,0,16
637,659,212,0,16
637,660,212,0,16
637,661,212,0,16
637,662,212,0,16
637,663,212,0,16
637,664,212,0,16
637,665,212,0,16
637,666,212,0,16
637,667,212,0,16
637,668,212,0,16
637,669,212,0,16
637,670,212,0,16
637,671,212,0,16
637,672,212,0,16
637,673,212,0,16
637,674,212,0,16
637,675,212,0,16
637,676,212,0,16
637,677,212,0,16
637,678,212,0,16
637,679,212,0,16
637,680,212,0,16
637,681,212,0,16
637,682,212,0,16
637,683,212,0,16
637,684,212,0,16
637,685,212,0,16
637,686,212,0,16
637,687,212,0,16
637,688,212,0,16
637,689,212,0,16
637,690,212,0,16
637,691,212,0,16
637,692,212,0,16
637,693,212,0,16
637,694,212,0,16
637,695,212,0,16
637,696,212,0,16
637,697,212,0,16
637,698,212,0,16
637,699,212,0,16
637,700,212,0,16
637,701,212,0,16
637,702,212,0,16
637,703,212,0,16
637,704,212,0,16
637,705,212,0,16
637,706,212,0,16
637,707,212,0,16
637,708,212,0,16
637,709,212,0,16
637,710,212,0,16
637,711,212,0,16
637,712,212,0,16
637,713,212,0,16
637,714,212,0,16
637,715,212,0,16
637,716,212,0,16
637,717,212,0,16
637,718,212,0,16
637,719,212,0,16
637,720,212,0,16
637,721,212,0,16
637,722,212,0,16
637,723,212,0,16
637,724,212,0,16
658,625,387,0,37
658,626,387,0,37
658,627,387,0,37
658,628,387,0,37
658,629,387,0,37
658,630,387,0,37
658,631,387,0,37
658,632,387,0,37
658,633,387,0,37
658,634,387,0,37
658,635,387,0,37
658,636,387,0,37
658,637,387,0,37
658,638,387,0,37
658,639,387,0,37
658,640,387,0,37
658,641,387,0,37
658,642,387,0,37
658,643,387,0,37
658,644,387,0,37
658,645,387,0,37
658,646,387,0,37
658,647,387,0,37
658,648,387,0,37
658,649,387,0,37
658,650,387,0,37
658,651,387,0,37
658,652,387,0,37
658,653,387,0,37
658,654,387,0,37
658,655,387,0,37
658,656,387,0,37
658,657,387,0,37
658,659,387,0,37
658,660,387,0,37
658,661,387,0,37
658,662,387,0,37
658,663,387,0,37
658,664,387,0,37
658,665,387,0,37
658,666,387,0,37
658,667,387,0,37
658,668,387,0,37
658,669,387,0,37
658,670,387,0,37
658,671,387,0,37
658,672,387,0,37
658,673,387,0,37
658,674,387,0,37
658,675,387,0,37
658,676,387,0,37
658,677,387,0,37
658,678,387,0,37
658,679,387,0,37
658,680,387,0,37
658,681,387,0,37
658,682,387,0,37
658,683,387,0,37
658,684,387,0,37
658,685,387,0,37
658,686,387,0,37
658,687,387,0,37
658,688,387,0,37
658,689,387,0,37
658,690,387,0,37
658,691,387,0,37
658,692,387,0,37
658,693,387,0,37
658,694,387,0,37
658,695,387,0,37
658,696,387,0,37
658,697,387,0,37
658,698,387,0,37
658,699,387,0,37
658,700,387,0,37
658,701,387,0,37
658,702,387,0,37
658,703,387,0,37
658,704,387,0,37
658,705,387,0,37
658,706,387,0,37
658,707,387,0,37
658,708,387,0,37
658,709,387,0,37
658,710,387,0,37
658,711,387,0,37
658,712,387,0,37
658,713,387,0,37
658,714,387,0,37
658,715,387,0,37
658,716,387,0,37
658,717,387,0,37
658,718,387,0,37
658,719,387,0,37
658,720,387,0,37
658,721,387,0,37
658,722,387,0,37
658,723,387,0,37
658,724,387,0,37
663,625,581,0,42
663,626,581,0,42
663,627,581,0,42
663,628,581,0,42
663,629,581,0,42
663,630,581,0,42
663,631,581,0,42
663,632,581,0,42
663,633,581,0,42
663,634,581,0,42
663,635,581,0,42
663,636,581,0,42
663,637,581,0,42
663,638,581,0,42
663,639,581,0,42
663,640,581,0,42
663,641,581,0,42
663,642,581,0,42
663,643,581,0,42
663,644,581,0,42
663,645,581,0,42
663,646,581,0,42
663,647,581,0,42
663,648,581,0,42
663,649,581,0,42
663,650,581,0,42
663,651,581,0,42
663,652,581,0,42
663,653,581,0,42
663,654,581,0,42
663,655,581,0,42
663,656,581,0,42
663,657,581,0,42
663,658,581,0,42
663,659,581,0,42
663,660,581,0,42
663,661,581,0,42
663,662,581,0,42
663,664,581,0,42
663,665,581,0,42
663,666,581,0,42
663,667,581,0,42
663,668,581,0,42
663,669,581,0,42
663,670,581,0,42
663,671,581,0,42
663,672,581,0,42
663,673,581,0,42
663,674,581,0,42
663,675,581,0,42
663,676,581,0,42
663,677,581,0,42
663,678,581,0,42
663,679,581,0,42
663,680,581,0,42
663,681,581,0,42
663,682,581,0,42
663,683,581,0,42
663,684,581,0,42
663,685,581,0,42
663,686,581,0,42
663,687,581,0,42
663,688,581,0,42
663,689,581,0,42
663,690,581,0,42
663,691,581,0,42
663,692,581,0,42
663,693,581,0,42
663,694,581,0,42
663,695,581,0,42
663,696,581,0,42
663,697,581,0,42
663,698,581,0,42
663,699,581,0,42
663,700,581,0,42
663,701,581,0,42
663,702,581,0,42
663,703,581,0,42
663,704,581,0,42
663,705,581,0,42
663,706,581,0,42
663,707,581,0,42
663,708,581,0,42
663,709,581,0,42
663,710,581,0,42
663,711,581,0,42
663,712,581,0,42
663,713,581,0,42
663,714,581,0,42
663,715,581,0,42
663,716,581,0,42
663,717,581,0,42
663,718,581,0,42
663,719,581,0,42
663,720,581,0,42
663,721,581,0,42
663,722,581,0,42
663,723,581,0,42
663,724,581,0,42
672,625,135,0,51
672,626,135,0,51
672,627,135,0,51
672,628,135,0,51
672,629,135,0,51
672,630,135,0,51
672,631,135,0,51
672,632,135,0,51
672,633,135,0,51
672,634,135,0,51
672,635,135,0,51
672,636,135,0,51
672,637,135,0,51
672,638,135,0,51
672,639,135,0,51
672,640,135,0,51
672,641,135,0,51
672,642,135,0,51
672,643,135,0,51
672,644,135,0,51
672,645,135,0,51
672,646,135,0,51
672,647,135,0,51
672,648,135,0,51
672,649,135,0,51
672,650,135,0,51
672,651,135,0,51
672,652,135,0,51
672,653,135,0,51
672,654,135,0,51
672,655,135,0,51
672,656,135,0,51
672,657,135,0,51
672,658,135,0,51
672,659,135,0,51
672,660,135,0,51
672,661,135,0,51
672,662,135,0,51
672,663,135,0,51
672,664,135,0,51
672,665,135,0,51
672,666,135,0,51
672,667,135,0,51
672,668,135,0,51
672,669,135,0,51
672,670,135,0,51
672,671,135,0,51
672,673,135,0,51
672,674,135,0,51
672,675,135,0,51
672,676,135,0,51
672,677,135,0,51
672,678,135,0,51
672,679,135,0,51
672,680,135,0,51
672,681,135,0,51
672,682,135,0,51
672,683,135,0,51
672,684,135,0,51
672,685,135,0,51
672,686,135,0,51
672,687,135,0,51
672,688,135,0,51
672,689,135,0,51
672,690,135,0,51
672,691,135,0,51
672,692,135,0,51
672,693,135,0,51
672,694,135,0,51
672,695,135,0,51
672,696,135,0,51
672,697,135,0,51
672,698,135,0,51
672,699,135,0,51
672,700,135,0,51
672,701,135,0,51
672,702,135,0,51
672,703,135,0,51
672,704,135,0,51
672,705,135,0,51
672,706,135,0,51
672,707,135,0,51
672,708,135,0,51
672,709,135,0,51
672,710,135,0,51
672,711,135,0,51
672,712,135,0,51
672,713,135,0,51
672,714,135,0,51
672,715,135,0,51
672,716,135,0,51
672,717,135,0,51
672,718,135,0,51
672,719,135,0,51
672,720,135,0,51
672,721,135,0,51
672,722,135,0,51
672,723,135,0,51
672,724,135,0,51
711,625,390,0,90
711,626,390,0,90
711,627,390,0,90
711,628,390,0,90
711,629,390,0,90
711,630,390,0,90
711,631,390,0,90
711,632,390,0,90
711,633,390,0,90
711,634,390,0,90
711,635,390,0,90
711,636,390,0,90
711,637,390,0,90
711,638,390,0,90
711,639,390,0,90
711,640,390,0,90
711,641,390,0,90
711,642,390,0,90
711,643,390,0,90
711,644,390,0,90
711,645,390,0,90
711,646,390,0,90
711,647,390,0,90
711,648,390,0,90
711,649,390,0,90
711,650,390,0,90
711,651,390,0,90
711,652,390,0,90
711,653,390,0,90
711,654,390,0,90
711,655,390,0,90
711,656,390,0,90
711,657,390,0,90
711,658,390,0,90
711,659,390,0,90
711,660,390,0,90
711,661,390,0,90
711,662,390,0,90
711,663,390,0,90
711,664,390,0,90
711,665,390,0,90
711,666,390,0,90
711,667,390,0,90
711,668,390,0,90
711,669,390,0,90
711,670,390,0,90
711,671,390,0,90
711,672,390,0,90
711,673,390,0,90
711,674,390,0,90
711,675,390,0,90
711,676,390,0,90
711,677,390,0,90
711,678,390,0,90
711,679,390,0,90
711,680,390,0,90
711,681,390,0,90
711,682,390,0,90
711,683,390,0,90
711,684,390,0,90
711,685,390,0,90
711,686,390,0,90
711,687,390,0,90
711,688,390,0,90
711,689,390,0,90
711,690,390,0,90
711,691,390,0,90
711,692,390,0,90
711,693,390,0,90
711,694,390,0,90
711,695,390,0,90
711,696,390,0,90
711,697,390,0,90
711,698,390,0,90
711,699,390,0,90
711,700,390,0,90
711,701,390,0,90
711,702,390,0,90
711,703,390,0,90
711,704,390,0,90
711,705,390,0,90
711,706,390,0,90
711,707,390,0,90
711,708,390,0,90
711,709,390,0,90
711,710,390,0,90
711,712,390,0,90
711,713,390,0,90
711,714,390,0,90
711,715,390,0,90
711,716,390,0,90
711,717,390,0,90
711,718,390,0,90
711,719,390,0,90
711,720,390,0,90
711,721,390,0,90
711,722,390,0,90
711,723,390,0,90
711,724,390,0,90
714,625,501,0,93
714,626,501,0,93
714,627,501,0,93
714,628,501,0,93
714,629,501,0,93
714,630,501,0,93
714,631,501,0,93
714,632,501,0,93
714,633,501,0,93
714,634,501,0,93
714,635,501,0,93
714,636,501,0,93
714,637,501,0,93
714,638,501,0,93
714,639,501,0,93
714,640,501,0,93
714,641,501,0,93
714,642,501,0,93
714,643,501,0,93
714,644,501,0,93
714,645,501,0,93
714,646,501,0,93
714,647,501,0,93
714,648,501,0,93
714,649,501,0,93
714,650,501,0,93
714,651,501,0,93
714,652,501,0,93
714,653,501,0,93
714,654,501,0,93
714,655,501,0,93
714,656,501,0,93
714,657,501,0,93
714,658,501,0,93
714,659,501,0,93
714,660,501,0,93
714,661,501,0,93
714,662,501,0,93
714,663,501,0,93
714,664,501,0,93
714,665,501,0,93
714,666,501,0,93
714,667,501,0,93
714,668,501,0,93
714,669,501,0,93
714,670,501,0,93
714,671,501,0,93
714,672,501,0,93
714,673,501,0,93
714,674,501,0,93
714,675,501,0,93
714,676,501,0,93
714,677,501,0,93
714,678,501,0,93
714,679,501,0,93
714,680,501,0,93
714,681,501,0,93
714,682,501,0,93
714,683,501,0,93
714,684,501,0,93
714,685,501,0,93
714,686,501,0,93
714,687,501,0,93
714,688,501,0,93
714,689,501,0,93
714,690,501,0,93
714,691,501,0,93
714,692,501,0,93
714,693,501,0,93
714,694,501,0,93
714,695,501,0,93
714,696,501,0,93
714,697,501,0,93
714,698,501,0,93
714,699,501,0,93
714,700,501,0,93
714,701,501,0,93
714,702,501,0,93
714,703,501,0,93
714,704,501,0,93
714,705,501,0,93
714,706,501,0,93
714,707,501,0,93
714,708,501,0,93
714,709,501,0,93
714,710,501,0,93
714,711,501,0,93
714,712,501,0,93
714,713,501,0,93
714,715,501,0,93
714,716,501,0,93
714,717,501,0,93
714,718,501,0,93
714,719,501,0,93
714,720,501,0,93
714,721,501,0,93
714,722,501,0,93
714,723,501,0,93
714,724,501,0,93
717,625,38,0,96
717,626,38,0,96
717,627,38,0,96
717,628,38,0,96
717,629,38,0,96
717,630,38,0,96
717,631,38,0,96
717,632,38,0,96
717,633,38,0,96
717,634,38,0,96
717,635,38,0,96
717,636,38,0,96
717,637,38,0,96
717,638,38,0,96
717,639,38,0,96
717,640,38,0,96
717,641,38,0,96
717,642,38,0,96
717,643,38,0,96
717,644,38,0,96
717,645,38,0,96
717,646,38,0,96
717,647,38,0,96
717,648,38,0,96
717,649,38,0,96
717,650,38,0,96
717,651,38,0,96
717,652,38,0,96
717,653,38,0,96
717,654,38,0,96
717,655,38,0,96
717,656,38,0,96
717,657,38,0,96
717,658,38,0,96
717,659,38,0,96
717,660,38,0,96
717,661,38,0,96
717,662,38,0,96
717,663,38,0,96
717,664,38,0,96
717,665,38,0,96
717,666,38,0,96
717,667,38,0,96
717,668,38,0,96
717,669,38,0,96
717,670,38,0,96
717,671,38,0,96
717,672,38,0,96
717,673,38,0,96
717,674,38,0,96
717,675,38,0,96
717,676,38,0,96
717,677,38,0,96
717,678,38,0,96
717,679,38,0,96
717,680,38,0,96
717,681,38,0,96
717,682,38,0,96
717,683,38,0,96
717,684,38,0,96
717,685,38,0,96
717,686,38,0,96
717,687,38,0,96
717,688,38,0,96
717,689,38,0,96
717,690,38,0,96
717,691,38,0,96
717,692,38,0,96
717,693,38,0,96
717,694,38,0,96
717,695,38,0,96
717,696,38,0,96
717,697,38,0,96
717,698,38,0,96
717,699,38,0,96
717,700,38,0,96
717,701,38,0,96
717,702,38,0,96
717,703,38,0,96
717,704,38,0,96
717,705,38,0,96
717,706,38,0,96
717,707,38,0,96
717,708,38,0,96
717,709,38,0,96
717,710,38,0,96
717,711,38,0,96
717,712,38,0,96
717,713,38,0,96
717,714,38,0,96
717,715,38,0,96
717,716,38,0,96
717,718,38,0,96
717,719,38,0,96
717,720,38,0,96
717,721,38,0,96
717,722,38,0,96
717,723,38,0,96
717,724,38,0,96
