0,653,24,2,1
0,685,600,3,2
0,704,600,3,2
0,711,25,1,0
0,718,24,2,1
1,653,0,0,0
1,704,601,3,3
1,711,26,2,0
1,718,0,0,0
2,653,1,0,1
2,704,602,3,3
2,711,27,2,0
2,713,27,2,0
3,653,2,0,1
3,711,28,2,0
4,711,29,2,0
5,653,6,1,0
5,711,30,2,0
6,653,7,1,0
6,704,606,3,3
6,711,31,2,0
6,713,31,2,0
7,653,8,1,0
7,704,607,3,3
7,711,32,2,0
7,718,8,1,0
8,653,9,1,0
8,685,608,3,3
8,704,608,3,3
8,711,33,2,0
8,718,9,1,0
9,653,10,1,0
9,685,609,3,3
9,704,609,3,3
9,711,34,2,0
9,718,10,1,0
10,653,610,3,3
10,685,610,3,3
10,704,610,3,3
10,711,35,2,0
11,653,611,3,3
11,685,10,0,1
11,704,10,0,1
11,711,10,0,1
11,718,36,2,0
12,638,11,0,1
12,653,612,3,3
12,685,11,0,1
12,704,11,0,1
12,711,11,0,1
12,718,37,2,0
13,653,613,3,3
13,704,12,0,1
13,711,12,0,1
13,718,38,2,0
14,653,614,3,3
14,704,13,0,1
14,711,13,0,1
14,718,39,2,0
15,653,615,3,3
15,704,14,0,1
15,711,14,0,1
16,653,616,3,3
16,711,15,0,1
17,711,18,1,0
18,653,618,3,3
18,711,19,1,0
19,653,619,3,3
19,704,20,1,0
19,711,20,1,0
19,713,20,1,0
20,653,620,3,3
20,704,21,1,0
20,711,21,1,0
20,718,45,2,0
21,653,621,3,3
21,685,22,1,0
21,704,22,1,0
21,711,22,1,0
21,718,46,2,0
22,638,21,0,1
22,653,622,3,3
22,685,23,1,0
22,704,23,1,0
22,711,23,1,0
22,718,47,2,0
23,653,623,3,3
23,655,24,1,0
23,685,623,3,3
23,704,623,3,3
23,711,48,2,0
23,712,24,1,0
24,638,0,1,2
24,653,23,0,1
24,685,624,3,3
24,704,624,3,3
24,711,49,2,0
24,718,23,0,1
25,653,49,3,2
25,685,0,0,1
25,704,0,0,1
25,711,50,2,0
25,718,49,3,2
26,653,25,1,1
26,704,1,0,2
26,711,51,3,0
26,718,25,1,1
27,653,26,1,2
27,704,2,0,2
27,711,52,3,0
27,713,52,3,0
28,653,27,1,2
28,711,53,3,0
29,711,54,3,0
30,653,31,2,1
30,711,55,3,0
31,653,32,2,1
31,704,6,0,2
31,711,56,3,0
31,713,56,3,0
32,653,33,2,1
32,704,7,0,2
32,711,57,3,0
32,718,33,2,1
33,653,34,2,1
33,685,8,0,2
33,704,8,0,2
33,711,58,3,0
33,718,34,2,1
34,653,35,2,1
34,685,9,0,2
34,704,9,0,2
34,711,59,3,0
34,718,35,2,1
35,653,10,0,2
35,685,10,0,2
35,704,10,0,2
35,711,60,3,0
36,653,11,0,2
36,685,35,1,2
36,704,35,1,2
36,711,35,1,2
36,718,61,3,0
37,638,36,1,2
37,653,12,0,2
37,685,36,1,2
37,704,36,1,2
37,711,36,1,2
37,718,62,3,0
38,653,13,0,2
38,704,37,1,2
38,711,37,1,2
38,718,63,3,0
39,653,14,0,2
39,704,38,1,2
39,711,38,1,2
39,718,64,3,0
40,653,15,0,2
40,704,39,1,2
40,711,39,1,2
41,653,16,0,2
41,711,40,1,2
42,711,43,2,1
43,653,18,0,2
43,711,44,2,1
44,653,19,0,2
44,704,45,2,1
44,711,45,2,1
44,713,45,2,1
45,653,20,0,2
45,704,46,2,1
45,711,46,2,1
45,718,70,3,0
46,653,21,0,2
46,685,47,2,1
46,704,47,2,1
46,711,47,2,1
46,718,71,3,0
47,638,46,1,2
47,653,22,0,2
47,685,48,2,1
47,704,48,2,1
47,711,48,2,1
47,718,72,3,0
48,653,23,0,2
48,655,49,2,1
48,685,23,0,2
48,704,23,0,2
48,711,73,3,0
48,712,49,2,1
49,638,25,2,3
49,653,48,1,2
49,685,24,0,2
49,704,24,0,2
49,711,74,3,0
49,718,48,1,2
50,653,74,3,2
50,685,75,2,0
50,704,75,2,0
50,711,75,2,0
50,718,74,3,2
51,653,50,1,1
51,704,76,3,0
51,711,76,3,0
51,718,50,1,1
52,653,51,1,2
52,704,77,3,0
52,711,77,3,0
52,713,77,3,0
53,653,52,1,2
53,711,78,3,0
54,711,79,3,0
55,653,56,2,1
55,711,80,3,0
56,653,57,2,1
56,704,81,3,0
56,711,81,3,0
56,713,81,3,0
57,653,58,2,1
57,704,82,3,0
57,711,82,3,0
57,718,58,2,1
58,653,59,2,1
58,685,83,3,0
58,704,83,3,0
58,711,83,3,0
58,718,59,2,1
59,653,60,2,1
59,685,84,3,0
59,704,84,3,0
59,711,84,3,0
59,718,60,2,1
60,653,35,0,3
60,711,85,3,0
60,718,61,2,1
61,653,36,0,3
61,685,60,1,2
61,704,60,1,2
61,711,60,1,2
61,718,62,2,1
62,638,61,1,2
62,653,37,0,3
62,685,61,1,2
62,704,61,1,2
62,711,61,1,2
62,718,63,2,1
63,653,38,0,3
63,704,62,1,2
63,711,62,1,2
63,718,64,2,1
64,653,39,0,3
64,704,63,1,2
64,711,63,1,2
64,718,718,97,0
65,653,40,0,3
65,704,64,1,2
65,711,64,1,2
66,653,41,0,3
66,711,65,1,2
67,711,68,2,1
68,653,43,0,3
68,711,69,2,1
69,653,44,0,3
69,704,70,2,1
69,711,70,2,1
69,713,70,2,1
70,653,45,0,3
70,704,71,2,1
70,711,71,2,1
70,718,69,1,2
71,653,46,0,3
71,685,72,2,1
71,704,72,2,1
71,711,72,2,1
71,718,70,1,2
72,638,71,1,2
72,653,47,0,3
72,685,73,2,1
72,704,73,2,1
72,711,73,2,1
72,718,71,1,2
73,653,48,0,3
73,655,74,2,1
73,711,98,3,0
73,712,74,2,1
73,718,72,1,2
74,638,50,2,3
74,653,73,1,2
74,685,99,3,0
74,704,99,3,0
74,711,99,3,0
74,718,73,1,2
75,653,99,3,2
75,685,100,2,0
75,704,100,2,0
75,711,76,1,1
75,718,99,3,2
76,653,75,1,1
76,704,101,3,0
76,711,77,2,1
76,718,75,1,1
77,653,76,1,2
77,704,102,3,0
77,711,78,2,1
77,713,102,3,0
78,653,77,1,2
78,711,79,2,1
79,711,711,90,0
80,653,81,2,1
80,711,79,1,2
81,653,82,2,1
81,704,106,3,0
81,711,80,1,2
81,713,106,3,0
82,653,83,2,1
82,704,107,3,0
82,711,81,1,2
82,718,83,2,1
83,653,84,2,1
83,685,108,3,0
83,704,108,3,0
83,711,82,1,2
83,718,84,2,1
84,653,85,2,1
84,685,109,3,0
84,704,109,3,0
84,711,83,1,2
84,718,85,2,1
85,653,60,0,3
85,711,84,1,2
85,718,60,0,3
86,653,61,0,3
86,685,85,1,2
86,704,85,1,2
86,711,85,1,2
86,718,61,0,3
87,638,86,1,2
87,653,62,0,3
87,685,86,1,2
87,704,86,1,2
87,711,86,1,2
87,718,62,0,3
88,653,63,0,3
88,704,87,1,2
88,711,87,1,2
88,718,63,0,3
89,653,64,0,3
89,704,88,1,2
89,711,88,1,2
89,718,64,0,3
90,653,65,0,3
90,704,89,1,2
90,711,89,1,2
91,653,66,0,3
91,711,90,1,2
92,711,93,2,1
93,653,68,0,3
93,711,94,2,1
94,653,69,0,3
94,704,95,2,1
94,711,95,2,1
94,713,95,2,1
95,653,70,0,3
95,704,96,2,1
95,711,96,2,1
95,718,70,0,3
96,653,71,0,3
96,685,97,2,1
96,704,97,2,1
96,711,97,2,1
96,718,71,0,3
97,638,96,1,2
97,653,72,0,3
97,685,98,2,1
97,704,98,2,1
97,711,98,2,1
97,718,72,0,3
98,653,73,0,3
98,711,99,2,1
98,712,99,2,1
98,718,73,0,3
99,638,75,2,3
99,653,98,1,2
99,685,124,3,0
99,704,124,3,0
99,711,75,2,3
99,718,98,1,2
100,653,124,3,2
100,685,125,2,0
100,704,125,2,0
100,711,75,0,2
100,718,124,3,2
101,653,100,1,1
101,704,126,3,0
101,711,76,0,3
101,718,100,1,1
102,653,101,1,2
102,704,127,3,0
102,711,77,0,3
102,713,127,3,0
103,653,102,1,2
103,711,78,0,3
104,711,79,0,3
105,653,106,2,1
105,711,80,0,3
106,653,107,2,1
106,704,131,3,0
106,711,81,0,3
106,713,131,3,0
107,653,108,2,1
107,704,132,3,0
107,711,82,0,3
107,718,108,2,1
108,653,109,2,1
108,685,133,3,0
108,704,133,3,0
108,711,83,0,3
108,718,109,2,1
109,653,110,2,1
109,685,134,3,0
109,704,134,3,0
109,711,84,0,3
109,718,110,2,1
110,638,85,0,3
110,653,85,0,3
110,704,135,3,0
110,711,85,0,3
110,718,85,0,3
111,638,86,0,3
111,653,86,0,3
111,685,110,1,2
111,704,110,1,2
111,711,110,1,2
111,718,86,0,3
112,638,111,1,2
112,653,87,0,3
112,685,111,1,2
112,704,111,1,2
112,711,111,1,2
112,718,87,0,3
113,653,88,0,3
113,704,112,1,2
113,711,112,1,2
113,718,88,0,3
114,653,89,0,3
114,704,113,1,2
114,711,113,1,2
114,718,89,0,3
115,653,90,0,3
115,704,114,1,2
115,711,114,1,2
116,653,91,0,3
116,711,115,1,2
117,711,118,2,1
118,653,93,0,3
118,711,119,2,1
119,653,94,0,3
119,704,120,2,1
119,711,120,2,1
119,713,120,2,1
120,653,95,0,3
120,704,121,2,1
120,711,121,2,1
120,718,95,0,3
121,653,96,0,3
121,685,122,2,1
121,704,122,2,1
121,711,122,2,1
121,718,96,0,3
122,638,121,1,2
122,653,97,0,3
122,685,123,2,1
122,704,123,2,1
122,711,123,2,1
122,718,97,0,3
123,638,98,0,3
123,653,98,0,3
123,655,124,2,1
123,704,148,3,0
123,711,98,0,3
123,712,124,2,1
123,718,98,0,3
124,638,100,2,3
124,653,123,1,2
124,685,149,3,0
124,704,149,3,0
124,711,99,0,3
124,718,123,1,2
125,653,149,3,2
125,685,150,2,0
125,704,150,2,0
125,711,100,0,2
125,718,149,3,2
126,653,125,1,1
126,704,151,3,0
126,711,101,0,3
126,718,125,1,1
127,653,126,1,2
127,704,152,3,0
127,711,102,0,3
127,713,152,3,0
128,653,127,1,2
128,711,103,0,3
129,711,104,0,3
130,653,131,2,1
130,711,105,0,3
131,653,132,2,1
131,704,156,3,0
131,711,106,0,3
131,713,156,3,0
132,653,133,2,1
132,704,157,3,0
132,711,107,0,3
132,718,133,2,1
133,653,134,2,1
133,685,158,3,0
133,704,158,3,0
133,711,108,0,3
133,718,134,2,1
134,653,135,2,1
134,685,159,3,0
134,704,159,3,0
134,711,109,0,3
134,718,135,2,1
135,653,110,0,3
135,704,160,3,0
135,711,110,0,3
135,718,110,0,3
136,653,111,0,3
136,685,135,1,2
136,704,135,1,2
136,711,135,1,2
136,718,111,0,3
137,638,136,1,2
137,653,112,0,3
137,685,136,1,2
137,704,136,1,2
137,711,136,1,2
137,718,112,0,3
138,653,113,0,3
138,704,137,1,2
138,711,137,1,2
138,718,113,0,3
139,653,114,0,3
139,704,138,1,2
139,711,138,1,2
139,718,114,0,3
140,653,115,0,3
140,704,139,1,2
140,711,139,1,2
141,653,116,0,3
141,711,140,1,2
142,711,143,2,1
143,653,118,0,3
143,711,144,2,1
144,653,119,0,3
144,704,145,2,1
144,711,145,2,1
144,713,145,2,1
145,653,120,0,3
145,704,146,2,1
145,711,146,2,1
145,718,120,0,3
146,653,121,0,3
146,685,147,2,1
146,704,147,2,1
146,711,147,2,1
146,718,121,0,3
147,638,146,1,2
147,653,122,0,3
147,685,148,2,1
147,704,148,2,1
147,711,148,2,1
147,718,122,0,3
148,653,123,0,3
148,655,149,2,1
148,704,173,3,0
148,711,123,0,3
148,718,123,0,3
149,638,125,2,3
149,653,148,1,2
149,685,174,3,0
149,704,174,3,0
149,711,124,0,3
149,718,148,1,2
150,653,174,3,2
150,685,175,2,0
150,704,175,2,0
150,711,125,0,2
150,718,174,3,2
151,653,150,1,1
151,704,176,3,0
151,711,126,0,3
151,718,150,1,1
152,653,151,1,2
152,704,177,3,0
152,711,127,0,3
152,713,177,3,0
153,653,152,1,2
153,711,128,0,3
154,711,129,0,3
155,653,156,2,1
155,711,130,0,3
156,653,157,2,1
156,704,181,3,0
156,711,131,0,3
156,713,181,3,0
157,653,158,2,1
157,704,182,3,0
157,711,132,0,3
157,718,158,2,1
158,653,159,2,1
158,685,183,3,0
158,704,183,3,0
158,711,133,0,3
158,718,159,2,1
159,653,160,2,1
159,685,184,3,0
159,704,184,3,0
159,711,134,0,3
159,718,160,2,1
160,653,135,0,3
160,704,185,3,0
160,711,135,0,3
160,718,135,0,3
161,653,136,0,3
161,685,160,1,2
161,704,160,1,2
161,711,160,1,2
161,718,136,0,3
162,638,161,1,2
162,653,137,0,3
162,685,161,1,2
162,704,161,1,2
162,711,161,1,2
162,718,137,0,3
163,653,138,0,3
163,704,162,1,2
163,711,162,1,2
163,718,138,0,3
164,653,139,0,3
164,704,163,1,2
164,711,163,1,2
164,718,139,0,3
165,653,140,0,3
165,704,164,1,2
165,711,164,1,2
166,653,141,0,3
166,711,165,1,2
167,711,168,2,1
168,653,143,0,3
168,711,169,2,1
169,653,144,0,3
169,704,170,2,1
169,711,170,2,1
169,713,170,2,1
170,653,145,0,3
170,704,171,2,1
170,711,171,2,1
170,718,145,0,3
171,653,146,0,3
171,685,172,2,1
171,704,172,2,1
171,711,172,2,1
171,718,146,0,3
172,638,171,1,2
172,653,147,0,3
172,685,173,2,1
172,704,173,2,1
172,711,173,2,1
172,718,147,0,3
173,653,148,0,3
173,655,174,2,1
173,704,198,3,0
173,711,148,0,3
173,712,174,2,1
173,718,148,0,3
174,638,150,2,3
174,653,173,1,2
174,685,199,3,0
174,704,199,3,0
174,711,149,0,3
174,718,173,1,2
175,653,199,3,2
175,685,200,2,0
175,704,200,2,0
175,711,150,0,2
175,718,199,3,2
176,653,175,1,1
176,704,201,3,0
176,711,151,0,3
176,718,175,1,1
177,653,176,1,2
177,704,202,3,0
177,711,152,0,3
177,713,202,3,0
178,653,177,1,2
178,711,153,0,3
179,711,154,0,3
180,653,181,2,1
180,711,155,0,3
181,653,182,2,1
181,704,206,3,0
181,711,156,0,3
181,713,206,3,0
182,653,183,2,1
182,704,207,3,0
182,711,157,0,3
182,718,183,2,1
183,653,184,2,1
183,685,208,3,0
183,704,208,3,0
183,711,158,0,3
183,718,184,2,1
184,653,185,2,1
184,685,209,3,0
184,704,209,3,0
184,711,159,0,3
184,718,185,2,1
185,704,210,3,0
185,711,160,0,3
185,718,160,0,3
186,653,161,0,3
186,685,185,1,2
186,704,185,1,2
186,711,185,1,2
186,718,161,0,3
187,638,186,1,2
187,653,162,0,3
187,685,186,1,2
187,704,186,1,2
187,711,186,1,2
187,718,162,0,3
188,653,163,0,3
188,704,187,1,2
188,711,187,1,2
188,718,163,0,3
189,653,164,0,3
189,704,188,1,2
189,711,188,1,2
189,718,164,0,3
190,653,165,0,3
190,704,189,1,2
190,711,189,1,2
191,653,166,0,3
191,711,190,1,2
192,711,193,2,1
193,653,168,0,3
193,711,194,2,1
194,653,169,0,3
194,704,195,2,1
194,711,195,2,1
194,713,195,2,1
195,653,170,0,3
195,704,196,2,1
195,711,196,2,1
195,718,170,0,3
196,653,171,0,3
196,685,197,2,1
196,704,197,2,1
196,711,197,2,1
196,718,171,0,3
197,638,196,1,2
197,653,172,0,3
197,685,198,2,1
197,704,198,2,1
197,711,198,2,1
197,718,172,0,3
198,655,199,2,1
198,704,223,3,0
198,711,173,0,3
198,712,199,2,1
198,718,173,0,3
199,638,175,2,3
199,653,198,1,2
199,685,224,3,0
199,704,224,3,0
199,711,174,0,3
199,718,198,1,2
200,653,224,3,2
200,685,225,2,0
200,704,225,2,0
200,711,175,0,2
200,718,224,3,2
201,653,200,1,1
201,704,226,3,0
201,711,176,0,3
201,718,200,1,1
202,653,201,1,2
202,704,227,3,0
202,711,177,0,3
202,713,227,3,0
203,653,202,1,2
203,711,178,0,3
204,711,179,0,3
205,653,206,2,1
205,711,180,0,3
206,653,207,2,1
206,704,231,3,0
206,711,181,0,3
206,713,231,3,0
207,653,208,2,1
207,704,232,3,0
207,711,182,0,3
207,718,208,2,1
208,653,209,2,1
208,685,233,3,0
208,704,233,3,0
208,711,183,0,3
208,718,209,2,1
209,653,210,2,1
209,685,234,3,0
209,704,234,3,0
209,711,184,0,3
209,718,210,2,1
210,653,235,3,0
210,685,235,3,0
210,704,235,3,0
210,711,185,0,3
210,718,185,0,3
211,653,236,3,0
211,685,210,1,2
211,704,210,1,2
211,711,210,1,2
211,718,186,0,3
212,638,211,1,2
212,653,237,3,0
212,685,211,1,2
212,704,211,1,2
212,711,211,1,2
212,718,187,0,3
213,653,238,3,0
213,704,212,1,2
213,711,212,1,2
213,718,188,0,3
214,653,239,3,0
214,704,213,1,2
214,711,213,1,2
214,718,189,0,3
215,653,240,3,0
215,704,214,1,2
215,711,214,1,2
216,653,241,3,0
216,711,215,1,2
217,711,218,2,1
218,653,243,3,0
218,711,219,2,1
219,653,244,3,0
219,704,220,2,1
219,711,220,2,1
219,713,220,2,1
220,653,245,3,0
220,704,221,2,1
220,711,221,2,1
220,718,195,0,3
221,653,246,3,0
221,685,222,2,1
221,704,222,2,1
221,711,222,2,1
221,718,196,0,3
222,638,221,1,2
222,653,247,3,0
222,685,223,2,1
222,704,223,2,1
222,711,223,2,1
222,718,197,0,3
223,653,248,3,0
223,655,224,2,1
223,685,248,3,0
223,704,248,3,0
223,711,198,0,3
223,712,224,2,1
223,718,198,0,3
224,638,200,2,3
224,653,223,1,2
224,685,249,3,0
224,704,249,3,0
224,711,199,0,3
224,718,223,1,2
225,653,249,3,2
225,685,250,2,0
225,704,250,2,0
225,711,200,0,2
225,718,249,3,2
226,653,225,1,1
226,704,251,3,0
226,711,201,0,3
226,718,225,1,1
227,653,226,1,2
227,704,252,3,0
227,711,202,0,3
227,713,252,3,0
228,653,227,1,2
228,711,203,0,3
229,711,204,0,3
230,653,231,2,1
230,711,205,0,3
231,653,232,2,1
231,704,256,3,0
231,711,206,0,3
231,713,256,3,0
232,653,233,2,1
232,704,257,3,0
232,711,207,0,3
232,718,233,2,1
233,653,234,2,1
233,685,258,3,0
233,704,258,3,0
233,711,208,0,3
233,718,234,2,1
234,653,235,2,1
234,685,259,3,0
234,704,259,3,0
234,711,209,0,3
234,718,235,2,1
235,653,260,3,0
235,685,260,3,0
235,704,260,3,0
235,711,210,0,3
235,718,210,0,3
236,653,261,3,0
236,685,235,1,2
236,704,235,1,2
236,711,235,1,2
236,718,211,0,3
237,638,236,1,2
237,653,262,3,0
237,685,236,1,2
237,704,236,1,2
237,711,236,1,2
237,718,212,0,3
238,653,263,3,0
238,704,237,1,2
238,711,237,1,2
238,718,213,0,3
239,653,264,3,0
239,704,238,1,2
239,711,238,1,2
239,718,214,0,3
240,653,265,3,0
240,704,239,1,2
240,711,239,1,2
241,653,266,3,0
241,711,240,1,2
242,711,243,2,1
243,653,268,3,0
243,711,244,2,1
244,653,269,3,0
244,704,245,2,1
244,711,245,2,1
244,713,245,2,1
245,653,270,3,0
245,704,246,2,1
245,711,246,2,1
245,718,220,0,3
246,653,271,3,0
246,685,247,2,1
246,704,247,2,1
246,711,247,2,1
246,718,221,0,3
247,638,246,1,2
247,653,272,3,0
247,685,248,2,1
247,704,248,2,1
247,711,248,2,1
247,718,222,0,3
248,653,273,3,0
248,655,249,2,1
248,685,273,3,0
248,704,273,3,0
248,711,223,0,3
248,712,249,2,1
248,718,223,0,3
249,638,225,2,3
249,653,248,1,2
249,685,274,3,0
249,704,274,3,0
249,711,224,0,3
249,718,248,1,2
250,653,274,3,2
250,685,275,2,0
250,704,275,2,0
250,711,225,0,2
250,718,274,3,2
251,653,250,1,1
251,704,276,3,0
251,711,226,0,3
251,718,250,1,1
252,653,251,1,2
252,704,277,3,0
252,711,227,0,3
252,713,277,3,0
253,653,252,1,2
253,711,228,0,3
254,711,229,0,3
255,653,256,2,1
255,711,230,0,3
256,653,257,2,1
256,704,281,3,0
256,711,231,0,3
256,713,281,3,0
257,653,258,2,1
257,704,282,3,0
257,711,232,0,3
257,718,258,2,1
258,653,259,2,1
258,685,283,3,0
258,704,283,3,0
258,711,233,0,3
258,718,259,2,1
259,653,260,2,1
259,685,284,3,0
259,704,284,3,0
259,711,234,0,3
259,718,260,2,1
260,653,285,3,0
260,685,285,3,0
260,704,285,3,0
260,711,235,0,3
260,718,235,0,3
261,653,286,3,0
261,685,260,1,2
261,704,260,1,2
261,711,260,1,2
261,718,236,0,3
262,638,261,1,2
262,653,287,3,0
262,685,261,1,2
262,704,261,1,2
262,711,261,1,2
262,718,237,0,3
263,653,288,3,0
263,704,262,1,2
263,711,262,1,2
263,718,238,0,3
264,653,289,3,0
264,704,263,1,2
264,711,263,1,2
264,718,239,0,3
265,653,290,3,0
265,704,264,1,2
265,711,264,1,2
266,653,291,3,0
266,711,265,1,2
267,711,268,2,1
268,653,293,3,0
268,711,269,2,1
269,653,294,3,0
269,704,270,2,1
269,711,270,2,1
269,713,270,2,1
270,653,295,3,0
270,704,271,2,1
270,711,271,2,1
270,718,245,0,3
271,653,296,3,0
271,685,272,2,1
271,704,272,2,1
271,711,272,2,1
271,718,246,0,3
272,638,271,1,2
272,653,297,3,0
272,685,273,2,1
272,704,273,2,1
272,711,273,2,1
272,718,247,0,3
273,653,298,3,0
273,655,274,2,1
273,685,298,3,0
273,704,298,3,0
273,711,248,0,3
273,712,274,2,1
273,718,248,0,3
274,638,250,2,3
274,653,273,1,2
274,685,299,3,0
274,704,299,3,0
274,711,249,0,3
274,718,273,1,2
275,653,299,3,2
275,663,300,2,0
275,685,300,2,0
275,704,300,2,0
275,711,250,0,2
275,718,299,3,2
276,653,275,1,1
276,663,301,3,0
276,704,301,3,0
276,711,251,0,3
276,718,275,1,1
277,653,276,1,2
277,704,302,3,0
277,711,252,0,3
278,653,277,1,2
278,711,253,0,3
279,711,254,0,3
280,653,281,2,1
280,711,255,0,3
281,653,282,2,1
281,704,306,3,0
281,711,256,0,3
281,713,713,92,0
282,653,283,2,1
282,663,307,3,0
282,704,307,3,0
282,711,257,0,3
282,713,281,1,2
282,718,283,2,1
283,653,284,2,1
283,663,308,3,0
283,685,308,3,0
283,704,308,3,0
283,711,258,0,3
283,718,284,2,1
284,653,285,2,1
284,663,309,3,0
284,685,309,3,0
284,704,309,3,0
284,711,259,0,3
284,718,285,2,1
285,653,310,3,0
285,663,310,3,0
285,685,310,3,0
285,704,310,3,0
285,711,260,0,3
285,718,260,0,3
286,653,311,3,0
286,685,285,1,2
286,704,285,1,2
286,711,285,1,2
286,718,261,0,3
287,638,286,1,2
287,653,312,3,0
287,685,286,1,2
287,704,286,1,2
287,711,286,1,2
287,718,262,0,3
288,653,313,3,0
288,704,287,1,2
288,711,287,1,2
288,718,263,0,3
289,653,314,3,0
289,704,288,1,2
289,711,288,1,2
289,718,264,0,3
290,653,315,3,0
290,704,289,1,2
290,711,289,1,2
291,653,316,3,0
291,711,290,1,2
292,711,293,2,1
293,653,318,3,0
293,711,294,2,1
294,653,319,3,0
294,704,295,2,1
294,711,295,2,1
294,713,295,2,1
295,653,320,3,0
295,704,296,2,1
295,711,296,2,1
295,718,270,0,3
296,653,321,3,0
296,685,297,2,1
296,704,297,2,1
296,711,297,2,1
296,718,271,0,3
297,638,296,1,2
297,653,322,3,0
297,685,298,2,1
297,704,298,2,1
297,711,298,2,1
297,718,272,0,3
298,653,323,3,0
298,655,299,2,1
298,663,323,3,0
298,685,323,3,0
298,704,323,3,0
298,711,273,0,3
298,712,299,2,1
298,718,273,0,3
299,638,275,2,3
299,653,298,1,2
299,663,324,3,0
299,685,324,3,0
299,704,324,3,0
299,711,274,0,3
299,718,298,1,2
300,653,324,3,2
300,685,325,2,0
300,704,325,2,0
300,711,275,0,2
300,718,324,3,2
301,653,300,1,1
301,704,326,3,0
301,711,276,0,3
301,718,300,1,1
302,653,301,1,2
302,704,327,3,0
302,711,277,0,3
302,713,277,0,3
303,653,302,1,2
303,711,278,0,3
304,711,279,0,3
305,653,306,2,1
305,711,280,0,3
306,653,307,2,1
306,704,331,3,0
306,711,281,0,3
306,713,281,0,3
307,653,308,2,1
307,704,332,3,0
307,711,282,0,3
307,718,308,2,1
308,653,309,2,1
308,685,333,3,0
308,704,333,3,0
308,711,283,0,3
308,718,309,2,1
309,653,310,2,1
309,685,334,3,0
309,704,334,3,0
309,711,284,0,3
309,718,310,2,1
310,653,335,3,0
310,685,335,3,0
310,704,335,3,0
310,711,285,0,3
311,653,336,3,0
311,685,310,1,2
311,704,310,1,2
311,711,310,1,2
311,718,286,0,3
312,638,311,1,2
312,653,337,3,0
312,685,311,1,2
312,704,311,1,2
312,711,311,1,2
312,718,287,0,3
313,653,338,3,0
313,704,312,1,2
313,711,312,1,2
313,718,288,0,3
314,653,339,3,0
314,704,313,1,2
314,711,313,1,2
314,718,289,0,3
315,653,340,3,0
315,704,314,1,2
315,711,314,1,2
316,653,341,3,0
316,711,315,1,2
317,711,318,2,1
318,653,343,3,0
318,711,319,2,1
319,653,344,3,0
319,704,320,2,1
319,711,320,2,1
319,713,320,2,1
320,653,345,3,0
320,704,321,2,1
320,711,321,2,1
320,718,295,0,3
321,653,346,3,0
321,685,322,2,1
321,704,322,2,1
321,711,322,2,1
321,718,296,0,3
322,638,321,1,2
322,653,347,3,0
322,685,323,2,1
322,704,323,2,1
322,711,323,2,1
322,718,297,0,3
323,653,348,3,0
323,655,324,2,1
323,685,348,3,0
323,704,348,3,0
323,711,298,0,3
323,712,324,2,1
324,638,300,2,3
324,653,323,1,2
324,685,349,3,0
324,704,349,3,0
324,711,299,0,3
324,718,323,1,2
325,653,349,3,2
325,685,350,2,0
325,704,350,2,0
325,711,300,0,2
325,718,349,3,2
326,653,325,1,1
326,704,351,3,0
326,711,301,0,3
326,718,325,1,1
327,653,326,1,2
327,704,352,3,0
327,711,302,0,3
327,713,302,0,3
328,653,327,1,2
328,711,303,0,3
329,711,304,0,3
330,653,331,2,1
330,711,305,0,3
331,653,332,2,1
331,704,356,3,0
331,711,306,0,3
331,713,306,0,3
332,653,333,2,1
332,704,357,3,0
332,711,307,0,3
332,718,333,2,1
333,653,334,2,1
333,685,358,3,0
333,704,358,3,0
333,711,308,0,3
333,718,334,2,1
334,653,335,2,1
334,685,359,3,0
334,704,359,3,0
334,711,309,0,3
334,718,335,2,1
335,653,360,3,0
335,685,360,3,0
335,704,360,3,0
335,711,310,0,3
336,653,361,3,0
336,685,335,1,2
336,704,335,1,2
336,711,335,1,2
336,718,311,0,3
337,638,336,1,2
337,653,362,3,0
337,685,336,1,2
337,704,336,1,2
337,711,336,1,2
337,718,312,0,3
338,653,363,3,0
338,704,337,1,2
338,711,337,1,2
338,718,313,0,3
339,653,364,3,0
339,704,338,1,2
339,711,338,1,2
339,718,314,0,3
340,653,365,3,0
340,704,339,1,2
340,711,339,1,2
341,653,366,3,0
341,711,340,1,2
342,711,343,2,1
343,653,368,3,0
343,711,344,2,1
344,653,369,3,0
344,704,345,2,1
344,711,345,2,1
344,713,345,2,1
345,653,370,3,0
345,704,346,2,1
345,711,346,2,1
345,718,320,0,3
346,653,371,3,0
346,685,347,2,1
346,704,347,2,1
346,711,347,2,1
346,718,321,0,3
347,638,346,1,2
347,653,372,3,0
347,685,348,2,1
347,704,348,2,1
347,711,348,2,1
347,718,322,0,3
348,653,373,3,0
348,655,349,2,1
348,685,373,3,0
348,704,373,3,0
348,711,323,0,3
348,712,349,2,1
349,638,325,2,3
349,653,348,1,2
349,685,374,3,0
349,704,374,3,0
349,711,324,0,3
349,718,348,1,2
350,653,374,3,2
350,704,351,1,1
350,711,325,0,2
350,718,374,3,2
351,653,350,1,1
351,704,352,2,1
351,711,326,0,3
351,718,350,1,1
352,653,351,1,2
352,704,353,2,1
352,711,327,0,3
352,713,327,0,3
353,653,352,1,2
353,711,328,0,3
354,711,329,0,3
355,653,356,2,1
355,711,330,0,3
356,653,357,2,1
356,704,704,83,0
356,711,331,0,3
356,713,331,0,3
357,653,358,2,1
357,704,356,1,2
357,711,332,0,3
357,718,358,2,1
358,653,359,2,1
358,685,685,64,0
358,704,357,1,2
358,711,333,0,3
358,718,359,2,1
359,653,360,2,1
359,685,358,1,2
359,704,358,1,2
359,711,334,0,3
359,718,360,2,1
360,653,385,3,0
360,685,359,1,2
360,704,359,1,2
360,711,335,0,3
361,653,386,3,0
361,685,360,1,2
361,704,360,1,2
361,711,360,1,2
361,718,336,0,3
362,638,361,1,2
362,653,387,3,0
362,685,361,1,2
362,704,361,1,2
362,711,361,1,2
362,718,337,0,3
363,653,388,3,0
363,704,362,1,2
363,711,362,1,2
363,718,338,0,3
364,653,389,3,0
364,704,363,1,2
364,711,363,1,2
364,718,339,0,3
365,653,390,3,0
365,704,364,1,2
365,711,364,1,2
366,653,391,3,0
366,711,365,1,2
367,711,368,2,1
368,653,393,3,0
368,711,369,2,1
369,653,394,3,0
369,704,370,2,1
369,711,370,2,1
369,713,370,2,1
370,653,395,3,0
370,704,371,2,1
370,711,371,2,1
370,718,345,0,3
371,653,396,3,0
371,685,372,2,1
371,704,372,2,1
371,711,372,2,1
371,718,346,0,3
372,638,371,1,2
372,653,397,3,0
372,685,373,2,1
372,704,373,2,1
372,711,373,2,1
372,718,347,0,3
373,653,398,3,0
373,655,374,2,1
373,685,374,2,1
373,704,374,2,1
373,711,348,0,3
373,712,374,2,1
374,638,350,2,3
374,653,373,1,2
374,685,350,2,3
374,704,350,2,3
374,711,349,0,3
374,718,373,1,2
375,653,399,3,2
375,685,350,0,2
375,704,350,0,2
375,711,350,0,2
375,718,399,3,2
376,653,375,1,1
376,704,351,0,3
376,711,351,0,3
376,718,375,1,1
377,653,376,1,2
377,704,352,0,3
377,711,352,0,3
377,713,352,0,3
378,653,377,1,2
378,711,353,0,3
379,711,354,0,3
380,653,381,2,1
380,711,355,0,3
381,653,382,2,1
381,704,356,0,3
381,711,356,0,3
381,713,356,0,3
382,653,383,2,1
382,704,357,0,3
382,711,357,0,3
382,718,383,2,1
383,653,384,2,1
383,685,358,0,3
383,704,358,0,3
383,711,358,0,3
383,718,384,2,1
384,653,385,2,1
384,685,359,0,3
384,704,359,0,3
384,711,359,0,3
384,718,385,2,1
385,653,410,3,0
385,711,360,0,3
385,718,410,3,0
386,653,411,3,0
386,685,385,1,2
386,704,385,1,2
386,711,385,1,2
386,718,411,3,0
387,638,386,1,2
387,653,412,3,0
387,685,386,1,2
387,704,386,1,2
387,711,386,1,2
387,718,412,3,0
388,653,413,3,0
388,704,387,1,2
388,711,387,1,2
388,718,413,3,0
389,653,414,3,0
389,704,388,1,2
389,711,388,1,2
389,718,414,3,0
390,653,415,3,0
390,704,389,1,2
390,711,389,1,2
391,653,416,3,0
391,711,390,1,2
392,711,393,2,1
393,653,418,3,0
393,711,394,2,1
394,653,419,3,0
394,704,395,2,1
394,711,395,2,1
394,713,395,2,1
395,653,420,3,0
395,704,396,2,1
395,711,396,2,1
395,718,420,3,0
396,653,421,3,0
396,685,397,2,1
396,704,397,2,1
396,711,397,2,1
396,718,421,3,0
397,638,396,1,2
397,653,422,3,0
397,685,398,2,1
397,704,398,2,1
397,711,398,2,1
397,718,422,3,0
398,653,423,3,0
398,655,399,2,1
398,711,373,0,3
398,712,399,2,1
398,718,423,3,0
399,638,375,2,3
399,653,398,1,2
399,685,374,0,3
399,704,374,0,3
399,711,374,0,3
399,718,398,1,2
400,653,424,3,2
400,685,375,0,2
400,704,375,0,2
400,711,425,2,0
400,718,424,3,2
401,653,400,1,1
401,704,376,0,3
401,711,426,3,0
401,718,400,1,1
402,653,401,1,2
402,704,377,0,3
402,711,427,3,0
402,713,377,0,3
403,653,402,1,2
403,711,428,3,0
404,711,429,3,0
405,653,406,2,1
405,711,430,3,0
406,653,407,2,1
406,704,381,0,3
406,711,431,3,0
406,713,381,0,3
407,653,408,2,1
407,704,382,0,3
407,711,432,3,0
407,718,408,2,1
408,653,409,2,1
408,685,383,0,3
408,704,383,0,3
408,711,433,3,0
408,718,409,2,1
409,653,410,2,1
409,685,384,0,3
409,704,384,0,3
409,711,434,3,0
409,718,410,2,1
410,638,435,3,0
410,653,435,3,0
410,711,435,3,0
410,718,435,3,0
411,638,436,3,0
411,653,436,3,0
411,685,410,1,2
411,704,410,1,2
411,711,410,1,2
411,718,436,3,0
412,638,411,1,2
412,653,437,3,0
412,685,411,1,2
412,704,411,1,2
412,711,411,1,2
412,718,437,3,0
413,653,438,3,0
413,704,412,1,2
413,711,412,1,2
413,718,438,3,0
414,653,439,3,0
414,704,413,1,2
414,711,413,1,2
414,718,439,3,0
415,653,440,3,0
415,704,414,1,2
415,711,414,1,2
416,653,441,3,0
416,711,415,1,2
417,711,418,2,1
418,653,443,3,0
418,711,419,2,1
419,653,444,3,0
419,704,420,2,1
419,711,420,2,1
419,713,420,2,1
420,653,445,3,0
420,704,421,2,1
420,711,421,2,1
420,718,445,3,0
421,653,446,3,0
421,685,422,2,1
421,704,422,2,1
421,711,422,2,1
421,718,446,3,0
422,653,447,3,0
422,685,423,2,1
422,704,423,2,1
422,711,423,2,1
422,718,447,3,0
423,638,448,3,0
423,653,448,3,0
423,655,424,2,1
423,711,448,3,0
423,712,424,2,1
423,718,448,3,0
424,638,400,2,3
424,653,423,1,2
424,685,399,0,3
424,704,399,0,3
424,711,449,3,0
424,718,423,1,2
425,653,449,3,2
425,685,400,0,2
425,704,400,0,2
425,711,450,2,0
425,718,449,3,2
426,653,425,1,1
426,704,401,0,3
426,711,451,3,0
426,718,425,1,1
427,653,426,1,2
427,704,402,0,3
427,711,452,3,0
427,713,402,0,3
428,653,427,1,2
428,711,453,3,0
429,711,454,3,0
430,653,431,2,1
430,711,455,3,0
431,653,432,2,1
431,704,406,0,3
431,711,456,3,0
431,713,406,0,3
432,653,433,2,1
432,704,407,0,3
432,711,457,3,0
432,718,433,2,1
433,653,434,2,1
433,685,408,0,3
433,704,408,0,3
433,711,458,3,0
433,718,434,2,1
434,653,435,2,1
434,685,409,0,3
434,704,409,0,3
434,711,459,3,0
434,718,435,2,1
435,638,436,2,1
435,653,460,3,0
435,704,410,0,3
435,711,460,3,0
435,718,460,3,0
436,638,638,17,0
436,653,461,3,0
436,685,435,1,2
436,704,435,1,2
436,711,435,1,2
436,718,461,3,0
437,638,436,1,2
437,653,462,3,0
437,685,436,1,2
437,704,436,1,2
437,711,436,1,2
437,718,462,3,0
438,653,463,3,0
438,704,437,1,2
438,711,437,1,2
438,718,463,3,0
439,653,464,3,0
439,704,438,1,2
439,711,438,1,2
439,718,464,3,0
440,653,465,3,0
440,704,439,1,2
440,711,439,1,2
441,653,466,3,0
441,711,440,1,2
442,711,443,2,1
443,653,468,3,0
443,711,444,2,1
444,653,469,3,0
444,704,445,2,1
444,711,445,2,1
444,713,445,2,1
445,653,470,3,0
445,704,446,2,1
445,711,446,2,1
445,718,470,3,0
446,653,471,3,0
446,685,447,2,1
446,704,447,2,1
446,711,447,2,1
446,718,471,3,0
447,638,446,1,2
447,653,472,3,0
447,685,448,2,1
447,704,448,2,1
447,711,448,2,1
447,718,472,3,0
448,638,447,1,2
448,653,473,3,0
448,655,449,2,1
448,704,423,0,3
448,711,473,3,0
448,712,449,2,1
448,718,473,3,0
449,638,425,2,3
449,653,448,1,2
449,685,424,0,3
449,704,424,0,3
449,711,474,3,0
449,718,448,1,2
450,653,474,3,2
450,685,425,0,2
450,704,425,0,2
450,711,475,2,0
450,718,474,3,2
451,653,450,1,1
451,704,426,0,3
451,711,476,3,0
451,718,450,1,1
452,653,451,1,2
452,704,427,0,3
452,711,477,3,0
452,713,427,0,3
453,653,452,1,2
453,711,478,3,0
454,711,479,3,0
455,653,456,2,1
455,711,480,3,0
456,653,457,2,1
456,704,431,0,3
456,711,481,3,0
456,713,431,0,3
457,653,458,2,1
457,704,432,0,3
457,711,482,3,0
457,718,458,2,1
458,653,459,2,1
458,685,433,0,3
458,704,433,0,3
458,711,483,3,0
458,718,459,2,1
459,653,460,2,1
459,685,434,0,3
459,704,434,0,3
459,711,484,3,0
459,718,460,2,1
460,653,485,3,0
460,704,435,0,3
460,711,485,3,0
460,718,485,3,0
461,653,486,3,0
461,685,460,1,2
461,704,460,1,2
461,711,460,1,2
461,718,486,3,0
462,638,461,1,2
462,653,487,3,0
462,685,461,1,2
462,704,461,1,2
462,711,461,1,2
462,718,487,3,0
463,653,488,3,0
463,704,462,1,2
463,711,462,1,2
463,718,488,3,0
464,653,489,3,0
464,704,463,1,2
464,711,463,1,2
464,718,489,3,0
465,653,490,3,0
465,704,464,1,2
465,711,464,1,2
466,653,491,3,0
466,711,465,1,2
467,711,468,2,1
468,653,493,3,0
468,711,469,2,1
469,653,494,3,0
469,704,470,2,1
469,711,470,2,1
469,713,470,2,1
470,653,495,3,0
470,704,471,2,1
470,711,471,2,1
470,718,495,3,0
471,653,496,3,0
471,685,472,2,1
471,704,472,2,1
471,711,472,2,1
471,718,496,3,0
472,638,471,1,2
472,653,497,3,0
472,685,473,2,1
472,704,473,2,1
472,711,473,2,1
472,718,497,3,0
473,653,498,3,0
473,655,474,2,1
473,704,448,0,3
473,711,498,3,0
473,712,474,2,1
473,718,498,3,0
474,638,450,2,3
474,653,473,1,2
474,685,449,0,3
474,704,449,0,3
474,711,499,3,0
474,718,473,1,2
475,653,499,3,2
475,685,450,0,2
475,704,450,0,2
475,711,500,2,0
475,718,499,3,2
476,653,475,1,1
476,704,451,0,3
476,711,501,3,0
476,718,475,1,1
477,653,476,1,2
477,704,452,0,3
477,711,502,3,0
477,713,452,0,3
478,653,477,1,2
478,711,503,3,0
479,711,504,3,0
480,653,481,2,1
480,711,505,3,0
481,653,482,2,1
481,704,456,0,3
481,711,506,3,0
481,713,456,0,3
482,653,483,2,1
482,704,457,0,3
482,711,507,3,0
482,718,483,2,1
483,653,484,2,1
483,685,458,0,3
483,704,458,0,3
483,711,508,3,0
483,718,484,2,1
484,653,485,2,1
484,685,459,0,3
484,704,459,0,3
484,711,509,3,0
484,718,485,2,1
485,704,460,0,3
485,711,510,3,0
485,718,510,3,0
486,653,511,3,0
486,685,485,1,2
486,704,485,1,2
486,711,485,1,2
486,718,511,3,0
487,638,486,1,2
487,653,512,3,0
487,685,486,1,2
487,704,486,1,2
487,711,486,1,2
487,718,512,3,0
488,653,513,3,0
488,704,487,1,2
488,711,487,1,2
488,718,513,3,0
489,653,514,3,0
489,704,488,1,2
489,711,488,1,2
489,718,514,3,0
490,653,515,3,0
490,704,489,1,2
490,711,489,1,2
491,653,516,3,0
491,711,490,1,2
492,711,493,2,1
493,653,518,3,0
493,711,494,2,1
494,653,519,3,0
494,704,495,2,1
494,711,495,2,1
494,713,495,2,1
495,653,520,3,0
495,704,496,2,1
495,711,496,2,1
495,718,520,3,0
496,653,521,3,0
496,685,497,2,1
496,704,497,2,1
496,711,497,2,1
496,718,521,3,0
497,638,496,1,2
497,653,522,3,0
497,685,498,2,1
497,704,498,2,1
497,711,498,2,1
497,718,522,3,0
498,655,499,2,1
498,704,473,0,3
498,711,523,3,0
498,712,499,2,1
498,718,523,3,0
499,638,475,2,3
499,653,498,1,2
499,685,474,0,3
499,704,474,0,3
499,711,524,3,0
499,718,498,1,2
500,653,524,3,2
500,685,475,0,2
500,704,475,0,2
500,711,525,2,0
500,718,524,3,2
501,653,500,1,1
501,704,476,0,3
501,711,526,3,0
501,718,500,1,1
502,653,501,1,2
502,704,477,0,3
502,711,527,3,0
502,713,477,0,3
503,653,502,1,2
503,711,528,3,0
504,711,529,3,0
505,653,506,2,1
505,711,530,3,0
506,653,507,2,1
506,704,481,0,3
506,711,531,3,0
506,713,481,0,3
507,653,508,2,1
507,704,482,0,3
507,711,532,3,0
507,718,508,2,1
508,653,509,2,1
508,685,483,0,3
508,704,483,0,3
508,711,533,3,0
508,718,509,2,1
509,653,510,2,1
509,685,484,0,3
509,704,484,0,3
509,711,534,3,0
509,718,510,2,1
510,653,511,2,1
510,704,485,0,3
510,711,535,3,0
510,718,535,3,0
511,653,512,2,1
511,685,510,1,2
511,704,510,1,2
511,711,510,1,2
511,718,536,3,0
512,638,511,1,2
512,653,513,2,1
512,685,511,1,2
512,704,511,1,2
512,711,511,1,2
512,718,537,3,0
513,653,514,2,1
513,704,512,1,2
513,711,512,1,2
513,718,538,3,0
514,653,515,2,1
514,704,513,1,2
514,711,513,1,2
514,718,539,3,0
515,653,516,2,1
515,704,514,1,2
515,711,514,1,2
516,653,653,32,0
516,711,515,1,2
517,711,518,2,1
518,653,517,1,2
518,711,519,2,1
519,653,518,1,2
519,704,520,2,1
519,711,520,2,1
519,713,520,2,1
520,653,519,1,2
520,704,521,2,1
520,711,521,2,1
520,718,545,3,0
521,653,520,1,2
521,685,522,2,1
521,704,522,2,1
521,711,522,2,1
521,718,546,3,0
522,638,521,1,2
522,653,521,1,2
522,685,523,2,1
522,704,523,2,1
522,711,523,2,1
522,718,547,3,0
523,653,522,1,2
523,655,524,2,1
523,704,498,0,3
523,711,548,3,0
523,712,524,2,1
523,718,548,3,0
524,638,500,2,3
524,653,523,1,2
524,685,499,0,3
524,704,499,0,3
524,711,549,3,0
524,718,523,1,2
525,653,549,3,2
525,685,500,0,2
525,704,500,0,2
525,711,550,2,0
525,718,549,3,2
526,653,525,1,1
526,704,501,0,3
526,711,551,3,0
526,718,525,1,1
527,653,526,1,2
527,704,502,0,3
527,711,552,3,0
527,713,502,0,3
528,653,527,1,2
528,711,553,3,0
529,711,554,3,0
530,653,531,2,1
530,711,555,3,0
531,653,532,2,1
531,704,506,0,3
531,711,556,3,0
531,713,506,0,3
532,653,533,2,1
532,704,507,0,3
532,711,557,3,0
532,718,533,2,1
533,653,534,2,1
533,685,508,0,3
533,704,508,0,3
533,711,558,3,0
533,718,534,2,1
534,653,535,2,1
534,685,509,0,3
534,704,509,0,3
534,711,559,3,0
534,718,535,2,1
535,653,510,0,3
535,685,510,0,3
535,704,510,0,3
535,711,560,3,0
535,718,560,3,0
536,653,511,0,3
536,685,535,1,2
536,704,535,1,2
536,711,535,1,2
536,718,561,3,0
537,638,536,1,2
537,653,512,0,3
537,685,536,1,2
537,704,536,1,2
537,711,536,1,2
537,718,562,3,0
538,653,513,0,3
538,704,537,1,2
538,711,537,1,2
538,718,563,3,0
539,653,514,0,3
539,704,538,1,2
539,711,538,1,2
539,718,564,3,0
540,653,515,0,3
540,704,539,1,2
540,711,539,1,2
541,653,516,0,3
541,711,540,1,2
542,711,543,2,1
543,653,518,0,3
543,711,544,2,1
544,653,519,0,3
544,704,545,2,1
544,711,545,2,1
544,713,545,2,1
545,653,520,0,3
545,704,546,2,1
545,711,546,2,1
545,718,570,3,0
546,653,521,0,3
546,685,547,2,1
546,704,547,2,1
546,711,547,2,1
546,718,571,3,0
547,638,546,1,2
547,653,522,0,3
547,685,548,2,1
547,704,548,2,1
547,711,548,2,1
547,718,572,3,0
548,653,523,0,3
548,655,549,2,1
548,685,523,0,3
548,704,523,0,3
548,711,573,3,0
548,712,549,2,1
548,718,573,3,0
549,638,525,2,3
549,653,548,1,2
549,685,524,0,3
549,704,524,0,3
549,711,574,3,0
549,718,548,1,2
550,653,574,3,2
550,685,525,0,2
550,704,525,0,2
550,711,575,2,0
550,718,574,3,2
551,653,550,1,1
551,704,526,0,3
551,711,576,3,0
551,718,550,1,1
552,653,551,1,2
552,704,527,0,3
552,711,577,3,0
552,713,527,0,3
553,653,552,1,2
553,711,578,3,0
554,711,579,3,0
555,653,556,2,1
555,711,580,3,0
556,653,557,2,1
556,704,531,0,3
556,711,581,3,0
556,713,531,0,3
557,653,558,2,1
557,704,532,0,3
557,711,582,3,0
557,718,558,2,1
558,653,559,2,1
558,685,533,0,3
558,704,533,0,3
558,711,583,3,0
558,718,559,2,1
559,653,560,2,1
559,685,534,0,3
559,704,534,0,3
559,711,584,3,0
559,718,560,2,1
560,653,535,0,3
560,685,535,0,3
560,704,535,0,3
560,711,585,3,0
560,718,585,3,0
561,653,536,0,3
561,685,560,1,2
561,704,560,1,2
561,711,560,1,2
561,718,586,3,0
562,638,561,1,2
562,653,537,0,3
562,685,561,1,2
562,704,561,1,2
562,711,561,1,2
562,718,587,3,0
563,653,538,0,3
563,704,562,1,2
563,711,562,1,2
563,718,588,3,0
564,653,539,0,3
564,704,563,1,2
564,711,563,1,2
564,718,589,3,0
565,653,540,0,3
565,704,564,1,2
565,711,564,1,2
566,653,541,0,3
566,711,565,1,2
567,711,568,2,1
568,653,543,0,3
568,711,569,2,1
569,653,544,0,3
569,704,570,2,1
569,711,570,2,1
569,713,570,2,1
570,653,545,0,3
570,704,571,2,1
570,711,571,2,1
570,718,595,3,0
571,653,546,0,3
571,685,572,2,1
571,704,572,2,1
571,711,572,2,1
571,718,596,3,0
572,638,571,1,2
572,653,547,0,3
572,685,573,2,1
572,704,573,2,1
572,711,573,2,1
572,718,597,3,0
573,653,548,0,3
573,655,574,2,1
573,685,548,0,3
573,704,548,0,3
573,711,598,3,0
573,712,574,2,1
573,718,598,3,0
574,638,550,2,3
574,653,573,1,2
574,685,549,0,3
574,704,549,0,3
574,711,599,3,0
574,718,573,1,2
575,653,599,3,2
575,663,576,1,1
575,685,550,0,2
575,704,550,0,2
575,711,600,2,0
575,718,599,3,2
576,653,575,1,1
576,663,577,2,1
576,704,551,0,3
576,711,601,3,0
576,718,575,1,1
577,653,576,1,2
577,704,552,0,3
577,711,602,3,0
577,713,552,0,3
578,653,577,1,2
578,711,603,3,0
579,711,604,3,0
580,653,581,2,1
580,711,605,3,0
581,653,582,2,1
581,704,556,0,3
581,711,606,3,0
581,713,556,0,3
582,653,583,2,1
582,663,663,42,0
582,704,557,0,3
582,711,607,3,0
582,718,583,2,1
583,653,584,2,1
583,663,582,1,2
583,685,558,0,3
583,704,558,0,3
583,711,608,3,0
583,718,584,2,1
584,653,585,2,1
584,663,583,1,2
584,685,559,0,3
584,704,559,0,3
584,711,609,3,0
584,718,585,2,1
585,653,560,0,3
585,663,584,1,2
585,685,560,0,3
585,704,560,0,3
585,711,610,3,0
585,718,610,3,0
586,653,561,0,3
586,685,585,1,2
586,704,585,1,2
586,711,585,1,2
586,718,611,3,0
587,638,586,1,2
587,653,562,0,3
587,685,586,1,2
587,704,586,1,2
587,711,586,1,2
587,718,612,3,0
588,653,563,0,3
588,704,587,1,2
588,711,587,1,2
588,718,613,3,0
589,653,564,0,3
589,704,588,1,2
589,711,588,1,2
589,718,614,3,0
590,653,565,0,3
590,704,589,1,2
590,711,589,1,2
591,653,566,0,3
591,711,590,1,2
592,711,593,2,1
593,653,568,0,3
593,711,594,2,1
594,653,569,0,3
594,704,595,2,1
594,711,595,2,1
594,713,595,2,1
595,653,570,0,3
595,704,596,2,1
595,711,596,2,1
595,718,620,3,0
596,653,571,0,3
596,685,597,2,1
596,704,597,2,1
596,711,597,2,1
596,718,621,3,0
597,638,596,1,2
597,653,572,0,3
597,685,598,2,1
597,704,598,2,1
597,711,598,2,1
597,718,622,3,0
598,653,573,0,3
598,655,599,2,1
598,663,599,2,1
598,685,573,0,3
598,704,573,0,3
598,711,623,3,0
598,712,599,2,1
598,718,623,3,0
599,638,575,2,3
599,653,598,1,2
599,663,575,2,3
599,685,574,0,3
599,704,574,0,3
599,711,624,3,0
599,718,598,1,2
600,653,624,3,2
600,663,575,0,2
600,685,575,0,2
600,704,575,0,2
600,711,0,2,3
600,718,624,3,2
601,653,600,1,1
601,663,576,0,3
601,704,576,0,3
601,711,1,3,3
601,718,600,1,1
602,653,601,1,2
602,704,577,0,3
602,711,2,3,3
602,713,2,3,3
603,653,602,1,2
603,711,3,3,3
604,711,4,3,3
605,653,606,2,1
605,711,5,3,3
606,653,607,2,1
606,704,581,0,3
606,711,6,3,3
606,713,6,3,3
607,653,608,2,1
607,663,582,0,3
607,704,582,0,3
607,711,7,3,3
607,718,608,2,1
608,653,609,2,1
608,663,583,0,3
608,685,583,0,3
608,704,583,0,3
608,711,8,3,3
608,718,609,2,1
609,653,610,2,1
609,663,584,0,3
609,685,584,0,3
609,704,584,0,3
609,711,9,3,3
609,718,610,2,1
610,653,585,0,3
610,663,585,0,3
610,685,585,0,3
610,704,585,0,3
610,711,10,3,3
611,653,586,0,3
611,685,610,1,2
611,704,610,1,2
611,711,610,1,2
611,718,11,3,3
612,638,611,1,2
612,653,587,0,3
612,685,611,1,2
612,704,611,1,2
612,711,611,1,2
612,718,12,3,3
613,653,588,0,3
613,704,612,1,2
613,711,612,1,2
613,718,13,3,3
614,653,589,0,3
614,704,613,1,2
614,711,613,1,2
614,718,14,3,3
615,653,590,0,3
615,704,614,1,2
615,711,614,1,2
616,653,591,0,3
616,711,615,1,2
617,711,618,2,1
618,653,593,0,3
618,711,619,2,1
619,653,594,0,3
619,704,620,2,1
619,711,620,2,1
619,713,620,2,1
620,653,595,0,3
620,704,621,2,1
620,711,621,2,1
620,718,20,3,3
621,653,596,0,3
621,685,622,2,1
621,704,622,2,1
621,711,622,2,1
621,718,21,3,3
622,638,621,1,2
622,653,597,0,3
622,685,623,2,1
622,704,623,2,1
622,711,623,2,1
622,718,22,3,3
623,653,598,0,3
623,655,624,2,1
623,663,598,0,3
623,685,598,0,3
623,704,598,0,3
623,711,23,3,3
623,712,624,2,1
624,638,600,2,3
624,653,623,1,2
624,663,599,0,3
624,685,599,0,3
624,704,599,0,3
624,711,24,3,3
624,718,623,1,2
638,625,436,0,17
638,626,436,0,17
638,627,436,0,17
638,628,436,0,17
638,629,436,0,17
638,630,436,0,17
638,631,436,0,17
638,632,436,0,17
638,633,436,0,17
638,634,436,0,17
638,635,436,0,17
638,636,436,0,17
638,637,436,0,17
638,639,436,0,17
638,640,436,0,17
638,641,436,0,17
638,642,436,0,17
638,643,436,0,17
638,644,436,0,17
638,645,436,0,17
638,646,436,0,17
638,647,436,0,17
638,648,436,0,17
638,649,436,0,17
638,650,436,0,17
638,651,436,0,17
638,652,436,0,17
638,653,436,0,17
638,654,436,0,17
638,655,436,0,17
638,656,436,0,17
638,657,436,0,17
638,658,436,0,17
638,659,436,0,17
638,660,436,0,17
638,661,436,0,17
638,662,436,0,17
638,663,436,0,17
638,664,436,0,17
638,665,436,0,17
638,666,436,0,17
638,667,436,0,17
638,668,436,0,17
638,669,436,0,17
638,670,436,0,17
638,671,436,0,17
638,672,436,0,17
638,673,436,0,17
638,674,436,0,17
638,675,436,0,17
638,676,436,0,17
638,677,436,0,17
638,678,436,0,17
638,679,436,0,17
638,680,436,0,17
638,681,436,0,17
638,682,436,0,17
638,683,436,0,17
638,684,436,0,17
638,685,436,0,17
638,686,436,0,17
638,687,436,0,17
638,688,436,0,17
638,689,436,0,17
638,690,436,0,17
638,691,436,0,17
638,692,436,0,17
638,693,436,0,17
638,694,436,0,17
638,695,436,0,17
638,696,436,0,17
638,697,436,0,17
638,698,436,0,17
638,699,436,0,17
638,700,436,0,17
638,701,436,0,17
638,702,436,0,17
638,703,436,0,17
638,704,436,0,17
638,705,436,0,17
638,706,436,0,17
638,707,436,0,17
638,708,436,0,17
638,709,436,0,17
638,710,436,0,17
638,711,436,0,17
638,712,436,0,17
638,713,436,0,17
638,714,436,0,17
638,715,436,0,17
638,716,436,0,17
638,717,436,0,17
638,718,436,0,17
638,719,436,0,17
638,720,436,0,17
638,721,436,0,17
638,722,436,0,17
638,723,436,0,17
638,724,436,0,17
653,625,516,0,32
653,626,516,0,32
653,627,516,0,32
653,628,516,0,32
653,629,516,0,32
653,630,516,0,32
653,631,516,0,32
653,632,516,0,32
653,633,516,0,32
653,634,516,0,32
653,635,516,0,32
653,636,516,0,32
653,637,516,0,32
653,638,516,0,32
653,639,516,0,32
653,640,516,0,32
653,641,516,0,32
653,642,516,0,32
653,643,516,0,32
653,644,516,0,32
653,645,516,0,32
653,646,516,0,32
653,647,516,0,32
653,648,516,0,32
653,649,516,0,32
653,650,516,0,32
653,651,516,0,32
653,652,516,0,32
653,654,516,0,32
653,655,516,0,32
653,656,516,0,32
653,657,516,0,32
653,658,516,0,32
653,659,516,0,32
653,660,516,0,32
653,661,516,0,32
653,662,516,0,32
653,663,516,0,32
653,664,516,0,32
653,665,516,0,32
653,666,516,0,32
653,667,516,0,32
653,668,516,0,32
653,669,516,0,32
653,670,516,0,32
653,671,516,0,32
653,672,516,0,32
653,673,516,0,32
653,674,516,0,32
653,675,516,0,32
653,676,516,0,32
653,677,516,0,32
653,678,516,0,32
653,679,516,0,32
653,680,516,0,32
653,681,516,0,32
653,682,516,0,32
653,683,516,0,32
653,684,516,0,32
653,685,516,0,32
653,686,516,0,32
653,687,516,0,32
653,688,516,0,32
653,689,516,0,32
653,690,516,0,32
653,691,516,0,32
653,692,516,0,32
653,693,516,0,32
653,694,516,0,32
653,695,516,0,32
653,696,516,0,32
653,697,516,0,32
653,698,516,0,32
653,699,516,0,32
653,700,516,0,32
653,701,516,0,32
653,702,516,0,32
653,703,516,0,32
653,704,516,0,32
653,705,516,0,32
653,706,516,0,32
653,707,516,0,32
653,708,516,0,32
653,709,516,0,32
653,710,516,0,32
653,711,516,0,32
653,712,516,0,32
653,713,516,0,32
653,714,516,0,32
653,715,516,0,32
653,716,516,0,32
653,717,516,0,32
653,718,516,0,32
653,719,516,0,32
653,720,516,0,32
653,721,516,0,32
653,722,516,0,32
653,723,516,0,32
653,724,516,0,32
663,625,582,0,42
663,626,582,0,42
663,627,582,0,42
663,628,582,0,42
663,629,582,0,42
663,630,582,0,42
663,631,582,0,42
663,632,582,0,42
663,633,582,0,42
663,634,582,0,42
663,635,582,0,42
663,636,582,0,42
663,637,582,0,42
663,638,582,0,42
663,639,582,0,42
663,640,582,0,42
663,641,582,0,42
663,642,582,0,42
663,643,582,0,42
663,644,582,0,42
663,645,582,0,42
663,646,582,0,42
663,647,582,0,42
663,648,582,0,42
663,649,582,0,42
663,650,582,0,42
663,651,582,0,42
663,652,582,0,42
663,653,582,0,42
663,654,582,0,42
663,655,582,0,42
663,656,582,0,42
663,657,582,0,42
663,658,582,0,42
663,659,582,0,42
663,660,582,0,42
663,661,582,0,42
663,662,582,0,42
663,664,582,0,42
663,665,582,0,42
663,666,582,0,42
663,667,582,0,42
663,668,582,0,42
663,669,582,0,42
663,670,582,0,42
663,671,582,0,42
663,672,582,0,42
663,673,582,0,42
663,674,582,0,42
663,675,582,0,42
663,676,582,0,42
663,677,582,0,42
663,678,582,0,42
663,679,582,0,42
663,680,582,0,42
663,681,582,0,42
663,682,582,0,42
663,683,582,0,42
663,684,582,0,42
663,685,582,0,42
663,686,582,0,42
663,687,582,0,42
663,688,582,0,42
663,689,582,0,42
663,690,582,0,42
663,691,582,0,42
663,692,582,0,42
663,693,582,0,42
663,694,582,0,42
663,695,582,0,42
663,696,582,0,42
663,697,582,0,42
663,698,582,0,42
663,699,582,0,42
663,700,582,0,42
663,701,582,0,42
663,702,582,0,42
663,703,582,0,42
663,704,582,0,42
663,705,582,0,42
663,706,582,0,42
663,707,582,0,42
663,708,582,0,42
663,709,582,0,42
663,710,582,0,42
663,711,582,0,42
663,712,582,0,42
663,713,582,0,42
663,714,582,0,42
663,715,582,0,42
663,716,582,0,42
663,717,582,0,42
663,718,582,0,42
663,719,582,0,42
663,720,582,0,42
663,721,582,0,42
663,722,582,0,42
663,723,582,0,42
663,724,582,0,42
685,625,358,0,64
685,626,358,0,64
685,627,358,0,64
685,628,358,0,64
685,629,358,0,64
685,630,358,0,64
685,631,358,0,64
685,632,358,0,64
685,633,358,0,64
685,634,358,0,64
685,635,358,0,64
685,636,358,0,64
685,637,358,0,64
685,638,358,0,64
685,639,358,0,64
685,640,358,0,64
685,641,358,0,64
685,642,358,0,64
685,643,358,0,64
685,644,358,0,64
685,645,358,0,64
685,646,358,0,64
685,647,358,0,64
685,648,358,0,64
685,649,358,0,64
685,650,358,0,64
685,651,358,0,64
685,652,358,0,64
685,653,358,0,64
685,654,358,0,64
685,655,358,0,64
685,656,358,0,64
685,657,358,0,64
685,658,358,0,64
685,659,358,0,64
685,660,358,0,64
685,661,358,0,64
685,662,358,0,64
685,663,358,0,64
685,664,358,0,64
685,665,358,0,64
685,666,358,0,64
685,667,358,0,64
685,668,358,0,64
685,669,358,0,64
685,670,358,0,64
685,671,358,0,64
685,672,358,0,64
685,673,358,0,64
685,674,358,0,64
685,675,358,0,64
685,676,358,0,64
685,677,358,0,64
685,678,358,0,64
685,679,358,0,64
685,680,358,0,64
685,681,358,0,64
685,682,358,0,64
685,683,358,0,64
685,684,358,0,64
685,686,358,0,64
685,687,358,0,64
685,688,358,0,64
685,689,358,0,64
685,690,358,0,64
685,691,358,0,64
685,692,358,0,64
685,693,358,0,64
685,694,358,0,64
685,695,358,0,64
685,696,358,0,64
685,697,358,0,64
685,698,358,0,64
685,699,358,0,64
685,700,358,0,64
685,701,358,0,64
685,702,358,0,64
685,703,358,0,64
685,704,358,0,64
685,705,358,0,64
685,706,358,0,64
685,707,358,0,64
685,708,358,0,64
685,709,358,0,64
685,710,358,0,64
685,711,358,0,64
685,712,358,0,64
685,713,358,0,64
685,714,358,0,64
685,715,358,0,64
685,716,358,0,64
685,717,358,0,64
685,718,358,0,64
685,719,358,0,64
685,720,358,0,64
685,721,358,0,64
685,722,358,0,64
685,723,358,0,64
685,724,358,0,64
704,625,356,0,83
704,626,356,0,83
704,627,356,0,83
704,628,356,0,83
704,629,356,0,83
704,630,356,0,83
704,631,356,0,83
704,632,356,0,83
704,633,356,0,83
704,634,356,0,83
704,635,356,0,83
704,636,356,0,83
704,637,356,0,83
704,638,356,0,83
704,639,356,0,83
704,640,356,0,83
704,641,356,0,83
704,642,356,0,83
704,643,356,0,83
704,644,356,0,83
704,645,356,0,83
704,646,356,0,83
704,647,356,0,83
704,648,356,0,83
704,649,356,0,83
704,650,356,0,83
704,651,356,0,83
704,652,356,0,83
704,653,356,0,83
704,654,356,0,83
704,655,356,0,83
704,656,356,0,83
704,657,356,0,83
704,658,356,0,83
704,659,356,0,83
704,660,356,0,83
704,661,356,0,83
704,662,356,0,83
704,663,356,0,83
704,664,356,0,83
704,665,356,0,83
704,666,356,0,83
704,667,356,0,83
704,668,356,0,83
704,669,356,0,83
704,670,356,0,83
704,671,356,0,83
704,672,356,0,83
704,673,356,0,83
704,674,356,0,83
704,675,356,0,83
704,676,356,0,83
704,677,356,0,83
704,678,356,0,83
704,679,356,0,83
704,680,356,0,83
704,681,356,0,83
704,682,356,0,83
704,683,356,0,83
704,684,356,0,83
704,685,356,0,83
704,686,356,0,83
704,687,356,0,83
704,688,356,0,83
704,689,356,0,83
704,690,356,0,83
704,691,356,0,83
704,692,356,0,83
704,693,356,0,83
704,694,356,0,83
704,695,356,0,83
704,696,356,0,83
704,697,356,0,83
704,698,356,0,83
704,699,356,0,83
704,700,356,0,83
704,701,356,0,83
704,702,356,0,83
704,703,356,0,83
704,705,356,0,83
704,706,356,0,83
704,707,356,0,83
704,708,356,0,83
704,709,356,0,83
704,710,356,0,83
704,711,356,0,83
704,712,356,0,83
704,713,356,0,83
704,714,356,0,83
704,715,356,0,83
704,716,356,0,83
704,717,356,0,83
704,718,356,0,83
704,719,356,0,83
704,720,356,0,83
704,721,356,0,83
704,722,356,0,83
704,723,356,0,83
704,724,356,0,83
711,625,79,0,90
711,626,79,0,90
711,627,79,0,90
711,628,79,0,90
711,629,79,0,90
711,630,79,0,90
711,631,79,0,90
711,632,79,0,90
711,633,79,0,90
711,634,79,0,90
711,635,79,0,90
711,636,79,0,90
711,637,79,0,90
711,638,79,0,90
711,639,79,0,90
711,640,79,0,90
711,641,79,0,90
711,642,79,0,90
711,643,79,0,90
711,644,79,0,90
711,645,79,0,90
711,646,79,0,90
711,647,79,0,90
711,648,79,0,90
711,649,79,0,90
711,650,79,0,90
711,651,79,0,90
711,652,79,0,90
711,653,79,0,90
711,654,79,0,90
711,655,79,0,90
711,656,79,0,90
711,657,79,0,90
711,658,79,0,90
711,659,79,0,90
711,660,79,0,90
711,661,79,0,90
711,662,79,0,90
711,663,79,0,90
711,664,79,0,90
711,665,79,0,90
711,666,79,0,90
711,667,79,0,90
711,668,79,0,90
711,669,79,0,90
711,670,79,0,90
711,671,79,0,90
711,672,79,0,90
711,673,79,0,90
711,674,79,0,90
711,675,79,0,90
711,676,79,0,90
711,677,79,0,90
711,678,79,0,90
711,679,79,0,90
711,680,79,0,90
711,681,79,0,90
711,682,79,0,90
711,683,79,0,90
711,684,79,0,90
711,685,79,0,90
711,686,79,0,90
711,687,79,0,90
711,688,79,0,90
711,689,79,0,90
711,690,79,0,90
711,691,79,0,90
711,692,79,0,90
711,693,79,0,90
711,694,79,0,90
711,695,79,0,90
711,696,79,0,90
711,697,79,0,90
711,698,79,0,90
711,699,79,0,90
711,700,79,0,90
711,701,79,0,90
711,702,79,0,90
711,703,79,0,90
711,704,79,0,90
711,705,79,0,90
711,706,79,0,90
711,707,79,0,90
711,708,79,0,90
711,709,79,0,90
711,710,79,0,90
711,712,79,0,90
711,713,79,0,90
711,714,79,0,90
711,715,79,0,90
711,716,79,0,90
711,717,79,0,90
711,718,79,0,90
711,719,79,0,90
711,720,79,0,90
711,721,79,0,90
711,722,79,0,90
711,723,79,0,90
711,724,79,0,90
713,625,281,0,92
713,626,281,0,92
713,627,281,0,92
713,628,281,0,92
713,629,281,0,92
713,630,281,0,92
713,631,281,0,92
713,632,281,0,92
713,633,281,0,92
713,634,281,0,92
713,635,281,0,92
713,636,281,0,92
713,637,281,0,92
713,638,281,0,92
713,639,281,0,92
713,640,281,0,92
713,641,281,0,92
713,642,281,0,92
713,643,281,0,92
713,644,281,0,92
713,645,281,0,92
713,646,281,0,92
713,647,281,0,92
713,648,281,0,92
713,649,281,0,92
713,650,281,0,92
713,651,281,0,92
713,652,281,0,92
713,653,281,0,92
713,654,281,0,92
713,655,281,0,92
713,656,281,0,92
713,657,281,0,92
713,658,281,0,92
713,659,281,0,92
713,660,281,0,92
713,661,281,0,92
713,662,281,0,92
713,663,281,0,92
713,664,281,0,92
713,665,281,0,92
713,666,281,0,92
713,667,281,0,92
713,668,281,0,92
713,669,281,0,92
713,670,281,0,92
713,671,281,0,92
713,672,281,0,92
713,673,281,0,92
713,674,281,0,92
713,675,281,0,92
713,676,281,0,92
713,677,281,0,92
713,678,281,0,92
713,679,281,0,92
713,680,281,0,92
713,681,281,0,92
713,682,281,0,92
713,683,281,0,92
713,684,281,0,92
713,685,281,0,92
713,686,281,0,92
713,687,281,0,92
713,688,281,0,92
713,689,281,0,92
713,690,281,0,92
713,691,281,0,92
713,692,281,0,92
713,693,281,0,92
713,694,281,0,92
713,695,281,0,92
713,696,281,0,92
713,697,281,0,92
713,698,281,0,92
713,699,281,0,92
713,700,281,0,92
713,701,281,0,92
713,702,281,0,92
713,703,281,0,92
713,704,281,0,92
713,705,281,0,92
713,706,281,0,92
713,707,281,0,92
713,708,281,0,92
713,709,281,0,92
713,710,281,0,92
713,711,281,0,92
713,712,281,0,92
713,714,281,0,92
713,715,281,0,92
713,716,281,0,92
713,717,281,0,92
713,718,281,0,92
713,719,281,0,92
713,720,281,0,92
713,721,281,0,92
713,722,281,0,92
713,723,281,0,92
713,724,281,0,92
718,625,64,0,97
718,626,64,0,97
718,627,64,0,97
718,628,64,0,97
718,629,64,0,97
718,630,64,0,97
718,631,64,0,97
718,632,64,0,97
718,633,64,0,97
718,634,64,0,97
718,635,64,0,97
718,636,64,0,97
718,637,64,0,97
718,638,64,0,97
718,639,64,0,97
718,640,64,0,97
718,641,64,0,97
718,642,64,0,97
718,643,64,0,97
718,644,64,0,97
718,645,64,0,97
718,646,64,0,97
718,647,64,0,97
718,648,64,0,97
718,649,64,0,97
718,650,64,0,97
718,651,64,0,97
718,652,64,0,97
718,653,64,0,97
718,654,64,0,97
718,655,64,0,97
718,656,64,0,97
718,657,64,0,97
718,658,64,0,97
718,659,64,0,97
718,660,64,0,97
718,661,64,0,97
718,662,64,0,97
718,663,64,0,97
718,664,64,0,97
718,665,64,0,97
718,666,64,0,97
718,667,64,0,97
718,668,64,0,97
718,669,64,0,97
718,670,64,0,97
718,671,64,0,97
718,672,64,0,97
718,673,64,0,97
718,674,64,0,97
718,675,64,0,97
718,676,64,0,97
718,677,64,0,97
718,678,64,0,97
718,679,64,0,97
718,680,64,0,97
718,681,64,0,97
718,682,64,0,97
718,683,64,0,97
718,684,64,0,97
718,685,64,0,97
718,686,64,0,97
718,687,64,0,97
718,688,64,0,97
718,689,64,0,97
718,690,64,0,97
718,691,64,0,97
718,692,64,0,97
718,693,64,0,97
718,694,64,0,97
718,695,64,0,97
718,696,64,0,97
718,697,64,0,97
718,698,64,0,97
718,699,64,0,97
718,700,64,0,97
718,701,64,0,97
718,702,64,0,97
718,703,64,0,97
718,704,64,0,97
718,705,64,0,97
718,706,64,0,97
718,707,64,0,97
718,708,64,0,97
718,709,64,0,97
718,710,64,0,97
718,711,64,0,97
718,712,64,0,97
718,713,64,0,97
718,714,64,0,97
718,715,64,0,97
718,716,64,0,97
718,717,64,0,97
718,719,64,0,97
718,720,64,0,97
718,721,64,0,97
718,722,64,0,97
718,723,64,0,97
718,724,64,0,97
