0,634,24,2,1
0,661,1,0,0
0,665,600,3,2
0,669,25,1,0
0,671,25,1,0
0,690,25,1,0
0,700,24,2,1
0,704,24,2,1
0,711,24,2,1
1,669,2,1,0
1,671,26,2,0
1,690,26,2,0
1,704,0,0,0
1,711,0,0,0
2,671,27,2,0
2,690,27,2,0
2,711,1,0,1
3,671,28,2,0
3,690,28,2,0
3,691,4,1,0
3,711,2,0,1
4,671,29,2,0
4,690,29,2,0
4,711,5,1,0
5,671,30,2,0
5,690,30,2,0
5,711,6,1,0
6,669,31,2,0
6,671,31,2,0
6,690,31,2,0
6,700,7,1,0
6,704,7,1,0
6,711,7,1,0
7,634,8,1,0
7,665,607,3,3
7,669,32,2,0
7,671,32,2,0
7,690,32,2,0
7,700,8,1,0
7,704,8,1,0
7,708,8,1,0
7,711,8,1,0
8,634,9,1,0
8,665,608,3,3
8,669,33,2,0
8,671,33,2,0
8,690,33,2,0
8,700,9,1,0
8,704,9,1,0
8,708,9,1,0
8,711,9,1,0
9,634,10,1,0
9,665,609,3,3
9,669,34,2,0
9,671,34,2,0
9,690,34,2,0
9,700,10,1,0
9,701,10,1,0
9,704,10,1,0
9,708,10,1,0
9,711,10,1,0
10,634,610,3,3
10,661,35,2,0
10,665,610,3,3
10,671,35,2,0
10,690,35,2,0
10,700,610,3,3
10,701,11,1,0
10,703,11,1,0
10,704,35,2,0
10,708,11,1,0
10,711,610,3,3
11,634,611,3,3
11,661,36,2,0
11,665,10,0,1
11,669,10,0,1
11,671,10,0,1
11,690,10,0,1
11,700,611,3,3
11,701,701,80,0
11,703,703,82,0
11,704,36,2,0
11,708,12,1,0
11,711,611,3,3
12,634,612,3,3
12,661,37,2,0
12,665,11,0,1
12,669,11,0,1
12,671,11,0,1
12,690,11,0,1
12,700,612,3,3
12,703,11,0,1
12,704,37,2,0
12,708,708,87,0
12,711,612,3,3
13,661,12,0,1
13,669,12,0,1
13,671,12,0,1
13,690,12,0,1
13,700,613,3,3
13,704,38,2,0
13,711,613,3,3
14,669,13,0,1
14,671,13,0,1
14,690,13,0,1
14,704,39,2,0
14,711,614,3,3
15,671,14,0,1
15,690,14,0,1
15,711,615,3,3
16,671,17,1,0
16,691,15,0,1
16,711,616,3,3
17,671,18,1,0
17,690,18,1,0
17,711,617,3,3
18,669,17,0,1
18,671,19,1,0
18,690,19,1,0
18,704,43,2,0
18,711,618,3,3
19,634,619,3,3
19,665,20,1,0
19,669,20,1,0
19,671,20,1,0
19,690,20,1,0
19,700,619,3,3
19,704,44,2,0
19,711,619,3,3
20,634,620,3,3
20,661,45,2,0
20,665,21,1,0
20,669,21,1,0
20,671,21,1,0
20,690,21,1,0
20,700,620,3,3
20,703,19,0,1
20,704,45,2,0
20,708,19,0,1
20,711,620,3,3
21,634,621,3,3
21,661,46,2,0
21,665,22,1,0
21,669,22,1,0
21,671,22,1,0
21,690,22,1,0
21,700,621,3,3
21,703,20,0,1
21,704,46,2,0
21,708,20,0,1
21,711,621,3,3
22,634,622,3,3
22,661,47,2,0
22,665,622,3,3
22,671,47,2,0
22,690,47,2,0
22,700,622,3,3
22,701,21,0,1
22,703,21,0,1
22,704,47,2,0
22,708,21,0,1
22,711,622,3,3
23,634,22,0,1
23,665,623,3,3
23,669,48,2,0
23,671,48,2,0
23,690,48,2,0
23,700,22,0,1
23,701,22,0,1
23,704,22,0,1
23,708,22,0,1
23,711,22,0,1
24,634,23,0,1
24,665,624,3,3
24,669,49,2,0
24,671,49,2,0
24,690,49,2,0
24,700,23,0,1
24,703,0,1,2
24,704,23,0,1
24,708,23,0,1
24,711,23,0,1
25,634,49,3,2
25,661,26,1,1
25,665,0,0,1
25,669,50,2,0
25,671,50,2,0
25,690,50,2,0
25,700,49,3,2
25,704,49,3,2
25,711,49,3,2
26,669,27,2,1
26,671,51,3,0
26,690,51,3,0
26,704,25,1,1
26,711,25,1,1
27,671,52,3,0
27,690,52,3,0
27,711,26,1,2
28,671,53,3,0
28,690,53,3,0
28,691,29,2,1
28,711,27,1,2
29,671,54,3,0
29,690,54,3,0
29,711,30,2,1
30,671,55,3,0
30,690,55,3,0
30,711,31,2,1
31,669,56,3,0
31,671,56,3,0
31,690,56,3,0
31,700,32,2,1
31,704,32,2,1
31,711,32,2,1
32,634,33,2,1
32,665,7,0,2
32,669,57,3,0
32,671,57,3,0
32,690,57,3,0
32,700,33,2,1
32,704,33,2,1
32,708,33,2,1
32,711,33,2,1
33,634,34,2,1
33,665,8,0,2
33,669,58,3,0
33,671,58,3,0
33,690,58,3,0
33,700,34,2,1
33,704,34,2,1
33,708,34,2,1
33,711,34,2,1
34,634,35,2,1
34,665,9,0,2
34,669,59,3,0
34,671,59,3,0
34,690,59,3,0
34,700,35,2,1
34,701,35,2,1
34,704,35,2,1
34,708,35,2,1
34,711,35,2,1
35,634,10,0,2
35,661,36,2,1
35,665,10,0,2
35,671,60,3,0
35,690,60,3,0
35,700,10,0,2
35,701,10,0,2
35,704,60,3,0
35,708,10,0,2
35,711,10,0,2
36,634,11,0,2
36,661,37,2,1
36,665,35,1,2
36,669,35,1,2
36,671,35,1,2
36,690,35,1,2
36,700,11,0,2
36,701,11,0,2
36,704,61,3,0
36,708,11,0,2
36,711,11,0,2
37,634,12,0,2
37,661,661,40,0
37,665,36,1,2
37,669,36,1,2
37,671,36,1,2
37,690,36,1,2
37,700,12,0,2
37,703,36,1,2
37,704,62,3,0
37,708,12,0,2
37,711,12,0,2
38,661,37,1,2
38,669,37,1,2
38,671,37,1,2
38,690,37,1,2
38,700,13,0,2
38,704,63,3,0
38,711,13,0,2
39,669,38,1,2
39,671,38,1,2
39,690,38,1,2
39,704,64,3,0
39,711,14,0,2
40,671,39,1,2
40,690,39,1,2
40,711,15,0,2
41,671,42,2,1
41,691,40,1,2
41,711,16,0,2
42,671,43,2,1
42,690,43,2,1
42,711,17,0,2
43,669,42,1,2
43,671,44,2,1
43,690,44,2,1
43,704,68,3,0
43,711,18,0,2
44,634,19,0,2
44,661,43,1,2
44,665,45,2,1
44,669,45,2,1
44,671,45,2,1
44,690,45,2,1
44,700,19,0,2
44,704,69,3,0
44,711,19,0,2
45,634,20,0,2
45,661,44,1,2
45,665,46,2,1
45,669,46,2,1
45,671,46,2,1
45,690,46,2,1
45,700,20,0,2
45,703,44,1,2
45,704,70,3,0
45,708,20,0,2
45,711,20,0,2
46,634,21,0,2
46,661,45,1,2
46,665,47,2,1
46,669,47,2,1
46,671,47,2,1
46,690,47,2,1
46,700,21,0,2
46,701,21,0,2
46,704,71,3,0
46,708,21,0,2
46,711,21,0,2
47,634,22,0,2
47,661,46,1,2
47,665,22,0,2
47,671,72,3,0
47,690,72,3,0
47,700,22,0,2
47,701,22,0,2
47,704,72,3,0
47,708,22,0,2
47,711,22,0,2
48,634,47,1,2
48,665,23,0,2
48,669,73,3,0
48,671,73,3,0
48,690,73,3,0
48,700,47,1,2
48,701,47,1,2
48,704,47,1,2
48,708,47,1,2
48,711,47,1,2
49,634,48,1,2
49,665,24,0,2
49,669,74,3,0
49,671,74,3,0
49,690,74,3,0
49,700,48,1,2
49,703,25,2,3
49,704,48,1,2
49,708,48,1,2
49,711,48,1,2
50,634,74,3,2
50,661,51,1,1
50,665,25,0,2
50,669,75,2,0
50,671,75,2,0
50,690,75,2,0
50,700,74,3,2
50,704,74,3,2
50,711,74,3,2
51,669,52,2,1
51,671,76,3,0
51,690,76,3,0
51,704,50,1,1
51,711,50,1,1
52,671,77,3,0
52,690,77,3,0
52,711,51,1,2
53,671,78,3,0
53,690,78,3,0
53,691,54,2,1
53,711,52,1,2
54,671,79,3,0
54,690,79,3,0
54,711,55,2,1
55,671,80,3,0
55,690,80,3,0
55,711,56,2,1
56,669,81,3,0
56,671,81,3,0
56,690,81,3,0
56,700,57,2,1
56,704,57,2,1
56,711,57,2,1
57,634,58,2,1
57,665,32,0,3
57,669,82,3,0
57,671,82,3,0
57,690,82,3,0
57,700,58,2,1
57,704,58,2,1
57,708,58,2,1
57,711,58,2,1
58,634,59,2,1
58,665,33,0,3
58,669,83,3,0
58,671,83,3,0
58,690,83,3,0
58,700,59,2,1
58,704,59,2,1
58,708,59,2,1
58,711,59,2,1
59,634,60,2,1
59,665,34,0,3
59,669,84,3,0
59,671,84,3,0
59,690,84,3,0
59,700,60,2,1
59,701,60,2,1
59,704,60,2,1
59,708,60,2,1
59,711,60,2,1
60,634,35,0,3
60,665,35,0,3
60,671,85,3,0
60,701,35,0,3
60,708,35,0,3
60,711,35,0,3
61,634,36,0,3
61,665,60,1,2
61,669,60,1,2
61,671,60,1,2
61,690,60,1,2
61,700,36,0,3
61,701,36,0,3
61,704,86,3,0
61,708,36,0,3
61,711,36,0,3
62,634,37,0,3
62,665,61,1,2
62,669,61,1,2
62,671,61,1,2
62,690,61,1,2
62,700,37,0,3
62,703,61,1,2
62,704,87,3,0
62,708,37,0,3
62,711,37,0,3
63,661,62,1,2
63,669,62,1,2
63,671,62,1,2
63,690,62,1,2
63,700,38,0,3
63,704,88,3,0
63,711,38,0,3
64,669,63,1,2
64,671,63,1,2
64,690,63,1,2
64,704,89,3,0
64,711,39,0,3
65,671,64,1,2
65,690,64,1,2
65,711,40,0,3
66,671,67,2,1
66,691,65,1,2
66,711,41,0,3
67,671,68,2,1
67,690,68,2,1
67,711,42,0,3
68,669,67,1,2
68,671,69,2,1
68,690,69,2,1
68,704,93,3,0
68,711,43,0,3
69,634,44,0,3
69,661,68,1,2
69,665,70,2,1
69,669,70,2,1
69,671,70,2,1
69,690,70,2,1
69,700,44,0,3
69,704,94,3,0
69,711,44,0,3
70,634,45,0,3
70,665,71,2,1
70,669,71,2,1
70,671,71,2,1
70,690,71,2,1
70,700,45,0,3
70,703,69,1,2
70,704,95,3,0
70,708,45,0,3
70,711,45,0,3
71,634,46,0,3
71,665,72,2,1
71,669,72,2,1
71,671,72,2,1
71,690,72,2,1
71,700,46,0,3
71,701,46,0,3
71,704,96,3,0
71,708,46,0,3
71,711,46,0,3
72,634,47,0,3
72,665,47,0,3
72,671,97,3,0
72,701,47,0,3
72,708,47,0,3
72,711,47,0,3
73,634,72,1,2
73,665,48,0,3
73,669,98,3,0
73,671,98,3,0
73,690,98,3,0
73,700,72,1,2
73,701,72,1,2
73,704,72,1,2
73,708,72,1,2
73,711,72,1,2
74,634,73,1,2
74,665,49,0,3
74,669,99,3,0
74,671,99,3,0
74,690,99,3,0
74,700,73,1,2
74,703,50,2,3
74,704,73,1,2
74,708,73,1,2
74,711,73,1,2
75,634,99,3,2
75,661,76,1,1
75,665,50,0,2
75,669,100,2,0
75,671,100,2,0
75,690,76,1,1
75,700,99,3,2
75,704,99,3,2
75,711,99,3,2
76,669,77,2,1
76,671,101,3,0
76,690,77,2,1
76,704,75,1,1
76,711,75,1,1
77,671,102,3,0
77,690,78,2,1
77,711,76,1,2
78,671,103,3,0
78,690,690,69,0
78,691,79,2,1
78,711,77,1,2
79,671,104,3,0
79,711,80,2,1
80,671,105,3,0
80,690,79,1,2
80,711,81,2,1
81,669,106,3,0
81,671,106,3,0
81,690,80,1,2
81,700,82,2,1
81,704,82,2,1
81,711,82,2,1
82,634,83,2,1
82,665,57,0,3
82,669,107,3,0
82,671,107,3,0
82,690,81,1,2
82,700,83,2,1
82,704,83,2,1
82,708,83,2,1
82,711,83,2,1
83,634,84,2,1
83,665,58,0,3
83,669,108,3,0
83,671,108,3,0
83,690,82,1,2
83,700,84,2,1
83,704,84,2,1
83,708,84,2,1
83,711,84,2,1
84,634,85,2,1
84,665,59,0,3
84,669,109,3,0
84,671,109,3,0
84,690,83,1,2
84,700,85,2,1
84,701,85,2,1
84,704,85,2,1
84,708,85,2,1
84,711,85,2,1
85,634,60,0,3
85,665,60,0,3
85,669,110,3,0
85,671,110,3,0
85,690,84,1,2
85,701,60,0,3
85,708,60,0,3
85,711,110,3,0
86,634,61,0,3
86,665,85,1,2
86,669,85,1,2
86,671,85,1,2
86,690,85,1,2
86,700,61,0,3
86,701,61,0,3
86,704,111,3,0
86,708,61,0,3
86,711,111,3,0
87,634,62,0,3
87,665,86,1,2
87,669,86,1,2
87,671,86,1,2
87,690,86,1,2
87,700,62,0,3
87,703,86,1,2
87,704,112,3,0
87,708,62,0,3
87,711,112,3,0
88,661,87,1,2
88,669,87,1,2
88,671,87,1,2
88,690,87,1,2
88,700,63,0,3
88,704,113,3,0
88,711,113,3,0
89,669,88,1,2
89,671,88,1,2
89,690,88,1,2
89,704,114,3,0
89,711,114,3,0
90,671,89,1,2
90,690,89,1,2
90,711,115,3,0
91,671,92,2,1
91,691,90,1,2
91,711,116,3,0
92,671,93,2,1
92,690,93,2,1
92,711,117,3,0
93,671,94,2,1
93,690,94,2,1
93,704,118,3,0
93,711,118,3,0
94,634,69,0,3
94,661,93,1,2
94,665,95,2,1
94,669,95,2,1
94,671,95,2,1
94,690,95,2,1
94,700,69,0,3
94,704,119,3,0
94,711,119,3,0
95,634,70,0,3
95,665,96,2,1
95,669,96,2,1
95,671,96,2,1
95,690,96,2,1
95,700,70,0,3
95,703,94,1,2
95,704,120,3,0
95,708,70,0,3
95,711,120,3,0
96,634,71,0,3
96,665,97,2,1
96,669,97,2,1
96,671,97,2,1
96,690,97,2,1
96,700,71,0,3
96,701,71,0,3
96,704,121,3,0
96,708,71,0,3
96,711,121,3,0
97,634,72,0,3
97,665,72,0,3
97,669,122,3,0
97,671,122,3,0
97,690,98,2,1
97,701,72,0,3
97,708,72,0,3
97,711,122,3,0
98,634,97,1,2
98,665,73,0,3
98,669,123,3,0
98,671,123,3,0
98,690,99,2,1
98,700,97,1,2
98,701,97,1,2
98,704,97,1,2
98,708,97,1,2
98,711,97,1,2
99,634,98,1,2
99,665,74,0,3
99,669,124,3,0
99,671,124,3,0
99,690,75,2,3
99,700,98,1,2
99,703,75,2,3
99,704,98,1,2
99,708,98,1,2
99,711,98,1,2
100,634,124,3,2
100,661,101,1,1
100,665,75,0,2
100,669,125,2,0
100,671,125,2,0
100,690,75,0,2
100,700,124,3,2
100,704,124,3,2
100,711,124,3,2
101,669,102,2,1
101,671,126,3,0
101,690,76,0,3
101,704,100,1,1
101,711,100,1,1
102,671,127,3,0
102,690,77,0,3
102,711,101,1,2
103,671,128,3,0
103,690,78,0,3
103,691,104,2,1
103,711,102,1,2
104,671,129,3,0
104,690,79,0,3
104,711,105,2,1
105,671,130,3,0
105,690,80,0,3
105,711,106,2,1
106,669,131,3,0
106,671,131,3,0
106,690,81,0,3
106,700,107,2,1
106,704,107,2,1
106,711,107,2,1
107,634,108,2,1
107,665,82,0,3
107,669,132,3,0
107,671,132,3,0
107,690,82,0,3
107,700,108,2,1
107,704,108,2,1
107,708,108,2,1
107,711,108,2,1
108,634,109,2,1
108,665,83,0,3
108,669,133,3,0
108,671,133,3,0
108,690,83,0,3
108,700,109,2,1
108,704,109,2,1
108,708,109,2,1
108,711,109,2,1
109,634,110,2,1
109,665,84,0,3
109,669,134,3,0
109,671,134,3,0
109,690,84,0,3
109,700,110,2,1
109,701,110,2,1
109,704,110,2,1
109,708,110,2,1
109,711,110,2,1
110,634,85,0,3
110,665,85,0,3
110,669,135,3,0
110,671,135,3,0
110,690,85,0,3
110,704,111,2,1
110,708,85,0,3
110,711,135,3,0
111,634,86,0,3
111,665,110,1,2
111,669,110,1,2
111,671,110,1,2
111,690,110,1,2
111,700,86,0,3
111,701,86,0,3
111,704,112,2,1
111,708,86,0,3
111,711,136,3,0
112,634,87,0,3
112,665,111,1,2
112,669,111,1,2
112,671,111,1,2
112,690,111,1,2
112,700,87,0,3
112,703,111,1,2
112,704,113,2,1
112,708,87,0,3
112,711,137,3,0
113,661,112,1,2
113,669,112,1,2
113,671,112,1,2
113,690,112,1,2
113,700,88,0,3
113,704,114,2,1
113,711,138,3,0
114,669,113,1,2
114,671,113,1,2
114,690,113,1,2
114,704,704,83,0
114,711,139,3,0
115,671,114,1,2
115,690,114,1,2
115,711,140,3,0
116,671,117,2,1
116,691,115,1,2
116,711,141,3,0
117,671,118,2,1
117,690,118,2,1
117,711,142,3,0
118,669,117,1,2
118,671,119,2,1
118,690,119,2,1
118,711,143,3,0
119,634,94,0,3
119,661,118,1,2
119,665,120,2,1
119,669,120,2,1
119,671,120,2,1
119,690,120,2,1
119,700,94,0,3
119,704,118,1,2
119,711,144,3,0
120,634,95,0,3
120,665,121,2,1
120,669,121,2,1
120,671,121,2,1
120,690,121,2,1
120,700,95,0,3
120,703,119,1,2
120,704,119,1,2
120,708,95,0,3
120,711,145,3,0
121,634,96,0,3
121,665,122,2,1
121,669,122,2,1
121,671,122,2,1
121,690,122,2,1
121,700,96,0,3
121,701,96,0,3
121,704,120,1,2
121,708,96,0,3
121,711,146,3,0
122,634,97,0,3
122,665,97,0,3
122,669,147,3,0
122,671,147,3,0
122,690,97,0,3
122,704,121,1,2
122,708,97,0,3
122,711,147,3,0
123,634,122,1,2
123,665,98,0,3
123,669,148,3,0
123,671,148,3,0
123,690,98,0,3
123,700,122,1,2
123,701,122,1,2
123,704,122,1,2
123,708,122,1,2
123,711,122,1,2
124,634,123,1,2
124,665,99,0,3
124,669,149,3,0
124,671,149,3,0
124,690,99,0,3
124,700,123,1,2
124,703,100,2,3
124,704,123,1,2
124,708,123,1,2
124,711,123,1,2
125,634,149,3,2
125,661,126,1,1
125,665,100,0,2
125,669,150,2,0
125,671,150,2,0
125,690,100,0,2
125,700,149,3,2
125,704,149,3,2
125,711,149,3,2
126,669,127,2,1
126,671,151,3,0
126,690,101,0,3
126,704,125,1,1
126,711,125,1,1
127,671,152,3,0
127,690,102,0,3
127,711,126,1,2
128,671,153,3,0
128,690,103,0,3
128,691,129,2,1
128,711,127,1,2
129,671,154,3,0
129,690,104,0,3
129,711,130,2,1
130,671,155,3,0
130,690,105,0,3
130,711,131,2,1
131,669,156,3,0
131,671,156,3,0
131,690,106,0,3
131,700,132,2,1
131,704,132,2,1
131,711,132,2,1
132,634,133,2,1
132,665,107,0,3
132,669,157,3,0
132,671,157,3,0
132,690,107,0,3
132,700,133,2,1
132,704,133,2,1
132,708,133,2,1
132,711,133,2,1
133,634,134,2,1
133,665,108,0,3
133,669,158,3,0
133,671,158,3,0
133,690,108,0,3
133,700,134,2,1
133,704,134,2,1
133,708,134,2,1
133,711,134,2,1
134,634,135,2,1
134,665,109,0,3
134,669,159,3,0
134,671,159,3,0
134,690,109,0,3
134,700,135,2,1
134,701,135,2,1
134,704,135,2,1
134,708,135,2,1
134,711,135,2,1
134,721,721,100,0
135,634,110,0,3
135,665,110,0,3
135,669,160,3,0
135,671,160,3,0
135,690,110,0,3
135,700,160,3,0
135,704,110,0,3
135,708,110,0,3
135,711,160,3,0
135,721,134,1,2
136,634,111,0,3
136,665,135,1,2
136,669,135,1,2
136,671,135,1,2
136,690,135,1,2
136,700,161,3,0
136,701,111,0,3
136,704,111,0,3
136,708,111,0,3
136,711,161,3,0
137,634,112,0,3
137,665,136,1,2
137,669,136,1,2
137,671,136,1,2
137,690,136,1,2
137,700,162,3,0
137,703,136,1,2
137,704,112,0,3
137,708,112,0,3
137,711,162,3,0
138,661,137,1,2
138,669,137,1,2
138,671,137,1,2
138,690,137,1,2
138,700,163,3,0
138,704,113,0,3
138,711,163,3,0
139,669,138,1,2
139,671,138,1,2
139,690,138,1,2
139,704,114,0,3
139,711,164,3,0
140,671,139,1,2
140,690,139,1,2
140,711,165,3,0
141,671,142,2,1
141,691,140,1,2
141,711,166,3,0
142,671,143,2,1
142,690,143,2,1
142,711,167,3,0
143,669,142,1,2
143,671,144,2,1
143,690,144,2,1
143,704,118,0,3
143,711,168,3,0
144,634,119,0,3
144,661,143,1,2
144,665,145,2,1
144,669,145,2,1
144,671,145,2,1
144,690,145,2,1
144,700,169,3,0
144,704,119,0,3
144,711,169,3,0
145,634,120,0,3
145,665,146,2,1
145,669,146,2,1
145,671,146,2,1
145,690,146,2,1
145,700,170,3,0
145,703,144,1,2
145,704,120,0,3
145,708,120,0,3
145,711,170,3,0
146,634,121,0,3
146,665,147,2,1
146,669,147,2,1
146,671,147,2,1
146,690,147,2,1
146,700,171,3,0
146,701,121,0,3
146,704,121,0,3
146,708,121,0,3
146,711,171,3,0
147,634,122,0,3
147,665,122,0,3
147,669,172,3,0
147,671,172,3,0
147,690,122,0,3
147,700,172,3,0
147,704,122,0,3
147,708,122,0,3
147,711,172,3,0
147,721,148,2,1
148,634,147,1,2
148,665,123,0,3
148,669,173,3,0
148,671,173,3,0
148,690,123,0,3
148,700,147,1,2
148,701,147,1,2
148,704,147,1,2
148,708,147,1,2
148,711,147,1,2
149,634,148,1,2
149,665,124,0,3
149,669,174,3,0
149,671,174,3,0
149,690,124,0,3
149,700,148,1,2
149,703,125,2,3
149,704,148,1,2
149,708,148,1,2
149,711,148,1,2
150,634,174,3,2
150,661,151,1,1
150,665,125,0,2
150,669,175,2,0
150,671,175,2,0
150,690,125,0,2
150,700,174,3,2
150,704,174,3,2
150,711,174,3,2
151,669,152,2,1
151,671,176,3,0
151,690,126,0,3
151,704,150,1,1
151,711,150,1,1
152,671,177,3,0
152,690,127,0,3
152,711,151,1,2
153,671,178,3,0
153,690,128,0,3
153,691,154,2,1
153,711,152,1,2
154,671,179,3,0
154,690,129,0,3
154,711,155,2,1
155,671,180,3,0
155,690,130,0,3
155,711,156,2,1
156,669,181,3,0
156,671,181,3,0
156,690,131,0,3
156,700,157,2,1
156,704,157,2,1
156,711,157,2,1
157,634,158,2,1
157,665,132,0,3
157,669,182,3,0
157,671,182,3,0
157,690,132,0,3
157,700,158,2,1
157,704,158,2,1
157,708,158,2,1
157,711,158,2,1
158,634,159,2,1
158,665,133,0,3
158,669,183,3,0
158,671,183,3,0
158,690,133,0,3
158,700,159,2,1
158,704,159,2,1
158,708,159,2,1
158,711,159,2,1
159,634,160,2,1
159,665,134,0,3
159,669,184,3,0
159,671,184,3,0
159,690,134,0,3
159,700,160,2,1
159,701,160,2,1
159,704,160,2,1
159,708,160,2,1
159,711,160,2,1
159,721,134,0,3
160,634,135,0,3
160,669,185,3,0
160,671,185,3,0
160,690,135,0,3
160,700,185,3,0
160,704,135,0,3
160,708,135,0,3
160,711,185,3,0
160,721,135,0,3
161,634,136,0,3
161,665,160,1,2
161,669,160,1,2
161,671,160,1,2
161,690,160,1,2
161,700,186,3,0
161,701,136,0,3
161,704,136,0,3
161,708,136,0,3
161,711,186,3,0
162,634,137,0,3
162,665,161,1,2
162,669,161,1,2
162,671,161,1,2
162,690,161,1,2
162,700,187,3,0
162,703,161,1,2
162,704,137,0,3
162,708,137,0,3
162,711,187,3,0
163,661,162,1,2
163,669,162,1,2
163,671,162,1,2
163,690,162,1,2
163,700,188,3,0
163,704,138,0,3
163,711,188,3,0
164,669,163,1,2
164,671,163,1,2
164,690,163,1,2
164,704,139,0,3
164,711,189,3,0
165,671,164,1,2
165,690,164,1,2
165,711,190,3,0
166,671,167,2,1
166,691,165,1,2
166,711,191,3,0
167,671,168,2,1
167,690,168,2,1
167,711,192,3,0
168,669,167,1,2
168,671,169,2,1
168,690,169,2,1
168,704,143,0,3
168,711,193,3,0
169,634,144,0,3
169,661,168,1,2
169,665,170,2,1
169,669,170,2,1
169,671,170,2,1
169,690,170,2,1
169,700,194,3,0
169,704,144,0,3
169,711,194,3,0
170,634,145,0,3
170,665,171,2,1
170,669,171,2,1
170,671,171,2,1
170,690,171,2,1
170,700,195,3,0
170,703,169,1,2
170,704,145,0,3
170,708,145,0,3
170,711,195,3,0
171,634,146,0,3
171,665,172,2,1
171,669,172,2,1
171,671,172,2,1
171,690,172,2,1
171,700,196,3,0
171,701,146,0,3
171,704,146,0,3
171,708,146,0,3
171,711,196,3,0
172,634,147,0,3
172,669,197,3,0
172,671,197,3,0
172,690,147,0,3
172,700,197,3,0
172,704,147,0,3
172,708,147,0,3
172,711,197,3,0
172,721,147,0,3
173,634,172,1,2
173,665,148,0,3
173,669,198,3,0
173,671,198,3,0
173,690,148,0,3
173,700,172,1,2
173,701,172,1,2
173,704,172,1,2
173,708,172,1,2
173,711,172,1,2
174,634,173,1,2
174,665,149,0,3
174,669,199,3,0
174,671,199,3,0
174,690,149,0,3
174,700,173,1,2
174,703,150,2,3
174,704,173,1,2
174,708,173,1,2
174,711,173,1,2
175,634,199,3,2
175,661,176,1,1
175,665,150,0,2
175,669,200,2,0
175,671,200,2,0
175,690,150,0,2
175,700,199,3,2
175,704,199,3,2
175,711,199,3,2
176,669,177,2,1
176,671,201,3,0
176,690,151,0,3
176,704,175,1,1
176,711,175,1,1
177,671,202,3,0
177,690,152,0,3
177,711,176,1,2
178,671,203,3,0
178,690,153,0,3
178,691,179,2,1
178,711,177,1,2
179,671,204,3,0
179,690,154,0,3
179,711,180,2,1
180,671,205,3,0
180,690,155,0,3
180,711,181,2,1
181,669,206,3,0
181,671,206,3,0
181,690,156,0,3
181,700,182,2,1
181,704,182,2,1
181,711,182,2,1
182,634,183,2,1
182,665,157,0,3
182,669,207,3,0
182,671,207,3,0
182,690,157,0,3
182,700,183,2,1
182,704,183,2,1
182,708,183,2,1
182,711,183,2,1
183,634,184,2,1
183,665,158,0,3
183,669,208,3,0
183,671,208,3,0
183,690,158,0,3
183,700,184,2,1
183,704,184,2,1
183,708,184,2,1
183,711,184,2,1
184,634,185,2,1
184,665,159,0,3
184,669,209,3,0
184,671,209,3,0
184,690,159,0,3
184,700,185,2,1
184,701,185,2,1
184,704,185,2,1
184,708,185,2,1
184,711,185,2,1
185,634,160,0,3
185,669,210,3,0
185,671,210,3,0
185,690,160,0,3
185,700,210,3,0
185,704,160,0,3
185,708,160,0,3
185,711,210,3,0
186,634,161,0,3
186,665,185,1,2
186,669,185,1,2
186,671,185,1,2
186,690,185,1,2
186,700,211,3,0
186,701,161,0,3
186,704,161,0,3
186,708,161,0,3
186,711,211,3,0
187,634,162,0,3
187,665,186,1,2
187,669,186,1,2
187,671,186,1,2
187,690,186,1,2
187,700,212,3,0
187,703,186,1,2
187,704,162,0,3
187,708,162,0,3
187,711,212,3,0
188,661,187,1,2
188,669,187,1,2
188,671,187,1,2
188,690,187,1,2
188,700,213,3,0
188,704,163,0,3
188,711,213,3,0
189,669,188,1,2
189,671,188,1,2
189,690,188,1,2
189,704,164,0,3
189,711,214,3,0
190,671,189,1,2
190,690,189,1,2
190,711,215,3,0
191,671,192,2,1
191,691,190,1,2
191,711,216,3,0
192,671,193,2,1
192,690,193,2,1
192,711,217,3,0
193,669,192,1,2
193,671,194,2,1
193,690,194,2,1
193,704,168,0,3
193,711,218,3,0
194,634,169,0,3
194,661,193,1,2
194,665,195,2,1
194,669,195,2,1
194,671,195,2,1
194,690,195,2,1
194,700,219,3,0
194,704,169,0,3
194,711,219,3,0
195,634,170,0,3
195,665,196,2,1
195,669,196,2,1
195,671,196,2,1
195,690,196,2,1
195,700,220,3,0
195,703,194,1,2
195,704,170,0,3
195,708,170,0,3
195,711,220,3,0
196,634,171,0,3
196,665,197,2,1
196,669,197,2,1
196,671,197,2,1
196,690,197,2,1
196,700,221,3,0
196,701,171,0,3
196,704,171,0,3
196,708,171,0,3
196,711,221,3,0
197,634,172,0,3
197,669,222,3,0
197,671,222,3,0
197,690,172,0,3
197,700,222,3,0
197,704,172,0,3
197,708,172,0,3
197,711,222,3,0
198,634,197,1,2
198,665,173,0,3
198,669,223,3,0
198,671,223,3,0
198,690,173,0,3
198,700,197,1,2
198,701,197,1,2
198,704,197,1,2
198,708,197,1,2
198,711,197,1,2
199,634,198,1,2
199,665,174,0,3
199,669,224,3,0
199,671,224,3,0
199,690,174,0,3
199,700,198,1,2
199,703,175,2,3
199,704,198,1,2
199,708,198,1,2
199,711,198,1,2
200,634,224,3,2
200,661,201,1,1
200,665,175,0,2
200,669,225,2,0
200,671,225,2,0
200,690,175,0,2
200,700,224,3,2
200,704,224,3,2
200,711,224,3,2
201,669,202,2,1
201,671,226,3,0
201,690,176,0,3
201,704,200,1,1
201,711,200,1,1
202,671,227,3,0
202,690,177,0,3
202,711,201,1,2
203,671,228,3,0
203,690,178,0,3
203,691,204,2,1
203,711,202,1,2
204,671,229,3,0
204,690,179,0,3
204,711,205,2,1
205,671,230,3,0
205,690,180,0,3
205,711,206,2,1
206,669,231,3,0
206,671,231,3,0
206,690,181,0,3
206,700,207,2,1
206,704,207,2,1
206,711,207,2,1
207,634,208,2,1
207,665,182,0,3
207,669,232,3,0
207,671,232,3,0
207,690,182,0,3
207,700,208,2,1
207,704,208,2,1
207,708,208,2,1
207,711,208,2,1
208,634,209,2,1
208,665,183,0,3
208,669,233,3,0
208,671,233,3,0
208,690,183,0,3
208,700,209,2,1
208,704,209,2,1
208,708,209,2,1
208,711,209,2,1
209,634,210,2,1
209,665,184,0,3
209,669,234,3,0
209,671,234,3,0
209,690,184,0,3
209,700,210,2,1
209,701,210,2,1
209,704,210,2,1
209,708,210,2,1
209,711,210,2,1
210,669,235,3,0
210,671,235,3,0
210,690,185,0,3
210,700,235,3,0
210,704,185,0,3
210,711,235,3,0
211,634,236,3,0
211,665,210,1,2
211,669,210,1,2
211,671,210,1,2
211,690,210,1,2
211,700,236,3,0
211,701,186,0,3
211,704,186,0,3
211,708,186,0,3
211,711,236,3,0
212,634,237,3,0
212,665,211,1,2
212,669,211,1,2
212,671,211,1,2
212,690,211,1,2
212,700,237,3,0
212,703,211,1,2
212,704,187,0,3
212,708,187,0,3
212,711,237,3,0
213,661,212,1,2
213,669,212,1,2
213,671,212,1,2
213,690,212,1,2
213,700,238,3,0
213,704,188,0,3
213,711,238,3,0
214,669,213,1,2
214,671,213,1,2
214,690,213,1,2
214,704,189,0,3
214,711,239,3,0
215,671,214,1,2
215,690,214,1,2
215,711,240,3,0
216,671,217,2,1
216,691,215,1,2
216,711,241,3,0
217,671,218,2,1
217,690,218,2,1
217,711,242,3,0
218,669,217,1,2
218,671,219,2,1
218,690,219,2,1
218,704,193,0,3
218,711,243,3,0
219,634,244,3,0
219,661,218,1,2
219,665,220,2,1
219,669,220,2,1
219,671,220,2,1
219,690,220,2,1
219,700,244,3,0
219,704,194,0,3
219,711,244,3,0
220,634,245,3,0
220,665,221,2,1
220,669,221,2,1
220,671,221,2,1
220,690,221,2,1
220,700,245,3,0
220,703,219,1,2
220,704,195,0,3
220,708,195,0,3
220,711,245,3,0
221,634,246,3,0
221,665,222,2,1
221,669,222,2,1
221,671,222,2,1
221,690,222,2,1
221,700,246,3,0
221,701,196,0,3
221,704,196,0,3
221,708,196,0,3
221,711,246,3,0
222,669,247,3,0
222,671,247,3,0
222,690,197,0,3
222,700,247,3,0
222,704,197,0,3
222,711,247,3,0
223,634,222,1,2
223,665,198,0,3
223,669,248,3,0
223,671,248,3,0
223,690,198,0,3
223,700,222,1,2
223,701,222,1,2
223,704,222,1,2
223,708,222,1,2
223,711,222,1,2
224,634,223,1,2
224,665,199,0,3
224,669,249,3,0
224,671,249,3,0
224,690,199,0,3
224,700,223,1,2
224,703,200,2,3
224,704,223,1,2
224,708,223,1,2
224,711,223,1,2
225,634,249,3,2
225,661,226,1,1
225,665,200,0,2
225,669,250,2,0
225,671,250,2,0
225,690,200,0,2
225,700,249,3,2
225,704,249,3,2
225,711,249,3,2
226,669,227,2,1
226,671,251,3,0
226,690,201,0,3
226,704,225,1,1
226,711,225,1,1
227,671,252,3,0
227,690,202,0,3
227,711,226,1,2
228,671,253,3,0
228,690,203,0,3
228,691,229,2,1
228,711,227,1,2
229,671,254,3,0
229,690,204,0,3
229,711,230,2,1
230,671,255,3,0
230,690,205,0,3
230,711,231,2,1
231,669,256,3,0
231,671,256,3,0
231,690,206,0,3
231,700,232,2,1
231,704,232,2,1
231,711,232,2,1
232,634,233,2,1
232,665,207,0,3
232,669,257,3,0
232,671,257,3,0
232,690,207,0,3
232,700,233,2,1
232,704,233,2,1
232,708,233,2,1
232,711,233,2,1
233,634,234,2,1
233,665,208,0,3
233,669,258,3,0
233,671,258,3,0
233,690,208,0,3
233,700,234,2,1
233,704,234,2,1
233,708,234,2,1
233,711,234,2,1
234,634,235,2,1
234,665,209,0,3
234,669,259,3,0
234,671,259,3,0
234,690,209,0,3
234,700,235,2,1
234,701,235,2,1
234,704,235,2,1
234,708,235,2,1
234,711,235,2,1
235,669,260,3,0
235,671,260,3,0
235,690,210,0,3
235,700,260,3,0
235,704,210,0,3
235,711,260,3,0
236,634,261,3,0
236,665,235,1,2
236,669,235,1,2
236,671,235,1,2
236,690,235,1,2
236,700,261,3,0
236,701,211,0,3
236,704,211,0,3
236,708,211,0,3
236,711,261,3,0
237,634,262,3,0
237,665,236,1,2
237,669,236,1,2
237,671,236,1,2
237,690,236,1,2
237,700,262,3,0
237,703,236,1,2
237,704,212,0,3
237,708,212,0,3
237,711,262,3,0
238,661,237,1,2
238,669,237,1,2
238,671,237,1,2
238,690,237,1,2
238,700,263,3,0
238,704,213,0,3
238,711,263,3,0
239,669,238,1,2
239,671,238,1,2
239,690,238,1,2
239,704,214,0,3
239,711,264,3,0
240,671,239,1,2
240,690,239,1,2
240,711,265,3,0
241,671,242,2,1
241,691,240,1,2
241,711,266,3,0
242,671,243,2,1
242,690,243,2,1
242,711,267,3,0
243,669,242,1,2
243,671,244,2,1
243,690,244,2,1
243,704,218,0,3
243,711,268,3,0
244,634,269,3,0
244,661,243,1,2
244,665,245,2,1
244,669,245,2,1
244,671,245,2,1
244,690,245,2,1
244,700,269,3,0
244,704,219,0,3
244,711,269,3,0
245,634,270,3,0
245,665,246,2,1
245,669,246,2,1
245,671,246,2,1
245,690,246,2,1
245,700,270,3,0
245,703,244,1,2
245,704,220,0,3
245,708,220,0,3
245,711,270,3,0
246,634,271,3,0
246,665,247,2,1
246,669,247,2,1
246,671,247,2,1
246,690,247,2,1
246,700,271,3,0
246,701,221,0,3
246,704,221,0,3
246,708,221,0,3
246,711,271,3,0
247,669,272,3,0
247,671,272,3,0
247,690,222,0,3
247,700,272,3,0
247,704,222,0,3
247,711,272,3,0
248,634,247,1,2
248,665,223,0,3
248,669,273,3,0
248,671,273,3,0
248,690,223,0,3
248,700,247,1,2
248,701,247,1,2
248,704,247,1,2
248,708,247,1,2
248,711,247,1,2
249,634,248,1,2
249,665,224,0,3
249,669,274,3,0
249,671,274,3,0
249,690,224,0,3
249,700,248,1,2
249,703,225,2,3
249,704,248,1,2
249,708,248,1,2
249,711,248,1,2
250,634,274,3,2
250,661,251,1,1
250,665,275,2,0
250,669,275,2,0
250,671,251,1,1
250,690,225,0,2
250,700,274,3,2
250,704,274,3,2
250,711,274,3,2
251,669,252,2,1
251,671,252,2,1
251,690,226,0,3
251,704,250,1,1
251,711,250,1,1
252,671,253,2,1
252,690,227,0,3
252,711,251,1,2
253,671,671,50,0
253,690,228,0,3
253,691,254,2,1
253,711,252,1,2
254,671,253,1,2
254,690,229,0,3
254,711,255,2,1
255,671,254,1,2
255,690,230,0,3
255,711,256,2,1
256,669,281,3,0
256,671,255,1,2
256,690,231,0,3
256,700,257,2,1
256,704,257,2,1
256,711,257,2,1
257,634,258,2,1
257,665,282,3,0
257,669,282,3,0
257,671,256,1,2
257,690,232,0,3
257,700,258,2,1
257,704,258,2,1
257,708,258,2,1
257,711,258,2,1
258,634,259,2,1
258,665,283,3,0
258,669,283,3,0
258,671,257,1,2
258,690,233,0,3
258,700,259,2,1
258,704,259,2,1
258,708,259,2,1
258,711,259,2,1
259,634,260,2,1
259,665,284,3,0
259,669,284,3,0
259,671,258,1,2
259,690,234,0,3
259,700,260,2,1
259,701,260,2,1
259,704,260,2,1
259,708,260,2,1
259,711,260,2,1
260,665,285,3,0
260,669,285,3,0
260,671,259,1,2
260,690,235,0,3
260,700,285,3,0
260,704,235,0,3
260,711,285,3,0
261,634,286,3,0
261,665,260,1,2
261,669,260,1,2
261,671,260,1,2
261,690,260,1,2
261,700,286,3,0
261,701,236,0,3
261,704,236,0,3
261,708,236,0,3
261,711,286,3,0
262,634,287,3,0
262,665,261,1,2
262,669,261,1,2
262,671,261,1,2
262,690,261,1,2
262,700,287,3,0
262,703,261,1,2
262,704,237,0,3
262,708,237,0,3
262,711,287,3,0
263,661,262,1,2
263,669,262,1,2
263,671,262,1,2
263,690,262,1,2
263,700,288,3,0
263,704,238,0,3
263,711,288,3,0
264,669,263,1,2
264,671,263,1,2
264,690,263,1,2
264,704,239,0,3
264,711,289,3,0
265,671,264,1,2
265,690,264,1,2
265,711,290,3,0
266,671,267,2,1
266,691,265,1,2
266,711,291,3,0
267,671,268,2,1
267,690,268,2,1
267,711,292,3,0
268,669,267,1,2
268,671,269,2,1
268,690,269,2,1
268,704,243,0,3
268,711,293,3,0
269,634,294,3,0
269,661,268,1,2
269,665,270,2,1
269,669,270,2,1
269,671,270,2,1
269,690,270,2,1
269,700,294,3,0
269,704,244,0,3
269,711,294,3,0
270,634,295,3,0
270,665,271,2,1
270,669,271,2,1
270,671,271,2,1
270,690,271,2,1
270,700,295,3,0
270,703,269,1,2
270,704,245,0,3
270,708,245,0,3
270,711,295,3,0
271,634,296,3,0
271,665,272,2,1
271,669,272,2,1
271,671,272,2,1
271,690,272,2,1
271,700,296,3,0
271,701,246,0,3
271,704,246,0,3
271,708,246,0,3
271,711,296,3,0
272,665,297,3,0
272,669,297,3,0
272,671,273,2,1
272,690,247,0,3
272,700,297,3,0
272,704,247,0,3
272,711,297,3,0
273,634,272,1,2
273,665,298,3,0
273,669,298,3,0
273,671,274,2,1
273,690,248,0,3
273,700,272,1,2
273,701,272,1,2
273,704,272,1,2
273,708,272,1,2
273,711,272,1,2
274,634,273,1,2
274,665,299,3,0
274,669,299,3,0
274,671,250,2,3
274,690,249,0,3
274,700,273,1,2
274,703,250,2,3
274,704,273,1,2
274,708,273,1,2
274,711,273,1,2
275,634,299,3,2
275,661,276,1,1
275,665,300,2,0
275,669,300,2,0
275,671,250,0,2
275,690,250,0,2
275,700,299,3,2
275,704,299,3,2
275,711,299,3,2
276,669,277,2,1
276,671,251,0,3
276,690,251,0,3
276,704,275,1,1
276,711,275,1,1
277,671,252,0,3
277,690,252,0,3
277,711,276,1,2
278,671,253,0,3
278,690,253,0,3
278,691,279,2,1
278,711,277,1,2
279,671,254,0,3
279,690,254,0,3
279,711,280,2,1
280,671,255,0,3
280,690,255,0,3
280,711,281,2,1
281,669,306,3,0
281,671,256,0,3
281,690,256,0,3
281,700,282,2,1
281,704,282,2,1
281,711,282,2,1
282,634,283,2,1
282,665,307,3,0
282,669,307,3,0
282,671,257,0,3
282,690,257,0,3
282,700,283,2,1
282,704,283,2,1
282,708,283,2,1
282,711,283,2,1
283,634,284,2,1
283,665,308,3,0
283,669,308,3,0
283,671,258,0,3
283,690,258,0,3
283,700,284,2,1
283,704,284,2,1
283,708,284,2,1
283,711,284,2,1
284,634,285,2,1
284,665,309,3,0
284,669,309,3,0
284,671,259,0,3
284,690,259,0,3
284,700,285,2,1
284,701,285,2,1
284,704,285,2,1
284,708,285,2,1
284,711,285,2,1
285,665,310,3,0
285,669,310,3,0
285,671,260,0,3
285,690,260,0,3
285,700,310,3,0
285,704,260,0,3
285,711,310,3,0
286,634,311,3,0
286,665,285,1,2
286,669,285,1,2
286,671,285,1,2
286,690,285,1,2
286,700,311,3,0
286,701,261,0,3
286,704,261,0,3
286,708,261,0,3
286,711,311,3,0
287,634,312,3,0
287,665,286,1,2
287,669,286,1,2
287,671,286,1,2
287,690,286,1,2
287,700,312,3,0
287,703,286,1,2
287,704,262,0,3
287,708,262,0,3
287,711,312,3,0
288,661,287,1,2
288,669,287,1,2
288,671,287,1,2
288,690,287,1,2
288,700,313,3,0
288,704,263,0,3
288,711,313,3,0
289,669,288,1,2
289,671,288,1,2
289,690,288,1,2
289,704,264,0,3
289,711,314,3,0
290,671,289,1,2
290,690,289,1,2
290,711,315,3,0
291,671,292,2,1
291,691,290,1,2
291,711,316,3,0
292,671,293,2,1
292,690,293,2,1
292,711,317,3,0
293,669,292,1,2
293,671,294,2,1
293,690,294,2,1
293,704,268,0,3
293,711,318,3,0
294,634,319,3,0
294,661,293,1,2
294,665,295,2,1
294,669,295,2,1
294,671,295,2,1
294,690,295,2,1
294,700,319,3,0
294,704,269,0,3
294,711,319,3,0
295,634,320,3,0
295,665,296,2,1
295,669,296,2,1
295,671,296,2,1
295,690,296,2,1
295,700,320,3,0
295,703,294,1,2
295,704,270,0,3
295,708,270,0,3
295,711,320,3,0
296,634,321,3,0
296,665,297,2,1
296,669,297,2,1
296,671,297,2,1
296,690,297,2,1
296,700,321,3,0
296,701,271,0,3
296,704,271,0,3
296,708,271,0,3
296,711,321,3,0
297,665,322,3,0
297,669,322,3,0
297,671,272,0,3
297,690,272,0,3
297,700,322,3,0
297,704,272,0,3
297,711,322,3,0
298,634,297,1,2
298,665,323,3,0
298,669,323,3,0
298,671,273,0,3
298,690,273,0,3
298,700,297,1,2
298,701,297,1,2
298,704,297,1,2
298,708,297,1,2
298,711,297,1,2
299,634,298,1,2
299,665,324,3,0
299,669,324,3,0
299,671,274,0,3
299,690,274,0,3
299,700,298,1,2
299,703,275,2,3
299,704,298,1,2
299,708,298,1,2
299,711,298,1,2
300,634,324,3,2
300,661,301,1,1
300,665,325,2,0
300,669,301,1,1
300,671,275,0,2
300,690,275,0,2
300,700,324,3,2
300,704,324,3,2
300,711,324,3,2
301,669,302,2,1
301,671,276,0,3
301,690,276,0,3
301,704,300,1,1
301,711,300,1,1
302,671,277,0,3
302,690,277,0,3
302,711,301,1,2
303,671,278,0,3
303,690,278,0,3
303,691,304,2,1
303,711,302,1,2
304,671,279,0,3
304,690,279,0,3
304,711,305,2,1
305,671,280,0,3
305,690,280,0,3
305,711,306,2,1
306,669,669,48,0
306,671,281,0,3
306,690,281,0,3
306,700,307,2,1
306,704,307,2,1
306,711,307,2,1
307,634,308,2,1
307,665,332,3,0
307,669,306,1,2
307,671,282,0,3
307,690,282,0,3
307,700,308,2,1
307,704,308,2,1
307,708,308,2,1
307,711,308,2,1
308,634,309,2,1
308,665,333,3,0
308,669,307,1,2
308,671,283,0,3
308,690,283,0,3
308,700,309,2,1
308,704,309,2,1
308,708,309,2,1
308,711,309,2,1
309,634,310,2,1
309,665,334,3,0
309,669,308,1,2
309,671,284,0,3
309,690,284,0,3
309,700,310,2,1
309,701,310,2,1
309,704,310,2,1
309,708,310,2,1
309,711,310,2,1
310,634,335,3,0
310,665,335,3,0
310,669,309,1,2
310,671,285,0,3
310,690,285,0,3
310,700,335,3,0
310,703,285,0,3
310,704,285,0,3
310,711,335,3,0
311,634,336,3,0
311,665,310,1,2
311,669,310,1,2
311,671,310,1,2
311,690,310,1,2
311,700,336,3,0
311,701,286,0,3
311,703,286,0,3
311,704,286,0,3
311,708,286,0,3
311,711,336,3,0
312,634,337,3,0
312,665,311,1,2
312,669,311,1,2
312,671,311,1,2
312,690,311,1,2
312,700,337,3,0
312,703,311,1,2
312,704,287,0,3
312,708,287,0,3
312,711,337,3,0
313,661,312,1,2
313,669,312,1,2
313,671,312,1,2
313,690,312,1,2
313,700,338,3,0
313,704,288,0,3
313,711,338,3,0
314,669,313,1,2
314,671,313,1,2
314,690,313,1,2
314,704,289,0,3
314,711,339,3,0
315,671,314,1,2
315,690,314,1,2
315,711,340,3,0
316,671,317,2,1
316,691,315,1,2
316,711,341,3,0
317,671,318,2,1
317,690,318,2,1
317,711,342,3,0
318,669,317,1,2
318,671,319,2,1
318,690,319,2,1
318,704,293,0,3
318,711,343,3,0
319,634,344,3,0
319,661,318,1,2
319,665,320,2,1
319,669,320,2,1
319,671,320,2,1
319,690,320,2,1
319,700,344,3,0
319,704,294,0,3
319,711,344,3,0
320,634,345,3,0
320,665,321,2,1
320,669,321,2,1
320,671,321,2,1
320,690,321,2,1
320,700,345,3,0
320,703,319,1,2
320,704,295,0,3
320,708,295,0,3
320,711,345,3,0
321,634,346,3,0
321,665,322,2,1
321,669,322,2,1
321,671,322,2,1
321,690,322,2,1
321,700,346,3,0
321,701,296,0,3
321,703,296,0,3
321,704,296,0,3
321,708,296,0,3
321,711,346,3,0
322,634,347,3,0
322,665,347,3,0
322,669,323,2,1
322,671,297,0,3
322,690,297,0,3
322,700,347,3,0
322,703,297,0,3
322,704,297,0,3
322,711,347,3,0
323,634,322,1,2
323,665,348,3,0
323,669,324,2,1
323,671,298,0,3
323,690,298,0,3
323,700,322,1,2
323,701,322,1,2
323,704,322,1,2
323,708,322,1,2
323,711,322,1,2
324,634,323,1,2
324,665,349,3,0
324,669,300,2,3
324,671,299,0,3
324,690,299,0,3
324,700,323,1,2
324,703,300,2,3
324,704,323,1,2
324,708,323,1,2
324,711,323,1,2
325,634,349,3,2
325,661,326,1,1
325,665,350,2,0
325,669,300,0,2
325,671,300,0,2
325,690,300,0,2
325,700,349,3,2
325,704,349,3,2
325,711,349,3,2
326,669,327,2,1
326,671,301,0,3
326,690,301,0,3
326,704,325,1,1
326,711,325,1,1
327,671,302,0,3
327,690,302,0,3
327,711,326,1,2
328,671,303,0,3
328,690,303,0,3
328,691,329,2,1
328,711,327,1,2
329,671,304,0,3
329,690,304,0,3
329,711,330,2,1
330,671,305,0,3
330,690,305,0,3
330,711,331,2,1
331,669,306,0,3
331,671,306,0,3
331,690,306,0,3
331,700,332,2,1
331,704,332,2,1
331,711,332,2,1
332,634,333,2,1
332,665,357,3,0
332,669,307,0,3
332,671,307,0,3
332,690,307,0,3
332,700,333,2,1
332,704,333,2,1
332,708,333,2,1
332,711,333,2,1
333,634,334,2,1
333,665,358,3,0
333,669,308,0,3
333,671,308,0,3
333,690,308,0,3
333,700,334,2,1
333,704,334,2,1
333,708,334,2,1
333,711,334,2,1
334,634,335,2,1
334,665,359,3,0
334,669,309,0,3
334,671,309,0,3
334,690,309,0,3
334,700,335,2,1
334,701,335,2,1
334,704,335,2,1
334,708,335,2,1
334,711,335,2,1
335,634,360,3,0
335,661,310,0,3
335,665,360,3,0
335,671,310,0,3
335,690,310,0,3
335,700,360,3,0
335,701,360,3,0
335,704,310,0,3
335,708,360,3,0
335,711,360,3,0
336,634,361,3,0
336,661,311,0,3
336,665,335,1,2
336,669,335,1,2
336,671,335,1,2
336,690,335,1,2
336,700,361,3,0
336,701,361,3,0
336,704,311,0,3
336,708,361,3,0
336,711,361,3,0
337,634,362,3,0
337,661,312,0,3
337,665,336,1,2
337,669,336,1,2
337,671,336,1,2
337,690,336,1,2
337,700,362,3,0
337,703,336,1,2
337,704,312,0,3
337,708,362,3,0
337,711,362,3,0
338,661,337,1,2
338,669,337,1,2
338,671,337,1,2
338,690,337,1,2
338,700,363,3,0
338,704,313,0,3
338,711,363,3,0
339,669,338,1,2
339,671,338,1,2
339,690,338,1,2
339,704,314,0,3
339,711,364,3,0
340,671,339,1,2
340,690,339,1,2
340,711,365,3,0
341,671,342,2,1
341,691,340,1,2
341,711,366,3,0
342,671,343,2,1
342,690,343,2,1
342,711,367,3,0
343,669,342,1,2
343,671,344,2,1
343,690,344,2,1
343,704,318,0,3
343,711,368,3,0
344,634,369,3,0
344,661,343,1,2
344,665,345,2,1
344,669,345,2,1
344,671,345,2,1
344,690,345,2,1
344,700,369,3,0
344,704,319,0,3
344,711,369,3,0
345,634,370,3,0
345,661,320,0,3
345,665,346,2,1
345,669,346,2,1
345,671,346,2,1
345,690,346,2,1
345,700,370,3,0
345,703,344,1,2
345,704,320,0,3
345,708,370,3,0
345,711,370,3,0
346,634,371,3,0
346,661,321,0,3
346,665,347,2,1
346,669,347,2,1
346,671,347,2,1
346,690,347,2,1
346,700,371,3,0
346,701,371,3,0
346,704,321,0,3
346,708,371,3,0
346,711,371,3,0
347,634,372,3,0
347,661,322,0,3
347,665,372,3,0
347,671,322,0,3
347,690,322,0,3
347,700,372,3,0
347,701,372,3,0
347,704,322,0,3
347,708,372,3,0
347,711,372,3,0
348,634,347,1,2
348,665,373,3,0
348,669,323,0,3
348,671,323,0,3
348,690,323,0,3
348,700,347,1,2
348,701,347,1,2
348,704,347,1,2
348,708,347,1,2
348,711,347,1,2
349,634,348,1,2
349,665,374,3,0
349,669,324,0,3
349,671,324,0,3
349,690,324,0,3
349,700,348,1,2
349,703,325,2,3
349,704,348,1,2
349,708,348,1,2
349,711,348,1,2
350,634,374,3,2
350,661,351,1,1
350,665,375,2,0
350,669,325,0,2
350,671,325,0,2
350,690,325,0,2
350,700,374,3,2
350,704,374,3,2
350,711,374,3,2
351,669,352,2,1
351,671,326,0,3
351,690,326,0,3
351,704,350,1,1
351,711,350,1,1
352,671,327,0,3
352,690,327,0,3
352,711,351,1,2
353,671,328,0,3
353,690,328,0,3
353,691,354,2,1
353,711,352,1,2
354,671,329,0,3
354,690,329,0,3
354,711,355,2,1
355,671,330,0,3
355,690,330,0,3
355,711,356,2,1
356,669,331,0,3
356,671,331,0,3
356,690,331,0,3
356,700,357,2,1
356,704,357,2,1
356,711,357,2,1
357,634,358,2,1
357,665,382,3,0
357,669,332,0,3
357,671,332,0,3
357,690,332,0,3
357,700,358,2,1
357,704,358,2,1
357,708,358,2,1
357,711,358,2,1
358,634,359,2,1
358,665,383,3,0
358,669,333,0,3
358,671,333,0,3
358,690,333,0,3
358,700,359,2,1
358,704,359,2,1
358,708,359,2,1
358,711,359,2,1
359,634,360,2,1
359,665,384,3,0
359,669,334,0,3
359,671,334,0,3
359,690,334,0,3
359,700,360,2,1
359,701,360,2,1
359,704,360,2,1
359,708,360,2,1
359,711,360,2,1
360,634,385,3,0
360,665,385,3,0
360,671,335,0,3
360,690,335,0,3
360,701,385,3,0
360,704,335,0,3
360,708,385,3,0
360,711,385,3,0
361,634,386,3,0
361,665,360,1,2
361,669,360,1,2
361,671,360,1,2
361,690,360,1,2
361,700,386,3,0
361,701,386,3,0
361,704,336,0,3
361,708,386,3,0
361,711,386,3,0
362,634,387,3,0
362,665,361,1,2
362,669,361,1,2
362,671,361,1,2
362,690,361,1,2
362,700,387,3,0
362,703,361,1,2
362,704,337,0,3
362,708,387,3,0
362,711,387,3,0
363,661,362,1,2
363,669,362,1,2
363,671,362,1,2
363,690,362,1,2
363,700,388,3,0
363,704,338,0,3
363,711,388,3,0
364,669,363,1,2
364,671,363,1,2
364,690,363,1,2
364,704,339,0,3
364,711,389,3,0
365,671,364,1,2
365,690,364,1,2
365,711,390,3,0
366,671,367,2,1
366,691,365,1,2
366,711,391,3,0
367,671,368,2,1
367,690,368,2,1
367,711,392,3,0
368,669,367,1,2
368,671,369,2,1
368,690,369,2,1
368,704,343,0,3
368,711,393,3,0
369,634,394,3,0
369,661,368,1,2
369,665,370,2,1
369,669,370,2,1
369,671,370,2,1
369,690,370,2,1
369,700,394,3,0
369,704,344,0,3
369,711,394,3,0
370,634,395,3,0
370,665,371,2,1
370,669,371,2,1
370,671,371,2,1
370,690,371,2,1
370,700,395,3,0
370,703,369,1,2
370,704,345,0,3
370,708,395,3,0
370,711,395,3,0
371,634,396,3,0
371,665,372,2,1
371,669,372,2,1
371,671,372,2,1
371,690,372,2,1
371,700,396,3,0
371,701,396,3,0
371,704,346,0,3
371,708,396,3,0
371,711,396,3,0
372,634,397,3,0
372,665,397,3,0
372,671,347,0,3
372,690,347,0,3
372,701,397,3,0
372,704,347,0,3
372,708,397,3,0
372,711,397,3,0
373,634,372,1,2
373,665,398,3,0
373,669,348,0,3
373,671,348,0,3
373,690,348,0,3
373,700,372,1,2
373,701,372,1,2
373,704,372,1,2
373,708,372,1,2
373,711,372,1,2
374,634,373,1,2
374,665,399,3,0
374,669,349,0,3
374,671,349,0,3
374,690,349,0,3
374,700,373,1,2
374,703,350,2,3
374,704,373,1,2
374,708,373,1,2
374,711,373,1,2
375,634,399,3,2
375,661,376,1,1
375,665,400,2,0
375,669,350,0,2
375,671,350,0,2
375,690,350,0,2
375,700,399,3,2
375,704,399,3,2
375,711,399,3,2
376,669,377,2,1
376,671,351,0,3
376,690,351,0,3
376,704,375,1,1
376,711,375,1,1
377,671,352,0,3
377,690,352,0,3
377,711,376,1,2
378,671,353,0,3
378,690,353,0,3
378,691,379,2,1
378,711,377,1,2
379,671,354,0,3
379,690,354,0,3
379,711,380,2,1
380,671,355,0,3
380,690,355,0,3
380,711,381,2,1
381,669,356,0,3
381,671,356,0,3
381,690,356,0,3
381,700,382,2,1
381,704,382,2,1
381,711,382,2,1
382,634,383,2,1
382,665,407,3,0
382,669,357,0,3
382,671,357,0,3
382,690,357,0,3
382,700,383,2,1
382,704,383,2,1
382,708,383,2,1
382,711,383,2,1
383,634,384,2,1
383,665,408,3,0
383,669,358,0,3
383,671,358,0,3
383,690,358,0,3
383,700,384,2,1
383,704,384,2,1
383,708,384,2,1
383,711,384,2,1
384,634,385,2,1
384,665,409,3,0
384,669,359,0,3
384,671,359,0,3
384,690,359,0,3
384,700,385,2,1
384,701,385,2,1
384,704,385,2,1
384,708,385,2,1
384,711,385,2,1
385,634,410,3,0
385,665,410,3,0
385,671,360,0,3
385,701,410,3,0
385,708,410,3,0
385,711,386,2,1
386,634,411,3,0
386,665,385,1,2
386,669,385,1,2
386,671,385,1,2
386,690,385,1,2
386,700,411,3,0
386,701,411,3,0
386,704,361,0,3
386,708,411,3,0
386,711,387,2,1
387,634,412,3,0
387,665,386,1,2
387,669,386,1,2
387,671,386,1,2
387,690,386,1,2
387,700,412,3,0
387,703,386,1,2
387,704,362,0,3
387,708,412,3,0
387,711,388,2,1
388,661,387,1,2
388,669,387,1,2
388,671,387,1,2
388,690,387,1,2
388,700,413,3,0
388,704,363,0,3
388,711,389,2,1
389,669,388,1,2
389,671,388,1,2
389,690,388,1,2
389,704,364,0,3
389,711,390,2,1
390,671,389,1,2
390,690,389,1,2
390,711,391,2,1
391,671,392,2,1
391,691,390,1,2
391,711,711,90,0
392,671,393,2,1
392,690,393,2,1
392,711,391,1,2
393,669,392,1,2
393,671,394,2,1
393,690,394,2,1
393,704,368,0,3
393,711,392,1,2
394,634,419,3,0
394,661,393,1,2
394,665,395,2,1
394,669,395,2,1
394,671,395,2,1
394,690,395,2,1
394,700,419,3,0
394,704,369,0,3
394,711,393,1,2
395,634,420,3,0
395,665,396,2,1
395,669,396,2,1
395,671,396,2,1
395,690,396,2,1
395,700,420,3,0
395,703,394,1,2
395,704,370,0,3
395,708,420,3,0
395,711,394,1,2
396,634,421,3,0
396,665,397,2,1
396,669,397,2,1
396,671,397,2,1
396,690,397,2,1
396,700,421,3,0
396,701,421,3,0
396,704,371,0,3
396,708,421,3,0
396,711,395,1,2
397,634,422,3,0
397,665,422,3,0
397,671,372,0,3
397,701,422,3,0
397,708,422,3,0
397,711,396,1,2
398,634,397,1,2
398,665,423,3,0
398,669,373,0,3
398,671,373,0,3
398,690,373,0,3
398,700,397,1,2
398,701,397,1,2
398,704,397,1,2
398,708,397,1,2
398,711,397,1,2
399,634,398,1,2
399,665,424,3,0
399,669,374,0,3
399,671,374,0,3
399,690,374,0,3
399,700,398,1,2
399,703,375,2,3
399,704,398,1,2
399,708,398,1,2
399,711,398,1,2
400,634,424,3,2
400,661,401,1,1
400,665,425,2,0
400,669,375,0,2
400,671,375,0,2
400,690,425,2,0
400,700,424,3,2
400,704,424,3,2
400,711,424,3,2
401,669,402,2,1
401,671,376,0,3
401,690,426,3,0
401,704,400,1,1
401,711,400,1,1
402,671,377,0,3
402,690,427,3,0
402,711,401,1,2
403,671,378,0,3
403,690,428,3,0
403,691,404,2,1
403,711,402,1,2
404,671,379,0,3
404,690,429,3,0
404,711,405,2,1
405,671,380,0,3
405,690,430,3,0
405,711,406,2,1
406,669,381,0,3
406,671,381,0,3
406,690,431,3,0
406,700,407,2,1
406,704,407,2,1
406,711,407,2,1
407,634,408,2,1
407,665,432,3,0
407,669,382,0,3
407,671,382,0,3
407,690,432,3,0
407,700,408,2,1
407,704,408,2,1
407,708,408,2,1
407,711,408,2,1
408,634,409,2,1
408,665,433,3,0
408,669,383,0,3
408,671,383,0,3
408,690,433,3,0
408,700,409,2,1
408,704,409,2,1
408,708,409,2,1
408,711,409,2,1
409,634,410,2,1
409,665,434,3,0
409,669,384,0,3
409,671,384,0,3
409,690,434,3,0
409,700,410,2,1
409,701,410,2,1
409,704,410,2,1
409,708,410,2,1
409,711,410,2,1
410,634,435,3,0
410,665,435,3,0
410,669,385,0,3
410,671,385,0,3
410,690,435,3,0
410,708,435,3,0
410,711,385,0,3
411,634,436,3,0
411,665,410,1,2
411,669,410,1,2
411,671,410,1,2
411,690,410,1,2
411,700,436,3,0
411,701,436,3,0
411,704,386,0,3
411,708,436,3,0
411,711,386,0,3
412,634,437,3,0
412,665,411,1,2
412,669,411,1,2
412,671,411,1,2
412,690,411,1,2
412,700,437,3,0
412,703,411,1,2
412,704,387,0,3
412,708,437,3,0
412,711,387,0,3
413,661,412,1,2
413,669,412,1,2
413,671,412,1,2
413,690,412,1,2
413,700,438,3,0
413,704,388,0,3
413,711,388,0,3
414,669,413,1,2
414,671,413,1,2
414,690,413,1,2
414,704,389,0,3
414,711,389,0,3
415,671,414,1,2
415,690,414,1,2
415,711,390,0,3
416,671,417,2,1
416,691,415,1,2
416,711,391,0,3
417,671,418,2,1
417,690,418,2,1
417,711,392,0,3
418,669,417,1,2
418,671,419,2,1
418,690,419,2,1
418,704,393,0,3
418,711,393,0,3
419,634,444,3,0
419,661,418,1,2
419,665,420,2,1
419,669,420,2,1
419,671,420,2,1
419,690,420,2,1
419,700,444,3,0
419,704,394,0,3
419,711,394,0,3
420,634,445,3,0
420,665,421,2,1
420,669,421,2,1
420,671,421,2,1
420,690,421,2,1
420,700,445,3,0
420,703,419,1,2
420,704,395,0,3
420,708,445,3,0
420,711,395,0,3
421,634,446,3,0
421,665,422,2,1
421,669,422,2,1
421,671,422,2,1
421,690,422,2,1
421,700,446,3,0
421,701,446,3,0
421,704,396,0,3
421,708,446,3,0
421,711,396,0,3
422,634,447,3,0
422,665,447,3,0
422,669,397,0,3
422,671,397,0,3
422,690,447,3,0
422,708,447,3,0
422,711,397,0,3
423,634,422,1,2
423,665,448,3,0
423,669,398,0,3
423,671,398,0,3
423,690,448,3,0
423,700,422,1,2
423,701,422,1,2
423,704,422,1,2
423,708,422,1,2
423,711,422,1,2
424,634,423,1,2
424,665,449,3,0
424,669,399,0,3
424,671,399,0,3
424,690,449,3,0
424,700,423,1,2
424,703,400,2,3
424,704,423,1,2
424,708,423,1,2
424,711,423,1,2
425,634,449,3,2
425,661,426,1,1
425,665,450,2,0
425,669,400,0,2
425,671,400,0,2
425,690,450,2,0
425,700,449,3,2
425,704,449,3,2
425,711,449,3,2
426,669,427,2,1
426,671,401,0,3
426,690,451,3,0
426,704,425,1,1
426,711,425,1,1
427,671,402,0,3
427,690,452,3,0
427,711,426,1,2
428,671,403,0,3
428,690,453,3,0
428,691,429,2,1
428,711,427,1,2
429,671,404,0,3
429,690,454,3,0
429,711,430,2,1
430,671,405,0,3
430,690,455,3,0
430,711,431,2,1
431,669,406,0,3
431,671,406,0,3
431,690,456,3,0
431,700,432,2,1
431,704,432,2,1
431,711,432,2,1
432,634,433,2,1
432,665,457,3,0
432,669,407,0,3
432,671,407,0,3
432,690,457,3,0
432,700,433,2,1
432,704,433,2,1
432,708,433,2,1
432,711,433,2,1
433,634,434,2,1
433,665,458,3,0
433,669,408,0,3
433,671,408,0,3
433,690,458,3,0
433,700,434,2,1
433,704,434,2,1
433,708,434,2,1
433,711,434,2,1
434,634,435,2,1
434,665,459,3,0
434,669,409,0,3
434,671,409,0,3
434,690,459,3,0
434,700,435,2,1
434,701,435,2,1
434,704,435,2,1
434,708,435,2,1
434,711,435,2,1
435,634,460,3,0
435,665,460,3,0
435,669,410,0,3
435,671,410,0,3
435,690,460,3,0
435,700,436,2,1
435,704,460,3,0
435,708,460,3,0
435,711,410,0,3
436,634,461,3,0
436,665,435,1,2
436,669,435,1,2
436,671,435,1,2
436,690,435,1,2
436,700,437,2,1
436,701,461,3,0
436,704,461,3,0
436,708,461,3,0
436,711,411,0,3
437,634,462,3,0
437,665,436,1,2
437,669,436,1,2
437,671,436,1,2
437,690,436,1,2
437,700,438,2,1
437,703,436,1,2
437,704,462,3,0
437,708,462,3,0
437,711,412,0,3
438,661,437,1,2
438,669,437,1,2
438,671,437,1,2
438,690,437,1,2
438,700,700,79,0
438,704,463,3,0
438,711,413,0,3
439,669,438,1,2
439,671,438,1,2
439,690,438,1,2
439,704,464,3,0
439,711,414,0,3
440,671,439,1,2
440,690,439,1,2
440,711,415,0,3
441,671,442,2,1
441,691,440,1,2
441,711,416,0,3
442,671,443,2,1
442,690,443,2,1
442,711,417,0,3
443,669,442,1,2
443,671,444,2,1
443,690,444,2,1
443,704,468,3,0
443,711,418,0,3
444,634,469,3,0
444,661,443,1,2
444,665,445,2,1
444,669,445,2,1
444,671,445,2,1
444,690,445,2,1
444,700,443,1,2
444,704,469,3,0
444,711,419,0,3
445,634,470,3,0
445,665,446,2,1
445,669,446,2,1
445,671,446,2,1
445,690,446,2,1
445,700,444,1,2
445,703,444,1,2
445,704,470,3,0
445,708,470,3,0
445,711,420,0,3
446,634,471,3,0
446,665,447,2,1
446,669,447,2,1
446,671,447,2,1
446,690,447,2,1
446,700,445,1,2
446,701,471,3,0
446,704,471,3,0
446,708,471,3,0
446,711,421,0,3
447,634,472,3,0
447,665,472,3,0
447,669,422,0,3
447,671,422,0,3
447,690,472,3,0
447,700,446,1,2
447,704,472,3,0
447,708,472,3,0
447,711,422,0,3
448,634,447,1,2
448,665,473,3,0
448,669,423,0,3
448,671,423,0,3
448,690,473,3,0
448,700,447,1,2
448,701,447,1,2
448,704,447,1,2
448,708,447,1,2
448,711,447,1,2
449,634,448,1,2
449,665,474,3,0
449,669,424,0,3
449,671,424,0,3
449,690,474,3,0
449,700,448,1,2
449,703,425,2,3
449,704,448,1,2
449,708,448,1,2
449,711,448,1,2
450,634,474,3,2
450,661,451,1,1
450,665,475,2,0
450,669,425,0,2
450,671,425,0,2
450,690,475,2,0
450,700,474,3,2
450,704,474,3,2
450,711,474,3,2
451,669,452,2,1
451,671,426,0,3
451,690,476,3,0
451,704,450,1,1
451,711,450,1,1
452,671,427,0,3
452,690,477,3,0
452,711,451,1,2
453,671,428,0,3
453,690,478,3,0
453,691,454,2,1
453,711,452,1,2
454,671,429,0,3
454,690,479,3,0
454,711,455,2,1
455,671,430,0,3
455,690,480,3,0
455,711,456,2,1
456,669,431,0,3
456,671,431,0,3
456,690,481,3,0
456,700,457,2,1
456,704,457,2,1
456,711,457,2,1
457,634,458,2,1
457,665,482,3,0
457,669,432,0,3
457,671,432,0,3
457,690,482,3,0
457,700,458,2,1
457,704,458,2,1
457,708,458,2,1
457,711,458,2,1
458,634,459,2,1
458,665,483,3,0
458,669,433,0,3
458,671,433,0,3
458,690,483,3,0
458,700,459,2,1
458,704,459,2,1
458,708,459,2,1
458,711,459,2,1
459,634,460,2,1
459,665,484,3,0
459,669,434,0,3
459,671,434,0,3
459,690,484,3,0
459,700,460,2,1
459,701,460,2,1
459,704,460,2,1
459,708,460,2,1
459,711,460,2,1
459,721,484,3,0
460,634,485,3,0
460,669,435,0,3
460,671,435,0,3
460,690,485,3,0
460,700,435,0,3
460,704,485,3,0
460,708,485,3,0
460,711,435,0,3
460,721,485,3,0
461,634,486,3,0
461,665,460,1,2
461,669,460,1,2
461,671,460,1,2
461,690,460,1,2
461,700,436,0,3
461,701,486,3,0
461,704,486,3,0
461,708,486,3,0
461,711,436,0,3
462,634,487,3,0
462,665,461,1,2
462,669,461,1,2
462,671,461,1,2
462,690,461,1,2
462,700,437,0,3
462,703,461,1,2
462,704,487,3,0
462,708,487,3,0
462,711,437,0,3
463,661,462,1,2
463,669,462,1,2
463,671,462,1,2
463,690,462,1,2
463,700,438,0,3
463,704,488,3,0
463,711,438,0,3
464,669,463,1,2
464,671,463,1,2
464,690,463,1,2
464,704,489,3,0
464,711,439,0,3
465,671,464,1,2
465,690,464,1,2
465,711,440,0,3
466,671,467,2,1
466,691,465,1,2
466,711,441,0,3
467,671,468,2,1
467,690,468,2,1
467,711,442,0,3
468,669,467,1,2
468,671,469,2,1
468,690,469,2,1
468,704,493,3,0
468,711,443,0,3
469,634,494,3,0
469,661,468,1,2
469,665,470,2,1
469,669,470,2,1
469,671,470,2,1
469,690,470,2,1
469,700,444,0,3
469,704,494,3,0
469,711,444,0,3
470,634,495,3,0
470,665,471,2,1
470,669,471,2,1
470,671,471,2,1
470,690,471,2,1
470,700,445,0,3
470,703,469,1,2
470,704,495,3,0
470,708,495,3,0
470,711,445,0,3
471,634,496,3,0
471,665,472,2,1
471,669,472,2,1
471,671,472,2,1
471,690,472,2,1
471,700,446,0,3
471,701,496,3,0
471,704,496,3,0
471,708,496,3,0
471,711,446,0,3
472,634,497,3,0
472,669,447,0,3
472,671,447,0,3
472,690,497,3,0
472,700,447,0,3
472,704,497,3,0
472,708,497,3,0
472,711,447,0,3
472,721,497,3,0
473,634,472,1,2
473,665,498,3,0
473,669,448,0,3
473,671,448,0,3
473,690,498,3,0
473,700,472,1,2
473,701,472,1,2
473,704,472,1,2
473,708,472,1,2
473,711,472,1,2
474,634,473,1,2
474,665,499,3,0
474,669,449,0,3
474,671,449,0,3
474,690,499,3,0
474,700,473,1,2
474,703,450,2,3
474,704,473,1,2
474,708,473,1,2
474,711,473,1,2
475,634,499,3,2
475,661,476,1,1
475,665,500,2,0
475,669,450,0,2
475,671,450,0,2
475,690,500,2,0
475,700,499,3,2
475,704,499,3,2
475,711,499,3,2
476,669,477,2,1
476,671,451,0,3
476,690,501,3,0
476,704,475,1,1
476,711,475,1,1
477,671,452,0,3
477,690,502,3,0
477,711,476,1,2
478,671,453,0,3
478,690,503,3,0
478,691,479,2,1
478,711,477,1,2
479,671,454,0,3
479,690,504,3,0
479,711,480,2,1
480,671,455,0,3
480,690,505,3,0
480,711,481,2,1
481,669,456,0,3
481,671,456,0,3
481,690,506,3,0
481,700,482,2,1
481,704,482,2,1
481,711,482,2,1
482,634,483,2,1
482,665,507,3,0
482,669,457,0,3
482,671,457,0,3
482,690,507,3,0
482,700,483,2,1
482,704,483,2,1
482,708,483,2,1
482,711,483,2,1
483,634,484,2,1
483,665,508,3,0
483,669,458,0,3
483,671,458,0,3
483,690,508,3,0
483,700,484,2,1
483,704,484,2,1
483,708,484,2,1
483,711,484,2,1
484,634,485,2,1
484,665,509,3,0
484,669,459,0,3
484,671,459,0,3
484,690,509,3,0
484,700,485,2,1
484,701,485,2,1
484,704,485,2,1
484,708,485,2,1
484,711,485,2,1
485,634,510,3,0
485,669,460,0,3
485,671,460,0,3
485,690,510,3,0
485,700,460,0,3
485,704,510,3,0
485,708,510,3,0
485,711,460,0,3
486,634,511,3,0
486,665,485,1,2
486,669,485,1,2
486,671,485,1,2
486,690,485,1,2
486,700,461,0,3
486,701,511,3,0
486,704,511,3,0
486,708,511,3,0
486,711,461,0,3
487,634,512,3,0
487,665,486,1,2
487,669,486,1,2
487,671,486,1,2
487,690,486,1,2
487,700,462,0,3
487,703,486,1,2
487,704,512,3,0
487,708,512,3,0
487,711,462,0,3
488,661,487,1,2
488,669,487,1,2
488,671,487,1,2
488,690,487,1,2
488,700,463,0,3
488,704,513,3,0
488,711,463,0,3
489,669,488,1,2
489,671,488,1,2
489,690,488,1,2
489,704,514,3,0
489,711,464,0,3
490,671,489,1,2
490,690,489,1,2
490,711,465,0,3
491,671,492,2,1
491,691,490,1,2
491,711,466,0,3
492,671,493,2,1
492,690,493,2,1
492,711,467,0,3
493,669,492,1,2
493,671,494,2,1
493,690,494,2,1
493,704,518,3,0
493,711,468,0,3
494,634,519,3,0
494,661,493,1,2
494,665,495,2,1
494,669,495,2,1
494,671,495,2,1
494,690,495,2,1
494,700,469,0,3
494,704,519,3,0
494,711,469,0,3
495,634,520,3,0
495,665,496,2,1
495,669,496,2,1
495,671,496,2,1
495,690,496,2,1
495,700,470,0,3
495,703,494,1,2
495,704,520,3,0
495,708,520,3,0
495,711,470,0,3
496,634,521,3,0
496,665,497,2,1
496,669,497,2,1
496,671,497,2,1
496,690,497,2,1
496,700,471,0,3
496,701,521,3,0
496,704,521,3,0
496,708,521,3,0
496,711,471,0,3
497,634,522,3,0
497,669,472,0,3
497,671,472,0,3
497,690,522,3,0
497,700,472,0,3
497,704,522,3,0
497,708,522,3,0
497,711,472,0,3
498,634,497,1,2
498,665,523,3,0
498,669,473,0,3
498,671,473,0,3
498,690,523,3,0
498,700,497,1,2
498,701,497,1,2
498,704,497,1,2
498,708,497,1,2
498,711,497,1,2
499,634,498,1,2
499,665,524,3,0
499,669,474,0,3
499,671,474,0,3
499,690,524,3,0
499,700,498,1,2
499,703,475,2,3
499,704,498,1,2
499,708,498,1,2
499,711,498,1,2
500,634,524,3,2
500,661,501,1,1
500,665,525,2,0
500,669,475,0,2
500,671,475,0,2
500,690,525,2,0
500,700,524,3,2
500,704,524,3,2
500,711,524,3,2
501,669,502,2,1
501,671,476,0,3
501,690,526,3,0
501,704,500,1,1
501,711,500,1,1
502,671,477,0,3
502,690,527,3,0
502,711,501,1,2
503,671,478,0,3
503,690,528,3,0
503,691,504,2,1
503,711,502,1,2
504,671,479,0,3
504,690,529,3,0
504,711,505,2,1
505,671,480,0,3
505,690,530,3,0
505,711,506,2,1
506,669,481,0,3
506,671,481,0,3
506,690,531,3,0
506,700,507,2,1
506,704,507,2,1
506,711,507,2,1
507,634,508,2,1
507,665,532,3,0
507,669,482,0,3
507,671,482,0,3
507,690,532,3,0
507,700,508,2,1
507,704,508,2,1
507,708,508,2,1
507,711,508,2,1
508,634,509,2,1
508,665,533,3,0
508,669,483,0,3
508,671,483,0,3
508,690,533,3,0
508,700,509,2,1
508,704,509,2,1
508,708,509,2,1
508,711,509,2,1
509,634,510,2,1
509,665,534,3,0
509,669,484,0,3
509,671,484,0,3
509,690,534,3,0
509,700,510,2,1
509,701,510,2,1
509,704,510,2,1
509,708,510,2,1
509,711,510,2,1
510,634,511,2,1
510,669,485,0,3
510,671,485,0,3
510,690,535,3,0
510,700,485,0,3
510,704,535,3,0
510,711,485,0,3
511,634,512,2,1
511,665,510,1,2
511,669,510,1,2
511,671,510,1,2
511,690,510,1,2
511,700,486,0,3
511,701,536,3,0
511,704,536,3,0
511,708,536,3,0
511,711,486,0,3
512,634,513,2,1
512,665,511,1,2
512,669,511,1,2
512,671,511,1,2
512,690,511,1,2
512,700,487,0,3
512,703,511,1,2
512,704,537,3,0
512,708,537,3,0
512,711,487,0,3
513,661,512,1,2
513,669,512,1,2
513,671,512,1,2
513,690,512,1,2
513,700,488,0,3
513,704,538,3,0
513,711,488,0,3
514,669,513,1,2
514,671,513,1,2
514,690,513,1,2
514,704,539,3,0
514,711,489,0,3
515,671,514,1,2
515,690,514,1,2
515,711,490,0,3
516,671,517,2,1
516,691,515,1,2
516,711,491,0,3
517,671,518,2,1
517,690,518,2,1
517,711,492,0,3
518,669,517,1,2
518,671,519,2,1
518,690,519,2,1
518,704,543,3,0
518,711,493,0,3
519,634,634,13,0
519,661,518,1,2
519,665,520,2,1
519,669,520,2,1
519,671,520,2,1
519,690,520,2,1
519,700,494,0,3
519,704,544,3,0
519,711,494,0,3
520,634,519,1,2
520,665,521,2,1
520,669,521,2,1
520,671,521,2,1
520,690,521,2,1
520,700,495,0,3
520,703,519,1,2
520,704,545,3,0
520,708,545,3,0
520,711,495,0,3
521,634,520,1,2
521,665,522,2,1
521,669,522,2,1
521,671,522,2,1
521,690,522,2,1
521,700,496,0,3
521,701,546,3,0
521,704,546,3,0
521,708,546,3,0
521,711,496,0,3
522,634,521,1,2
522,669,497,0,3
522,671,497,0,3
522,690,547,3,0
522,700,497,0,3
522,704,547,3,0
522,711,497,0,3
523,634,522,1,2
523,665,548,3,0
523,669,498,0,3
523,671,498,0,3
523,690,548,3,0
523,700,522,1,2
523,701,522,1,2
523,704,522,1,2
523,708,522,1,2
523,711,522,1,2
524,634,523,1,2
524,665,549,3,0
524,669,499,0,3
524,671,499,0,3
524,690,549,3,0
524,700,523,1,2
524,703,500,2,3
524,704,523,1,2
524,708,523,1,2
524,711,523,1,2
525,634,549,3,2
525,661,526,1,1
525,665,550,2,0
525,669,500,0,2
525,671,500,0,2
525,690,550,2,0
525,700,549,3,2
525,704,549,3,2
525,711,549,3,2
526,669,527,2,1
526,671,501,0,3
526,690,551,3,0
526,704,525,1,1
526,711,525,1,1
527,671,502,0,3
527,690,552,3,0
527,711,526,1,2
528,671,503,0,3
528,690,553,3,0
528,691,529,2,1
528,711,527,1,2
529,671,504,0,3
529,690,554,3,0
529,711,530,2,1
530,671,505,0,3
530,690,555,3,0
530,711,531,2,1
531,669,506,0,3
531,671,506,0,3
531,690,556,3,0
531,700,532,2,1
531,704,532,2,1
531,711,532,2,1
532,634,533,2,1
532,665,557,3,0
532,669,507,0,3
532,671,507,0,3
532,690,557,3,0
532,700,533,2,1
532,704,533,2,1
532,708,533,2,1
532,711,533,2,1
533,634,534,2,1
533,665,558,3,0
533,669,508,0,3
533,671,508,0,3
533,690,558,3,0
533,700,534,2,1
533,704,534,2,1
533,708,534,2,1
533,711,534,2,1
534,634,535,2,1
534,665,559,3,0
534,669,509,0,3
534,671,509,0,3
534,690,559,3,0
534,700,535,2,1
534,701,535,2,1
534,704,535,2,1
534,708,535,2,1
534,711,535,2,1
535,669,510,0,3
535,671,510,0,3
535,690,560,3,0
535,700,510,0,3
535,704,560,3,0
535,711,510,0,3
536,634,511,0,3
536,665,535,1,2
536,669,535,1,2
536,671,535,1,2
536,690,535,1,2
536,700,511,0,3
536,701,561,3,0
536,704,561,3,0
536,708,561,3,0
536,711,511,0,3
537,634,512,0,3
537,665,536,1,2
537,669,536,1,2
537,671,536,1,2
537,690,536,1,2
537,700,512,0,3
537,703,536,1,2
537,704,562,3,0
537,708,562,3,0
537,711,512,0,3
538,661,537,1,2
538,669,537,1,2
538,671,537,1,2
538,690,537,1,2
538,700,513,0,3
538,704,563,3,0
538,711,513,0,3
539,669,538,1,2
539,671,538,1,2
539,690,538,1,2
539,704,564,3,0
539,711,514,0,3
540,671,539,1,2
540,690,539,1,2
540,691,691,70,0
540,711,515,0,3
541,671,542,2,1
541,691,540,1,2
541,711,516,0,3
542,671,543,2,1
542,690,543,2,1
542,711,517,0,3
543,669,542,1,2
543,671,544,2,1
543,690,544,2,1
543,704,568,3,0
543,711,518,0,3
544,634,519,0,3
544,661,543,1,2
544,665,545,2,1
544,669,545,2,1
544,671,545,2,1
544,690,545,2,1
544,700,519,0,3
544,704,569,3,0
544,711,519,0,3
545,634,520,0,3
545,665,546,2,1
545,669,546,2,1
545,671,546,2,1
545,690,546,2,1
545,700,520,0,3
545,703,544,1,2
545,704,570,3,0
545,708,570,3,0
545,711,520,0,3
546,634,521,0,3
546,665,547,2,1
546,669,547,2,1
546,671,547,2,1
546,690,547,2,1
546,700,521,0,3
546,701,571,3,0
546,704,571,3,0
546,708,571,3,0
546,711,521,0,3
547,669,522,0,3
547,671,522,0,3
547,690,572,3,0
547,700,522,0,3
547,704,572,3,0
547,711,522,0,3
548,634,547,1,2
548,665,573,3,0
548,669,523,0,3
548,671,523,0,3
548,690,573,3,0
548,700,547,1,2
548,701,547,1,2
548,704,547,1,2
548,708,547,1,2
548,711,547,1,2
549,634,548,1,2
549,665,574,3,0
549,669,524,0,3
549,671,524,0,3
549,690,574,3,0
549,700,548,1,2
549,703,525,2,3
549,704,548,1,2
549,708,548,1,2
549,711,548,1,2
550,634,574,3,2
550,661,551,1,1
550,665,665,44,0
550,669,525,0,2
550,671,525,0,2
550,690,575,2,0
550,700,574,3,2
550,704,574,3,2
550,711,574,3,2
551,669,552,2,1
551,671,526,0,3
551,690,576,3,0
551,704,550,1,1
551,711,550,1,1
552,671,527,0,3
552,690,577,3,0
552,711,551,1,2
553,671,528,0,3
553,690,578,3,0
553,691,554,2,1
553,711,552,1,2
554,671,529,0,3
554,690,579,3,0
554,711,555,2,1
555,671,530,0,3
555,690,580,3,0
555,711,556,2,1
556,669,531,0,3
556,671,531,0,3
556,690,581,3,0
556,700,557,2,1
556,704,557,2,1
556,711,557,2,1
557,634,558,2,1
557,665,556,1,2
557,669,532,0,3
557,671,532,0,3
557,690,582,3,0
557,700,558,2,1
557,704,558,2,1
557,708,558,2,1
557,711,558,2,1
558,634,559,2,1
558,665,557,1,2
558,669,533,0,3
558,671,533,0,3
558,690,583,3,0
558,700,559,2,1
558,704,559,2,1
558,708,559,2,1
558,711,559,2,1
559,634,560,2,1
559,665,558,1,2
559,669,534,0,3
559,671,534,0,3
559,690,584,3,0
559,700,560,2,1
559,701,560,2,1
559,704,560,2,1
559,708,560,2,1
559,711,560,2,1
560,665,559,1,2
560,669,535,0,3
560,671,535,0,3
560,690,585,3,0
560,700,535,0,3
560,704,585,3,0
560,711,535,0,3
561,634,536,0,3
561,665,560,1,2
561,669,560,1,2
561,671,560,1,2
561,690,560,1,2
561,700,536,0,3
561,701,586,3,0
561,704,586,3,0
561,708,586,3,0
561,711,536,0,3
562,634,537,0,3
562,665,561,1,2
562,669,561,1,2
562,671,561,1,2
562,690,561,1,2
562,700,537,0,3
562,703,561,1,2
562,704,587,3,0
562,708,587,3,0
562,711,537,0,3
563,661,562,1,2
563,669,562,1,2
563,671,562,1,2
563,690,562,1,2
563,700,538,0,3
563,704,588,3,0
563,711,538,0,3
564,669,563,1,2
564,671,563,1,2
564,690,563,1,2
564,704,589,3,0
564,711,539,0,3
565,671,564,1,2
565,690,564,1,2
565,711,540,0,3
566,671,567,2,1
566,691,565,1,2
566,711,541,0,3
567,671,568,2,1
567,690,568,2,1
567,711,542,0,3
568,669,567,1,2
568,671,569,2,1
568,690,569,2,1
568,704,593,3,0
568,711,543,0,3
569,634,544,0,3
569,661,568,1,2
569,665,570,2,1
569,669,570,2,1
569,671,570,2,1
569,690,570,2,1
569,700,544,0,3
569,704,594,3,0
569,711,544,0,3
570,634,545,0,3
570,665,571,2,1
570,669,571,2,1
570,671,571,2,1
570,690,571,2,1
570,700,545,0,3
570,703,569,1,2
570,704,595,3,0
570,708,595,3,0
570,711,545,0,3
571,634,546,0,3
571,665,572,2,1
571,669,572,2,1
571,671,572,2,1
571,690,572,2,1
571,700,546,0,3
571,701,596,3,0
571,704,596,3,0
571,708,596,3,0
571,711,546,0,3
572,665,573,2,1
572,669,547,0,3
572,671,547,0,3
572,690,597,3,0
572,700,547,0,3
572,704,597,3,0
572,711,547,0,3
573,634,572,1,2
573,665,574,2,1
573,669,548,0,3
573,671,548,0,3
573,690,598,3,0
573,700,572,1,2
573,701,572,1,2
573,704,572,1,2
573,708,572,1,2
573,711,572,1,2
574,634,573,1,2
574,665,550,2,3
574,669,549,0,3
574,671,549,0,3
574,690,599,3,0
574,700,573,1,2
574,703,550,2,3
574,704,573,1,2
574,708,573,1,2
574,711,573,1,2
575,634,599,3,2
575,661,576,1,1
575,665,550,0,2
575,669,550,0,2
575,671,600,2,0
575,690,600,2,0
575,700,599,3,2
575,704,599,3,2
575,711,599,3,2
576,669,577,2,1
576,671,601,3,0
576,690,601,3,0
576,704,575,1,1
576,711,575,1,1
577,671,602,3,0
577,690,602,3,0
577,711,576,1,2
578,671,603,3,0
578,690,603,3,0
578,691,579,2,1
578,711,577,1,2
579,671,604,3,0
579,690,604,3,0
579,711,580,2,1
580,671,605,3,0
580,690,605,3,0
580,711,581,2,1
581,669,556,0,3
581,671,606,3,0
581,690,606,3,0
581,700,582,2,1
581,704,582,2,1
581,711,582,2,1
582,634,583,2,1
582,665,557,0,3
582,669,557,0,3
582,671,607,3,0
582,690,607,3,0
582,700,583,2,1
582,704,583,2,1
582,708,583,2,1
582,711,583,2,1
583,634,584,2,1
583,665,558,0,3
583,669,558,0,3
583,671,608,3,0
583,690,608,3,0
583,700,584,2,1
583,704,584,2,1
583,708,584,2,1
583,711,584,2,1
584,634,585,2,1
584,665,559,0,3
584,669,559,0,3
584,671,609,3,0
584,690,609,3,0
584,700,585,2,1
584,701,585,2,1
584,704,585,2,1
584,708,585,2,1
584,711,585,2,1
585,665,560,0,3
585,669,560,0,3
585,671,610,3,0
585,690,610,3,0
585,700,560,0,3
585,704,610,3,0
585,711,560,0,3
586,634,561,0,3
586,665,585,1,2
586,669,585,1,2
586,671,585,1,2
586,690,585,1,2
586,700,561,0,3
586,701,611,3,0
586,704,611,3,0
586,708,611,3,0
586,711,561,0,3
587,634,562,0,3
587,665,586,1,2
587,669,586,1,2
587,671,586,1,2
587,690,586,1,2
587,700,562,0,3
587,703,586,1,2
587,704,612,3,0
587,708,612,3,0
587,711,562,0,3
588,661,587,1,2
588,669,587,1,2
588,671,587,1,2
588,690,587,1,2
588,700,563,0,3
588,704,613,3,0
588,711,563,0,3
589,669,588,1,2
589,671,588,1,2
589,690,588,1,2
589,704,614,3,0
589,711,564,0,3
590,671,589,1,2
590,690,589,1,2
590,711,565,0,3
591,671,592,2,1
591,691,590,1,2
591,711,566,0,3
592,671,593,2,1
592,690,593,2,1
592,711,567,0,3
593,669,592,1,2
593,671,594,2,1
593,690,594,2,1
593,704,618,3,0
593,711,568,0,3
594,634,569,0,3
594,661,593,1,2
594,665,595,2,1
594,669,595,2,1
594,671,595,2,1
594,690,595,2,1
594,700,569,0,3
594,704,619,3,0
594,711,569,0,3
595,634,570,0,3
595,665,596,2,1
595,669,596,2,1
595,671,596,2,1
595,690,596,2,1
595,700,570,0,3
595,703,594,1,2
595,704,620,3,0
595,708,620,3,0
595,711,570,0,3
596,634,571,0,3
596,665,597,2,1
596,669,597,2,1
596,671,597,2,1
596,690,597,2,1
596,700,571,0,3
596,701,621,3,0
596,704,621,3,0
596,708,621,3,0
596,711,571,0,3
597,665,572,0,3
597,669,572,0,3
597,671,622,3,0
597,690,622,3,0
597,700,572,0,3
597,704,622,3,0
597,711,572,0,3
598,634,597,1,2
598,665,573,0,3
598,669,573,0,3
598,671,623,3,0
598,690,623,3,0
598,700,597,1,2
598,701,597,1,2
598,704,597,1,2
598,708,597,1,2
598,711,597,1,2
599,634,598,1,2
599,665,574,0,3
599,669,574,0,3
599,671,624,3,0
599,690,624,3,0
599,700,598,1,2
599,703,575,2,3
599,704,598,1,2
599,708,598,1,2
599,711,598,1,2
600,634,624,3,2
600,661,601,1,1
600,665,575,0,2
600,669,575,0,2
600,671,0,2,3
600,690,0,2,3
600,700,624,3,2
600,704,624,3,2
600,711,624,3,2
601,669,602,2,1
601,671,1,3,3
601,690,1,3,3
601,704,600,1,1
601,711,600,1,1
602,671,2,3,3
602,690,2,3,3
602,711,601,1,2
603,671,3,3,3
603,690,3,3,3
603,691,604,2,1
603,711,602,1,2
604,671,4,3,3
604,690,4,3,3
604,711,605,2,1
605,671,5,3,3
605,690,5,3,3
605,711,606,2,1
606,669,581,0,3
606,671,6,3,3
606,690,6,3,3
606,700,607,2,1
606,704,607,2,1
606,711,607,2,1
607,634,608,2,1
607,665,582,0,3
607,669,582,0,3
607,671,7,3,3
607,690,7,3,3
607,700,608,2,1
607,704,608,2,1
607,708,608,2,1
607,711,608,2,1
608,634,609,2,1
608,665,583,0,3
608,669,583,0,3
608,671,8,3,3
608,690,8,3,3
608,700,609,2,1
608,704,609,2,1
608,708,609,2,1
608,711,609,2,1
609,634,610,2,1
609,665,584,0,3
609,669,584,0,3
609,671,9,3,3
609,690,9,3,3
609,700,610,2,1
609,701,610,2,1
609,704,610,2,1
609,708,610,2,1
609,711,610,2,1
610,665,585,0,3
610,669,585,0,3
610,671,10,3,3
610,690,10,3,3
610,700,585,0,3
610,703,10,3,3
610,704,10,3,3
610,711,585,0,3
611,634,586,0,3
611,665,610,1,2
611,669,610,1,2
611,671,610,1,2
611,690,610,1,2
611,700,586,0,3
611,701,11,3,3
611,703,11,3,3
611,704,11,3,3
611,708,11,3,3
611,711,586,0,3
612,634,587,0,3
612,665,611,1,2
612,669,611,1,2
612,671,611,1,2
612,690,611,1,2
612,700,587,0,3
612,703,611,1,2
612,704,12,3,3
612,708,12,3,3
612,711,587,0,3
613,661,612,1,2
613,669,612,1,2
613,671,612,1,2
613,690,612,1,2
613,700,588,0,3
613,704,13,3,3
613,711,588,0,3
614,669,613,1,2
614,671,613,1,2
614,690,613,1,2
614,704,14,3,3
614,711,589,0,3
615,671,614,1,2
615,690,614,1,2
615,711,590,0,3
616,671,617,2,1
616,691,615,1,2
616,711,591,0,3
617,671,618,2,1
617,690,618,2,1
617,711,592,0,3
618,669,617,1,2
618,671,619,2,1
618,690,619,2,1
618,704,18,3,3
618,711,593,0,3
619,634,594,0,3
619,661,618,1,2
619,665,620,2,1
619,669,620,2,1
619,671,620,2,1
619,690,620,2,1
619,700,594,0,3
619,704,19,3,3
619,711,594,0,3
620,634,595,0,3
620,665,621,2,1
620,669,621,2,1
620,671,621,2,1
620,690,621,2,1
620,700,595,0,3
620,704,20,3,3
620,708,20,3,3
620,711,595,0,3
621,634,596,0,3
621,665,622,2,1
621,669,622,2,1
621,671,622,2,1
621,690,622,2,1
621,700,596,0,3
621,701,21,3,3
621,703,21,3,3
621,704,21,3,3
621,708,21,3,3
621,711,596,0,3
622,665,597,0,3
622,669,597,0,3
622,671,22,3,3
622,690,22,3,3
622,700,597,0,3
622,703,22,3,3
622,704,22,3,3
622,711,597,0,3
623,634,622,1,2
623,665,598,0,3
623,669,598,0,3
623,671,23,3,3
623,690,23,3,3
623,700,622,1,2
623,701,622,1,2
623,704,622,1,2
623,708,622,1,2
623,711,622,1,2
624,634,623,1,2
624,665,599,0,3
624,669,599,0,3
624,671,24,3,3
624,690,24,3,3
624,700,623,1,2
624,703,600,2,3
624,704,623,1,2
624,708,623,1,2
624,711,623,1,2
634,625,519,0,13
634,626,519,0,13
634,627,519,0,13
634,628,519,0,13
634,629,519,0,13
634,630,519,0,13
634,631,519,0,13
634,632,519,0,13
634,633,519,0,13
634,635,519,0,13
634,636,519,0,13
634,637,519,0,13
634,638,519,0,13
634,639,519,0,13
634,640,519,0,13
634,641,519,0,13
634,642,519,0,13
634,643,519,0,13
634,644,519,0,13
634,645,519,0,13
634,646,519,0,13
634,647,519,0,13
634,648,519,0,13
634,649,519,0,13
634,650,519,0,13
634,651,519,0,13
634,652,519,0,13
634,653,519,0,13
634,654,519,0,13
634,655,519,0,13
634,656,519,0,13
634,657,519,0,13
634,658,519,0,13
634,659,519,0,13
634,660,519,0,13
634,661,519,0,13
634,662,519,0,13
634,663,519,0,13
634,664,519,0,13
634,665,519,0,13
634,666,519,0,13
634,667,519,0,13
634,668,519,0,13
634,669,519,0,13
634,670,519,0,13
634,671,519,0,13
634,672,519,0,13
634,673,519,0,13
634,674,519,0,13
634,675,519,0,13
634,676,519,0,13
634,677,519,0,13
634,678,519,0,13
634,679,519,0,13
634,680,519,0,13
634,681,519,0,13
634,682,519,0,13
634,683,519,0,13
634,684,519,0,13
634,685,519,0,13
634,686,519,0,13
634,687,519,0,13
634,688,519,0,13
634,689,519,0,13
634,690,519,0,13
634,691,519,0,13
634,692,519,0,13
634,693,519,0,13
634,694,519,0,13
634,695,519,0,13
634,696,519,0,13
634,697,519,0,13
634,698,519,0,13
634,699,519,0,13
634,700,519,0,13
634,701,519,0,13
634,702,519,0,13
634,703,519,0,13
634,704,519,0,13
634,705,519,0,13
634,706,519,0,13
634,707,519,0,13
634,708,519,0,13
634,709,519,0,13
634,710,519,0,13
634,711,519,0,13
634,712,519,0,13
634,713,519,0,13
634,714,519,0,13
634,715,519,0,13
634,716,519,0,13
634,717,519,0,13
634,718,519,0,13
634,719,519,0,13
634,720,519,0,13
634,721,519,0,13
634,722,519,0,13
634,723,519,0,13
634,724,519,0,13
661,625,37,0,40
661,626,37,0,40
661,627,37,0,40
661,628,37,0,40
661,629,37,0,40
661,630,37,0,40
661,631,37,0,40
661,632,37,0,40
661,633,37,0,40
661,634,37,0,40
661,635,37,0,40
661,636,37,0,40
661,637,37,0,40
661,638,37,0,40
661,639,37,0,40
661,640,37,0,40
661,641,37,0,40
661,642,37,0,40
661,643,37,0,40
661,644,37,0,40
661,645,37,0,40
661,646,37,0,40
661,647,37,0,40
661,648,37,0,40
661,649,37,0,40
661,650,37,0,40
661,651,37,0,40
661,652,37,0,40
661,653,37,0,40
661,654,37,0,40
661,655,37,0,40
661,656,37,0,40
661,657,37,0,40
661,658,37,0,40
661,659,37,0,40
661,660,37,0,40
661,662,37,0,40
661,663,37,0,40
661,664,37,0,40
661,665,37,0,40
661,666,37,0,40
661,667,37,0,40
661,668,37,0,40
661,669,37,0,40
661,670,37,0,40
661,671,37,0,40
661,672,37,0,40
661,673,37,0,40
661,674,37,0,40
661,675,37,0,40
661,676,37,0,40
661,677,37,0,40
661,678,37,0,40
661,679,37,0,40
661,680,37,0,40
661,681,37,0,40
661,682,37,0,40
661,683,37,0,40
661,684,37,0,40
661,685,37,0,40
661,686,37,0,40
661,687,37,0,40
661,688,37,0,40
661,689,37,0,40
661,690,37,0,40
661,691,37,0,40
661,692,37,0,40
661,693,37,0,40
661,694,37,0,40
661,695,37,0,40
661,696,37,0,40
661,697,37,0,40
661,698,37,0,40
661,699,37,0,40
661,700,37,0,40
661,701,37,0,40
661,702,37,0,40
661,703,37,0,40
661,704,37,0,40
661,705,37,0,40
661,706,37,0,40
661,707,37,0,40
661,708,37,0,40
661,709,37,0,40
661,710,37,0,40
661,711,37,0,40
661,712,37,0,40
661,713,37,0,40
661,714,37,0,40
661,715,37,0,40
661,716,37,0,40
661,717,37,0,40
661,718,37,0,40
661,719,37,0,40
661,720,37,0,40
661,721,37,0,40
661,722,37,0,40
661,723,37,0,40
661,724,37,0,40
665,625,550,0,44
665,626,550,0,44
665,627,550,0,44
665,628,550,0,44
665,629,550,0,44
665,630,550,0,44
665,631,550,0,44
665,632,550,0,44
665,633,550,0,44
665,634,550,0,44
665,635,550,0,44
665,636,550,0,44
665,637,550,0,44
665,638,550,0,44
665,639,550,0,44
665,640,550,0,44
665,641,550,0,44
665,642,550,0,44
665,643,550,0,44
665,644,550,0,44
665,645,550,0,44
665,646,550,0,44
665,647,550,0,44
665,648,550,0,44
665,649,550,0,44
665,650,550,0,44
665,651,550,0,44
665,652,550,0,44
665,653,550,0,44
665,654,550,0,44
665,655,550,0,44
665,656,550,0,44
665,657,550,0,44
665,658,550,0,44
665,659,550,0,44
665,660,550,0,44
665,661,550,0,44
665,662,550,0,44
665,663,550,0,44
665,664,550,0,44
665,666,550,0,44
665,667,550,0,44
665,668,550,0,44
665,669,550,0,44
665,670,550,0,44
665,671,550,0,44
665,672,550,0,44
665,673,550,0,44
665,674,550,0,44
665,675,550,0,44
665,676,550,0,44
665,677,550,0,44
665,678,550,0,44
665,679,550,0,44
665,680,550,0,44
665,681,550,0,44
665,682,550,0,44
665,683,550,0,44
665,684,550,0,44
665,685,550,0,44
665,686,550,0,44
665,687,550,0,44
665,688,550,0,44
665,689,550,0,44
665,690,550,0,44
665,691,550,0,44
665,692,550,0,44
665,693,550,0,44
665,694,550,0,44
665,695,550,0,44
665,696,550,0,44
665,697,550,0,44
665,698,550,0,44
665,699,550,0,44
665,700,550,0,44
665,701,550,0,44
665,702,550,0,44
665,703,550,0,44
665,704,550,0,44
665,705,550,0,44
665,706,550,0,44
665,707,550,0,44
665,708,550,0,44
665,709,550,0,44
665,710,550,0,44
665,711,550,0,44
665,712,550,0,44
665,713,550,0,44
665,714,550,0,44
665,715,550,0,44
665,716,550,0,44
665,717,550,0,44
665,718,550,0,44
665,719,550,0,44
665,720,550,0,44
665,721,550,0,44
665,722,550,0,44
665,723,550,0,44
665,724,550,0,44
669,625,306,0,48
669,626,306,0,48
669,627,306,0,48
669,628,306,0,48
669,629,306,0,48
669,630,306,0,48
669,631,306,0,48
669,632,306,0,48
669,633,306,0,48
669,634,306,0,48
669,635,306,0,48
669,636,306,0,48
669,637,306,0,48
669,638,306,0,48
669,639,306,0,48
669,640,306,0,48
669,641,306,0,48
669,642,306,0,48
669,643,306,0,48
669,644,306,0,48
669,645,306,0,48
669,646,306,0,48
669,647,306,0,48
669,648,306,0,48
669,649,306,0,48
669,650,306,0,48
669,651,306,0,48
669,652,306,0,48
669,653,306,0,48
669,654,306,0,48
669,655,306,0,48
669,656,306,0,48
669,657,306,0,48
669,658,306,0,48
669,659,306,0,48
669,660,306,0,48
669,661,306,0,48
669,662,306,0,48
669,663,306,0,48
669,664,306,0,48
669,665,306,0,48
669,666,306,0,48
669,667,306,0,48
669,668,306,0,48
669,670,306,0,48
669,671,306,0,48
669,672,306,0,48
669,673,306,0,48
669,674,306,0,48
669,675,306,0,48
669,676,306,0,48
669,677,306,0,48
669,678,306,0,48
669,679,306,0,48
669,680,306,0,48
669,681,306,0,48
669,682,306,0,48
669,683,306,0,48
669,684,306,0,48
669,685,306,0,48
669,686,306,0,48
669,687,306,0,48
669,688,306,0,48
669,689,306,0,48
669,690,306,0,48
669,691,306,0,48
669,692,306,0,48
669,693,306,0,48
669,694,306,0,48
669,695,306,0,48
669,696,306,0,48
669,697,306,0,48
669,698,306,0,48
669,699,306,0,48
669,700,306,0,48
669,701,306,0,48
669,702,306,0,48
669,703,306,0,48
669,704,306,0,48
669,705,306,0,48
669,706,306,0,48
669,707,306,0,48
669,708,306,0,48
669,709,306,0,48
669,710,306,0,48
669,711,306,0,48
669,712,306,0,48
669,713,306,0,48
669,714,306,0,48
669,715,306,0,48
669,716,306,0,48
669,717,306,0,48
669,718,306,0,48
669,719,306,0,48
669,720,306,0,48
669,721,306,0,48
669,722,306,0,48
669,723,306,0,48
669,724,306,0,48
671,625,253,0,50
671,626,253,0,50
671,627,253,0,50
671,628,253,0,50
671,629,253,0,50
671,630,253,0,50
671,631,253,0,50
671,632,253,0,50
671,633,253,0,50
671,634,253,0,50
671,635,253,0,50
671,636,253,0,50
671,637,253,0,50
671,638,253,0,50
671,639,253,0,50
671,640,253,0,50
671,641,253,0,50
671,642,253,0,50
671,643,253,0,50
671,644,253,0,50
671,645,253,0,50
671,646,253,0,50
671,647,253,0,50
671,648,253,0,50
671,649,253,0,50
671,650,253,0,50
671,651,253,0,50
671,652,253,0,50
671,653,253,0,50
671,654,253,0,50
671,655,253,0,50
671,656,253,0,50
671,657,253,0,50
671,658,253,0,50
671,659,253,0,50
671,660,253,0,50
671,661,253,0,50
671,662,253,0,50
671,663,253,0,50
671,664,253,0,50
671,665,253,0,50
671,666,253,0,50
671,667,253,0,50
671,668,253,0,50
671,669,253,0,50
671,670,253,0,50
671,672,253,0,50
671,673,253,0,50
671,674,253,0,50
671,675,253,0,50
671,676,253,0,50
671,677,253,0,50
671,678,253,0,50
671,679,253,0,50
671,680,253,0,50
671,681,253,0,50
671,682,253,0,50
671,683,253,0,50
671,684,253,0,50
671,685,253,0,50
671,686,253,0,50
671,687,253,0,50
671,688,253,0,50
671,689,253,0,50
671,690,253,0,50
671,691,253,0,50
671,692,253,0,50
671,693,253,0,50
671,694,253,0,50
671,695,253,0,50
671,696,253,0,50
671,697,253,0,50
671,698,253,0,50
671,699,253,0,50
671,700,253,0,50
671,701,253,0,50
671,702,253,0,50
671,703,253,0,50
671,704,253,0,50
671,705,253,0,50
671,706,253,0,50
671,707,253,0,50
671,708,253,0,50
671,709,253,0,50
671,710,253,0,50
671,711,253,0,50
671,712,253,0,50
671,713,253,0,50
671,714,253,0,50
671,715,253,0,50
671,716,253,0,50
671,717,253,0,50
671,718,253,0,50
671,719,253,0,50
671,720,253,0,50
671,721,253,0,50
671,722,253,0,50
671,723,253,0,50
671,724,253,0,50
690,625,78,0,69
690,626,78,0,69
690,627,78,0,69
690,628,78,0,69
690,629,78,0,69
690,630,78,0,69
690,631,78,0,69
690,632,78,0,69
690,633,78,0,69
690,634,78,0,69
690,635,78,0,69
690,636,78,0,69
690,637,78,0,69
690,638,78,0,69
690,639,78,0,69
690,640,78,0,69
690,641,78,0,69
690,642,78,0,69
690,643,78,0,69
690,644,78,0,69
690,645,78,0,69
690,646,78,0,69
690,647,78,0,69
690,648,78,0,69
690,649,78,0,69
690,650,78,0,69
690,651,78,0,69
690,652,78,0,69
690,653,78,0,69
690,654,78,0,69
690,655,78,0,69
690,656,78,0,69
690,657,78,0,69
690,658,78,0,69
690,659,78,0,69
690,660,78,0,69
690,661,78,0,69
690,662,78,0,69
690,663,78,0,69
690,664,78,0,69
690,665,78,0,69
690,666,78,0,69
690,667,78,0,69
690,668,78,0,69
690,669,78,0,69
690,670,78,0,69
690,671,78,0,69
690,672,78,0,69
690,673,78,0,69
690,674,78,0,69
690,675,78,0,69
690,676,78,0,69
690,677,78,0,69
690,678,78,0,69
690,679,78,0,69
690,680,78,0,69
690,681,78,0,69
690,682,78,0,69
690,683,78,0,69
690,684,78,0,69
690,685,78,0,69
690,686,78,0,69
690,687,78,0,69
690,688,78,0,69
690,689,78,0,69
690,691,78,0,69
690,692,78,0,69
690,693,78,0,69
690,694,78,0,69
690,695,78,0,69
690,696,78,0,69
690,697,78,0,69
690,698,78,0,69
690,699,78,0,69
690,700,78,0,69
690,701,78,0,69
690,702,78,0,69
690,703,78,0,69
690,704,78,0,69
690,705,78,0,69
690,706,78,0,69
690,707,78,0,69
690,708,78,0,69
690,709,78,0,69
690,710,78,0,69
690,711,78,0,69
690,712,78,0,69
690,713,78,0,69
690,714,78,0,69
690,715,78,0,69
690,716,78,0,69
690,717,78,0,69
690,718,78,0,69
690,719,78,0,69
690,720,78,0,69
690,721,78,0,69
690,722,78,0,69
690,723,78,0,69
690,724,78,0,69
691,625,540,0,70
691,626,540,0,70
691,627,540,0,70
691,628,540,0,70
691,629,540,0,70
691,630,540,0,70
691,631,540,0,70
691,632,540,0,70
691,633,540,0,70
691,634,540,0,70
691,635,540,0,70
691,636,540,0,70
691,637,540,0,70
691,638,540,0,70
691,639,540,0,70
691,640,540,0,70
691,641,540,0,70
691,642,540,0,70
691,643,540,0,70
691,644,540,0,70
691,645,540,0,70
691,646,540,0,70
691,647,540,0,70
691,648,540,0,70
691,649,540,0,70
691,650,540,0,70
691,651,540,0,70
691,652,540,0,70
691,653,540,0,70
691,654,540,0,70
691,655,540,0,70
691,656,540,0,70
691,657,540,0,70
691,658,540,0,70
691,659,540,0,70
691,660,540,0,70
691,661,540,0,70
691,662,540,0,70
691,663,540,0,70
691,664,540,0,70
691,665,540,0,70
691,666,540,0,70
691,667,540,0,70
691,668,540,0,70
691,669,540,0,70
691,670,540,0,70
691,671,540,0,70
691,672,540,0,70
691,673,540,0,70
691,674,540,0,70
691,675,540,0,70
691,676,540,0,70
691,677,540,0,70
691,678,540,0,70
691,679,540,0,70
691,680,540,0,70
691,681,540,0,70
691,682,540,0,70
691,683,540,0,70
691,684,540,0,70
691,685,540,0,70
691,686,540,0,70
691,687,540,0,70
691,688,540,0,70
691,689,540,0,70
691,690,540,0,70
691,692,540,0,70
691,693,540,0,70
691,694,540,0,70
691,695,540,0,70
691,696,540,0,70
691,697,540,0,70
691,698,540,0,70
691,699,540,0,70
691,700,540,0,70
691,701,540,0,70
691,702,540,0,70
691,703,540,0,70
691,704,540,0,70
691,705,540,0,70
691,706,540,0,70
691,707,540,0,70
691,708,540,0,70
691,709,540,0,70
691,710,540,0,70
691,711,540,0,70
691,712,540,0,70
691,713,540,0,70
691,714,540,0,70
691,715,540,0,70
691,716,540,0,70
691,717,540,0,70
691,718,540,0,70
691,719,540,0,70
691,720,540,0,70
691,721,540,0,70
691,722,540,0,70
691,723,540,0,70
691,724,540,0,70
700,625,438,0,79
700,626,438,0,79
700,627,438,0,79
700,628,438,0,79
700,629,438,0,79
700,630,438,0,79
700,631,438,0,79
700,632,438,0,79
700,633,438,0,79
700,634,438,0,79
700,635,438,0,79
700,636,438,0,79
700,637,438,0,79
700,638,438,0,79
700,639,438,0,79
700,640,438,0,79
700,641,438,0,79
700,642,438,0,79
700,643,438,0,79
700,644,438,0,79
700,645,438,0,79
700,646,438,0,79
700,647,438,0,79
700,648,438,0,79
700,649,438,0,79
700,650,438,0,79
700,651,438,0,79
700,652,438,0,79
700,653,438,0,79
700,654,438,0,79
700,655,438,0,79
700,656,438,0,79
700,657,438,0,79
700,658,438,0,79
700,659,438,0,79
700,660,438,0,79
700,661,438,0,79
700,662,438,0,79
700,663,438,0,79
700,664,438,0,79
700,665,438,0,79
700,666,438,0,79
700,667,438,0,79
700,668,438,0,79
700,669,438,0,79
700,670,438,0,79
700,671,438,0,79
700,672,438,0,79
700,673,438,0,79
700,674,438,0,79
700,675,438,0,79
700,676,438,0,79
700,677,438,0,79
700,678,438,0,79
700,679,438,0,79
700,680,438,0,79
700,681,438,0,79
700,682,438,0,79
700,683,438,0,79
700,684,438,0,79
700,685,438,0,79
700,686,438,0,79
700,687,438,0,79
700,688,438,0,79
700,689,438,0,79
700,690,438,0,79
700,691,438,0,79
700,692,438,0,79
700,693,438,0,79
700,694,438,0,79
700,695,438,0,79
700,696,438,0,79
700,697,438,0,79
700,698,438,0,79
700,699,438,0,79
700,701,438,0,79
700,702,438,0,79
700,703,438,0,79
700,704,438,0,79
700,705,438,0,79
700,706,438,0,79
700,707,438,0,79
700,708,438,0,79
700,709,438,0,79
700,710,438,0,79
700,711,438,0,79
700,712,438,0,79
700,713,438,0,79
700,714,438,0,79
700,715,438,0,79
700,716,438,0,79
700,717,438,0,79
700,718,438,0,79
700,719,438,0,79
700,720,438,0,79
700,721,438,0,79
700,722,438,0,79
700,723,438,0,79
700,724,438,0,79
701,625,11,0,80
701,626,11,0,80
701,627,11,0,80
701,628,11,0,80
701,629,11,0,80
701,630,11,0,80
701,631,11,0,80
701,632,11,0,80
701,633,11,0,80
701,634,11,0,80
701,635,11,0,80
701,636,11,0,80
701,637,11,0,80
701,638,11,0,80
701,639,11,0,80
701,640,11,0,80
701,641,11,0,80
701,642,11,0,80
701,643,11,0,80
701,644,11,0,80
701,645,11,0,80
701,646,11,0,80
701,647,11,0,80
701,648,11,0,80
701,649,11,0,80
701,650,11,0,80
701,651,11,0,80
701,652,11,0,80
701,653,11,0,80
701,654,11,0,80
701,655,11,0,80
701,656,11,0,80
701,657,11,0,80
701,658,11,0,80
701,659,11,0,80
701,660,11,0,80
701,661,11,0,80
701,662,11,0,80
701,663,11,0,80
701,664,11,0,80
701,665,11,0,80
701,666,11,0,80
701,667,11,0,80
701,668,11,0,80
701,669,11,0,80
701,670,11,0,80
701,671,11,0,80
701,672,11,0,80
701,673,11,0,80
701,674,11,0,80
701,675,11,0,80
701,676,11,0,80
701,677,11,0,80
701,678,11,0,80
701,679,11,0,80
701,680,11,0,80
701,681,11,0,80
701,682,11,0,80
701,683,11,0,80
701,684,11,0,80
701,685,11,0,80
701,686,11,0,80
701,687,11,0,80
701,688,11,0,80
701,689,11,0,80
701,690,11,0,80
701,691,11,0,80
701,692,11,0,80
701,693,11,0,80
701,694,11,0,80
701,695,11,0,80
701,696,11,0,80
701,697,11,0,80
701,698,11,0,80
701,699,11,0,80
701,700,11,0,80
701,702,11,0,80
701,703,11,0,80
701,704,11,0,80
701,705,11,0,80
701,706,11,0,80
701,707,11,0,80
701,708,11,0,80
701,709,11,0,80
701,710,11,0,80
701,711,11,0,80
701,712,11,0,80
701,713,11,0,80
701,714,11,0,80
701,715,11,0,80
701,716,11,0,80
701,717,11,0,80
701,718,11,0,80
701,719,11,0,80
701,720,11,0,80
701,721,11,0,80
701,722,11,0,80
701,723,11,0,80
701,724,11,0,80
703,625,11,0,82
703,626,11,0,82
703,627,11,0,82
703,628,11,0,82
703,629,11,0,82
703,630,11,0,82
703,631,11,0,82
703,632,11,0,82
703,633,11,0,82
703,634,11,0,82
703,635,11,0,82
703,636,11,0,82
703,637,11,0,82
703,638,11,0,82
703,639,11,0,82
703,640,11,0,82
703,641,11,0,82
703,642,11,0,82
703,643,11,0,82
703,644,11,0,82
703,645,11,0,82
703,646,11,0,82
703,647,11,0,82
703,648,11,0,82
703,649,11,0,82
703,650,11,0,82
703,651,11,0,82
703,652,11,0,82
703,653,11,0,82
703,654,11,0,82
703,655,11,0,82
703,656,11,0,82
703,657,11,0,82
703,658,11,0,82
703,659,11,0,82
703,660,11,0,82
703,661,11,0,82
703,662,11,0,82
703,663,11,0,82
703,664,11,0,82
703,665,11,0,82
703,666,11,0,82
703,667,11,0,82
703,668,11,0,82
703,669,11,0,82
703,670,11,0,82
703,671,11,0,82
703,672,11,0,82
703,673,11,0,82
703,674,11,0,82
703,675,11,0,82
703,676,11,0,82
703,677,11,0,82
703,678,11,0,82
703,679,11,0,82
703,680,11,0,82
703,681,11,0,82
703,682,11,0,82
703,683,11,0,82
703,684,11,0,82
703,685,11,0,82
703,686,11,0,82
703,687,11,0,82
703,688,11,0,82
703,689,11,0,82
703,690,11,0,82
703,691,11,0,82
703,692,11,0,82
703,693,11,0,82
703,694,11,0,82
703,695,11,0,82
703,696,11,0,82
703,697,11,0,82
703,698,11,0,82
703,699,11,0,82
703,700,11,0,82
703,701,11,0,82
703,702,11,0,82
703,704,11,0,82
703,705,11,0,82
703,706,11,0,82
703,707,11,0,82
703,708,11,0,82
703,709,11,0,82
703,710,11,0,82
703,711,11,0,82
703,712,11,0,82
703,713,11,0,82
703,714,11,0,82
703,715,11,0,82
703,716,11,0,82
703,717,11,0,82
703,718,11,0,82
703,719,11,0,82
703,720,11,0,82
703,721,11,0,82
703,722,11,0,82
703,723,11,0,82
703,724,11,0,82
704,625,114,0,83
704,626,114,0,83
704,627,114,0,83
704,628,114,0,83
704,629,114,0,83
704,630,114,0,83
704,631,114,0,83
704,632,114,0,83
704,633,114,0,83
704,634,114,0,83
704,635,114,0,83
704,636,114,0,83
704,637,114,0,83
704,638,114,0,83
704,639,114,0,83
704,640,114,0,83
704,641,114,0,83
704,642,114,0,83
704,643,114,0,83
704,644,114,0,83
704,645,114,0,83
704,646,114,0,83
704,647,114,0,83
704,648,114,0,83
704,649,114,0,83
704,650,114,0,83
704,651,114,0,83
704,652,114,0,83
704,653,114,0,83
704,654,114,0,83
704,655,114,0,83
704,656,114,0,83
704,657,114,0,83
704,658,114,0,83
704,659,114,0,83
704,660,114,0,83
704,661,114,0,83
704,662,114,0,83
704,663,114,0,83
704,664,114,0,83
704,665,114,0,83
704,666,114,0,83
704,667,114,0,83
704,668,114,0,83
704,669,114,0,83
704,670,114,0,83
704,671,114,0,83
704,672,114,0,83
704,673,114,0,83
704,674,114,0,83
704,675,114,0,83
704,676,114,0,83
704,677,114,0,83
704,678,114,0,83
704,679,114,0,83
704,680,114,0,83
704,681,114,0,83
704,682,114,0,83
704,683,114,0,83
704,684,114,0,83
704,685,114,0,83
704,686,114,0,83
704,687,114,0,83
704,688,114,0,83
704,689,114,0,83
704,690,114,0,83
704,691,114,0,83
704,692,114,0,83
704,693,114,0,83
704,694,114,0,83
704,695,114,0,83
704,696,114,0,83
704,697,114,0,83
704,698,114,0,83
704,699,114,0,83
704,700,114,0,83
704,701,114,0,83
704,702,114,0,83
704,703,114,0,83
704,705,114,0,83
704,706,114,0,83
704,707,114,0,83
704,708,114,0,83
704,709,114,0,83
704,710,114,0,83
704,711,114,0,83
704,712,114,0,83
704,713,114,0,83
704,714,114,0,83
704,715,114,0,83
704,716,114,0,83
704,717,114,0,83
704,718,114,0,83
704,719,114,0,83
704,720,114,0,83
704,721,114,0,83
704,722,114,0,83
704,723,114,0,83
704,724,114,0,83
708,625,12,0,87
708,626,12,0,87
708,627,12,0,87
708,628,12,0,87
708,629,12,0,87
708,630,12,0,87
708,631,12,0,87
708,632,12,0,87
708,633,12,0,87
708,634,12,0,87
708,635,12,0,87
708,636,12,0,87
708,637,12,0,87
708,638,12,0,87
708,639,12,0,87
708,640,12,0,87
708,641,12,0,87
708,642,12,0,87
708,643,12,0,87
708,644,12,0,87
708,645,12,0,87
708,646,12,0,87
708,647,12,0,87
708,648,12,0,87
708,649,12,0,87
708,650,12,0,87
708,651,12,0,87
708,652,12,0,87
708,653,12,0,87
708,654,12,0,87
708,655,12,0,87
708,656,12,0,87
708,657,12,0,87
708,658,12,0,87
708,659,12,0,87
708,660,12,0,87
708,661,12,0,87
708,662,12,0,87
708,663,12,0,87
708,664,12,0,87
708,665,12,0,87
708,666,12,0,87
708,667,12,0,87
708,668,12,0,87
708,669,12,0,87
708,670,12,0,87
708,671,12,0,87
708,672,12,0,87
708,673,12,0,87
708,674,12,0,87
708,675,12,0,87
708,676,12,0,87
708,677,12,0,87
708,678,12,0,87
708,679,12,0,87
708,680,12,0,87
708,681,12,0,87
708,682,12,0,87
708,683,12,0,87
708,684,12,0,87
708,685,12,0,87
708,686,12,0,87
708,687,12,0,87
708,688,12,0,87
708,689,12,0,87
708,690,12,0,87
708,691,12,0,87
708,692,12,0,87
708,693,12,0,87
708,694,12,0,87
708,695,12,0,87
708,696,12,0,87
708,697,12,0,87
708,698,12,0,87
708,699,12,0,87
708,700,12,0,87
708,701,12,0,87
708,702,12,0,87
708,703,12,0,87
708,704,12,0,87
708,705,12,0,87
708,706,12,0,87
708,707,12,0,87
708,709,12,0,87
708,710,12,0,87
708,711,12,0,87
708,712,12,0,87
708,713,12,0,87
708,714,12,0,87
708,715,12,0,87
708,716,12,0,87
708,717,12,0,87
708,718,12,0,87
708,719,12,0,87
708,720,12,0,87
708,721,12,0,87
708,722,12,0,87
708,723,12,0,87
708,724,12,0,87
711,625,391,0,90
711,626,391,0,90
711,627,391,0,90
711,628,391,0,90
711,629,391,0,90
711,630,391,0,90
711,631,391,0,90
711,632,391,0,90
711,633,391,0,90
711,634,391,0,90
711,635,391,0,90
711,636,391,0,90
711,637,391,0,90
711,638,391,0,90
711,639,391,0,90
711,640,391,0,90
711,641,391,0,90
711,642,391,0,90
711,643,391,0,90
711,644,391,0,90
711,645,391,0,90
711,646,391,0,90
711,647,391,0,90
711,648,391,0,90
711,649,391,0,90
711,650,391,0,90
711,651,391,0,90
711,652,391,0,90
711,653,391,0,90
711,654,391,0,90
711,655,391,0,90
711,656,391,0,90
711,657,391,0,90
711,658,391,0,90
711,659,391,0,90
711,660,391,0,90
711,661,391,0,90
711,662,391,0,90
711,663,391,0,90
711,664,391,0,90
711,665,391,0,90
711,666,391,0,90
711,667,391,0,90
711,668,391,0,90
711,669,391,0,90
711,670,391,0,90
711,671,391,0,90
711,672,391,0,90
711,673,391,0,90
711,674,391,0,90
711,675,391,0,90
711,676,391,0,90
711,677,391,0,90
711,678,391,0,90
711,679,391,0,90
711,680,391,0,90
711,681,391,0,90
711,682,391,0,90
711,683,391,0,90
711,684,391,0,90
711,685,391,0,90
711,686,391,0,90
711,687,391,0,90
711,688,391,0,90
711,689,391,0,90
711,690,391,0,90
711,691,391,0,90
711,692,391,0,90
711,693,391,0,90
711,694,391,0,90
711,695,391,0,90
711,696,391,0,90
711,697,391,0,90
711,698,391,0,90
711,699,391,0,90
711,700,391,0,90
711,701,391,0,90
711,702,391,0,90
711,703,391,0,90
711,704,391,0,90
711,705,391,0,90
711,706,391,0,90
711,707,391,0,90
711,708,391,0,90
711,709,391,0,90
711,710,391,0,90
711,712,391,0,90
711,713,391,0,90
711,714,391,0,90
711,715,391,0,90
711,716,391,0,90
711,717,391,0,90
711,718,391,0,90
711,719,391,0,90
711,720,391,0,90
711,721,391,0,90
711,722,391,0,90
711,723,391,0,90
711,724,391,0,90
721,625,134,0,100
721,626,134,0,100
721,627,134,0,100
721,628,134,0,100
721,629,134,0,100
721,630,134,0,100
721,631,134,0,100
721,632,134,0,100
721,633,134,0,100
721,634,134,0,100
721,635,134,0,100
721,636,134,0,100
721,637,134,0,100
721,638,134,0,100
721,639,134,0,100
721,640,134,0,100
721,641,134,0,100
721,642,134,0,100
721,643,134,0,100
721,644,134,0,100
721,645,134,0,100
721,646,134,0,100
721,647,134,0,100
721,648,134,0,100
721,649,134,0,100
721,650,134,0,100
721,651,134,0,100
721,652,134,0,100
721,653,134,0,100
721,654,134,0,100
721,655,134,0,100
721,656,134,0,100
721,657,134,0,100
721,658,134,0,100
721,659,134,0,100
721,660,134,0,100
721,661,134,0,100
721,662,134,0,100
721,663,134,0,100
721,664,134,0,100
721,665,134,0,100
721,666,134,0,100
721,667,134,0,100
721,668,134,0,100
721,669,134,0,100
721,670,134,0,100
721,671,134,0,100
721,672,134,0,100
721,673,134,0,100
721,674,134,0,100
721,675,134,0,100
721,676,134,0,100
721,677,134,0,100
721,678,134,0,100
721,679,134,0,100
721,680,134,0,100
721,681,134,0,100
721,682,134,0,100
721,683,134,0,100
721,684,134,0,100
721,685,134,0,100
721,686,134,0,100
721,687,134,0,100
721,688,134,0,100
721,689,134,0,100
721,690,134,0,100
721,691,134,0,100
721,692,134,0,100
721,693,134,0,100
721,694,134,0,100
721,695,134,0,100
721,696,134,0,100
721,697,134,0,100
721,698,134,0,100
721,699,134,0,100
721,700,134,0,100
721,701,134,0,100
721,702,134,0,100
721,703,134,0,100
721,704,134,0,100
721,705,134,0,100
721,706,134,0,100
721,707,134,0,100
721,708,134,0,100
721,709,134,0,100
721,710,134,0,100
721,711,134,0,100
721,712,134,0,100
721,713,134,0,100
721,714,134,0,100
721,715,134,0,100
721,716,134,0,100
721,717,134,0,100
721,718,134,0,100
721,719,134,0,100
721,720,134,0,100
721,722,134,0,100
721,723,134,0,100
721,724,134,0,100
