0,626,24,2,1
0,633,600,3,2
0,677,24,2,1
0,704,24,2,1
1,626,0,0,0
1,677,0,0,0
1,704,2,1,0
2,626,1,0,1
3,671,2,0,1
4,626,5,1,0
4,671,3,0,1
5,626,6,1,0
5,677,6,1,0
5,704,6,1,0
6,626,7,1,0
6,633,606,3,3
6,654,7,1,0
6,677,7,1,0
6,704,7,1,0
7,626,8,1,0
7,652,8,1,0
7,677,8,1,0
7,704,8,1,0
8,626,9,1,0
8,652,9,1,0
8,677,9,1,0
8,692,9,1,0
8,694,9,1,0
8,704,9,1,0
9,626,34,2,0
9,646,10,1,0
9,652,34,2,0
9,677,34,2,0
9,704,34,2,0
10,626,35,2,0
10,646,646,25,0
10,652,35,2,0
10,677,35,2,0
10,692,35,2,0
10,694,35,2,0
10,704,35,2,0
11,626,36,2,0
11,652,36,2,0
11,677,36,2,0
11,694,36,2,0
11,704,36,2,0
12,626,37,2,0
12,652,37,2,0
12,677,37,2,0
12,704,37,2,0
13,626,38,2,0
13,654,38,2,0
13,677,38,2,0
13,704,38,2,0
14,626,39,2,0
14,677,39,2,0
15,626,40,2,0
15,671,16,1,0
17,626,42,2,0
18,626,43,2,0
18,654,43,2,0
18,677,43,2,0
18,704,17,0,1
19,626,44,2,0
19,633,20,1,0
19,677,44,2,0
19,704,44,2,0
20,626,45,2,0
20,652,45,2,0
20,677,45,2,0
20,704,45,2,0
21,626,46,2,0
21,652,46,2,0
21,677,46,2,0
21,692,20,0,1
21,694,46,2,0
21,704,46,2,0
22,626,47,2,0
22,646,21,0,1
22,652,47,2,0
22,677,47,2,0
22,704,47,2,0
23,626,22,0,1
23,652,22,0,1
23,677,22,0,1
23,692,24,1,0
23,694,22,0,1
23,704,22,0,1
24,626,23,0,1
24,652,23,0,1
24,677,23,0,1
24,704,23,0,1
25,626,49,3,2
25,633,0,0,1
25,677,49,3,2
25,704,49,3,2
26,626,25,1,1
26,677,25,1,1
26,704,27,2,1
27,626,26,1,2
28,671,27,1,2
29,626,30,2,1
29,671,28,1,2
30,626,31,2,1
30,677,31,2,1
30,704,31,2,1
31,626,32,2,1
31,633,6,0,2
31,654,32,2,1
31,677,32,2,1
31,704,32,2,1
32,626,33,2,1
32,633,7,0,2
32,652,33,2,1
32,677,33,2,1
32,704,33,2,1
33,626,34,2,1
33,633,8,0,2
33,652,34,2,1
33,677,34,2,1
33,692,34,2,1
33,694,34,2,1
33,704,34,2,1
34,626,59,3,0
34,633,9,0,2
34,646,9,0,2
34,654,59,3,0
34,677,59,3,0
34,704,59,3,0
35,626,60,3,0
35,646,10,0,2
35,652,60,3,0
35,654,60,3,0
35,677,60,3,0
35,692,60,3,0
35,694,60,3,0
35,704,60,3,0
36,626,61,3,0
36,652,61,3,0
36,654,61,3,0
36,677,61,3,0
36,694,61,3,0
36,704,61,3,0
37,626,62,3,0
37,652,62,3,0
37,654,62,3,0
37,677,62,3,0
37,704,62,3,0
38,626,63,3,0
38,654,63,3,0
38,677,63,3,0
38,704,63,3,0
39,626,64,3,0
39,677,64,3,0
40,626,65,3,0
40,671,41,2,1
42,626,67,3,0
43,626,68,3,0
43,654,68,3,0
43,677,68,3,0
43,704,42,1,2
44,626,69,3,0
44,633,45,2,1
44,654,69,3,0
44,677,69,3,0
44,704,69,3,0
45,626,70,3,0
45,652,70,3,0
45,654,70,3,0
45,677,70,3,0
45,704,70,3,0
46,626,71,3,0
46,652,71,3,0
46,654,71,3,0
46,677,71,3,0
46,692,45,1,2
46,694,71,3,0
46,704,71,3,0
47,626,72,3,0
47,633,22,0,2
47,646,22,0,2
47,654,72,3,0
47,677,72,3,0
47,704,72,3,0
48,626,47,1,2
48,633,23,0,2
48,652,47,1,2
48,677,47,1,2
48,692,49,2,1
48,694,47,1,2
48,704,47,1,2
49,626,48,1,2
49,633,24,0,2
49,652,48,1,2
49,677,48,1,2
49,704,48,1,2
50,626,74,3,2
50,633,75,2,0
50,677,74,3,2
50,704,74,3,2
51,626,50,1,1
51,677,50,1,1
51,704,52,2,1
52,626,51,1,2
53,671,52,1,2
54,626,55,2,1
54,671,53,1,2
55,626,56,2,1
55,677,56,2,1
55,704,56,2,1
56,626,57,2,1
56,633,81,3,0
56,654,57,2,1
56,677,57,2,1
56,704,57,2,1
57,626,58,2,1
57,652,58,2,1
57,677,58,2,1
57,704,58,2,1
58,626,59,2,1
58,652,59,2,1
58,677,59,2,1
58,692,59,2,1
58,694,59,2,1
58,704,59,2,1
59,654,60,2,1
59,692,60,2,1
59,694,60,2,1
59,704,84,3,0
60,626,85,3,0
60,652,85,3,0
60,654,61,2,1
60,677,85,3,0
60,692,692,71,0
60,694,61,2,1
60,704,85,3,0
61,626,86,3,0
61,652,86,3,0
61,654,62,2,1
61,677,86,3,0
61,694,694,73,0
61,704,86,3,0
62,626,87,3,0
62,652,87,3,0
62,654,63,2,1
62,677,87,3,0
62,704,87,3,0
63,626,88,3,0
63,677,88,3,0
63,704,88,3,0
64,626,89,3,0
64,677,89,3,0
65,626,90,3,0
65,671,66,2,1
67,626,92,3,0
68,626,93,3,0
68,654,654,33,0
68,677,93,3,0
68,704,67,1,2
69,626,94,3,0
69,633,70,2,1
69,654,68,1,2
69,677,94,3,0
69,704,94,3,0
70,626,95,3,0
70,652,95,3,0
70,654,69,1,2
70,677,95,3,0
70,704,95,3,0
71,626,96,3,0
71,652,96,3,0
71,654,70,1,2
71,677,96,3,0
71,692,70,1,2
71,694,70,1,2
71,704,96,3,0
72,654,71,1,2
72,692,71,1,2
72,694,71,1,2
72,704,97,3,0
73,626,72,1,2
73,652,72,1,2
73,677,72,1,2
73,692,74,2,1
73,694,72,1,2
73,704,72,1,2
74,626,73,1,2
74,652,73,1,2
74,677,73,1,2
74,704,73,1,2
75,626,99,3,2
75,633,100,2,0
75,677,99,3,2
75,704,99,3,2
76,626,75,1,1
76,677,75,1,1
76,704,77,2,1
77,626,76,1,2
78,671,77,1,2
79,626,80,2,1
79,671,78,1,2
80,626,81,2,1
80,677,81,2,1
80,704,81,2,1
81,626,82,2,1
81,633,106,3,0
81,654,82,2,1
81,677,82,2,1
81,704,82,2,1
82,626,83,2,1
82,652,83,2,1
82,677,83,2,1
82,704,83,2,1
83,626,84,2,1
83,652,84,2,1
83,677,84,2,1
83,692,84,2,1
83,694,84,2,1
83,704,84,2,1
84,626,85,2,1
84,692,59,0,3
84,694,59,0,3
85,626,86,2,1
85,652,110,3,0
85,677,110,3,0
85,692,60,0,3
85,694,60,0,3
85,704,110,3,0
86,626,87,2,1
86,652,111,3,0
86,677,111,3,0
86,694,61,0,3
86,704,111,3,0
87,626,88,2,1
87,652,112,3,0
87,677,112,3,0
87,704,112,3,0
88,626,89,2,1
88,654,63,0,3
88,677,113,3,0
88,704,113,3,0
89,626,90,2,1
89,677,114,3,0
90,626,626,5,0
90,671,91,2,1
92,626,91,1,2
93,626,92,1,2
93,654,68,0,3
93,677,118,3,0
93,704,92,1,2
94,626,93,1,2
94,633,95,2,1
94,677,119,3,0
94,704,119,3,0
95,626,94,1,2
95,652,120,3,0
95,677,120,3,0
95,704,120,3,0
96,626,95,1,2
96,652,121,3,0
96,677,121,3,0
96,692,95,1,2
96,694,71,0,3
96,704,121,3,0
97,626,96,1,2
97,692,72,0,3
97,694,72,0,3
98,626,97,1,2
98,652,97,1,2
98,677,97,1,2
98,692,99,2,1
98,694,97,1,2
98,704,97,1,2
99,626,98,1,2
99,652,98,1,2
99,677,98,1,2
99,704,98,1,2
100,626,124,3,2
100,633,125,2,0
100,677,124,3,2
100,704,124,3,2
101,626,100,1,1
101,677,100,1,1
101,704,102,2,1
102,626,101,1,2
103,671,102,1,2
104,626,105,2,1
104,671,103,1,2
105,626,106,2,1
105,677,106,2,1
105,704,106,2,1
106,626,107,2,1
106,633,131,3,0
106,654,107,2,1
106,677,107,2,1
106,704,107,2,1
107,626,108,2,1
107,652,108,2,1
107,677,108,2,1
107,704,108,2,1
108,626,109,2,1
108,652,109,2,1
108,677,109,2,1
108,692,109,2,1
108,694,109,2,1
108,704,109,2,1
109,626,84,0,3
109,677,110,2,1
109,692,84,0,3
109,694,84,0,3
109,709,110,2,1
110,626,85,0,3
110,652,135,3,0
110,677,111,2,1
110,692,85,0,3
110,694,85,0,3
110,704,135,3,0
110,709,111,2,1
111,626,86,0,3
111,652,136,3,0
111,677,112,2,1
111,694,86,0,3
111,704,136,3,0
111,709,112,2,1
112,626,87,0,3
112,652,137,3,0
112,677,113,2,1
112,704,137,3,0
112,709,113,2,1
113,626,88,0,3
113,654,88,0,3
113,677,114,2,1
113,704,138,3,0
113,709,709,88,0
114,626,89,0,3
114,677,677,56,0
115,626,90,0,3
115,671,116,2,1
117,626,92,0,3
118,626,93,0,3
118,654,93,0,3
118,677,117,1,2
118,704,117,1,2
119,626,94,0,3
119,633,120,2,1
119,677,118,1,2
119,704,144,3,0
119,709,118,1,2
120,626,95,0,3
120,652,145,3,0
120,677,119,1,2
120,704,145,3,0
120,709,119,1,2
121,626,96,0,3
121,652,146,3,0
121,677,120,1,2
121,692,120,1,2
121,694,96,0,3
121,704,146,3,0
121,709,120,1,2
122,626,97,0,3
122,677,121,1,2
122,692,97,0,3
122,694,97,0,3
122,709,121,1,2
123,626,122,1,2
123,652,122,1,2
123,677,122,1,2
123,692,124,2,1
123,694,122,1,2
123,704,122,1,2
124,626,123,1,2
124,652,123,1,2
124,677,123,1,2
124,704,123,1,2
125,626,149,3,2
125,633,150,2,0
125,677,149,3,2
125,704,149,3,2
126,626,125,1,1
126,677,125,1,1
126,704,127,2,1
127,626,126,1,2
128,671,127,1,2
129,626,130,2,1
129,671,128,1,2
130,626,131,2,1
130,677,131,2,1
130,704,131,2,1
131,626,132,2,1
131,633,156,3,0
131,654,132,2,1
131,677,132,2,1
131,704,132,2,1
132,626,133,2,1
132,652,133,2,1
132,677,133,2,1
132,704,133,2,1
133,626,134,2,1
133,652,134,2,1
133,677,134,2,1
133,692,134,2,1
133,694,134,2,1
133,704,134,2,1
134,626,109,0,3
134,660,159,3,0
134,677,109,0,3
134,692,109,0,3
134,694,109,0,3
134,704,135,2,1
134,709,109,0,3
135,626,110,0,3
135,652,160,3,0
135,660,160,3,0
135,677,110,0,3
135,692,110,0,3
135,694,110,0,3
135,704,136,2,1
135,709,110,0,3
136,626,111,0,3
136,652,161,3,0
136,660,161,3,0
136,677,111,0,3
136,694,111,0,3
136,704,137,2,1
136,709,111,0,3
137,626,112,0,3
137,652,162,3,0
137,660,162,3,0
137,677,112,0,3
137,704,138,2,1
137,709,112,0,3
138,626,113,0,3
138,654,113,0,3
138,677,113,0,3
138,704,704,83,0
138,709,113,0,3
139,626,114,0,3
139,677,114,0,3
140,626,115,0,3
140,671,141,2,1
142,626,117,0,3
143,626,118,0,3
143,654,118,0,3
143,677,118,0,3
143,704,142,1,2
144,626,119,0,3
144,633,145,2,1
144,677,119,0,3
144,704,143,1,2
144,709,119,0,3
145,626,120,0,3
145,652,170,3,0
145,660,170,3,0
145,677,120,0,3
145,704,144,1,2
145,709,120,0,3
146,626,121,0,3
146,652,171,3,0
146,660,171,3,0
146,677,121,0,3
146,692,145,1,2
146,694,121,0,3
146,704,145,1,2
146,709,121,0,3
147,626,122,0,3
147,660,172,3,0
147,677,122,0,3
147,692,122,0,3
147,694,122,0,3
147,704,146,1,2
147,709,122,0,3
148,626,147,1,2
148,652,147,1,2
148,677,147,1,2
148,694,147,1,2
148,704,147,1,2
149,626,148,1,2
149,652,148,1,2
149,677,148,1,2
149,704,148,1,2
150,626,174,3,2
150,633,175,2,0
150,653,151,1,1
150,677,174,3,2
150,704,174,3,2
151,626,150,1,1
151,653,152,2,1
151,677,150,1,1
151,704,152,2,1
152,626,151,1,2
152,653,153,2,1
153,671,152,1,2
154,626,155,2,1
154,653,653,32,0
154,671,153,1,2
155,626,156,2,1
155,653,154,1,2
155,677,156,2,1
155,704,156,2,1
156,626,157,2,1
156,633,181,3,0
156,653,155,1,2
156,654,157,2,1
156,677,157,2,1
156,704,157,2,1
157,626,158,2,1
157,652,158,2,1
157,653,156,1,2
157,677,158,2,1
157,704,158,2,1
158,626,159,2,1
158,652,159,2,1
158,653,157,1,2
158,677,159,2,1
158,692,159,2,1
158,694,159,2,1
158,704,159,2,1
159,626,134,0,3
159,652,160,2,1
159,653,158,1,2
159,677,134,0,3
159,694,134,0,3
159,704,134,0,3
160,626,135,0,3
160,652,161,2,1
160,677,135,0,3
160,692,135,0,3
160,694,135,0,3
160,704,135,0,3
161,626,136,0,3
161,652,162,2,1
161,677,136,0,3
161,694,136,0,3
161,704,136,0,3
162,626,137,0,3
162,652,652,31,0
162,677,137,0,3
162,704,137,0,3
163,626,138,0,3
163,654,138,0,3
163,677,138,0,3
163,704,138,0,3
164,626,139,0,3
164,677,139,0,3
165,626,140,0,3
165,671,166,2,1
167,626,142,0,3
168,626,143,0,3
168,654,143,0,3
168,677,143,0,3
168,704,167,1,2
169,626,144,0,3
169,633,170,2,1
169,677,144,0,3
169,704,144,0,3
170,626,145,0,3
170,652,169,1,2
170,677,145,0,3
170,704,145,0,3
171,626,146,0,3
171,652,170,1,2
171,677,146,0,3
171,692,170,1,2
171,694,146,0,3
171,704,146,0,3
172,626,147,0,3
172,652,171,1,2
172,653,173,2,1
172,677,147,0,3
172,694,147,0,3
172,704,147,0,3
173,626,172,1,2
173,652,172,1,2
173,653,174,2,1
173,677,172,1,2
173,692,174,2,1
173,694,172,1,2
173,704,172,1,2
174,626,173,1,2
174,652,173,1,2
174,653,150,2,3
174,677,173,1,2
174,704,173,1,2
175,626,199,3,2
175,633,200,2,0
175,653,150,0,2
175,677,199,3,2
175,704,199,3,2
176,626,175,1,1
176,653,151,0,3
176,677,175,1,1
176,704,177,2,1
177,626,176,1,2
177,653,152,0,3
178,671,177,1,2
179,626,180,2,1
179,653,154,0,3
179,671,178,1,2
180,626,181,2,1
180,653,155,0,3
180,677,181,2,1
180,704,181,2,1
181,626,182,2,1
181,633,206,3,0
181,653,156,0,3
181,654,182,2,1
181,677,182,2,1
181,704,182,2,1
182,626,183,2,1
182,652,183,2,1
182,653,157,0,3
182,677,183,2,1
182,704,183,2,1
183,626,184,2,1
183,652,184,2,1
183,653,158,0,3
183,677,184,2,1
183,692,184,2,1
183,694,184,2,1
183,704,184,2,1
184,626,159,0,3
184,652,159,0,3
184,653,159,0,3
184,677,159,0,3
184,704,159,0,3
185,626,160,0,3
185,652,160,0,3
185,677,160,0,3
185,692,160,0,3
185,694,160,0,3
185,704,160,0,3
186,626,161,0,3
186,652,161,0,3
186,677,161,0,3
186,694,161,0,3
186,704,161,0,3
187,626,162,0,3
187,652,162,0,3
187,677,162,0,3
187,704,162,0,3
188,626,163,0,3
188,654,163,0,3
188,677,163,0,3
188,704,163,0,3
189,626,164,0,3
189,677,164,0,3
190,626,165,0,3
190,671,191,2,1
192,626,167,0,3
193,626,168,0,3
193,654,168,0,3
193,677,168,0,3
193,704,192,1,2
194,626,169,0,3
194,633,195,2,1
194,677,169,0,3
194,704,169,0,3
195,626,170,0,3
195,652,170,0,3
195,677,170,0,3
195,704,170,0,3
196,626,171,0,3
196,652,171,0,3
196,677,171,0,3
196,692,195,1,2
196,694,171,0,3
196,704,171,0,3
197,626,172,0,3
197,652,172,0,3
197,653,172,0,3
197,677,172,0,3
197,704,172,0,3
198,626,197,1,2
198,652,197,1,2
198,653,173,0,3
198,677,197,1,2
198,692,199,2,1
198,694,197,1,2
198,704,197,1,2
199,626,198,1,2
199,652,198,1,2
199,653,174,0,3
199,677,198,1,2
199,704,198,1,2
200,626,224,3,2
200,633,225,2,0
200,677,224,3,2
200,704,224,3,2
201,626,200,1,1
201,677,200,1,1
201,704,202,2,1
202,626,201,1,2
203,671,202,1,2
204,626,205,2,1
204,671,203,1,2
205,626,206,2,1
205,677,206,2,1
205,704,206,2,1
206,626,207,2,1
206,633,231,3,0
206,654,207,2,1
206,677,207,2,1
206,704,207,2,1
207,626,208,2,1
207,652,208,2,1
207,677,208,2,1
207,704,208,2,1
208,626,209,2,1
208,652,209,2,1
208,677,209,2,1
208,692,209,2,1
208,694,209,2,1
208,704,209,2,1
209,626,184,0,3
209,652,184,0,3
209,677,184,0,3
209,704,184,0,3
210,626,185,0,3
210,652,185,0,3
210,677,185,0,3
210,692,185,0,3
210,694,185,0,3
210,704,185,0,3
211,626,186,0,3
211,652,186,0,3
211,677,186,0,3
211,694,186,0,3
211,704,186,0,3
212,626,187,0,3
212,652,187,0,3
212,677,187,0,3
212,704,187,0,3
213,626,188,0,3
213,654,188,0,3
213,677,188,0,3
213,704,188,0,3
214,626,189,0,3
214,677,189,0,3
215,626,190,0,3
215,671,216,2,1
217,626,192,0,3
218,626,193,0,3
218,654,193,0,3
218,677,193,0,3
218,704,217,1,2
219,626,194,0,3
219,633,220,2,1
219,677,194,0,3
219,704,194,0,3
220,626,195,0,3
220,652,195,0,3
220,677,195,0,3
220,704,195,0,3
221,626,196,0,3
221,652,196,0,3
221,677,196,0,3
221,692,220,1,2
221,694,196,0,3
221,704,196,0,3
222,626,197,0,3
222,652,197,0,3
222,677,197,0,3
222,704,197,0,3
223,626,222,1,2
223,652,222,1,2
223,677,222,1,2
223,692,224,2,1
223,694,222,1,2
223,704,222,1,2
224,626,223,1,2
224,652,223,1,2
224,677,223,1,2
224,704,223,1,2
225,626,249,3,2
225,633,250,2,0
225,677,249,3,2
225,704,249,3,2
226,626,225,1,1
226,677,225,1,1
226,704,227,2,1
227,626,226,1,2
228,671,227,1,2
229,626,230,2,1
229,671,228,1,2
230,626,231,2,1
230,677,231,2,1
230,704,231,2,1
231,626,232,2,1
231,633,256,3,0
231,654,232,2,1
231,677,232,2,1
231,704,232,2,1
232,626,233,2,1
232,652,233,2,1
232,677,233,2,1
232,704,233,2,1
233,626,234,2,1
233,652,234,2,1
233,677,234,2,1
233,692,234,2,1
233,694,234,2,1
233,704,234,2,1
234,626,209,0,3
234,652,209,0,3
234,677,209,0,3
234,704,209,0,3
235,626,210,0,3
235,652,210,0,3
235,677,210,0,3
235,692,210,0,3
235,694,210,0,3
235,704,210,0,3
236,626,211,0,3
236,652,211,0,3
236,677,211,0,3
236,694,211,0,3
236,704,211,0,3
237,626,212,0,3
237,652,212,0,3
237,677,212,0,3
237,704,212,0,3
238,626,213,0,3
238,654,213,0,3
238,677,213,0,3
238,704,213,0,3
239,626,214,0,3
239,677,214,0,3
240,626,215,0,3
240,671,241,2,1
242,626,217,0,3
243,626,218,0,3
243,654,218,0,3
243,677,218,0,3
243,704,242,1,2
244,626,219,0,3
244,633,245,2,1
244,677,219,0,3
244,704,219,0,3
245,626,220,0,3
245,652,220,0,3
245,677,220,0,3
245,704,220,0,3
246,626,221,0,3
246,652,221,0,3
246,677,221,0,3
246,692,245,1,2
246,694,221,0,3
246,704,221,0,3
247,626,222,0,3
247,652,222,0,3
247,677,222,0,3
247,704,222,0,3
248,626,247,1,2
248,652,247,1,2
248,677,247,1,2
248,692,249,2,1
248,694,247,1,2
248,704,247,1,2
249,626,248,1,2
249,652,248,1,2
249,677,248,1,2
249,704,248,1,2
250,626,274,3,2
250,633,275,2,0
250,677,274,3,2
250,704,274,3,2
251,626,250,1,1
251,677,250,1,1
251,704,252,2,1
252,626,251,1,2
252,671,671,50,0
253,671,252,1,2
254,626,255,2,1
255,626,256,2,1
255,677,256,2,1
255,704,256,2,1
256,626,257,2,1
256,633,281,3,0
256,654,257,2,1
256,677,257,2,1
256,704,257,2,1
257,626,258,2,1
257,652,258,2,1
257,677,258,2,1
257,704,258,2,1
258,626,259,2,1
258,652,259,2,1
258,677,259,2,1
258,692,259,2,1
258,694,259,2,1
258,704,259,2,1
259,626,234,0,3
259,652,234,0,3
259,677,234,0,3
259,686,260,2,1
259,704,234,0,3
260,626,235,0,3
260,652,235,0,3
260,677,235,0,3
260,686,261,2,1
260,692,235,0,3
260,694,235,0,3
260,704,235,0,3
261,626,236,0,3
261,652,236,0,3
261,677,236,0,3
261,686,262,2,1
261,694,236,0,3
261,704,236,0,3
262,626,237,0,3
262,652,237,0,3
262,677,237,0,3
262,686,263,2,1
262,704,237,0,3
263,626,238,0,3
263,654,238,0,3
263,677,238,0,3
263,686,264,2,1
263,704,238,0,3
264,626,239,0,3
264,677,239,0,3
264,686,686,65,0
265,626,240,0,3
265,671,266,2,1
267,626,242,0,3
268,626,243,0,3
268,654,243,0,3
268,677,243,0,3
268,686,267,1,2
268,704,267,1,2
269,626,244,0,3
269,633,270,2,1
269,677,244,0,3
269,686,268,1,2
269,704,244,0,3
270,626,245,0,3
270,652,245,0,3
270,677,245,0,3
270,686,269,1,2
270,704,245,0,3
271,626,246,0,3
271,652,246,0,3
271,677,246,0,3
271,686,270,1,2
271,692,270,1,2
271,694,246,0,3
271,704,246,0,3
272,626,247,0,3
272,652,247,0,3
272,677,247,0,3
272,686,271,1,2
272,704,247,0,3
273,626,272,1,2
273,652,272,1,2
273,677,272,1,2
273,692,274,2,1
273,694,272,1,2
273,704,272,1,2
274,626,273,1,2
274,652,273,1,2
274,677,273,1,2
274,704,273,1,2
275,626,299,3,2
275,633,300,2,0
275,677,299,3,2
275,704,299,3,2
276,626,275,1,1
276,677,275,1,1
276,704,277,2,1
277,626,276,1,2
278,671,277,1,2
279,626,280,2,1
279,671,278,1,2
280,626,281,2,1
280,677,281,2,1
280,704,281,2,1
281,626,282,2,1
281,633,306,3,0
281,654,282,2,1
281,677,282,2,1
281,704,282,2,1
282,626,283,2,1
282,652,283,2,1
282,677,283,2,1
282,704,283,2,1
283,626,284,2,1
283,652,284,2,1
283,677,284,2,1
283,692,284,2,1
283,694,284,2,1
283,704,284,2,1
284,626,259,0,3
284,652,259,0,3
284,677,259,0,3
284,686,259,0,3
284,704,259,0,3
285,626,260,0,3
285,652,260,0,3
285,677,260,0,3
285,686,260,0,3
285,692,260,0,3
285,694,260,0,3
285,704,260,0,3
286,626,261,0,3
286,652,261,0,3
286,677,261,0,3
286,686,261,0,3
286,694,261,0,3
286,704,261,0,3
287,626,262,0,3
287,652,262,0,3
287,677,262,0,3
287,686,262,0,3
287,704,262,0,3
288,626,263,0,3
288,654,263,0,3
288,677,263,0,3
288,686,263,0,3
288,704,263,0,3
289,626,264,0,3
289,677,264,0,3
289,686,264,0,3
290,626,265,0,3
290,671,291,2,1
292,626,267,0,3
293,626,268,0,3
293,654,268,0,3
293,677,268,0,3
293,686,268,0,3
293,704,292,1,2
294,626,269,0,3
294,633,295,2,1
294,677,269,0,3
294,686,269,0,3
294,704,269,0,3
295,626,270,0,3
295,652,270,0,3
295,677,270,0,3
295,686,270,0,3
295,704,270,0,3
296,626,271,0,3
296,652,271,0,3
296,677,271,0,3
296,686,271,0,3
296,692,295,1,2
296,694,271,0,3
296,704,271,0,3
297,626,272,0,3
297,652,272,0,3
297,677,272,0,3
297,686,272,0,3
297,704,272,0,3
298,626,297,1,2
298,652,297,1,2
298,677,297,1,2
298,692,299,2,1
298,694,297,1,2
298,704,297,1,2
299,626,298,1,2
299,652,298,1,2
299,677,298,1,2
299,704,298,1,2
300,626,324,3,2
300,633,325,2,0
300,677,324,3,2
300,704,324,3,2
301,626,300,1,1
301,677,300,1,1
301,704,302,2,1
302,626,301,1,2
303,671,302,1,2
304,626,305,2,1
304,671,303,1,2
305,626,306,2,1
305,677,306,2,1
305,704,306,2,1
306,626,307,2,1
306,633,331,3,0
306,654,307,2,1
306,677,307,2,1
306,704,307,2,1
307,626,308,2,1
307,652,308,2,1
307,677,308,2,1
307,704,308,2,1
308,626,309,2,1
308,652,309,2,1
308,677,309,2,1
308,692,309,2,1
308,694,309,2,1
308,704,309,2,1
309,626,284,0,3
309,652,284,0,3
309,677,284,0,3
309,704,284,0,3
310,626,285,0,3
310,652,285,0,3
310,677,285,0,3
310,692,285,0,3
310,694,285,0,3
310,704,285,0,3
311,626,286,0,3
311,652,286,0,3
311,677,286,0,3
311,694,286,0,3
311,704,286,0,3
312,626,287,0,3
312,652,287,0,3
312,677,287,0,3
312,704,287,0,3
313,626,288,0,3
313,654,288,0,3
313,677,288,0,3
313,704,288,0,3
314,626,289,0,3
314,677,289,0,3
315,626,290,0,3
315,671,316,2,1
317,626,292,0,3
318,626,293,0,3
318,654,293,0,3
318,677,293,0,3
318,704,317,1,2
319,626,294,0,3
319,633,320,2,1
319,677,294,0,3
319,704,294,0,3
320,626,295,0,3
320,652,295,0,3
320,677,295,0,3
320,704,295,0,3
321,626,296,0,3
321,652,296,0,3
321,677,296,0,3
321,692,320,1,2
321,694,296,0,3
321,704,296,0,3
322,626,297,0,3
322,652,297,0,3
322,677,297,0,3
322,704,297,0,3
323,626,322,1,2
323,652,322,1,2
323,677,322,1,2
323,692,324,2,1
323,694,322,1,2
323,704,322,1,2
324,626,323,1,2
324,652,323,1,2
324,677,323,1,2
324,704,323,1,2
325,626,349,3,2
325,633,350,2,0
325,677,349,3,2
325,704,349,3,2
326,626,325,1,1
326,677,325,1,1
326,704,327,2,1
327,626,326,1,2
328,671,327,1,2
329,626,330,2,1
329,671,328,1,2
330,626,331,2,1
330,677,331,2,1
330,704,331,2,1
331,626,332,2,1
331,633,356,3,0
331,654,332,2,1
331,677,332,2,1
331,704,332,2,1
332,626,333,2,1
332,633,357,3,0
332,652,333,2,1
332,677,333,2,1
332,704,333,2,1
333,626,334,2,1
333,633,358,3,0
333,652,334,2,1
333,677,334,2,1
333,692,334,2,1
333,694,334,2,1
333,704,334,2,1
334,626,309,0,3
334,633,359,3,0
334,646,359,3,0
334,652,309,0,3
334,677,309,0,3
334,704,309,0,3
335,626,310,0,3
335,646,360,3,0
335,652,310,0,3
335,677,310,0,3
335,692,310,0,3
335,694,310,0,3
335,704,310,0,3
336,626,311,0,3
336,652,311,0,3
336,677,311,0,3
336,694,311,0,3
336,704,311,0,3
337,626,312,0,3
337,652,312,0,3
337,677,312,0,3
337,704,312,0,3
338,626,313,0,3
338,654,313,0,3
338,677,313,0,3
338,704,313,0,3
339,626,314,0,3
339,677,314,0,3
340,626,315,0,3
340,671,341,2,1
342,626,317,0,3
343,626,318,0,3
343,654,318,0,3
343,677,318,0,3
343,704,342,1,2
344,626,319,0,3
344,633,345,2,1
344,677,319,0,3
344,704,319,0,3
345,626,320,0,3
345,652,320,0,3
345,677,320,0,3
345,704,320,0,3
346,626,321,0,3
346,652,321,0,3
346,677,321,0,3
346,692,345,1,2
346,694,321,0,3
346,704,321,0,3
347,626,322,0,3
347,633,372,3,0
347,646,372,3,0
347,652,322,0,3
347,677,322,0,3
347,704,322,0,3
348,626,347,1,2
348,633,373,3,0
348,652,347,1,2
348,677,347,1,2
348,692,349,2,1
348,694,347,1,2
348,704,347,1,2
349,626,348,1,2
349,633,374,3,0
349,652,348,1,2
349,677,348,1,2
349,704,348,1,2
350,626,374,3,2
350,677,374,3,2
350,704,374,3,2
351,626,350,1,1
351,677,350,1,1
351,704,352,2,1
352,626,351,1,2
353,671,352,1,2
354,626,355,2,1
354,671,353,1,2
355,626,356,2,1
355,677,356,2,1
355,704,356,2,1
356,626,357,2,1
356,633,633,12,0
356,654,357,2,1
356,677,357,2,1
356,704,357,2,1
357,626,358,2,1
357,633,356,1,2
357,652,358,2,1
357,677,358,2,1
357,704,358,2,1
358,626,359,2,1
358,633,357,1,2
358,652,359,2,1
358,677,359,2,1
358,692,359,2,1
358,694,359,2,1
358,704,359,2,1
359,626,334,0,3
359,633,358,1,2
359,654,334,0,3
359,677,334,0,3
359,704,334,0,3
360,626,335,0,3
360,652,335,0,3
360,654,335,0,3
360,677,335,0,3
360,692,335,0,3
360,694,335,0,3
360,704,335,0,3
361,626,336,0,3
361,652,336,0,3
361,654,336,0,3
361,677,336,0,3
361,694,336,0,3
361,704,336,0,3
362,626,337,0,3
362,652,337,0,3
362,654,337,0,3
362,677,337,0,3
362,704,337,0,3
363,626,338,0,3
363,654,338,0,3
363,677,338,0,3
363,704,338,0,3
364,626,339,0,3
364,677,339,0,3
365,626,340,0,3
365,671,366,2,1
367,626,342,0,3
368,626,343,0,3
368,654,343,0,3
368,677,343,0,3
368,704,367,1,2
369,626,344,0,3
369,633,370,2,1
369,654,344,0,3
369,677,344,0,3
369,704,344,0,3
370,626,345,0,3
370,652,345,0,3
370,654,345,0,3
370,677,345,0,3
370,704,345,0,3
371,626,346,0,3
371,652,346,0,3
371,654,346,0,3
371,677,346,0,3
371,692,370,1,2
371,694,346,0,3
371,704,346,0,3
372,626,347,0,3
372,633,373,2,1
372,654,347,0,3
372,677,347,0,3
372,704,347,0,3
373,626,372,1,2
373,633,374,2,1
373,652,372,1,2
373,677,372,1,2
373,692,374,2,1
373,694,372,1,2
373,704,372,1,2
374,626,373,1,2
374,633,350,2,3
374,652,373,1,2
374,677,373,1,2
374,704,373,1,2
375,626,399,3,2
375,633,350,0,2
375,677,399,3,2
375,704,399,3,2
376,626,375,1,1
376,677,375,1,1
377,626,376,1,2
378,671,377,1,2
379,626,380,2,1
379,671,378,1,2
380,626,381,2,1
380,677,381,2,1
380,704,381,2,1
381,626,382,2,1
381,633,356,0,3
381,654,382,2,1
381,677,382,2,1
381,704,382,2,1
382,626,383,2,1
382,652,383,2,1
382,677,383,2,1
382,704,383,2,1
383,626,384,2,1
383,652,384,2,1
383,677,384,2,1
383,692,384,2,1
383,694,384,2,1
383,704,384,2,1
384,692,409,3,0
384,694,409,3,0
384,704,359,0,3
385,626,360,0,3
385,652,360,0,3
385,677,360,0,3
385,692,410,3,0
385,694,410,3,0
385,704,360,0,3
386,626,361,0,3
386,652,361,0,3
386,677,361,0,3
386,694,411,3,0
386,704,361,0,3
387,626,362,0,3
387,652,362,0,3
387,677,362,0,3
387,704,362,0,3
388,626,363,0,3
388,654,413,3,0
388,677,363,0,3
388,704,363,0,3
389,626,364,0,3
389,677,364,0,3
390,626,365,0,3
390,671,391,2,1
392,626,367,0,3
393,626,368,0,3
393,654,418,3,0
393,677,368,0,3
393,704,392,1,2
394,626,369,0,3
394,633,395,2,1
394,677,369,0,3
394,704,369,0,3
395,626,370,0,3
395,652,370,0,3
395,677,370,0,3
395,704,370,0,3
396,626,371,0,3
396,652,371,0,3
396,677,371,0,3
396,692,395,1,2
396,694,421,3,0
396,704,371,0,3
397,692,422,3,0
397,694,422,3,0
397,704,372,0,3
398,626,397,1,2
398,652,397,1,2
398,677,397,1,2
398,692,399,2,1
398,694,397,1,2
398,704,397,1,2
399,626,398,1,2
399,652,398,1,2
399,677,398,1,2
399,704,398,1,2
400,626,424,3,2
400,633,375,0,2
400,677,424,3,2
400,704,424,3,2
401,626,400,1,1
401,677,400,1,1
401,704,402,2,1
402,626,401,1,2
403,671,402,1,2
404,626,405,2,1
404,671,403,1,2
405,626,406,2,1
405,677,406,2,1
405,704,406,2,1
406,626,407,2,1
406,633,381,0,3
406,654,407,2,1
406,677,407,2,1
406,704,407,2,1
407,626,408,2,1
407,652,408,2,1
407,677,408,2,1
407,704,408,2,1
408,626,409,2,1
408,652,409,2,1
408,677,409,2,1
408,692,409,2,1
408,694,409,2,1
408,704,409,2,1
409,626,434,3,0
409,692,434,3,0
409,694,434,3,0
410,626,435,3,0
410,652,385,0,3
410,677,385,0,3
410,692,435,3,0
410,694,435,3,0
410,704,385,0,3
411,626,436,3,0
411,652,386,0,3
411,677,386,0,3
411,694,436,3,0
411,704,386,0,3
412,626,437,3,0
412,652,387,0,3
412,677,387,0,3
412,704,387,0,3
413,626,438,3,0
413,654,438,3,0
413,677,388,0,3
413,704,388,0,3
414,626,439,3,0
414,677,389,0,3
415,626,440,3,0
415,671,416,2,1
417,626,442,3,0
418,626,443,3,0
418,654,443,3,0
418,677,393,0,3
418,704,417,1,2
419,626,444,3,0
419,633,420,2,1
419,677,394,0,3
419,704,394,0,3
420,626,445,3,0
420,652,395,0,3
420,677,395,0,3
420,704,395,0,3
421,626,446,3,0
421,652,396,0,3
421,677,396,0,3
421,692,420,1,2
421,694,446,3,0
421,704,396,0,3
422,626,447,3,0
422,692,447,3,0
422,694,447,3,0
423,626,422,1,2
423,652,422,1,2
423,677,422,1,2
423,692,424,2,1
423,694,422,1,2
423,704,422,1,2
424,626,423,1,2
424,652,423,1,2
424,677,423,1,2
424,704,423,1,2
425,626,449,3,2
425,633,400,0,2
425,677,449,3,2
425,704,449,3,2
426,626,425,1,1
426,677,425,1,1
426,704,427,2,1
427,626,426,1,2
428,671,427,1,2
429,626,430,2,1
429,671,428,1,2
430,626,431,2,1
430,677,431,2,1
430,704,431,2,1
431,626,432,2,1
431,633,406,0,3
431,654,432,2,1
431,677,432,2,1
431,704,432,2,1
432,626,433,2,1
432,652,433,2,1
432,677,433,2,1
432,704,433,2,1
433,626,434,2,1
433,652,434,2,1
433,677,434,2,1
433,692,434,2,1
433,694,434,2,1
433,704,434,2,1
434,626,459,3,0
434,660,435,2,1
434,677,459,3,0
434,692,459,3,0
434,694,459,3,0
434,709,459,3,0
435,626,460,3,0
435,652,410,0,3
435,660,436,2,1
435,677,460,3,0
435,692,460,3,0
435,694,460,3,0
435,704,410,0,3
435,709,460,3,0
436,626,461,3,0
436,652,411,0,3
436,660,437,2,1
436,677,461,3,0
436,694,461,3,0
436,704,411,0,3
436,709,461,3,0
437,626,462,3,0
437,652,412,0,3
437,660,660,39,0
437,677,462,3,0
437,704,412,0,3
437,709,462,3,0
438,626,463,3,0
438,654,463,3,0
438,677,463,3,0
438,704,413,0,3
438,709,463,3,0
439,626,464,3,0
439,677,464,3,0
440,626,465,3,0
440,671,441,2,1
442,626,467,3,0
443,626,468,3,0
443,654,468,3,0
443,677,468,3,0
443,704,442,1,2
444,626,469,3,0
444,633,445,2,1
444,677,469,3,0
444,704,419,0,3
444,709,469,3,0
445,626,470,3,0
445,652,420,0,3
445,660,444,1,2
445,677,470,3,0
445,704,420,0,3
445,709,470,3,0
446,626,471,3,0
446,652,421,0,3
446,660,445,1,2
446,677,471,3,0
446,692,445,1,2
446,694,471,3,0
446,704,421,0,3
446,709,471,3,0
447,626,472,3,0
447,660,446,1,2
447,677,472,3,0
447,692,472,3,0
447,694,472,3,0
447,709,472,3,0
448,626,447,1,2
448,652,447,1,2
448,677,447,1,2
448,692,449,2,1
448,694,447,1,2
448,704,447,1,2
449,626,448,1,2
449,652,448,1,2
449,677,448,1,2
449,704,448,1,2
450,626,474,3,2
450,633,425,0,2
450,677,474,3,2
450,704,474,3,2
451,626,450,1,1
451,677,450,1,1
451,704,452,2,1
452,626,451,1,2
453,671,452,1,2
454,626,455,2,1
454,671,453,1,2
455,626,456,2,1
455,677,456,2,1
455,704,456,2,1
456,626,457,2,1
456,633,431,0,3
456,654,457,2,1
456,677,457,2,1
456,704,457,2,1
457,626,458,2,1
457,652,458,2,1
457,677,458,2,1
457,704,458,2,1
458,626,459,2,1
458,652,459,2,1
458,677,459,2,1
458,692,459,2,1
458,694,459,2,1
458,704,459,2,1
459,626,484,3,0
459,660,434,0,3
459,677,484,3,0
459,694,484,3,0
459,704,484,3,0
460,626,485,3,0
460,652,435,0,3
460,660,435,0,3
460,677,485,3,0
460,692,485,3,0
460,694,485,3,0
460,704,485,3,0
461,626,486,3,0
461,652,436,0,3
461,660,436,0,3
461,677,486,3,0
461,694,486,3,0
461,704,486,3,0
462,626,487,3,0
462,652,437,0,3
462,660,437,0,3
462,677,487,3,0
462,704,487,3,0
463,626,488,3,0
463,654,488,3,0
463,677,488,3,0
463,704,488,3,0
464,626,489,3,0
464,677,489,3,0
465,626,490,3,0
465,671,466,2,1
467,626,492,3,0
468,626,493,3,0
468,654,493,3,0
468,677,493,3,0
468,704,467,1,2
469,626,494,3,0
469,633,470,2,1
469,677,494,3,0
469,704,494,3,0
470,626,495,3,0
470,652,445,0,3
470,660,445,0,3
470,677,495,3,0
470,704,495,3,0
471,626,496,3,0
471,652,446,0,3
471,660,446,0,3
471,677,496,3,0
471,692,470,1,2
471,694,496,3,0
471,704,496,3,0
472,626,497,3,0
472,660,447,0,3
472,677,497,3,0
472,694,497,3,0
472,704,497,3,0
473,626,472,1,2
473,652,472,1,2
473,677,472,1,2
473,692,474,2,1
473,694,472,1,2
473,704,472,1,2
474,626,473,1,2
474,652,473,1,2
474,677,473,1,2
474,704,473,1,2
475,626,499,3,2
475,633,450,0,2
475,653,500,2,0
475,677,499,3,2
475,704,499,3,2
476,626,475,1,1
476,653,501,3,0
476,677,475,1,1
476,704,477,2,1
477,626,476,1,2
477,653,502,3,0
478,671,477,1,2
479,626,480,2,1
479,653,504,3,0
479,671,478,1,2
480,626,481,2,1
480,653,505,3,0
480,677,481,2,1
480,704,481,2,1
481,626,482,2,1
481,633,456,0,3
481,653,506,3,0
481,654,482,2,1
481,677,482,2,1
481,704,482,2,1
482,626,483,2,1
482,652,483,2,1
482,653,507,3,0
482,677,483,2,1
482,704,483,2,1
483,626,484,2,1
483,652,484,2,1
483,653,508,3,0
483,677,484,2,1
483,692,484,2,1
483,694,484,2,1
483,704,484,2,1
484,626,509,3,0
484,652,509,3,0
484,653,509,3,0
484,677,509,3,0
484,704,509,3,0
485,626,510,3,0
485,652,510,3,0
485,677,510,3,0
485,692,510,3,0
485,694,510,3,0
485,704,510,3,0
486,626,511,3,0
486,652,511,3,0
486,677,511,3,0
486,694,511,3,0
486,704,511,3,0
487,626,512,3,0
487,652,512,3,0
487,677,512,3,0
487,704,512,3,0
488,626,513,3,0
488,654,513,3,0
488,677,513,3,0
488,704,513,3,0
489,626,514,3,0
489,677,514,3,0
490,626,515,3,0
490,671,491,2,1
492,626,517,3,0
493,626,518,3,0
493,654,518,3,0
493,677,518,3,0
493,704,492,1,2
494,626,519,3,0
494,633,495,2,1
494,677,519,3,0
494,704,519,3,0
495,626,520,3,0
495,652,520,3,0
495,677,520,3,0
495,704,520,3,0
496,626,521,3,0
496,652,521,3,0
496,677,521,3,0
496,692,495,1,2
496,694,521,3,0
496,704,521,3,0
497,626,522,3,0
497,652,522,3,0
497,653,522,3,0
497,677,522,3,0
497,704,522,3,0
498,626,497,1,2
498,652,497,1,2
498,653,523,3,0
498,677,497,1,2
498,692,499,2,1
498,694,497,1,2
498,704,497,1,2
499,626,498,1,2
499,652,498,1,2
499,653,524,3,0
499,677,498,1,2
499,704,498,1,2
500,626,524,3,2
500,633,475,0,2
500,677,524,3,2
500,704,524,3,2
501,626,500,1,1
501,677,500,1,1
501,704,502,2,1
502,626,501,1,2
503,671,502,1,2
504,626,505,2,1
504,671,503,1,2
505,626,506,2,1
505,677,506,2,1
505,704,506,2,1
506,626,507,2,1
506,633,481,0,3
506,654,507,2,1
506,677,507,2,1
506,704,507,2,1
507,626,508,2,1
507,652,508,2,1
507,677,508,2,1
507,704,508,2,1
508,626,509,2,1
508,652,509,2,1
508,677,509,2,1
508,692,509,2,1
508,694,509,2,1
508,704,509,2,1
509,626,534,3,0
509,652,534,3,0
509,677,534,3,0
509,704,534,3,0
510,626,535,3,0
510,652,535,3,0
510,677,535,3,0
510,692,535,3,0
510,694,535,3,0
510,704,535,3,0
511,626,536,3,0
511,652,536,3,0
511,677,536,3,0
511,694,536,3,0
511,704,536,3,0
512,626,537,3,0
512,652,537,3,0
512,677,537,3,0
512,704,537,3,0
513,626,538,3,0
513,654,538,3,0
513,677,538,3,0
513,704,538,3,0
514,626,539,3,0
514,677,539,3,0
515,626,540,3,0
515,671,516,2,1
517,626,542,3,0
518,626,543,3,0
518,654,543,3,0
518,677,543,3,0
518,704,517,1,2
519,626,544,3,0
519,633,520,2,1
519,677,544,3,0
519,704,544,3,0
520,626,545,3,0
520,652,545,3,0
520,677,545,3,0
520,704,545,3,0
521,626,546,3,0
521,652,546,3,0
521,677,546,3,0
521,692,520,1,2
521,694,546,3,0
521,704,546,3,0
522,626,547,3,0
522,652,547,3,0
522,677,547,3,0
522,704,547,3,0
523,626,522,1,2
523,652,522,1,2
523,677,522,1,2
523,692,524,2,1
523,694,522,1,2
523,704,522,1,2
524,626,523,1,2
524,652,523,1,2
524,677,523,1,2
524,704,523,1,2
525,626,549,3,2
525,633,500,0,2
525,677,549,3,2
525,704,549,3,2
526,626,525,1,1
526,677,525,1,1
526,704,527,2,1
527,626,526,1,2
528,671,527,1,2
529,626,530,2,1
529,671,528,1,2
530,626,531,2,1
530,677,531,2,1
530,704,531,2,1
531,626,532,2,1
531,633,506,0,3
531,654,532,2,1
531,677,532,2,1
531,704,532,2,1
532,626,533,2,1
532,652,533,2,1
532,677,533,2,1
532,704,533,2,1
533,626,534,2,1
533,652,534,2,1
533,677,534,2,1
533,692,534,2,1
533,694,534,2,1
533,704,534,2,1
534,626,559,3,0
534,652,559,3,0
534,677,559,3,0
534,704,559,3,0
535,626,560,3,0
535,652,560,3,0
535,677,560,3,0
535,692,560,3,0
535,694,560,3,0
535,704,560,3,0
536,626,561,3,0
536,652,561,3,0
536,677,561,3,0
536,694,561,3,0
536,704,561,3,0
537,626,562,3,0
537,652,562,3,0
537,677,562,3,0
537,704,562,3,0
538,626,563,3,0
538,654,563,3,0
538,677,563,3,0
538,704,563,3,0
539,626,564,3,0
539,677,564,3,0
540,626,565,3,0
540,671,541,2,1
542,626,567,3,0
543,626,568,3,0
543,654,568,3,0
543,677,568,3,0
543,704,542,1,2
544,626,569,3,0
544,633,545,2,1
544,677,569,3,0
544,704,569,3,0
545,626,570,3,0
545,652,570,3,0
545,677,570,3,0
545,704,570,3,0
546,626,571,3,0
546,652,571,3,0
546,677,571,3,0
546,692,545,1,2
546,694,571,3,0
546,704,571,3,0
547,626,572,3,0
547,652,572,3,0
547,677,572,3,0
547,704,572,3,0
548,626,547,1,2
548,652,547,1,2
548,677,547,1,2
548,692,549,2,1
548,694,547,1,2
548,704,547,1,2
549,626,548,1,2
549,652,548,1,2
549,677,548,1,2
549,704,548,1,2
550,626,574,3,2
550,633,525,0,2
550,677,574,3,2
550,704,574,3,2
551,626,550,1,1
551,677,550,1,1
551,704,552,2,1
552,626,551,1,2
553,671,552,1,2
554,626,555,2,1
554,671,553,1,2
555,626,556,2,1
555,677,556,2,1
555,704,556,2,1
556,626,557,2,1
556,633,531,0,3
556,654,557,2,1
556,677,557,2,1
556,704,557,2,1
557,626,558,2,1
557,652,558,2,1
557,677,558,2,1
557,704,558,2,1
558,626,559,2,1
558,652,559,2,1
558,677,559,2,1
558,692,559,2,1
558,694,559,2,1
558,704,559,2,1
559,626,584,3,0
559,652,584,3,0
559,677,584,3,0
559,704,584,3,0
560,626,585,3,0
560,652,585,3,0
560,677,585,3,0
560,692,585,3,0
560,694,585,3,0
560,704,585,3,0
561,626,586,3,0
561,652,586,3,0
561,677,586,3,0
561,694,586,3,0
561,704,586,3,0
562,626,587,3,0
562,652,587,3,0
562,677,587,3,0
562,704,587,3,0
563,626,588,3,0
563,654,588,3,0
563,677,588,3,0
563,704,588,3,0
564,626,589,3,0
564,677,589,3,0
565,626,590,3,0
565,671,566,2,1
567,626,592,3,0
568,626,593,3,0
568,654,593,3,0
568,677,593,3,0
568,704,567,1,2
569,626,594,3,0
569,633,570,2,1
569,677,594,3,0
569,704,594,3,0
570,626,595,3,0
570,652,595,3,0
570,677,595,3,0
570,704,595,3,0
571,626,596,3,0
571,652,596,3,0
571,677,596,3,0
571,692,570,1,2
571,694,596,3,0
571,704,596,3,0
572,626,597,3,0
572,652,597,3,0
572,677,597,3,0
572,704,597,3,0
573,626,572,1,2
573,652,572,1,2
573,677,572,1,2
573,692,574,2,1
573,694,572,1,2
573,704,572,1,2
574,626,573,1,2
574,652,573,1,2
574,677,573,1,2
574,704,573,1,2
575,626,599,3,2
575,633,550,0,2
575,677,599,3,2
575,704,599,3,2
576,626,575,1,1
576,677,575,1,1
576,704,577,2,1
577,626,576,1,2
578,671,577,1,2
579,626,580,2,1
579,671,578,1,2
580,626,581,2,1
580,677,581,2,1
580,704,581,2,1
581,626,582,2,1
581,633,556,0,3
581,654,582,2,1
581,677,582,2,1
581,704,582,2,1
582,626,583,2,1
582,652,583,2,1
582,677,583,2,1
582,704,583,2,1
583,626,584,2,1
583,652,584,2,1
583,677,584,2,1
583,692,584,2,1
583,694,584,2,1
583,704,584,2,1
584,626,609,3,0
584,652,609,3,0
584,677,609,3,0
584,686,609,3,0
584,704,609,3,0
585,626,610,3,0
585,652,610,3,0
585,677,610,3,0
585,686,610,3,0
585,692,610,3,0
585,694,610,3,0
585,704,610,3,0
586,626,611,3,0
586,652,611,3,0
586,677,611,3,0
586,686,611,3,0
586,694,611,3,0
586,704,611,3,0
587,626,612,3,0
587,652,612,3,0
587,677,612,3,0
587,686,612,3,0
587,704,612,3,0
588,626,613,3,0
588,654,613,3,0
588,677,613,3,0
588,686,613,3,0
588,704,613,3,0
589,626,614,3,0
589,677,614,3,0
589,686,614,3,0
590,626,615,3,0
590,671,591,2,1
592,626,617,3,0
593,626,618,3,0
593,654,618,3,0
593,677,618,3,0
593,686,618,3,0
593,704,592,1,2
594,626,619,3,0
594,633,595,2,1
594,677,619,3,0
594,686,619,3,0
594,704,619,3,0
595,626,620,3,0
595,652,620,3,0
595,677,620,3,0
595,686,620,3,0
595,704,620,3,0
596,626,621,3,0
596,652,621,3,0
596,677,621,3,0
596,686,621,3,0
596,692,595,1,2
596,694,621,3,0
596,704,621,3,0
597,626,622,3,0
597,652,622,3,0
597,677,622,3,0
597,686,622,3,0
597,704,622,3,0
598,626,597,1,2
598,652,597,1,2
598,677,597,1,2
598,692,599,2,1
598,694,597,1,2
598,704,597,1,2
599,626,598,1,2
599,652,598,1,2
599,677,598,1,2
599,704,598,1,2
600,626,624,3,2
600,633,575,0,2
600,677,624,3,2
600,704,624,3,2
601,626,600,1,1
601,677,600,1,1
601,704,602,2,1
602,626,601,1,2
603,671,602,1,2
604,626,605,2,1
604,671,603,1,2
605,626,606,2,1
605,677,606,2,1
605,704,606,2,1
606,626,607,2,1
606,633,581,0,3
606,654,607,2,1
606,677,607,2,1
606,704,607,2,1
607,626,608,2,1
607,652,608,2,1
607,677,608,2,1
607,704,608,2,1
608,626,609,2,1
608,652,609,2,1
608,677,609,2,1
608,692,609,2,1
608,694,609,2,1
608,704,609,2,1
609,626,9,3,3
609,652,9,3,3
609,677,9,3,3
609,704,9,3,3
610,626,10,3,3
610,652,10,3,3
610,677,10,3,3
610,692,10,3,3
610,694,10,3,3
610,704,10,3,3
611,626,11,3,3
611,652,11,3,3
611,677,11,3,3
611,694,11,3,3
611,704,11,3,3
612,626,12,3,3
612,652,12,3,3
612,677,12,3,3
612,704,12,3,3
613,626,13,3,3
613,654,13,3,3
613,677,13,3,3
613,704,13,3,3
614,626,14,3,3
614,677,14,3,3
615,626,15,3,3
615,671,616,2,1
617,626,17,3,3
618,626,18,3,3
618,654,18,3,3
618,677,18,3,3
618,704,617,1,2
619,626,19,3,3
619,633,620,2,1
619,677,19,3,3
619,704,19,3,3
620,626,20,3,3
620,652,20,3,3
620,677,20,3,3
620,704,20,3,3
621,626,21,3,3
621,652,21,3,3
621,677,21,3,3
621,692,620,1,2
621,694,21,3,3
621,704,21,3,3
622,626,22,3,3
622,652,22,3,3
622,677,22,3,3
622,704,22,3,3
623,626,622,1,2
623,652,622,1,2
623,677,622,1,2
623,692,624,2,1
623,694,622,1,2
623,704,622,1,2
624,626,623,1,2
624,652,623,1,2
624,677,623,1,2
624,704,623,1,2
626,625,90,0,5
626,627,90,0,5
626,628,90,0,5
626,629,90,0,5
626,630,90,0,5
626,631,90,0,5
626,632,90,0,5
626,633,90,0,5
626,634,90,0,5
626,635,90,0,5
626,636,90,0,5
626,637,90,0,5
626,638,90,0,5
626,639,90,0,5
626,640,90,0,5
626,641,90,0,5
626,642,90,0,5
626,643,90,0,5
626,644,90,0,5
626,645,90,0,5
626,646,90,0,5
626,647,90,0,5
626,648,90,0,5
626,649,90,0,5
626,650,90,0,5
626,651,90,0,5
626,652,90,0,5
626,653,90,0,5
626,654,90,0,5
626,655,90,0,5
626,656,90,0,5
626,657,90,0,5
626,658,90,0,5
626,659,90,0,5
626,660,90,0,5
626,661,90,0,5
626,662,90,0,5
626,663,90,0,5
626,664,90,0,5
626,665,90,0,5
626,666,90,0,5
626,667,90,0,5
626,668,90,0,5
626,669,90,0,5
626,670,90,0,5
626,671,90,0,5
626,672,90,0,5
626,673,90,0,5
626,674,90,0,5
626,675,90,0,5
626,676,90,0,5
626,677,90,0,5
626,678,90,0,5
626,679,90,0,5
626,680,90,0,5
626,681,90,0,5
626,682,90,0,5
626,683,90,0,5
626,684,90,0,5
626,685,90,0,5
626,686,90,0,5
626,687,90,0,5
626,688,90,0,5
626,689,90,0,5
626,690,90,0,5
626,691,90,0,5
626,692,90,0,5
626,693,90,0,5
626,694,90,0,5
626,695,90,0,5
626,696,90,0,5
626,697,90,0,5
626,698,90,0,5
626,699,90,0,5
626,700,90,0,5
626,701,90,0,5
626,702,90,0,5
626,703,90,0,5
626,704,90,0,5
626,705,90,0,5
626,706,90,0,5
626,707,90,0,5
626,708,90,0,5
626,709,90,0,5
626,710,90,0,5
626,711,90,0,5
626,712,90,0,5
626,713,90,0,5
626,714,90,0,5
626,715,90,0,5
626,716,90,0,5
626,717,90,0,5
626,718,90,0,5
626,719,90,0,5
626,720,90,0,5
626,721,90,0,5
626,722,90,0,5
626,723,90,0,5
626,724,90,0,5
633,625,356,0,12
633,626,356,0,12
633,627,356,0,12
633,628,356,0,12
633,629,356,0,12
633,630,356,0,12
633,631,356,0,12
633,632,356,0,12
633,634,356,0,12
633,635,356,0,12
633,636,356,0,12
633,637,356,0,12
633,638,356,0,12
633,639,356,0,12
633,640,356,0,12
633,641,356,0,12
633,642,356,0,12
633,643,356,0,12
633,644,356,0,12
633,645,356,0,12
633,646,356,0,12
633,647,356,0,12
633,648,356,0,12
633,649,356,0,12
633,650,356,0,12
633,651,356,0,12
633,652,356,0,12
633,653,356,0,12
633,654,356,0,12
633,655,356,0,12
633,656,356,0,12
633,657,356,0,12
633,658,356,0,12
633,659,356,0,12
633,660,356,0,12
633,661,356,0,12
633,662,356,0,12
633,663,356,0,12
633,664,356,0,12
633,665,356,0,12
633,666,356,0,12
633,667,356,0,12
633,668,356,0,12
633,669,356,0,12
633,670,356,0,12
633,671,356,0,12
633,672,356,0,12
633,673,356,0,12
633,674,356,0,12
633,675,356,0,12
633,676,356,0,12
633,677,356,0,12
633,678,356,0,12
633,679,356,0,12
633,680,356,0,12
633,681,356,0,12
633,682,356,0,12
633,683,356,0,12
633,684,356,0,12
633,685,356,0,12
633,686,356,0,12
633,687,356,0,12
633,688,356,0,12
633,689,356,0,12
633,690,356,0,12
633,691,356,0,12
633,692,356,0,12
633,693,356,0,12
633,694,356,0,12
633,695,356,0,12
633,696,356,0,12
633,697,356,0,12
633,698,356,0,12
633,699,356,0,12
633,700,356,0,12
633,701,356,0,12
633,702,356,0,12
633,703,356,0,12
633,704,356,0,12
633,705,356,0,12
633,706,356,0,12
633,707,356,0,12
633,708,356,0,12
633,709,356,0,12
633,710,356,0,12
633,711,356,0,12
633,712,356,0,12
633,713,356,0,12
633,714,356,0,12
633,715,356,0,12
633,716,356,0,12
633,717,356,0,12
633,718,356,0,12
633,719,356,0,12
633,720,356,0,12
633,721,356,0,12
633,722,356,0,12
633,723,356,0,12
633,724,356,0,12
646,625,10,0,25
646,626,10,0,25
646,627,10,0,25
646,628,10,0,25
646,629,10,0,25
646,630,10,0,25
646,631,10,0,25
646,632,10,0,25
646,633,10,0,25
646,634,10,0,25
646,635,10,0,25
646,636,10,0,25
646,637,10,0,25
646,638,10,0,25
646,639,10,0,25
646,640,10,0,25
646,641,10,0,25
646,642,10,0,25
646,643,10,0,25
646,644,10,0,25
646,645,10,0,25
646,647,10,0,25
646,648,10,0,25
646,649,10,0,25
646,650,10,0,25
646,651,10,0,25
646,652,10,0,25
646,653,10,0,25
646,654,10,0,25
646,655,10,0,25
646,656,10,0,25
646,657,10,0,25
646,658,10,0,25
646,659,10,0,25
646,660,10,0,25
646,661,10,0,25
646,662,10,0,25
646,663,10,0,25
646,664,10,0,25
646,665,10,0,25
646,666,10,0,25
646,667,10,0,25
646,668,10,0,25
646,669,10,0,25
646,670,10,0,25
646,671,10,0,25
646,672,10,0,25
646,673,10,0,25
646,674,10,0,25
646,675,10,0,25
646,676,10,0,25
646,677,10,0,25
646,678,10,0,25
646,679,10,0,25
646,680,10,0,25
646,681,10,0,25
646,682,10,0,25
646,683,10,0,25
646,684,10,0,25
646,685,10,0,25
646,686,10,0,25
646,687,10,0,25
646,688,10,0,25
646,689,10,0,25
646,690,10,0,25
646,691,10,0,25
646,692,10,0,25
646,693,10,0,25
646,694,10,0,25
646,695,10,0,25
646,696,10,0,25
646,697,10,0,25
646,698,10,0,25
646,699,10,0,25
646,700,10,0,25
646,701,10,0,25
646,702,10,0,25
646,703,10,0,25
646,704,10,0,25
646,705,10,0,25
646,706,10,0,25
646,707,10,0,25
646,708,10,0,25
646,709,10,0,25
646,710,10,0,25
646,711,10,0,25
646,712,10,0,25
646,713,10,0,25
646,714,10,0,25
646,715,10,0,25
646,716,10,0,25
646,717,10,0,25
646,718,10,0,25
646,719,10,0,25
646,720,10,0,25
646,721,10,0,25
646,722,10,0,25
646,723,10,0,25
646,724,10,0,25
652,625,162,0,31
652,626,162,0,31
652,627,162,0,31
652,628,162,0,31
652,629,162,0,31
652,630,162,0,31
652,631,162,0,31
652,632,162,0,31
652,633,162,0,31
652,634,162,0,31
652,635,162,0,31
652,636,162,0,31
652,637,162,0,31
652,638,162,0,31
652,639,162,0,31
652,640,162,0,31
652,641,162,0,31
652,642,162,0,31
652,643,162,0,31
652,644,162,0,31
652,645,162,0,31
652,646,162,0,31
652,647,162,0,31
652,648,162,0,31
652,649,162,0,31
652,650,162,0,31
652,651,162,0,31
652,653,162,0,31
652,654,162,0,31
652,655,162,0,31
652,656,162,0,31
652,657,162,0,31
652,658,162,0,31
652,659,162,0,31
652,660,162,0,31
652,661,162,0,31
652,662,162,0,31
652,663,162,0,31
652,664,162,0,31
652,665,162,0,31
652,666,162,0,31
652,667,162,0,31
652,668,162,0,31
652,669,162,0,31
652,670,162,0,31
652,671,162,0,31
652,672,162,0,31
652,673,162,0,31
652,674,162,0,31
652,675,162,0,31
652,676,162,0,31
652,677,162,0,31
652,678,162,0,31
652,679,162,0,31
652,680,162,0,31
652,681,162,0,31
652,682,162,0,31
652,683,162,0,31
652,684,162,0,31
652,685,162,0,31
652,686,162,0,31
652,687,162,0,31
652,688,162,0,31
652,689,162,0,31
652,690,162,0,31
652,691,162,0,31
652,692,162,0,31
652,693,162,0,31
652,694,162,0,31
652,695,162,0,31
652,696,162,0,31
652,697,162,0,31
652,698,162,0,31
652,699,162,0,31
652,700,162,0,31
652,701,162,0,31
652,702,162,0,31
652,703,162,0,31
652,704,162,0,31
652,705,162,0,31
652,706,162,0,31
652,707,162,0,31
652,708,162,0,31
652,709,162,0,31
652,710,162,0,31
652,711,162,0,31
652,712,162,0,31
652,713,162,0,31
652,714,162,0,31
652,715,162,0,31
652,716,162,0,31
652,717,162,0,31
652,718,162,0,31
652,719,162,0,31
652,720,162,0,31
652,721,162,0,31
652,722,162,0,31
652,723,162,0,31
652,724,162,0,31
653,625,154,0,32
653,626,154,0,32
653,627,154,0,32
653,628,154,0,32
653,629,154,0,32
653,630,154,0,32
653,631,154,0,32
653,632,154,0,32
653,633,154,0,32
653,634,154,0,32
653,635,154,0,32
653,636,154,0,32
653,637,154,0,32
653,638,154,0,32
653,639,154,0,32
653,640,154,0,32
653,641,154,0,32
653,642,154,0,32
653,643,154,0,32
653,644,154,0,32
653,645,154,0,32
653,646,154,0,32
653,647,154,0,32
653,648,154,0,32
653,649,154,0,32
653,650,154,0,32
653,651,154,0,32
653,652,154,0,32
653,654,154,0,32
653,655,154,0,32
653,656,154,0,32
653,657,154,0,32
653,658,154,0,32
653,659,154,0,32
653,660,154,0,32
653,661,154,0,32
653,662,154,0,32
653,663,154,0,32
653,664,154,0,32
653,665,154,0,32
653,666,154,0,32
653,667,154,0,32
653,668,154,0,32
653,669,154,0,32
653,670,154,0,32
653,671,154,0,32
653,672,154,0,32
653,673,154,0,32
653,674,154,0,32
653,675,154,0,32
653,676,154,0,32
653,677,154,0,32
653,678,154,0,32
653,679,154,0,32
653,680,154,0,32
653,681,154,0,32
653,682,154,0,32
653,683,154,0,32
653,684,154,0,32
653,685,154,0,32
653,686,154,0,32
653,687,154,0,32
653,688,154,0,32
653,689,154,0,32
653,690,154,0,32
653,691,154,0,32
653,692,154,0,32
653,693,154,0,32
653,694,154,0,32
653,695,154,0,32
653,696,154,0,32
653,697,154,0,32
653,698,154,0,32
653,699,154,0,32
653,700,154,0,32
653,701,154,0,32
653,702,154,0,32
653,703,154,0,32
653,704,154,0,32
653,705,154,0,32
653,706,154,0,32
653,707,154,0,32
653,708,154,0,32
653,709,154,0,32
653,710,154,0,32
653,711,154,0,32
653,712,154,0,32
653,713,154,0,32
653,714,154,0,32
653,715,154,0,32
653,716,154,0,32
653,717,154,0,32
653,718,154,0,32
653,719,154,0,32
653,720,154,0,32
653,721,154,0,32
653,722,154,0,32
653,723,154,0,32
653,724,154,0,32
654,625,68,0,33
654,626,68,0,33
654,627,68,0,33
654,628,68,0,33
654,629,68,0,33
654,630,68,0,33
654,631,68,0,33
654,632,68,0,33
654,633,68,0,33
654,634,68,0,33
654,635,68,0,33
654,636,68,0,33
654,637,68,0,33
654,638,68,0,33
654,639,68,0,33
654,640,68,0,33
654,641,68,0,33
654,642,68,0,33
654,643,68,0,33
654,644,68,0,33
654,645,68,0,33
654,646,68,0,33
654,647,68,0,33
654,648,68,0,33
654,649,68,0,33
654,650,68,0,33
654,651,68,0,33
654,652,68,0,33
654,653,68,0,33
654,655,68,0,33
654,656,68,0,33
654,657,68,0,33
654,658,68,0,33
654,659,68,0,33
654,660,68,0,33
654,661,68,0,33
654,662,68,0,33
654,663,68,0,33
654,664,68,0,33
654,665,68,0,33
654,666,68,0,33
654,667,68,0,33
654,668,68,0,33
654,669,68,0,33
654,670,68,0,33
654,671,68,0,33
654,672,68,0,33
654,673,68,0,33
654,674,68,0,33
654,675,68,0,33
654,676,68,0,33
654,677,68,0,33
654,678,68,0,33
654,679,68,0,33
654,680,68,0,33
654,681,68,0,33
654,682,68,0,33
654,683,68,0,33
654,684,68,0,33
654,685,68,0,33
654,686,68,0,33
654,687,68,0,33
654,688,68,0,33
654,689,68,0,33
654,690,68,0,33
654,691,68,0,33
654,692,68,0,33
654,693,68,0,33
654,694,68,0,33
654,695,68,0,33
654,696,68,0,33
654,697,68,0,33
654,698,68,0,33
654,699,68,0,33
654,700,68,0,33
654,701,68,0,33
654,702,68,0,33
654,703,68,0,33
654,704,68,0,33
654,705,68,0,33
654,706,68,0,33
654,707,68,0,33
654,708,68,0,33
654,709,68,0,33
654,710,68,0,33
654,711,68,0,33
654,712,68,0,33
654,713,68,0,33
654,714,68,0,33
654,715,68,0,33
654,716,68,0,33
654,717,68,0,33
654,718,68,0,33
654,719,68,0,33
654,720,68,0,33
654,721,68,0,33
654,722,68,0,33
654,723,68,0,33
654,724,68,0,33
660,625,437,0,39
660,626,437,0,39
660,627,437,0,39
660,628,437,0,39
660,629,437,0,39
660,630,437,0,39
660,631,437,0,39
660,632,437,0,39
660,633,437,0,39
660,634,437,0,39
660,635,437,0,39
660,636,437,0,39
660,637,437,0,39
660,638,437,0,39
660,639,437,0,39
660,640,437,0,39
660,641,437,0,39
660,642,437,0,39
660,643,437,0,39
660,644,437,0,39
660,645,437,0,39
660,646,437,0,39
660,647,437,0,39
660,648,437,0,39
660,649,437,0,39
660,650,437,0,39
660,651,437,0,39
660,652,437,0,39
660,653,437,0,39
660,654,437,0,39
660,655,437,0,39
660,656,437,0,39
660,657,437,0,39
660,658,437,0,39
660,659,437,0,39
660,661,437,0,39
660,662,437,0,39
660,663,437,0,39
660,664,437,0,39
660,665,437,0,39
660,666,437,0,39
660,667,437,0,39
660,668,437,0,39
660,669,437,0,39
660,670,437,0,39
660,671,437,0,39
660,672,437,0,39
660,673,437,0,39
660,674,437,0,39
660,675,437,0,39
660,676,437,0,39
660,677,437,0,39
660,678,437,0,39
660,679,437,0,39
660,680,437,0,39
660,681,437,0,39
660,682,437,0,39
660,683,437,0,39
660,684,437,0,39
660,685,437,0,39
660,686,437,0,39
660,687,437,0,39
660,688,437,0,39
660,689,437,0,39
660,690,437,0,39
660,691,437,0,39
660,692,437,0,39
660,693,437,0,39
660,694,437,0,39
660,695,437,0,39
660,696,437,0,39
660,697,437,0,39
660,698,437,0,39
660,699,437,0,39
660,700,437,0,39
660,701,437,0,39
660,702,437,0,39
660,703,437,0,39
660,704,437,0,39
660,705,437,0,39
660,706,437,0,39
660,707,437,0,39
660,708,437,0,39
660,709,437,0,39
660,710,437,0,39
660,711,437,0,39
660,712,437,0,39
660,713,437,0,39
660,714,437,0,39
660,715,437,0,39
660,716,437,0,39
660,717,437,0,39
660,718,437,0,39
660,719,437,0,39
660,720,437,0,39
660,721,437,0,39
660,722,437,0,39
660,723,437,0,39
660,724,437,0,39
671,625,252,0,50
671,626,252,0,50
671,627,252,0,50
671,628,252,0,50
671,629,252,0,50
671,630,252,0,50
671,631,252,0,50
671,632,252,0,50
671,633,252,0,50
671,634,252,0,50
671,635,252,0,50
671,636,252,0,50
671,637,252,0,50
671,638,252,0,50
671,639,252,0,50
671,640,252,0,50
671,641,252,0,50
671,642,252,0,50
671,643,252,0,50
671,644,252,0,50
671,645,252,0,50
671,646,252,0,50
671,647,252,0,50
671,648,252,0,50
671,649,252,0,50
671,650,252,0,50
671,651,252,0,50
671,652,252,0,50
671,653,252,0,50
671,654,252,0,50
671,655,252,0,50
671,656,252,0,50
671,657,252,0,50
671,658,252,0,50
671,659,252,0,50
671,660,252,0,50
671,661,252,0,50
671,662,252,0,50
671,663,252,0,50
671,664,252,0,50
671,665,252,0,50
671,666,252,0,50
671,667,252,0,50
671,668,252,0,50
671,669,252,0,50
671,670,252,0,50
671,672,252,0,50
671,673,252,0,50
671,674,252,0,50
671,675,252,0,50
671,676,252,0,50
671,677,252,0,50
671,678,252,0,50
671,679,252,0,50
671,680,252,0,50
671,681,252,0,50
671,682,252,0,50
671,683,252,0,50
671,684,252,0,50
671,685,252,0,50
671,686,252,0,50
671,687,252,0,50
671,688,252,0,50
671,689,252,0,50
671,690,252,0,50
671,691,252,0,50
671,692,252,0,50
671,693,252,0,50
671,694,252,0,50
671,695,252,0,50
671,696,252,0,50
671,697,252,0,50
671,698,252,0,50
671,699,252,0,50
671,700,252,0,50
671,701,252,0,50
671,702,252,0,50
671,703,252,0,50
671,704,252,0,50
671,705,252,0,50
671,706,252,0,50
671,707,252,0,50
671,708,252,0,50
671,709,252,0,50
671,710,252,0,50
671,711,252,0,50
671,712,252,0,50
671,713,252,0,50
671,714,252,0,50
671,715,252,0,50
671,716,252,0,50
671,717,252,0,50
671,718,252,0,50
671,719,252,0,50
671,720,252,0,50
671,721,252,0,50
671,722,252,0,50
671,723,252,0,50
671,724,252,0,50
677,625,114,0,56
677,626,114,0,56
677,627,114,0,56
677,628,114,0,56
677,629,114,0,56
677,630,114,0,56
677,631,114,0,56
677,632,114,0,56
677,633,114,0,56
677,634,114,0,56
677,635,114,0,56
677,636,114,0,56
677,637,114,0,56
677,638,114,0,56
677,639,114,0,56
677,640,114,0,56
677,641,114,0,56
677,642,114,0,56
677,643,114,0,56
677,644,114,0,56
677,645,114,0,56
677,646,114,0,56
677,647,114,0,56
677,648,114,0,56
677,649,114,0,56
677,650,114,0,56
677,651,114,0,56
677,652,114,0,56
677,653,114,0,56
677,654,114,0,56
677,655,114,0,56
677,656,114,0,56
677,657,114,0,56
677,658,114,0,56
677,659,114,0,56
677,660,114,0,56
677,661,114,0,56
677,662,114,0,56
677,663,114,0,56
677,664,114,0,56
677,665,114,0,56
677,666,114,0,56
677,667,114,0,56
677,668,114,0,56
677,669,114,0,56
677,670,114,0,56
677,671,114,0,56
677,672,114,0,56
677,673,114,0,56
677,674,114,0,56
677,675,114,0,56
677,676,114,0,56
677,678,114,0,56
677,679,114,0,56
677,680,114,0,56
677,681,114,0,56
677,682,114,0,56
677,683,114,0,56
677,684,114,0,56
677,685,114,0,56
677,686,114,0,56
677,687,114,0,56
677,688,114,0,56
677,689,114,0,56
677,690,114,0,56
677,691,114,0,56
677,692,114,0,56
677,693,114,0,56
677,694,114,0,56
677,695,114,0,56
677,696,114,0,56
677,697,114,0,56
677,698,114,0,56
677,699,114,0,56
677,700,114,0,56
677,701,114,0,56
677,702,114,0,56
677,703,114,0,56
677,704,114,0,56
677,705,114,0,56
677,706,114,0,56
677,707,114,0,56
677,708,114,0,56
677,709,114,0,56
677,710,114,0,56
677,711,114,0,56
677,712,114,0,56
677,713,114,0,56
677,714,114,0,56
677,715,114,0,56
677,716,114,0,56
677,717,114,0,56
677,718,114,0,56
677,719,114,0,56
677,720,114,0,56
677,721,114,0,56
677,722,114,0,56
677,723,114,0,56
677,724,114,0,56
686,625,264,0,65
686,626,264,0,65
686,627,264,0,65
686,628,264,0,65
686,629,264,0,65
686,630,264,0,65
686,631,264,0,65
686,632,264,0,65
686,633,264,0,65
686,634,264,0,65
686,635,264,0,65
686,636,264,0,65
686,637,264,0,65
686,638,264,0,65
686,639,264,0,65
686,640,264,0,65
686,641,264,0,65
686,642,264,0,65
686,643,264,0,65
686,644,264,0,65
686,645,264,0,65
686,646,264,0,65
686,647,264,0,65
686,648,264,0,65
686,649,264,0,65
686,650,264,0,65
686,651,264,0,65
686,652,264,0,65
686,653,264,0,65
686,654,264,0,65
686,655,264,0,65
686,656,264,0,65
686,657,264,0,65
686,658,264,0,65
686,659,264,0,65
686,660,264,0,65
686,661,264,0,65
686,662,264,0,65
686,663,264,0,65
686,664,264,0,65
686,665,264,0,65
686,666,264,0,65
686,667,264,0,65
686,668,264,0,65
686,669,264,0,65
686,670,264,0,65
686,671,264,0,65
686,672,264,0,65
686,673,264,0,65
686,674,264,0,65
686,675,264,0,65
686,676,264,0,65
686,677,264,0,65
686,678,264,0,65
686,679,264,0,65
686,680,264,0,65
686,681,264,0,65
686,682,264,0,65
686,683,264,0,65
686,684,264,0,65
686,685,264,0,65
686,687,264,0,65
686,688,264,0,65
686,689,264,0,65
686,690,264,0,65
686,691,264,0,65
686,692,264,0,65
686,693,264,0,65
686,694,264,0,65
686,695,264,0,65
686,696,264,0,65
686,697,264,0,65
686,698,264,0,65
686,699,264,0,65
686,700,264,0,65
686,701,264,0,65
686,702,264,0,65
686,703,264,0,65
686,704,264,0,65
686,705,264,0,65
686,706,264,0,65
686,707,264,0,65
686,708,264,0,65
686,709,264,0,65
686,710,264,0,65
686,711,264,0,65
686,712,264,0,65
686,713,264,0,65
686,714,264,0,65
686,715,264,0,65
686,716,264,0,65
686,717,264,0,65
686,718,264,0,65
686,719,264,0,65
686,720,264,0,65
686,721,264,0,65
686,722,264,0,65
686,723,264,0,65
686,724,264,0,65
692,625,60,0,71
692,626,60,0,71
692,627,60,0,71
692,628,60,0,71
692,629,60,0,71
692,630,60,0,71
692,631,60,0,71
692,632,60,0,71
692,633,60,0,71
692,634,60,0,71
692,635,60,0,71
692,636,60,0,71
692,637,60,0,71
692,638,60,0,71
692,639,60,0,71
692,640,60,0,71
692,641,60,0,71
692,642,60,0,71
692,643,60,0,71
692,644,60,0,71
692,645,60,0,71
692,646,60,0,71
692,647,60,0,71
692,648,60,0,71
692,649,60,0,71
692,650,60,0,71
692,651,60,0,71
692,652,60,0,71
692,653,60,0,71
692,654,60,0,71
692,655,60,0,71
692,656,60,0,71
692,657,60,0,71
692,658,60,0,71
692,659,60,0,71
692,660,60,0,71
692,661,60,0,71
692,662,60,0,71
692,663,60,0,71
692,664,60,0,71
692,665,60,0,71
692,666,60,0,71
692,667,60,0,71
692,668,60,0,71
692,669,60,0,71
692,670,60,0,71
692,671,60,0,71
692,672,60,0,71
692,673,60,0,71
692,674,60,0,71
692,675,60,0,71
692,676,60,0,71
692,677,60,0,71
692,678,60,0,71
692,679,60,0,71
692,680,60,0,71
692,681,60,0,71
692,682,60,0,71
692,683,60,0,71
692,684,60,0,71
692,685,60,0,71
692,686,60,0,71
692,687,60,0,71
692,688,60,0,71
692,689,60,0,71
692,690,60,0,71
692,691,60,0,71
692,693,60,0,71
692,694,60,0,71
692,695,60,0,71
692,696,60,0,71
692,697,60,0,71
692,698,60,0,71
692,699,60,0,71
692,700,60,0,71
692,701,60,0,71
692,702,60,0,71
692,703,60,0,71
692,704,60,0,71
692,705,60,0,71
692,706,60,0,71
692,707,60,0,71
692,708,60,0,71
692,709,60,0,71
692,710,60,0,71
692,711,60,0,71
692,712,60,0,71
692,713,60,0,71
692,714,60,0,71
692,715,60,0,71
692,716,60,0,71
692,717,60,0,71
692,718,60,0,71
692,719,60,0,71
692,720,60,0,71
692,721,60,0,71
692,722,60,0,71
692,723,60,0,71
692,724,60,0,71
694,625,61,0,73
694,626,61,0,73
694,627,61,0,73
694,628,61,0,73
694,629,61,0,73
694,630,61,0,73
694,631,61,0,73
694,632,61,0,73
694,633,61,0,73
694,634,61,0,73
694,635,61,0,73
694,636,61,0,73
694,637,61,0,73
694,638,61,0,73
694,639,61,0,73
694,640,61,0,73
694,641,61,0,73
694,642,61,0,73
694,643,61,0,73
694,644,61,0,73
694,645,61,0,73
694,646,61,0,73
694,647,61,0,73
694,648,61,0,73
694,649,61,0,73
694,650,61,0,73
694,651,61,0,73
694,652,61,0,73
694,653,61,0,73
694,654,61,0,73
694,655,61,0,73
694,656,61,0,73
694,657,61,0,73
694,658,61,0,73
694,659,61,0,73
694,660,61,0,73
694,661,61,0,73
694,662,61,0,73
694,663,61,0,73
694,664,61,0,73
694,665,61,0,73
694,666,61,0,73
694,667,61,0,73
694,668,61,0,73
694,669,61,0,73
694,670,61,0,73
694,671,61,0,73
694,672,61,0,73
694,673,61,0,73
694,674,61,0,73
694,675,61,0,73
694,676,61,0,73
694,677,61,0,73
694,678,61,0,73
694,679,61,0,73
694,680,61,0,73
694,681,61,0,73
694,682,61,0,73
694,683,61,0,73
694,684,61,0,73
694,685,61,0,73
694,686,61,0,73
694,687,61,0,73
694,688,61,0,73
694,689,61,0,73
694,690,61,0,73
694,691,61,0,73
694,692,61,0,73
694,693,61,0,73
694,695,61,0,73
694,696,61,0,73
694,697,61,0,73
694,698,61,0,73
694,699,61,0,73
694,700,61,0,73
694,701,61,0,73
694,702,61,0,73
694,703,61,0,73
694,704,61,0,73
694,705,61,0,73
694,706,61,0,73
694,707,61,0,73
694,708,61,0,73
694,709,61,0,73
694,710,61,0,73
694,711,61,0,73
694,712,61,0,73
694,713,61,0,73
694,714,61,0,73
694,715,61,0,73
694,716,61,0,73
694,717,61,0,73
694,718,61,0,73
694,719,61,0,73
694,720,61,0,73
694,721,61,0,73
694,722,61,0,73
694,723,61,0,73
694,724,61,0,73
704,625,138,0,83
704,626,138,0,83
704,627,138,0,83
704,628,138,0,83
704,629,138,0,83
704,630,138,0,83
704,631,138,0,83
704,632,138,0,83
704,633,138,0,83
704,634,138,0,83
704,635,138,0,83
704,636,138,0,83
704,637,138,0,83
704,638,138,0,83
704,639,138,0,83
704,640,138,0,83
704,641,138,0,83
704,642,138,0,83
704,643,138,0,83
704,644,138,0,83
704,645,138,0,83
704,646,138,0,83
704,647,138,0,83
704,648,138,0,83
704,649,138,0,83
704,650,138,0,83
704,651,138,0,83
704,652,138,0,83
704,653,138,0,83
704,654,138,0,83
704,655,138,0,83
704,656,138,0,83
704,657,138,0,83
704,658,138,0,83
704,659,138,0,83
704,660,138,0,83
704,661,138,0,83
704,662,138,0,83
704,663,138,0,83
704,664,138,0,83
704,665,138,0,83
704,666,138,0,83
704,667,138,0,83
704,668,138,0,83
704,669,138,0,83
704,670,138,0,83
704,671,138,0,83
704,672,138,0,83
704,673,138,0,83
704,674,138,0,83
704,675,138,0,83
704,676,138,0,83
704,677,138,0,83
704,678,138,0,83
704,679,138,0,83
704,680,138,0,83
704,681,138,0,83
704,682,138,0,83
704,683,138,0,83
704,684,138,0,83
704,685,138,0,83
704,686,138,0,83
704,687,138,0,83
704,688,138,0,83
704,689,138,0,83
704,690,138,0,83
704,691,138,0,83
704,692,138,0,83
704,693,138,0,83
704,694,138,0,83
704,695,138,0,83
704,696,138,0,83
704,697,138,0,83
704,698,138,0,83
704,699,138,0,83
704,700,138,0,83
704,701,138,0,83
704,702,138,0,83
704,703,138,0,83
704,705,138,0,83
704,706,138,0,83
704,707,138,0,83
704,708,138,0,83
704,709,138,0,83
704,710,138,0,83
704,711,138,0,83
704,712,138,0,83
704,713,138,0,83
704,714,138,0,83
704,715,138,0,83
704,716,138,0,83
704,717,138,0,83
704,718,138,0,83
704,719,138,0,83
704,720,138,0,83
704,721,138,0,83
704,722,138,0,83
704,723,138,0,83
704,724,138,0,83
709,625,113,0,88
709,626,113,0,88
709,627,113,0,88
709,628,113,0,88
709,629,113,0,88
709,630,113,0,88
709,631,113,0,88
709,632,113,0,88
709,633,113,0,88
709,634,113,0,88
709,635,113,0,88
709,636,113,0,88
709,637,113,0,88
709,638,113,0,88
709,639,113,0,88
709,640,113,0,88
709,641,113,0,88
709,642,113,0,88
709,643,113,0,88
709,644,113,0,88
709,645,113,0,88
709,646,113,0,88
709,647,113,0,88
709,648,113,0,88
709,649,113,0,88
709,650,113,0,88
709,651,113,0,88
709,652,113,0,88
709,653,113,0,88
709,654,113,0,88
709,655,113,0,88
709,656,113,0,88
709,657,113,0,88
709,658,113,0,88
709,659,113,0,88
709,660,113,0,88
709,661,113,0,88
709,662,113,0,88
709,663,113,0,88
709,664,113,0,88
709,665,113,0,88
709,666,113,0,88
709,667,113,0,88
709,668,113,0,88
709,669,113,0,88
709,670,113,0,88
709,671,113,0,88
709,672,113,0,88
709,673,113,0,88
709,674,113,0,88
709,675,113,0,88
709,676,113,0,88
709,677,113,0,88
709,678,113,0,88
709,679,113,0,88
709,680,113,0,88
709,681,113,0,88
709,682,113,0,88
709,683,113,0,88
709,684,113,0,88
709,685,113,0,88
709,686,113,0,88
709,687,113,0,88
709,688,113,0,88
709,689,113,0,88
709,690,113,0,88
709,691,113,0,88
709,692,113,0,88
709,693,113,0,88
709,694,113,0,88
709,695,113,0,88
709,696,113,0,88
709,697,113,0,88
709,698,113,0,88
709,699,113,0,88
709,700,113,0,88
709,701,113,0,88
709,702,113,0,88
709,703,113,0,88
709,704,113,0,88
709,705,113,0,88
709,706,113,0,88
709,707,113,0,88
709,708,113,0,88
709,710,113,0,88
709,711,113,0,88
709,712,113,0,88
709,713,113,0,88
709,714,113,0,88
709,715,113,0,88
709,716,113,0,88
709,717,113,0,88
709,718,113,0,88
709,719,113,0,88
709,720,113,0,88
709,721,113,0,88
709,722,113,0,88
709,723,113,0,88
709,724,113,0,88
