1,628,2,1,0
1,643,26,2,0
1,659,2,1,0
2,628,3,1,0
2,639,27,2,0
2,643,27,2,0
2,681,27,2,0
3,628,4,1,0
3,643,28,2,0
3,647,28,2,0
3,674,28,2,0
3,688,28,2,0
3,707,4,1,0
4,628,5,1,0
4,629,29,2,0
4,634,29,2,0
4,643,29,2,0
4,647,29,2,0
4,674,29,2,0
4,688,29,2,0
4,698,5,1,0
4,707,5,1,0
5,628,6,1,0
5,643,30,2,0
5,647,30,2,0
5,674,30,2,0
5,685,6,1,0
5,688,30,2,0
5,698,6,1,0
5,707,6,1,0
6,628,7,1,0
6,643,31,2,0
6,647,31,2,0
6,674,31,2,0
6,685,7,1,0
6,688,31,2,0
6,698,7,1,0
6,707,7,1,0
7,628,32,2,0
7,643,32,2,0
7,647,32,2,0
7,674,32,2,0
7,685,32,2,0
7,688,32,2,0
7,698,32,2,0
8,628,33,2,0
8,643,7,0,1
8,647,7,0,1
8,674,7,0,1
8,685,33,2,0
8,688,7,0,1
8,698,33,2,0
8,707,608,3,3
9,628,34,2,0
9,643,8,0,1
9,647,8,0,1
9,674,8,0,1
9,688,8,0,1
9,698,34,2,0
9,707,609,3,3
10,628,35,2,0
10,643,9,0,1
10,647,9,0,1
10,658,9,0,1
10,674,9,0,1
10,688,9,0,1
10,698,35,2,0
10,707,610,3,3
11,628,36,2,0
11,643,10,0,1
12,628,37,2,0
12,643,11,0,1
12,656,13,1,0
12,668,13,1,0
13,659,38,2,0
14,628,39,2,0
14,642,614,3,3
14,643,15,1,0
14,645,39,2,0
14,653,614,3,3
14,684,614,3,3
14,691,614,3,3
14,693,39,2,0
14,711,614,3,3
15,628,40,2,0
15,643,16,1,0
15,647,16,1,0
15,688,16,1,0
16,628,41,2,0
16,643,17,1,0
16,647,17,1,0
16,658,15,0,1
16,674,17,1,0
16,688,17,1,0
16,698,41,2,0
16,707,616,3,3
17,627,617,3,3
17,628,42,2,0
17,643,18,1,0
17,647,18,1,0
17,674,18,1,0
17,679,617,3,3
17,688,18,1,0
17,689,617,3,3
17,698,42,2,0
17,703,617,3,3
17,707,617,3,3
18,628,43,2,0
18,643,19,1,0
18,647,19,1,0
18,674,19,1,0
18,685,43,2,0
18,688,19,1,0
18,698,43,2,0
18,707,618,3,3
19,628,44,2,0
19,643,44,2,0
19,647,44,2,0
19,674,44,2,0
19,685,44,2,0
19,688,44,2,0
19,698,44,2,0
20,628,19,0,1
20,643,45,2,0
20,647,45,2,0
20,674,45,2,0
20,685,19,0,1
20,688,45,2,0
20,698,19,0,1
20,707,19,0,1
21,628,20,0,1
21,643,46,2,0
21,647,46,2,0
21,674,46,2,0
21,688,46,2,0
21,698,20,0,1
21,707,20,0,1
22,628,21,0,1
22,637,23,1,0
22,640,23,1,0
22,643,47,2,0
22,647,47,2,0
22,649,23,1,0
22,651,23,1,0
22,652,23,1,0
22,658,23,1,0
22,674,47,2,0
22,682,23,1,0
22,688,47,2,0
22,697,23,1,0
22,698,21,0,1
22,702,23,1,0
22,707,21,0,1
22,708,23,1,0
22,710,23,1,0
22,722,23,1,0
23,628,22,0,1
23,643,48,2,0
23,647,48,2,0
23,688,48,2,0
24,626,0,1,2
24,628,23,0,1
24,635,0,1,2
24,641,0,1,2
24,643,49,2,0
24,650,0,1,2
24,666,0,1,2
24,669,0,1,2
24,677,0,1,2
24,686,0,1,2
24,695,0,1,2
24,704,0,1,2
26,628,27,2,1
26,643,51,3,0
26,659,27,2,1
27,628,28,2,1
27,639,52,3,0
27,643,52,3,0
27,681,52,3,0
28,628,29,2,1
28,643,53,3,0
28,647,53,3,0
28,674,53,3,0
28,688,53,3,0
28,707,29,2,1
29,628,30,2,1
29,629,54,3,0
29,634,54,3,0
29,643,54,3,0
29,647,54,3,0
29,674,54,3,0
29,688,54,3,0
29,698,30,2,1
29,707,30,2,1
30,628,31,2,1
30,643,55,3,0
30,647,55,3,0
30,674,55,3,0
30,685,31,2,1
30,688,55,3,0
30,698,31,2,1
30,707,31,2,1
31,628,32,2,1
31,643,56,3,0
31,647,56,3,0
31,674,56,3,0
31,685,32,2,1
31,688,56,3,0
31,698,32,2,1
31,707,32,2,1
32,628,57,3,0
32,643,57,3,0
32,647,57,3,0
32,674,57,3,0
32,688,57,3,0
32,698,57,3,0
33,628,58,3,0
33,643,32,1,2
33,647,32,1,2
33,674,32,1,2
33,685,58,3,0
33,688,32,1,2
33,698,58,3,0
33,707,8,0,2
34,628,59,3,0
34,643,33,1,2
34,647,33,1,2
34,674,33,1,2
34,688,33,1,2
34,698,59,3,0
34,707,9,0,2
35,628,60,3,0
35,643,34,1,2
35,647,34,1,2
35,658,34,1,2
35,674,34,1,2
35,688,34,1,2
35,698,60,3,0
35,707,10,0,2
36,628,61,3,0
36,643,35,1,2
37,628,62,3,0
37,643,36,1,2
37,656,38,2,1
37,668,38,2,1
38,659,63,3,0
39,628,64,3,0
39,642,14,0,2
39,643,40,2,1
39,645,64,3,0
39,653,14,0,2
39,684,14,0,2
39,691,14,0,2
39,693,64,3,0
39,711,14,0,2
40,628,65,3,0
40,643,41,2,1
40,647,41,2,1
40,688,41,2,1
41,628,66,3,0
41,643,42,2,1
41,647,42,2,1
41,658,40,1,2
41,674,42,2,1
41,688,42,2,1
41,698,66,3,0
41,707,16,0,2
42,627,17,0,2
42,628,67,3,0
42,643,43,2,1
42,647,43,2,1
42,674,43,2,1
42,679,17,0,2
42,688,43,2,1
42,689,17,0,2
42,698,67,3,0
42,703,17,0,2
42,707,17,0,2
43,628,68,3,0
43,643,44,2,1
43,647,44,2,1
43,674,44,2,1
43,685,68,3,0
43,688,44,2,1
43,698,68,3,0
43,707,18,0,2
44,628,69,3,0
44,643,69,3,0
44,647,69,3,0
44,674,69,3,0
44,688,69,3,0
44,698,69,3,0
45,628,44,1,2
45,643,70,3,0
45,647,70,3,0
45,674,70,3,0
45,685,44,1,2
45,688,70,3,0
45,698,44,1,2
45,707,44,1,2
46,628,45,1,2
46,643,71,3,0
46,647,71,3,0
46,674,71,3,0
46,688,71,3,0
46,698,45,1,2
46,707,45,1,2
47,628,46,1,2
47,637,48,2,1
47,640,48,2,1
47,643,72,3,0
47,647,72,3,0
47,649,48,2,1
47,651,48,2,1
47,652,48,2,1
47,657,48,2,1
47,658,48,2,1
47,660,48,2,1
47,674,72,3,0
47,682,48,2,1
47,688,72,3,0
47,697,48,2,1
47,698,46,1,2
47,702,48,2,1
47,707,46,1,2
47,708,48,2,1
47,710,48,2,1
47,722,48,2,1
48,628,47,1,2
48,643,73,3,0
48,647,73,3,0
48,688,73,3,0
49,625,25,2,3
49,626,25,2,3
49,628,48,1,2
49,635,25,2,3
49,641,25,2,3
49,643,74,3,0
49,650,25,2,3
49,666,25,2,3
49,669,25,2,3
49,677,25,2,3
49,686,25,2,3
49,695,25,2,3
49,704,25,2,3
51,628,52,2,1
51,643,76,3,0
51,659,52,2,1
52,628,53,2,1
52,639,77,3,0
52,643,77,3,0
52,681,77,3,0
53,628,54,2,1
53,643,78,3,0
53,647,78,3,0
53,674,78,3,0
53,688,78,3,0
53,707,54,2,1
54,628,55,2,1
54,629,79,3,0
54,634,79,3,0
54,643,79,3,0
54,647,79,3,0
54,674,79,3,0
54,688,79,3,0
54,698,55,2,1
54,707,55,2,1
55,628,56,2,1
55,643,80,3,0
55,647,80,3,0
55,674,80,3,0
55,685,56,2,1
55,688,80,3,0
55,698,56,2,1
55,707,56,2,1
56,628,57,2,1
56,643,81,3,0
56,647,81,3,0
56,674,81,3,0
56,685,57,2,1
56,688,81,3,0
56,698,57,2,1
56,707,57,2,1
57,628,82,3,0
57,643,82,3,0
57,647,82,3,0
57,658,32,0,3
57,674,82,3,0
57,688,82,3,0
57,698,82,3,0
57,707,82,3,0
58,628,83,3,0
58,643,57,1,2
58,647,57,1,2
58,658,33,0,3
58,674,57,1,2
58,685,83,3,0
58,688,57,1,2
58,698,83,3,0
58,707,83,3,0
59,628,84,3,0
59,643,58,1,2
59,647,58,1,2
59,658,34,0,3
59,674,58,1,2
59,688,58,1,2
59,698,84,3,0
59,707,84,3,0
60,628,85,3,0
60,643,59,1,2
60,647,59,1,2
60,658,59,1,2
60,674,59,1,2
60,688,59,1,2
60,698,85,3,0
60,707,85,3,0
61,628,86,3,0
61,643,60,1,2
62,628,87,3,0
62,643,61,1,2
62,656,63,2,1
62,668,63,2,1
63,659,88,3,0
64,628,89,3,0
64,642,39,0,3
64,643,65,2,1
64,653,39,0,3
64,684,39,0,3
64,691,39,0,3
64,711,39,0,3
65,628,90,3,0
65,643,66,2,1
65,647,66,2,1
65,688,66,2,1
66,628,91,3,0
66,643,67,2,1
66,647,67,2,1
66,658,65,1,2
66,674,67,2,1
66,688,67,2,1
66,698,91,3,0
66,707,91,3,0
67,627,42,0,3
67,628,92,3,0
67,643,68,2,1
67,647,68,2,1
67,658,42,0,3
67,674,68,2,1
67,679,42,0,3
67,688,68,2,1
67,689,42,0,3
67,698,92,3,0
67,703,42,0,3
67,707,92,3,0
68,628,93,3,0
68,643,69,2,1
68,647,69,2,1
68,658,43,0,3
68,674,69,2,1
68,685,93,3,0
68,688,69,2,1
68,698,93,3,0
68,707,93,3,0
69,628,94,3,0
69,643,94,3,0
69,647,94,3,0
69,658,44,0,3
69,674,94,3,0
69,688,94,3,0
69,698,94,3,0
69,707,94,3,0
70,628,69,1,2
70,643,95,3,0
70,647,95,3,0
70,674,95,3,0
70,685,69,1,2
70,688,95,3,0
70,698,69,1,2
70,707,69,1,2
71,628,70,1,2
71,643,96,3,0
71,647,96,3,0
71,674,96,3,0
71,688,96,3,0
71,698,70,1,2
71,707,70,1,2
72,628,71,1,2
72,637,73,2,1
72,640,73,2,1
72,643,97,3,0
72,647,97,3,0
72,649,73,2,1
72,651,73,2,1
72,652,73,2,1
72,657,73,2,1
72,658,73,2,1
72,660,73,2,1
72,674,97,3,0
72,682,73,2,1
72,688,97,3,0
72,697,73,2,1
72,698,71,1,2
72,702,73,2,1
72,707,71,1,2
72,708,73,2,1
72,710,73,2,1
72,722,73,2,1
73,628,72,1,2
73,643,98,3,0
73,647,98,3,0
73,688,98,3,0
74,625,50,2,3
74,626,50,2,3
74,628,73,1,2
74,635,50,2,3
74,643,99,3,0
74,666,50,2,3
74,669,50,2,3
74,677,50,2,3
74,686,50,2,3
74,695,50,2,3
74,704,50,2,3
76,628,77,2,1
76,643,101,3,0
76,659,77,2,1
77,628,78,2,1
77,639,102,3,0
77,643,102,3,0
77,681,102,3,0
78,628,79,2,1
78,643,103,3,0
78,647,103,3,0
78,674,103,3,0
78,688,103,3,0
78,707,79,2,1
79,628,80,2,1
79,629,104,3,0
79,634,104,3,0
79,643,104,3,0
79,647,104,3,0
79,674,104,3,0
79,688,104,3,0
79,698,80,2,1
79,707,80,2,1
80,628,81,2,1
80,643,105,3,0
80,647,105,3,0
80,674,105,3,0
80,685,81,2,1
80,688,105,3,0
80,698,81,2,1
80,707,81,2,1
81,628,82,2,1
81,643,106,3,0
81,647,106,3,0
81,674,106,3,0
81,685,82,2,1
81,688,106,3,0
81,698,82,2,1
81,707,82,2,1
82,643,107,3,0
82,647,107,3,0
82,674,107,3,0
82,688,107,3,0
82,707,107,3,0
83,628,108,3,0
83,643,82,1,2
83,647,82,1,2
83,674,82,1,2
83,685,108,3,0
83,688,82,1,2
83,698,108,3,0
83,707,108,3,0
84,628,109,3,0
84,643,83,1,2
84,647,83,1,2
84,674,83,1,2
84,688,83,1,2
84,698,109,3,0
84,707,109,3,0
85,628,110,3,0
85,643,84,1,2
85,647,84,1,2
85,658,84,1,2
85,674,84,1,2
85,688,84,1,2
85,698,110,3,0
85,707,110,3,0
86,628,111,3,0
86,643,85,1,2
87,628,112,3,0
87,643,86,1,2
87,656,88,2,1
87,668,88,2,1
88,659,659,38,0
89,628,114,3,0
89,642,64,0,3
89,643,90,2,1
89,645,64,0,3
89,653,64,0,3
89,659,88,1,2
89,684,114,3,0
89,691,64,0,3
89,693,64,0,3
89,711,64,0,3
90,628,115,3,0
90,643,91,2,1
90,647,91,2,1
90,688,91,2,1
91,628,116,3,0
91,643,92,2,1
91,647,92,2,1
91,658,90,1,2
91,674,92,2,1
91,688,92,2,1
91,698,116,3,0
91,707,116,3,0
92,627,67,0,3
92,628,117,3,0
92,643,93,2,1
92,647,93,2,1
92,674,93,2,1
92,679,67,0,3
92,688,93,2,1
92,689,67,0,3
92,698,117,3,0
92,703,67,0,3
92,707,117,3,0
93,628,118,3,0
93,643,94,2,1
93,647,94,2,1
93,674,94,2,1
93,685,118,3,0
93,688,94,2,1
93,698,118,3,0
93,707,118,3,0
94,643,119,3,0
94,647,119,3,0
94,674,119,3,0
94,688,119,3,0
94,707,119,3,0
95,628,94,1,2
95,643,120,3,0
95,647,120,3,0
95,674,120,3,0
95,685,94,1,2
95,688,120,3,0
95,698,94,1,2
95,707,94,1,2
96,628,95,1,2
96,643,121,3,0
96,647,121,3,0
96,674,121,3,0
96,688,121,3,0
96,698,95,1,2
96,707,95,1,2
97,628,96,1,2
97,637,98,2,1
97,640,98,2,1
97,643,122,3,0
97,647,122,3,0
97,649,98,2,1
97,651,98,2,1
97,652,98,2,1
97,657,98,2,1
97,658,98,2,1
97,660,98,2,1
97,674,122,3,0
97,682,98,2,1
97,688,122,3,0
97,697,98,2,1
97,698,96,1,2
97,702,98,2,1
97,707,96,1,2
97,708,98,2,1
97,710,98,2,1
97,722,98,2,1
98,628,97,1,2
98,643,123,3,0
98,647,123,3,0
98,688,123,3,0
99,625,75,2,3
99,626,75,2,3
99,628,98,1,2
99,635,75,2,3
99,641,75,2,3
99,643,124,3,0
99,650,75,2,3
99,666,75,2,3
99,669,75,2,3
99,677,75,2,3
99,686,75,2,3
99,695,75,2,3
99,704,75,2,3
101,628,102,2,1
101,643,126,3,0
101,659,102,2,1
102,628,103,2,1
102,639,127,3,0
102,643,127,3,0
102,681,127,3,0
103,628,104,2,1
103,643,128,3,0
103,647,128,3,0
103,674,128,3,0
103,688,128,3,0
103,707,104,2,1
104,628,105,2,1
104,629,129,3,0
104,634,129,3,0
104,643,129,3,0
104,647,129,3,0
104,674,129,3,0
104,688,129,3,0
104,698,105,2,1
104,707,105,2,1
105,628,106,2,1
105,643,130,3,0
105,647,130,3,0
105,674,130,3,0
105,685,106,2,1
105,688,130,3,0
105,698,106,2,1
105,707,106,2,1
106,628,107,2,1
106,643,131,3,0
106,647,131,3,0
106,674,131,3,0
106,685,107,2,1
106,688,131,3,0
106,698,107,2,1
106,707,107,2,1
107,628,108,2,1
107,643,132,3,0
107,647,132,3,0
107,674,132,3,0
107,707,132,3,0
108,628,109,2,1
108,643,107,1,2
108,647,107,1,2
108,674,107,1,2
108,685,133,3,0
108,688,107,1,2
108,698,133,3,0
108,707,133,3,0
109,628,110,2,1
109,643,108,1,2
109,647,108,1,2
109,674,108,1,2
109,688,108,1,2
109,698,134,3,0
109,707,134,3,0
110,628,111,2,1
110,643,109,1,2
110,647,109,1,2
110,658,109,1,2
110,674,109,1,2
110,688,109,1,2
110,698,135,3,0
110,707,135,3,0
111,628,112,2,1
111,643,110,1,2
112,628,628,7,0
112,643,111,1,2
112,656,113,2,1
112,668,113,2,1
113,659,88,0,3
114,628,113,1,2
114,642,89,0,3
114,643,115,2,1
114,645,89,0,3
114,653,89,0,3
114,684,139,3,0
114,691,89,0,3
114,693,89,0,3
114,711,139,3,0
115,628,114,1,2
115,643,116,2,1
115,647,116,2,1
115,688,116,2,1
116,628,115,1,2
116,643,117,2,1
116,647,117,2,1
116,658,115,1,2
116,674,117,2,1
116,688,117,2,1
116,698,141,3,0
116,707,141,3,0
117,627,92,0,3
117,628,116,1,2
117,643,118,2,1
117,647,118,2,1
117,674,118,2,1
117,679,92,0,3
117,688,118,2,1
117,689,92,0,3
117,698,142,3,0
117,703,92,0,3
117,707,142,3,0
118,628,117,1,2
118,643,119,2,1
118,647,119,2,1
118,674,119,2,1
118,685,143,3,0
118,688,119,2,1
118,698,143,3,0
118,707,143,3,0
119,628,118,1,2
119,643,144,3,0
119,647,144,3,0
119,674,144,3,0
119,707,144,3,0
120,628,119,1,2
120,643,145,3,0
120,647,145,3,0
120,674,145,3,0
120,685,119,1,2
120,688,145,3,0
120,698,119,1,2
120,707,119,1,2
121,628,120,1,2
121,643,146,3,0
121,647,146,3,0
121,674,146,3,0
121,688,146,3,0
121,698,120,1,2
121,707,120,1,2
122,628,121,1,2
122,637,123,2,1
122,640,123,2,1
122,643,147,3,0
122,647,147,3,0
122,649,123,2,1
122,651,123,2,1
122,652,123,2,1
122,657,123,2,1
122,658,123,2,1
122,660,123,2,1
122,674,147,3,0
122,682,123,2,1
122,688,147,3,0
122,697,123,2,1
122,698,121,1,2
122,702,123,2,1
122,707,121,1,2
122,708,123,2,1
122,710,123,2,1
122,722,123,2,1
123,628,122,1,2
123,643,148,3,0
123,647,148,3,0
123,688,148,3,0
124,625,100,2,3
124,626,100,2,3
124,628,123,1,2
124,635,100,2,3
124,641,100,2,3
124,643,149,3,0
124,650,100,2,3
124,666,100,2,3
124,669,100,2,3
124,677,100,2,3
124,686,100,2,3
124,695,100,2,3
124,704,100,2,3
126,628,127,2,1
126,643,151,3,0
126,659,127,2,1
127,628,128,2,1
127,639,152,3,0
127,643,152,3,0
127,681,152,3,0
128,628,129,2,1
128,643,153,3,0
128,647,153,3,0
128,674,153,3,0
128,688,153,3,0
128,707,129,2,1
129,628,130,2,1
129,629,154,3,0
129,634,154,3,0
129,643,154,3,0
129,647,154,3,0
129,674,154,3,0
129,688,154,3,0
129,698,130,2,1
129,707,130,2,1
130,628,131,2,1
130,643,155,3,0
130,647,155,3,0
130,674,155,3,0
130,685,131,2,1
130,688,155,3,0
130,698,131,2,1
130,707,131,2,1
131,628,132,2,1
131,643,156,3,0
131,647,156,3,0
131,674,156,3,0
131,685,132,2,1
131,688,156,3,0
131,698,132,2,1
131,707,132,2,1
132,628,107,0,3
132,643,157,3,0
132,647,157,3,0
132,674,157,3,0
132,707,157,3,0
133,628,108,0,3
133,643,132,1,2
133,647,132,1,2
133,674,132,1,2
133,685,158,3,0
133,688,132,1,2
133,698,158,3,0
133,707,158,3,0
134,628,109,0,3
134,643,133,1,2
134,647,133,1,2
134,674,133,1,2
134,688,133,1,2
134,698,159,3,0
134,707,159,3,0
135,628,110,0,3
135,643,134,1,2
135,647,134,1,2
135,658,134,1,2
135,674,134,1,2
135,688,134,1,2
135,698,160,3,0
135,707,160,3,0
136,628,111,0,3
136,643,135,1,2
137,628,112,0,3
137,643,136,1,2
137,656,138,2,1
137,668,138,2,1
138,659,113,0,3
139,628,114,0,3
139,642,164,3,0
139,643,140,2,1
139,645,114,0,3
139,653,114,0,3
139,684,164,3,0
139,691,114,0,3
139,693,114,0,3
139,711,164,3,0
140,628,115,0,3
140,643,141,2,1
140,647,141,2,1
140,688,141,2,1
141,628,116,0,3
141,643,142,2,1
141,647,142,2,1
141,658,140,1,2
141,674,142,2,1
141,688,142,2,1
141,698,166,3,0
141,707,166,3,0
142,627,167,3,0
142,628,117,0,3
142,643,143,2,1
142,647,143,2,1
142,674,143,2,1
142,679,117,0,3
142,688,143,2,1
142,689,117,0,3
142,698,167,3,0
142,703,117,0,3
142,707,167,3,0
143,628,118,0,3
143,643,144,2,1
143,647,144,2,1
143,674,144,2,1
143,685,168,3,0
143,688,144,2,1
143,698,168,3,0
143,707,168,3,0
144,628,119,0,3
144,643,169,3,0
144,647,169,3,0
144,674,169,3,0
144,707,169,3,0
145,628,144,1,2
145,643,170,3,0
145,647,170,3,0
145,674,170,3,0
145,685,144,1,2
145,688,170,3,0
145,698,144,1,2
145,707,144,1,2
146,628,145,1,2
146,643,171,3,0
146,647,171,3,0
146,674,171,3,0
146,688,171,3,0
146,698,145,1,2
146,707,145,1,2
147,628,146,1,2
147,637,148,2,1
147,640,148,2,1
147,643,172,3,0
147,647,172,3,0
147,649,148,2,1
147,652,148,2,1
147,657,148,2,1
147,658,148,2,1
147,660,148,2,1
147,674,172,3,0
147,682,148,2,1
147,688,172,3,0
147,697,148,2,1
147,698,146,1,2
147,702,148,2,1
147,707,146,1,2
147,708,148,2,1
147,710,148,2,1
147,722,148,2,1
148,628,147,1,2
148,643,173,3,0
148,647,173,3,0
148,688,173,3,0
149,625,125,2,3
149,626,125,2,3
149,628,148,1,2
149,635,125,2,3
149,641,125,2,3
149,643,174,3,0
149,650,125,2,3
149,666,125,2,3
149,669,125,2,3
149,677,125,2,3
149,686,125,2,3
149,695,125,2,3
149,704,125,2,3
151,628,152,2,1
151,643,176,3,0
151,659,152,2,1
152,628,153,2,1
152,643,177,3,0
152,681,177,3,0
153,628,154,2,1
153,643,178,3,0
153,647,178,3,0
153,674,178,3,0
153,688,152,1,2
153,707,154,2,1
154,628,155,2,1
154,634,179,3,0
154,643,179,3,0
154,647,179,3,0
154,674,179,3,0
154,688,153,1,2
154,698,155,2,1
154,707,155,2,1
155,628,156,2,1
155,643,180,3,0
155,647,180,3,0
155,674,180,3,0
155,685,156,2,1
155,688,154,1,2
155,698,156,2,1
155,707,156,2,1
156,628,157,2,1
156,643,181,3,0
156,647,181,3,0
156,674,181,3,0
156,685,157,2,1
156,688,155,1,2
156,698,157,2,1
156,707,157,2,1
157,628,132,0,3
157,643,182,3,0
157,647,182,3,0
157,674,182,3,0
157,688,156,1,2
157,698,158,2,1
157,707,182,3,0
158,628,133,0,3
158,643,157,1,2
158,647,157,1,2
158,674,157,1,2
158,685,183,3,0
158,688,157,1,2
158,698,159,2,1
158,707,183,3,0
159,628,134,0,3
159,643,158,1,2
159,647,158,1,2
159,674,158,1,2
159,688,158,1,2
159,698,160,2,1
159,707,184,3,0
160,628,135,0,3
160,643,159,1,2
160,647,159,1,2
160,658,159,1,2
160,674,159,1,2
160,688,159,1,2
160,698,698,77,0
160,707,185,3,0
161,628,136,0,3
161,643,160,1,2
162,628,137,0,3
162,643,161,1,2
162,656,163,2,1
162,668,163,2,1
163,659,138,0,3
164,628,139,0,3
164,642,189,3,0
164,643,165,2,1
164,645,139,0,3
164,653,139,0,3
164,684,189,3,0
164,691,139,0,3
164,693,139,0,3
164,711,189,3,0
165,628,140,0,3
165,643,166,2,1
165,647,166,2,1
165,688,166,2,1
166,628,141,0,3
166,643,167,2,1
166,647,167,2,1
166,658,165,1,2
166,674,167,2,1
166,688,167,2,1
166,707,191,3,0
167,627,192,3,0
167,628,142,0,3
167,643,168,2,1
167,647,168,2,1
167,674,168,2,1
167,679,192,3,0
167,688,168,2,1
167,689,142,0,3
167,698,166,1,2
167,703,142,0,3
167,707,192,3,0
168,628,143,0,3
168,643,169,2,1
168,647,169,2,1
168,674,169,2,1
168,685,193,3,0
168,688,169,2,1
168,698,167,1,2
168,707,193,3,0
169,628,144,0,3
169,643,194,3,0
169,647,194,3,0
169,674,194,3,0
169,688,170,2,1
169,698,168,1,2
169,707,194,3,0
170,628,169,1,2
170,643,195,3,0
170,647,195,3,0
170,674,195,3,0
170,685,169,1,2
170,688,171,2,1
170,698,169,1,2
170,707,169,1,2
171,628,170,1,2
171,643,196,3,0
171,647,196,3,0
171,674,196,3,0
171,688,172,2,1
171,698,170,1,2
171,707,170,1,2
172,628,171,1,2
172,637,173,2,1
172,640,173,2,1
172,643,197,3,0
172,647,197,3,0
172,649,173,2,1
172,651,173,2,1
172,652,173,2,1
172,657,173,2,1
172,658,173,2,1
172,660,173,2,1
172,674,197,3,0
172,682,173,2,1
172,688,173,2,1
172,697,173,2,1
172,698,171,1,2
172,702,173,2,1
172,707,171,1,2
172,708,173,2,1
172,710,173,2,1
172,722,173,2,1
173,628,172,1,2
173,643,198,3,0
173,647,198,3,0
173,688,688,67,0
174,625,150,2,3
174,626,150,2,3
174,628,173,1,2
174,635,150,2,3
174,641,150,2,3
174,643,199,3,0
174,650,150,2,3
174,666,150,2,3
174,669,150,2,3
174,677,150,2,3
174,686,150,2,3
174,695,150,2,3
174,704,150,2,3
176,628,177,2,1
176,643,201,3,0
176,659,177,2,1
177,628,178,2,1
177,639,152,0,3
177,643,202,3,0
177,681,202,3,0
178,628,179,2,1
178,643,203,3,0
178,647,203,3,0
178,674,674,53,0
178,688,153,0,3
178,707,179,2,1
179,628,180,2,1
179,629,154,0,3
179,634,204,3,0
179,643,204,3,0
179,647,204,3,0
179,674,178,1,2
179,688,154,0,3
179,698,180,2,1
179,707,180,2,1
180,628,181,2,1
180,643,205,3,0
180,647,205,3,0
180,674,179,1,2
180,685,181,2,1
180,688,155,0,3
180,698,181,2,1
180,707,181,2,1
181,628,182,2,1
181,643,206,3,0
181,647,206,3,0
181,674,180,1,2
181,685,182,2,1
181,688,156,0,3
181,698,182,2,1
181,707,182,2,1
182,628,157,0,3
182,643,207,3,0
182,647,207,3,0
182,674,181,1,2
182,688,157,0,3
182,698,157,0,3
182,707,207,3,0
183,628,158,0,3
183,643,182,1,2
183,647,182,1,2
183,674,182,1,2
183,685,208,3,0
183,688,182,1,2
183,698,158,0,3
183,707,208,3,0
184,628,159,0,3
184,643,183,1,2
184,647,183,1,2
184,674,183,1,2
184,688,183,1,2
184,698,159,0,3
184,707,209,3,0
185,628,160,0,3
185,643,184,1,2
185,647,184,1,2
185,658,184,1,2
185,674,184,1,2
185,688,184,1,2
185,698,160,0,3
185,707,210,3,0
186,628,161,0,3
186,643,185,1,2
187,628,162,0,3
187,643,186,1,2
187,656,188,2,1
187,668,188,2,1
188,659,163,0,3
189,628,164,0,3
189,642,214,3,0
189,643,190,2,1
189,645,164,0,3
189,653,164,0,3
189,684,214,3,0
189,691,164,0,3
189,693,164,0,3
189,711,214,3,0
190,628,165,0,3
190,643,191,2,1
190,647,191,2,1
190,688,191,2,1
191,628,166,0,3
191,643,192,2,1
191,647,192,2,1
191,658,190,1,2
191,674,192,2,1
191,688,192,2,1
191,698,166,0,3
191,707,216,3,0
192,627,217,3,0
192,628,167,0,3
192,643,193,2,1
192,647,193,2,1
192,674,193,2,1
192,679,217,3,0
192,688,193,2,1
192,689,167,0,3
192,698,167,0,3
192,703,167,0,3
192,707,217,3,0
193,628,168,0,3
193,643,194,2,1
193,647,194,2,1
193,674,194,2,1
193,685,218,3,0
193,688,194,2,1
193,698,168,0,3
193,707,218,3,0
194,628,169,0,3
194,643,219,3,0
194,647,219,3,0
194,674,195,2,1
194,688,169,0,3
194,698,169,0,3
194,707,219,3,0
195,628,194,1,2
195,643,220,3,0
195,647,220,3,0
195,674,196,2,1
195,685,194,1,2
195,688,170,0,3
195,698,194,1,2
195,707,194,1,2
196,628,195,1,2
196,643,221,3,0
196,647,221,3,0
196,674,197,2,1
196,688,171,0,3
196,698,195,1,2
196,707,195,1,2
197,628,196,1,2
197,637,198,2,1
197,640,198,2,1
197,643,222,3,0
197,647,222,3,0
197,649,198,2,1
197,651,198,2,1
197,652,198,2,1
197,657,198,2,1
197,658,198,2,1
197,660,198,2,1
197,674,198,2,1
197,682,198,2,1
197,688,172,0,3
197,697,198,2,1
197,698,196,1,2
197,702,198,2,1
197,707,196,1,2
197,710,198,2,1
197,722,198,2,1
198,628,197,1,2
198,643,223,3,0
198,647,223,3,0
198,688,173,0,3
199,625,175,2,3
199,626,175,2,3
199,628,198,1,2
199,635,175,2,3
199,641,175,2,3
199,643,224,3,0
199,650,175,2,3
199,666,175,2,3
199,669,175,2,3
199,677,175,2,3
199,686,175,2,3
199,695,175,2,3
199,704,175,2,3
201,628,202,2,1
201,643,643,22,0
201,659,202,2,1
202,628,203,2,1
202,639,177,0,3
202,643,201,1,2
202,681,227,3,0
203,628,204,2,1
203,643,202,1,2
203,647,228,3,0
203,674,178,0,3
203,688,178,0,3
203,707,204,2,1
204,628,205,2,1
204,629,179,0,3
204,634,229,3,0
204,643,203,1,2
204,647,229,3,0
204,674,179,0,3
204,688,179,0,3
204,698,205,2,1
204,707,205,2,1
205,628,206,2,1
205,643,204,1,2
205,647,230,3,0
205,674,180,0,3
205,685,206,2,1
205,688,180,0,3
205,698,206,2,1
205,707,206,2,1
206,628,207,2,1
206,643,205,1,2
206,647,231,3,0
206,674,181,0,3
206,685,207,2,1
206,688,181,0,3
206,698,207,2,1
206,707,207,2,1
207,628,182,0,3
207,643,206,1,2
207,647,232,3,0
207,688,182,0,3
207,698,182,0,3
207,707,232,3,0
208,628,183,0,3
208,643,207,1,2
208,647,207,1,2
208,674,207,1,2
208,685,233,3,0
208,688,207,1,2
208,698,183,0,3
208,707,233,3,0
209,628,184,0,3
209,643,208,1,2
209,647,208,1,2
209,674,208,1,2
209,688,208,1,2
209,698,184,0,3
209,707,234,3,0
210,628,185,0,3
210,643,209,1,2
210,647,209,1,2
210,658,209,1,2
210,674,209,1,2
210,688,209,1,2
210,698,185,0,3
210,707,235,3,0
211,628,186,0,3
211,643,210,1,2
212,628,187,0,3
212,643,211,1,2
212,656,213,2,1
212,668,213,2,1
213,659,188,0,3
214,628,189,0,3
214,642,239,3,0
214,643,215,2,1
214,645,189,0,3
214,653,239,3,0
214,684,239,3,0
214,691,189,0,3
214,693,189,0,3
214,711,239,3,0
215,628,190,0,3
215,643,216,2,1
215,647,216,2,1
215,688,216,2,1
216,628,191,0,3
216,643,217,2,1
216,647,217,2,1
216,658,215,1,2
216,674,217,2,1
216,688,217,2,1
216,698,191,0,3
216,707,241,3,0
217,627,242,3,0
217,628,192,0,3
217,643,218,2,1
217,647,218,2,1
217,674,218,2,1
217,679,242,3,0
217,688,218,2,1
217,689,192,0,3
217,698,192,0,3
217,703,192,0,3
217,707,242,3,0
218,628,193,0,3
218,643,219,2,1
218,647,219,2,1
218,674,219,2,1
218,685,243,3,0
218,688,219,2,1
218,698,193,0,3
218,707,243,3,0
219,628,194,0,3
219,643,220,2,1
219,647,244,3,0
219,688,194,0,3
219,698,194,0,3
219,707,244,3,0
220,628,219,1,2
220,643,221,2,1
220,647,245,3,0
220,674,195,0,3
220,685,219,1,2
220,688,195,0,3
220,698,219,1,2
220,707,219,1,2
221,628,220,1,2
221,643,222,2,1
221,647,246,3,0
221,674,196,0,3
221,688,196,0,3
221,698,220,1,2
221,707,220,1,2
222,628,221,1,2
222,637,223,2,1
222,643,223,2,1
222,647,247,3,0
222,649,223,2,1
222,651,223,2,1
222,652,223,2,1
222,657,223,2,1
222,658,223,2,1
222,660,223,2,1
222,674,197,0,3
222,682,223,2,1
222,688,197,0,3
222,697,223,2,1
222,698,221,1,2
222,702,223,2,1
222,707,221,1,2
222,708,223,2,1
222,710,223,2,1
222,722,223,2,1
223,628,222,1,2
223,643,224,2,1
223,647,248,3,0
223,688,198,0,3
224,625,200,2,3
224,626,200,2,3
224,628,223,1,2
224,641,200,2,3
224,643,200,2,3
224,650,200,2,3
224,666,200,2,3
224,669,200,2,3
224,677,200,2,3
224,686,200,2,3
224,695,200,2,3
224,704,200,2,3
226,628,227,2,1
226,643,201,0,3
226,659,227,2,1
227,628,228,2,1
227,639,202,0,3
227,643,202,0,3
227,681,252,3,0
228,628,229,2,1
228,643,203,0,3
228,647,253,3,0
228,674,203,0,3
228,688,203,0,3
228,707,229,2,1
229,628,230,2,1
229,629,204,0,3
229,634,254,3,0
229,643,204,0,3
229,647,254,3,0
229,674,204,0,3
229,688,204,0,3
229,698,230,2,1
229,707,230,2,1
230,628,231,2,1
230,643,205,0,3
230,647,255,3,0
230,674,205,0,3
230,685,231,2,1
230,688,205,0,3
230,698,231,2,1
230,707,231,2,1
231,628,232,2,1
231,643,206,0,3
231,647,256,3,0
231,674,206,0,3
231,685,232,2,1
231,688,206,0,3
231,698,232,2,1
231,707,232,2,1
232,628,207,0,3
232,643,207,0,3
232,685,233,2,1
232,688,207,0,3
232,698,207,0,3
232,707,257,3,0
233,628,208,0,3
233,643,232,1,2
233,647,232,1,2
233,674,232,1,2
233,685,685,64,0
233,688,232,1,2
233,698,208,0,3
233,707,258,3,0
234,628,209,0,3
234,643,233,1,2
234,647,233,1,2
234,674,233,1,2
234,688,233,1,2
234,698,209,0,3
234,707,259,3,0
235,628,210,0,3
235,643,234,1,2
235,647,234,1,2
235,658,234,1,2
235,674,234,1,2
235,688,234,1,2
235,698,210,0,3
235,707,260,3,0
236,628,211,0,3
236,643,235,1,2
237,628,212,0,3
237,643,236,1,2
237,656,238,2,1
237,668,238,2,1
238,659,213,0,3
239,628,214,0,3
239,642,264,3,0
239,643,240,2,1
239,645,214,0,3
239,653,264,3,0
239,684,264,3,0
239,691,214,0,3
239,693,214,0,3
239,711,264,3,0
240,628,215,0,3
240,643,241,2,1
240,647,241,2,1
240,688,241,2,1
241,628,216,0,3
241,643,242,2,1
241,647,242,2,1
241,658,240,1,2
241,674,242,2,1
241,688,242,2,1
241,698,216,0,3
241,707,266,3,0
242,627,267,3,0
242,628,217,0,3
242,643,243,2,1
242,647,243,2,1
242,674,243,2,1
242,679,267,3,0
242,688,243,2,1
242,689,217,0,3
242,698,217,0,3
242,703,217,0,3
242,707,267,3,0
243,628,218,0,3
243,643,244,2,1
243,647,244,2,1
243,674,244,2,1
243,685,242,1,2
243,688,244,2,1
243,698,218,0,3
243,707,268,3,0
244,628,219,0,3
244,643,219,0,3
244,685,243,1,2
244,688,219,0,3
244,698,219,0,3
244,707,269,3,0
245,628,244,1,2
245,643,220,0,3
245,647,270,3,0
245,674,220,0,3
245,685,244,1,2
245,688,220,0,3
245,698,244,1,2
245,707,244,1,2
246,628,245,1,2
246,643,221,0,3
246,647,271,3,0
246,674,221,0,3
246,688,221,0,3
246,698,245,1,2
246,707,245,1,2
247,628,246,1,2
247,637,248,2,1
247,640,248,2,1
247,643,222,0,3
247,647,272,3,0
247,649,248,2,1
247,651,248,2,1
247,652,248,2,1
247,657,248,2,1
247,658,248,2,1
247,660,248,2,1
247,674,222,0,3
247,688,222,0,3
247,697,248,2,1
247,698,246,1,2
247,707,246,1,2
247,708,248,2,1
247,710,248,2,1
247,722,248,2,1
248,628,247,1,2
248,643,223,0,3
248,647,273,3,0
248,688,223,0,3
249,625,225,2,3
249,626,225,2,3
249,628,248,1,2
249,635,225,2,3
249,641,225,2,3
249,643,224,0,3
249,650,225,2,3
249,666,225,2,3
249,669,225,2,3
249,677,225,2,3
249,686,225,2,3
249,704,225,2,3
251,628,252,2,1
251,643,226,0,3
251,659,252,2,1
252,628,253,2,1
252,639,227,0,3
252,643,227,0,3
252,681,277,3,0
253,628,254,2,1
253,643,228,0,3
253,647,278,3,0
253,674,228,0,3
253,688,228,0,3
253,707,254,2,1
254,628,255,2,1
254,629,229,0,3
254,634,279,3,0
254,643,229,0,3
254,647,279,3,0
254,674,229,0,3
254,688,229,0,3
254,698,255,2,1
254,707,255,2,1
255,628,256,2,1
255,643,230,0,3
255,647,280,3,0
255,674,230,0,3
255,685,256,2,1
255,688,230,0,3
255,698,256,2,1
255,707,256,2,1
256,628,257,2,1
256,643,231,0,3
256,647,281,3,0
256,674,231,0,3
256,685,257,2,1
256,688,231,0,3
256,698,257,2,1
256,707,257,2,1
257,628,232,0,3
257,643,232,0,3
257,685,232,0,3
257,688,232,0,3
257,698,232,0,3
257,707,282,3,0
258,628,233,0,3
258,643,257,1,2
258,647,257,1,2
258,674,257,1,2
258,685,233,0,3
258,688,257,1,2
258,698,233,0,3
258,707,283,3,0
259,628,234,0,3
259,643,258,1,2
259,647,258,1,2
259,674,258,1,2
259,688,258,1,2
259,698,234,0,3
259,707,284,3,0
260,628,235,0,3
260,643,259,1,2
260,647,259,1,2
260,658,259,1,2
260,674,259,1,2
260,688,259,1,2
260,698,235,0,3
260,707,285,3,0
261,628,236,0,3
261,643,260,1,2
262,628,237,0,3
262,643,261,1,2
262,656,263,2,1
262,668,263,2,1
263,659,238,0,3
264,628,239,0,3
264,642,289,3,0
264,643,265,2,1
264,645,239,0,3
264,653,289,3,0
264,684,289,3,0
264,691,289,3,0
264,693,239,0,3
264,711,289,3,0
265,628,240,0,3
265,643,266,2,1
265,647,266,2,1
265,688,266,2,1
266,628,241,0,3
266,643,267,2,1
266,647,267,2,1
266,658,265,1,2
266,674,267,2,1
266,688,267,2,1
266,698,241,0,3
266,707,291,3,0
267,627,292,3,0
267,628,242,0,3
267,643,268,2,1
267,647,268,2,1
267,674,268,2,1
267,679,292,3,0
267,688,268,2,1
267,689,242,0,3
267,698,242,0,3
267,703,242,0,3
267,707,292,3,0
268,628,243,0,3
268,643,269,2,1
268,647,269,2,1
268,674,269,2,1
268,685,243,0,3
268,688,269,2,1
268,698,243,0,3
268,707,293,3,0
269,628,244,0,3
269,643,244,0,3
269,685,244,0,3
269,688,244,0,3
269,698,244,0,3
269,707,294,3,0
270,628,269,1,2
270,643,245,0,3
270,647,295,3,0
270,674,245,0,3
270,685,269,1,2
270,688,245,0,3
270,698,269,1,2
270,707,269,1,2
271,628,270,1,2
271,643,246,0,3
271,647,296,3,0
271,674,246,0,3
271,688,246,0,3
271,698,270,1,2
271,707,270,1,2
272,628,271,1,2
272,637,273,2,1
272,640,273,2,1
272,643,247,0,3
272,647,297,3,0
272,649,273,2,1
272,651,273,2,1
272,652,273,2,1
272,657,273,2,1
272,658,273,2,1
272,660,273,2,1
272,674,247,0,3
272,682,273,2,1
272,688,247,0,3
272,697,273,2,1
272,698,271,1,2
272,702,273,2,1
272,707,271,1,2
272,708,273,2,1
272,710,273,2,1
272,722,273,2,1
273,628,272,1,2
273,643,248,0,3
273,647,298,3,0
273,688,248,0,3
274,625,250,2,3
274,626,250,2,3
274,628,273,1,2
274,635,250,2,3
274,641,250,2,3
274,643,249,0,3
274,650,250,2,3
274,666,250,2,3
274,669,250,2,3
274,677,250,2,3
274,686,250,2,3
274,695,250,2,3
274,704,250,2,3
276,628,277,2,1
276,643,251,0,3
276,659,277,2,1
277,628,278,2,1
277,639,252,0,3
277,643,252,0,3
278,628,279,2,1
278,643,253,0,3
278,647,303,3,0
278,674,253,0,3
278,688,253,0,3
278,707,279,2,1
279,628,280,2,1
279,629,254,0,3
279,634,304,3,0
279,643,254,0,3
279,647,304,3,0
279,674,254,0,3
279,688,254,0,3
279,698,280,2,1
279,707,280,2,1
280,628,281,2,1
280,643,255,0,3
280,647,305,3,0
280,674,255,0,3
280,685,281,2,1
280,688,255,0,3
280,698,281,2,1
280,707,281,2,1
281,628,282,2,1
281,643,256,0,3
281,647,306,3,0
281,674,256,0,3
281,685,282,2,1
281,688,256,0,3
281,698,282,2,1
281,707,282,2,1
282,628,257,0,3
282,643,257,0,3
282,674,257,0,3
282,685,257,0,3
282,688,257,0,3
282,698,257,0,3
283,628,258,0,3
283,643,282,1,2
283,647,282,1,2
283,674,282,1,2
283,685,258,0,3
283,688,282,1,2
283,698,258,0,3
283,707,308,3,0
284,628,259,0,3
284,643,283,1,2
284,647,283,1,2
284,674,283,1,2
284,688,283,1,2
284,698,259,0,3
284,707,309,3,0
285,628,260,0,3
285,643,284,1,2
285,647,284,1,2
285,658,284,1,2
285,674,284,1,2
285,688,284,1,2
285,698,260,0,3
285,707,310,3,0
286,628,261,0,3
286,643,285,1,2
287,628,262,0,3
287,643,286,1,2
287,656,288,2,1
287,668,288,2,1
288,659,263,0,3
289,628,264,0,3
289,642,314,3,0
289,643,290,2,1
289,645,264,0,3
289,653,314,3,0
289,684,314,3,0
289,691,314,3,0
289,693,264,0,3
289,711,314,3,0
290,628,265,0,3
290,643,291,2,1
290,647,291,2,1
290,688,291,2,1
291,628,266,0,3
291,643,292,2,1
291,647,292,2,1
291,658,290,1,2
291,674,292,2,1
291,688,292,2,1
291,698,266,0,3
291,707,316,3,0
292,627,317,3,0
292,628,267,0,3
292,643,293,2,1
292,647,293,2,1
292,674,293,2,1
292,679,317,3,0
292,688,293,2,1
292,689,267,0,3
292,698,267,0,3
292,703,267,0,3
292,707,317,3,0
293,628,268,0,3
293,643,294,2,1
293,647,294,2,1
293,674,294,2,1
293,685,268,0,3
293,688,294,2,1
293,698,268,0,3
293,707,318,3,0
294,628,269,0,3
294,643,269,0,3
294,674,269,0,3
294,685,269,0,3
294,688,269,0,3
294,698,269,0,3
295,628,294,1,2
295,643,270,0,3
295,647,320,3,0
295,674,270,0,3
295,685,294,1,2
295,688,270,0,3
295,698,294,1,2
295,707,294,1,2
296,628,295,1,2
296,643,271,0,3
296,647,321,3,0
296,674,271,0,3
296,688,271,0,3
296,698,295,1,2
296,707,295,1,2
297,628,296,1,2
297,637,298,2,1
297,640,298,2,1
297,643,272,0,3
297,647,322,3,0
297,649,298,2,1
297,651,298,2,1
297,652,298,2,1
297,657,298,2,1
297,658,298,2,1
297,660,298,2,1
297,674,272,0,3
297,682,298,2,1
297,688,272,0,3
297,697,298,2,1
297,698,296,1,2
297,702,298,2,1
297,707,296,1,2
297,708,298,2,1
297,710,298,2,1
298,628,297,1,2
298,643,273,0,3
298,647,323,3,0
298,688,273,0,3
299,625,275,2,3
299,626,275,2,3
299,628,298,1,2
299,635,275,2,3
299,641,275,2,3
299,643,274,0,3
299,650,275,2,3
299,666,275,2,3
299,669,275,2,3
299,677,275,2,3
299,686,275,2,3
299,695,275,2,3
299,704,275,2,3
301,628,302,2,1
301,643,276,0,3
301,659,302,2,1
302,628,303,2,1
302,639,277,0,3
302,643,277,0,3
302,681,277,0,3
303,628,304,2,1
303,643,278,0,3
303,647,302,1,2
303,674,278,0,3
303,688,278,0,3
303,707,304,2,1
304,628,305,2,1
304,629,279,0,3
304,643,279,0,3
304,647,303,1,2
304,674,279,0,3
304,688,279,0,3
304,698,305,2,1
304,707,305,2,1
305,628,306,2,1
305,643,280,0,3
305,647,304,1,2
305,674,280,0,3
305,685,306,2,1
305,688,280,0,3
305,698,306,2,1
305,707,306,2,1
306,628,307,2,1
306,643,281,0,3
306,647,305,1,2
306,674,281,0,3
306,685,307,2,1
306,688,281,0,3
306,698,307,2,1
306,707,307,2,1
307,628,282,0,3
307,643,282,0,3
307,647,306,1,2
307,674,282,0,3
307,685,282,0,3
307,688,282,0,3
307,698,282,0,3
308,628,283,0,3
308,643,307,1,2
308,647,307,1,2
308,674,307,1,2
308,685,283,0,3
308,688,307,1,2
308,698,283,0,3
308,707,333,3,0
309,628,284,0,3
309,643,308,1,2
309,647,308,1,2
309,674,308,1,2
309,688,308,1,2
309,698,284,0,3
309,707,334,3,0
310,628,285,0,3
310,643,309,1,2
310,647,309,1,2
310,658,309,1,2
310,674,309,1,2
310,688,309,1,2
310,698,285,0,3
310,707,335,3,0
311,628,286,0,3
311,643,310,1,2
312,628,287,0,3
312,643,311,1,2
312,656,313,2,1
312,668,313,2,1
313,659,288,0,3
314,628,289,0,3
314,642,339,3,0
314,643,315,2,1
314,645,289,0,3
314,653,339,3,0
314,684,339,3,0
314,691,339,3,0
314,693,289,0,3
314,711,339,3,0
315,628,290,0,3
315,643,316,2,1
315,647,316,2,1
315,688,316,2,1
316,628,291,0,3
316,643,317,2,1
316,647,317,2,1
316,658,315,1,2
316,674,317,2,1
316,688,317,2,1
316,698,291,0,3
316,707,341,3,0
317,627,342,3,0
317,628,292,0,3
317,643,318,2,1
317,647,318,2,1
317,674,318,2,1
317,679,342,3,0
317,688,318,2,1
317,689,342,3,0
317,698,292,0,3
317,703,342,3,0
317,707,342,3,0
318,628,293,0,3
318,643,319,2,1
318,647,319,2,1
318,674,319,2,1
318,685,293,0,3
318,688,319,2,1
318,698,293,0,3
318,707,343,3,0
319,628,294,0,3
319,643,294,0,3
319,647,320,2,1
319,674,294,0,3
319,685,294,0,3
319,688,294,0,3
319,698,294,0,3
320,628,319,1,2
320,643,295,0,3
320,647,321,2,1
320,674,295,0,3
320,685,319,1,2
320,688,295,0,3
320,698,319,1,2
320,707,319,1,2
321,628,320,1,2
321,643,296,0,3
321,647,322,2,1
321,674,296,0,3
321,688,296,0,3
321,698,320,1,2
321,707,320,1,2
322,628,321,1,2
322,637,323,2,1
322,640,323,2,1
322,643,297,0,3
322,647,323,2,1
322,649,323,2,1
322,651,323,2,1
322,652,323,2,1
322,657,323,2,1
322,658,323,2,1
322,660,323,2,1
322,674,297,0,3
322,682,323,2,1
322,688,297,0,3
322,697,323,2,1
322,698,321,1,2
322,702,323,2,1
322,707,321,1,2
322,708,323,2,1
322,710,323,2,1
322,722,323,2,1
323,628,322,1,2
323,643,298,0,3
323,647,647,26,0
323,688,298,0,3
324,625,300,2,3
324,626,300,2,3
324,628,323,1,2
324,635,300,2,3
324,641,300,2,3
324,643,299,0,3
324,650,300,2,3
324,669,300,2,3
324,677,300,2,3
324,686,300,2,3
324,695,300,2,3
324,704,300,2,3
326,628,327,2,1
326,643,301,0,3
326,659,327,2,1
327,628,328,2,1
327,639,302,0,3
327,643,302,0,3
327,681,302,0,3
328,628,329,2,1
328,643,303,0,3
328,647,303,0,3
328,674,303,0,3
328,688,303,0,3
328,707,329,2,1
329,628,330,2,1
329,629,304,0,3
329,634,304,0,3
329,643,304,0,3
329,647,304,0,3
329,674,304,0,3
329,688,304,0,3
329,698,330,2,1
329,707,330,2,1
330,628,331,2,1
330,643,305,0,3
330,647,305,0,3
330,674,305,0,3
330,685,331,2,1
330,688,305,0,3
330,698,331,2,1
330,707,331,2,1
331,628,332,2,1
331,643,306,0,3
331,647,306,0,3
331,674,306,0,3
331,685,332,2,1
331,688,306,0,3
331,698,332,2,1
331,707,332,2,1
332,628,307,0,3
332,643,307,0,3
332,647,307,0,3
332,674,307,0,3
332,685,307,0,3
332,688,307,0,3
332,698,307,0,3
333,628,308,0,3
333,643,332,1,2
333,647,332,1,2
333,674,332,1,2
333,685,308,0,3
333,688,332,1,2
333,698,308,0,3
333,707,358,3,0
334,628,309,0,3
334,643,333,1,2
334,647,333,1,2
334,674,333,1,2
334,688,333,1,2
334,698,309,0,3
334,707,359,3,0
335,628,310,0,3
335,643,334,1,2
335,647,334,1,2
335,658,334,1,2
335,674,334,1,2
335,688,334,1,2
335,698,310,0,3
335,707,360,3,0
336,628,311,0,3
336,643,335,1,2
337,628,312,0,3
337,643,336,1,2
337,656,338,2,1
337,668,338,2,1
338,659,313,0,3
339,628,314,0,3
339,642,364,3,0
339,643,340,2,1
339,645,314,0,3
339,653,364,3,0
339,684,364,3,0
339,691,364,3,0
339,693,314,0,3
339,711,364,3,0
340,628,315,0,3
340,643,341,2,1
340,647,341,2,1
340,688,341,2,1
341,628,316,0,3
341,643,342,2,1
341,647,342,2,1
341,658,340,1,2
341,674,342,2,1
341,688,342,2,1
341,698,316,0,3
341,707,366,3,0
342,627,367,3,0
342,628,317,0,3
342,643,343,2,1
342,647,343,2,1
342,674,343,2,1
342,679,367,3,0
342,688,343,2,1
342,689,367,3,0
342,698,317,0,3
342,703,367,3,0
342,707,367,3,0
343,628,318,0,3
343,643,344,2,1
343,647,344,2,1
343,674,344,2,1
343,685,318,0,3
343,688,344,2,1
343,698,318,0,3
343,707,368,3,0
344,628,319,0,3
344,643,319,0,3
344,647,319,0,3
344,674,319,0,3
344,685,319,0,3
344,688,319,0,3
344,698,319,0,3
345,628,344,1,2
345,643,320,0,3
345,647,320,0,3
345,674,320,0,3
345,685,344,1,2
345,688,320,0,3
345,698,344,1,2
345,707,344,1,2
346,628,345,1,2
346,643,321,0,3
346,647,321,0,3
346,674,321,0,3
346,688,321,0,3
346,698,345,1,2
346,707,345,1,2
347,628,346,1,2
347,637,348,2,1
347,640,348,2,1
347,643,322,0,3
347,647,322,0,3
347,651,348,2,1
347,657,348,2,1
347,658,348,2,1
347,660,348,2,1
347,674,322,0,3
347,682,348,2,1
347,688,322,0,3
347,697,348,2,1
347,698,346,1,2
347,702,348,2,1
347,707,346,1,2
347,708,348,2,1
347,710,348,2,1
347,722,348,2,1
348,628,347,1,2
348,643,323,0,3
348,647,323,0,3
348,688,323,0,3
349,625,325,2,3
349,626,325,2,3
349,628,348,1,2
349,635,325,2,3
349,641,325,2,3
349,643,324,0,3
349,650,325,2,3
349,666,325,2,3
349,677,325,2,3
349,686,325,2,3
349,695,325,2,3
349,704,325,2,3
351,628,352,2,1
351,643,326,0,3
351,659,352,2,1
352,628,353,2,1
352,639,327,0,3
352,643,327,0,3
352,681,327,0,3
353,628,354,2,1
353,643,328,0,3
353,647,328,0,3
353,674,328,0,3
353,688,328,0,3
353,707,354,2,1
354,628,355,2,1
354,629,329,0,3
354,634,329,0,3
354,643,329,0,3
354,647,329,0,3
354,674,329,0,3
354,688,329,0,3
354,698,355,2,1
354,707,355,2,1
355,628,356,2,1
355,643,330,0,3
355,647,330,0,3
355,674,330,0,3
355,685,356,2,1
355,688,330,0,3
355,698,356,2,1
355,707,356,2,1
356,628,357,2,1
356,643,331,0,3
356,647,331,0,3
356,674,331,0,3
356,685,357,2,1
356,688,331,0,3
356,698,357,2,1
356,707,357,2,1
357,628,332,0,3
357,643,332,0,3
357,647,332,0,3
357,658,382,3,0
357,674,332,0,3
357,688,332,0,3
357,698,332,0,3
357,707,358,2,1
358,628,333,0,3
358,643,357,1,2
358,647,357,1,2
358,658,383,3,0
358,674,357,1,2
358,685,333,0,3
358,688,357,1,2
358,698,333,0,3
358,707,359,2,1
359,628,334,0,3
359,643,358,1,2
359,647,358,1,2
359,658,384,3,0
359,674,358,1,2
359,688,358,1,2
359,698,334,0,3
359,707,360,2,1
360,628,335,0,3
360,643,359,1,2
360,647,359,1,2
360,658,359,1,2
360,674,359,1,2
360,688,359,1,2
360,698,335,0,3
360,707,707,86,0
361,628,336,0,3
361,643,360,1,2
362,628,337,0,3
362,643,361,1,2
362,656,363,2,1
362,668,363,2,1
363,659,338,0,3
364,628,339,0,3
364,642,389,3,0
364,643,365,2,1
364,645,339,0,3
364,653,389,3,0
364,684,389,3,0
364,691,389,3,0
364,693,339,0,3
364,711,389,3,0
365,628,340,0,3
365,643,366,2,1
365,647,366,2,1
365,688,366,2,1
366,628,341,0,3
366,643,367,2,1
366,647,367,2,1
366,674,367,2,1
366,688,367,2,1
366,698,341,0,3
366,707,365,1,2
367,627,392,3,0
367,628,342,0,3
367,643,368,2,1
367,647,368,2,1
367,658,392,3,0
367,674,368,2,1
367,679,392,3,0
367,688,368,2,1
367,689,392,3,0
367,698,342,0,3
367,703,392,3,0
367,707,366,1,2
368,628,343,0,3
368,643,369,2,1
368,647,369,2,1
368,658,393,3,0
368,674,369,2,1
368,685,343,0,3
368,688,369,2,1
368,698,343,0,3
368,707,367,1,2
369,628,344,0,3
369,643,344,0,3
369,647,344,0,3
369,658,394,3,0
369,674,344,0,3
369,688,344,0,3
369,698,344,0,3
369,707,368,1,2
370,628,369,1,2
370,643,345,0,3
370,647,345,0,3
370,674,345,0,3
370,685,369,1,2
370,688,345,0,3
370,698,369,1,2
370,707,369,1,2
371,628,370,1,2
371,643,346,0,3
371,647,346,0,3
371,674,346,0,3
371,688,346,0,3
371,698,370,1,2
371,707,370,1,2
372,628,371,1,2
372,637,373,2,1
372,640,373,2,1
372,643,347,0,3
372,647,347,0,3
372,649,373,2,1
372,651,373,2,1
372,652,373,2,1
372,657,373,2,1
372,658,373,2,1
372,660,373,2,1
372,674,347,0,3
372,682,373,2,1
372,688,347,0,3
372,698,371,1,2
372,702,373,2,1
372,707,371,1,2
372,708,373,2,1
372,710,373,2,1
372,722,373,2,1
373,628,372,1,2
373,643,348,0,3
373,647,348,0,3
373,688,348,0,3
374,625,350,2,3
374,628,373,1,2
374,635,350,2,3
374,641,350,2,3
374,643,349,0,3
374,650,350,2,3
374,666,350,2,3
374,669,350,2,3
374,677,350,2,3
374,686,350,2,3
374,695,350,2,3
374,704,350,2,3
376,628,377,2,1
376,643,351,0,3
376,659,377,2,1
377,628,378,2,1
377,639,352,0,3
377,643,352,0,3
377,681,352,0,3
378,628,379,2,1
378,643,353,0,3
378,647,353,0,3
378,674,353,0,3
378,688,353,0,3
378,707,379,2,1
379,628,380,2,1
379,629,354,0,3
379,634,354,0,3
379,643,354,0,3
379,647,354,0,3
379,674,354,0,3
379,688,354,0,3
379,698,380,2,1
379,707,380,2,1
380,628,381,2,1
380,643,355,0,3
380,647,355,0,3
380,674,355,0,3
380,685,381,2,1
380,688,355,0,3
380,698,381,2,1
380,707,381,2,1
381,628,382,2,1
381,643,356,0,3
381,647,356,0,3
381,674,356,0,3
381,685,382,2,1
381,688,356,0,3
381,698,382,2,1
381,707,382,2,1
382,628,357,0,3
382,643,357,0,3
382,647,357,0,3
382,658,383,2,1
382,674,357,0,3
382,688,357,0,3
382,698,357,0,3
382,707,357,0,3
383,628,358,0,3
383,643,382,1,2
383,647,382,1,2
383,658,384,2,1
383,674,382,1,2
383,685,358,0,3
383,688,382,1,2
383,698,358,0,3
383,707,358,0,3
384,628,359,0,3
384,643,383,1,2
384,647,383,1,2
384,658,658,37,0
384,674,383,1,2
384,688,383,1,2
384,698,359,0,3
384,707,359,0,3
385,628,360,0,3
385,643,384,1,2
385,647,384,1,2
385,658,384,1,2
385,674,384,1,2
385,688,384,1,2
385,698,360,0,3
385,707,360,0,3
386,628,361,0,3
386,643,385,1,2
387,628,362,0,3
387,643,386,1,2
387,668,388,2,1
388,659,363,0,3
389,628,364,0,3
389,642,414,3,0
389,643,390,2,1
389,645,414,3,0
389,653,414,3,0
389,691,414,3,0
389,693,414,3,0
389,711,414,3,0
390,628,365,0,3
390,643,391,2,1
390,647,391,2,1
390,688,391,2,1
391,628,366,0,3
391,643,392,2,1
391,647,392,2,1
391,658,390,1,2
391,674,392,2,1
391,688,392,2,1
391,698,366,0,3
391,707,366,0,3
392,627,417,3,0
392,628,367,0,3
392,643,393,2,1
392,647,393,2,1
392,658,391,1,2
392,674,393,2,1
392,679,417,3,0
392,688,393,2,1
392,689,417,3,0
392,698,367,0,3
392,703,417,3,0
392,707,367,0,3
393,628,368,0,3
393,643,394,2,1
393,647,394,2,1
393,658,392,1,2
393,674,394,2,1
393,685,368,0,3
393,688,394,2,1
393,698,368,0,3
393,707,368,0,3
394,628,369,0,3
394,643,369,0,3
394,647,369,0,3
394,658,393,1,2
394,674,369,0,3
394,688,369,0,3
394,698,369,0,3
394,707,369,0,3
395,628,394,1,2
395,643,370,0,3
395,647,370,0,3
395,674,370,0,3
395,685,394,1,2
395,688,370,0,3
395,698,394,1,2
395,707,394,1,2
396,628,395,1,2
396,643,371,0,3
396,647,371,0,3
396,674,371,0,3
396,688,371,0,3
396,698,395,1,2
396,707,395,1,2
397,628,396,1,2
397,640,398,2,1
397,643,372,0,3
397,647,372,0,3
397,649,398,2,1
397,651,398,2,1
397,652,398,2,1
397,657,398,2,1
397,658,398,2,1
397,660,398,2,1
397,674,372,0,3
397,682,398,2,1
397,688,372,0,3
397,697,398,2,1
397,698,396,1,2
397,702,398,2,1
397,707,396,1,2
397,708,398,2,1
397,710,398,2,1
397,722,398,2,1
398,628,397,1,2
398,643,373,0,3
398,647,373,0,3
398,688,373,0,3
399,625,375,2,3
399,626,375,2,3
399,628,398,1,2
399,635,375,2,3
399,641,375,2,3
399,643,374,0,3
399,650,375,2,3
399,666,375,2,3
399,669,375,2,3
399,686,375,2,3
399,695,375,2,3
401,628,402,2,1
401,643,376,0,3
401,659,402,2,1
402,628,403,2,1
402,639,377,0,3
402,643,377,0,3
402,681,377,0,3
403,628,404,2,1
403,643,378,0,3
403,647,378,0,3
403,674,378,0,3
403,688,378,0,3
403,707,404,2,1
404,628,405,2,1
404,629,379,0,3
404,634,379,0,3
404,643,379,0,3
404,647,379,0,3
404,674,379,0,3
404,688,379,0,3
404,698,405,2,1
404,707,405,2,1
405,628,406,2,1
405,643,380,0,3
405,647,380,0,3
405,674,380,0,3
405,685,406,2,1
405,688,380,0,3
405,698,406,2,1
405,707,406,2,1
406,628,407,2,1
406,643,381,0,3
406,647,381,0,3
406,674,381,0,3
406,685,407,2,1
406,688,381,0,3
406,698,407,2,1
406,707,407,2,1
407,643,382,0,3
407,647,382,0,3
407,674,382,0,3
407,688,382,0,3
407,707,382,0,3
408,628,383,0,3
408,643,407,1,2
408,647,407,1,2
408,674,407,1,2
408,685,383,0,3
408,688,407,1,2
408,698,383,0,3
408,707,383,0,3
409,628,384,0,3
409,643,408,1,2
409,647,408,1,2
409,674,408,1,2
409,688,408,1,2
409,698,384,0,3
409,707,384,0,3
410,628,385,0,3
410,643,409,1,2
410,647,409,1,2
410,658,409,1,2
410,674,409,1,2
410,688,409,1,2
410,698,385,0,3
410,707,385,0,3
411,628,386,0,3
411,643,410,1,2
412,628,387,0,3
412,643,411,1,2
412,656,413,2,1
412,668,413,2,1
413,659,438,3,0
414,628,389,0,3
414,642,439,3,0
414,643,415,2,1
414,645,439,3,0
414,653,439,3,0
414,684,389,0,3
414,691,439,3,0
414,693,439,3,0
415,628,390,0,3
415,643,416,2,1
415,647,416,2,1
415,688,416,2,1
416,628,391,0,3
416,643,417,2,1
416,647,417,2,1
416,658,415,1,2
416,674,417,2,1
416,688,417,2,1
416,698,391,0,3
416,707,391,0,3
417,627,442,3,0
417,628,392,0,3
417,643,418,2,1
417,647,418,2,1
417,674,418,2,1
417,679,442,3,0
417,688,418,2,1
417,689,442,3,0
417,698,392,0,3
417,703,442,3,0
417,707,392,0,3
418,628,393,0,3
418,643,419,2,1
418,647,419,2,1
418,674,419,2,1
418,685,393,0,3
418,688,419,2,1
418,698,393,0,3
418,707,393,0,3
419,643,394,0,3
419,647,394,0,3
419,674,394,0,3
419,688,394,0,3
419,707,394,0,3
420,628,419,1,2
420,643,395,0,3
420,647,395,0,3
420,674,395,0,3
420,685,419,1,2
420,688,395,0,3
420,698,419,1,2
420,707,419,1,2
421,628,420,1,2
421,643,396,0,3
421,647,396,0,3
421,674,396,0,3
421,688,396,0,3
421,698,420,1,2
421,707,420,1,2
422,628,421,1,2
422,637,423,2,1
422,640,423,2,1
422,643,397,0,3
422,647,397,0,3
422,649,423,2,1
422,651,423,2,1
422,652,423,2,1
422,657,423,2,1
422,658,423,2,1
422,660,423,2,1
422,674,397,0,3
422,682,423,2,1
422,688,397,0,3
422,697,423,2,1
422,698,421,1,2
422,702,423,2,1
422,707,421,1,2
422,708,423,2,1
422,710,423,2,1
422,722,423,2,1
423,628,422,1,2
423,643,398,0,3
423,647,398,0,3
423,688,398,0,3
424,625,400,2,3
424,626,400,2,3
424,628,423,1,2
424,635,400,2,3
424,641,400,2,3
424,643,399,0,3
424,650,400,2,3
424,666,400,2,3
424,669,400,2,3
424,677,400,2,3
424,686,400,2,3
424,695,400,2,3
424,704,400,2,3
426,628,427,2,1
426,643,401,0,3
426,659,427,2,1
427,628,428,2,1
427,639,402,0,3
427,643,402,0,3
427,681,402,0,3
428,628,429,2,1
428,643,403,0,3
428,647,403,0,3
428,674,403,0,3
428,688,403,0,3
428,707,429,2,1
429,628,430,2,1
429,629,404,0,3
429,634,404,0,3
429,643,404,0,3
429,647,404,0,3
429,674,404,0,3
429,688,404,0,3
429,698,430,2,1
429,707,430,2,1
430,628,431,2,1
430,643,405,0,3
430,647,405,0,3
430,674,405,0,3
430,685,431,2,1
430,688,405,0,3
430,698,431,2,1
430,707,431,2,1
431,628,432,2,1
431,643,406,0,3
431,647,406,0,3
431,674,406,0,3
431,685,432,2,1
431,688,406,0,3
431,698,432,2,1
431,707,432,2,1
432,628,457,3,0
432,643,407,0,3
432,647,407,0,3
432,674,407,0,3
432,707,407,0,3
433,628,458,3,0
433,643,432,1,2
433,647,432,1,2
433,674,432,1,2
433,685,408,0,3
433,688,432,1,2
433,698,408,0,3
433,707,408,0,3
434,628,459,3,0
434,643,433,1,2
434,647,433,1,2
434,674,433,1,2
434,688,433,1,2
434,698,409,0,3
434,707,409,0,3
435,628,460,3,0
435,643,434,1,2
435,647,434,1,2
435,658,434,1,2
435,674,434,1,2
435,688,434,1,2
435,698,410,0,3
435,707,410,0,3
436,628,461,3,0
436,643,435,1,2
437,628,462,3,0
437,643,436,1,2
437,656,438,2,1
437,668,438,2,1
438,659,463,3,0
439,628,464,3,0
439,643,440,2,1
439,645,464,3,0
439,653,464,3,0
439,684,414,0,3
439,691,464,3,0
439,693,464,3,0
439,711,414,0,3
440,628,465,3,0
440,643,441,2,1
440,647,441,2,1
440,688,441,2,1
441,628,466,3,0
441,643,442,2,1
441,647,442,2,1
441,658,440,1,2
441,674,442,2,1
441,688,442,2,1
441,698,416,0,3
441,707,416,0,3
442,628,467,3,0
442,643,443,2,1
442,647,443,2,1
442,674,443,2,1
442,679,467,3,0
442,688,443,2,1
442,689,467,3,0
442,698,417,0,3
442,703,467,3,0
442,707,417,0,3
443,628,468,3,0
443,643,444,2,1
443,647,444,2,1
443,674,444,2,1
443,685,418,0,3
443,688,444,2,1
443,698,418,0,3
443,707,418,0,3
444,628,469,3,0
444,643,419,0,3
444,647,419,0,3
444,674,419,0,3
444,707,419,0,3
445,628,444,1,2
445,643,420,0,3
445,647,420,0,3
445,674,420,0,3
445,685,444,1,2
445,688,420,0,3
445,698,444,1,2
445,707,444,1,2
446,628,445,1,2
446,643,421,0,3
446,647,421,0,3
446,674,421,0,3
446,688,421,0,3
446,698,445,1,2
446,707,445,1,2
447,628,446,1,2
447,637,448,2,1
447,640,448,2,1
447,643,422,0,3
447,647,422,0,3
447,649,448,2,1
447,651,448,2,1
447,652,448,2,1
447,657,448,2,1
447,658,448,2,1
447,660,448,2,1
447,674,422,0,3
447,682,448,2,1
447,688,422,0,3
447,697,448,2,1
447,698,446,1,2
447,702,448,2,1
447,707,446,1,2
447,708,448,2,1
447,710,448,2,1
447,722,448,2,1
448,628,447,1,2
448,643,423,0,3
448,647,423,0,3
448,688,423,0,3
449,625,425,2,3
449,626,425,2,3
449,628,448,1,2
449,635,425,2,3
449,641,425,2,3
449,643,424,0,3
449,650,425,2,3
449,666,425,2,3
449,669,425,2,3
449,677,425,2,3
449,686,425,2,3
449,695,425,2,3
449,704,425,2,3
451,628,452,2,1
451,643,426,0,3
451,659,452,2,1
452,628,453,2,1
452,639,427,0,3
452,643,427,0,3
452,681,427,0,3
453,628,454,2,1
453,643,428,0,3
453,647,428,0,3
453,674,428,0,3
453,688,428,0,3
453,707,454,2,1
454,628,455,2,1
454,629,429,0,3
454,634,429,0,3
454,643,429,0,3
454,647,429,0,3
454,674,429,0,3
454,688,429,0,3
454,698,455,2,1
454,707,455,2,1
455,628,456,2,1
455,643,430,0,3
455,647,430,0,3
455,674,430,0,3
455,685,456,2,1
455,688,430,0,3
455,698,456,2,1
455,707,456,2,1
456,628,457,2,1
456,643,431,0,3
456,647,431,0,3
456,674,431,0,3
456,685,457,2,1
456,688,431,0,3
456,698,457,2,1
456,707,457,2,1
457,628,482,3,0
457,643,432,0,3
457,647,432,0,3
457,674,432,0,3
457,707,432,0,3
458,628,483,3,0
458,643,457,1,2
458,647,457,1,2
458,674,457,1,2
458,685,433,0,3
458,688,457,1,2
458,698,433,0,3
458,707,433,0,3
459,628,484,3,0
459,643,458,1,2
459,647,458,1,2
459,674,458,1,2
459,688,458,1,2
459,698,434,0,3
459,707,434,0,3
460,628,485,3,0
460,643,459,1,2
460,647,459,1,2
460,658,459,1,2
460,674,459,1,2
460,688,459,1,2
460,698,435,0,3
460,707,435,0,3
461,628,486,3,0
461,643,460,1,2
462,628,487,3,0
462,643,461,1,2
462,656,463,2,1
463,659,488,3,0
464,628,489,3,0
464,642,439,0,3
464,643,465,2,1
464,645,489,3,0
464,653,489,3,0
464,684,439,0,3
464,691,489,3,0
464,693,489,3,0
464,711,439,0,3
465,628,490,3,0
465,643,466,2,1
465,647,466,2,1
465,688,466,2,1
466,628,491,3,0
466,643,467,2,1
466,647,467,2,1
466,658,465,1,2
466,674,467,2,1
466,688,467,2,1
466,698,441,0,3
466,707,441,0,3
467,627,442,0,3
467,628,492,3,0
467,643,468,2,1
467,647,468,2,1
467,674,468,2,1
467,688,468,2,1
467,689,492,3,0
467,698,442,0,3
467,703,492,3,0
467,707,442,0,3
468,628,493,3,0
468,643,469,2,1
468,647,469,2,1
468,674,469,2,1
468,685,443,0,3
468,688,469,2,1
468,698,443,0,3
468,707,443,0,3
469,628,494,3,0
469,643,444,0,3
469,647,444,0,3
469,674,444,0,3
469,707,444,0,3
470,628,469,1,2
470,643,445,0,3
470,647,445,0,3
470,674,445,0,3
470,685,469,1,2
470,688,445,0,3
470,698,469,1,2
470,707,469,1,2
471,628,470,1,2
471,643,446,0,3
471,647,446,0,3
471,674,446,0,3
471,688,446,0,3
471,698,470,1,2
471,707,470,1,2
472,628,471,1,2
472,637,473,2,1
472,640,473,2,1
472,643,447,0,3
472,647,447,0,3
472,649,473,2,1
472,651,473,2,1
472,652,473,2,1
472,657,473,2,1
472,658,473,2,1
472,660,473,2,1
472,674,447,0,3
472,682,473,2,1
472,688,447,0,3
472,697,473,2,1
472,698,471,1,2
472,702,473,2,1
472,707,471,1,2
472,708,473,2,1
472,710,473,2,1
472,722,473,2,1
473,628,472,1,2
473,643,448,0,3
473,647,448,0,3
473,688,448,0,3
474,625,450,2,3
474,626,450,2,3
474,628,473,1,2
474,635,450,2,3
474,641,450,2,3
474,643,449,0,3
474,650,450,2,3
474,666,450,2,3
474,669,450,2,3
474,677,450,2,3
474,686,450,2,3
474,695,450,2,3
474,704,450,2,3
476,628,477,2,1
476,643,451,0,3
476,659,477,2,1
477,628,478,2,1
477,639,502,3,0
477,643,452,0,3
477,681,452,0,3
478,628,479,2,1
478,643,453,0,3
478,647,453,0,3
478,674,453,0,3
478,688,503,3,0
478,707,479,2,1
479,628,480,2,1
479,629,504,3,0
479,634,454,0,3
479,643,454,0,3
479,647,454,0,3
479,674,454,0,3
479,688,504,3,0
479,698,480,2,1
479,707,480,2,1
480,628,481,2,1
480,643,455,0,3
480,647,455,0,3
480,674,455,0,3
480,685,481,2,1
480,688,505,3,0
480,698,481,2,1
480,707,481,2,1
481,628,482,2,1
481,643,456,0,3
481,647,456,0,3
481,674,456,0,3
481,685,482,2,1
481,688,506,3,0
481,698,482,2,1
481,707,482,2,1
482,628,507,3,0
482,643,457,0,3
482,647,457,0,3
482,674,457,0,3
482,688,507,3,0
482,698,507,3,0
482,707,457,0,3
483,628,508,3,0
483,643,482,1,2
483,647,482,1,2
483,674,482,1,2
483,685,458,0,3
483,688,482,1,2
483,698,508,3,0
483,707,458,0,3
484,628,509,3,0
484,643,483,1,2
484,647,483,1,2
484,674,483,1,2
484,688,483,1,2
484,698,509,3,0
484,707,459,0,3
485,628,510,3,0
485,643,484,1,2
485,647,484,1,2
485,658,484,1,2
485,674,484,1,2
485,688,484,1,2
485,698,510,3,0
485,707,460,0,3
486,628,511,3,0
486,643,485,1,2
487,628,512,3,0
487,643,486,1,2
487,656,488,2,1
487,668,488,2,1
488,659,513,3,0
489,628,514,3,0
489,642,464,0,3
489,643,490,2,1
489,645,514,3,0
489,653,514,3,0
489,684,464,0,3
489,691,514,3,0
489,693,514,3,0
489,711,464,0,3
490,628,515,3,0
490,643,491,2,1
490,647,491,2,1
490,688,491,2,1
491,628,516,3,0
491,643,492,2,1
491,647,492,2,1
491,658,490,1,2
491,674,492,2,1
491,688,492,2,1
491,698,516,3,0
491,707,466,0,3
492,627,467,0,3
492,628,517,3,0
492,643,493,2,1
492,647,493,2,1
492,674,493,2,1
492,679,467,0,3
492,688,493,2,1
492,689,517,3,0
492,698,517,3,0
492,703,517,3,0
492,707,467,0,3
493,628,518,3,0
493,643,494,2,1
493,647,494,2,1
493,674,494,2,1
493,685,468,0,3
493,688,494,2,1
493,698,518,3,0
493,707,468,0,3
494,628,519,3,0
494,643,469,0,3
494,647,469,0,3
494,674,469,0,3
494,688,519,3,0
494,698,519,3,0
494,707,469,0,3
495,628,494,1,2
495,643,470,0,3
495,647,470,0,3
495,674,470,0,3
495,685,494,1,2
495,688,520,3,0
495,698,494,1,2
495,707,494,1,2
496,628,495,1,2
496,643,471,0,3
496,647,471,0,3
496,674,471,0,3
496,688,521,3,0
496,698,495,1,2
496,707,495,1,2
497,628,496,1,2
497,637,498,2,1
497,640,498,2,1
497,643,472,0,3
497,647,472,0,3
497,649,498,2,1
497,651,498,2,1
497,652,498,2,1
497,657,498,2,1
497,658,498,2,1
497,660,498,2,1
497,674,472,0,3
497,682,498,2,1
497,688,522,3,0
497,697,498,2,1
497,698,496,1,2
497,702,498,2,1
497,707,496,1,2
497,708,498,2,1
497,710,498,2,1
497,722,498,2,1
498,628,497,1,2
498,643,473,0,3
498,647,473,0,3
498,688,523,3,0
499,625,475,2,3
499,626,475,2,3
499,628,498,1,2
499,635,475,2,3
499,641,475,2,3
499,643,474,0,3
499,650,475,2,3
499,666,475,2,3
499,669,475,2,3
499,677,475,2,3
499,686,475,2,3
499,695,475,2,3
499,704,475,2,3
501,628,502,2,1
501,643,476,0,3
501,659,502,2,1
502,628,503,2,1
502,639,527,3,0
502,643,477,0,3
502,681,477,0,3
503,628,504,2,1
503,643,478,0,3
503,647,478,0,3
503,674,528,3,0
503,688,528,3,0
503,707,504,2,1
504,628,505,2,1
504,629,529,3,0
504,634,479,0,3
504,643,479,0,3
504,647,479,0,3
504,674,529,3,0
504,688,529,3,0
504,698,505,2,1
504,707,505,2,1
505,628,506,2,1
505,643,480,0,3
505,647,480,0,3
505,674,530,3,0
505,685,506,2,1
505,688,530,3,0
505,698,506,2,1
505,707,506,2,1
506,628,507,2,1
506,643,481,0,3
506,647,481,0,3
506,674,531,3,0
506,685,507,2,1
506,688,531,3,0
506,698,507,2,1
506,707,507,2,1
507,628,532,3,0
507,643,482,0,3
507,647,482,0,3
507,688,532,3,0
507,698,532,3,0
507,707,482,0,3
508,628,533,3,0
508,643,507,1,2
508,647,507,1,2
508,674,507,1,2
508,685,483,0,3
508,688,507,1,2
508,698,533,3,0
508,707,483,0,3
509,628,534,3,0
509,643,508,1,2
509,647,508,1,2
509,674,508,1,2
509,688,508,1,2
509,698,534,3,0
509,707,484,0,3
510,628,535,3,0
510,643,509,1,2
510,647,509,1,2
510,658,509,1,2
510,674,509,1,2
510,688,509,1,2
510,698,535,3,0
510,707,485,0,3
511,628,536,3,0
511,643,510,1,2
512,628,537,3,0
512,643,511,1,2
512,656,513,2,1
512,668,513,2,1
513,659,538,3,0
514,628,539,3,0
514,642,489,0,3
514,643,515,2,1
514,645,539,3,0
514,684,489,0,3
514,691,539,3,0
514,693,539,3,0
514,711,489,0,3
515,628,540,3,0
515,643,516,2,1
515,647,516,2,1
515,688,516,2,1
516,628,541,3,0
516,643,517,2,1
516,647,517,2,1
516,658,515,1,2
516,674,517,2,1
516,688,517,2,1
516,698,541,3,0
516,707,491,0,3
517,627,492,0,3
517,628,542,3,0
517,643,518,2,1
517,647,518,2,1
517,674,518,2,1
517,679,492,0,3
517,688,518,2,1
517,689,542,3,0
517,698,542,3,0
517,703,542,3,0
517,707,492,0,3
518,628,543,3,0
518,643,519,2,1
518,647,519,2,1
518,674,519,2,1
518,685,493,0,3
518,688,519,2,1
518,698,543,3,0
518,707,493,0,3
519,628,544,3,0
519,643,494,0,3
519,647,494,0,3
519,688,544,3,0
519,698,544,3,0
519,707,494,0,3
520,628,519,1,2
520,643,495,0,3
520,647,495,0,3
520,674,545,3,0
520,685,519,1,2
520,688,545,3,0
520,698,519,1,2
520,707,519,1,2
521,628,520,1,2
521,643,496,0,3
521,647,496,0,3
521,674,546,3,0
521,688,546,3,0
521,698,520,1,2
521,707,520,1,2
522,628,521,1,2
522,637,523,2,1
522,640,523,2,1
522,643,497,0,3
522,647,497,0,3
522,649,523,2,1
522,651,523,2,1
522,652,523,2,1
522,657,523,2,1
522,658,523,2,1
522,660,523,2,1
522,674,547,3,0
522,682,523,2,1
522,688,547,3,0
522,697,523,2,1
522,698,521,1,2
522,702,523,2,1
522,707,521,1,2
522,708,523,2,1
522,710,523,2,1
522,722,523,2,1
523,628,522,1,2
523,643,498,0,3
523,647,498,0,3
523,688,548,3,0
524,625,500,2,3
524,626,500,2,3
524,628,523,1,2
524,635,500,2,3
524,641,500,2,3
524,643,499,0,3
524,650,500,2,3
524,666,500,2,3
524,669,500,2,3
524,677,500,2,3
524,686,500,2,3
524,695,500,2,3
524,704,500,2,3
526,628,527,2,1
526,643,551,3,0
526,659,527,2,1
527,628,528,2,1
527,639,552,3,0
527,643,552,3,0
527,681,502,0,3
528,628,529,2,1
528,643,553,3,0
528,647,503,0,3
528,674,553,3,0
528,688,553,3,0
528,707,529,2,1
529,628,530,2,1
529,629,554,3,0
529,634,504,0,3
529,643,554,3,0
529,647,504,0,3
529,674,554,3,0
529,688,554,3,0
529,698,530,2,1
529,707,530,2,1
530,628,531,2,1
530,643,555,3,0
530,647,505,0,3
530,674,555,3,0
530,685,531,2,1
530,688,555,3,0
530,698,531,2,1
530,707,531,2,1
531,628,532,2,1
531,643,556,3,0
531,647,506,0,3
531,674,556,3,0
531,685,532,2,1
531,688,556,3,0
531,698,532,2,1
531,707,532,2,1
532,628,557,3,0
532,643,557,3,0
532,647,507,0,3
532,688,557,3,0
532,698,557,3,0
532,707,507,0,3
533,628,558,3,0
533,643,532,1,2
533,647,532,1,2
533,674,532,1,2
533,685,508,0,3
533,688,532,1,2
533,698,558,3,0
533,707,508,0,3
534,628,559,3,0
534,643,533,1,2
534,647,533,1,2
534,674,533,1,2
534,688,533,1,2
534,698,559,3,0
534,707,509,0,3
535,628,560,3,0
535,643,534,1,2
535,647,534,1,2
535,658,534,1,2
535,674,534,1,2
535,688,534,1,2
535,698,560,3,0
535,707,510,0,3
536,628,561,3,0
536,643,535,1,2
537,628,562,3,0
537,643,536,1,2
537,656,538,2,1
537,668,538,2,1
538,659,563,3,0
539,628,564,3,0
539,642,514,0,3
539,643,540,2,1
539,645,564,3,0
539,653,514,0,3
539,684,514,0,3
539,691,564,3,0
539,693,564,3,0
539,711,514,0,3
540,628,565,3,0
540,643,541,2,1
540,647,541,2,1
540,688,541,2,1
541,628,566,3,0
541,643,542,2,1
541,647,542,2,1
541,658,540,1,2
541,674,542,2,1
541,688,542,2,1
541,698,566,3,0
541,707,516,0,3
542,627,517,0,3
542,628,567,3,0
542,643,543,2,1
542,647,543,2,1
542,674,543,2,1
542,679,517,0,3
542,688,543,2,1
542,689,567,3,0
542,698,567,3,0
542,703,567,3,0
542,707,517,0,3
543,628,568,3,0
543,643,544,2,1
543,647,544,2,1
543,674,544,2,1
543,685,518,0,3
543,688,544,2,1
543,698,568,3,0
543,707,518,0,3
544,628,569,3,0
544,643,569,3,0
544,647,519,0,3
544,688,569,3,0
544,698,569,3,0
544,707,519,0,3
545,628,544,1,2
545,643,570,3,0
545,647,520,0,3
545,674,570,3,0
545,685,544,1,2
545,688,570,3,0
545,698,544,1,2
545,707,544,1,2
546,628,545,1,2
546,643,571,3,0
546,647,521,0,3
546,674,571,3,0
546,688,571,3,0
546,698,545,1,2
546,707,545,1,2
547,628,546,1,2
547,637,548,2,1
547,640,548,2,1
547,643,572,3,0
547,647,522,0,3
547,649,548,2,1
547,651,548,2,1
547,652,548,2,1
547,657,548,2,1
547,658,548,2,1
547,660,548,2,1
547,674,572,3,0
547,682,548,2,1
547,688,572,3,0
547,697,548,2,1
547,698,546,1,2
547,702,548,2,1
547,707,546,1,2
547,708,548,2,1
547,710,548,2,1
547,722,548,2,1
548,628,547,1,2
548,643,573,3,0
548,647,523,0,3
548,688,573,3,0
549,625,525,2,3
549,626,525,2,3
549,628,548,1,2
549,635,525,2,3
549,641,525,2,3
549,643,574,3,0
549,650,525,2,3
549,666,525,2,3
549,669,525,2,3
549,677,525,2,3
549,695,525,2,3
549,704,525,2,3
551,628,552,2,1
551,643,576,3,0
551,659,552,2,1
552,628,553,2,1
552,639,577,3,0
552,643,577,3,0
552,681,527,0,3
553,628,554,2,1
553,643,578,3,0
553,647,528,0,3
553,674,578,3,0
553,688,578,3,0
553,707,554,2,1
554,628,555,2,1
554,629,579,3,0
554,634,529,0,3
554,643,579,3,0
554,647,529,0,3
554,674,579,3,0
554,688,579,3,0
554,698,555,2,1
554,707,555,2,1
555,628,556,2,1
555,643,580,3,0
555,647,530,0,3
555,674,580,3,0
555,685,556,2,1
555,688,580,3,0
555,698,556,2,1
555,707,556,2,1
556,628,557,2,1
556,643,581,3,0
556,647,531,0,3
556,674,581,3,0
556,685,557,2,1
556,688,581,3,0
556,698,557,2,1
556,707,557,2,1
557,628,582,3,0
557,643,582,3,0
557,685,582,3,0
557,688,582,3,0
557,698,582,3,0
557,707,532,0,3
558,628,583,3,0
558,643,557,1,2
558,647,557,1,2
558,674,557,1,2
558,685,583,3,0
558,688,557,1,2
558,698,583,3,0
558,707,533,0,3
559,628,584,3,0
559,643,558,1,2
559,647,558,1,2
559,674,558,1,2
559,688,558,1,2
559,698,584,3,0
559,707,534,0,3
560,628,585,3,0
560,643,559,1,2
560,647,559,1,2
560,658,559,1,2
560,674,559,1,2
560,688,559,1,2
560,698,585,3,0
560,707,535,0,3
561,628,586,3,0
561,643,560,1,2
562,628,587,3,0
562,643,561,1,2
562,656,563,2,1
562,668,563,2,1
563,659,588,3,0
564,628,589,3,0
564,642,539,0,3
564,643,565,2,1
564,645,589,3,0
564,653,539,0,3
564,684,539,0,3
564,693,589,3,0
564,711,539,0,3
565,628,590,3,0
565,643,566,2,1
565,647,566,2,1
565,688,566,2,1
566,628,591,3,0
566,643,567,2,1
566,647,567,2,1
566,658,565,1,2
566,674,567,2,1
566,688,567,2,1
566,698,591,3,0
566,707,541,0,3
567,627,542,0,3
567,628,592,3,0
567,643,568,2,1
567,647,568,2,1
567,674,568,2,1
567,679,542,0,3
567,688,568,2,1
567,689,592,3,0
567,698,592,3,0
567,703,592,3,0
567,707,542,0,3
568,628,593,3,0
568,643,569,2,1
568,647,569,2,1
568,674,569,2,1
568,685,593,3,0
568,688,569,2,1
568,698,593,3,0
568,707,543,0,3
569,628,594,3,0
569,643,594,3,0
569,685,594,3,0
569,688,594,3,0
569,698,594,3,0
569,707,544,0,3
570,628,569,1,2
570,643,595,3,0
570,647,545,0,3
570,674,595,3,0
570,685,569,1,2
570,688,595,3,0
570,698,569,1,2
570,707,569,1,2
571,628,570,1,2
571,643,596,3,0
571,647,546,0,3
571,674,596,3,0
571,688,596,3,0
571,698,570,1,2
571,707,570,1,2
572,628,571,1,2
572,637,573,2,1
572,640,573,2,1
572,643,597,3,0
572,647,547,0,3
572,649,573,2,1
572,651,573,2,1
572,652,573,2,1
572,657,573,2,1
572,658,573,2,1
572,660,573,2,1
572,674,597,3,0
572,682,573,2,1
572,688,597,3,0
572,697,573,2,1
572,698,571,1,2
572,702,573,2,1
572,707,571,1,2
572,708,573,2,1
572,710,573,2,1
572,722,573,2,1
573,628,572,1,2
573,643,598,3,0
573,647,548,0,3
573,688,598,3,0
574,625,550,2,3
574,626,550,2,3
574,628,573,1,2
574,635,550,2,3
574,641,550,2,3
574,643,599,3,0
574,650,550,2,3
574,666,550,2,3
574,669,550,2,3
574,677,550,2,3
574,686,550,2,3
574,695,550,2,3
574,704,550,2,3
576,628,577,2,1
576,643,601,3,0
576,659,577,2,1
577,628,578,2,1
577,639,602,3,0
577,643,602,3,0
577,681,552,0,3
578,628,579,2,1
578,643,603,3,0
578,647,553,0,3
578,674,603,3,0
578,688,603,3,0
578,707,579,2,1
579,628,580,2,1
579,629,604,3,0
579,634,554,0,3
579,643,604,3,0
579,647,554,0,3
579,674,604,3,0
579,688,604,3,0
579,698,580,2,1
579,707,580,2,1
580,628,581,2,1
580,643,605,3,0
580,647,555,0,3
580,674,605,3,0
580,685,581,2,1
580,688,605,3,0
580,698,581,2,1
580,707,581,2,1
581,628,582,2,1
581,643,606,3,0
581,647,556,0,3
581,674,606,3,0
581,685,582,2,1
581,688,606,3,0
581,698,582,2,1
581,707,582,2,1
582,628,607,3,0
582,643,607,3,0
582,674,607,3,0
582,685,607,3,0
582,688,607,3,0
582,698,607,3,0
582,707,557,0,3
583,628,608,3,0
583,643,582,1,2
583,647,582,1,2
583,674,582,1,2
583,685,608,3,0
583,688,582,1,2
583,698,608,3,0
583,707,558,0,3
584,628,609,3,0
584,643,583,1,2
584,647,583,1,2
584,674,583,1,2
584,688,583,1,2
584,698,609,3,0
584,707,559,0,3
585,628,610,3,0
585,643,584,1,2
585,647,584,1,2
585,658,584,1,2
585,674,584,1,2
585,688,584,1,2
585,698,610,3,0
585,707,560,0,3
586,628,611,3,0
586,643,585,1,2
587,628,612,3,0
587,643,586,1,2
587,656,588,2,1
587,668,588,2,1
588,659,613,3,0
589,628,614,3,0
589,642,564,0,3
589,643,590,2,1
589,645,614,3,0
589,653,564,0,3
589,684,564,0,3
589,691,564,0,3
589,693,614,3,0
589,711,564,0,3
590,628,615,3,0
590,643,591,2,1
590,647,591,2,1
590,688,591,2,1
591,628,616,3,0
591,643,592,2,1
591,647,592,2,1
591,658,590,1,2
591,674,592,2,1
591,688,592,2,1
591,698,616,3,0
591,707,566,0,3
592,627,567,0,3
592,628,617,3,0
592,643,593,2,1
592,647,593,2,1
592,674,593,2,1
592,679,567,0,3
592,688,593,2,1
592,689,617,3,0
592,698,617,3,0
592,703,617,3,0
592,707,567,0,3
593,628,618,3,0
593,643,594,2,1
593,647,594,2,1
593,674,594,2,1
593,685,618,3,0
593,688,594,2,1
593,698,618,3,0
593,707,568,0,3
594,628,619,3,0
594,643,619,3,0
594,674,619,3,0
594,685,619,3,0
594,688,619,3,0
594,698,619,3,0
594,707,569,0,3
595,628,594,1,2
595,643,620,3,0
595,647,570,0,3
595,674,620,3,0
595,685,594,1,2
595,688,620,3,0
595,698,594,1,2
595,707,594,1,2
596,628,595,1,2
596,643,621,3,0
596,647,571,0,3
596,674,621,3,0
596,688,621,3,0
596,698,595,1,2
596,707,595,1,2
597,628,596,1,2
597,637,598,2,1
597,640,598,2,1
597,643,622,3,0
597,647,572,0,3
597,649,598,2,1
597,651,598,2,1
597,652,598,2,1
597,657,598,2,1
597,658,598,2,1
597,660,598,2,1
597,674,622,3,0
597,682,598,2,1
597,688,622,3,0
597,697,598,2,1
597,698,596,1,2
597,702,598,2,1
597,707,596,1,2
597,708,598,2,1
597,722,598,2,1
598,628,597,1,2
598,643,623,3,0
598,647,573,0,3
598,688,623,3,0
599,625,575,2,3
599,626,575,2,3
599,628,598,1,2
599,635,575,2,3
599,641,575,2,3
599,643,624,3,0
599,650,575,2,3
599,666,575,2,3
599,669,575,2,3
599,677,575,2,3
599,686,575,2,3
599,695,575,2,3
599,704,575,2,3
601,628,602,2,1
601,643,1,3,3
601,659,602,2,1
602,628,603,2,1
602,639,2,3,3
602,643,2,3,3
602,681,2,3,3
603,628,604,2,1
603,643,3,3,3
603,647,578,0,3
603,674,3,3,3
603,688,3,3,3
603,707,604,2,1
604,628,605,2,1
604,629,4,3,3
604,634,579,0,3
604,643,4,3,3
604,647,579,0,3
604,674,4,3,3
604,688,4,3,3
604,698,605,2,1
604,707,605,2,1
605,628,606,2,1
605,643,5,3,3
605,647,580,0,3
605,674,5,3,3
605,685,606,2,1
605,688,5,3,3
605,698,606,2,1
605,707,606,2,1
606,628,607,2,1
606,643,6,3,3
606,647,581,0,3
606,674,6,3,3
606,685,607,2,1
606,688,6,3,3
606,698,607,2,1
606,707,607,2,1
607,628,7,3,3
607,643,7,3,3
607,674,7,3,3
607,685,7,3,3
607,688,7,3,3
607,698,7,3,3
608,628,8,3,3
608,643,607,1,2
608,647,607,1,2
608,674,607,1,2
608,685,8,3,3
608,688,607,1,2
608,698,8,3,3
608,707,583,0,3
609,628,9,3,3
609,643,608,1,2
609,647,608,1,2
609,674,608,1,2
609,688,608,1,2
609,698,9,3,3
609,707,584,0,3
610,628,10,3,3
610,643,609,1,2
610,647,609,1,2
610,658,609,1,2
610,674,609,1,2
610,688,609,1,2
610,698,10,3,3
610,707,585,0,3
611,628,11,3,3
611,643,610,1,2
612,628,12,3,3
612,643,611,1,2
612,656,613,2,1
612,668,613,2,1
613,659,13,3,3
614,628,14,3,3
614,642,589,0,3
614,643,615,2,1
614,645,14,3,3
614,653,589,0,3
614,684,589,0,3
614,691,589,0,3
614,693,14,3,3
614,711,589,0,3
615,628,15,3,3
615,643,616,2,1
615,647,616,2,1
615,688,616,2,1
616,628,16,3,3
616,643,617,2,1
616,647,617,2,1
616,658,615,1,2
616,674,617,2,1
616,688,617,2,1
616,698,16,3,3
616,707,591,0,3
617,627,592,0,3
617,628,17,3,3
617,643,618,2,1
617,647,618,2,1
617,674,618,2,1
617,679,592,0,3
617,688,618,2,1
617,698,17,3,3
617,707,592,0,3
618,628,18,3,3
618,643,619,2,1
618,647,619,2,1
618,674,619,2,1
618,685,18,3,3
618,688,619,2,1
618,698,18,3,3
618,707,593,0,3
619,628,19,3,3
619,643,19,3,3
619,674,19,3,3
619,685,19,3,3
619,688,19,3,3
619,698,19,3,3
620,628,619,1,2
620,643,20,3,3
620,647,595,0,3
620,674,20,3,3
620,685,619,1,2
620,688,20,3,3
620,698,619,1,2
620,707,619,1,2
621,628,620,1,2
621,643,21,3,3
621,647,596,0,3
621,674,21,3,3
621,688,21,3,3
621,698,620,1,2
621,707,620,1,2
622,628,621,1,2
622,637,623,2,1
622,640,623,2,1
622,643,22,3,3
622,647,597,0,3
622,649,623,2,1
622,651,623,2,1
622,652,623,2,1
622,657,623,2,1
622,658,623,2,1
622,660,623,2,1
622,674,22,3,3
622,682,623,2,1
622,688,22,3,3
622,697,623,2,1
622,698,621,1,2
622,702,623,2,1
622,707,621,1,2
622,708,623,2,1
622,710,623,2,1
622,722,623,2,1
623,628,622,1,2
623,643,23,3,3
623,647,598,0,3
623,688,23,3,3
624,625,600,2,3
624,626,600,2,3
624,628,623,1,2
624,635,600,2,3
624,641,600,2,3
624,643,24,3,3
624,650,600,2,3
624,666,600,2,3
624,669,600,2,3
624,677,600,2,3
624,686,600,2,3
624,695,600,2,3
624,704,600,2,3
628,625,112,0,7
628,626,112,0,7
628,627,112,0,7
628,629,112,0,7
628,630,112,0,7
628,631,112,0,7
628,632,112,0,7
628,633,112,0,7
628,634,112,0,7
628,635,112,0,7
628,636,112,0,7
628,637,112,0,7
628,638,112,0,7
628,639,112,0,7
628,640,112,0,7
628,641,112,0,7
628,642,112,0,7
628,643,112,0,7
628,644,112,0,7
628,645,112,0,7
628,646,112,0,7
628,647,112,0,7
628,648,112,0,7
628,649,112,0,7
628,650,112,0,7
628,651,112,0,7
628,652,112,0,7
628,653,112,0,7
628,654,112,0,7
628,655,112,0,7
628,656,112,0,7
628,657,112,0,7
628,658,112,0,7
628,659,112,0,7
628,660,112,0,7
628,661,112,0,7
628,662,112,0,7
628,663,112,0,7
628,664,112,0,7
628,665,112,0,7
628,666,112,0,7
628,667,112,0,7
628,668,112,0,7
628,669,112,0,7
628,670,112,0,7
628,671,112,0,7
628,672,112,0,7
628,673,112,0,7
628,674,112,0,7
628,675,112,0,7
628,676,112,0,7
628,677,112,0,7
628,678,112,0,7
628,679,112,0,7
628,680,112,0,7
628,681,112,0,7
628,682,112,0,7
628,683,112,0,7
628,684,112,0,7
628,685,112,0,7
628,686,112,0,7
628,687,112,0,7
628,688,112,0,7
628,689,112,0,7
628,690,112,0,7
628,691,112,0,7
628,692,112,0,7
628,693,112,0,7
628,694,112,0,7
628,695,112,0,7
628,696,112,0,7
628,697,112,0,7
628,698,112,0,7
628,699,112,0,7
628,700,112,0,7
628,701,112,0,7
628,702,112,0,7
628,703,112,0,7
628,704,112,0,7
628,705,112,0,7
628,706,112,0,7
628,707,112,0,7
628,708,112,0,7
628,709,112,0,7
628,710,112,0,7
628,711,112,0,7
628,712,112,0,7
628,713,112,0,7
628,714,112,0,7
628,715,112,0,7
628,716,112,0,7
628,717,112,0,7
628,718,112,0,7
628,719,112,0,7
628,720,112,0,7
628,721,112,0,7
628,722,112,0,7
628,723,112,0,7
628,724,112,0,7
643,625,201,0,22
643,626,201,0,22
643,627,201,0,22
643,628,201,0,22
643,629,201,0,22
643,630,201,0,22
643,631,201,0,22
643,632,201,0,22
643,633,201,0,22
643,634,201,0,22
643,635,201,0,22
643,636,201,0,22
643,637,201,0,22
643,638,201,0,22
643,639,201,0,22
643,640,201,0,22
643,641,201,0,22
643,642,201,0,22
643,644,201,0,22
643,645,201,0,22
643,646,201,0,22
643,647,201,0,22
643,648,201,0,22
643,649,201,0,22
643,650,201,0,22
643,651,201,0,22
643,652,201,0,22
643,653,201,0,22
643,654,201,0,22
643,655,201,0,22
643,656,201,0,22
643,657,201,0,22
643,658,201,0,22
643,659,201,0,22
643,660,201,0,22
643,661,201,0,22
643,662,201,0,22
643,663,201,0,22
643,664,201,0,22
643,665,201,0,22
643,666,201,0,22
643,667,201,0,22
643,668,201,0,22
643,669,201,0,22
643,670,201,0,22
643,671,201,0,22
643,672,201,0,22
643,673,201,0,22
643,674,201,0,22
643,675,201,0,22
643,676,201,0,22
643,677,201,0,22
643,678,201,0,22
643,679,201,0,22
643,680,201,0,22
643,681,201,0,22
643,682,201,0,22
643,683,201,0,22
643,684,201,0,22
643,685,201,0,22
643,686,201,0,22
643,687,201,0,22
643,688,201,0,22
643,689,201,0,22
643,690,201,0,22
643,691,201,0,22
643,692,201,0,22
643,693,201,0,22
643,694,201,0,22
643,695,201,0,22
643,696,201,0,22
643,697,201,0,22
643,698,201,0,22
643,699,201,0,22
643,700,201,0,22
643,701,201,0,22
643,702,201,0,22
643,703,201,0,22
643,704,201,0,22
643,705,201,0,22
643,706,201,0,22
643,707,201,0,22
643,708,201,0,22
643,709,201,0,22
643,710,201,0,22
643,711,201,0,22
643,712,201,0,22
643,713,201,0,22
643,714,201,0,22
643,715,201,0,22
643,716,201,0,22
643,717,201,0,22
643,718,201,0,22
643,719,201,0,22
643,720,201,0,22
643,721,201,0,22
643,722,201,0,22
643,723,201,0,22
643,724,201,0,22
647,625,323,0,26
647,626,323,0,26
647,627,323,0,26
647,628,323,0,26
647,629,323,0,26
647,630,323,0,26
647,631,323,0,26
647,632,323,0,26
647,633,323,0,26
647,634,323,0,26
647,635,323,0,26
647,636,323,0,26
647,637,323,0,26
647,638,323,0,26
647,639,323,0,26
647,640,323,0,26
647,641,323,0,26
647,642,323,0,26
647,643,323,0,26
647,644,323,0,26
647,645,323,0,26
647,646,323,0,26
647,648,323,0,26
647,649,323,0,26
647,650,323,0,26
647,651,323,0,26
647,652,323,0,26
647,653,323,0,26
647,654,323,0,26
647,655,323,0,26
647,656,323,0,26
647,657,323,0,26
647,658,323,0,26
647,659,323,0,26
647,660,323,0,26
647,661,323,0,26
647,662,323,0,26
647,663,323,0,26
647,664,323,0,26
647,665,323,0,26
647,666,323,0,26
647,667,323,0,26
647,668,323,0,26
647,669,323,0,26
647,670,323,0,26
647,671,323,0,26
647,672,323,0,26
647,673,323,0,26
647,674,323,0,26
647,675,323,0,26
647,676,323,0,26
647,677,323,0,26
647,678,323,0,26
647,679,323,0,26
647,680,323,0,26
647,681,323,0,26
647,682,323,0,26
647,683,323,0,26
647,684,323,0,26
647,685,323,0,26
647,686,323,0,26
647,687,323,0,26
647,688,323,0,26
647,689,323,0,26
647,690,323,0,26
647,691,323,0,26
647,692,323,0,26
647,693,323,0,26
647,694,323,0,26
647,695,323,0,26
647,696,323,0,26
647,697,323,0,26
647,698,323,0,26
647,699,323,0,26
647,700,323,0,26
647,701,323,0,26
647,702,323,0,26
647,703,323,0,26
647,704,323,0,26
647,705,323,0,26
647,706,323,0,26
647,707,323,0,26
647,708,323,0,26
647,709,323,0,26
647,710,323,0,26
647,711,323,0,26
647,712,323,0,26
647,713,323,0,26
647,714,323,0,26
647,715,323,0,26
647,716,323,0,26
647,717,323,0,26
647,718,323,0,26
647,719,323,0,26
647,720,323,0,26
647,721,323,0,26
647,722,323,0,26
647,723,323,0,26
647,724,323,0,26
658,625,384,0,37
658,626,384,0,37
658,627,384,0,37
658,628,384,0,37
658,629,384,0,37
658,630,384,0,37
658,631,384,0,37
658,632,384,0,37
658,633,384,0,37
658,634,384,0,37
658,635,384,0,37
658,636,384,0,37
658,637,384,0,37
658,638,384,0,37
658,639,384,0,37
658,640,384,0,37
658,641,384,0,37
658,642,384,0,37
658,643,384,0,37
658,644,384,0,37
658,645,384,0,37
658,646,384,0,37
658,647,384,0,37
658,648,384,0,37
658,649,384,0,37
658,650,384,0,37
658,651,384,0,37
658,652,384,0,37
658,653,384,0,37
658,654,384,0,37
658,655,384,0,37
658,656,384,0,37
658,657,384,0,37
658,659,384,0,37
658,660,384,0,37
658,661,384,0,37
658,662,384,0,37
658,663,384,0,37
658,664,384,0,37
658,665,384,0,37
658,666,384,0,37
658,667,384,0,37
658,668,384,0,37
658,669,384,0,37
658,670,384,0,37
658,671,384,0,37
658,672,384,0,37
658,673,384,0,37
658,674,384,0,37
658,675,384,0,37
658,676,384,0,37
658,677,384,0,37
658,678,384,0,37
658,679,384,0,37
658,680,384,0,37
658,681,384,0,37
658,682,384,0,37
658,683,384,0,37
658,684,384,0,37
658,685,384,0,37
658,686,384,0,37
658,687,384,0,37
658,688,384,0,37
658,689,384,0,37
658,690,384,0,37
658,691,384,0,37
658,692,384,0,37
658,693,384,0,37
658,694,384,0,37
658,695,384,0,37
658,696,384,0,37
658,697,384,0,37
658,698,384,0,37
658,699,384,0,37
658,700,384,0,37
658,701,384,0,37
658,702,384,0,37
658,703,384,0,37
658,704,384,0,37
658,705,384,0,37
658,706,384,0,37
658,707,384,0,37
658,708,384,0,37
658,709,384,0,37
658,710,384,0,37
658,711,384,0,37
658,712,384,0,37
658,713,384,0,37
658,714,384,0,37
658,715,384,0,37
658,716,384,0,37
658,717,384,0,37
658,718,384,0,37
658,719,384,0,37
658,720,384,0,37
658,721,384,0,37
658,722,384,0,37
658,723,384,0,37
658,724,384,0,37
659,625,88,0,38
659,626,88,0,38
659,627,88,0,38
659,628,88,0,38
659,629,88,0,38
659,630,88,0,38
659,631,88,0,38
659,632,88,0,38
659,633,88,0,38
659,634,88,0,38
659,635,88,0,38
659,636,88,0,38
659,637,88,0,38
659,638,88,0,38
659,639,88,0,38
659,640,88,0,38
659,641,88,0,38
659,642,88,0,38
659,643,88,0,38
659,644,88,0,38
659,645,88,0,38
659,646,88,0,38
659,647,88,0,38
659,648,88,0,38
659,649,88,0,38
659,650,88,0,38
659,651,88,0,38
659,652,88,0,38
659,653,88,0,38
659,654,88,0,38
659,655,88,0,38
659,656,88,0,38
659,657,88,0,38
659,658,88,0,38
659,660,88,0,38
659,661,88,0,38
659,662,88,0,38
659,663,88,0,38
659,664,88,0,38
659,665,88,0,38
659,666,88,0,38
659,667,88,0,38
659,668,88,0,38
659,669,88,0,38
659,670,88,0,38
659,671,88,0,38
659,672,88,0,38
659,673,88,0,38
659,674,88,0,38
659,675,88,0,38
659,676,88,0,38
659,677,88,0,38
659,678,88,0,38
659,679,88,0,38
659,680,88,0,38
659,681,88,0,38
659,682,88,0,38
659,683,88,0,38
659,684,88,0,38
659,685,88,0,38
659,686,88,0,38
659,687,88,0,38
659,688,88,0,38
659,689,88,0,38
659,690,88,0,38
659,691,88,0,38
659,692,88,0,38
659,693,88,0,38
659,694,88,0,38
659,695,88,0,38
659,696,88,0,38
659,697,88,0,38
659,698,88,0,38
659,699,88,0,38
659,700,88,0,38
659,701,88,0,38
659,702,88,0,38
659,703,88,0,38
659,704,88,0,38
659,705,88,0,38
659,706,88,0,38
659,707,88,0,38
659,708,88,0,38
659,709,88,0,38
659,710,88,0,38
659,711,88,0,38
659,712,88,0,38
659,713,88,0,38
659,714,88,0,38
659,715,88,0,38
659,716,88,0,38
659,717,88,0,38
659,718,88,0,38
659,719,88,0,38
659,720,88,0,38
659,721,88,0,38
659,722,88,0,38
659,723,88,0,38
659,724,88,0,38
674,625,178,0,53
674,626,178,0,53
674,627,178,0,53
674,628,178,0,53
674,629,178,0,53
674,630,178,0,53
674,631,178,0,53
674,632,178,0,53
674,633,178,0,53
674,634,178,0,53
674,635,178,0,53
674,636,178,0,53
674,637,178,0,53
674,638,178,0,53
674,639,178,0,53
674,640,178,0,53
674,641,178,0,53
674,642,178,0,53
674,643,178,0,53
674,644,178,0,53
674,645,178,0,53
674,646,178,0,53
674,647,178,0,53
674,648,178,0,53
674,649,178,0,53
674,650,178,0,53
674,651,178,0,53
674,652,178,0,53
674,653,178,0,53
674,654,178,0,53
674,655,178,0,53
674,656,178,0,53
674,657,178,0,53
674,658,178,0,53
674,659,178,0,53
674,660,178,0,53
674,661,178,0,53
674,662,178,0,53
674,663,178,0,53
674,664,178,0,53
674,665,178,0,53
674,666,178,0,53
674,667,178,0,53
674,668,178,0,53
674,669,178,0,53
674,670,178,0,53
674,671,178,0,53
674,672,178,0,53
674,673,178,0,53
674,675,178,0,53
674,676,178,0,53
674,677,178,0,53
674,678,178,0,53
674,679,178,0,53
674,680,178,0,53
674,681,178,0,53
674,682,178,0,53
674,683,178,0,53
674,684,178,0,53
674,685,178,0,53
674,686,178,0,53
674,687,178,0,53
674,688,178,0,53
674,689,178,0,53
674,690,178,0,53
674,691,178,0,53
674,692,178,0,53
674,693,178,0,53
674,694,178,0,53
674,695,178,0,53
674,696,178,0,53
674,697,178,0,53
674,698,178,0,53
674,699,178,0,53
674,700,178,0,53
674,701,178,0,53
674,702,178,0,53
674,703,178,0,53
674,704,178,0,53
674,705,178,0,53
674,706,178,0,53
674,707,178,0,53
674,708,178,0,53
674,709,178,0,53
674,710,178,0,53
674,711,178,0,53
674,712,178,0,53
674,713,178,0,53
674,714,178,0,53
674,715,178,0,53
674,716,178,0,53
674,717,178,0,53
674,718,178,0,53
674,719,178,0,53
674,720,178,0,53
674,721,178,0,53
674,722,178,0,53
674,723,178,0,53
674,724,178,0,53
685,625,233,0,64
685,626,233,0,64
685,627,233,0,64
685,628,233,0,64
685,629,233,0,64
685,630,233,0,64
685,631,233,0,64
685,632,233,0,64
685,633,233,0,64
685,634,233,0,64
685,635,233,0,64
685,636,233,0,64
685,637,233,0,64
685,638,233,0,64
685,639,233,0,64
685,640,233,0,64
685,641,233,0,64
685,642,233,0,64
685,643,233,0,64
685,644,233,0,64
685,645,233,0,64
685,646,233,0,64
685,647,233,0,64
685,648,233,0,64
685,649,233,0,64
685,650,233,0,64
685,651,233,0,64
685,652,233,0,64
685,653,233,0,64
685,654,233,0,64
685,655,233,0,64
685,656,233,0,64
685,657,233,0,64
685,658,233,0,64
685,659,233,0,64
685,660,233,0,64
685,661,233,0,64
685,662,233,0,64
685,663,233,0,64
685,664,233,0,64
685,665,233,0,64
685,666,233,0,64
685,667,233,0,64
685,668,233,0,64
685,669,233,0,64
685,670,233,0,64
685,671,233,0,64
685,672,233,0,64
685,673,233,0,64
685,674,233,0,64
685,675,233,0,64
685,676,233,0,64
685,677,233,0,64
685,678,233,0,64
685,679,233,0,64
685,680,233,0,64
685,681,233,0,64
685,682,233,0,64
685,683,233,0,64
685,684,233,0,64
685,686,233,0,64
685,687,233,0,64
685,688,233,0,64
685,689,233,0,64
685,690,233,0,64
685,691,233,0,64
685,692,233,0,64
685,693,233,0,64
685,694,233,0,64
685,695,233,0,64
685,696,233,0,64
685,697,233,0,64
685,698,233,0,64
685,699,233,0,64
685,700,233,0,64
685,701,233,0,64
685,702,233,0,64
685,703,233,0,64
685,704,233,0,64
685,705,233,0,64
685,706,233,0,64
685,707,233,0,64
685,708,233,0,64
685,709,233,0,64
685,710,233,0,64
685,711,233,0,64
685,712,233,0,64
685,713,233,0,64
685,714,233,0,64
685,715,233,0,64
685,716,233,0,64
685,717,233,0,64
685,718,233,0,64
685,719,233,0,64
685,720,233,0,64
685,721,233,0,64
685,722,233,0,64
685,723,233,0,64
685,724,233,0,64
688,625,173,0,67
688,626,173,0,67
688,627,173,0,67
688,628,173,0,67
688,629,173,0,67
688,630,173,0,67
688,631,173,0,67
688,632,173,0,67
688,633,173,0,67
688,634,173,0,67
688,635,173,0,67
688,636,173,0,67
688,637,173,0,67
688,638,173,0,67
688,639,173,0,67
688,640,173,0,67
688,641,173,0,67
688,642,173,0,67
688,643,173,0,67
688,644,173,0,67
688,645,173,0,67
688,646,173,0,67
688,647,173,0,67
688,648,173,0,67
688,649,173,0,67
688,650,173,0,67
688,651,173,0,67
688,652,173,0,67
688,653,173,0,67
688,654,173,0,67
688,655,173,0,67
688,656,173,0,67
688,657,173,0,67
688,658,173,0,67
688,659,173,0,67
688,660,173,0,67
688,661,173,0,67
688,662,173,0,67
688,663,173,0,67
688,664,173,0,67
688,665,173,0,67
688,666,173,0,67
688,667,173,0,67
688,668,173,0,67
688,669,173,0,67
688,670,173,0,67
688,671,173,0,67
688,672,173,0,67
688,673,173,0,67
688,674,173,0,67
688,675,173,0,67
688,676,173,0,67
688,677,173,0,67
688,678,173,0,67
688,679,173,0,67
688,680,173,0,67
688,681,173,0,67
688,682,173,0,67
688,683,173,0,67
688,684,173,0,67
688,685,173,0,67
688,686,173,0,67
688,687,173,0,67
688,689,173,0,67
688,690,173,0,67
688,691,173,0,67
688,692,173,0,67
688,693,173,0,67
688,694,173,0,67
688,695,173,0,67
688,696,173,0,67
688,697,173,0,67
688,698,173,0,67
688,699,173,0,67
688,700,173,0,67
688,701,173,0,67
688,702,173,0,67
688,703,173,0,67
688,704,173,0,67
688,705,173,0,67
688,706,173,0,67
688,707,173,0,67
688,708,173,0,67
688,709,173,0,67
688,710,173,0,67
688,711,173,0,67
688,712,173,0,67
688,713,173,0,67
688,714,173,0,67
688,715,173,0,67
688,716,173,0,67
688,717,173,0,67
688,718,173,0,67
688,719,173,0,67
688,720,173,0,67
688,721,173,0,67
688,722,173,0,67
688,723,173,0,67
688,724,173,0,67
698,625,160,0,77
698,626,160,0,77
698,627,160,0,77
698,628,160,0,77
698,629,160,0,77
698,630,160,0,77
698,631,160,0,77
698,632,160,0,77
698,633,160,0,77
698,634,160,0,77
698,635,160,0,77
698,636,160,0,77
698,637,160,0,77
698,638,160,0,77
698,639,160,0,77
698,640,160,0,77
698,641,160,0,77
698,642,160,0,77
698,643,160,0,77
698,644,160,0,77
698,645,160,0,77
698,646,160,0,77
698,647,160,0,77
698,648,160,0,77
698,649,160,0,77
698,650,160,0,77
698,651,160,0,77
698,652,160,0,77
698,653,160,0,77
698,654,160,0,77
698,655,160,0,77
698,656,160,0,77
698,657,160,0,77
698,658,160,0,77
698,659,160,0,77
698,660,160,0,77
698,661,160,0,77
698,662,160,0,77
698,663,160,0,77
698,664,160,0,77
698,665,160,0,77
698,666,160,0,77
698,667,160,0,77
698,668,160,0,77
698,669,160,0,77
698,670,160,0,77
698,671,160,0,77
698,672,160,0,77
698,673,160,0,77
698,674,160,0,77
698,675,160,0,77
698,676,160,0,77
698,677,160,0,77
698,678,160,0,77
698,679,160,0,77
698,680,160,0,77
698,681,160,0,77
698,682,160,0,77
698,683,160,0,77
698,684,160,0,77
698,685,160,0,77
698,686,160,0,77
698,687,160,0,77
698,688,160,0,77
698,689,160,0,77
698,690,160,0,77
698,691,160,0,77
698,692,160,0,77
698,693,160,0,77
698,694,160,0,77
698,695,160,0,77
698,696,160,0,77
698,697,160,0,77
698,699,160,0,77
698,700,160,0,77
698,701,160,0,77
698,702,160,0,77
698,703,160,0,77
698,704,160,0,77
698,705,160,0,77
698,706,160,0,77
698,707,160,0,77
698,708,160,0,77
698,709,160,0,77
698,710,160,0,77
698,711,160,0,77
698,712,160,0,77
698,713,160,0,77
698,714,160,0,77
698,715,160,0,77
698,716,160,0,77
698,717,160,0,77
698,718,160,0,77
698,719,160,0,77
698,720,160,0,77
698,721,160,0,77
698,722,160,0,77
698,723,160,0,77
698,724,160,0,77
707,625,360,0,86
707,626,360,0,86
707,627,360,0,86
707,628,360,0,86
707,629,360,0,86
707,630,360,0,86
707,631,360,0,86
707,632,360,0,86
707,633,360,0,86
707,634,360,0,86
707,635,360,0,86
707,636,360,0,86
707,637,360,0,86
707,638,360,0,86
707,639,360,0,86
707,640,360,0,86
707,641,360,0,86
707,642,360,0,86
707,643,360,0,86
707,644,360,0,86
707,645,360,0,86
707,646,360,0,86
707,647,360,0,86
707,648,360,0,86
707,649,360,0,86
707,650,360,0,86
707,651,360,0,86
707,652,360,0,86
707,653,360,0,86
707,654,360,0,86
707,655,360,0,86
707,656,360,0,86
707,657,360,0,86
707,658,360,0,86
707,659,360,0,86
707,660,360,0,86
707,661,360,0,86
707,662,360,0,86
707,663,360,0,86
707,664,360,0,86
707,665,360,0,86
707,666,360,0,86
707,667,360,0,86
707,668,360,0,86
707,669,360,0,86
707,670,360,0,86
707,671,360,0,86
707,672,360,0,86
707,673,360,0,86
707,674,360,0,86
707,675,360,0,86
707,676,360,0,86
707,677,360,0,86
707,678,360,0,86
707,679,360,0,86
707,680,360,0,86
707,681,360,0,86
707,682,360,0,86
707,683,360,0,86
707,684,360,0,86
707,685,360,0,86
707,686,360,0,86
707,687,360,0,86
707,688,360,0,86
707,689,360,0,86
707,690,360,0,86
707,691,360,0,86
707,692,360,0,86
707,693,360,0,86
707,694,360,0,86
707,695,360,0,86
707,696,360,0,86
707,697,360,0,86
707,698,360,0,86
707,699,360,0,86
707,700,360,0,86
707,701,360,0,86
707,702,360,0,86
707,703,360,0,86
707,704,360,0,86
707,705,360,0,86
707,706,360,0,86
707,708,360,0,86
707,709,360,0,86
707,710,360,0,86
707,711,360,0,86
707,712,360,0,86
707,713,360,0,86
707,714,360,0,86
707,715,360,0,86
707,716,360,0,86
707,717,360,0,86
707,718,360,0,86
707,719,360,0,86
707,720,360,0,86
707,721,360,0,86
707,722,360,0,86
707,723,360,0,86
707,724,360,0,86
