1,628,601,3,3
1,642,26,2,0
1,656,0,0,0
2,628,602,3,3
2,642,27,2,0
2,680,3,1,0
2,709,3,1,0
3,628,603,3,3
3,642,28,2,0
3,647,4,1,0
3,658,4,1,0
3,663,603,3,3
3,680,4,1,0
3,707,603,3,3
4,627,604,3,3
4,628,604,3,3
4,642,29,2,0
4,647,5,1,0
4,658,5,1,0
4,663,604,3,3
4,679,679,58,0
4,680,5,1,0
4,707,604,3,3
4,722,29,2,0
5,627,605,3,3
5,628,605,3,3
5,642,30,2,0
5,647,6,1,0
5,658,6,1,0
5,663,605,3,3
5,679,4,0,1
5,680,6,1,0
5,707,605,3,3
5,722,30,2,0
6,628,606,3,3
6,642,31,2,0
6,647,606,3,3
6,679,5,0,1
6,680,606,3,3
7,627,6,0,1
7,628,6,0,1
7,642,6,0,1
7,647,607,3,3
7,658,607,3,3
7,663,6,0,1
7,679,6,0,1
7,680,607,3,3
7,707,6,0,1
7,722,6,0,1
8,627,7,0,1
8,628,7,0,1
8,642,7,0,1
8,647,608,3,3
8,658,608,3,3
8,663,7,0,1
8,679,7,0,1
8,680,608,3,3
8,707,7,0,1
8,722,7,0,1
9,628,8,0,1
9,642,8,0,1
9,647,609,3,3
9,658,609,3,3
9,663,8,0,1
9,680,609,3,3
9,707,8,0,1
10,628,9,0,1
10,642,9,0,1
10,680,610,3,3
11,628,10,0,1
11,642,10,0,1
11,656,12,1,0
14,628,15,1,0
14,642,15,1,0
14,680,614,3,3
15,628,16,1,0
15,642,16,1,0
15,647,615,3,3
15,680,615,3,3
15,709,14,0,1
16,628,17,1,0
16,642,17,1,0
16,647,616,3,3
16,658,616,3,3
16,663,17,1,0
16,680,616,3,3
16,707,17,1,0
17,627,18,1,0
17,628,18,1,0
17,642,18,1,0
17,647,617,3,3
17,658,617,3,3
17,663,18,1,0
17,679,18,1,0
17,680,617,3,3
17,707,18,1,0
17,722,18,1,0
18,627,19,1,0
18,628,19,1,0
18,642,19,1,0
18,647,618,3,3
18,658,618,3,3
18,663,19,1,0
18,679,19,1,0
18,680,618,3,3
18,707,19,1,0
18,722,19,1,0
19,628,619,3,3
19,642,44,2,0
19,647,619,3,3
19,679,20,1,0
19,680,619,3,3
20,627,620,3,3
20,628,620,3,3
20,642,45,2,0
20,647,19,0,1
20,658,19,0,1
20,663,620,3,3
20,679,21,1,0
20,680,19,0,1
20,707,620,3,3
20,722,45,2,0
21,628,621,3,3
21,642,46,2,0
21,647,20,0,1
21,658,20,0,1
21,663,621,3,3
21,680,20,0,1
21,707,621,3,3
22,628,622,3,3
22,642,47,2,0
22,647,21,0,1
22,680,21,0,1
22,709,23,1,0
23,628,623,3,3
23,642,48,2,0
23,680,22,0,1
24,656,23,0,1
26,628,1,0,2
26,642,51,3,0
26,656,25,1,1
27,628,2,0,2
27,642,52,3,0
27,680,28,2,1
27,709,28,2,1
28,628,3,0,2
28,642,53,3,0
28,647,29,2,1
28,658,29,2,1
28,663,3,0,2
28,680,29,2,1
28,707,3,0,2
28,709,53,3,0
29,627,4,0,2
29,628,4,0,2
29,642,54,3,0
29,647,30,2,1
29,658,30,2,1
29,663,4,0,2
29,679,4,0,2
29,680,30,2,1
29,707,4,0,2
29,709,54,3,0
29,722,54,3,0
30,627,5,0,2
30,628,5,0,2
30,642,55,3,0
30,647,31,2,1
30,658,31,2,1
30,663,5,0,2
30,679,5,0,2
30,680,31,2,1
30,707,5,0,2
30,709,55,3,0
30,722,55,3,0
31,628,6,0,2
31,642,56,3,0
31,647,6,0,2
31,680,6,0,2
31,709,56,3,0
32,627,31,1,2
32,628,31,1,2
32,642,31,1,2
32,647,7,0,2
32,658,7,0,2
32,663,31,1,2
32,679,31,1,2
32,680,7,0,2
32,707,31,1,2
32,722,31,1,2
33,627,32,1,2
33,628,32,1,2
33,642,32,1,2
33,647,8,0,2
33,658,8,0,2
33,663,32,1,2
33,679,32,1,2
33,680,8,0,2
33,707,32,1,2
33,722,32,1,2
34,628,33,1,2
34,642,33,1,2
34,647,9,0,2
34,658,9,0,2
34,663,33,1,2
34,680,9,0,2
34,707,33,1,2
35,628,34,1,2
35,642,34,1,2
35,680,10,0,2
36,628,35,1,2
36,642,35,1,2
36,656,37,2,1
39,628,40,2,1
39,642,40,2,1
39,680,14,0,2
40,628,41,2,1
40,642,41,2,1
40,647,15,0,2
40,680,15,0,2
40,709,39,1,2
41,628,42,2,1
41,642,42,2,1
41,647,16,0,2
41,658,16,0,2
41,663,42,2,1
41,680,16,0,2
41,707,42,2,1
42,627,43,2,1
42,628,43,2,1
42,642,43,2,1
42,647,17,0,2
42,658,17,0,2
42,663,43,2,1
42,679,43,2,1
42,680,17,0,2
42,707,43,2,1
42,722,43,2,1
43,627,44,2,1
43,628,44,2,1
43,642,44,2,1
43,647,18,0,2
43,658,18,0,2
43,663,44,2,1
43,679,44,2,1
43,680,18,0,2
43,707,44,2,1
43,722,44,2,1
44,628,19,0,2
44,642,69,3,0
44,647,19,0,2
44,680,19,0,2
44,709,69,3,0
45,627,20,0,2
45,628,20,0,2
45,642,70,3,0
45,647,44,1,2
45,658,44,1,2
45,663,20,0,2
45,679,20,0,2
45,680,44,1,2
45,707,20,0,2
45,709,70,3,0
45,722,70,3,0
46,628,21,0,2
46,642,71,3,0
46,647,45,1,2
46,658,45,1,2
46,663,21,0,2
46,680,45,1,2
46,707,21,0,2
46,709,71,3,0
47,628,22,0,2
47,642,72,3,0
47,647,46,1,2
47,680,46,1,2
47,709,48,2,1
48,628,23,0,2
48,642,73,3,0
48,680,47,1,2
49,656,48,1,2
51,628,26,0,3
51,642,76,3,0
51,656,50,1,1
52,628,27,0,3
52,642,77,3,0
52,680,53,2,1
52,709,53,2,1
53,628,28,0,3
53,642,78,3,0
53,647,54,2,1
53,658,54,2,1
53,663,28,0,3
53,680,54,2,1
53,707,28,0,3
54,627,29,0,3
54,628,29,0,3
54,642,79,3,0
54,647,55,2,1
54,658,55,2,1
54,663,29,0,3
54,679,29,0,3
54,680,55,2,1
54,707,29,0,3
54,722,79,3,0
55,627,30,0,3
55,628,30,0,3
55,642,80,3,0
55,647,56,2,1
55,658,56,2,1
55,663,30,0,3
55,679,30,0,3
55,680,56,2,1
55,707,30,0,3
55,722,80,3,0
56,628,31,0,3
56,642,81,3,0
56,647,31,0,3
56,658,81,3,0
56,680,31,0,3
57,627,56,1,2
57,628,56,1,2
57,642,56,1,2
57,647,32,0,3
57,658,82,3,0
57,663,56,1,2
57,679,56,1,2
57,680,32,0,3
57,707,56,1,2
57,722,56,1,2
58,627,57,1,2
58,628,57,1,2
58,642,57,1,2
58,647,33,0,3
58,658,83,3,0
58,663,57,1,2
58,679,57,1,2
58,680,33,0,3
58,707,57,1,2
58,722,57,1,2
59,628,58,1,2
59,642,58,1,2
59,647,34,0,3
59,658,84,3,0
59,663,58,1,2
59,680,34,0,3
59,707,58,1,2
60,628,59,1,2
60,642,59,1,2
60,680,35,0,3
61,628,60,1,2
61,642,60,1,2
61,656,62,2,1
64,628,65,2,1
64,642,65,2,1
64,680,39,0,3
65,628,66,2,1
65,642,66,2,1
65,647,40,0,3
65,680,40,0,3
65,709,64,1,2
66,628,67,2,1
66,642,67,2,1
66,647,41,0,3
66,658,91,3,0
66,663,67,2,1
66,680,41,0,3
66,707,67,2,1
67,627,68,2,1
67,628,68,2,1
67,642,68,2,1
67,647,42,0,3
67,658,92,3,0
67,663,68,2,1
67,679,68,2,1
67,680,42,0,3
67,707,68,2,1
67,722,68,2,1
68,627,69,2,1
68,628,69,2,1
68,642,69,2,1
68,647,43,0,3
68,658,93,3,0
68,663,69,2,1
68,679,69,2,1
68,680,43,0,3
68,707,69,2,1
68,722,69,2,1
69,628,44,0,3
69,642,94,3,0
69,647,44,0,3
69,658,94,3,0
69,680,44,0,3
70,627,45,0,3
70,628,45,0,3
70,642,95,3,0
70,647,69,1,2
70,658,69,1,2
70,663,45,0,3
70,679,45,0,3
70,680,69,1,2
70,707,45,0,3
70,722,95,3,0
71,628,46,0,3
71,642,96,3,0
71,647,70,1,2
71,658,70,1,2
71,663,46,0,3
71,680,70,1,2
71,707,46,0,3
72,628,47,0,3
72,642,97,3,0
72,647,71,1,2
72,680,71,1,2
72,709,73,2,1
73,628,48,0,3
73,642,98,3,0
73,680,72,1,2
74,656,73,1,2
76,628,101,3,0
76,642,642,21,0
76,656,75,1,1
77,628,102,3,0
77,642,76,1,2
77,680,78,2,1
77,709,78,2,1
78,628,103,3,0
78,642,77,1,2
78,647,79,2,1
78,658,79,2,1
78,663,53,0,3
78,680,79,2,1
78,707,53,0,3
79,627,54,0,3
79,628,104,3,0
79,642,78,1,2
79,647,80,2,1
79,658,80,2,1
79,663,54,0,3
79,679,54,0,3
79,680,80,2,1
79,707,54,0,3
79,722,104,3,0
80,627,55,0,3
80,628,105,3,0
80,642,79,1,2
80,647,81,2,1
80,658,81,2,1
80,663,55,0,3
80,679,55,0,3
80,680,81,2,1
80,707,55,0,3
80,722,105,3,0
81,642,80,1,2
81,647,56,0,3
81,658,106,3,0
81,707,56,0,3
82,627,81,1,2
82,628,81,1,2
82,642,81,1,2
82,647,57,0,3
82,658,107,3,0
82,663,81,1,2
82,679,81,1,2
82,680,107,3,0
82,707,81,1,2
82,722,81,1,2
83,627,82,1,2
83,628,82,1,2
83,642,82,1,2
83,647,58,0,3
83,658,108,3,0
83,663,82,1,2
83,679,82,1,2
83,680,108,3,0
83,707,82,1,2
83,722,82,1,2
84,628,83,1,2
84,642,83,1,2
84,647,59,0,3
84,658,109,3,0
84,663,83,1,2
84,680,109,3,0
84,707,83,1,2
85,628,84,1,2
85,642,84,1,2
85,680,110,3,0
86,628,85,1,2
86,642,85,1,2
86,656,87,2,1
89,628,90,2,1
89,642,90,2,1
89,680,114,3,0
90,628,91,2,1
90,642,91,2,1
90,647,65,0,3
90,680,115,3,0
90,709,89,1,2
91,628,92,2,1
91,642,92,2,1
91,647,66,0,3
91,658,116,3,0
91,663,92,2,1
91,680,116,3,0
91,707,92,2,1
92,627,93,2,1
92,628,93,2,1
92,642,93,2,1
92,647,67,0,3
92,658,117,3,0
92,663,93,2,1
92,679,93,2,1
92,680,117,3,0
92,707,93,2,1
92,722,93,2,1
93,627,94,2,1
93,628,94,2,1
93,642,94,2,1
93,647,68,0,3
93,658,118,3,0
93,663,94,2,1
93,679,94,2,1
93,680,118,3,0
93,707,94,2,1
93,722,94,2,1
94,642,95,2,1
94,647,69,0,3
94,658,119,3,0
94,707,69,0,3
95,627,70,0,3
95,628,120,3,0
95,642,96,2,1
95,647,94,1,2
95,658,94,1,2
95,663,70,0,3
95,679,70,0,3
95,680,94,1,2
95,707,70,0,3
95,722,120,3,0
96,628,121,3,0
96,642,97,2,1
96,647,95,1,2
96,658,95,1,2
96,663,71,0,3
96,680,95,1,2
96,707,71,0,3
97,628,122,3,0
97,642,98,2,1
97,647,96,1,2
97,680,96,1,2
97,709,98,2,1
98,628,123,3,0
98,642,99,2,1
98,680,97,1,2
99,656,98,1,2
101,628,126,3,0
101,642,76,0,3
102,628,127,3,0
102,642,77,0,3
102,656,127,3,0
102,680,103,2,1
102,709,103,2,1
103,628,128,3,0
103,642,78,0,3
103,647,104,2,1
103,656,128,3,0
103,658,104,2,1
103,663,78,0,3
103,680,104,2,1
103,707,78,0,3
104,627,79,0,3
104,628,129,3,0
104,642,79,0,3
104,647,105,2,1
104,656,129,3,0
104,658,105,2,1
104,663,79,0,3
104,679,79,0,3
104,680,105,2,1
104,707,79,0,3
104,722,129,3,0
105,627,80,0,3
105,628,130,3,0
105,642,80,0,3
105,647,106,2,1
105,656,130,3,0
105,658,106,2,1
105,663,80,0,3
105,679,80,0,3
105,680,106,2,1
105,707,80,0,3
105,722,130,3,0
106,628,131,3,0
106,647,81,0,3
106,656,131,3,0
106,658,131,3,0
106,663,81,0,3
106,707,81,0,3
106,722,131,3,0
107,627,106,1,2
107,628,106,1,2
107,642,106,1,2
107,647,82,0,3
107,658,132,3,0
107,663,106,1,2
107,679,106,1,2
107,680,132,3,0
107,707,106,1,2
107,722,106,1,2
108,627,107,1,2
108,628,107,1,2
108,642,107,1,2
108,647,83,0,3
108,658,133,3,0
108,663,107,1,2
108,679,107,1,2
108,680,133,3,0
108,707,107,1,2
108,722,107,1,2
109,628,108,1,2
109,642,108,1,2
109,647,84,0,3
109,658,134,3,0
109,663,108,1,2
109,680,134,3,0
109,707,108,1,2
110,628,109,1,2
110,642,109,1,2
110,680,135,3,0
111,628,110,1,2
111,642,110,1,2
111,656,112,2,1
114,628,115,2,1
114,642,115,2,1
114,680,139,3,0
115,628,116,2,1
115,642,116,2,1
115,647,90,0,3
115,680,140,3,0
115,709,114,1,2
116,628,117,2,1
116,642,117,2,1
116,647,91,0,3
116,658,141,3,0
116,663,117,2,1
116,680,141,3,0
116,707,117,2,1
117,627,118,2,1
117,628,118,2,1
117,642,118,2,1
117,647,92,0,3
117,658,142,3,0
117,663,118,2,1
117,679,118,2,1
117,680,142,3,0
117,707,118,2,1
117,722,118,2,1
118,627,119,2,1
118,628,119,2,1
118,642,119,2,1
118,647,93,0,3
118,658,143,3,0
118,663,119,2,1
118,679,119,2,1
118,680,143,3,0
118,707,119,2,1
118,722,119,2,1
119,628,144,3,0
119,647,94,0,3
119,656,144,3,0
119,658,144,3,0
119,663,94,0,3
119,707,94,0,3
119,722,144,3,0
120,627,95,0,3
120,628,145,3,0
120,642,95,0,3
120,647,119,1,2
120,656,145,3,0
120,658,119,1,2
120,663,95,0,3
120,679,95,0,3
120,680,119,1,2
120,707,95,0,3
120,722,145,3,0
121,628,146,3,0
121,642,96,0,3
121,647,120,1,2
121,656,146,3,0
121,658,120,1,2
121,663,96,0,3
121,680,120,1,2
121,707,96,0,3
122,628,147,3,0
122,642,97,0,3
122,647,121,1,2
122,656,147,3,0
122,680,121,1,2
122,709,123,2,1
123,628,148,3,0
123,642,98,0,3
123,656,148,3,0
123,680,122,1,2
124,656,123,1,2
126,628,151,3,0
126,642,101,0,3
126,656,125,1,1
127,628,152,3,0
127,642,102,0,3
127,656,126,1,2
127,680,128,2,1
127,709,128,2,1
128,628,153,3,0
128,642,103,0,3
128,647,129,2,1
128,656,127,1,2
128,658,129,2,1
128,663,103,0,3
128,680,129,2,1
128,707,103,0,3
129,627,104,0,3
129,628,154,3,0
129,642,104,0,3
129,647,130,2,1
129,656,128,1,2
129,658,130,2,1
129,663,104,0,3
129,679,104,0,3
129,680,130,2,1
129,707,104,0,3
129,722,154,3,0
130,627,105,0,3
130,628,155,3,0
130,642,105,0,3
130,647,131,2,1
130,656,129,1,2
130,658,131,2,1
130,663,105,0,3
130,679,105,0,3
130,680,131,2,1
130,707,105,0,3
130,722,155,3,0
131,628,156,3,0
131,642,106,0,3
131,647,106,0,3
131,656,130,1,2
131,658,156,3,0
131,663,106,0,3
131,680,156,3,0
131,707,106,0,3
131,722,156,3,0
132,627,131,1,2
132,628,131,1,2
132,642,131,1,2
132,647,107,0,3
132,658,157,3,0
132,663,131,1,2
132,679,131,1,2
132,680,157,3,0
132,707,131,1,2
132,722,131,1,2
133,627,132,1,2
133,628,132,1,2
133,642,132,1,2
133,647,108,0,3
133,658,158,3,0
133,663,132,1,2
133,679,132,1,2
133,680,158,3,0
133,707,132,1,2
133,722,132,1,2
134,628,133,1,2
134,642,133,1,2
134,647,109,0,3
134,658,159,3,0
134,663,133,1,2
134,680,159,3,0
134,707,133,1,2
135,628,134,1,2
135,642,134,1,2
135,680,160,3,0
136,628,135,1,2
136,642,135,1,2
136,656,137,2,1
139,628,140,2,1
139,642,140,2,1
139,680,164,3,0
140,628,141,2,1
140,642,141,2,1
140,647,115,0,3
140,680,165,3,0
140,709,139,1,2
141,628,142,2,1
141,642,142,2,1
141,647,116,0,3
141,658,166,3,0
141,663,142,2,1
141,680,166,3,0
141,707,142,2,1
142,627,143,2,1
142,628,143,2,1
142,642,143,2,1
142,647,117,0,3
142,658,167,3,0
142,663,143,2,1
142,679,143,2,1
142,680,167,3,0
142,707,143,2,1
142,722,143,2,1
143,627,144,2,1
143,628,144,2,1
143,642,144,2,1
143,647,118,0,3
143,658,168,3,0
143,663,144,2,1
143,679,144,2,1
143,680,168,3,0
143,707,144,2,1
143,722,144,2,1
144,628,169,3,0
144,642,119,0,3
144,647,119,0,3
144,656,145,2,1
144,658,169,3,0
144,663,119,0,3
144,680,169,3,0
144,707,119,0,3
144,722,169,3,0
145,627,120,0,3
145,628,170,3,0
145,642,120,0,3
145,647,144,1,2
145,656,146,2,1
145,658,144,1,2
145,663,120,0,3
145,679,120,0,3
145,680,144,1,2
145,707,120,0,3
145,722,170,3,0
146,628,171,3,0
146,642,121,0,3
146,647,145,1,2
146,656,147,2,1
146,658,145,1,2
146,663,121,0,3
146,680,145,1,2
146,707,121,0,3
147,628,172,3,0
147,642,122,0,3
147,647,146,1,2
147,656,148,2,1
147,680,146,1,2
147,709,148,2,1
148,628,173,3,0
148,642,123,0,3
148,656,656,35,0
148,680,147,1,2
149,656,148,1,2
151,628,176,3,0
151,642,126,0,3
151,656,150,1,1
152,628,177,3,0
152,642,127,0,3
152,680,153,2,1
152,709,153,2,1
153,628,178,3,0
153,642,128,0,3
153,647,154,2,1
153,658,154,2,1
153,663,128,0,3
153,680,154,2,1
153,707,128,0,3
154,627,129,0,3
154,628,179,3,0
154,642,129,0,3
154,647,155,2,1
154,658,155,2,1
154,663,129,0,3
154,679,129,0,3
154,680,155,2,1
154,707,129,0,3
154,722,179,3,0
155,627,130,0,3
155,628,180,3,0
155,642,130,0,3
155,647,156,2,1
155,658,156,2,1
155,663,130,0,3
155,679,130,0,3
155,680,156,2,1
155,707,130,0,3
155,722,180,3,0
156,627,131,0,3
156,628,181,3,0
156,642,131,0,3
156,647,131,0,3
156,658,181,3,0
156,663,131,0,3
156,680,181,3,0
156,707,131,0,3
156,722,181,3,0
157,627,156,1,2
157,628,156,1,2
157,642,156,1,2
157,647,132,0,3
157,658,182,3,0
157,663,156,1,2
157,679,156,1,2
157,680,182,3,0
157,707,156,1,2
157,722,156,1,2
158,627,157,1,2
158,628,157,1,2
158,642,157,1,2
158,647,133,0,3
158,658,183,3,0
158,663,157,1,2
158,679,157,1,2
158,680,183,3,0
158,707,157,1,2
158,722,157,1,2
159,628,158,1,2
159,642,158,1,2
159,647,134,0,3
159,658,184,3,0
159,663,158,1,2
159,680,184,3,0
159,707,158,1,2
160,628,159,1,2
160,642,159,1,2
160,680,185,3,0
161,628,160,1,2
161,642,160,1,2
161,656,162,2,1
164,628,165,2,1
164,642,165,2,1
164,680,189,3,0
165,628,166,2,1
165,642,166,2,1
165,647,140,0,3
165,680,190,3,0
165,709,164,1,2
166,628,167,2,1
166,642,167,2,1
166,647,141,0,3
166,658,191,3,0
166,663,167,2,1
166,680,191,3,0
166,707,167,2,1
167,627,168,2,1
167,628,168,2,1
167,642,168,2,1
167,647,142,0,3
167,658,192,3,0
167,663,168,2,1
167,679,168,2,1
167,680,192,3,0
167,707,168,2,1
167,722,168,2,1
168,627,169,2,1
168,628,169,2,1
168,642,169,2,1
168,647,143,0,3
168,658,193,3,0
168,663,169,2,1
168,679,169,2,1
168,680,193,3,0
168,707,169,2,1
168,722,169,2,1
169,627,144,0,3
169,628,194,3,0
169,642,144,0,3
169,647,144,0,3
169,658,194,3,0
169,663,144,0,3
169,680,194,3,0
169,707,144,0,3
169,722,194,3,0
170,627,145,0,3
170,628,195,3,0
170,642,145,0,3
170,647,169,1,2
170,658,169,1,2
170,663,145,0,3
170,679,145,0,3
170,680,169,1,2
170,707,145,0,3
170,722,195,3,0
171,628,196,3,0
171,642,146,0,3
171,647,170,1,2
171,658,170,1,2
171,663,146,0,3
171,680,170,1,2
171,707,146,0,3
172,628,197,3,0
172,642,147,0,3
172,647,171,1,2
172,680,171,1,2
172,709,173,2,1
173,628,198,3,0
173,642,148,0,3
173,680,172,1,2
174,656,173,1,2
176,628,201,3,0
176,642,151,0,3
176,656,175,1,1
177,628,202,3,0
177,642,152,0,3
177,680,178,2,1
177,709,178,2,1
178,628,203,3,0
178,642,153,0,3
178,647,179,2,1
178,658,179,2,1
178,663,153,0,3
178,680,179,2,1
178,707,153,0,3
179,627,154,0,3
179,628,204,3,0
179,642,154,0,3
179,647,180,2,1
179,658,180,2,1
179,663,154,0,3
179,679,154,0,3
179,680,180,2,1
179,707,154,0,3
179,722,204,3,0
180,627,155,0,3
180,628,205,3,0
180,642,155,0,3
180,647,181,2,1
180,658,181,2,1
180,663,155,0,3
180,679,155,0,3
180,680,181,2,1
180,707,155,0,3
180,722,205,3,0
181,627,156,0,3
181,628,206,3,0
181,642,156,0,3
181,647,156,0,3
181,658,206,3,0
181,663,156,0,3
181,679,156,0,3
181,680,206,3,0
181,707,156,0,3
181,722,206,3,0
182,627,181,1,2
182,628,181,1,2
182,642,181,1,2
182,647,157,0,3
182,658,207,3,0
182,663,181,1,2
182,679,181,1,2
182,680,207,3,0
182,707,181,1,2
182,722,181,1,2
183,627,182,1,2
183,628,182,1,2
183,642,182,1,2
183,647,158,0,3
183,658,208,3,0
183,663,182,1,2
183,679,182,1,2
183,680,208,3,0
183,707,182,1,2
183,722,182,1,2
184,628,183,1,2
184,642,183,1,2
184,647,159,0,3
184,658,209,3,0
184,663,183,1,2
184,680,209,3,0
184,707,183,1,2
185,628,184,1,2
185,642,184,1,2
185,680,210,3,0
186,628,185,1,2
186,642,185,1,2
186,656,187,2,1
189,628,190,2,1
189,642,190,2,1
189,680,214,3,0
190,628,191,2,1
190,642,191,2,1
190,647,165,0,3
190,680,215,3,0
190,709,189,1,2
191,628,192,2,1
191,642,192,2,1
191,647,166,0,3
191,658,216,3,0
191,663,192,2,1
191,680,216,3,0
191,707,192,2,1
192,627,193,2,1
192,628,193,2,1
192,642,193,2,1
192,647,167,0,3
192,658,217,3,0
192,663,193,2,1
192,679,193,2,1
192,680,217,3,0
192,707,193,2,1
192,722,193,2,1
193,627,194,2,1
193,628,194,2,1
193,642,194,2,1
193,647,168,0,3
193,658,218,3,0
193,663,194,2,1
193,679,194,2,1
193,680,218,3,0
193,707,194,2,1
193,722,194,2,1
194,627,169,0,3
194,628,219,3,0
194,642,169,0,3
194,647,169,0,3
194,658,219,3,0
194,663,169,0,3
194,679,169,0,3
194,680,219,3,0
194,707,169,0,3
194,722,219,3,0
195,627,170,0,3
195,628,220,3,0
195,642,170,0,3
195,647,194,1,2
195,658,194,1,2
195,663,170,0,3
195,679,170,0,3
195,680,194,1,2
195,707,170,0,3
195,722,220,3,0
196,628,221,3,0
196,642,171,0,3
196,647,195,1,2
196,658,195,1,2
196,663,171,0,3
196,680,195,1,2
196,707,171,0,3
197,628,222,3,0
197,642,172,0,3
197,647,196,1,2
197,680,196,1,2
197,709,198,2,1
198,628,223,3,0
198,642,173,0,3
198,680,197,1,2
199,656,198,1,2
201,628,226,3,0
201,642,176,0,3
201,656,200,1,1
202,628,227,3,0
202,642,177,0,3
202,680,203,2,1
202,709,203,2,1
203,628,228,3,0
203,642,178,0,3
203,647,204,2,1
203,658,204,2,1
203,663,178,0,3
203,680,204,2,1
203,707,178,0,3
204,627,179,0,3
204,628,229,3,0
204,642,179,0,3
204,647,205,2,1
204,658,205,2,1
204,663,179,0,3
204,679,179,0,3
204,680,205,2,1
204,707,179,0,3
204,722,229,3,0
205,627,180,0,3
205,628,230,3,0
205,642,180,0,3
205,647,206,2,1
205,658,206,2,1
205,663,180,0,3
205,679,180,0,3
205,680,206,2,1
205,707,180,0,3
205,722,230,3,0
206,627,181,0,3
206,628,231,3,0
206,642,181,0,3
206,647,181,0,3
206,658,231,3,0
206,663,181,0,3
206,679,181,0,3
206,680,231,3,0
206,707,181,0,3
206,722,231,3,0
207,627,206,1,2
207,628,206,1,2
207,642,206,1,2
207,647,182,0,3
207,658,232,3,0
207,663,206,1,2
207,679,206,1,2
207,680,232,3,0
207,707,206,1,2
207,722,206,1,2
208,627,207,1,2
208,628,207,1,2
208,642,207,1,2
208,647,183,0,3
208,658,233,3,0
208,663,207,1,2
208,679,207,1,2
208,680,233,3,0
208,707,207,1,2
208,722,207,1,2
209,628,208,1,2
209,642,208,1,2
209,647,184,0,3
209,658,234,3,0
209,663,208,1,2
209,680,234,3,0
209,707,208,1,2
210,628,209,1,2
210,642,209,1,2
210,680,235,3,0
211,628,210,1,2
211,642,210,1,2
211,656,212,2,1
214,628,215,2,1
214,642,215,2,1
214,680,239,3,0
215,628,216,2,1
215,642,216,2,1
215,647,190,0,3
215,680,240,3,0
215,709,214,1,2
216,628,217,2,1
216,642,217,2,1
216,647,191,0,3
216,658,241,3,0
216,663,217,2,1
216,680,241,3,0
216,707,217,2,1
217,627,218,2,1
217,628,218,2,1
217,642,218,2,1
217,647,192,0,3
217,658,242,3,0
217,663,218,2,1
217,679,218,2,1
217,680,242,3,0
217,707,218,2,1
217,722,218,2,1
218,627,219,2,1
218,628,219,2,1
218,642,219,2,1
218,647,193,0,3
218,658,243,3,0
218,663,219,2,1
218,679,219,2,1
218,680,243,3,0
218,707,219,2,1
218,722,219,2,1
219,627,194,0,3
219,628,244,3,0
219,642,194,0,3
219,647,194,0,3
219,658,244,3,0
219,663,194,0,3
219,679,194,0,3
219,680,244,3,0
219,707,194,0,3
219,722,244,3,0
220,627,195,0,3
220,628,245,3,0
220,642,195,0,3
220,647,219,1,2
220,658,219,1,2
220,663,195,0,3
220,679,195,0,3
220,680,219,1,2
220,707,195,0,3
220,722,245,3,0
221,628,246,3,0
221,642,196,0,3
221,647,220,1,2
221,658,220,1,2
221,663,196,0,3
221,680,220,1,2
221,707,196,0,3
222,628,247,3,0
222,642,197,0,3
222,647,221,1,2
222,680,221,1,2
222,709,223,2,1
223,628,248,3,0
223,642,198,0,3
223,680,222,1,2
224,656,223,1,2
226,628,251,3,0
226,642,201,0,3
226,656,225,1,1
227,628,252,3,0
227,642,202,0,3
227,680,228,2,1
227,709,228,2,1
228,628,253,3,0
228,642,203,0,3
228,647,229,2,1
228,658,229,2,1
228,663,203,0,3
228,680,229,2,1
228,707,203,0,3
229,627,204,0,3
229,628,254,3,0
229,642,204,0,3
229,647,230,2,1
229,658,230,2,1
229,663,204,0,3
229,679,204,0,3
229,680,230,2,1
229,707,204,0,3
229,722,254,3,0
230,627,205,0,3
230,628,255,3,0
230,642,205,0,3
230,647,231,2,1
230,658,231,2,1
230,663,205,0,3
230,679,205,0,3
230,680,231,2,1
230,707,205,0,3
230,722,255,3,0
231,627,206,0,3
231,628,256,3,0
231,642,206,0,3
231,658,256,3,0
231,663,206,0,3
231,679,206,0,3
231,680,256,3,0
231,707,206,0,3
231,722,256,3,0
232,627,231,1,2
232,628,231,1,2
232,642,231,1,2
232,647,257,3,0
232,658,257,3,0
232,663,231,1,2
232,679,231,1,2
232,680,257,3,0
232,707,231,1,2
232,722,231,1,2
233,627,232,1,2
233,628,232,1,2
233,642,232,1,2
233,647,258,3,0
233,658,258,3,0
233,663,232,1,2
233,679,232,1,2
233,680,258,3,0
233,707,232,1,2
233,722,232,1,2
234,628,233,1,2
234,642,233,1,2
234,647,259,3,0
234,658,259,3,0
234,663,233,1,2
234,680,259,3,0
234,707,233,1,2
235,628,234,1,2
235,642,234,1,2
235,680,260,3,0
236,628,235,1,2
236,642,235,1,2
236,656,237,2,1
239,628,240,2,1
239,642,240,2,1
239,680,264,3,0
240,628,241,2,1
240,642,241,2,1
240,647,265,3,0
240,680,265,3,0
240,709,239,1,2
241,628,242,2,1
241,642,242,2,1
241,647,266,3,0
241,658,266,3,0
241,663,242,2,1
241,680,266,3,0
241,707,242,2,1
242,627,243,2,1
242,628,243,2,1
242,642,243,2,1
242,647,267,3,0
242,658,267,3,0
242,663,243,2,1
242,679,243,2,1
242,680,267,3,0
242,707,243,2,1
242,722,243,2,1
243,627,244,2,1
243,628,244,2,1
243,642,244,2,1
243,647,268,3,0
243,658,268,3,0
243,663,244,2,1
243,679,244,2,1
243,680,268,3,0
243,707,244,2,1
243,722,244,2,1
244,627,219,0,3
244,628,269,3,0
244,642,219,0,3
244,658,269,3,0
244,663,219,0,3
244,679,219,0,3
244,680,269,3,0
244,707,219,0,3
244,722,269,3,0
245,627,220,0,3
245,628,270,3,0
245,642,220,0,3
245,647,244,1,2
245,658,244,1,2
245,663,220,0,3
245,679,220,0,3
245,680,244,1,2
245,707,220,0,3
245,722,270,3,0
246,628,271,3,0
246,642,221,0,3
246,647,245,1,2
246,658,245,1,2
246,663,221,0,3
246,680,245,1,2
246,707,221,0,3
247,628,272,3,0
247,642,222,0,3
247,647,246,1,2
247,680,246,1,2
247,709,248,2,1
248,628,273,3,0
248,642,223,0,3
248,680,247,1,2
249,656,248,1,2
251,628,276,3,0
251,642,226,0,3
251,656,250,1,1
252,628,277,3,0
252,642,227,0,3
252,680,253,2,1
252,709,253,2,1
253,628,278,3,0
253,642,228,0,3
253,647,254,2,1
253,658,254,2,1
253,663,228,0,3
253,680,254,2,1
253,707,228,0,3
254,627,229,0,3
254,628,279,3,0
254,642,229,0,3
254,647,255,2,1
254,658,255,2,1
254,663,229,0,3
254,679,229,0,3
254,680,255,2,1
254,707,229,0,3
254,722,722,101,0
255,627,230,0,3
255,628,280,3,0
255,642,230,0,3
255,647,256,2,1
255,658,256,2,1
255,663,230,0,3
255,679,230,0,3
255,680,256,2,1
255,707,230,0,3
255,722,254,1,2
256,627,231,0,3
256,628,281,3,0
256,642,231,0,3
256,663,231,0,3
256,679,231,0,3
256,680,281,3,0
256,707,231,0,3
256,722,255,1,2
257,627,256,1,2
257,628,256,1,2
257,642,256,1,2
257,647,282,3,0
257,658,282,3,0
257,663,256,1,2
257,679,256,1,2
257,680,282,3,0
257,707,256,1,2
257,722,256,1,2
258,627,257,1,2
258,628,257,1,2
258,642,257,1,2
258,647,283,3,0
258,658,283,3,0
258,663,257,1,2
258,679,257,1,2
258,680,283,3,0
258,707,257,1,2
258,722,257,1,2
259,628,258,1,2
259,642,258,1,2
259,647,284,3,0
259,658,284,3,0
259,663,258,1,2
259,680,284,3,0
259,707,258,1,2
260,628,259,1,2
260,642,259,1,2
260,680,285,3,0
261,628,260,1,2
261,642,260,1,2
261,656,262,2,1
264,628,265,2,1
264,642,265,2,1
264,680,289,3,0
265,628,266,2,1
265,642,266,2,1
265,647,290,3,0
265,680,290,3,0
265,709,264,1,2
266,628,267,2,1
266,642,267,2,1
266,647,291,3,0
266,658,291,3,0
266,663,267,2,1
266,680,291,3,0
266,707,267,2,1
267,627,268,2,1
267,628,268,2,1
267,642,268,2,1
267,647,292,3,0
267,658,292,3,0
267,663,268,2,1
267,679,268,2,1
267,680,292,3,0
267,707,268,2,1
267,722,268,2,1
268,627,269,2,1
268,628,269,2,1
268,642,269,2,1
268,647,293,3,0
268,658,293,3,0
268,663,269,2,1
268,679,269,2,1
268,680,293,3,0
268,707,269,2,1
268,722,269,2,1
269,627,244,0,3
269,628,294,3,0
269,642,244,0,3
269,663,244,0,3
269,679,244,0,3
269,680,294,3,0
269,707,244,0,3
269,722,270,2,1
270,627,245,0,3
270,628,295,3,0
270,642,245,0,3
270,647,269,1,2
270,658,269,1,2
270,663,245,0,3
270,679,245,0,3
270,680,269,1,2
270,707,245,0,3
270,722,271,2,1
271,628,296,3,0
271,642,246,0,3
271,647,270,1,2
271,658,270,1,2
271,663,246,0,3
271,680,270,1,2
271,707,246,0,3
272,628,297,3,0
272,642,247,0,3
272,647,271,1,2
272,680,271,1,2
272,709,273,2,1
273,628,298,3,0
273,642,248,0,3
273,680,272,1,2
274,656,273,1,2
276,628,301,3,0
276,642,251,0,3
276,656,275,1,1
277,628,302,3,0
277,642,252,0,3
277,680,278,2,1
277,709,278,2,1
278,628,303,3,0
278,642,253,0,3
278,647,279,2,1
278,658,279,2,1
278,663,253,0,3
278,680,279,2,1
278,707,303,3,0
279,627,254,0,3
279,628,304,3,0
279,642,254,0,3
279,647,280,2,1
279,658,280,2,1
279,663,254,0,3
279,679,254,0,3
279,680,280,2,1
279,707,304,3,0
279,722,254,0,3
280,627,255,0,3
280,628,305,3,0
280,642,255,0,3
280,647,281,2,1
280,658,281,2,1
280,663,255,0,3
280,679,255,0,3
280,680,281,2,1
280,707,305,3,0
280,722,255,0,3
281,627,256,0,3
281,628,306,3,0
281,642,256,0,3
281,663,256,0,3
281,679,256,0,3
281,680,306,3,0
282,627,281,1,2
282,628,281,1,2
282,642,281,1,2
282,647,307,3,0
282,658,307,3,0
282,663,281,1,2
282,679,281,1,2
282,680,307,3,0
282,707,281,1,2
282,722,281,1,2
283,627,282,1,2
283,628,282,1,2
283,642,282,1,2
283,647,308,3,0
283,658,308,3,0
283,663,282,1,2
283,679,282,1,2
283,680,308,3,0
283,707,282,1,2
283,722,282,1,2
284,628,283,1,2
284,642,283,1,2
284,647,309,3,0
284,658,309,3,0
284,663,283,1,2
284,680,309,3,0
284,707,283,1,2
285,628,284,1,2
285,642,284,1,2
285,680,310,3,0
286,628,285,1,2
286,642,285,1,2
286,656,287,2,1
289,628,290,2,1
289,642,290,2,1
289,680,314,3,0
290,628,291,2,1
290,642,291,2,1
290,647,315,3,0
290,680,315,3,0
290,709,289,1,2
291,628,292,2,1
291,642,292,2,1
291,647,316,3,0
291,658,316,3,0
291,663,292,2,1
291,680,316,3,0
291,707,292,2,1
292,627,293,2,1
292,628,293,2,1
292,642,293,2,1
292,647,317,3,0
292,658,317,3,0
292,663,293,2,1
292,679,293,2,1
292,680,317,3,0
292,707,293,2,1
292,722,293,2,1
293,627,294,2,1
293,628,294,2,1
293,642,294,2,1
293,647,318,3,0
293,658,318,3,0
293,663,294,2,1
293,679,294,2,1
293,680,318,3,0
293,707,294,2,1
293,722,294,2,1
294,627,269,0,3
294,628,319,3,0
294,642,269,0,3
294,663,269,0,3
294,679,269,0,3
294,680,319,3,0
295,627,270,0,3
295,628,320,3,0
295,642,270,0,3
295,647,294,1,2
295,658,294,1,2
295,663,270,0,3
295,679,270,0,3
295,680,294,1,2
295,707,320,3,0
295,722,270,0,3
296,628,321,3,0
296,642,271,0,3
296,647,295,1,2
296,658,295,1,2
296,663,271,0,3
296,680,295,1,2
296,707,321,3,0
297,628,322,3,0
297,642,272,0,3
297,647,296,1,2
297,680,296,1,2
297,709,298,2,1
298,628,323,3,0
298,642,273,0,3
298,680,297,1,2
299,656,298,1,2
301,628,326,3,0
301,642,276,0,3
301,656,300,1,1
302,628,327,3,0
302,642,277,0,3
302,680,303,2,1
302,709,303,2,1
303,628,328,3,0
303,642,278,0,3
303,647,304,2,1
303,658,304,2,1
303,663,328,3,0
303,680,304,2,1
303,707,328,3,0
304,627,329,3,0
304,628,329,3,0
304,642,279,0,3
304,647,305,2,1
304,658,305,2,1
304,663,329,3,0
304,679,279,0,3
304,680,305,2,1
304,707,329,3,0
304,722,279,0,3
305,627,330,3,0
305,628,330,3,0
305,642,280,0,3
305,647,306,2,1
305,658,306,2,1
305,663,330,3,0
305,679,280,0,3
305,680,306,2,1
305,707,330,3,0
305,722,280,0,3
306,628,331,3,0
306,642,281,0,3
306,647,331,3,0
306,679,281,0,3
306,680,331,3,0
307,627,306,1,2
307,628,306,1,2
307,642,306,1,2
307,647,332,3,0
307,658,332,3,0
307,663,306,1,2
307,679,306,1,2
307,680,332,3,0
307,707,306,1,2
307,722,306,1,2
308,627,307,1,2
308,628,307,1,2
308,642,307,1,2
308,647,333,3,0
308,658,333,3,0
308,663,307,1,2
308,679,307,1,2
308,680,333,3,0
308,707,307,1,2
308,722,307,1,2
309,628,308,1,2
309,642,308,1,2
309,647,334,3,0
309,658,334,3,0
309,663,308,1,2
309,680,334,3,0
309,707,308,1,2
310,628,309,1,2
310,642,309,1,2
310,680,335,3,0
311,628,310,1,2
311,642,310,1,2
311,656,312,2,1
314,628,315,2,1
314,642,315,2,1
314,680,339,3,0
315,628,316,2,1
315,642,316,2,1
315,647,340,3,0
315,680,340,3,0
315,709,314,1,2
316,628,317,2,1
316,642,317,2,1
316,647,341,3,0
316,658,341,3,0
316,663,317,2,1
316,680,341,3,0
316,707,317,2,1
317,627,318,2,1
317,628,318,2,1
317,642,318,2,1
317,647,342,3,0
317,658,342,3,0
317,663,318,2,1
317,679,318,2,1
317,680,342,3,0
317,707,318,2,1
317,722,318,2,1
318,627,319,2,1
318,628,319,2,1
318,642,319,2,1
318,647,343,3,0
318,658,343,3,0
318,663,319,2,1
318,679,319,2,1
318,680,343,3,0
318,707,319,2,1
318,722,319,2,1
319,628,344,3,0
319,642,294,0,3
319,647,344,3,0
319,679,294,0,3
319,680,344,3,0
320,627,345,3,0
320,628,345,3,0
320,642,295,0,3
320,647,319,1,2
320,658,319,1,2
320,663,345,3,0
320,679,295,0,3
320,680,319,1,2
320,707,345,3,0
320,722,295,0,3
321,628,346,3,0
321,642,296,0,3
321,647,320,1,2
321,658,320,1,2
321,663,346,3,0
321,680,320,1,2
321,707,346,3,0
322,628,347,3,0
322,642,297,0,3
322,647,321,1,2
322,680,321,1,2
322,709,323,2,1
323,628,348,3,0
323,642,298,0,3
323,680,322,1,2
324,656,323,1,2
326,628,351,3,0
326,642,301,0,3
326,656,325,1,1
327,628,352,3,0
327,642,302,0,3
327,680,328,2,1
327,709,328,2,1
328,628,353,3,0
328,642,303,0,3
328,647,329,2,1
328,658,329,2,1
328,663,353,3,0
328,680,329,2,1
328,707,353,3,0
328,709,709,88,0
329,627,354,3,0
329,628,354,3,0
329,642,304,0,3
329,647,330,2,1
329,658,330,2,1
329,663,354,3,0
329,679,354,3,0
329,680,330,2,1
329,707,354,3,0
329,709,328,1,2
329,722,304,0,3
330,627,355,3,0
330,628,355,3,0
330,642,305,0,3
330,647,331,2,1
330,658,331,2,1
330,663,355,3,0
330,679,355,3,0
330,680,331,2,1
330,707,355,3,0
330,709,329,1,2
330,722,305,0,3
331,628,356,3,0
331,642,306,0,3
331,647,356,3,0
331,680,356,3,0
331,709,330,1,2
332,627,331,1,2
332,628,331,1,2
332,642,331,1,2
332,647,357,3,0
332,658,357,3,0
332,663,331,1,2
332,679,331,1,2
332,680,357,3,0
332,707,331,1,2
332,722,331,1,2
333,627,332,1,2
333,628,332,1,2
333,642,332,1,2
333,647,358,3,0
333,658,358,3,0
333,663,332,1,2
333,679,332,1,2
333,680,358,3,0
333,707,332,1,2
333,722,332,1,2
334,628,333,1,2
334,642,333,1,2
334,647,359,3,0
334,658,359,3,0
334,663,333,1,2
334,680,359,3,0
334,707,333,1,2
335,628,334,1,2
335,642,334,1,2
335,680,360,3,0
336,628,335,1,2
336,642,335,1,2
336,656,337,2,1
339,628,340,2,1
339,642,340,2,1
339,680,364,3,0
340,628,341,2,1
340,642,341,2,1
340,647,365,3,0
340,680,365,3,0
340,709,339,1,2
341,628,342,2,1
341,642,342,2,1
341,647,366,3,0
341,658,366,3,0
341,663,342,2,1
341,680,366,3,0
341,707,342,2,1
342,627,343,2,1
342,628,343,2,1
342,642,343,2,1
342,647,367,3,0
342,658,367,3,0
342,663,343,2,1
342,679,343,2,1
342,680,367,3,0
342,707,343,2,1
342,722,343,2,1
343,627,344,2,1
343,628,344,2,1
343,642,344,2,1
343,647,368,3,0
343,658,368,3,0
343,663,344,2,1
343,679,344,2,1
343,680,368,3,0
343,707,344,2,1
343,722,344,2,1
344,628,369,3,0
344,642,319,0,3
344,647,369,3,0
344,680,369,3,0
344,709,345,2,1
345,627,370,3,0
345,628,370,3,0
345,642,320,0,3
345,647,344,1,2
345,658,344,1,2
345,663,370,3,0
345,679,370,3,0
345,680,344,1,2
345,707,370,3,0
345,709,346,2,1
345,722,320,0,3
346,628,371,3,0
346,642,321,0,3
346,647,345,1,2
346,658,345,1,2
346,663,371,3,0
346,680,345,1,2
346,707,371,3,0
346,709,347,2,1
347,628,372,3,0
347,642,322,0,3
347,647,346,1,2
347,680,346,1,2
347,709,348,2,1
348,628,373,3,0
348,642,323,0,3
348,680,347,1,2
349,656,348,1,2
351,628,376,3,0
351,642,326,0,3
351,656,350,1,1
352,628,377,3,0
352,642,327,0,3
352,680,353,2,1
352,709,353,2,1
353,628,378,3,0
353,642,328,0,3
353,647,354,2,1
353,658,354,2,1
353,663,378,3,0
353,680,354,2,1
353,707,378,3,0
353,709,328,0,3
354,627,379,3,0
354,628,379,3,0
354,642,329,0,3
354,647,355,2,1
354,658,355,2,1
354,663,379,3,0
354,679,379,3,0
354,680,355,2,1
354,707,379,3,0
354,709,329,0,3
354,722,329,0,3
355,627,380,3,0
355,628,380,3,0
355,642,330,0,3
355,647,356,2,1
355,658,356,2,1
355,663,380,3,0
355,679,380,3,0
355,680,356,2,1
355,707,380,3,0
355,709,330,0,3
355,722,330,0,3
356,628,381,3,0
356,642,331,0,3
356,647,381,3,0
356,658,357,2,1
356,680,381,3,0
356,709,331,0,3
357,627,356,1,2
357,628,356,1,2
357,642,356,1,2
357,647,382,3,0
357,658,358,2,1
357,663,356,1,2
357,679,356,1,2
357,680,382,3,0
357,707,356,1,2
357,722,356,1,2
358,627,357,1,2
358,628,357,1,2
358,642,357,1,2
358,647,383,3,0
358,658,359,2,1
358,663,357,1,2
358,679,357,1,2
358,680,383,3,0
358,707,357,1,2
358,722,357,1,2
359,628,358,1,2
359,642,358,1,2
359,647,384,3,0
359,658,658,37,0
359,663,358,1,2
359,680,384,3,0
359,707,358,1,2
360,628,359,1,2
360,642,359,1,2
360,680,385,3,0
361,628,360,1,2
361,642,360,1,2
361,656,362,2,1
364,628,365,2,1
364,642,365,2,1
364,680,389,3,0
365,628,366,2,1
365,642,366,2,1
365,647,390,3,0
365,680,390,3,0
365,709,364,1,2
366,628,367,2,1
366,642,367,2,1
366,647,391,3,0
366,658,365,1,2
366,663,367,2,1
366,680,391,3,0
366,707,367,2,1
367,627,368,2,1
367,628,368,2,1
367,642,368,2,1
367,647,392,3,0
367,658,366,1,2
367,663,368,2,1
367,679,368,2,1
367,680,392,3,0
367,707,368,2,1
367,722,368,2,1
368,627,369,2,1
368,628,369,2,1
368,642,369,2,1
368,647,393,3,0
368,658,367,1,2
368,663,369,2,1
368,679,369,2,1
368,680,393,3,0
368,707,369,2,1
368,722,369,2,1
369,628,394,3,0
369,642,344,0,3
369,647,394,3,0
369,658,368,1,2
369,680,394,3,0
369,709,344,0,3
370,627,395,3,0
370,628,395,3,0
370,642,345,0,3
370,647,369,1,2
370,658,369,1,2
370,663,395,3,0
370,679,395,3,0
370,680,369,1,2
370,707,395,3,0
370,709,345,0,3
370,722,345,0,3
371,628,396,3,0
371,642,346,0,3
371,647,370,1,2
371,658,370,1,2
371,663,396,3,0
371,680,370,1,2
371,707,396,3,0
371,709,346,0,3
372,628,397,3,0
372,642,347,0,3
372,647,371,1,2
372,680,371,1,2
373,628,398,3,0
373,642,348,0,3
373,680,372,1,2
374,656,373,1,2
376,628,628,7,0
376,642,351,0,3
376,656,375,1,1
377,628,376,1,2
377,642,352,0,3
377,680,378,2,1
377,709,378,2,1
378,628,377,1,2
378,642,353,0,3
378,647,379,2,1
378,658,379,2,1
378,663,403,3,0
378,680,379,2,1
378,707,403,3,0
379,627,404,3,0
379,628,378,1,2
379,642,354,0,3
379,647,380,2,1
379,658,380,2,1
379,663,404,3,0
379,679,404,3,0
379,680,380,2,1
379,707,404,3,0
379,722,354,0,3
380,627,405,3,0
380,628,379,1,2
380,642,355,0,3
380,647,381,2,1
380,658,381,2,1
380,663,405,3,0
380,679,405,3,0
380,680,381,2,1
380,707,405,3,0
380,722,355,0,3
381,628,380,1,2
381,642,356,0,3
381,647,406,3,0
381,658,356,0,3
381,680,382,2,1
381,707,406,3,0
382,627,381,1,2
382,628,381,1,2
382,642,381,1,2
382,647,407,3,0
382,658,357,0,3
382,663,381,1,2
382,679,381,1,2
382,680,383,2,1
382,707,381,1,2
382,722,381,1,2
383,627,382,1,2
383,628,382,1,2
383,642,382,1,2
383,647,408,3,0
383,658,358,0,3
383,663,382,1,2
383,679,382,1,2
383,680,384,2,1
383,707,382,1,2
383,722,382,1,2
384,628,383,1,2
384,642,383,1,2
384,647,409,3,0
384,658,359,0,3
384,663,383,1,2
384,680,385,2,1
384,707,383,1,2
385,628,384,1,2
385,642,384,1,2
385,680,386,2,1
386,628,385,1,2
386,642,385,1,2
386,656,387,2,1
389,628,390,2,1
389,642,390,2,1
389,680,680,59,0
390,628,391,2,1
390,642,391,2,1
390,647,415,3,0
390,680,389,1,2
390,709,389,1,2
391,628,392,2,1
391,642,392,2,1
391,647,416,3,0
391,658,366,0,3
391,663,392,2,1
391,680,390,1,2
391,707,392,2,1
392,627,393,2,1
392,628,393,2,1
392,642,393,2,1
392,647,417,3,0
392,658,367,0,3
392,663,393,2,1
392,679,393,2,1
392,680,391,1,2
392,707,393,2,1
392,722,393,2,1
393,627,394,2,1
393,628,394,2,1
393,642,394,2,1
393,647,418,3,0
393,658,368,0,3
393,663,394,2,1
393,679,394,2,1
393,680,392,1,2
393,707,394,2,1
393,722,394,2,1
394,628,395,2,1
394,642,369,0,3
394,647,419,3,0
394,658,369,0,3
394,680,393,1,2
394,707,419,3,0
395,627,420,3,0
395,628,396,2,1
395,642,370,0,3
395,647,394,1,2
395,658,394,1,2
395,663,420,3,0
395,679,420,3,0
395,680,394,1,2
395,707,420,3,0
395,722,370,0,3
396,628,397,2,1
396,642,371,0,3
396,647,395,1,2
396,658,395,1,2
396,663,421,3,0
396,680,395,1,2
396,707,421,3,0
397,628,398,2,1
397,642,372,0,3
397,647,396,1,2
397,680,396,1,2
397,709,398,2,1
398,628,399,2,1
398,642,373,0,3
398,680,397,1,2
399,656,398,1,2
401,628,376,0,3
401,642,426,3,0
401,656,400,1,1
402,628,377,0,3
402,642,427,3,0
402,680,403,2,1
402,709,403,2,1
403,628,378,0,3
403,642,428,3,0
403,647,404,2,1
403,658,404,2,1
403,663,428,3,0
403,680,404,2,1
403,707,428,3,0
404,627,429,3,0
404,628,379,0,3
404,642,429,3,0
404,647,405,2,1
404,658,405,2,1
404,663,429,3,0
404,679,429,3,0
404,680,405,2,1
404,707,429,3,0
404,722,379,0,3
405,627,430,3,0
405,628,380,0,3
405,642,430,3,0
405,647,406,2,1
405,658,406,2,1
405,663,430,3,0
405,679,430,3,0
405,680,406,2,1
405,707,430,3,0
405,722,380,0,3
406,647,431,3,0
406,658,381,0,3
406,663,431,3,0
406,707,431,3,0
407,627,406,1,2
407,628,406,1,2
407,642,406,1,2
407,647,432,3,0
407,658,382,0,3
407,663,406,1,2
407,679,406,1,2
407,680,382,0,3
407,707,406,1,2
407,722,406,1,2
408,627,407,1,2
408,628,407,1,2
408,642,407,1,2
408,647,433,3,0
408,658,383,0,3
408,663,407,1,2
408,679,407,1,2
408,680,383,0,3
408,707,407,1,2
408,722,407,1,2
409,628,408,1,2
409,642,408,1,2
409,647,434,3,0
409,658,384,0,3
409,663,408,1,2
409,680,384,0,3
409,707,408,1,2
410,628,409,1,2
410,642,409,1,2
410,680,385,0,3
411,628,410,1,2
411,642,410,1,2
411,656,412,2,1
414,628,415,2,1
414,642,415,2,1
414,680,389,0,3
415,628,416,2,1
415,642,416,2,1
415,647,440,3,0
415,680,390,0,3
415,709,414,1,2
416,628,417,2,1
416,642,417,2,1
416,647,441,3,0
416,658,391,0,3
416,663,417,2,1
416,680,391,0,3
416,707,417,2,1
417,627,418,2,1
417,628,418,2,1
417,642,418,2,1
417,647,442,3,0
417,658,392,0,3
417,663,418,2,1
417,679,418,2,1
417,680,392,0,3
417,707,418,2,1
417,722,418,2,1
418,627,419,2,1
418,628,419,2,1
418,642,419,2,1
418,647,443,3,0
418,658,393,0,3
418,663,419,2,1
418,679,419,2,1
418,680,393,0,3
418,707,419,2,1
418,722,419,2,1
419,647,444,3,0
419,658,394,0,3
419,663,444,3,0
419,707,444,3,0
420,627,445,3,0
420,628,395,0,3
420,642,445,3,0
420,647,419,1,2
420,658,419,1,2
420,663,445,3,0
420,679,445,3,0
420,680,419,1,2
420,707,445,3,0
420,722,395,0,3
421,628,396,0,3
421,642,446,3,0
421,647,420,1,2
421,658,420,1,2
421,663,446,3,0
421,680,420,1,2
421,707,446,3,0
422,628,397,0,3
422,642,447,3,0
422,647,421,1,2
422,680,421,1,2
422,709,423,2,1
423,628,398,0,3
423,642,448,3,0
423,680,422,1,2
424,656,423,1,2
426,628,401,0,3
426,642,451,3,0
426,656,425,1,1
427,628,402,0,3
427,642,452,3,0
427,656,402,0,3
427,680,428,2,1
427,709,428,2,1
428,628,403,0,3
428,642,453,3,0
428,647,429,2,1
428,656,403,0,3
428,658,429,2,1
428,663,453,3,0
428,680,429,2,1
428,707,453,3,0
429,627,454,3,0
429,628,404,0,3
429,642,454,3,0
429,647,430,2,1
429,656,404,0,3
429,658,430,2,1
429,663,454,3,0
429,679,454,3,0
429,680,430,2,1
429,707,454,3,0
429,722,404,0,3
430,627,455,3,0
430,628,405,0,3
430,642,455,3,0
430,647,431,2,1
430,656,405,0,3
430,658,431,2,1
430,663,455,3,0
430,679,455,3,0
430,680,431,2,1
430,707,455,3,0
430,722,405,0,3
431,628,406,0,3
431,642,456,3,0
431,647,456,3,0
431,656,406,0,3
431,658,406,0,3
431,663,456,3,0
431,707,456,3,0
431,722,406,0,3
432,627,431,1,2
432,628,431,1,2
432,642,431,1,2
432,647,457,3,0
432,658,407,0,3
432,663,431,1,2
432,679,431,1,2
432,680,407,0,3
432,707,431,1,2
432,722,431,1,2
433,627,432,1,2
433,628,432,1,2
433,642,432,1,2
433,647,458,3,0
433,658,408,0,3
433,663,432,1,2
433,679,432,1,2
433,680,408,0,3
433,707,432,1,2
433,722,432,1,2
434,628,433,1,2
434,642,433,1,2
434,647,459,3,0
434,658,409,0,3
434,663,433,1,2
434,680,409,0,3
434,707,433,1,2
435,628,434,1,2
435,642,434,1,2
435,680,410,0,3
436,628,435,1,2
436,642,435,1,2
436,656,437,2,1
439,628,440,2,1
439,642,440,2,1
439,680,414,0,3
440,628,441,2,1
440,642,441,2,1
440,647,465,3,0
440,680,415,0,3
440,709,439,1,2
441,628,442,2,1
441,642,442,2,1
441,647,466,3,0
441,658,416,0,3
441,663,442,2,1
441,680,416,0,3
441,707,442,2,1
442,627,443,2,1
442,628,443,2,1
442,642,443,2,1
442,647,467,3,0
442,658,417,0,3
442,663,443,2,1
442,679,443,2,1
442,680,417,0,3
442,707,443,2,1
442,722,443,2,1
443,627,444,2,1
443,628,444,2,1
443,642,444,2,1
443,647,468,3,0
443,658,418,0,3
443,663,444,2,1
443,679,444,2,1
443,680,418,0,3
443,707,444,2,1
443,722,444,2,1
444,628,419,0,3
444,642,469,3,0
444,647,469,3,0
444,656,419,0,3
444,658,419,0,3
444,663,469,3,0
444,707,469,3,0
444,722,419,0,3
445,627,470,3,0
445,628,420,0,3
445,642,470,3,0
445,647,444,1,2
445,656,420,0,3
445,658,444,1,2
445,663,470,3,0
445,679,470,3,0
445,680,444,1,2
445,707,470,3,0
445,722,420,0,3
446,628,421,0,3
446,642,471,3,0
446,647,445,1,2
446,656,421,0,3
446,658,445,1,2
446,663,471,3,0
446,680,445,1,2
446,707,471,3,0
447,628,422,0,3
447,642,472,3,0
447,647,446,1,2
447,656,422,0,3
447,680,446,1,2
447,709,448,2,1
448,628,423,0,3
448,642,473,3,0
448,656,423,0,3
448,680,447,1,2
449,656,448,1,2
451,628,426,0,3
451,642,476,3,0
451,656,450,1,1
452,628,427,0,3
452,642,477,3,0
452,680,453,2,1
452,709,453,2,1
453,628,428,0,3
453,642,478,3,0
453,647,454,2,1
453,658,454,2,1
453,663,478,3,0
453,680,454,2,1
453,707,478,3,0
454,627,479,3,0
454,628,429,0,3
454,642,479,3,0
454,647,455,2,1
454,658,455,2,1
454,663,479,3,0
454,679,479,3,0
454,680,455,2,1
454,707,479,3,0
454,722,429,0,3
455,627,480,3,0
455,628,430,0,3
455,642,480,3,0
455,647,456,2,1
455,658,456,2,1
455,663,480,3,0
455,679,480,3,0
455,680,456,2,1
455,707,480,3,0
455,722,430,0,3
456,627,481,3,0
456,628,431,0,3
456,642,481,3,0
456,647,481,3,0
456,658,431,0,3
456,663,481,3,0
456,680,431,0,3
456,707,481,3,0
456,722,431,0,3
457,627,456,1,2
457,628,456,1,2
457,642,456,1,2
457,647,482,3,0
457,658,432,0,3
457,663,456,1,2
457,679,456,1,2
457,680,432,0,3
457,707,456,1,2
457,722,456,1,2
458,627,457,1,2
458,628,457,1,2
458,642,457,1,2
458,647,483,3,0
458,658,433,0,3
458,663,457,1,2
458,679,457,1,2
458,680,433,0,3
458,707,457,1,2
458,722,457,1,2
459,628,458,1,2
459,642,458,1,2
459,647,484,3,0
459,658,434,0,3
459,663,458,1,2
459,680,434,0,3
459,707,458,1,2
460,628,459,1,2
460,642,459,1,2
460,680,435,0,3
461,628,460,1,2
461,642,460,1,2
461,656,462,2,1
464,628,465,2,1
464,642,465,2,1
464,680,439,0,3
465,628,466,2,1
465,642,466,2,1
465,647,490,3,0
465,680,440,0,3
465,709,464,1,2
466,628,467,2,1
466,642,467,2,1
466,647,491,3,0
466,658,441,0,3
466,663,467,2,1
466,680,441,0,3
466,707,467,2,1
467,627,468,2,1
467,628,468,2,1
467,642,468,2,1
467,647,492,3,0
467,658,442,0,3
467,663,468,2,1
467,679,468,2,1
467,680,442,0,3
467,707,468,2,1
467,722,468,2,1
468,627,469,2,1
468,628,469,2,1
468,642,469,2,1
468,647,493,3,0
468,658,443,0,3
468,663,469,2,1
468,679,469,2,1
468,680,443,0,3
468,707,469,2,1
468,722,469,2,1
469,627,494,3,0
469,628,444,0,3
469,642,494,3,0
469,647,494,3,0
469,658,444,0,3
469,663,494,3,0
469,680,444,0,3
469,707,494,3,0
469,722,444,0,3
470,627,495,3,0
470,628,445,0,3
470,642,495,3,0
470,647,469,1,2
470,658,469,1,2
470,663,495,3,0
470,679,495,3,0
470,680,469,1,2
470,707,495,3,0
470,722,445,0,3
471,628,446,0,3
471,642,496,3,0
471,647,470,1,2
471,658,470,1,2
471,663,496,3,0
471,680,470,1,2
471,707,496,3,0
472,628,447,0,3
472,642,497,3,0
472,647,471,1,2
472,680,471,1,2
472,709,473,2,1
473,628,448,0,3
473,642,498,3,0
473,680,472,1,2
474,656,473,1,2
476,628,451,0,3
476,642,501,3,0
476,656,475,1,1
477,628,452,0,3
477,642,502,3,0
477,680,478,2,1
477,709,478,2,1
478,628,453,0,3
478,642,503,3,0
478,647,479,2,1
478,658,479,2,1
478,663,503,3,0
478,680,479,2,1
478,707,503,3,0
479,627,504,3,0
479,628,454,0,3
479,642,504,3,0
479,647,480,2,1
479,658,480,2,1
479,663,504,3,0
479,679,504,3,0
479,680,480,2,1
479,707,504,3,0
479,722,454,0,3
480,627,505,3,0
480,628,455,0,3
480,642,505,3,0
480,647,481,2,1
480,658,481,2,1
480,663,505,3,0
480,679,505,3,0
480,680,481,2,1
480,707,505,3,0
480,722,455,0,3
481,627,506,3,0
481,628,456,0,3
481,642,506,3,0
481,647,506,3,0
481,658,456,0,3
481,663,506,3,0
481,679,506,3,0
481,680,456,0,3
481,707,506,3,0
481,722,456,0,3
482,627,481,1,2
482,628,481,1,2
482,642,481,1,2
482,647,507,3,0
482,658,457,0,3
482,663,481,1,2
482,679,481,1,2
482,680,457,0,3
482,707,481,1,2
482,722,481,1,2
483,627,482,1,2
483,628,482,1,2
483,642,482,1,2
483,647,508,3,0
483,658,458,0,3
483,663,482,1,2
483,679,482,1,2
483,680,458,0,3
483,707,482,1,2
483,722,482,1,2
484,628,483,1,2
484,642,483,1,2
484,647,509,3,0
484,658,459,0,3
484,663,483,1,2
484,680,459,0,3
484,707,483,1,2
485,628,484,1,2
485,642,484,1,2
485,680,460,0,3
486,628,485,1,2
486,642,485,1,2
486,656,487,2,1
489,628,490,2,1
489,642,490,2,1
489,680,464,0,3
490,628,491,2,1
490,642,491,2,1
490,647,515,3,0
490,680,465,0,3
490,709,489,1,2
491,628,492,2,1
491,642,492,2,1
491,647,516,3,0
491,658,466,0,3
491,663,492,2,1
491,680,466,0,3
491,707,492,2,1
492,627,493,2,1
492,628,493,2,1
492,642,493,2,1
492,647,517,3,0
492,658,467,0,3
492,663,493,2,1
492,679,493,2,1
492,680,467,0,3
492,707,493,2,1
492,722,493,2,1
493,627,494,2,1
493,628,494,2,1
493,642,494,2,1
493,647,518,3,0
493,658,468,0,3
493,663,494,2,1
493,679,494,2,1
493,680,468,0,3
493,707,494,2,1
493,722,494,2,1
494,627,519,3,0
494,628,469,0,3
494,642,519,3,0
494,647,519,3,0
494,658,469,0,3
494,663,519,3,0
494,679,519,3,0
494,680,469,0,3
494,707,519,3,0
494,722,469,0,3
495,627,520,3,0
495,628,470,0,3
495,642,520,3,0
495,647,494,1,2
495,658,494,1,2
495,663,520,3,0
495,679,520,3,0
495,680,494,1,2
495,707,520,3,0
495,722,470,0,3
496,628,471,0,3
496,642,521,3,0
496,647,495,1,2
496,658,495,1,2
496,663,521,3,0
496,680,495,1,2
496,707,521,3,0
497,628,472,0,3
497,642,522,3,0
497,647,496,1,2
497,680,496,1,2
497,709,498,2,1
498,628,473,0,3
498,642,523,3,0
498,680,497,1,2
499,656,498,1,2
501,628,476,0,3
501,642,526,3,0
501,656,500,1,1
502,628,477,0,3
502,642,527,3,0
502,680,503,2,1
502,709,503,2,1
503,628,478,0,3
503,642,528,3,0
503,647,504,2,1
503,658,504,2,1
503,663,528,3,0
503,680,504,2,1
503,707,528,3,0
504,627,529,3,0
504,628,479,0,3
504,642,529,3,0
504,647,505,2,1
504,658,505,2,1
504,663,529,3,0
504,679,529,3,0
504,680,505,2,1
504,707,529,3,0
504,722,479,0,3
505,627,530,3,0
505,628,480,0,3
505,642,530,3,0
505,647,506,2,1
505,658,506,2,1
505,663,530,3,0
505,679,530,3,0
505,680,506,2,1
505,707,530,3,0
505,722,480,0,3
506,627,531,3,0
506,628,481,0,3
506,642,531,3,0
506,647,531,3,0
506,658,481,0,3
506,663,531,3,0
506,679,531,3,0
506,680,481,0,3
506,707,531,3,0
506,722,481,0,3
507,627,506,1,2
507,628,506,1,2
507,642,506,1,2
507,647,532,3,0
507,658,482,0,3
507,663,506,1,2
507,679,506,1,2
507,680,482,0,3
507,707,506,1,2
507,722,506,1,2
508,627,507,1,2
508,628,507,1,2
508,642,507,1,2
508,647,533,3,0
508,658,483,0,3
508,663,507,1,2
508,679,507,1,2
508,680,483,0,3
508,707,507,1,2
508,722,507,1,2
509,628,508,1,2
509,642,508,1,2
509,647,534,3,0
509,658,484,0,3
509,663,508,1,2
509,680,484,0,3
509,707,508,1,2
510,628,509,1,2
510,642,509,1,2
510,680,485,0,3
511,628,510,1,2
511,642,510,1,2
511,656,512,2,1
514,628,515,2,1
514,642,515,2,1
514,680,489,0,3
515,628,516,2,1
515,642,516,2,1
515,647,540,3,0
515,680,490,0,3
515,709,514,1,2
516,628,517,2,1
516,642,517,2,1
516,647,541,3,0
516,658,491,0,3
516,663,517,2,1
516,680,491,0,3
516,707,517,2,1
517,627,518,2,1
517,628,518,2,1
517,642,518,2,1
517,647,542,3,0
517,658,492,0,3
517,663,518,2,1
517,679,518,2,1
517,680,492,0,3
517,707,518,2,1
517,722,518,2,1
518,627,519,2,1
518,628,519,2,1
518,642,519,2,1
518,647,543,3,0
518,658,493,0,3
518,663,519,2,1
518,679,519,2,1
518,680,493,0,3
518,707,519,2,1
518,722,519,2,1
519,627,544,3,0
519,628,494,0,3
519,642,544,3,0
519,647,544,3,0
519,658,494,0,3
519,663,544,3,0
519,679,544,3,0
519,680,494,0,3
519,707,544,3,0
519,722,494,0,3
520,627,545,3,0
520,628,495,0,3
520,642,545,3,0
520,647,519,1,2
520,658,519,1,2
520,663,545,3,0
520,679,545,3,0
520,680,519,1,2
520,707,545,3,0
520,722,495,0,3
521,628,496,0,3
521,642,546,3,0
521,647,520,1,2
521,658,520,1,2
521,663,546,3,0
521,680,520,1,2
521,707,546,3,0
522,628,497,0,3
522,642,547,3,0
522,647,521,1,2
522,680,521,1,2
522,709,523,2,1
523,628,498,0,3
523,642,548,3,0
523,680,522,1,2
524,656,523,1,2
526,628,501,0,3
526,642,551,3,0
526,656,525,1,1
527,628,502,0,3
527,642,552,3,0
527,680,528,2,1
527,709,528,2,1
528,628,503,0,3
528,642,553,3,0
528,647,529,2,1
528,658,529,2,1
528,663,553,3,0
528,680,529,2,1
528,707,553,3,0
529,627,554,3,0
529,628,504,0,3
529,642,554,3,0
529,647,530,2,1
529,658,530,2,1
529,663,554,3,0
529,679,554,3,0
529,680,530,2,1
529,707,554,3,0
529,722,504,0,3
530,627,555,3,0
530,628,505,0,3
530,642,555,3,0
530,647,531,2,1
530,658,531,2,1
530,663,555,3,0
530,679,555,3,0
530,680,531,2,1
530,707,555,3,0
530,722,505,0,3
531,627,556,3,0
531,628,506,0,3
531,642,556,3,0
531,647,532,2,1
531,658,506,0,3
531,663,556,3,0
531,679,556,3,0
531,680,506,0,3
531,707,556,3,0
531,722,506,0,3
532,627,531,1,2
532,628,531,1,2
532,642,531,1,2
532,647,533,2,1
532,658,507,0,3
532,663,531,1,2
532,679,531,1,2
532,680,507,0,3
532,707,531,1,2
532,722,531,1,2
533,627,532,1,2
533,628,532,1,2
533,642,532,1,2
533,647,534,2,1
533,658,508,0,3
533,663,532,1,2
533,679,532,1,2
533,680,508,0,3
533,707,532,1,2
533,722,532,1,2
534,628,533,1,2
534,642,533,1,2
534,647,535,2,1
534,658,509,0,3
534,663,533,1,2
534,680,509,0,3
534,707,533,1,2
535,628,534,1,2
535,642,534,1,2
535,680,510,0,3
536,628,535,1,2
536,642,535,1,2
536,656,537,2,1
539,628,540,2,1
539,642,540,2,1
539,680,514,0,3
540,628,541,2,1
540,642,541,2,1
540,647,647,26,0
540,680,515,0,3
540,709,539,1,2
541,628,542,2,1
541,642,542,2,1
541,647,540,1,2
541,658,516,0,3
541,663,542,2,1
541,680,516,0,3
541,707,542,2,1
542,627,543,2,1
542,628,543,2,1
542,642,543,2,1
542,647,541,1,2
542,658,517,0,3
542,663,543,2,1
542,679,543,2,1
542,680,517,0,3
542,707,543,2,1
542,722,543,2,1
543,627,544,2,1
543,628,544,2,1
543,642,544,2,1
543,647,542,1,2
543,658,518,0,3
543,663,544,2,1
543,679,544,2,1
543,680,518,0,3
543,707,544,2,1
543,722,544,2,1
544,627,569,3,0
544,628,519,0,3
544,642,569,3,0
544,647,543,1,2
544,658,519,0,3
544,663,569,3,0
544,679,569,3,0
544,680,519,0,3
544,707,569,3,0
544,722,519,0,3
545,627,570,3,0
545,628,520,0,3
545,642,570,3,0
545,647,544,1,2
545,658,544,1,2
545,663,570,3,0
545,679,570,3,0
545,680,544,1,2
545,707,570,3,0
545,722,520,0,3
546,628,521,0,3
546,642,571,3,0
546,647,545,1,2
546,658,545,1,2
546,663,571,3,0
546,680,545,1,2
546,707,571,3,0
547,628,522,0,3
547,642,572,3,0
547,647,546,1,2
547,680,546,1,2
547,709,548,2,1
548,628,523,0,3
548,642,573,3,0
548,680,547,1,2
549,656,548,1,2
551,628,526,0,3
551,642,576,3,0
551,656,550,1,1
552,628,527,0,3
552,642,577,3,0
552,680,553,2,1
552,709,553,2,1
553,628,528,0,3
553,642,578,3,0
553,647,554,2,1
553,658,554,2,1
553,663,578,3,0
553,680,554,2,1
553,707,578,3,0
554,627,579,3,0
554,628,529,0,3
554,642,579,3,0
554,647,555,2,1
554,658,555,2,1
554,663,579,3,0
554,679,579,3,0
554,680,555,2,1
554,707,579,3,0
554,722,529,0,3
555,627,580,3,0
555,628,530,0,3
555,642,580,3,0
555,647,556,2,1
555,658,556,2,1
555,663,580,3,0
555,679,580,3,0
555,680,556,2,1
555,707,580,3,0
555,722,530,0,3
556,627,581,3,0
556,628,531,0,3
556,642,581,3,0
556,658,531,0,3
556,663,581,3,0
556,679,581,3,0
556,680,531,0,3
556,707,581,3,0
556,722,531,0,3
557,627,556,1,2
557,628,556,1,2
557,642,556,1,2
557,647,532,0,3
557,658,532,0,3
557,663,556,1,2
557,679,556,1,2
557,680,532,0,3
557,707,556,1,2
557,722,556,1,2
558,627,557,1,2
558,628,557,1,2
558,642,557,1,2
558,647,533,0,3
558,658,533,0,3
558,663,557,1,2
558,679,557,1,2
558,680,533,0,3
558,707,557,1,2
558,722,557,1,2
559,628,558,1,2
559,642,558,1,2
559,647,534,0,3
559,658,534,0,3
559,663,558,1,2
559,680,534,0,3
559,707,558,1,2
560,628,559,1,2
560,642,559,1,2
560,680,535,0,3
561,628,560,1,2
561,642,560,1,2
561,656,562,2,1
564,628,565,2,1
564,642,565,2,1
564,680,539,0,3
565,628,566,2,1
565,642,566,2,1
565,647,540,0,3
565,680,540,0,3
565,709,564,1,2
566,628,567,2,1
566,642,567,2,1
566,647,541,0,3
566,658,541,0,3
566,663,567,2,1
566,680,541,0,3
566,707,567,2,1
567,627,568,2,1
567,628,568,2,1
567,642,568,2,1
567,647,542,0,3
567,658,542,0,3
567,663,568,2,1
567,679,568,2,1
567,680,542,0,3
567,707,568,2,1
567,722,568,2,1
568,627,569,2,1
568,628,569,2,1
568,642,569,2,1
568,647,543,0,3
568,658,543,0,3
568,663,569,2,1
568,679,569,2,1
568,680,543,0,3
568,707,569,2,1
568,722,569,2,1
569,627,594,3,0
569,628,544,0,3
569,642,594,3,0
569,658,544,0,3
569,663,594,3,0
569,679,594,3,0
569,680,544,0,3
569,707,594,3,0
569,722,544,0,3
570,627,595,3,0
570,628,545,0,3
570,642,595,3,0
570,647,569,1,2
570,658,569,1,2
570,663,595,3,0
570,679,595,3,0
570,680,569,1,2
570,707,595,3,0
570,722,545,0,3
571,628,546,0,3
571,642,596,3,0
571,647,570,1,2
571,658,570,1,2
571,663,596,3,0
571,680,570,1,2
571,707,596,3,0
572,628,547,0,3
572,642,597,3,0
572,647,571,1,2
572,680,571,1,2
572,709,573,2,1
573,628,548,0,3
573,642,598,3,0
573,680,572,1,2
574,656,573,1,2
576,628,551,0,3
576,642,601,3,0
576,656,575,1,1
577,628,552,0,3
577,642,602,3,0
577,680,578,2,1
577,709,578,2,1
578,628,553,0,3
578,642,603,3,0
578,647,579,2,1
578,658,579,2,1
578,663,603,3,0
578,680,579,2,1
578,707,707,86,0
579,627,604,3,0
579,628,554,0,3
579,642,604,3,0
579,647,580,2,1
579,658,580,2,1
579,663,604,3,0
579,679,604,3,0
579,680,580,2,1
579,707,578,1,2
579,722,604,3,0
580,627,605,3,0
580,628,555,0,3
580,642,605,3,0
580,647,581,2,1
580,658,581,2,1
580,663,605,3,0
580,679,605,3,0
580,680,581,2,1
580,707,579,1,2
580,722,605,3,0
581,627,606,3,0
581,628,556,0,3
581,642,606,3,0
581,663,606,3,0
581,679,606,3,0
581,680,556,0,3
581,707,580,1,2
582,627,581,1,2
582,628,581,1,2
582,642,581,1,2
582,647,557,0,3
582,658,557,0,3
582,663,581,1,2
582,679,581,1,2
582,680,557,0,3
582,707,581,1,2
582,722,581,1,2
583,627,582,1,2
583,628,582,1,2
583,642,582,1,2
583,647,558,0,3
583,658,558,0,3
583,663,582,1,2
583,679,582,1,2
583,680,558,0,3
583,707,582,1,2
583,722,582,1,2
584,628,583,1,2
584,642,583,1,2
584,647,559,0,3
584,658,559,0,3
584,663,583,1,2
584,680,559,0,3
584,707,583,1,2
585,628,584,1,2
585,642,584,1,2
585,680,560,0,3
586,628,585,1,2
586,642,585,1,2
586,656,587,2,1
589,628,590,2,1
589,642,590,2,1
589,680,564,0,3
590,628,591,2,1
590,642,591,2,1
590,647,565,0,3
590,680,565,0,3
590,709,589,1,2
591,628,592,2,1
591,642,592,2,1
591,647,566,0,3
591,658,566,0,3
591,663,592,2,1
591,680,566,0,3
591,707,592,2,1
592,627,593,2,1
592,628,593,2,1
592,642,593,2,1
592,647,567,0,3
592,658,567,0,3
592,663,593,2,1
592,679,593,2,1
592,680,567,0,3
592,707,593,2,1
592,722,593,2,1
593,627,594,2,1
593,628,594,2,1
593,642,594,2,1
593,647,568,0,3
593,658,568,0,3
593,663,594,2,1
593,679,594,2,1
593,680,568,0,3
593,707,594,2,1
593,722,594,2,1
594,627,619,3,0
594,628,569,0,3
594,642,619,3,0
594,663,619,3,0
594,679,619,3,0
594,680,569,0,3
594,707,595,2,1
595,627,620,3,0
595,628,570,0,3
595,642,620,3,0
595,647,594,1,2
595,658,594,1,2
595,663,620,3,0
595,679,620,3,0
595,680,594,1,2
595,707,596,2,1
595,722,620,3,0
596,628,571,0,3
596,642,621,3,0
596,647,595,1,2
596,658,595,1,2
596,663,621,3,0
596,680,595,1,2
596,707,597,2,1
597,628,572,0,3
597,642,622,3,0
597,647,596,1,2
597,680,596,1,2
597,709,598,2,1
598,628,573,0,3
598,642,623,3,0
598,680,597,1,2
599,656,598,1,2
601,628,576,0,3
601,642,1,3,3
601,656,600,1,1
602,628,577,0,3
602,642,2,3,3
602,680,603,2,1
602,709,603,2,1
603,628,578,0,3
603,642,3,3,3
603,647,604,2,1
603,658,604,2,1
603,663,663,42,0
603,680,604,2,1
603,707,578,0,3
604,627,627,6,0
604,628,579,0,3
604,642,4,3,3
604,647,605,2,1
604,658,605,2,1
604,663,603,1,2
604,679,4,3,3
604,680,605,2,1
604,707,579,0,3
604,722,4,3,3
605,627,604,1,2
605,628,580,0,3
605,642,5,3,3
605,647,606,2,1
605,658,606,2,1
605,663,604,1,2
605,679,5,3,3
605,680,606,2,1
605,707,580,0,3
605,722,5,3,3
606,627,605,1,2
606,628,581,0,3
606,642,6,3,3
606,663,605,1,2
606,679,6,3,3
606,680,581,0,3
607,627,606,1,2
607,628,606,1,2
607,642,606,1,2
607,647,582,0,3
607,658,582,0,3
607,663,606,1,2
607,679,606,1,2
607,680,582,0,3
607,707,606,1,2
607,722,606,1,2
608,627,607,1,2
608,628,607,1,2
608,642,607,1,2
608,647,583,0,3
608,658,583,0,3
608,663,607,1,2
608,679,607,1,2
608,680,583,0,3
608,707,607,1,2
608,722,607,1,2
609,628,608,1,2
609,642,608,1,2
609,647,584,0,3
609,658,584,0,3
609,663,608,1,2
609,680,584,0,3
609,707,608,1,2
610,628,609,1,2
610,642,609,1,2
610,680,585,0,3
611,628,610,1,2
611,642,610,1,2
611,656,612,2,1
614,628,615,2,1
614,642,615,2,1
614,680,589,0,3
615,628,616,2,1
615,642,616,2,1
615,647,590,0,3
615,680,590,0,3
615,709,614,1,2
616,628,617,2,1
616,642,617,2,1
616,647,591,0,3
616,658,591,0,3
616,663,617,2,1
616,680,591,0,3
616,707,617,2,1
617,627,618,2,1
617,628,618,2,1
617,642,618,2,1
617,647,592,0,3
617,658,592,0,3
617,663,618,2,1
617,679,618,2,1
617,680,592,0,3
617,707,618,2,1
617,722,618,2,1
618,627,619,2,1
618,628,619,2,1
618,642,619,2,1
618,647,593,0,3
618,658,593,0,3
618,663,619,2,1
618,679,619,2,1
618,680,593,0,3
618,707,619,2,1
618,722,619,2,1
619,627,620,2,1
619,628,594,0,3
619,642,19,3,3
619,663,620,2,1
619,679,19,3,3
619,680,594,0,3
620,627,621,2,1
620,628,595,0,3
620,642,20,3,3
620,647,619,1,2
620,658,619,1,2
620,663,621,2,1
620,679,20,3,3
620,680,619,1,2
620,707,595,0,3
620,722,20,3,3
621,628,596,0,3
621,642,21,3,3
621,647,620,1,2
621,658,620,1,2
621,663,622,2,1
621,680,620,1,2
621,707,596,0,3
622,628,597,0,3
622,642,22,3,3
622,647,621,1,2
622,680,621,1,2
622,709,623,2,1
623,628,598,0,3
623,642,23,3,3
623,680,622,1,2
624,656,623,1,2
627,625,604,0,6
627,626,604,0,6
627,628,604,0,6
627,629,604,0,6
627,630,604,0,6
627,631,604,0,6
627,632,604,0,6
627,633,604,0,6
627,634,604,0,6
627,635,604,0,6
627,636,604,0,6
627,637,604,0,6
627,638,604,0,6
627,639,604,0,6
627,640,604,0,6
627,641,604,0,6
627,642,604,0,6
627,643,604,0,6
627,644,604,0,6
627,645,604,0,6
627,646,604,0,6
627,647,604,0,6
627,648,604,0,6
627,649,604,0,6
627,650,604,0,6
627,651,604,0,6
627,652,604,0,6
627,653,604,0,6
627,654,604,0,6
627,655,604,0,6
627,656,604,0,6
627,657,604,0,6
627,658,604,0,6
627,659,604,0,6
627,660,604,0,6
627,661,604,0,6
627,662,604,0,6
627,663,604,0,6
627,664,604,0,6
627,665,604,0,6
627,666,604,0,6
627,667,604,0,6
627,668,604,0,6
627,669,604,0,6
627,670,604,0,6
627,671,604,0,6
627,672,604,0,6
627,673,604,0,6
627,674,604,0,6
627,675,604,0,6
627,676,604,0,6
627,677,604,0,6
627,678,604,0,6
627,679,604,0,6
627,680,604,0,6
627,681,604,0,6
627,682,604,0,6
627,683,604,0,6
627,684,604,0,6
627,685,604,0,6
627,686,604,0,6
627,687,604,0,6
627,688,604,0,6
627,689,604,0,6
627,690,604,0,6
627,691,604,0,6
627,692,604,0,6
627,693,604,0,6
627,694,604,0,6
627,695,604,0,6
627,696,604,0,6
627,697,604,0,6
627,698,604,0,6
627,699,604,0,6
627,700,604,0,6
627,701,604,0,6
627,702,604,0,6
627,703,604,0,6
627,704,604,0,6
627,705,604,0,6
627,706,604,0,6
627,707,604,0,6
627,708,604,0,6
627,709,604,0,6
627,710,604,0,6
627,711,604,0,6
627,712,604,0,6
627,713,604,0,6
627,714,604,0,6
627,715,604,0,6
627,716,604,0,6
627,717,604,0,6
627,718,604,0,6
627,719,604,0,6
627,720,604,0,6
627,721,604,0,6
627,722,604,0,6
627,723,604,0,6
627,724,604,0,6
628,625,376,0,7
628,626,376,0,7
628,627,376,0,7
628,629,376,0,7
628,630,376,0,7
628,631,376,0,7
628,632,376,0,7
628,633,376,0,7
628,634,376,0,7
628,635,376,0,7
628,636,376,0,7
628,637,376,0,7
628,638,376,0,7
628,639,376,0,7
628,640,376,0,7
628,641,376,0,7
628,642,376,0,7
628,643,376,0,7
628,644,376,0,7
628,645,376,0,7
628,646,376,0,7
628,647,376,0,7
628,648,376,0,7
628,649,376,0,7
628,650,376,0,7
628,651,376,0,7
628,652,376,0,7
628,653,376,0,7
628,654,376,0,7
628,655,376,0,7
628,656,376,0,7
628,657,376,0,7
628,658,376,0,7
628,659,376,0,7
628,660,376,0,7
628,661,376,0,7
628,662,376,0,7
628,663,376,0,7
628,664,376,0,7
628,665,376,0,7
628,666,376,0,7
628,667,376,0,7
628,668,376,0,7
628,669,376,0,7
628,670,376,0,7
628,671,376,0,7
628,672,376,0,7
628,673,376,0,7
628,674,376,0,7
628,675,376,0,7
628,676,376,0,7
628,677,376,0,7
628,678,376,0,7
628,679,376,0,7
628,680,376,0,7
628,681,376,0,7
628,682,376,0,7
628,683,376,0,7
628,684,376,0,7
628,685,376,0,7
628,686,376,0,7
628,687,376,0,7
628,688,376,0,7
628,689,376,0,7
628,690,376,0,7
628,691,376,0,7
628,692,376,0,7
628,693,376,0,7
628,694,376,0,7
628,695,376,0,7
628,696,376,0,7
628,697,376,0,7
628,698,376,0,7
628,699,376,0,7
628,700,376,0,7
628,701,376,0,7
628,702,376,0,7
628,703,376,0,7
628,704,376,0,7
628,705,376,0,7
628,706,376,0,7
628,707,376,0,7
628,708,376,0,7
628,709,376,0,7
628,710,376,0,7
628,711,376,0,7
628,712,376,0,7
628,713,376,0,7
628,714,376,0,7
628,715,376,0,7
628,716,376,0,7
628,717,376,0,7
628,718,376,0,7
628,719,376,0,7
628,720,376,0,7
628,721,376,0,7
628,722,376,0,7
628,723,376,0,7
628,724,376,0,7
642,625,76,0,21
642,626,76,0,21
642,627,76,0,21
642,628,76,0,21
642,629,76,0,21
642,630,76,0,21
642,631,76,0,21
642,632,76,0,21
642,633,76,0,21
642,634,76,0,21
642,635,76,0,21
642,636,76,0,21
642,637,76,0,21
642,638,76,0,21
642,639,76,0,21
642,640,76,0,21
642,641,76,0,21
642,643,76,0,21
642,644,76,0,21
642,645,76,0,21
642,646,76,0,21
642,647,76,0,21
642,648,76,0,21
642,649,76,0,21
642,650,76,0,21
642,651,76,0,21
642,652,76,0,21
642,653,76,0,21
642,654,76,0,21
642,655,76,0,21
642,656,76,0,21
642,657,76,0,21
642,658,76,0,21
642,659,76,0,21
642,660,76,0,21
642,661,76,0,21
642,662,76,0,21
642,663,76,0,21
642,664,76,0,21
642,665,76,0,21
642,666,76,0,21
642,667,76,0,21
642,668,76,0,21
642,669,76,0,21
642,670,76,0,21
642,671,76,0,21
642,672,76,0,21
642,673,76,0,21
642,674,76,0,21
642,675,76,0,21
642,676,76,0,21
642,677,76,0,21
642,678,76,0,21
642,679,76,0,21
642,680,76,0,21
642,681,76,0,21
642,682,76,0,21
642,683,76,0,21
642,684,76,0,21
642,685,76,0,21
642,686,76,0,21
642,687,76,0,21
642,688,76,0,21
642,689,76,0,21
642,690,76,0,21
642,691,76,0,21
642,692,76,0,21
642,693,76,0,21
642,694,76,0,21
642,695,76,0,21
642,696,76,0,21
642,697,76,0,21
642,698,76,0,21
642,699,76,0,21
642,700,76,0,21
642,701,76,0,21
642,702,76,0,21
642,703,76,0,21
642,704,76,0,21
642,705,76,0,21
642,706,76,0,21
642,707,76,0,21
642,708,76,0,21
642,709,76,0,21
642,710,76,0,21
642,711,76,0,21
642,712,76,0,21
642,713,76,0,21
642,714,76,0,21
642,715,76,0,21
642,716,76,0,21
642,717,76,0,21
642,718,76,0,21
642,719,76,0,21
642,720,76,0,21
642,721,76,0,21
642,722,76,0,21
642,723,76,0,21
642,724,76,0,21
647,625,540,0,26
647,626,540,0,26
647,627,540,0,26
647,628,540,0,26
647,629,540,0,26
647,630,540,0,26
647,631,540,0,26
647,632,540,0,26
647,633,540,0,26
647,634,540,0,26
647,635,540,0,26
647,636,540,0,26
647,637,540,0,26
647,638,540,0,26
647,639,540,0,26
647,640,540,0,26
647,641,540,0,26
647,642,540,0,26
647,643,540,0,26
647,644,540,0,26
647,645,540,0,26
647,646,540,0,26
647,648,540,0,26
647,649,540,0,26
647,650,540,0,26
647,651,540,0,26
647,652,540,0,26
647,653,540,0,26
647,654,540,0,26
647,655,540,0,26
647,656,540,0,26
647,657,540,0,26
647,658,540,0,26
647,659,540,0,26
647,660,540,0,26
647,661,540,0,26
647,662,540,0,26
647,663,540,0,26
647,664,540,0,26
647,665,540,0,26
647,666,540,0,26
647,667,540,0,26
647,668,540,0,26
647,669,540,0,26
647,670,540,0,26
647,671,540,0,26
647,672,540,0,26
647,673,540,0,26
647,674,540,0,26
647,675,540,0,26
647,676,540,0,26
647,677,540,0,26
647,678,540,0,26
647,679,540,0,26
647,680,540,0,26
647,681,540,0,26
647,682,540,0,26
647,683,540,0,26
647,684,540,0,26
647,685,540,0,26
647,686,540,0,26
647,687,540,0,26
647,688,540,0,26
647,689,540,0,26
647,690,540,0,26
647,691,540,0,26
647,692,540,0,26
647,693,540,0,26
647,694,540,0,26
647,695,540,0,26
647,696,540,0,26
647,697,540,0,26
647,698,540,0,26
647,699,540,0,26
647,700,540,0,26
647,701,540,0,26
647,702,540,0,26
647,703,540,0,26
647,704,540,0,26
647,705,540,0,26
647,706,540,0,26
647,707,540,0,26
647,708,540,0,26
647,709,540,0,26
647,710,540,0,26
647,711,540,0,26
647,712,540,0,26
647,713,540,0,26
647,714,540,0,26
647,715,540,0,26
647,716,540,0,26
647,717,540,0,26
647,718,540,0,26
647,719,540,0,26
647,720,540,0,26
647,721,540,0,26
647,722,540,0,26
647,723,540,0,26
647,724,540,0,26
656,625,148,0,35
656,626,148,0,35
656,627,148,0,35
656,628,148,0,35
656,629,148,0,35
656,630,148,0,35
656,631,148,0,35
656,632,148,0,35
656,633,148,0,35
656,634,148,0,35
656,635,148,0,35
656,636,148,0,35
656,637,148,0,35
656,638,148,0,35
656,639,148,0,35
656,640,148,0,35
656,641,148,0,35
656,642,148,0,35
656,643,148,0,35
656,644,148,0,35
656,645,148,0,35
656,646,148,0,35
656,647,148,0,35
656,648,148,0,35
656,649,148,0,35
656,650,148,0,35
656,651,148,0,35
656,652,148,0,35
656,653,148,0,35
656,654,148,0,35
656,655,148,0,35
656,657,148,0,35
656,658,148,0,35
656,659,148,0,35
656,660,148,0,35
656,661,148,0,35
656,662,148,0,35
656,663,148,0,35
656,664,148,0,35
656,665,148,0,35
656,666,148,0,35
656,667,148,0,35
656,668,148,0,35
656,669,148,0,35
656,670,148,0,35
656,671,148,0,35
656,672,148,0,35
656,673,148,0,35
656,674,148,0,35
656,675,148,0,35
656,676,148,0,35
656,677,148,0,35
656,678,148,0,35
656,679,148,0,35
656,680,148,0,35
656,681,148,0,35
656,682,148,0,35
656,683,148,0,35
656,684,148,0,35
656,685,148,0,35
656,686,148,0,35
656,687,148,0,35
656,688,148,0,35
656,689,148,0,35
656,690,148,0,35
656,691,148,0,35
656,692,148,0,35
656,693,148,0,35
656,694,148,0,35
656,695,148,0,35
656,696,148,0,35
656,697,148,0,35
656,698,148,0,35
656,699,148,0,35
656,700,148,0,35
656,701,148,0,35
656,702,148,0,35
656,703,148,0,35
656,704,148,0,35
656,705,148,0,35
656,706,148,0,35
656,707,148,0,35
656,708,148,0,35
656,709,148,0,35
656,710,148,0,35
656,711,148,0,35
656,712,148,0,35
656,713,148,0,35
656,714,148,0,35
656,715,148,0,35
656,716,148,0,35
656,717,148,0,35
656,718,148,0,35
656,719,148,0,35
656,720,148,0,35
656,721,148,0,35
656,722,148,0,35
656,723,148,0,35
656,724,148,0,35
658,625,359,0,37
658,626,359,0,37
658,627,359,0,37
658,628,359,0,37
658,629,359,0,37
658,630,359,0,37
658,631,359,0,37
658,632,359,0,37
658,633,359,0,37
658,634,359,0,37
658,635,359,0,37
658,636,359,0,37
658,637,359,0,37
658,638,359,0,37
658,639,359,0,37
658,640,359,0,37
658,641,359,0,37
658,642,359,0,37
658,643,359,0,37
658,644,359,0,37
658,645,359,0,37
658,646,359,0,37
658,647,359,0,37
658,648,359,0,37
658,649,359,0,37
658,650,359,0,37
658,651,359,0,37
658,652,359,0,37
658,653,359,0,37
658,654,359,0,37
658,655,359,0,37
658,656,359,0,37
658,657,359,0,37
658,659,359,0,37
658,660,359,0,37
658,661,359,0,37
658,662,359,0,37
658,663,359,0,37
658,664,359,0,37
658,665,359,0,37
658,666,359,0,37
658,667,359,0,37
658,668,359,0,37
658,669,359,0,37
658,670,359,0,37
658,671,359,0,37
658,672,359,0,37
658,673,359,0,37
658,674,359,0,37
658,675,359,0,37
658,676,359,0,37
658,677,359,0,37
658,678,359,0,37
658,679,359,0,37
658,680,359,0,37
658,681,359,0,37
658,682,359,0,37
658,683,359,0,37
658,684,359,0,37
658,685,359,0,37
658,686,359,0,37
658,687,359,0,37
658,688,359,0,37
658,689,359,0,37
658,690,359,0,37
658,691,359,0,37
658,692,359,0,37
658,693,359,0,37
658,694,359,0,37
658,695,359,0,37
658,696,359,0,37
658,697,359,0,37
658,698,359,0,37
658,699,359,0,37
658,700,359,0,37
658,701,359,0,37
658,702,359,0,37
658,703,359,0,37
658,704,359,0,37
658,705,359,0,37
658,706,359,0,37
658,707,359,0,37
658,708,359,0,37
658,709,359,0,37
658,710,359,0,37
658,711,359,0,37
658,712,359,0,37
658,713,359,0,37
658,714,359,0,37
658,715,359,0,37
658,716,359,0,37
658,717,359,0,37
658,718,359,0,37
658,719,359,0,37
658,720,359,0,37
658,721,359,0,37
658,722,359,0,37
658,723,359,0,37
658,724,359,0,37
663,625,603,0,42
663,626,603,0,42
663,627,603,0,42
663,628,603,0,42
663,629,603,0,42
663,630,603,0,42
663,631,603,0,42
663,632,603,0,42
663,633,603,0,42
663,634,603,0,42
663,635,603,0,42
663,636,603,0,42
663,637,603,0,42
663,638,603,0,42
663,639,603,0,42
663,640,603,0,42
663,641,603,0,42
663,642,603,0,42
663,643,603,0,42
663,644,603,0,42
663,645,603,0,42
663,646,603,0,42
663,647,603,0,42
663,648,603,0,42
663,649,603,0,42
663,650,603,0,42
663,651,603,0,42
663,652,603,0,42
663,653,603,0,42
663,654,603,0,42
663,655,603,0,42
663,656,603,0,42
663,657,603,0,42
663,658,603,0,42
663,659,603,0,42
663,660,603,0,42
663,661,603,0,42
663,662,603,0,42
663,664,603,0,42
663,665,603,0,42
663,666,603,0,42
663,667,603,0,42
663,668,603,0,42
663,669,603,0,42
663,670,603,0,42
663,671,603,0,42
663,672,603,0,42
663,673,603,0,42
663,674,603,0,42
663,675,603,0,42
663,676,603,0,42
663,677,603,0,42
663,678,603,0,42
663,679,603,0,42
663,680,603,0,42
663,681,603,0,42
663,682,603,0,42
663,683,603,0,42
663,684,603,0,42
663,685,603,0,42
663,686,603,0,42
663,687,603,0,42
663,688,603,0,42
663,689,603,0,42
663,690,603,0,42
663,691,603,0,42
663,692,603,0,42
663,693,603,0,42
663,694,603,0,42
663,695,603,0,42
663,696,603,0,42
663,697,603,0,42
663,698,603,0,42
663,699,603,0,42
663,700,603,0,42
663,701,603,0,42
663,702,603,0,42
663,703,603,0,42
663,704,603,0,42
663,705,603,0,42
663,706,603,0,42
663,707,603,0,42
663,708,603,0,42
663,709,603,0,42
663,710,603,0,42
663,711,603,0,42
663,712,603,0,42
663,713,603,0,42
663,714,603,0,42
663,715,603,0,42
663,716,603,0,42
663,717,603,0,42
663,718,603,0,42
663,719,603,0,42
663,720,603,0,42
663,721,603,0,42
663,722,603,0,42
663,723,603,0,42
663,724,603,0,42
679,625,4,0,58
679,626,4,0,58
679,627,4,0,58
679,628,4,0,58
679,629,4,0,58
679,630,4,0,58
679,631,4,0,58
679,632,4,0,58
679,633,4,0,58
679,634,4,0,58
679,635,4,0,58
679,636,4,0,58
679,637,4,0,58
679,638,4,0,58
679,639,4,0,58
679,640,4,0,58
679,641,4,0,58
679,642,4,0,58
679,643,4,0,58
679,644,4,0,58
679,645,4,0,58
679,646,4,0,58
679,647,4,0,58
679,648,4,0,58
679,649,4,0,58
679,650,4,0,58
679,651,4,0,58
679,652,4,0,58
679,653,4,0,58
679,654,4,0,58
679,655,4,0,58
679,656,4,0,58
679,657,4,0,58
679,658,4,0,58
679,659,4,0,58
679,660,4,0,58
679,661,4,0,58
679,662,4,0,58
679,663,4,0,58
679,664,4,0,58
679,665,4,0,58
679,666,4,0,58
679,667,4,0,58
679,668,4,0,58
679,669,4,0,58
679,670,4,0,58
679,671,4,0,58
679,672,4,0,58
679,673,4,0,58
679,674,4,0,58
679,675,4,0,58
679,676,4,0,58
679,677,4,0,58
679,678,4,0,58
679,680,4,0,58
679,681,4,0,58
679,682,4,0,58
679,683,4,0,58
679,684,4,0,58
679,685,4,0,58
679,686,4,0,58
679,687,4,0,58
679,688,4,0,58
679,689,4,0,58
679,690,4,0,58
679,691,4,0,58
679,692,4,0,58
679,693,4,0,58
679,694,4,0,58
679,695,4,0,58
679,696,4,0,58
679,697,4,0,58
679,698,4,0,58
679,699,4,0,58
679,700,4,0,58
679,701,4,0,58
679,702,4,0,58
679,703,4,0,58
679,704,4,0,58
679,705,4,0,58
679,706,4,0,58
679,707,4,0,58
679,708,4,0,58
679,709,4,0,58
679,710,4,0,58
679,711,4,0,58
679,712,4,0,58
679,713,4,0,58
679,714,4,0,58
679,715,4,0,58
679,716,4,0,58
679,717,4,0,58
679,718,4,0,58
679,719,4,0,58
679,720,4,0,58
679,721,4,0,58
679,722,4,0,58
679,723,4,0,58
679,724,4,0,58
680,625,389,0,59
680,626,389,0,59
680,627,389,0,59
680,628,389,0,59
680,629,389,0,59
680,630,389,0,59
680,631,389,0,59
680,632,389,0,59
680,633,389,0,59
680,634,389,0,59
680,635,389,0,59
680,636,389,0,59
680,637,389,0,59
680,638,389,0,59
680,639,389,0,59
680,640,389,0,59
680,641,389,0,59
680,642,389,0,59
680,643,389,0,59
680,644,389,0,59
680,645,389,0,59
680,646,389,0,59
680,647,389,0,59
680,648,389,0,59
680,649,389,0,59
680,650,389,0,59
680,651,389,0,59
680,652,389,0,59
680,653,389,0,59
680,654,389,0,59
680,655,389,0,59
680,656,389,0,59
680,657,389,0,59
680,658,389,0,59
680,659,389,0,59
680,660,389,0,59
680,661,389,0,59
680,662,389,0,59
680,663,389,0,59
680,664,389,0,59
680,665,389,0,59
680,666,389,0,59
680,667,389,0,59
680,668,389,0,59
680,669,389,0,59
680,670,389,0,59
680,671,389,0,59
680,672,389,0,59
680,673,389,0,59
680,674,389,0,59
680,675,389,0,59
680,676,389,0,59
680,677,389,0,59
680,678,389,0,59
680,679,389,0,59
680,681,389,0,59
680,682,389,0,59
680,683,389,0,59
680,684,389,0,59
680,685,389,0,59
680,686,389,0,59
680,687,389,0,59
680,688,389,0,59
680,689,389,0,59
680,690,389,0,59
680,691,389,0,59
680,692,389,0,59
680,693,389,0,59
680,694,389,0,59
680,695,389,0,59
680,696,389,0,59
680,697,389,0,59
680,698,389,0,59
680,699,389,0,59
680,700,389,0,59
680,701,389,0,59
680,702,389,0,59
680,703,389,0,59
680,704,389,0,59
680,705,389,0,59
680,706,389,0,59
680,707,389,0,59
680,708,389,0,59
680,709,389,0,59
680,710,389,0,59
680,711,389,0,59
680,712,389,0,59
680,713,389,0,59
680,714,389,0,59
680,715,389,0,59
680,716,389,0,59
680,717,389,0,59
680,718,389,0,59
680,719,389,0,59
680,720,389,0,59
680,721,389,0,59
680,722,389,0,59
680,723,389,0,59
680,724,389,0,59
707,625,578,0,86
707,626,578,0,86
707,627,578,0,86
707,628,578,0,86
707,629,578,0,86
707,630,578,0,86
707,631,578,0,86
707,632,578,0,86
707,633,578,0,86
707,634,578,0,86
707,635,578,0,86
707,636,578,0,86
707,637,578,0,86
707,638,578,0,86
707,639,578,0,86
707,640,578,0,86
707,641,578,0,86
707,642,578,0,86
707,643,578,0,86
707,644,578,0,86
707,645,578,0,86
707,646,578,0,86
707,647,578,0,86
707,648,578,0,86
707,649,578,0,86
707,650,578,0,86
707,651,578,0,86
707,652,578,0,86
707,653,578,0,86
707,654,578,0,86
707,655,578,0,86
707,656,578,0,86
707,657,578,0,86
707,658,578,0,86
707,659,578,0,86
707,660,578,0,86
707,661,578,0,86
707,662,578,0,86
707,663,578,0,86
707,664,578,0,86
707,665,578,0,86
707,666,578,0,86
707,667,578,0,86
707,668,578,0,86
707,669,578,0,86
707,670,578,0,86
707,671,578,0,86
707,672,578,0,86
707,673,578,0,86
707,674,578,0,86
707,675,578,0,86
707,676,578,0,86
707,677,578,0,86
707,678,578,0,86
707,679,578,0,86
707,680,578,0,86
707,681,578,0,86
707,682,578,0,86
707,683,578,0,86
707,684,578,0,86
707,685,578,0,86
707,686,578,0,86
707,687,578,0,86
707,688,578,0,86
707,689,578,0,86
707,690,578,0,86
707,691,578,0,86
707,692,578,0,86
707,693,578,0,86
707,694,578,0,86
707,695,578,0,86
707,696,578,0,86
707,697,578,0,86
707,698,578,0,86
707,699,578,0,86
707,700,578,0,86
707,701,578,0,86
707,702,578,0,86
707,703,578,0,86
707,704,578,0,86
707,705,578,0,86
707,706,578,0,86
707,708,578,0,86
707,709,578,0,86
707,710,578,0,86
707,711,578,0,86
707,712,578,0,86
707,713,578,0,86
707,714,578,0,86
707,715,578,0,86
707,716,578,0,86
707,717,578,0,86
707,718,578,0,86
707,719,578,0,86
707,720,578,0,86
707,721,578,0,86
707,722,578,0,86
707,723,578,0,86
707,724,578,0,86
709,625,328,0,88
709,626,328,0,88
709,627,328,0,88
709,628,328,0,88
709,629,328,0,88
709,630,328,0,88
709,631,328,0,88
709,632,328,0,88
709,633,328,0,88
709,634,328,0,88
709,635,328,0,88
709,636,328,0,88
709,637,328,0,88
709,638,328,0,88
709,639,328,0,88
709,640,328,0,88
709,641,328,0,88
709,642,328,0,88
709,643,328,0,88
709,644,328,0,88
709,645,328,0,88
709,646,328,0,88
709,647,328,0,88
709,648,328,0,88
709,649,328,0,88
709,650,328,0,88
709,651,328,0,88
709,652,328,0,88
709,653,328,0,88
709,654,328,0,88
709,655,328,0,88
709,656,328,0,88
709,657,328,0,88
709,658,328,0,88
709,659,328,0,88
709,660,328,0,88
709,661,328,0,88
709,662,328,0,88
709,663,328,0,88
709,664,328,0,88
709,665,328,0,88
709,666,328,0,88
709,667,328,0,88
709,668,328,0,88
709,669,328,0,88
709,670,328,0,88
709,671,328,0,88
709,672,328,0,88
709,673,328,0,88
709,674,328,0,88
709,675,328,0,88
709,676,328,0,88
709,677,328,0,88
709,678,328,0,88
709,679,328,0,88
709,680,328,0,88
709,681,328,0,88
709,682,328,0,88
709,683,328,0,88
709,684,328,0,88
709,685,328,0,88
709,686,328,0,88
709,687,328,0,88
709,688,328,0,88
709,689,328,0,88
709,690,328,0,88
709,691,328,0,88
709,692,328,0,88
709,693,328,0,88
709,694,328,0,88
709,695,328,0,88
709,696,328,0,88
709,697,328,0,88
709,698,328,0,88
709,699,328,0,88
709,700,328,0,88
709,701,328,0,88
709,702,328,0,88
709,703,328,0,88
709,704,328,0,88
709,705,328,0,88
709,706,328,0,88
709,707,328,0,88
709,708,328,0,88
709,710,328,0,88
709,711,328,0,88
709,712,328,0,88
709,713,328,0,88
709,714,328,0,88
709,715,328,0,88
709,716,328,0,88
709,717,328,0,88
709,718,328,0,88
709,719,328,0,88
709,720,328,0,88
709,721,328,0,88
709,722,328,0,88
709,723,328,0,88
709,724,328,0,88
722,625,254,0,101
722,626,254,0,101
722,627,254,0,101
722,628,254,0,101
722,629,254,0,101
722,630,254,0,101
722,631,254,0,101
722,632,254,0,101
722,633,254,0,101
722,634,254,0,101
722,635,254,0,101
722,636,254,0,101
722,637,254,0,101
722,638,254,0,101
722,639,254,0,101
722,640,254,0,101
722,641,254,0,101
722,642,254,0,101
722,643,254,0,101
722,644,254,0,101
722,645,254,0,101
722,646,254,0,101
722,647,254,0,101
722,648,254,0,101
722,649,254,0,101
722,650,254,0,101
722,651,254,0,101
722,652,254,0,101
722,653,254,0,101
722,654,254,0,101
722,655,254,0,101
722,656,254,0,101
722,657,254,0,101
722,658,254,0,101
722,659,254,0,101
722,660,254,0,101
722,661,254,0,101
722,662,254,0,101
722,663,254,0,101
722,664,254,0,101
722,665,254,0,101
722,666,254,0,101
722,667,254,0,101
722,668,254,0,101
722,669,254,0,101
722,670,254,0,101
722,671,254,0,101
722,672,254,0,101
722,673,254,0,101
722,674,254,0,101
722,675,254,0,101
722,676,254,0,101
722,677,254,0,101
722,678,254,0,101
722,679,254,0,101
722,680,254,0,101
722,681,254,0,101
722,682,254,0,101
722,683,254,0,101
722,684,254,0,101
722,685,254,0,101
722,686,254,0,101
722,687,254,0,101
722,688,254,0,101
722,689,254,0,101
722,690,254,0,101
722,691,254,0,101
722,692,254,0,101
722,693,254,0,101
722,694,254,0,101
722,695,254,0,101
722,696,254,0,101
722,697,254,0,101
722,698,254,0,101
722,699,254,0,101
722,700,254,0,101
722,701,254,0,101
722,702,254,0,101
722,703,254,0,101
722,704,254,0,101
722,705,254,0,101
722,706,254,0,101
722,707,254,0,101
722,708,254,0,101
722,709,254,0,101
722,710,254,0,101
722,711,254,0,101
722,712,254,0,101
722,713,254,0,101
722,714,254,0,101
722,715,254,0,101
722,716,254,0,101
722,717,254,0,101
722,718,254,0,101
722,719,254,0,101
722,720,254,0,101
722,721,254,0,101
722,723,254,0,101
722,724,254,0,101
