2,637,602,3,3
2,649,3,1,0
2,700,27,2,0
2,723,3,1,0
3,627,4,1,0
3,649,4,1,0
3,700,28,2,0
3,723,4,1,0
4,627,5,1,0
4,636,29,2,0
4,649,5,1,0
4,685,5,1,0
4,700,29,2,0
4,723,5,1,0
5,627,6,1,0
5,636,30,2,0
5,649,6,1,0
5,685,6,1,0
5,700,30,2,0
5,716,30,2,0
5,723,6,1,0
6,649,31,2,0
6,685,31,2,0
6,700,31,2,0
6,723,31,2,0
7,627,607,3,3
7,636,6,0,1
7,649,32,2,0
7,685,32,2,0
7,700,6,0,1
7,723,32,2,0
8,627,608,3,3
8,636,7,0,1
8,649,33,2,0
8,700,7,0,1
8,723,33,2,0
9,649,34,2,0
9,696,8,0,1
9,700,8,0,1
9,723,34,2,0
15,637,16,1,0
15,649,40,2,0
15,696,14,0,1
15,700,16,1,0
15,723,40,2,0
16,627,616,3,3
16,636,15,0,1
16,649,41,2,0
16,700,17,1,0
16,723,41,2,0
17,627,617,3,3
17,636,18,1,0
17,649,42,2,0
17,685,42,2,0
17,700,18,1,0
17,723,42,2,0
18,649,43,2,0
18,685,43,2,0
18,700,43,2,0
18,723,43,2,0
19,627,18,0,1
19,636,44,2,0
19,649,18,0,1
19,685,18,0,1
19,700,44,2,0
19,723,18,0,1
20,627,19,0,1
20,636,21,1,0
20,649,19,0,1
20,700,45,2,0
20,723,19,0,1
21,637,621,3,3
21,649,20,0,1
21,696,22,1,0
21,700,46,2,0
21,723,20,0,1
27,637,2,0,2
27,649,28,2,1
27,700,700,79,0
27,723,28,2,1
28,627,29,2,1
28,649,29,2,1
28,700,27,1,2
28,723,29,2,1
29,627,30,2,1
29,636,54,3,0
29,649,30,2,1
29,685,30,2,1
29,700,28,1,2
29,723,30,2,1
30,627,31,2,1
30,636,55,3,0
30,649,31,2,1
30,685,31,2,1
30,700,29,1,2
30,716,55,3,0
30,723,31,2,1
31,649,56,3,0
31,700,30,1,2
31,723,56,3,0
32,627,7,0,2
32,636,31,1,2
32,649,57,3,0
32,685,57,3,0
32,700,31,1,2
32,723,57,3,0
33,627,8,0,2
33,636,32,1,2
33,649,58,3,0
33,700,32,1,2
33,723,58,3,0
34,649,59,3,0
34,696,33,1,2
34,700,33,1,2
34,723,59,3,0
40,637,41,2,1
40,649,65,3,0
40,696,39,1,2
40,700,41,2,1
40,723,65,3,0
41,627,16,0,2
41,636,40,1,2
41,649,66,3,0
41,700,42,2,1
41,723,66,3,0
42,627,17,0,2
42,636,43,2,1
42,649,67,3,0
42,685,67,3,0
42,700,43,2,1
42,723,67,3,0
43,649,68,3,0
43,700,44,2,1
43,723,68,3,0
44,627,43,1,2
44,636,69,3,0
44,649,43,1,2
44,685,43,1,2
44,700,45,2,1
44,723,43,1,2
45,627,44,1,2
45,636,46,2,1
45,649,44,1,2
45,700,46,2,1
45,723,44,1,2
46,637,21,0,2
46,649,45,1,2
46,696,47,2,1
46,700,47,2,1
46,723,45,1,2
52,637,27,0,3
52,649,53,2,1
52,700,27,0,3
52,723,53,2,1
53,627,54,2,1
53,649,54,2,1
53,700,28,0,3
53,723,54,2,1
54,627,55,2,1
54,636,79,3,0
54,649,55,2,1
54,685,55,2,1
54,700,29,0,3
54,723,55,2,1
55,627,56,2,1
55,636,80,3,0
55,649,56,2,1
55,685,56,2,1
55,700,30,0,3
55,716,80,3,0
55,723,56,2,1
56,723,81,3,0
57,627,32,0,3
57,636,56,1,2
57,649,82,3,0
57,685,82,3,0
57,700,56,1,2
57,723,82,3,0
58,627,33,0,3
58,636,57,1,2
58,649,83,3,0
58,700,57,1,2
58,723,83,3,0
59,649,84,3,0
59,696,58,1,2
59,700,58,1,2
59,723,84,3,0
65,637,66,2,1
65,649,90,3,0
65,696,64,1,2
65,700,66,2,1
65,723,90,3,0
66,627,41,0,3
66,636,65,1,2
66,649,91,3,0
66,700,67,2,1
66,723,91,3,0
67,627,42,0,3
67,636,68,2,1
67,649,92,3,0
67,685,92,3,0
67,700,68,2,1
67,723,92,3,0
68,723,93,3,0
69,627,68,1,2
69,636,94,3,0
69,649,68,1,2
69,685,68,1,2
69,700,44,0,3
69,723,68,1,2
70,627,69,1,2
70,636,71,2,1
70,649,69,1,2
70,700,45,0,3
70,723,69,1,2
71,637,46,0,3
71,649,70,1,2
71,696,72,2,1
71,700,46,0,3
71,723,70,1,2
77,637,52,0,3
77,649,78,2,1
77,700,52,0,3
77,723,78,2,1
78,627,79,2,1
78,637,53,0,3
78,649,79,2,1
78,700,53,0,3
78,723,79,2,1
79,627,80,2,1
79,636,104,3,0
79,637,54,0,3
79,649,80,2,1
79,685,80,2,1
79,700,54,0,3
79,723,80,2,1
80,627,81,2,1
80,636,105,3,0
80,637,55,0,3
80,649,81,2,1
80,655,655,34,0
80,685,81,2,1
80,700,55,0,3
80,716,105,3,0
80,723,81,2,1
81,637,56,0,3
81,655,80,1,2
82,627,57,0,3
82,636,81,1,2
82,649,107,3,0
82,685,107,3,0
82,700,81,1,2
82,723,107,3,0
83,627,58,0,3
83,636,82,1,2
83,649,108,3,0
83,700,82,1,2
83,723,108,3,0
84,649,109,3,0
84,696,83,1,2
84,700,83,1,2
84,723,109,3,0
90,637,91,2,1
90,649,115,3,0
90,696,89,1,2
90,700,91,2,1
90,723,115,3,0
91,627,66,0,3
91,636,90,1,2
91,649,116,3,0
91,700,92,2,1
91,723,116,3,0
92,627,67,0,3
92,636,93,2,1
92,649,117,3,0
92,685,117,3,0
92,700,93,2,1
92,723,117,3,0
93,637,68,0,3
93,655,94,2,1
94,627,93,1,2
94,636,119,3,0
94,637,69,0,3
94,649,93,1,2
94,685,93,1,2
94,700,69,0,3
94,723,93,1,2
95,627,94,1,2
95,636,96,2,1
95,637,70,0,3
95,649,94,1,2
95,700,70,0,3
95,723,94,1,2
96,637,71,0,3
96,649,95,1,2
96,696,97,2,1
96,700,71,0,3
96,723,95,1,2
102,637,127,3,0
102,649,103,2,1
102,700,77,0,3
102,723,103,2,1
103,627,104,2,1
103,649,104,2,1
103,700,78,0,3
103,723,104,2,1
104,627,105,2,1
104,636,129,3,0
104,649,105,2,1
104,685,105,2,1
104,700,79,0,3
104,723,105,2,1
105,627,106,2,1
105,636,130,3,0
105,649,106,2,1
105,655,80,0,3
105,685,106,2,1
105,700,80,0,3
105,716,130,3,0
105,723,106,2,1
106,655,81,0,3
106,696,81,0,3
107,627,82,0,3
107,636,106,1,2
107,649,132,3,0
107,685,132,3,0
107,696,82,0,3
107,700,106,1,2
107,723,132,3,0
108,627,83,0,3
108,636,107,1,2
108,649,133,3,0
108,696,83,0,3
108,700,107,1,2
108,723,133,3,0
109,649,134,3,0
109,696,108,1,2
109,700,108,1,2
109,723,134,3,0
115,637,116,2,1
115,649,140,3,0
115,696,114,1,2
115,700,116,2,1
115,723,140,3,0
116,627,91,0,3
116,636,115,1,2
116,649,141,3,0
116,696,91,0,3
116,700,117,2,1
116,723,141,3,0
117,627,92,0,3
117,636,118,2,1
117,649,142,3,0
117,685,142,3,0
117,696,92,0,3
117,700,118,2,1
117,723,142,3,0
118,655,93,0,3
118,696,93,0,3
119,627,118,1,2
119,636,144,3,0
119,649,118,1,2
119,685,118,1,2
119,700,94,0,3
119,723,118,1,2
120,627,119,1,2
120,636,121,2,1
120,649,119,1,2
120,700,95,0,3
120,723,119,1,2
121,637,146,3,0
121,649,120,1,2
121,696,122,2,1
121,700,96,0,3
121,723,120,1,2
127,637,152,3,0
127,649,128,2,1
127,700,102,0,3
127,723,128,2,1
128,627,129,2,1
128,649,129,2,1
128,700,103,0,3
128,723,129,2,1
129,627,130,2,1
129,636,154,3,0
129,649,130,2,1
129,685,130,2,1
129,700,104,0,3
129,723,130,2,1
130,627,131,2,1
130,636,155,3,0
130,649,131,2,1
130,685,131,2,1
130,700,105,0,3
130,716,155,3,0
130,723,131,2,1
131,627,156,3,0
131,636,156,3,0
131,649,132,2,1
131,700,106,0,3
132,627,157,3,0
132,636,131,1,2
132,649,133,2,1
132,685,157,3,0
132,700,131,1,2
132,723,157,3,0
133,627,158,3,0
133,636,132,1,2
133,649,134,2,1
133,700,132,1,2
133,723,158,3,0
134,649,649,28,0
134,696,133,1,2
134,700,133,1,2
134,723,159,3,0
140,637,141,2,1
140,649,139,1,2
140,696,139,1,2
140,700,141,2,1
140,723,165,3,0
141,627,166,3,0
141,649,140,1,2
141,700,142,2,1
141,723,166,3,0
142,627,167,3,0
142,636,143,2,1
142,649,141,1,2
142,685,167,3,0
142,700,143,2,1
142,723,167,3,0
143,627,168,3,0
143,636,168,3,0
143,649,142,1,2
143,700,118,0,3
144,627,143,1,2
144,636,169,3,0
144,649,143,1,2
144,685,143,1,2
144,700,119,0,3
144,723,143,1,2
145,627,144,1,2
145,636,146,2,1
145,649,144,1,2
145,700,120,0,3
145,723,144,1,2
146,637,171,3,0
146,649,145,1,2
146,696,147,2,1
146,700,121,0,3
146,723,145,1,2
152,637,177,3,0
152,649,153,2,1
152,700,127,0,3
152,723,153,2,1
153,627,154,2,1
153,649,154,2,1
153,700,128,0,3
153,723,154,2,1
154,627,155,2,1
154,636,179,3,0
154,649,155,2,1
154,685,155,2,1
154,700,129,0,3
154,723,155,2,1
155,627,156,2,1
155,636,180,3,0
155,649,156,2,1
155,685,156,2,1
155,700,130,0,3
155,716,180,3,0
155,723,156,2,1
156,627,181,3,0
156,636,181,3,0
156,649,131,0,3
156,700,131,0,3
156,723,157,2,1
157,627,182,3,0
157,636,156,1,2
157,649,132,0,3
157,685,182,3,0
157,700,156,1,2
157,723,158,2,1
158,627,183,3,0
158,636,157,1,2
158,649,133,0,3
158,700,157,1,2
158,723,159,2,1
159,649,134,0,3
159,696,158,1,2
159,700,158,1,2
159,723,723,102,0
165,637,166,2,1
165,649,140,0,3
165,696,164,1,2
165,700,166,2,1
165,723,164,1,2
166,627,191,3,0
166,636,165,1,2
166,649,141,0,3
166,700,167,2,1
166,723,165,1,2
167,627,192,3,0
167,636,168,2,1
167,649,142,0,3
167,685,192,3,0
167,700,168,2,1
167,723,166,1,2
168,627,193,3,0
168,636,193,3,0
168,649,143,0,3
168,700,143,0,3
168,723,167,1,2
169,627,168,1,2
169,636,194,3,0
169,649,168,1,2
169,685,168,1,2
169,700,144,0,3
169,723,168,1,2
170,627,169,1,2
170,636,171,2,1
170,649,169,1,2
170,700,145,0,3
170,723,169,1,2
171,637,196,3,0
171,649,170,1,2
171,696,172,2,1
171,700,146,0,3
171,723,170,1,2
177,637,202,3,0
177,649,178,2,1
177,700,152,0,3
177,723,178,2,1
178,627,179,2,1
178,649,179,2,1
178,700,153,0,3
178,723,179,2,1
179,627,180,2,1
179,636,204,3,0
179,649,180,2,1
179,685,180,2,1
179,700,154,0,3
179,723,180,2,1
180,627,181,2,1
180,636,205,3,0
180,649,181,2,1
180,685,181,2,1
180,700,155,0,3
180,716,205,3,0
180,723,181,2,1
181,627,206,3,0
181,636,206,3,0
181,649,156,0,3
181,700,156,0,3
181,716,206,3,0
181,723,156,0,3
182,627,207,3,0
182,636,181,1,2
182,649,157,0,3
182,685,207,3,0
182,700,181,1,2
182,723,157,0,3
183,627,208,3,0
183,636,182,1,2
183,649,158,0,3
183,700,182,1,2
183,723,158,0,3
184,649,159,0,3
184,696,183,1,2
184,700,183,1,2
184,723,159,0,3
190,637,191,2,1
190,649,165,0,3
190,696,189,1,2
190,700,191,2,1
190,723,165,0,3
191,627,216,3,0
191,636,190,1,2
191,649,166,0,3
191,700,192,2,1
191,723,166,0,3
192,627,217,3,0
192,636,193,2,1
192,649,167,0,3
192,685,217,3,0
192,700,193,2,1
192,723,167,0,3
193,627,218,3,0
193,636,218,3,0
193,649,168,0,3
193,700,168,0,3
193,716,218,3,0
193,723,168,0,3
194,627,193,1,2
194,636,219,3,0
194,649,193,1,2
194,685,193,1,2
194,700,169,0,3
194,723,193,1,2
195,627,194,1,2
195,636,196,2,1
195,649,194,1,2
195,700,170,0,3
195,723,194,1,2
196,637,221,3,0
196,649,195,1,2
196,696,197,2,1
196,700,171,0,3
196,723,195,1,2
202,637,227,3,0
202,649,203,2,1
202,700,177,0,3
202,723,203,2,1
203,627,204,2,1
203,649,204,2,1
203,700,178,0,3
203,723,204,2,1
204,627,205,2,1
204,636,229,3,0
204,649,205,2,1
204,685,205,2,1
204,700,179,0,3
204,723,205,2,1
205,627,206,2,1
205,636,230,3,0
205,649,206,2,1
205,685,206,2,1
205,700,180,0,3
205,716,230,3,0
205,723,206,2,1
206,627,231,3,0
206,636,231,3,0
206,649,181,0,3
206,700,181,0,3
206,716,231,3,0
206,723,181,0,3
207,627,232,3,0
207,636,206,1,2
207,649,182,0,3
207,685,232,3,0
207,700,206,1,2
207,723,182,0,3
208,627,233,3,0
208,636,207,1,2
208,649,183,0,3
208,700,207,1,2
208,723,183,0,3
209,649,184,0,3
209,696,208,1,2
209,700,208,1,2
209,723,184,0,3
215,637,216,2,1
215,649,190,0,3
215,696,214,1,2
215,700,216,2,1
215,723,190,0,3
216,627,241,3,0
216,636,215,1,2
216,649,191,0,3
216,700,217,2,1
216,723,191,0,3
217,627,242,3,0
217,636,218,2,1
217,649,192,0,3
217,685,242,3,0
217,700,218,2,1
217,723,192,0,3
218,627,243,3,0
218,636,243,3,0
218,649,193,0,3
218,700,193,0,3
218,716,243,3,0
218,723,193,0,3
219,627,218,1,2
219,636,244,3,0
219,649,218,1,2
219,685,218,1,2
219,700,194,0,3
219,723,218,1,2
220,627,219,1,2
220,636,221,2,1
220,649,219,1,2
220,700,195,0,3
220,723,219,1,2
221,637,246,3,0
221,649,220,1,2
221,696,222,2,1
221,700,196,0,3
221,723,220,1,2
227,637,252,3,0
227,649,228,2,1
227,700,202,0,3
227,723,228,2,1
228,627,229,2,1
228,649,229,2,1
228,700,203,0,3
228,723,229,2,1
229,627,230,2,1
229,636,254,3,0
229,649,230,2,1
229,685,230,2,1
229,700,204,0,3
229,723,230,2,1
230,627,231,2,1
230,636,255,3,0
230,649,231,2,1
230,685,231,2,1
230,700,205,0,3
230,716,716,95,0
230,723,231,2,1
231,627,256,3,0
231,636,256,3,0
231,649,206,0,3
231,685,232,2,1
231,700,206,0,3
231,716,230,1,2
231,723,206,0,3
232,627,257,3,0
232,636,231,1,2
232,649,207,0,3
232,685,685,64,0
232,700,231,1,2
232,723,207,0,3
233,627,258,3,0
233,636,232,1,2
233,649,208,0,3
233,700,232,1,2
233,723,208,0,3
234,649,209,0,3
234,696,233,1,2
234,700,233,1,2
234,723,209,0,3
240,637,241,2,1
240,649,215,0,3
240,696,239,1,2
240,700,241,2,1
240,723,215,0,3
241,627,266,3,0
241,636,240,1,2
241,649,216,0,3
241,700,242,2,1
241,723,216,0,3
242,627,267,3,0
242,636,243,2,1
242,649,217,0,3
242,685,241,1,2
242,700,243,2,1
242,723,217,0,3
243,627,268,3,0
243,636,268,3,0
243,649,218,0,3
243,685,242,1,2
243,700,218,0,3
243,716,244,2,1
243,723,218,0,3
244,627,243,1,2
244,636,269,3,0
244,649,243,1,2
244,685,243,1,2
244,700,219,0,3
244,723,243,1,2
245,627,244,1,2
245,636,246,2,1
245,649,244,1,2
245,700,220,0,3
245,723,244,1,2
246,637,271,3,0
246,649,245,1,2
246,696,247,2,1
246,700,221,0,3
246,723,245,1,2
252,637,277,3,0
252,649,253,2,1
252,700,227,0,3
252,723,253,2,1
253,627,254,2,1
253,649,254,2,1
253,700,228,0,3
253,723,254,2,1
254,627,255,2,1
254,636,636,15,0
254,649,255,2,1
254,685,255,2,1
254,700,229,0,3
254,723,255,2,1
255,627,256,2,1
255,636,254,1,2
255,649,256,2,1
255,685,256,2,1
255,700,230,0,3
255,716,230,0,3
255,723,256,2,1
256,627,281,3,0
256,636,255,1,2
256,649,231,0,3
256,685,231,0,3
256,700,231,0,3
256,723,231,0,3
257,627,282,3,0
257,636,256,1,2
257,649,232,0,3
257,685,232,0,3
257,700,256,1,2
257,723,232,0,3
258,627,283,3,0
258,636,257,1,2
258,649,233,0,3
258,700,257,1,2
258,723,233,0,3
259,649,234,0,3
259,696,258,1,2
259,700,258,1,2
259,723,234,0,3
265,637,266,2,1
265,649,240,0,3
265,696,264,1,2
265,700,266,2,1
265,723,240,0,3
266,627,291,3,0
266,636,265,1,2
266,649,241,0,3
266,700,267,2,1
266,723,241,0,3
267,627,292,3,0
267,636,268,2,1
267,649,242,0,3
267,685,242,0,3
267,700,268,2,1
267,723,242,0,3
268,627,293,3,0
268,636,269,2,1
268,649,243,0,3
268,685,243,0,3
268,700,243,0,3
268,723,243,0,3
269,627,268,1,2
269,636,270,2,1
269,649,268,1,2
269,685,268,1,2
269,700,244,0,3
269,723,268,1,2
270,627,269,1,2
270,636,271,2,1
270,649,269,1,2
270,700,245,0,3
270,723,269,1,2
271,637,296,3,0
271,649,270,1,2
271,696,272,2,1
271,700,246,0,3
271,723,270,1,2
277,637,302,3,0
277,649,278,2,1
277,700,252,0,3
277,723,278,2,1
278,627,279,2,1
278,649,279,2,1
278,700,253,0,3
278,723,279,2,1
279,627,280,2,1
279,636,254,0,3
279,649,280,2,1
279,685,280,2,1
279,700,254,0,3
279,723,280,2,1
280,627,281,2,1
280,636,255,0,3
280,649,281,2,1
280,685,281,2,1
280,700,255,0,3
280,716,255,0,3
280,723,281,2,1
281,627,306,3,0
281,649,256,0,3
281,685,256,0,3
281,700,256,0,3
281,723,256,0,3
282,627,307,3,0
282,636,281,1,2
282,649,257,0,3
282,685,257,0,3
282,700,281,1,2
282,723,257,0,3
283,627,308,3,0
283,636,282,1,2
283,649,258,0,3
283,700,282,1,2
283,723,258,0,3
284,649,259,0,3
284,696,283,1,2
284,700,283,1,2
284,723,259,0,3
290,637,291,2,1
290,649,265,0,3
290,696,289,1,2
290,700,291,2,1
290,723,265,0,3
291,627,316,3,0
291,636,290,1,2
291,649,266,0,3
291,700,292,2,1
291,723,266,0,3
292,627,317,3,0
292,636,293,2,1
292,649,267,0,3
292,685,267,0,3
292,700,293,2,1
292,723,267,0,3
293,627,318,3,0
293,649,268,0,3
293,685,268,0,3
293,700,268,0,3
293,723,268,0,3
294,627,293,1,2
294,636,269,0,3
294,649,293,1,2
294,685,293,1,2
294,700,269,0,3
294,723,293,1,2
295,627,294,1,2
295,636,296,2,1
295,649,294,1,2
295,700,270,0,3
295,723,294,1,2
296,637,321,3,0
296,649,295,1,2
296,696,297,2,1
296,700,271,0,3
296,723,295,1,2
302,637,327,3,0
302,649,303,2,1
302,700,277,0,3
302,723,303,2,1
303,627,304,2,1
303,649,304,2,1
303,700,278,0,3
303,723,304,2,1
304,627,305,2,1
304,636,279,0,3
304,649,305,2,1
304,685,305,2,1
304,700,279,0,3
304,723,305,2,1
305,627,306,2,1
305,636,280,0,3
305,649,306,2,1
305,685,306,2,1
305,700,280,0,3
305,716,280,0,3
305,723,306,2,1
306,649,281,0,3
306,685,281,0,3
306,700,281,0,3
306,723,281,0,3
307,627,332,3,0
307,636,306,1,2
307,649,282,0,3
307,685,282,0,3
307,700,306,1,2
307,723,282,0,3
308,627,333,3,0
308,636,307,1,2
308,649,283,0,3
308,700,307,1,2
308,723,283,0,3
309,649,284,0,3
309,696,308,1,2
309,700,308,1,2
309,723,284,0,3
315,637,316,2,1
315,649,290,0,3
315,696,314,1,2
315,700,316,2,1
315,723,290,0,3
316,627,341,3,0
316,636,315,1,2
316,649,291,0,3
316,700,317,2,1
316,723,291,0,3
317,627,342,3,0
317,636,318,2,1
317,649,292,0,3
317,685,292,0,3
317,700,318,2,1
317,723,292,0,3
318,649,293,0,3
318,685,293,0,3
318,700,293,0,3
318,723,293,0,3
319,627,318,1,2
319,636,294,0,3
319,649,318,1,2
319,685,318,1,2
319,700,294,0,3
319,723,318,1,2
320,627,319,1,2
320,636,321,2,1
320,649,319,1,2
320,700,295,0,3
320,723,319,1,2
321,637,346,3,0
321,649,320,1,2
321,696,322,2,1
321,700,296,0,3
321,723,320,1,2
327,637,352,3,0
327,649,328,2,1
327,700,302,0,3
327,723,328,2,1
328,627,329,2,1
328,649,329,2,1
328,700,303,0,3
328,723,329,2,1
329,627,330,2,1
329,636,304,0,3
329,649,330,2,1
329,685,330,2,1
329,700,304,0,3
329,723,330,2,1
330,627,331,2,1
330,636,305,0,3
330,649,331,2,1
330,685,331,2,1
330,700,305,0,3
330,716,305,0,3
330,723,331,2,1
331,649,306,0,3
331,685,306,0,3
331,700,306,0,3
331,723,306,0,3
332,627,357,3,0
332,636,331,1,2
332,649,307,0,3
332,685,307,0,3
332,700,331,1,2
332,723,307,0,3
333,627,358,3,0
333,636,332,1,2
333,649,308,0,3
333,700,332,1,2
333,723,308,0,3
334,649,309,0,3
334,696,333,1,2
334,700,333,1,2
334,723,309,0,3
340,637,341,2,1
340,649,315,0,3
340,696,339,1,2
340,700,341,2,1
340,723,315,0,3
341,627,366,3,0
341,636,340,1,2
341,649,316,0,3
341,700,342,2,1
341,723,316,0,3
342,627,367,3,0
342,636,343,2,1
342,649,317,0,3
342,685,317,0,3
342,700,343,2,1
342,723,317,0,3
343,649,318,0,3
343,685,318,0,3
343,700,318,0,3
343,723,318,0,3
344,627,343,1,2
344,636,319,0,3
344,649,343,1,2
344,685,343,1,2
344,700,319,0,3
344,723,343,1,2
345,627,344,1,2
345,636,346,2,1
345,649,344,1,2
345,700,320,0,3
345,723,344,1,2
346,637,371,3,0
346,649,345,1,2
346,696,347,2,1
346,700,321,0,3
346,723,345,1,2
352,637,377,3,0
352,649,353,2,1
352,700,377,3,0
352,723,353,2,1
353,627,354,2,1
353,649,354,2,1
353,700,378,3,0
353,723,354,2,1
354,627,355,2,1
354,636,329,0,3
354,649,355,2,1
354,685,355,2,1
354,700,379,3,0
354,723,355,2,1
355,627,356,2,1
355,636,330,0,3
355,649,356,2,1
355,685,356,2,1
355,700,380,3,0
355,716,330,0,3
355,723,356,2,1
356,649,331,0,3
356,723,331,0,3
357,627,382,3,0
357,636,356,1,2
357,649,332,0,3
357,685,332,0,3
357,700,356,1,2
357,723,332,0,3
358,627,383,3,0
358,636,357,1,2
358,649,333,0,3
358,700,357,1,2
358,723,333,0,3
359,649,334,0,3
359,696,358,1,2
359,700,358,1,2
359,723,334,0,3
365,637,366,2,1
365,649,340,0,3
365,696,364,1,2
365,700,366,2,1
365,723,340,0,3
366,627,391,3,0
366,636,365,1,2
366,649,341,0,3
366,700,367,2,1
366,723,341,0,3
367,627,392,3,0
367,636,368,2,1
367,649,342,0,3
367,685,342,0,3
367,700,368,2,1
367,723,342,0,3
368,649,343,0,3
368,723,343,0,3
369,627,368,1,2
369,636,344,0,3
369,649,368,1,2
369,685,368,1,2
369,700,394,3,0
369,723,368,1,2
370,627,369,1,2
370,636,371,2,1
370,649,369,1,2
370,700,395,3,0
370,723,369,1,2
371,637,396,3,0
371,649,370,1,2
371,696,372,2,1
371,700,396,3,0
371,723,370,1,2
377,637,402,3,0
377,649,378,2,1
377,700,402,3,0
377,723,378,2,1
378,627,379,2,1
378,637,403,3,0
378,649,379,2,1
378,700,403,3,0
378,723,379,2,1
379,627,380,2,1
379,636,354,0,3
379,637,404,3,0
379,649,380,2,1
379,685,380,2,1
379,700,404,3,0
379,723,380,2,1
380,627,381,2,1
380,636,355,0,3
380,637,405,3,0
380,649,381,2,1
380,685,381,2,1
380,700,405,3,0
380,716,355,0,3
380,723,381,2,1
381,637,406,3,0
381,723,356,0,3
382,627,407,3,0
382,636,381,1,2
382,649,357,0,3
382,685,357,0,3
382,700,381,1,2
382,723,357,0,3
383,627,408,3,0
383,636,382,1,2
383,649,358,0,3
383,700,382,1,2
383,723,358,0,3
384,649,359,0,3
384,696,383,1,2
384,700,383,1,2
384,723,359,0,3
390,637,391,2,1
390,649,365,0,3
390,696,389,1,2
390,700,391,2,1
390,723,365,0,3
391,627,416,3,0
391,636,390,1,2
391,649,366,0,3
391,700,392,2,1
391,723,366,0,3
392,627,417,3,0
392,636,393,2,1
392,649,367,0,3
392,685,367,0,3
392,700,393,2,1
392,723,367,0,3
393,637,418,3,0
393,723,368,0,3
394,627,393,1,2
394,636,369,0,3
394,637,419,3,0
394,649,393,1,2
394,685,393,1,2
394,700,419,3,0
394,723,393,1,2
395,627,394,1,2
395,636,396,2,1
395,637,420,3,0
395,649,394,1,2
395,700,420,3,0
395,723,394,1,2
396,637,421,3,0
396,649,395,1,2
396,696,397,2,1
396,700,421,3,0
396,723,395,1,2
402,637,637,16,0
402,649,403,2,1
402,700,427,3,0
402,723,403,2,1
403,627,404,2,1
403,637,402,1,2
403,649,404,2,1
403,700,428,3,0
403,723,404,2,1
404,627,405,2,1
404,636,379,0,3
404,637,403,1,2
404,649,405,2,1
404,685,405,2,1
404,700,429,3,0
404,723,405,2,1
405,627,406,2,1
405,636,380,0,3
405,637,404,1,2
405,649,406,2,1
405,655,430,3,0
405,685,406,2,1
405,700,430,3,0
405,716,380,0,3
405,723,406,2,1
406,637,405,1,2
406,655,431,3,0
406,696,431,3,0
407,627,432,3,0
407,636,406,1,2
407,649,382,0,3
407,685,382,0,3
407,696,432,3,0
407,700,406,1,2
407,723,382,0,3
408,627,433,3,0
408,636,407,1,2
408,649,383,0,3
408,696,433,3,0
408,700,407,1,2
408,723,383,0,3
409,649,384,0,3
409,696,408,1,2
409,700,408,1,2
409,723,384,0,3
415,637,416,2,1
415,649,390,0,3
415,700,416,2,1
415,723,390,0,3
416,627,441,3,0
416,636,415,1,2
416,649,391,0,3
416,696,441,3,0
416,700,417,2,1
416,723,391,0,3
417,627,442,3,0
417,636,418,2,1
417,649,392,0,3
417,685,392,0,3
417,696,442,3,0
417,700,418,2,1
417,723,392,0,3
418,637,419,2,1
418,655,443,3,0
418,696,443,3,0
419,627,418,1,2
419,636,394,0,3
419,637,420,2,1
419,649,418,1,2
419,685,418,1,2
419,700,444,3,0
419,723,418,1,2
420,627,419,1,2
420,636,421,2,1
420,637,421,2,1
420,649,419,1,2
420,700,445,3,0
420,723,419,1,2
421,649,420,1,2
421,696,422,2,1
421,700,446,3,0
421,723,420,1,2
427,637,402,0,3
427,649,428,2,1
427,700,452,3,0
427,723,428,2,1
428,627,429,2,1
428,649,429,2,1
428,700,453,3,0
428,723,429,2,1
429,627,430,2,1
429,636,404,0,3
429,649,430,2,1
429,685,430,2,1
429,700,454,3,0
429,723,430,2,1
430,627,431,2,1
430,636,405,0,3
430,649,431,2,1
430,685,431,2,1
430,700,455,3,0
430,716,405,0,3
430,723,431,2,1
431,627,432,2,1
431,696,432,2,1
431,700,456,3,0
432,627,433,2,1
432,636,431,1,2
432,649,407,0,3
432,685,407,0,3
432,696,433,2,1
432,700,431,1,2
432,723,407,0,3
433,627,627,6,0
433,636,432,1,2
433,649,408,0,3
433,696,696,75,0
433,700,432,1,2
433,723,408,0,3
434,649,409,0,3
434,696,433,1,2
434,700,433,1,2
434,723,409,0,3
440,637,441,2,1
440,649,415,0,3
440,696,439,1,2
440,700,441,2,1
440,723,415,0,3
441,627,440,1,2
441,636,440,1,2
441,649,416,0,3
441,696,440,1,2
441,700,442,2,1
441,723,416,0,3
442,627,441,1,2
442,636,443,2,1
442,649,417,0,3
442,685,417,0,3
442,696,441,1,2
442,700,443,2,1
442,723,417,0,3
443,627,442,1,2
443,696,442,1,2
443,700,468,3,0
444,627,443,1,2
444,636,419,0,3
444,649,443,1,2
444,685,443,1,2
444,700,469,3,0
444,723,443,1,2
445,627,444,1,2
445,636,446,2,1
445,649,444,1,2
445,700,470,3,0
445,723,444,1,2
446,637,421,0,3
446,649,445,1,2
446,696,447,2,1
446,700,471,3,0
446,723,445,1,2
452,637,427,0,3
452,649,453,2,1
452,700,477,3,0
452,723,453,2,1
453,627,454,2,1
453,649,454,2,1
453,700,478,3,0
453,723,454,2,1
454,627,455,2,1
454,636,429,0,3
454,649,455,2,1
454,685,455,2,1
454,700,479,3,0
454,723,455,2,1
455,627,456,2,1
455,636,430,0,3
455,649,456,2,1
455,685,456,2,1
455,700,480,3,0
455,716,430,0,3
455,723,456,2,1
456,627,431,0,3
456,636,431,0,3
456,649,481,3,0
456,700,481,3,0
457,627,432,0,3
457,636,456,1,2
457,649,482,3,0
457,685,432,0,3
457,700,456,1,2
457,723,432,0,3
458,627,433,0,3
458,636,457,1,2
458,649,483,3,0
458,700,457,1,2
458,723,433,0,3
459,649,484,3,0
459,696,458,1,2
459,700,458,1,2
459,723,434,0,3
465,637,466,2,1
465,649,490,3,0
465,696,464,1,2
465,700,466,2,1
465,723,440,0,3
466,627,441,0,3
466,636,465,1,2
466,649,491,3,0
466,700,467,2,1
466,723,441,0,3
467,627,442,0,3
467,636,468,2,1
467,649,492,3,0
467,685,442,0,3
467,700,468,2,1
467,723,442,0,3
468,627,443,0,3
468,636,443,0,3
468,649,493,3,0
468,700,493,3,0
469,627,468,1,2
469,636,444,0,3
469,649,468,1,2
469,685,468,1,2
469,700,494,3,0
469,723,468,1,2
470,627,469,1,2
470,636,471,2,1
470,649,469,1,2
470,700,495,3,0
470,723,469,1,2
471,637,446,0,3
471,649,470,1,2
471,696,472,2,1
471,700,496,3,0
471,723,470,1,2
477,637,452,0,3
477,649,478,2,1
477,700,502,3,0
477,723,478,2,1
478,627,479,2,1
478,649,479,2,1
478,700,503,3,0
478,723,479,2,1
479,627,480,2,1
479,636,454,0,3
479,649,480,2,1
479,685,480,2,1
479,700,504,3,0
479,723,480,2,1
480,627,481,2,1
480,636,455,0,3
480,649,481,2,1
480,685,481,2,1
480,700,505,3,0
480,716,455,0,3
480,723,481,2,1
481,627,456,0,3
481,636,456,0,3
481,649,506,3,0
481,700,506,3,0
481,723,506,3,0
482,627,457,0,3
482,636,481,1,2
482,649,507,3,0
482,685,457,0,3
482,700,481,1,2
482,723,507,3,0
483,627,458,0,3
483,636,482,1,2
483,649,508,3,0
483,700,482,1,2
483,723,508,3,0
484,649,509,3,0
484,696,483,1,2
484,700,483,1,2
484,723,509,3,0
490,637,491,2,1
490,649,515,3,0
490,696,489,1,2
490,700,491,2,1
490,723,515,3,0
491,627,466,0,3
491,636,490,1,2
491,649,516,3,0
491,700,492,2,1
491,723,516,3,0
492,627,467,0,3
492,636,493,2,1
492,649,517,3,0
492,685,467,0,3
492,700,493,2,1
492,723,517,3,0
493,627,468,0,3
493,636,468,0,3
493,649,518,3,0
493,700,518,3,0
493,723,518,3,0
494,627,493,1,2
494,636,469,0,3
494,649,493,1,2
494,685,493,1,2
494,700,519,3,0
494,723,493,1,2
495,627,494,1,2
495,636,496,2,1
495,649,494,1,2
495,700,520,3,0
495,723,494,1,2
496,637,471,0,3
496,649,495,1,2
496,696,497,2,1
496,700,521,3,0
496,723,495,1,2
502,637,477,0,3
502,649,503,2,1
502,700,527,3,0
502,723,503,2,1
503,627,504,2,1
503,649,504,2,1
503,700,528,3,0
503,723,504,2,1
504,627,505,2,1
504,636,479,0,3
504,649,505,2,1
504,685,505,2,1
504,700,529,3,0
504,723,505,2,1
505,627,506,2,1
505,636,480,0,3
505,649,506,2,1
505,685,506,2,1
505,700,530,3,0
505,716,480,0,3
505,723,506,2,1
506,627,481,0,3
506,636,481,0,3
506,649,531,3,0
506,700,531,3,0
506,716,481,0,3
506,723,531,3,0
507,627,482,0,3
507,636,506,1,2
507,649,532,3,0
507,685,482,0,3
507,700,506,1,2
507,723,532,3,0
508,627,483,0,3
508,636,507,1,2
508,649,533,3,0
508,700,507,1,2
508,723,533,3,0
509,649,534,3,0
509,696,508,1,2
509,700,508,1,2
509,723,534,3,0
515,637,516,2,1
515,649,540,3,0
515,696,514,1,2
515,700,516,2,1
515,723,540,3,0
516,627,491,0,3
516,636,515,1,2
516,649,541,3,0
516,700,517,2,1
516,723,541,3,0
517,627,492,0,3
517,636,518,2,1
517,649,542,3,0
517,685,492,0,3
517,700,518,2,1
517,723,542,3,0
518,627,493,0,3
518,636,493,0,3
518,649,543,3,0
518,700,543,3,0
518,716,493,0,3
518,723,543,3,0
519,627,518,1,2
519,636,494,0,3
519,649,518,1,2
519,685,518,1,2
519,700,544,3,0
519,723,518,1,2
520,627,519,1,2
520,636,521,2,1
520,649,519,1,2
520,700,545,3,0
520,723,519,1,2
521,637,496,0,3
521,649,520,1,2
521,696,522,2,1
521,700,546,3,0
521,723,520,1,2
527,637,502,0,3
527,649,528,2,1
527,700,552,3,0
527,723,528,2,1
528,627,529,2,1
528,649,529,2,1
528,700,553,3,0
528,723,529,2,1
529,627,530,2,1
529,636,504,0,3
529,649,530,2,1
529,685,530,2,1
529,700,554,3,0
529,723,530,2,1
530,627,531,2,1
530,636,505,0,3
530,649,531,2,1
530,685,531,2,1
530,700,555,3,0
530,716,505,0,3
530,723,531,2,1
531,627,506,0,3
531,636,506,0,3
531,649,556,3,0
531,700,556,3,0
531,716,506,0,3
531,723,556,3,0
532,627,507,0,3
532,636,531,1,2
532,649,557,3,0
532,685,507,0,3
532,700,531,1,2
532,723,557,3,0
533,627,508,0,3
533,636,532,1,2
533,649,558,3,0
533,700,532,1,2
533,723,558,3,0
534,649,559,3,0
534,696,533,1,2
534,700,533,1,2
534,723,559,3,0
540,637,541,2,1
540,649,565,3,0
540,696,539,1,2
540,700,541,2,1
540,723,565,3,0
541,627,516,0,3
541,636,540,1,2
541,649,566,3,0
541,700,542,2,1
541,723,566,3,0
542,627,517,0,3
542,636,543,2,1
542,649,567,3,0
542,685,517,0,3
542,700,543,2,1
542,723,567,3,0
543,627,518,0,3
543,636,518,0,3
543,649,568,3,0
543,700,568,3,0
543,716,518,0,3
543,723,568,3,0
544,627,543,1,2
544,636,519,0,3
544,649,543,1,2
544,685,543,1,2
544,700,569,3,0
544,723,543,1,2
545,627,544,1,2
545,636,546,2,1
545,649,544,1,2
545,700,570,3,0
545,723,544,1,2
546,637,521,0,3
546,649,545,1,2
546,696,547,2,1
546,700,571,3,0
546,723,545,1,2
552,637,527,0,3
552,649,553,2,1
552,700,577,3,0
552,723,553,2,1
553,627,554,2,1
553,649,554,2,1
553,700,578,3,0
553,723,554,2,1
554,627,555,2,1
554,636,529,0,3
554,649,555,2,1
554,685,555,2,1
554,700,579,3,0
554,723,555,2,1
555,627,556,2,1
555,636,530,0,3
555,649,556,2,1
555,685,556,2,1
555,700,580,3,0
555,716,580,3,0
555,723,556,2,1
556,627,531,0,3
556,636,531,0,3
556,649,581,3,0
556,685,581,3,0
556,700,581,3,0
556,723,581,3,0
557,627,532,0,3
557,636,556,1,2
557,649,582,3,0
557,685,582,3,0
557,700,556,1,2
557,723,582,3,0
558,627,533,0,3
558,636,557,1,2
558,649,583,3,0
558,700,557,1,2
558,723,583,3,0
559,649,584,3,0
559,696,558,1,2
559,700,558,1,2
559,723,584,3,0
565,637,566,2,1
565,649,590,3,0
565,696,564,1,2
565,700,566,2,1
565,723,590,3,0
566,627,541,0,3
566,636,565,1,2
566,649,591,3,0
566,700,567,2,1
566,723,591,3,0
567,627,542,0,3
567,636,568,2,1
567,649,592,3,0
567,685,592,3,0
567,700,568,2,1
567,723,592,3,0
568,627,543,0,3
568,636,543,0,3
568,649,593,3,0
568,685,593,3,0
568,700,593,3,0
568,723,593,3,0
569,627,568,1,2
569,636,544,0,3
569,649,568,1,2
569,685,568,1,2
569,700,594,3,0
569,723,568,1,2
570,627,569,1,2
570,636,571,2,1
570,649,569,1,2
570,700,595,3,0
570,723,569,1,2
571,637,546,0,3
571,649,570,1,2
571,696,572,2,1
571,700,596,3,0
571,723,570,1,2
577,637,552,0,3
577,649,578,2,1
577,700,602,3,0
577,723,578,2,1
578,627,579,2,1
578,649,579,2,1
578,700,603,3,0
578,723,579,2,1
579,627,580,2,1
579,636,604,3,0
579,649,580,2,1
579,685,580,2,1
579,700,604,3,0
579,723,580,2,1
580,627,581,2,1
580,636,605,3,0
580,649,581,2,1
580,685,581,2,1
580,700,605,3,0
580,716,605,3,0
580,723,581,2,1
581,627,556,0,3
581,649,606,3,0
581,685,606,3,0
581,700,606,3,0
581,723,606,3,0
582,627,557,0,3
582,636,581,1,2
582,649,607,3,0
582,685,607,3,0
582,700,581,1,2
582,723,607,3,0
583,627,558,0,3
583,636,582,1,2
583,649,608,3,0
583,700,582,1,2
583,723,608,3,0
584,649,609,3,0
584,696,583,1,2
584,700,583,1,2
584,723,609,3,0
590,637,591,2,1
590,649,615,3,0
590,696,589,1,2
590,700,591,2,1
590,723,615,3,0
591,627,566,0,3
591,636,590,1,2
591,649,616,3,0
591,700,592,2,1
591,723,616,3,0
592,627,567,0,3
592,636,593,2,1
592,649,617,3,0
592,685,617,3,0
592,700,593,2,1
592,723,617,3,0
593,627,568,0,3
593,649,618,3,0
593,685,618,3,0
593,700,618,3,0
593,723,618,3,0
594,627,593,1,2
594,636,619,3,0
594,649,593,1,2
594,685,593,1,2
594,700,619,3,0
594,723,593,1,2
595,627,594,1,2
595,636,596,2,1
595,649,594,1,2
595,700,620,3,0
595,723,594,1,2
596,637,571,0,3
596,649,595,1,2
596,696,597,2,1
596,700,621,3,0
596,723,595,1,2
602,637,577,0,3
602,649,603,2,1
602,700,2,3,3
602,723,603,2,1
603,627,604,2,1
603,649,604,2,1
603,700,3,3,3
603,723,604,2,1
604,627,605,2,1
604,636,4,3,3
604,649,605,2,1
604,685,605,2,1
604,700,4,3,3
604,723,605,2,1
605,627,606,2,1
605,636,5,3,3
605,649,606,2,1
605,685,606,2,1
605,700,5,3,3
605,716,5,3,3
605,723,606,2,1
606,627,581,0,3
606,649,6,3,3
606,685,6,3,3
606,700,6,3,3
606,723,6,3,3
607,627,582,0,3
607,636,606,1,2
607,649,7,3,3
607,685,7,3,3
607,700,606,1,2
607,723,7,3,3
608,627,583,0,3
608,636,607,1,2
608,649,8,3,3
608,700,607,1,2
608,723,8,3,3
609,649,9,3,3
609,696,608,1,2
609,700,608,1,2
609,723,9,3,3
615,637,616,2,1
615,649,15,3,3
615,696,614,1,2
615,700,616,2,1
615,723,15,3,3
616,627,591,0,3
616,636,615,1,2
616,649,16,3,3
616,700,617,2,1
616,723,16,3,3
617,627,592,0,3
617,636,618,2,1
617,649,17,3,3
617,685,17,3,3
617,700,618,2,1
617,723,17,3,3
618,627,593,0,3
618,649,18,3,3
618,685,18,3,3
618,700,18,3,3
618,723,18,3,3
619,627,618,1,2
619,636,19,3,3
619,649,618,1,2
619,685,618,1,2
619,700,19,3,3
619,723,618,1,2
620,627,619,1,2
620,636,621,2,1
620,649,619,1,2
620,700,20,3,3
620,723,619,1,2
621,637,596,0,3
621,649,620,1,2
621,696,622,2,1
621,700,21,3,3
621,723,620,1,2
627,625,433,0,6
627,626,433,0,6
627,628,433,0,6
627,629,433,0,6
627,630,433,0,6
627,631,433,0,6
627,632,433,0,6
627,633,433,0,6
627,634,433,0,6
627,635,433,0,6
627,636,433,0,6
627,637,433,0,6
627,638,433,0,6
627,639,433,0,6
627,640,433,0,6
627,641,433,0,6
627,642,433,0,6
627,643,433,0,6
627,644,433,0,6
627,645,433,0,6
627,646,433,0,6
627,647,433,0,6
627,648,433,0,6
627,649,433,0,6
627,650,433,0,6
627,651,433,0,6
627,652,433,0,6
627,653,433,0,6
627,654,433,0,6
627,655,433,0,6
627,656,433,0,6
627,657,433,0,6
627,658,433,0,6
627,659,433,0,6
627,660,433,0,6
627,661,433,0,6
627,662,433,0,6
627,663,433,0,6
627,664,433,0,6
627,665,433,0,6
627,666,433,0,6
627,667,433,0,6
627,668,433,0,6
627,669,433,0,6
627,670,433,0,6
627,671,433,0,6
627,672,433,0,6
627,673,433,0,6
627,674,433,0,6
627,675,433,0,6
627,676,433,0,6
627,677,433,0,6
627,678,433,0,6
627,679,433,0,6
627,680,433,0,6
627,681,433,0,6
627,682,433,0,6
627,683,433,0,6
627,684,433,0,6
627,685,433,0,6
627,686,433,0,6
627,687,433,0,6
627,688,433,0,6
627,689,433,0,6
627,690,433,0,6
627,691,433,0,6
627,692,433,0,6
627,693,433,0,6
627,694,433,0,6
627,695,433,0,6
627,696,433,0,6
627,697,433,0,6
627,698,433,0,6
627,699,433,0,6
627,700,433,0,6
627,701,433,0,6
627,702,433,0,6
627,703,433,0,6
627,704,433,0,6
627,705,433,0,6
627,706,433,0,6
627,707,433,0,6
627,708,433,0,6
627,709,433,0,6
627,710,433,0,6
627,711,433,0,6
627,712,433,0,6
627,713,433,0,6
627,714,433,0,6
627,715,433,0,6
627,716,433,0,6
627,717,433,0,6
627,718,433,0,6
627,719,433,0,6
627,720,433,0,6
627,721,433,0,6
627,722,433,0,6
627,723,433,0,6
627,724,433,0,6
636,625,254,0,15
636,626,254,0,15
636,627,254,0,15
636,628,254,0,15
636,629,254,0,15
636,630,254,0,15
636,631,254,0,15
636,632,254,0,15
636,633,254,0,15
636,634,254,0,15
636,635,254,0,15
636,637,254,0,15
636,638,254,0,15
636,639,254,0,15
636,640,254,0,15
636,641,254,0,15
636,642,254,0,15
636,643,254,0,15
636,644,254,0,15
636,645,254,0,15
636,646,254,0,15
636,647,254,0,15
636,648,254,0,15
636,649,254,0,15
636,650,254,0,15
636,651,254,0,15
636,652,254,0,15
636,653,254,0,15
636,654,254,0,15
636,655,254,0,15
636,656,254,0,15
636,657,254,0,15
636,658,254,0,15
636,659,254,0,15
636,660,254,0,15
636,661,254,0,15
636,662,254,0,15
636,663,254,0,15
636,664,254,0,15
636,665,254,0,15
636,666,254,0,15
636,667,254,0,15
636,668,254,0,15
636,669,254,0,15
636,670,254,0,15
636,671,254,0,15
636,672,254,0,15
636,673,254,0,15
636,674,254,0,15
636,675,254,0,15
636,676,254,0,15
636,677,254,0,15
636,678,254,0,15
636,679,254,0,15
636,680,254,0,15
636,681,254,0,15
636,682,254,0,15
636,683,254,0,15
636,684,254,0,15
636,685,254,0,15
636,686,254,0,15
636,687,254,0,15
636,688,254,0,15
636,689,254,0,15
636,690,254,0,15
636,691,254,0,15
636,692,254,0,15
636,693,254,0,15
636,694,254,0,15
636,695,254,0,15
636,696,254,0,15
636,697,254,0,15
636,698,254,0,15
636,699,254,0,15
636,700,254,0,15
636,701,254,0,15
636,702,254,0,15
636,703,254,0,15
636,704,254,0,15
636,705,254,0,15
636,706,254,0,15
636,707,254,0,15
636,708,254,0,15
636,709,254,0,15
636,710,254,0,15
636,711,254,0,15
636,712,254,0,15
636,713,254,0,15
636,714,254,0,15
636,715,254,0,15
636,716,254,0,15
636,717,254,0,15
636,718,254,0,15
636,719,254,0,15
636,720,254,0,15
636,721,254,0,15
636,722,254,0,15
636,723,254,0,15
636,724,254,0,15
637,625,402,0,16
637,626,402,0,16
637,627,402,0,16
637,628,402,0,16
637,629,402,0,16
637,630,402,0,16
637,631,402,0,16
637,632,402,0,16
637,633,402,0,16
637,634,402,0,16
637,635,402,0,16
637,636,402,0,16
637,638,402,0,16
637,639,402,0,16
637,640,402,0,16
637,641,402,0,16
637,642,402,0,16
637,643,402,0,16
637,644,402,0,16
637,645,402,0,16
637,646,402,0,16
637,647,402,0,16
637,648,402,0,16
637,649,402,0,16
637,650,402,0,16
637,651,402,0,16
637,652,402,0,16
637,653,402,0,16
637,654,402,0,16
637,655,402,0,16
637,656,402,0,16
637,657,402,0,16
637,658,402,0,16
637,659,402,0,16
637,660,402,0,16
637,661,402,0,16
637,662,402,0,16
637,663,402,0,16
637,664,402,0,16
637,665,402,0,16
637,666,402,0,16
637,667,402,0,16
637,668,402,0,16
637,669,402,0,16
637,670,402,0,16
637,671,402,0,16
637,672,402,0,16
637,673,402,0,16
637,674,402,0,16
637,675,402,0,16
637,676,402,0,16
637,677,402,0,16
637,678,402,0,16
637,679,402,0,16
637,680,402,0,16
637,681,402,0,16
637,682,402,0,16
637,683,402,0,16
637,684,402,0,16
637,685,402,0,16
637,686,402,0,16
637,687,402,0,16
637,688,402,0,16
637,689,402,0,16
637,690,402,0,16
637,691,402,0,16
637,692,402,0,16
637,693,402,0,16
637,694,402,0,16
637,695,402,0,16
637,696,402,0,16
637,697,402,0,16
637,698,402,0,16
637,699,402,0,16
637,700,402,0,16
637,701,402,0,16
637,702,402,0,16
637,703,402,0,16
637,704,402,0,16
637,705,402,0,16
637,706,402,0,16
637,707,402,0,16
637,708,402,0,16
637,709,402,0,16
637,710,402,0,16
637,711,402,0,16
637,712,402,0,16
637,713,402,0,16
637,714,402,0,16
637,715,402,0,16
637,716,402,0,16
637,717,402,0,16
637,718,402,0,16
637,719,402,0,16
637,720,402,0,16
637,721,402,0,16
637,722,402,0,16
637,723,402,0,16
637,724,402,0,16
649,625,134,0,28
649,626,134,0,28
649,627,134,0,28
649,628,134,0,28
649,629,134,0,28
649,630,134,0,28
649,631,134,0,28
649,632,134,0,28
649,633,134,0,28
649,634,134,0,28
649,635,134,0,28
649,636,134,0,28
649,637,134,0,28
649,638,134,0,28
649,639,134,0,28
649,640,134,0,28
649,641,134,0,28
649,642,134,0,28
649,643,134,0,28
649,644,134,0,28
649,645,134,0,28
649,646,134,0,28
649,647,134,0,28
649,648,134,0,28
649,650,134,0,28
649,651,134,0,28
649,652,134,0,28
649,653,134,0,28
649,654,134,0,28
649,655,134,0,28
649,656,134,0,28
649,657,134,0,28
649,658,134,0,28
649,659,134,0,28
649,660,134,0,28
649,661,134,0,28
649,662,134,0,28
649,663,134,0,28
649,664,134,0,28
649,665,134,0,28
649,666,134,0,28
649,667,134,0,28
649,668,134,0,28
649,669,134,0,28
649,670,134,0,28
649,671,134,0,28
649,672,134,0,28
649,673,134,0,28
649,674,134,0,28
649,675,134,0,28
649,676,134,0,28
649,677,134,0,28
649,678,134,0,28
649,679,134,0,28
649,680,134,0,28
649,681,134,0,28
649,682,134,0,28
649,683,134,0,28
649,684,134,0,28
649,685,134,0,28
649,686,134,0,28
649,687,134,0,28
649,688,134,0,28
649,689,134,0,28
649,690,134,0,28
649,691,134,0,28
649,692,134,0,28
649,693,134,0,28
649,694,134,0,28
649,695,134,0,28
649,696,134,0,28
649,697,134,0,28
649,698,134,0,28
649,699,134,0,28
649,700,134,0,28
649,701,134,0,28
649,702,134,0,28
649,703,134,0,28
649,704,134,0,28
649,705,134,0,28
649,706,134,0,28
649,707,134,0,28
649,708,134,0,28
649,709,134,0,28
649,710,134,0,28
649,711,134,0,28
649,712,134,0,28
649,713,134,0,28
649,714,134,0,28
649,715,134,0,28
649,716,134,0,28
649,717,134,0,28
649,718,134,0,28
649,719,134,0,28
649,720,134,0,28
649,721,134,0,28
649,722,134,0,28
649,723,134,0,28
649,724,134,0,28
655,625,80,0,34
655,626,80,0,34
655,627,80,0,34
655,628,80,0,34
655,629,80,0,34
655,630,80,0,34
655,631,80,0,34
655,632,80,0,34
655,633,80,0,34
655,634,80,0,34
655,635,80,0,34
655,636,80,0,34
655,637,80,0,34
655,638,80,0,34
655,639,80,0,34
655,640,80,0,34
655,641,80,0,34
655,642,80,0,34
655,643,80,0,34
655,644,80,0,34
655,645,80,0,34
655,646,80,0,34
655,647,80,0,34
655,648,80,0,34
655,649,80,0,34
655,650,80,0,34
655,651,80,0,34
655,652,80,0,34
655,653,80,0,34
655,654,80,0,34
655,656,80,0,34
655,657,80,0,34
655,658,80,0,34
655,659,80,0,34
655,660,80,0,34
655,661,80,0,34
655,662,80,0,34
655,663,80,0,34
655,664,80,0,34
655,665,80,0,34
655,666,80,0,34
655,667,80,0,34
655,668,80,0,34
655,669,80,0,34
655,670,80,0,34
655,671,80,0,34
655,672,80,0,34
655,673,80,0,34
655,674,80,0,34
655,675,80,0,34
655,676,80,0,34
655,677,80,0,34
655,678,80,0,34
655,679,80,0,34
655,680,80,0,34
655,681,80,0,34
655,682,80,0,34
655,683,80,0,34
655,684,80,0,34
655,685,80,0,34
655,686,80,0,34
655,687,80,0,34
655,688,80,0,34
655,689,80,0,34
655,690,80,0,34
655,691,80,0,34
655,692,80,0,34
655,693,80,0,34
655,694,80,0,34
655,695,80,0,34
655,696,80,0,34
655,697,80,0,34
655,698,80,0,34
655,699,80,0,34
655,700,80,0,34
655,701,80,0,34
655,702,80,0,34
655,703,80,0,34
655,704,80,0,34
655,705,80,0,34
655,706,80,0,34
655,707,80,0,34
655,708,80,0,34
655,709,80,0,34
655,710,80,0,34
655,711,80,0,34
655,712,80,0,34
655,713,80,0,34
655,714,80,0,34
655,715,80,0,34
655,716,80,0,34
655,717,80,0,34
655,718,80,0,34
655,719,80,0,34
655,720,80,0,34
655,721,80,0,34
655,722,80,0,34
655,723,80,0,34
655,724,80,0,34
685,625,232,0,64
685,626,232,0,64
685,627,232,0,64
685,628,232,0,64
685,629,232,0,64
685,630,232,0,64
685,631,232,0,64
685,632,232,0,64
685,633,232,0,64
685,634,232,0,64
685,635,232,0,64
685,636,232,0,64
685,637,232,0,64
685,638,232,0,64
685,639,232,0,64
685,640,232,0,64
685,641,232,0,64
685,642,232,0,64
685,643,232,0,64
685,644,232,0,64
685,645,232,0,64
685,646,232,0,64
685,647,232,0,64
685,648,232,0,64
685,649,232,0,64
685,650,232,0,64
685,651,232,0,64
685,652,232,0,64
685,653,232,0,64
685,654,232,0,64
685,655,232,0,64
685,656,232,0,64
685,657,232,0,64
685,658,232,0,64
685,659,232,0,64
685,660,232,0,64
685,661,232,0,64
685,662,232,0,64
685,663,232,0,64
685,664,232,0,64
685,665,232,0,64
685,666,232,0,64
685,667,232,0,64
685,668,232,0,64
685,669,232,0,64
685,670,232,0,64
685,671,232,0,64
685,672,232,0,64
685,673,232,0,64
685,674,232,0,64
685,675,232,0,64
685,676,232,0,64
685,677,232,0,64
685,678,232,0,64
685,679,232,0,64
685,680,232,0,64
685,681,232,0,64
685,682,232,0,64
685,683,232,0,64
685,684,232,0,64
685,686,232,0,64
685,687,232,0,64
685,688,232,0,64
685,689,232,0,64
685,690,232,0,64
685,691,232,0,64
685,692,232,0,64
685,693,232,0,64
685,694,232,0,64
685,695,232,0,64
685,696,232,0,64
685,697,232,0,64
685,698,232,0,64
685,699,232,0,64
685,700,232,0,64
685,701,232,0,64
685,702,232,0,64
685,703,232,0,64
685,704,232,0,64
685,705,232,0,64
685,706,232,0,64
685,707,232,0,64
685,708,232,0,64
685,709,232,0,64
685,710,232,0,64
685,711,232,0,64
685,712,232,0,64
685,713,232,0,64
685,714,232,0,64
685,715,232,0,64
685,716,232,0,64
685,717,232,0,64
685,718,232,0,64
685,719,232,0,64
685,720,232,0,64
685,721,232,0,64
685,722,232,0,64
685,723,232,0,64
685,724,232,0,64
696,625,433,0,75
696,626,433,0,75
696,627,433,0,75
696,628,433,0,75
696,629,433,0,75
696,630,433,0,75
696,631,433,0,75
696,632,433,0,75
696,633,433,0,75
696,634,433,0,75
696,635,433,0,75
696,636,433,0,75
696,637,433,0,75
696,638,433,0,75
696,639,433,0,75
696,640,433,0,75
696,641,433,0,75
696,642,433,0,75
696,643,433,0,75
696,644,433,0,75
696,645,433,0,75
696,646,433,0,75
696,647,433,0,75
696,648,433,0,75
696,649,433,0,75
696,650,433,0,75
696,651,433,0,75
696,652,433,0,75
696,653,433,0,75
696,654,433,0,75
696,655,433,0,75
696,656,433,0,75
696,657,433,0,75
696,658,433,0,75
696,659,433,0,75
696,660,433,0,75
696,661,433,0,75
696,662,433,0,75
696,663,433,0,75
696,664,433,0,75
696,665,433,0,75
696,666,433,0,75
696,667,433,0,75
696,668,433,0,75
696,669,433,0,75
696,670,433,0,75
696,671,433,0,75
696,672,433,0,75
696,673,433,0,75
696,674,433,0,75
696,675,433,0,75
696,676,433,0,75
696,677,433,0,75
696,678,433,0,75
696,679,433,0,75
696,680,433,0,75
696,681,433,0,75
696,682,433,0,75
696,683,433,0,75
696,684,433,0,75
696,685,433,0,75
696,686,433,0,75
696,687,433,0,75
696,688,433,0,75
696,689,433,0,75
696,690,433,0,75
696,691,433,0,75
696,692,433,0,75
696,693,433,0,75
696,694,433,0,75
696,695,433,0,75
696,697,433,0,75
696,698,433,0,75
696,699,433,0,75
696,700,433,0,75
696,701,433,0,75
696,702,433,0,75
696,703,433,0,75
696,704,433,0,75
696,705,433,0,75
696,706,433,0,75
696,707,433,0,75
696,708,433,0,75
696,709,433,0,75
696,710,433,0,75
696,711,433,0,75
696,712,433,0,75
696,713,433,0,75
696,714,433,0,75
696,715,433,0,75
696,716,433,0,75
696,717,433,0,75
696,718,433,0,75
696,719,433,0,75
696,720,433,0,75
696,721,433,0,75
696,722,433,0,75
696,723,433,0,75
696,724,433,0,75
700,625,27,0,79
700,626,27,0,79
700,627,27,0,79
700,628,27,0,79
700,629,27,0,79
700,630,27,0,79
700,631,27,0,79
700,632,27,0,79
700,633,27,0,79
700,634,27,0,79
700,635,27,0,79
700,636,27,0,79
700,637,27,0,79
700,638,27,0,79
700,639,27,0,79
700,640,27,0,79
700,641,27,0,79
700,642,27,0,79
700,643,27,0,79
700,644,27,0,79
700,645,27,0,79
700,646,27,0,79
700,647,27,0,79
700,648,27,0,79
700,649,27,0,79
700,650,27,0,79
700,651,27,0,79
700,652,27,0,79
700,653,27,0,79
700,654,27,0,79
700,655,27,0,79
700,656,27,0,79
700,657,27,0,79
700,658,27,0,79
700,659,27,0,79
700,660,27,0,79
700,661,27,0,79
700,662,27,0,79
700,663,27,0,79
700,664,27,0,79
700,665,27,0,79
700,666,27,0,79
700,667,27,0,79
700,668,27,0,79
700,669,27,0,79
700,670,27,0,79
700,671,27,0,79
700,672,27,0,79
700,673,27,0,79
700,674,27,0,79
700,675,27,0,79
700,676,27,0,79
700,677,27,0,79
700,678,27,0,79
700,679,27,0,79
700,680,27,0,79
700,681,27,0,79
700,682,27,0,79
700,683,27,0,79
700,684,27,0,79
700,685,27,0,79
700,686,27,0,79
700,687,27,0,79
700,688,27,0,79
700,689,27,0,79
700,690,27,0,79
700,691,27,0,79
700,692,27,0,79
700,693,27,0,79
700,694,27,0,79
700,695,27,0,79
700,696,27,0,79
700,697,27,0,79
700,698,27,0,79
700,699,27,0,79
700,701,27,0,79
700,702,27,0,79
700,703,27,0,79
700,704,27,0,79
700,705,27,0,79
700,706,27,0,79
700,707,27,0,79
700,708,27,0,79
700,709,27,0,79
700,710,27,0,79
700,711,27,0,79
700,712,27,0,79
700,713,27,0,79
700,714,27,0,79
700,715,27,0,79
700,716,27,0,79
700,717,27,0,79
700,718,27,0,79
700,719,27,0,79
700,720,27,0,79
700,721,27,0,79
700,722,27,0,79
700,723,27,0,79
700,724,27,0,79
716,625,230,0,95
716,626,230,0,95
716,627,230,0,95
716,628,230,0,95
716,629,230,0,95
716,630,230,0,95
716,631,230,0,95
716,632,230,0,95
716,633,230,0,95
716,634,230,0,95
716,635,230,0,95
716,636,230,0,95
716,637,230,0,95
716,638,230,0,95
716,639,230,0,95
716,640,230,0,95
716,641,230,0,95
716,642,230,0,95
716,643,230,0,95
716,644,230,0,95
716,645,230,0,95
716,646,230,0,95
716,647,230,0,95
716,648,230,0,95
716,649,230,0,95
716,650,230,0,95
716,651,230,0,95
716,652,230,0,95
716,653,230,0,95
716,654,230,0,95
716,655,230,0,95
716,656,230,0,95
716,657,230,0,95
716,658,230,0,95
716,659,230,0,95
716,660,230,0,95
716,661,230,0,95
716,662,230,0,95
716,663,230,0,95
716,664,230,0,95
716,665,230,0,95
716,666,230,0,95
716,667,230,0,95
716,668,230,0,95
716,669,230,0,95
716,670,230,0,95
716,671,230,0,95
716,672,230,0,95
716,673,230,0,95
716,674,230,0,95
716,675,230,0,95
716,676,230,0,95
716,677,230,0,95
716,678,230,0,95
716,679,230,0,95
716,680,230,0,95
716,681,230,0,95
716,682,230,0,95
716,683,230,0,95
716,684,230,0,95
716,685,230,0,95
716,686,230,0,95
716,687,230,0,95
716,688,230,0,95
716,689,230,0,95
716,690,230,0,95
716,691,230,0,95
716,692,230,0,95
716,693,230,0,95
716,694,230,0,95
716,695,230,0,95
716,696,230,0,95
716,697,230,0,95
716,698,230,0,95
716,699,230,0,95
716,700,230,0,95
716,701,230,0,95
716,702,230,0,95
716,703,230,0,95
716,704,230,0,95
716,705,230,0,95
716,706,230,0,95
716,707,230,0,95
716,708,230,0,95
716,709,230,0,95
716,710,230,0,95
716,711,230,0,95
716,712,230,0,95
716,713,230,0,95
716,714,230,0,95
716,715,230,0,95
716,717,230,0,95
716,718,230,0,95
716,719,230,0,95
716,720,230,0,95
716,721,230,0,95
716,722,230,0,95
716,723,230,0,95
716,724,230,0,95
723,625,159,0,102
723,626,159,0,102
723,627,159,0,102
723,628,159,0,102
723,629,159,0,102
723,630,159,0,102
723,631,159,0,102
723,632,159,0,102
723,633,159,0,102
723,634,159,0,102
723,635,159,0,102
723,636,159,0,102
723,637,159,0,102
723,638,159,0,102
723,639,159,0,102
723,640,159,0,102
723,641,159,0,102
723,642,159,0,102
723,643,159,0,102
723,644,159,0,102
723,645,159,0,102
723,646,159,0,102
723,647,159,0,102
723,648,159,0,102
723,649,159,0,102
723,650,159,0,102
723,651,159,0,102
723,652,159,0,102
723,653,159,0,102
723,654,159,0,102
723,655,159,0,102
723,656,159,0,102
723,657,159,0,102
723,658,159,0,102
723,659,159,0,102
723,660,159,0,102
723,661,159,0,102
723,662,159,0,102
723,663,159,0,102
723,664,159,0,102
723,665,159,0,102
723,666,159,0,102
723,667,159,0,102
723,668,159,0,102
723,669,159,0,102
723,670,159,0,102
723,671,159,0,102
723,672,159,0,102
723,673,159,0,102
723,674,159,0,102
723,675,159,0,102
723,676,159,0,102
723,677,159,0,102
723,678,159,0,102
723,679,159,0,102
723,680,159,0,102
723,681,159,0,102
723,682,159,0,102
723,683,159,0,102
723,684,159,0,102
723,685,159,0,102
723,686,159,0,102
723,687,159,0,102
723,688,159,0,102
723,689,159,0,102
723,690,159,0,102
723,691,159,0,102
723,692,159,0,102
723,693,159,0,102
723,694,159,0,102
723,695,159,0,102
723,696,159,0,102
723,697,159,0,102
723,698,159,0,102
723,699,159,0,102
723,700,159,0,102
723,701,159,0,102
723,702,159,0,102
723,703,159,0,102
723,704,159,0,102
723,705,159,0,102
723,706,159,0,102
723,707,159,0,102
723,708,159,0,102
723,709,159,0,102
723,710,159,0,102
723,711,159,0,102
723,712,159,0,102
723,713,159,0,102
723,714,159,0,102
723,715,159,0,102
723,716,159,0,102
723,717,159,0,102
723,718,159,0,102
723,719,159,0,102
723,720,159,0,102
723,721,159,0,102
723,722,159,0,102
723,724,159,0,102
