0,650,25,1,0
0,678,24,2,1
0,695,25,1,0
2,650,27,2,0
2,678,3,1,0
2,695,27,2,0
3,678,4,1,0
4,678,5,1,0
4,700,5,1,0
5,678,6,1,0
5,700,6,1,0
5,722,6,1,0
6,678,7,1,0
6,700,7,1,0
6,722,7,1,0
7,678,8,1,0
7,700,8,1,0
7,722,8,1,0
8,678,33,2,0
8,700,608,3,3
9,678,34,2,0
9,700,609,3,3
9,722,34,2,0
10,678,35,2,0
10,700,610,3,3
10,722,35,2,0
11,678,36,2,0
11,700,611,3,3
12,678,37,2,0
13,678,38,2,0
15,650,16,1,0
15,678,40,2,0
15,695,16,1,0
16,678,41,2,0
17,678,42,2,0
17,700,617,3,3
18,678,43,2,0
18,700,618,3,3
18,722,43,2,0
19,678,44,2,0
19,700,619,3,3
19,722,44,2,0
20,678,45,2,0
20,700,620,3,3
21,678,20,0,1
21,700,20,0,1
21,722,20,0,1
22,678,21,0,1
22,700,21,0,1
22,722,21,0,1
23,678,22,0,1
23,700,22,0,1
24,678,23,0,1
25,650,50,2,0
25,678,49,3,2
25,695,50,2,0
27,650,52,3,0
27,678,28,2,1
27,695,52,3,0
28,678,29,2,1
29,678,30,2,1
29,700,30,2,1
30,678,31,2,1
30,700,31,2,1
30,722,31,2,1
31,678,32,2,1
31,700,32,2,1
31,722,32,2,1
32,678,33,2,1
32,700,33,2,1
32,722,33,2,1
33,629,8,0,2
33,678,58,3,0
33,700,8,0,2
34,629,9,0,2
34,678,59,3,0
34,700,9,0,2
34,722,59,3,0
35,629,10,0,2
35,678,60,3,0
35,700,10,0,2
35,722,60,3,0
36,678,61,3,0
36,700,11,0,2
37,678,62,3,0
38,678,63,3,0
40,650,41,2,1
40,678,65,3,0
40,695,41,2,1
41,678,66,3,0
42,629,17,0,2
42,678,67,3,0
42,700,17,0,2
43,629,18,0,2
43,678,68,3,0
43,700,18,0,2
43,722,68,3,0
44,629,19,0,2
44,678,69,3,0
44,700,19,0,2
44,722,69,3,0
45,629,20,0,2
45,678,70,3,0
45,700,20,0,2
46,678,45,1,2
46,700,45,1,2
46,722,45,1,2
47,678,46,1,2
47,700,46,1,2
47,722,46,1,2
48,678,47,1,2
48,700,47,1,2
49,678,48,1,2
50,650,75,2,0
50,678,74,3,2
50,695,75,2,0
52,650,77,3,0
52,678,53,2,1
52,695,77,3,0
53,650,78,3,0
53,678,54,2,1
54,650,79,3,0
54,678,55,2,1
54,700,55,2,1
55,650,80,3,0
55,678,56,2,1
55,700,56,2,1
55,722,56,2,1
56,650,81,3,0
56,678,57,2,1
56,700,57,2,1
56,722,57,2,1
57,650,82,3,0
57,678,58,2,1
57,700,58,2,1
57,722,58,2,1
58,650,83,3,0
58,678,83,3,0
59,678,84,3,0
59,700,34,0,3
59,722,84,3,0
60,678,85,3,0
60,700,35,0,3
60,722,85,3,0
61,678,86,3,0
61,700,36,0,3
62,678,87,3,0
63,678,88,3,0
65,650,66,2,1
65,678,90,3,0
65,695,66,2,1
66,678,91,3,0
67,678,92,3,0
67,700,42,0,3
68,678,93,3,0
68,700,43,0,3
68,722,93,3,0
69,678,94,3,0
69,700,44,0,3
69,722,94,3,0
70,650,95,3,0
70,678,95,3,0
71,650,96,3,0
71,678,70,1,2
71,700,70,1,2
71,722,70,1,2
72,650,97,3,0
72,678,71,1,2
72,700,71,1,2
72,722,71,1,2
73,650,98,3,0
73,678,72,1,2
73,700,72,1,2
74,650,99,3,0
74,678,73,1,2
75,678,99,3,2
75,695,100,2,0
77,650,650,29,0
77,678,78,2,1
77,695,102,3,0
78,650,77,1,2
78,678,79,2,1
79,650,78,1,2
79,678,80,2,1
79,700,80,2,1
80,650,79,1,2
80,678,81,2,1
80,700,81,2,1
80,722,81,2,1
81,650,80,1,2
81,678,82,2,1
81,700,82,2,1
81,722,82,2,1
82,650,81,1,2
82,678,83,2,1
82,700,83,2,1
82,722,83,2,1
83,650,82,1,2
83,678,108,3,0
83,722,84,2,1
84,678,109,3,0
84,700,59,0,3
84,722,85,2,1
85,678,110,3,0
85,700,60,0,3
85,722,722,101,0
86,678,111,3,0
86,700,61,0,3
87,678,112,3,0
88,678,113,3,0
90,650,91,2,1
90,678,115,3,0
90,695,91,2,1
91,678,116,3,0
92,678,117,3,0
92,700,67,0,3
93,678,118,3,0
93,700,68,0,3
93,722,92,1,2
94,678,119,3,0
94,700,69,0,3
94,722,93,1,2
95,650,96,2,1
95,678,120,3,0
95,722,94,1,2
96,650,97,2,1
96,678,95,1,2
96,700,95,1,2
96,722,95,1,2
97,650,98,2,1
97,678,96,1,2
97,700,96,1,2
97,722,96,1,2
98,650,99,2,1
98,678,97,1,2
98,700,97,1,2
99,650,75,2,3
99,678,98,1,2
100,650,75,0,2
100,678,124,3,2
100,695,125,2,0
102,650,77,0,3
102,678,103,2,1
102,695,127,3,0
103,678,104,2,1
104,678,105,2,1
104,700,105,2,1
105,678,106,2,1
105,700,106,2,1
105,722,106,2,1
106,678,107,2,1
106,700,107,2,1
106,722,107,2,1
107,678,108,2,1
107,700,108,2,1
107,706,706,85,0
107,722,108,2,1
108,706,107,1,2
108,722,83,0,3
109,678,134,3,0
109,700,84,0,3
109,722,84,0,3
110,678,135,3,0
110,700,85,0,3
110,722,85,0,3
111,678,136,3,0
111,700,86,0,3
112,678,137,3,0
113,678,138,3,0
115,650,116,2,1
115,678,140,3,0
115,695,116,2,1
116,678,141,3,0
117,678,142,3,0
117,700,92,0,3
118,678,143,3,0
118,700,93,0,3
118,722,93,0,3
119,678,144,3,0
119,700,94,0,3
119,722,94,0,3
120,706,121,2,1
120,722,95,0,3
121,678,120,1,2
121,700,120,1,2
121,722,120,1,2
122,678,121,1,2
122,700,121,1,2
122,722,121,1,2
123,678,122,1,2
123,700,122,1,2
124,678,123,1,2
125,650,100,0,2
125,678,149,3,2
125,695,150,2,0
127,650,102,0,3
127,678,128,2,1
127,695,152,3,0
128,678,129,2,1
129,678,130,2,1
129,700,130,2,1
130,678,131,2,1
130,700,131,2,1
130,722,131,2,1
131,678,132,2,1
131,700,132,2,1
131,722,132,2,1
132,678,133,2,1
132,700,133,2,1
132,706,107,0,3
132,722,133,2,1
133,678,134,2,1
133,700,158,3,0
133,706,108,0,3
133,722,108,0,3
134,678,135,2,1
134,700,159,3,0
134,722,109,0,3
135,678,136,2,1
135,700,160,3,0
135,722,110,0,3
136,678,137,2,1
136,700,161,3,0
137,678,138,2,1
138,678,678,57,0
140,650,141,2,1
140,678,139,1,2
140,695,141,2,1
141,678,140,1,2
142,678,141,1,2
142,700,167,3,0
143,678,142,1,2
143,700,168,3,0
143,722,118,0,3
144,678,143,1,2
144,700,169,3,0
144,722,119,0,3
145,678,144,1,2
145,700,170,3,0
145,706,120,0,3
145,722,120,0,3
146,678,145,1,2
146,700,145,1,2
146,722,145,1,2
147,678,146,1,2
147,700,146,1,2
147,722,146,1,2
148,678,147,1,2
148,700,147,1,2
149,678,148,1,2
150,650,125,0,2
150,678,174,3,2
150,695,175,2,0
152,650,127,0,3
152,678,153,2,1
152,695,177,3,0
153,678,154,2,1
154,678,155,2,1
154,700,155,2,1
155,678,156,2,1
155,700,156,2,1
155,722,156,2,1
156,678,157,2,1
156,700,157,2,1
156,722,157,2,1
157,678,158,2,1
157,700,158,2,1
157,722,158,2,1
158,678,133,0,3
158,700,183,3,0
158,722,133,0,3
159,678,134,0,3
159,700,184,3,0
159,722,134,0,3
160,678,135,0,3
160,700,185,3,0
160,722,135,0,3
161,678,136,0,3
161,700,186,3,0
162,678,137,0,3
163,678,138,0,3
165,650,166,2,1
165,678,140,0,3
165,695,166,2,1
166,678,141,0,3
167,678,142,0,3
167,700,192,3,0
168,678,143,0,3
168,700,193,3,0
168,722,143,0,3
169,678,144,0,3
169,700,194,3,0
169,722,144,0,3
170,678,145,0,3
170,700,195,3,0
170,722,145,0,3
171,678,170,1,2
171,700,170,1,2
171,722,170,1,2
172,678,171,1,2
172,700,171,1,2
172,722,171,1,2
173,678,172,1,2
173,700,172,1,2
174,678,173,1,2
175,650,150,0,2
175,678,199,3,2
175,695,200,2,0
177,650,152,0,3
177,678,178,2,1
177,695,202,3,0
178,678,179,2,1
179,678,180,2,1
179,700,180,2,1
180,678,181,2,1
180,700,181,2,1
180,722,181,2,1
181,678,182,2,1
181,700,182,2,1
181,722,182,2,1
182,678,183,2,1
182,700,183,2,1
182,722,183,2,1
183,678,158,0,3
183,700,208,3,0
183,722,158,0,3
184,678,159,0,3
184,700,209,3,0
184,722,159,0,3
185,678,160,0,3
185,700,210,3,0
185,722,160,0,3
186,678,161,0,3
186,700,211,3,0
187,678,162,0,3
188,678,163,0,3
190,650,191,2,1
190,678,165,0,3
190,695,191,2,1
191,678,166,0,3
192,678,167,0,3
192,700,217,3,0
193,678,168,0,3
193,700,218,3,0
193,722,168,0,3
194,678,169,0,3
194,700,219,3,0
194,722,169,0,3
195,678,170,0,3
195,700,220,3,0
195,722,170,0,3
196,678,195,1,2
196,700,195,1,2
196,722,195,1,2
197,678,196,1,2
197,700,196,1,2
197,722,196,1,2
198,678,197,1,2
198,700,197,1,2
199,678,198,1,2
200,650,175,0,2
200,678,224,3,2
200,695,225,2,0
202,650,177,0,3
202,678,203,2,1
202,695,227,3,0
203,678,204,2,1
204,678,205,2,1
204,700,205,2,1
205,678,206,2,1
205,700,206,2,1
205,722,206,2,1
206,678,207,2,1
206,700,207,2,1
206,722,207,2,1
207,678,208,2,1
207,700,208,2,1
207,722,208,2,1
208,678,183,0,3
208,700,233,3,0
208,722,183,0,3
209,678,184,0,3
209,700,234,3,0
209,722,184,0,3
210,678,185,0,3
210,700,235,3,0
210,722,185,0,3
211,678,186,0,3
211,700,236,3,0
212,678,187,0,3
213,678,188,0,3
215,650,216,2,1
215,678,190,0,3
215,695,216,2,1
216,678,191,0,3
217,678,192,0,3
217,700,242,3,0
218,678,193,0,3
218,700,243,3,0
218,722,193,0,3
219,678,194,0,3
219,700,244,3,0
219,722,194,0,3
220,678,195,0,3
220,700,245,3,0
220,722,195,0,3
221,678,220,1,2
221,700,220,1,2
221,722,220,1,2
222,678,221,1,2
222,700,221,1,2
222,722,221,1,2
223,678,222,1,2
223,700,222,1,2
224,678,223,1,2
225,650,200,0,2
225,678,249,3,2
227,650,202,0,3
227,678,228,2,1
227,695,695,74,0
228,678,229,2,1
228,695,227,1,2
229,678,230,2,1
229,700,230,2,1
230,678,231,2,1
230,700,231,2,1
230,722,231,2,1
231,678,232,2,1
231,700,232,2,1
231,722,232,2,1
232,678,233,2,1
232,700,233,2,1
232,722,233,2,1
233,678,208,0,3
233,700,258,3,0
233,722,208,0,3
234,678,209,0,3
234,700,259,3,0
234,722,209,0,3
235,678,210,0,3
235,700,260,3,0
235,722,210,0,3
236,678,211,0,3
236,700,261,3,0
237,678,212,0,3
238,678,213,0,3
240,650,241,2,1
240,678,215,0,3
240,695,241,2,1
241,678,216,0,3
242,678,217,0,3
242,700,267,3,0
243,678,218,0,3
243,700,268,3,0
243,722,218,0,3
244,678,219,0,3
244,700,269,3,0
244,722,219,0,3
245,678,220,0,3
245,700,270,3,0
245,722,220,0,3
246,678,245,1,2
246,700,245,1,2
246,722,245,1,2
247,678,246,1,2
247,700,246,1,2
247,722,246,1,2
248,678,247,1,2
248,700,247,1,2
249,678,248,1,2
250,650,225,0,2
250,678,274,3,2
250,695,225,0,2
252,650,227,0,3
252,678,253,2,1
252,695,227,0,3
253,678,254,2,1
254,678,255,2,1
254,700,255,2,1
255,678,256,2,1
255,700,256,2,1
255,722,256,2,1
256,678,257,2,1
256,700,257,2,1
256,722,257,2,1
257,678,258,2,1
257,700,258,2,1
257,722,258,2,1
258,678,233,0,3
258,700,283,3,0
258,722,233,0,3
259,678,234,0,3
259,700,284,3,0
259,722,234,0,3
260,678,235,0,3
260,700,285,3,0
260,722,235,0,3
261,678,236,0,3
261,700,286,3,0
262,678,237,0,3
263,678,238,0,3
265,650,266,2,1
265,678,240,0,3
265,695,266,2,1
266,678,241,0,3
267,678,242,0,3
267,700,292,3,0
268,678,243,0,3
268,700,293,3,0
268,722,243,0,3
269,678,244,0,3
269,700,294,3,0
269,722,244,0,3
270,678,245,0,3
270,700,295,3,0
270,722,245,0,3
271,678,270,1,2
271,700,270,1,2
271,722,270,1,2
272,678,271,1,2
272,700,271,1,2
272,722,271,1,2
273,678,272,1,2
273,700,272,1,2
274,678,273,1,2
275,650,250,0,2
275,678,299,3,2
275,695,250,0,2
277,650,252,0,3
277,678,278,2,1
277,695,252,0,3
278,678,279,2,1
279,678,280,2,1
279,700,280,2,1
280,678,281,2,1
280,700,281,2,1
280,722,281,2,1
281,678,282,2,1
281,700,282,2,1
281,722,282,2,1
282,678,283,2,1
282,700,283,2,1
282,722,283,2,1
283,678,258,0,3
283,700,308,3,0
284,678,259,0,3
284,700,309,3,0
284,722,259,0,3
285,678,260,0,3
285,700,310,3,0
285,722,260,0,3
286,678,261,0,3
286,700,311,3,0
287,678,262,0,3
288,678,263,0,3
290,650,291,2,1
290,678,265,0,3
290,695,291,2,1
291,678,266,0,3
292,678,267,0,3
292,700,317,3,0
293,678,268,0,3
293,700,318,3,0
293,722,268,0,3
294,678,269,0,3
294,700,319,3,0
294,722,269,0,3
295,678,270,0,3
295,700,320,3,0
296,678,295,1,2
296,700,295,1,2
296,722,295,1,2
297,678,296,1,2
297,700,296,1,2
297,722,296,1,2
298,678,297,1,2
298,700,297,1,2
299,678,298,1,2
300,650,275,0,2
300,678,324,3,2
300,695,275,0,2
302,650,277,0,3
302,678,303,2,1
302,695,277,0,3
303,678,304,2,1
304,678,305,2,1
304,700,305,2,1
305,678,306,2,1
305,700,306,2,1
305,722,306,2,1
306,678,307,2,1
306,700,307,2,1
306,722,307,2,1
307,678,308,2,1
307,700,308,2,1
307,722,308,2,1
308,678,283,0,3
308,700,333,3,0
309,678,284,0,3
309,700,334,3,0
309,722,284,0,3
310,678,285,0,3
310,700,335,3,0
310,722,285,0,3
311,678,286,0,3
311,700,336,3,0
312,678,287,0,3
313,678,288,0,3
315,650,316,2,1
315,678,290,0,3
315,695,316,2,1
316,678,291,0,3
317,678,292,0,3
317,700,342,3,0
318,678,293,0,3
318,700,343,3,0
318,722,293,0,3
319,678,294,0,3
319,700,344,3,0
319,722,294,0,3
320,678,295,0,3
320,700,345,3,0
321,678,320,1,2
321,700,320,1,2
321,722,320,1,2
322,678,321,1,2
322,700,321,1,2
322,722,321,1,2
323,678,322,1,2
323,700,322,1,2
324,678,323,1,2
325,650,300,0,2
325,678,349,3,2
325,695,300,0,2
327,650,302,0,3
327,678,328,2,1
327,695,302,0,3
328,678,329,2,1
329,678,330,2,1
329,700,330,2,1
330,678,331,2,1
330,700,331,2,1
330,722,331,2,1
331,678,332,2,1
331,700,332,2,1
331,722,332,2,1
332,678,333,2,1
332,700,333,2,1
332,722,333,2,1
333,629,358,3,0
333,678,308,0,3
333,700,358,3,0
334,629,359,3,0
334,678,309,0,3
334,700,359,3,0
334,722,309,0,3
335,629,360,3,0
335,678,310,0,3
335,700,360,3,0
335,722,310,0,3
336,678,311,0,3
336,700,361,3,0
337,678,312,0,3
338,678,313,0,3
340,650,341,2,1
340,678,315,0,3
340,695,341,2,1
341,678,316,0,3
342,629,367,3,0
342,678,317,0,3
342,700,367,3,0
343,629,368,3,0
343,678,318,0,3
343,700,368,3,0
343,722,318,0,3
344,629,369,3,0
344,678,319,0,3
344,700,369,3,0
344,722,319,0,3
345,629,370,3,0
345,678,320,0,3
345,700,370,3,0
346,678,345,1,2
346,700,345,1,2
346,722,345,1,2
347,678,346,1,2
347,700,346,1,2
347,722,346,1,2
348,678,347,1,2
348,700,347,1,2
349,678,348,1,2
350,650,325,0,2
350,678,374,3,2
350,695,325,0,2
352,650,327,0,3
352,678,353,2,1
352,695,327,0,3
353,678,354,2,1
354,678,355,2,1
354,700,355,2,1
355,678,356,2,1
355,700,356,2,1
355,722,356,2,1
356,678,357,2,1
356,700,357,2,1
356,722,357,2,1
357,678,358,2,1
357,700,358,2,1
357,722,358,2,1
358,629,359,2,1
358,678,333,0,3
359,629,360,2,1
359,678,334,0,3
359,700,384,3,0
359,722,334,0,3
360,629,361,2,1
360,678,335,0,3
360,700,385,3,0
360,722,335,0,3
361,678,336,0,3
361,700,386,3,0
362,678,337,0,3
363,678,338,0,3
365,650,366,2,1
365,678,340,0,3
365,695,366,2,1
366,678,341,0,3
367,629,629,8,0
367,678,342,0,3
367,700,392,3,0
368,629,367,1,2
368,678,343,0,3
368,700,393,3,0
368,722,343,0,3
369,629,368,1,2
369,678,344,0,3
369,700,394,3,0
369,722,344,0,3
370,629,369,1,2
370,678,345,0,3
371,678,370,1,2
371,700,370,1,2
371,722,370,1,2
372,678,371,1,2
372,700,371,1,2
372,722,371,1,2
373,678,372,1,2
373,700,372,1,2
374,678,373,1,2
375,650,350,0,2
375,678,399,3,2
375,695,350,0,2
377,650,352,0,3
377,678,378,2,1
377,695,352,0,3
378,650,353,0,3
378,678,379,2,1
379,650,354,0,3
379,678,380,2,1
379,700,380,2,1
380,650,355,0,3
380,678,381,2,1
380,700,381,2,1
380,722,381,2,1
381,650,356,0,3
381,678,382,2,1
381,700,382,2,1
381,722,382,2,1
382,650,357,0,3
382,678,383,2,1
382,700,383,2,1
382,722,383,2,1
383,650,358,0,3
383,678,358,0,3
384,678,359,0,3
384,700,409,3,0
384,722,359,0,3
385,678,360,0,3
385,700,410,3,0
385,722,360,0,3
386,678,361,0,3
386,700,411,3,0
387,678,362,0,3
388,678,363,0,3
390,650,391,2,1
390,678,365,0,3
390,695,391,2,1
391,678,366,0,3
392,678,367,0,3
392,700,417,3,0
393,678,368,0,3
393,700,418,3,0
393,722,368,0,3
394,678,369,0,3
394,700,419,3,0
394,722,369,0,3
395,650,370,0,3
395,678,370,0,3
396,650,371,0,3
396,678,395,1,2
396,700,395,1,2
396,722,395,1,2
397,650,372,0,3
397,678,396,1,2
397,700,396,1,2
397,722,396,1,2
398,650,373,0,3
398,678,397,1,2
398,700,397,1,2
399,650,374,0,3
399,678,398,1,2
400,650,425,2,0
400,678,424,3,2
400,695,375,0,2
402,650,427,3,0
402,678,403,2,1
402,695,377,0,3
403,678,404,2,1
404,678,405,2,1
404,700,405,2,1
405,678,406,2,1
405,700,406,2,1
405,722,406,2,1
406,678,407,2,1
406,700,407,2,1
406,722,407,2,1
407,678,408,2,1
407,700,408,2,1
407,722,408,2,1
408,678,383,0,3
408,722,433,3,0
409,678,384,0,3
409,700,434,3,0
409,722,434,3,0
410,678,385,0,3
410,700,435,3,0
410,722,435,3,0
411,678,386,0,3
411,700,436,3,0
412,678,387,0,3
413,678,388,0,3
415,650,416,2,1
415,678,390,0,3
415,695,416,2,1
416,678,391,0,3
417,678,392,0,3
417,700,442,3,0
418,678,393,0,3
418,700,443,3,0
418,722,443,3,0
419,678,394,0,3
419,700,444,3,0
419,722,444,3,0
420,678,395,0,3
420,722,445,3,0
421,678,420,1,2
421,700,420,1,2
421,722,420,1,2
422,678,421,1,2
422,700,421,1,2
422,722,421,1,2
423,678,422,1,2
423,700,422,1,2
424,678,423,1,2
425,650,450,2,0
425,678,449,3,2
425,695,400,0,2
427,650,452,3,0
427,678,428,2,1
427,695,402,0,3
428,678,429,2,1
429,678,430,2,1
429,700,430,2,1
430,678,431,2,1
430,700,431,2,1
430,722,431,2,1
431,678,432,2,1
431,700,432,2,1
431,722,432,2,1
432,678,433,2,1
432,700,433,2,1
432,706,457,3,0
432,722,433,2,1
433,700,434,2,1
433,706,458,3,0
433,722,458,3,0
434,678,409,0,3
434,700,435,2,1
434,722,459,3,0
435,678,410,0,3
435,700,436,2,1
435,722,460,3,0
436,678,411,0,3
436,700,700,79,0
437,678,412,0,3
438,678,413,0,3
440,650,441,2,1
440,678,415,0,3
440,695,441,2,1
441,678,416,0,3
442,678,417,0,3
442,700,441,1,2
443,678,418,0,3
443,700,442,1,2
443,722,468,3,0
444,678,419,0,3
444,700,443,1,2
444,722,469,3,0
445,700,444,1,2
445,706,470,3,0
445,722,470,3,0
446,678,445,1,2
446,700,445,1,2
446,722,445,1,2
447,678,446,1,2
447,700,446,1,2
447,722,446,1,2
448,678,447,1,2
448,700,447,1,2
449,678,448,1,2
450,650,475,2,0
450,678,474,3,2
450,695,425,0,2
452,650,477,3,0
452,678,453,2,1
452,695,427,0,3
453,678,454,2,1
454,678,455,2,1
454,700,455,2,1
455,678,456,2,1
455,700,456,2,1
455,722,456,2,1
456,678,457,2,1
456,700,457,2,1
456,722,457,2,1
457,678,458,2,1
457,700,458,2,1
457,722,458,2,1
458,678,483,3,0
458,700,433,0,3
458,722,483,3,0
459,678,484,3,0
459,700,434,0,3
459,722,484,3,0
460,678,485,3,0
460,700,435,0,3
460,722,485,3,0
461,678,486,3,0
461,700,436,0,3
462,678,487,3,0
463,678,488,3,0
465,650,466,2,1
465,678,490,3,0
465,695,466,2,1
466,678,491,3,0
467,678,492,3,0
467,700,442,0,3
468,678,493,3,0
468,700,443,0,3
468,722,493,3,0
469,678,494,3,0
469,700,444,0,3
469,722,494,3,0
470,678,495,3,0
470,700,445,0,3
470,722,495,3,0
471,678,470,1,2
471,700,470,1,2
471,722,470,1,2
472,678,471,1,2
472,700,471,1,2
472,722,471,1,2
473,678,472,1,2
473,700,472,1,2
474,678,473,1,2
475,650,500,2,0
475,678,499,3,2
475,695,450,0,2
477,650,502,3,0
477,678,478,2,1
477,695,452,0,3
478,678,479,2,1
479,678,480,2,1
479,700,480,2,1
480,678,481,2,1
480,700,481,2,1
480,722,481,2,1
481,678,482,2,1
481,700,482,2,1
481,722,482,2,1
482,678,483,2,1
482,700,483,2,1
482,722,483,2,1
483,678,508,3,0
483,700,458,0,3
483,722,508,3,0
484,678,509,3,0
484,700,459,0,3
484,722,509,3,0
485,678,510,3,0
485,700,460,0,3
485,722,510,3,0
486,678,511,3,0
486,700,461,0,3
487,678,512,3,0
488,678,513,3,0
490,650,491,2,1
490,678,515,3,0
490,695,491,2,1
491,678,516,3,0
492,678,517,3,0
492,700,467,0,3
493,678,518,3,0
493,700,468,0,3
493,722,518,3,0
494,678,519,3,0
494,700,469,0,3
494,722,519,3,0
495,678,520,3,0
495,700,470,0,3
495,722,520,3,0
496,678,495,1,2
496,700,495,1,2
496,722,495,1,2
497,678,496,1,2
497,700,496,1,2
497,722,496,1,2
498,678,497,1,2
498,700,497,1,2
499,678,498,1,2
500,650,525,2,0
500,678,524,3,2
500,695,475,0,2
502,650,527,3,0
502,678,503,2,1
502,695,477,0,3
503,678,504,2,1
504,678,505,2,1
504,700,505,2,1
505,678,506,2,1
505,700,506,2,1
505,722,506,2,1
506,678,507,2,1
506,700,507,2,1
506,722,507,2,1
507,678,508,2,1
507,700,508,2,1
507,722,508,2,1
508,678,533,3,0
508,700,483,0,3
508,722,533,3,0
509,678,534,3,0
509,700,484,0,3
509,722,534,3,0
510,678,535,3,0
510,700,485,0,3
510,722,535,3,0
511,678,536,3,0
511,700,486,0,3
512,678,537,3,0
513,678,538,3,0
515,650,516,2,1
515,678,540,3,0
515,695,516,2,1
516,678,541,3,0
517,678,542,3,0
517,700,492,0,3
518,678,543,3,0
518,700,493,0,3
518,722,543,3,0
519,678,544,3,0
519,700,494,0,3
519,722,544,3,0
520,678,545,3,0
520,700,495,0,3
520,722,545,3,0
521,678,520,1,2
521,700,520,1,2
521,722,520,1,2
522,678,521,1,2
522,700,521,1,2
522,722,521,1,2
523,678,522,1,2
523,700,522,1,2
524,678,523,1,2
525,650,550,2,0
525,678,549,3,2
525,695,500,0,2
527,650,552,3,0
527,678,528,2,1
527,695,502,0,3
528,678,529,2,1
529,678,530,2,1
529,700,530,2,1
530,678,531,2,1
530,700,531,2,1
530,722,531,2,1
531,678,532,2,1
531,700,532,2,1
531,722,532,2,1
532,678,533,2,1
532,700,533,2,1
532,722,533,2,1
533,678,558,3,0
533,700,508,0,3
533,722,558,3,0
534,678,559,3,0
534,700,509,0,3
534,722,559,3,0
535,678,560,3,0
535,700,510,0,3
535,722,560,3,0
536,678,561,3,0
536,700,511,0,3
537,678,562,3,0
538,678,563,3,0
540,650,541,2,1
540,678,565,3,0
540,695,541,2,1
541,678,566,3,0
542,678,567,3,0
542,700,517,0,3
543,678,568,3,0
543,700,518,0,3
543,722,568,3,0
544,678,569,3,0
544,700,519,0,3
544,722,569,3,0
545,678,570,3,0
545,700,520,0,3
545,722,570,3,0
546,678,545,1,2
546,700,545,1,2
546,722,545,1,2
547,678,546,1,2
547,700,546,1,2
547,722,546,1,2
548,678,547,1,2
548,700,547,1,2
549,678,548,1,2
550,650,575,2,0
550,678,574,3,2
550,695,575,2,0
552,650,577,3,0
552,678,553,2,1
552,695,577,3,0
553,678,554,2,1
554,678,555,2,1
554,700,555,2,1
555,678,556,2,1
555,700,556,2,1
555,722,556,2,1
556,678,557,2,1
556,700,557,2,1
556,722,557,2,1
557,678,558,2,1
557,700,558,2,1
557,722,558,2,1
558,678,583,3,0
558,700,533,0,3
558,722,583,3,0
559,678,584,3,0
559,700,534,0,3
559,722,584,3,0
560,678,585,3,0
560,700,535,0,3
560,722,585,3,0
561,678,586,3,0
561,700,536,0,3
562,678,587,3,0
563,678,588,3,0
565,650,566,2,1
565,678,590,3,0
565,695,566,2,1
566,678,591,3,0
567,678,592,3,0
567,700,542,0,3
568,678,593,3,0
568,700,543,0,3
568,722,593,3,0
569,678,594,3,0
569,700,544,0,3
569,722,594,3,0
570,678,595,3,0
570,700,545,0,3
570,722,595,3,0
571,678,570,1,2
571,700,570,1,2
571,722,570,1,2
572,678,571,1,2
572,700,571,1,2
572,722,571,1,2
573,678,572,1,2
573,700,572,1,2
574,678,573,1,2
575,650,600,2,0
575,678,599,3,2
575,695,600,2,0
577,650,602,3,0
577,678,578,2,1
577,695,602,3,0
578,678,579,2,1
579,678,580,2,1
579,700,580,2,1
580,678,581,2,1
580,700,581,2,1
580,722,581,2,1
581,678,582,2,1
581,700,582,2,1
581,722,582,2,1
582,678,583,2,1
582,700,583,2,1
582,722,583,2,1
583,678,608,3,0
583,700,558,0,3
584,678,609,3,0
584,700,559,0,3
584,722,609,3,0
585,678,610,3,0
585,700,560,0,3
585,722,610,3,0
586,678,611,3,0
586,700,561,0,3
587,678,612,3,0
588,678,613,3,0
590,650,591,2,1
590,678,615,3,0
590,695,591,2,1
591,678,616,3,0
592,678,617,3,0
592,700,567,0,3
593,678,618,3,0
593,700,568,0,3
593,722,618,3,0
594,678,619,3,0
594,700,569,0,3
594,722,619,3,0
595,678,620,3,0
595,700,570,0,3
596,678,595,1,2
596,700,595,1,2
596,722,595,1,2
597,678,596,1,2
597,700,596,1,2
597,722,596,1,2
598,678,597,1,2
598,700,597,1,2
599,678,598,1,2
600,650,0,2,3
600,678,624,3,2
600,695,0,2,3
602,650,2,3,3
602,678,603,2,1
602,695,2,3,3
603,678,604,2,1
604,678,605,2,1
604,700,605,2,1
605,678,606,2,1
605,700,606,2,1
605,722,606,2,1
606,678,607,2,1
606,700,607,2,1
606,722,607,2,1
607,678,608,2,1
607,700,608,2,1
607,722,608,2,1
608,678,8,3,3
608,700,583,0,3
609,678,9,3,3
609,700,584,0,3
609,722,9,3,3
610,678,10,3,3
610,700,585,0,3
610,722,10,3,3
611,678,11,3,3
611,700,586,0,3
612,678,12,3,3
613,678,13,3,3
615,650,616,2,1
615,678,15,3,3
615,695,616,2,1
616,678,16,3,3
617,678,17,3,3
617,700,592,0,3
618,678,18,3,3
618,700,593,0,3
618,722,18,3,3
619,678,19,3,3
619,700,594,0,3
619,722,19,3,3
620,678,20,3,3
620,700,595,0,3
621,678,620,1,2
621,700,620,1,2
621,722,620,1,2
622,678,621,1,2
622,700,621,1,2
622,722,621,1,2
623,678,622,1,2
623,700,622,1,2
624,678,623,1,2
629,625,367,0,8
629,626,367,0,8
629,627,367,0,8
629,628,367,0,8
629,630,367,0,8
629,631,367,0,8
629,632,367,0,8
629,633,367,0,8
629,634,367,0,8
629,635,367,0,8
629,636,367,0,8
629,637,367,0,8
629,638,367,0,8
629,639,367,0,8
629,640,367,0,8
629,641,367,0,8
629,642,367,0,8
629,643,367,0,8
629,644,367,0,8
629,645,367,0,8
629,646,367,0,8
629,647,367,0,8
629,648,367,0,8
629,649,367,0,8
629,650,367,0,8
629,651,367,0,8
629,652,367,0,8
629,653,367,0,8
629,654,367,0,8
629,655,367,0,8
629,656,367,0,8
629,657,367,0,8
629,658,367,0,8
629,659,367,0,8
629,660,367,0,8
629,661,367,0,8
629,662,367,0,8
629,663,367,0,8
629,664,367,0,8
629,665,367,0,8
629,666,367,0,8
629,667,367,0,8
629,668,367,0,8
629,669,367,0,8
629,670,367,0,8
629,671,367,0,8
629,672,367,0,8
629,673,367,0,8
629,674,367,0,8
629,675,367,0,8
629,676,367,0,8
629,677,367,0,8
629,678,367,0,8
629,679,367,0,8
629,680,367,0,8
629,681,367,0,8
629,682,367,0,8
629,683,367,0,8
629,684,367,0,8
629,685,367,0,8
629,686,367,0,8
629,687,367,0,8
629,688,367,0,8
629,689,367,0,8
629,690,367,0,8
629,691,367,0,8
629,692,367,0,8
629,693,367,0,8
629,694,367,0,8
629,695,367,0,8
629,696,367,0,8
629,697,367,0,8
629,698,367,0,8
629,699,367,0,8
629,700,367,0,8
629,701,367,0,8
629,702,367,0,8
629,703,367,0,8
629,704,367,0,8
629,705,367,0,8
629,706,367,0,8
629,707,367,0,8
629,708,367,0,8
629,709,367,0,8
629,710,367,0,8
629,711,367,0,8
629,712,367,0,8
629,713,367,0,8
629,714,367,0,8
629,715,367,0,8
629,716,367,0,8
629,717,367,0,8
629,718,367,0,8
629,719,367,0,8
629,720,367,0,8
629,721,367,0,8
629,722,367,0,8
629,723,367,0,8
629,724,367,0,8
650,625,77,0,29
650,626,77,0,29
650,627,77,0,29
650,628,77,0,29
650,629,77,0,29
650,630,77,0,29
650,631,77,0,29
650,632,77,0,29
650,633,77,0,29
650,634,77,0,29
650,635,77,0,29
650,636,77,0,29
650,637,77,0,29
650,638,77,0,29
650,639,77,0,29
650,640,77,0,29
650,641,77,0,29
650,642,77,0,29
650,643,77,0,29
650,644,77,0,29
650,645,77,0,29
650,646,77,0,29
650,647,77,0,29
650,648,77,0,29
650,649,77,0,29
650,651,77,0,29
650,652,77,0,29
650,653,77,0,29
650,654,77,0,29
650,655,77,0,29
650,656,77,0,29
650,657,77,0,29
650,658,77,0,29
650,659,77,0,29
650,660,77,0,29
650,661,77,0,29
650,662,77,0,29
650,663,77,0,29
650,664,77,0,29
650,665,77,0,29
650,666,77,0,29
650,667,77,0,29
650,668,77,0,29
650,669,77,0,29
650,670,77,0,29
650,671,77,0,29
650,672,77,0,29
650,673,77,0,29
650,674,77,0,29
650,675,77,0,29
650,676,77,0,29
650,677,77,0,29
650,678,77,0,29
650,679,77,0,29
650,680,77,0,29
650,681,77,0,29
650,682,77,0,29
650,683,77,0,29
650,684,77,0,29
650,685,77,0,29
650,686,77,0,29
650,687,77,0,29
650,688,77,0,29
650,689,77,0,29
650,690,77,0,29
650,691,77,0,29
650,692,77,0,29
650,693,77,0,29
650,694,77,0,29
650,695,77,0,29
650,696,77,0,29
650,697,77,0,29
650,698,77,0,29
650,699,77,0,29
650,700,77,0,29
650,701,77,0,29
650,702,77,0,29
650,703,77,0,29
650,704,77,0,29
650,705,77,0,29
650,706,77,0,29
650,707,77,0,29
650,708,77,0,29
650,709,77,0,29
650,710,77,0,29
650,711,77,0,29
650,712,77,0,29
650,713,77,0,29
650,714,77,0,29
650,715,77,0,29
650,716,77,0,29
650,717,77,0,29
650,718,77,0,29
650,719,77,0,29
650,720,77,0,29
650,721,77,0,29
650,722,77,0,29
650,723,77,0,29
650,724,77,0,29
678,625,138,0,57
678,626,138,0,57
678,627,138,0,57
678,628,138,0,57
678,629,138,0,57
678,630,138,0,57
678,631,138,0,57
678,632,138,0,57
678,633,138,0,57
678,634,138,0,57
678,635,138,0,57
678,636,138,0,57
678,637,138,0,57
678,638,138,0,57
678,639,138,0,57
678,640,138,0,57
678,641,138,0,57
678,642,138,0,57
678,643,138,0,57
678,644,138,0,57
678,645,138,0,57
678,646,138,0,57
678,647,138,0,57
678,648,138,0,57
678,649,138,0,57
678,650,138,0,57
678,651,138,0,57
678,652,138,0,57
678,653,138,0,57
678,654,138,0,57
678,655,138,0,57
678,656,138,0,57
678,657,138,0,57
678,658,138,0,57
678,659,138,0,57
678,660,138,0,57
678,661,138,0,57
678,662,138,0,57
678,663,138,0,57
678,664,138,0,57
678,665,138,0,57
678,666,138,0,57
678,667,138,0,57
678,668,138,0,57
678,669,138,0,57
678,670,138,0,57
678,671,138,0,57
678,672,138,0,57
678,673,138,0,57
678,674,138,0,57
678,675,138,0,57
678,676,138,0,57
678,677,138,0,57
678,679,138,0,57
678,680,138,0,57
678,681,138,0,57
678,682,138,0,57
678,683,138,0,57
678,684,138,0,57
678,685,138,0,57
678,686,138,0,57
678,687,138,0,57
678,688,138,0,57
678,689,138,0,57
678,690,138,0,57
678,691,138,0,57
678,692,138,0,57
678,693,138,0,57
678,694,138,0,57
678,695,138,0,57
678,696,138,0,57
678,697,138,0,57
678,698,138,0,57
678,699,138,0,57
678,700,138,0,57
678,701,138,0,57
678,702,138,0,57
678,703,138,0,57
678,704,138,0,57
678,705,138,0,57
678,706,138,0,57
678,707,138,0,57
678,708,138,0,57
678,709,138,0,57
678,710,138,0,57
678,711,138,0,57
678,712,138,0,57
678,713,138,0,57
678,714,138,0,57
678,715,138,0,57
678,716,138,0,57
678,717,138,0,57
678,718,138,0,57
678,719,138,0,57
678,720,138,0,57
678,721,138,0,57
678,722,138,0,57
678,723,138,0,57
678,724,138,0,57
695,625,227,0,74
695,626,227,0,74
695,627,227,0,74
695,628,227,0,74
695,629,227,0,74
695,630,227,0,74
695,631,227,0,74
695,632,227,0,74
695,633,227,0,74
695,634,227,0,74
695,635,227,0,74
695,636,227,0,74
695,637,227,0,74
695,638,227,0,74
695,639,227,0,74
695,640,227,0,74
695,641,227,0,74
695,642,227,0,74
695,643,227,0,74
695,644,227,0,74
695,645,227,0,74
695,646,227,0,74
695,647,227,0,74
695,648,227,0,74
695,649,227,0,74
695,650,227,0,74
695,651,227,0,74
695,652,227,0,74
695,653,227,0,74
695,654,227,0,74
695,655,227,0,74
695,656,227,0,74
695,657,227,0,74
695,658,227,0,74
695,659,227,0,74
695,660,227,0,74
695,661,227,0,74
695,662,227,0,74
695,663,227,0,74
695,664,227,0,74
695,665,227,0,74
695,666,227,0,74
695,667,227,0,74
695,668,227,0,74
695,669,227,0,74
695,670,227,0,74
695,671,227,0,74
695,672,227,0,74
695,673,227,0,74
695,674,227,0,74
695,675,227,0,74
695,676,227,0,74
695,677,227,0,74
695,678,227,0,74
695,679,227,0,74
695,680,227,0,74
695,681,227,0,74
695,682,227,0,74
695,683,227,0,74
695,684,227,0,74
695,685,227,0,74
695,686,227,0,74
695,687,227,0,74
695,688,227,0,74
695,689,227,0,74
695,690,227,0,74
695,691,227,0,74
695,692,227,0,74
695,693,227,0,74
695,694,227,0,74
695,696,227,0,74
695,697,227,0,74
695,698,227,0,74
695,699,227,0,74
695,700,227,0,74
695,701,227,0,74
695,702,227,0,74
695,703,227,0,74
695,704,227,0,74
695,705,227,0,74
695,706,227,0,74
695,707,227,0,74
695,708,227,0,74
695,709,227,0,74
695,710,227,0,74
695,711,227,0,74
695,712,227,0,74
695,713,227,0,74
695,714,227,0,74
695,715,227,0,74
695,716,227,0,74
695,717,227,0,74
695,718,227,0,74
695,719,227,0,74
695,720,227,0,74
695,721,227,0,74
695,722,227,0,74
695,723,227,0,74
695,724,227,0,74
700,625,436,0,79
700,626,436,0,79
700,627,436,0,79
700,628,436,0,79
700,629,436,0,79
700,630,436,0,79
700,631,436,0,79
700,632,436,0,79
700,633,436,0,79
700,634,436,0,79
700,635,436,0,79
700,636,436,0,79
700,637,436,0,79
700,638,436,0,79
700,639,436,0,79
700,640,436,0,79
700,641,436,0,79
700,642,436,0,79
700,643,436,0,79
700,644,436,0,79
700,645,436,0,79
700,646,436,0,79
700,647,436,0,79
700,648,436,0,79
700,649,436,0,79
700,650,436,0,79
700,651,436,0,79
700,652,436,0,79
700,653,436,0,79
700,654,436,0,79
700,655,436,0,79
700,656,436,0,79
700,657,436,0,79
700,658,436,0,79
700,659,436,0,79
700,660,436,0,79
700,661,436,0,79
700,662,436,0,79
700,663,436,0,79
700,664,436,0,79
700,665,436,0,79
700,666,436,0,79
700,667,436,0,79
700,668,436,0,79
700,669,436,0,79
700,670,436,0,79
700,671,436,0,79
700,672,436,0,79
700,673,436,0,79
700,674,436,0,79
700,675,436,0,79
700,676,436,0,79
700,677,436,0,79
700,678,436,0,79
700,679,436,0,79
700,680,436,0,79
700,681,436,0,79
700,682,436,0,79
700,683,436,0,79
700,684,436,0,79
700,685,436,0,79
700,686,436,0,79
700,687,436,0,79
700,688,436,0,79
700,689,436,0,79
700,690,436,0,79
700,691,436,0,79
700,692,436,0,79
700,693,436,0,79
700,694,436,0,79
700,695,436,0,79
700,696,436,0,79
700,697,436,0,79
700,698,436,0,79
700,699,436,0,79
700,701,436,0,79
700,702,436,0,79
700,703,436,0,79
700,704,436,0,79
700,705,436,0,79
700,706,436,0,79
700,707,436,0,79
700,708,436,0,79
700,709,436,0,79
700,710,436,0,79
700,711,436,0,79
700,712,436,0,79
700,713,436,0,79
700,714,436,0,79
700,715,436,0,79
700,716,436,0,79
700,717,436,0,79
700,718,436,0,79
700,719,436,0,79
700,720,436,0,79
700,721,436,0,79
700,722,436,0,79
700,723,436,0,79
700,724,436,0,79
706,625,107,0,85
706,626,107,0,85
706,627,107,0,85
706,628,107,0,85
706,629,107,0,85
706,630,107,0,85
706,631,107,0,85
706,632,107,0,85
706,633,107,0,85
706,634,107,0,85
706,635,107,0,85
706,636,107,0,85
706,637,107,0,85
706,638,107,0,85
706,639,107,0,85
706,640,107,0,85
706,641,107,0,85
706,642,107,0,85
706,643,107,0,85
706,644,107,0,85
706,645,107,0,85
706,646,107,0,85
706,647,107,0,85
706,648,107,0,85
706,649,107,0,85
706,650,107,0,85
706,651,107,0,85
706,652,107,0,85
706,653,107,0,85
706,654,107,0,85
706,655,107,0,85
706,656,107,0,85
706,657,107,0,85
706,658,107,0,85
706,659,107,0,85
706,660,107,0,85
706,661,107,0,85
706,662,107,0,85
706,663,107,0,85
706,664,107,0,85
706,665,107,0,85
706,666,107,0,85
706,667,107,0,85
706,668,107,0,85
706,669,107,0,85
706,670,107,0,85
706,671,107,0,85
706,672,107,0,85
706,673,107,0,85
706,674,107,0,85
706,675,107,0,85
706,676,107,0,85
706,677,107,0,85
706,678,107,0,85
706,679,107,0,85
706,680,107,0,85
706,681,107,0,85
706,682,107,0,85
706,683,107,0,85
706,684,107,0,85
706,685,107,0,85
706,686,107,0,85
706,687,107,0,85
706,688,107,0,85
706,689,107,0,85
706,690,107,0,85
706,691,107,0,85
706,692,107,0,85
706,693,107,0,85
706,694,107,0,85
706,695,107,0,85
706,696,107,0,85
706,697,107,0,85
706,698,107,0,85
706,699,107,0,85
706,700,107,0,85
706,701,107,0,85
706,702,107,0,85
706,703,107,0,85
706,704,107,0,85
706,705,107,0,85
706,707,107,0,85
706,708,107,0,85
706,709,107,0,85
706,710,107,0,85
706,711,107,0,85
706,712,107,0,85
706,713,107,0,85
706,714,107,0,85
706,715,107,0,85
706,716,107,0,85
706,717,107,0,85
706,718,107,0,85
706,719,107,0,85
706,720,107,0,85
706,721,107,0,85
706,722,107,0,85
706,723,107,0,85
706,724,107,0,85
722,625,85,0,101
722,626,85,0,101
722,627,85,0,101
722,628,85,0,101
722,629,85,0,101
722,630,85,0,101
722,631,85,0,101
722,632,85,0,101
722,633,85,0,101
722,634,85,0,101
722,635,85,0,101
722,636,85,0,101
722,637,85,0,101
722,638,85,0,101
722,639,85,0,101
722,640,85,0,101
722,641,85,0,101
722,642,85,0,101
722,643,85,0,101
722,644,85,0,101
722,645,85,0,101
722,646,85,0,101
722,647,85,0,101
722,648,85,0,101
722,649,85,0,101
722,650,85,0,101
722,651,85,0,101
722,652,85,0,101
722,653,85,0,101
722,654,85,0,101
722,655,85,0,101
722,656,85,0,101
722,657,85,0,101
722,658,85,0,101
722,659,85,0,101
722,660,85,0,101
722,661,85,0,101
722,662,85,0,101
722,663,85,0,101
722,664,85,0,101
722,665,85,0,101
722,666,85,0,101
722,667,85,0,101
722,668,85,0,101
722,669,85,0,101
722,670,85,0,101
722,671,85,0,101
722,672,85,0,101
722,673,85,0,101
722,674,85,0,101
722,675,85,0,101
722,676,85,0,101
722,677,85,0,101
722,678,85,0,101
722,679,85,0,101
722,680,85,0,101
722,681,85,0,101
722,682,85,0,101
722,683,85,0,101
722,684,85,0,101
722,685,85,0,101
722,686,85,0,101
722,687,85,0,101
722,688,85,0,101
722,689,85,0,101
722,690,85,0,101
722,691,85,0,101
722,692,85,0,101
722,693,85,0,101
722,694,85,0,101
722,695,85,0,101
722,696,85,0,101
722,697,85,0,101
722,698,85,0,101
722,699,85,0,101
722,700,85,0,101
722,701,85,0,101
722,702,85,0,101
722,703,85,0,101
722,704,85,0,101
722,705,85,0,101
722,706,85,0,101
722,707,85,0,101
722,708,85,0,101
722,709,85,0,101
722,710,85,0,101
722,711,85,0,101
722,712,85,0,101
722,713,85,0,101
722,714,85,0,101
722,715,85,0,101
722,716,85,0,101
722,717,85,0,101
722,718,85,0,101
722,719,85,0,101
722,720,85,0,101
722,721,85,0,101
722,723,85,0,101
722,724,85,0,101
