0,628,24,2,1
0,652,600,3,2
0,687,24,2,1
0,714,24,2,1
1,628,0,0,0
1,663,601,3,3
1,714,0,0,0
2,628,1,0,1
3,628,4,1,0
3,653,28,2,0
4,628,5,1,0
4,653,29,2,0
4,671,5,1,0
5,628,6,1,0
6,628,7,1,0
6,663,606,3,3
7,628,8,1,0
7,652,607,3,3
7,687,8,1,0
7,714,8,1,0
8,627,9,1,0
8,628,9,1,0
8,652,608,3,3
8,687,9,1,0
8,714,9,1,0
9,627,10,1,0
9,628,10,1,0
9,652,609,3,3
9,687,10,1,0
9,714,10,1,0
10,628,35,2,0
10,646,35,2,0
10,652,610,3,3
10,687,610,3,3
10,701,35,2,0
10,714,35,2,0
11,627,611,3,3
11,628,36,2,0
11,646,10,0,1
11,664,10,0,1
11,687,611,3,3
11,701,10,0,1
11,714,36,2,0
12,627,612,3,3
12,628,37,2,0
12,687,612,3,3
12,714,37,2,0
13,628,38,2,0
13,687,613,3,3
13,714,38,2,0
14,628,39,2,0
15,628,40,2,0
16,671,616,3,3
17,628,16,0,1
17,653,18,1,0
18,628,43,2,0
19,628,44,2,0
19,663,20,1,0
19,687,619,3,3
19,714,44,2,0
20,628,45,2,0
20,652,21,1,0
20,687,620,3,3
20,714,45,2,0
21,627,621,3,3
21,628,46,2,0
21,687,621,3,3
21,714,46,2,0
22,628,47,2,0
22,652,622,3,3
22,664,21,0,1
22,687,622,3,3
22,714,47,2,0
23,627,22,0,1
23,628,22,0,1
23,646,24,1,0
23,652,623,3,3
23,664,24,1,0
23,687,22,0,1
23,701,24,1,0
23,714,22,0,1
24,627,23,0,1
24,628,23,0,1
24,652,624,3,3
24,687,23,0,1
24,714,23,0,1
25,628,49,3,2
25,652,50,2,0
25,687,49,3,2
25,714,49,3,2
26,628,25,1,1
26,663,1,0,2
26,714,25,1,1
27,628,26,1,2
28,628,29,2,1
28,653,53,3,0
29,628,30,2,1
29,653,54,3,0
29,671,30,2,1
30,628,31,2,1
31,628,32,2,1
31,663,6,0,2
32,628,33,2,1
32,652,57,3,0
32,687,33,2,1
32,714,33,2,1
33,627,34,2,1
33,628,34,2,1
33,687,34,2,1
33,714,34,2,1
34,627,35,2,1
34,628,35,2,1
34,687,35,2,1
34,714,35,2,1
35,628,60,3,0
35,646,646,25,0
35,687,10,0,2
35,701,60,3,0
35,714,60,3,0
36,627,11,0,2
36,628,61,3,0
36,646,35,1,2
36,664,35,1,2
36,687,11,0,2
36,701,35,1,2
36,714,61,3,0
37,627,12,0,2
37,628,62,3,0
37,687,12,0,2
37,714,62,3,0
38,628,63,3,0
38,687,13,0,2
38,714,63,3,0
39,628,64,3,0
40,628,65,3,0
41,671,16,0,2
42,628,41,1,2
42,653,43,2,1
43,628,68,3,0
44,628,69,3,0
44,663,45,2,1
44,687,19,0,2
44,714,69,3,0
45,628,70,3,0
45,652,46,2,1
45,687,20,0,2
45,714,70,3,0
46,627,21,0,2
46,628,71,3,0
46,687,21,0,2
46,714,71,3,0
47,628,72,3,0
47,646,46,1,2
47,664,46,1,2
47,687,22,0,2
47,701,46,1,2
47,714,72,3,0
48,627,47,1,2
48,628,47,1,2
48,646,49,2,1
48,664,49,2,1
48,687,47,1,2
48,701,49,2,1
48,714,47,1,2
49,627,48,1,2
49,628,48,1,2
49,687,48,1,2
49,714,48,1,2
50,628,74,3,2
50,652,75,2,0
50,687,74,3,2
50,711,51,1,1
50,714,74,3,2
51,628,50,1,1
51,663,26,0,3
51,711,52,2,1
51,714,50,1,1
52,628,51,1,2
52,711,53,2,1
53,628,54,2,1
53,653,78,3,0
53,711,54,2,1
54,628,55,2,1
54,653,79,3,0
54,671,55,2,1
54,711,711,90,0
55,628,56,2,1
55,711,54,1,2
56,628,57,2,1
56,663,31,0,3
56,711,55,1,2
57,628,58,2,1
57,652,82,3,0
57,687,58,2,1
57,711,56,1,2
57,714,58,2,1
58,627,59,2,1
58,628,59,2,1
58,687,59,2,1
58,711,57,1,2
58,714,59,2,1
59,627,60,2,1
59,628,60,2,1
59,687,60,2,1
59,711,58,1,2
59,714,60,2,1
60,628,85,3,0
60,701,701,80,0
60,711,59,1,2
60,714,85,3,0
61,627,36,0,3
61,628,86,3,0
61,646,60,1,2
61,664,60,1,2
61,687,86,3,0
61,701,60,1,2
61,714,86,3,0
62,627,37,0,3
62,628,87,3,0
62,687,87,3,0
62,714,87,3,0
63,628,88,3,0
63,687,88,3,0
63,714,88,3,0
64,628,89,3,0
65,628,90,3,0
66,671,41,0,3
67,628,66,1,2
67,653,68,2,1
68,628,93,3,0
69,628,94,3,0
69,663,70,2,1
69,687,94,3,0
69,714,94,3,0
70,628,95,3,0
70,652,71,2,1
70,687,95,3,0
70,714,95,3,0
71,627,46,0,3
71,628,96,3,0
71,687,96,3,0
71,714,96,3,0
72,628,97,3,0
72,646,71,1,2
72,664,71,1,2
72,701,71,1,2
72,711,73,2,1
72,714,97,3,0
73,627,72,1,2
73,628,72,1,2
73,646,74,2,1
73,664,74,2,1
73,687,72,1,2
73,701,74,2,1
73,711,74,2,1
73,714,72,1,2
74,627,73,1,2
74,628,73,1,2
74,687,73,1,2
74,711,50,2,3
74,714,73,1,2
75,628,99,3,2
75,652,100,2,0
75,687,99,3,2
75,711,50,0,2
75,714,99,3,2
76,628,75,1,1
76,663,51,0,3
76,711,51,0,3
76,714,75,1,1
77,628,76,1,2
77,711,52,0,3
78,628,79,2,1
78,653,103,3,0
78,711,53,0,3
79,628,80,2,1
79,653,104,3,0
79,671,80,2,1
79,711,54,0,3
80,628,81,2,1
80,711,55,0,3
81,628,82,2,1
81,663,56,0,3
81,711,56,0,3
82,628,83,2,1
82,652,107,3,0
82,687,83,2,1
82,711,57,0,3
82,714,83,2,1
83,627,84,2,1
83,628,84,2,1
83,687,84,2,1
83,711,58,0,3
83,714,84,2,1
84,627,85,2,1
84,628,85,2,1
84,687,85,2,1
84,711,59,0,3
84,714,85,2,1
85,711,60,0,3
85,714,110,3,0
86,627,61,0,3
86,628,111,3,0
86,646,85,1,2
86,664,85,1,2
86,687,111,3,0
86,701,85,1,2
86,714,111,3,0
87,627,62,0,3
87,628,112,3,0
87,687,112,3,0
87,714,112,3,0
88,628,113,3,0
88,687,113,3,0
88,714,113,3,0
89,628,114,3,0
90,628,115,3,0
91,671,66,0,3
92,628,91,1,2
92,653,93,2,1
93,628,118,3,0
94,628,119,3,0
94,663,95,2,1
94,687,119,3,0
94,714,119,3,0
95,628,120,3,0
95,652,96,2,1
95,687,120,3,0
95,714,120,3,0
96,627,71,0,3
96,628,121,3,0
96,687,121,3,0
96,714,121,3,0
97,646,96,1,2
97,664,96,1,2
97,701,96,1,2
97,711,72,0,3
97,714,122,3,0
98,627,97,1,2
98,628,97,1,2
98,646,99,2,1
98,664,99,2,1
98,687,97,1,2
98,701,99,2,1
98,711,73,0,3
98,714,97,1,2
99,627,98,1,2
99,628,98,1,2
99,687,98,1,2
99,711,74,0,3
99,714,98,1,2
100,628,124,3,2
100,652,125,2,0
100,687,124,3,2
100,714,124,3,2
101,628,100,1,1
101,663,76,0,3
101,714,100,1,1
102,628,101,1,2
103,628,104,2,1
103,653,128,3,0
104,628,105,2,1
104,653,129,3,0
104,671,105,2,1
105,628,106,2,1
106,628,107,2,1
106,663,81,0,3
107,628,108,2,1
107,652,132,3,0
107,687,108,2,1
107,714,108,2,1
108,627,109,2,1
108,628,109,2,1
108,687,109,2,1
108,714,109,2,1
109,627,110,2,1
109,628,110,2,1
109,687,110,2,1
109,714,110,2,1
110,628,111,2,1
110,664,135,3,0
110,714,111,2,1
111,627,86,0,3
111,628,112,2,1
111,646,110,1,2
111,664,110,1,2
111,687,136,3,0
111,701,110,1,2
111,714,112,2,1
112,627,87,0,3
112,628,113,2,1
112,687,137,3,0
112,714,113,2,1
113,628,114,2,1
113,687,138,3,0
113,714,114,2,1
114,628,115,2,1
115,628,628,7,0
116,671,91,0,3
117,628,116,1,2
117,653,118,2,1
118,628,117,1,2
119,628,118,1,2
119,663,120,2,1
119,687,144,3,0
119,714,714,93,0
120,628,119,1,2
120,652,121,2,1
120,687,145,3,0
120,714,119,1,2
121,627,96,0,3
121,628,120,1,2
121,687,146,3,0
121,714,120,1,2
122,628,121,1,2
122,646,121,1,2
122,701,121,1,2
122,714,121,1,2
123,627,122,1,2
123,628,122,1,2
123,646,124,2,1
123,664,124,2,1
123,687,122,1,2
123,701,124,2,1
123,714,122,1,2
124,627,123,1,2
124,628,123,1,2
124,687,123,1,2
124,714,123,1,2
125,628,149,3,2
125,652,150,2,0
125,687,149,3,2
125,714,149,3,2
126,628,125,1,1
126,663,101,0,3
126,714,125,1,1
127,628,126,1,2
128,628,129,2,1
128,653,153,3,0
129,628,130,2,1
129,653,154,3,0
129,671,130,2,1
130,628,131,2,1
131,628,132,2,1
131,663,106,0,3
132,628,133,2,1
132,652,157,3,0
132,687,133,2,1
132,714,133,2,1
133,627,134,2,1
133,628,134,2,1
133,687,134,2,1
133,714,134,2,1
134,627,135,2,1
134,628,135,2,1
134,687,135,2,1
134,714,135,2,1
135,628,110,0,3
135,664,664,43,0
136,627,111,0,3
136,628,111,0,3
136,646,135,1,2
136,664,135,1,2
136,687,161,3,0
136,701,135,1,2
136,714,111,0,3
137,627,112,0,3
137,628,112,0,3
137,687,162,3,0
137,714,112,0,3
138,628,113,0,3
138,687,163,3,0
138,714,113,0,3
139,628,114,0,3
140,628,115,0,3
141,671,116,0,3
142,628,141,1,2
142,653,143,2,1
143,628,118,0,3
144,628,119,0,3
144,663,145,2,1
144,687,169,3,0
144,714,119,0,3
145,628,120,0,3
145,652,146,2,1
145,687,170,3,0
145,714,120,0,3
146,627,121,0,3
146,628,121,0,3
146,687,171,3,0
146,714,121,0,3
147,628,122,0,3
147,646,146,1,2
147,664,146,1,2
147,701,146,1,2
148,627,147,1,2
148,628,147,1,2
148,646,149,2,1
148,664,149,2,1
148,687,147,1,2
148,701,149,2,1
148,714,147,1,2
149,627,148,1,2
149,628,148,1,2
149,687,148,1,2
149,714,148,1,2
150,628,174,3,2
150,652,175,2,0
150,653,175,2,0
150,687,174,3,2
150,714,174,3,2
151,628,150,1,1
151,653,176,3,0
151,663,126,0,3
151,714,150,1,1
152,628,151,1,2
152,653,177,3,0
153,628,154,2,1
153,653,178,3,0
154,628,155,2,1
154,653,179,3,0
154,671,155,2,1
155,628,156,2,1
155,653,180,3,0
156,628,157,2,1
156,653,181,3,0
156,663,131,0,3
157,628,158,2,1
157,652,182,3,0
157,653,182,3,0
157,687,158,2,1
157,714,158,2,1
158,627,159,2,1
158,628,159,2,1
158,653,183,3,0
158,687,159,2,1
158,714,159,2,1
159,627,160,2,1
159,628,160,2,1
159,653,184,3,0
159,687,160,2,1
159,714,160,2,1
160,627,185,3,0
160,628,135,0,3
160,653,185,3,0
161,627,186,3,0
161,628,136,0,3
161,646,160,1,2
161,664,160,1,2
161,687,186,3,0
161,701,160,1,2
161,714,136,0,3
162,627,187,3,0
162,628,137,0,3
162,687,187,3,0
162,714,137,0,3
163,628,138,0,3
163,687,188,3,0
163,714,138,0,3
164,628,139,0,3
165,628,140,0,3
166,671,141,0,3
167,628,166,1,2
167,653,168,2,1
168,628,143,0,3
169,628,144,0,3
169,663,170,2,1
169,687,194,3,0
169,714,144,0,3
170,628,145,0,3
170,652,171,2,1
170,687,195,3,0
170,714,145,0,3
171,627,196,3,0
171,628,146,0,3
171,687,196,3,0
171,714,146,0,3
172,627,197,3,0
172,628,147,0,3
172,646,171,1,2
172,653,197,3,0
172,664,171,1,2
172,701,171,1,2
173,627,172,1,2
173,628,172,1,2
173,646,174,2,1
173,653,198,3,0
173,664,174,2,1
173,687,172,1,2
173,701,174,2,1
173,714,172,1,2
174,627,173,1,2
174,628,173,1,2
174,653,199,3,0
174,687,173,1,2
174,714,173,1,2
175,628,199,3,2
175,652,200,2,0
175,653,176,1,1
175,687,199,3,2
175,714,199,3,2
176,628,175,1,1
176,653,177,2,1
176,663,151,0,3
176,714,175,1,1
177,628,176,1,2
177,653,178,2,1
178,628,179,2,1
179,628,180,2,1
179,653,653,32,0
179,671,180,2,1
180,628,181,2,1
180,653,179,1,2
181,628,182,2,1
181,653,180,1,2
181,663,156,0,3
182,628,183,2,1
182,652,207,3,0
182,653,181,1,2
182,687,183,2,1
182,714,183,2,1
183,627,184,2,1
183,628,184,2,1
183,653,182,1,2
183,687,184,2,1
183,714,184,2,1
184,627,185,2,1
184,628,185,2,1
184,653,183,1,2
184,687,185,2,1
184,714,185,2,1
185,627,210,3,0
185,628,160,0,3
185,653,184,1,2
185,687,210,3,0
186,627,211,3,0
186,628,161,0,3
186,646,185,1,2
186,664,185,1,2
186,687,211,3,0
186,701,185,1,2
186,714,161,0,3
187,627,212,3,0
187,628,162,0,3
187,687,212,3,0
187,714,162,0,3
188,628,163,0,3
188,687,213,3,0
188,714,163,0,3
189,628,164,0,3
190,628,165,0,3
191,671,166,0,3
192,628,191,1,2
192,653,193,2,1
193,628,168,0,3
194,628,169,0,3
194,663,195,2,1
194,687,219,3,0
194,714,169,0,3
195,628,170,0,3
195,652,196,2,1
195,687,220,3,0
195,714,170,0,3
196,627,221,3,0
196,628,171,0,3
196,687,221,3,0
196,714,171,0,3
197,627,222,3,0
197,628,172,0,3
197,646,196,1,2
197,653,198,2,1
197,664,196,1,2
197,687,222,3,0
197,701,196,1,2
198,627,197,1,2
198,628,197,1,2
198,646,199,2,1
198,653,199,2,1
198,664,199,2,1
198,687,197,1,2
198,701,199,2,1
198,714,197,1,2
199,627,198,1,2
199,628,198,1,2
199,653,175,2,3
199,687,198,1,2
199,714,198,1,2
200,628,224,3,2
200,652,225,2,0
200,687,224,3,2
200,714,224,3,2
201,628,200,1,1
201,663,176,0,3
201,714,200,1,1
202,628,201,1,2
203,628,204,2,1
203,653,178,0,3
204,628,205,2,1
204,653,179,0,3
204,671,205,2,1
205,628,206,2,1
206,628,207,2,1
206,663,181,0,3
207,628,208,2,1
207,652,232,3,0
207,687,208,2,1
207,714,208,2,1
208,627,209,2,1
208,628,209,2,1
208,687,209,2,1
208,714,209,2,1
209,627,210,2,1
209,628,210,2,1
209,687,210,2,1
209,714,210,2,1
210,627,235,3,0
210,628,185,0,3
210,687,235,3,0
210,714,185,0,3
211,627,236,3,0
211,628,186,0,3
211,646,210,1,2
211,664,210,1,2
211,687,236,3,0
211,701,210,1,2
211,714,186,0,3
212,627,237,3,0
212,628,187,0,3
212,687,237,3,0
212,714,187,0,3
213,628,188,0,3
213,687,238,3,0
213,714,188,0,3
214,628,189,0,3
215,628,190,0,3
216,671,191,0,3
217,628,216,1,2
217,653,218,2,1
218,628,193,0,3
219,628,194,0,3
219,663,220,2,1
219,687,244,3,0
219,714,194,0,3
220,628,195,0,3
220,652,221,2,1
220,687,245,3,0
220,714,195,0,3
221,627,246,3,0
221,628,196,0,3
221,687,246,3,0
221,714,196,0,3
222,627,247,3,0
222,628,197,0,3
222,646,221,1,2
222,664,221,1,2
222,687,247,3,0
222,701,221,1,2
222,714,197,0,3
223,627,222,1,2
223,628,222,1,2
223,646,224,2,1
223,664,224,2,1
223,687,222,1,2
223,701,224,2,1
223,714,222,1,2
224,627,223,1,2
224,628,223,1,2
224,687,223,1,2
224,714,223,1,2
225,628,249,3,2
225,652,250,2,0
225,687,249,3,2
225,714,249,3,2
226,628,225,1,1
226,663,201,0,3
226,714,225,1,1
227,628,226,1,2
228,628,229,2,1
228,653,203,0,3
229,628,230,2,1
229,653,204,0,3
229,671,230,2,1
230,628,231,2,1
231,628,232,2,1
231,663,206,0,3
232,628,233,2,1
232,652,257,3,0
232,687,233,2,1
232,714,233,2,1
233,627,234,2,1
233,628,234,2,1
233,687,234,2,1
233,714,234,2,1
234,627,235,2,1
234,628,235,2,1
234,687,235,2,1
234,714,235,2,1
235,627,260,3,0
235,628,210,0,3
235,671,210,0,3
235,687,260,3,0
235,714,210,0,3
236,627,261,3,0
236,628,211,0,3
236,646,235,1,2
236,664,235,1,2
236,671,211,0,3
236,687,261,3,0
236,701,235,1,2
236,714,211,0,3
237,627,262,3,0
237,628,212,0,3
237,671,212,0,3
237,687,262,3,0
237,714,212,0,3
238,628,213,0,3
238,671,213,0,3
238,687,263,3,0
238,714,213,0,3
239,628,214,0,3
239,671,214,0,3
240,628,215,0,3
240,671,215,0,3
241,671,216,0,3
242,628,241,1,2
242,653,243,2,1
242,671,217,0,3
243,628,218,0,3
243,671,218,0,3
244,628,219,0,3
244,663,245,2,1
244,671,219,0,3
244,687,269,3,0
244,714,219,0,3
245,628,220,0,3
245,652,246,2,1
245,671,220,0,3
245,687,270,3,0
245,714,220,0,3
246,627,271,3,0
246,628,221,0,3
246,671,221,0,3
246,687,271,3,0
246,714,221,0,3
247,627,272,3,0
247,628,222,0,3
247,646,246,1,2
247,664,246,1,2
247,671,222,0,3
247,687,272,3,0
247,701,246,1,2
247,714,222,0,3
248,627,247,1,2
248,628,247,1,2
248,646,249,2,1
248,664,249,2,1
248,687,247,1,2
248,701,249,2,1
248,714,247,1,2
249,627,248,1,2
249,628,248,1,2
249,687,248,1,2
249,714,248,1,2
250,628,274,3,2
250,652,275,2,0
250,687,274,3,2
250,714,274,3,2
251,628,250,1,1
251,663,226,0,3
251,714,250,1,1
252,628,251,1,2
253,628,254,2,1
253,653,228,0,3
254,628,255,2,1
254,653,229,0,3
254,671,255,2,1
255,628,256,2,1
256,628,257,2,1
256,663,231,0,3
257,628,258,2,1
257,652,282,3,0
257,687,258,2,1
257,714,258,2,1
258,627,259,2,1
258,628,259,2,1
258,687,259,2,1
258,714,259,2,1
259,627,260,2,1
259,628,260,2,1
259,687,260,2,1
259,714,260,2,1
260,627,285,3,0
260,628,235,0,3
260,687,285,3,0
260,714,235,0,3
261,627,286,3,0
261,628,236,0,3
261,646,260,1,2
261,664,260,1,2
261,687,286,3,0
261,701,260,1,2
261,714,236,0,3
262,627,287,3,0
262,628,237,0,3
262,687,287,3,0
262,714,237,0,3
263,628,238,0,3
263,687,288,3,0
263,714,238,0,3
264,628,239,0,3
265,628,240,0,3
266,671,291,3,0
267,628,266,1,2
267,653,268,2,1
268,628,243,0,3
269,628,244,0,3
269,663,270,2,1
269,687,294,3,0
269,714,244,0,3
270,628,245,0,3
270,652,271,2,1
270,687,295,3,0
270,714,245,0,3
271,627,296,3,0
271,628,246,0,3
271,687,296,3,0
271,714,246,0,3
272,627,297,3,0
272,628,247,0,3
272,646,271,1,2
272,664,271,1,2
272,687,297,3,0
272,701,271,1,2
272,714,247,0,3
273,627,272,1,2
273,628,272,1,2
273,646,274,2,1
273,664,274,2,1
273,687,272,1,2
273,701,274,2,1
273,714,272,1,2
274,627,273,1,2
274,628,273,1,2
274,687,273,1,2
274,714,273,1,2
275,628,299,3,2
275,652,300,2,0
275,663,250,0,2
275,687,299,3,2
275,714,299,3,2
276,628,275,1,1
276,663,251,0,3
276,714,275,1,1
277,628,276,1,2
278,628,279,2,1
278,653,253,0,3
279,628,280,2,1
279,653,254,0,3
279,671,280,2,1
280,628,281,2,1
281,628,282,2,1
281,663,256,0,3
282,628,283,2,1
282,652,307,3,0
282,663,257,0,3
282,687,283,2,1
282,714,283,2,1
283,627,284,2,1
283,628,284,2,1
283,663,258,0,3
283,687,284,2,1
283,714,284,2,1
284,627,285,2,1
284,628,285,2,1
284,663,259,0,3
284,687,285,2,1
284,714,285,2,1
285,628,260,0,3
285,663,260,0,3
285,674,260,0,3
285,687,310,3,0
285,714,260,0,3
286,627,311,3,0
286,628,261,0,3
286,646,285,1,2
286,664,285,1,2
286,674,261,0,3
286,687,311,3,0
286,701,285,1,2
286,714,261,0,3
287,627,312,3,0
287,628,262,0,3
287,674,262,0,3
287,687,312,3,0
287,714,262,0,3
288,628,263,0,3
288,674,263,0,3
288,687,313,3,0
288,714,263,0,3
289,628,264,0,3
290,628,265,0,3
291,671,316,3,0
292,628,291,1,2
292,653,293,2,1
293,628,268,0,3
294,628,269,0,3
294,663,295,2,1
294,687,319,3,0
294,714,269,0,3
295,628,270,0,3
295,652,296,2,1
295,674,270,0,3
295,687,320,3,0
295,714,270,0,3
296,627,321,3,0
296,628,271,0,3
296,674,271,0,3
296,687,321,3,0
296,714,271,0,3
297,628,272,0,3
297,646,296,1,2
297,663,272,0,3
297,664,296,1,2
297,674,272,0,3
297,687,322,3,0
297,701,296,1,2
297,714,272,0,3
298,627,297,1,2
298,628,297,1,2
298,646,299,2,1
298,663,273,0,3
298,664,299,2,1
298,687,297,1,2
298,701,299,2,1
298,714,297,1,2
299,627,298,1,2
299,628,298,1,2
299,663,274,0,3
299,687,298,1,2
299,714,298,1,2
300,628,324,3,2
300,652,325,2,0
300,687,324,3,2
300,714,324,3,2
301,628,300,1,1
301,663,326,3,0
301,714,300,1,1
302,628,301,1,2
303,628,304,2,1
303,653,278,0,3
304,628,305,2,1
304,653,279,0,3
304,671,305,2,1
305,628,306,2,1
306,628,307,2,1
306,663,331,3,0
307,628,308,2,1
307,652,332,3,0
307,687,308,2,1
307,714,308,2,1
308,627,309,2,1
308,628,309,2,1
308,652,333,3,0
308,687,309,2,1
308,714,309,2,1
309,627,310,2,1
309,628,310,2,1
309,652,334,3,0
309,687,310,2,1
309,714,310,2,1
310,628,285,0,3
310,652,335,3,0
310,687,335,3,0
310,714,285,0,3
311,627,336,3,0
311,628,286,0,3
311,646,310,1,2
311,664,310,1,2
311,687,336,3,0
311,701,310,1,2
311,714,286,0,3
312,627,337,3,0
312,628,287,0,3
312,687,337,3,0
312,714,287,0,3
313,628,288,0,3
313,687,338,3,0
313,714,288,0,3
314,628,289,0,3
315,628,290,0,3
316,671,341,3,0
317,628,316,1,2
317,653,318,2,1
318,628,293,0,3
319,628,294,0,3
319,663,320,2,1
319,687,344,3,0
319,714,294,0,3
320,628,295,0,3
320,652,321,2,1
320,687,345,3,0
320,714,295,0,3
321,627,346,3,0
321,628,296,0,3
321,687,346,3,0
321,714,296,0,3
322,628,297,0,3
322,646,321,1,2
322,652,347,3,0
322,664,321,1,2
322,687,347,3,0
322,701,321,1,2
322,714,297,0,3
323,627,322,1,2
323,628,322,1,2
323,646,324,2,1
323,652,348,3,0
323,664,324,2,1
323,687,322,1,2
323,701,324,2,1
323,714,322,1,2
324,627,323,1,2
324,628,323,1,2
324,652,349,3,0
324,687,323,1,2
324,714,323,1,2
325,628,349,3,2
325,687,349,3,2
325,714,349,3,2
326,628,325,1,1
326,663,351,3,0
326,714,325,1,1
327,628,326,1,2
328,628,329,2,1
328,653,303,0,3
329,628,330,2,1
329,653,304,0,3
329,671,330,2,1
330,628,331,2,1
331,628,332,2,1
331,663,356,3,0
332,628,333,2,1
332,652,652,31,0
332,687,333,2,1
332,714,333,2,1
333,627,334,2,1
333,628,334,2,1
333,652,332,1,2
333,687,334,2,1
333,714,334,2,1
334,627,335,2,1
334,628,335,2,1
334,652,333,1,2
334,687,335,2,1
334,714,335,2,1
335,628,310,0,3
335,646,310,0,3
335,652,334,1,2
335,687,360,3,0
335,701,310,0,3
335,714,310,0,3
336,627,361,3,0
336,628,311,0,3
336,646,335,1,2
336,664,335,1,2
336,687,361,3,0
336,701,335,1,2
336,714,311,0,3
337,627,362,3,0
337,628,312,0,3
337,687,362,3,0
337,714,312,0,3
338,628,313,0,3
338,687,363,3,0
338,714,313,0,3
339,628,314,0,3
340,628,315,0,3
341,671,366,3,0
342,628,341,1,2
342,653,343,2,1
343,628,318,0,3
344,628,319,0,3
344,663,345,2,1
344,687,369,3,0
344,714,319,0,3
345,628,320,0,3
345,652,346,2,1
345,687,370,3,0
345,714,320,0,3
346,627,371,3,0
346,628,321,0,3
346,687,371,3,0
346,714,321,0,3
347,628,322,0,3
347,646,346,1,2
347,652,348,2,1
347,664,346,1,2
347,687,372,3,0
347,701,346,1,2
347,714,322,0,3
348,627,347,1,2
348,628,347,1,2
348,646,349,2,1
348,652,349,2,1
348,664,349,2,1
348,687,347,1,2
348,701,349,2,1
348,714,347,1,2
349,627,348,1,2
349,628,348,1,2
349,652,325,2,3
349,687,348,1,2
349,714,348,1,2
350,628,374,3,2
350,652,325,0,2
350,687,374,3,2
350,714,374,3,2
351,628,350,1,1
351,663,376,3,0
351,714,350,1,1
352,628,351,1,2
353,628,354,2,1
353,653,328,0,3
354,628,355,2,1
354,653,329,0,3
354,671,355,2,1
355,628,356,2,1
356,628,357,2,1
356,663,381,3,0
357,628,358,2,1
357,652,332,0,3
357,687,358,2,1
357,714,358,2,1
358,627,359,2,1
358,628,359,2,1
358,687,359,2,1
358,714,359,2,1
359,627,360,2,1
359,628,360,2,1
359,687,360,2,1
359,714,360,2,1
360,628,335,0,3
360,687,361,2,1
360,701,335,0,3
360,714,335,0,3
361,627,386,3,0
361,628,336,0,3
361,646,360,1,2
361,664,360,1,2
361,687,362,2,1
361,701,360,1,2
361,714,336,0,3
362,627,387,3,0
362,628,337,0,3
362,687,363,2,1
362,714,337,0,3
363,628,338,0,3
363,714,338,0,3
364,628,339,0,3
365,628,340,0,3
366,671,391,3,0
367,628,366,1,2
367,653,368,2,1
368,628,343,0,3
369,628,344,0,3
369,663,370,2,1
369,687,687,66,0
369,714,344,0,3
370,628,345,0,3
370,652,371,2,1
370,687,369,1,2
370,714,345,0,3
371,627,396,3,0
371,628,346,0,3
371,687,370,1,2
371,714,346,0,3
372,628,347,0,3
372,646,371,1,2
372,664,371,1,2
372,687,371,1,2
372,701,371,1,2
372,714,347,0,3
373,627,372,1,2
373,628,372,1,2
373,646,374,2,1
373,664,374,2,1
373,687,372,1,2
373,701,374,2,1
373,714,372,1,2
374,627,373,1,2
374,628,373,1,2
374,687,373,1,2
374,714,373,1,2
375,628,399,3,2
375,652,350,0,2
375,687,399,3,2
375,711,400,2,0
375,714,399,3,2
376,628,375,1,1
376,663,401,3,0
376,711,401,3,0
376,714,375,1,1
377,628,376,1,2
377,711,402,3,0
378,653,353,0,3
378,711,403,3,0
379,628,380,2,1
379,653,354,0,3
379,671,380,2,1
379,711,404,3,0
380,628,381,2,1
380,711,405,3,0
381,628,382,2,1
381,663,406,3,0
381,711,406,3,0
382,628,383,2,1
382,652,357,0,3
382,687,383,2,1
382,711,407,3,0
382,714,383,2,1
383,627,384,2,1
383,628,384,2,1
383,687,384,2,1
383,711,408,3,0
383,714,384,2,1
384,627,385,2,1
384,628,385,2,1
384,687,385,2,1
384,711,409,3,0
384,714,385,2,1
385,628,360,0,3
385,711,410,3,0
385,714,360,0,3
386,627,411,3,0
386,628,361,0,3
386,646,385,1,2
386,664,385,1,2
386,687,361,0,3
386,701,385,1,2
386,714,361,0,3
387,627,412,3,0
387,628,362,0,3
387,687,362,0,3
387,714,362,0,3
388,628,363,0,3
388,687,363,0,3
388,714,363,0,3
389,628,364,0,3
390,628,365,0,3
391,671,416,3,0
392,628,391,1,2
392,653,393,2,1
393,628,368,0,3
394,628,369,0,3
394,663,395,2,1
394,687,369,0,3
394,714,369,0,3
395,628,370,0,3
395,652,396,2,1
395,687,370,0,3
395,714,370,0,3
396,627,421,3,0
396,628,371,0,3
396,687,371,0,3
396,714,371,0,3
397,628,372,0,3
397,646,396,1,2
397,664,396,1,2
397,701,396,1,2
397,711,422,3,0
397,714,372,0,3
398,627,397,1,2
398,628,397,1,2
398,646,399,2,1
398,664,399,2,1
398,687,397,1,2
398,701,399,2,1
398,711,423,3,0
398,714,397,1,2
399,627,398,1,2
399,628,398,1,2
399,687,398,1,2
399,711,424,3,0
399,714,398,1,2
400,628,424,3,2
400,652,375,0,2
400,687,424,3,2
400,714,424,3,2
401,628,400,1,1
401,663,426,3,0
401,714,400,1,1
402,628,401,1,2
403,628,404,2,1
403,653,378,0,3
404,628,405,2,1
404,653,379,0,3
404,671,405,2,1
405,628,406,2,1
406,628,407,2,1
406,663,431,3,0
407,628,408,2,1
407,652,382,0,3
407,687,408,2,1
407,714,408,2,1
408,627,409,2,1
408,628,409,2,1
408,687,409,2,1
408,714,409,2,1
409,627,410,2,1
409,628,410,2,1
409,687,410,2,1
409,714,410,2,1
410,714,385,0,3
411,627,436,3,0
411,628,386,0,3
411,646,410,1,2
411,664,410,1,2
411,687,386,0,3
411,701,410,1,2
411,714,386,0,3
412,627,437,3,0
412,628,387,0,3
412,687,387,0,3
412,714,387,0,3
413,628,388,0,3
413,687,388,0,3
413,714,388,0,3
414,628,389,0,3
415,628,390,0,3
416,671,441,3,0
417,628,416,1,2
417,653,418,2,1
418,628,393,0,3
419,628,394,0,3
419,663,420,2,1
419,687,394,0,3
419,714,394,0,3
420,628,395,0,3
420,652,421,2,1
420,687,395,0,3
420,714,395,0,3
421,627,446,3,0
421,628,396,0,3
421,687,396,0,3
421,714,396,0,3
422,646,421,1,2
422,664,421,1,2
422,701,421,1,2
422,714,397,0,3
423,627,422,1,2
423,628,422,1,2
423,646,424,2,1
423,664,424,2,1
423,687,422,1,2
423,701,424,2,1
423,714,422,1,2
424,627,423,1,2
424,628,423,1,2
424,687,423,1,2
424,714,423,1,2
425,628,449,3,2
425,652,400,0,2
425,687,449,3,2
425,714,449,3,2
426,628,425,1,1
426,663,451,3,0
426,714,425,1,1
427,628,426,1,2
428,628,429,2,1
428,653,403,0,3
429,628,430,2,1
429,653,404,0,3
429,671,430,2,1
430,628,431,2,1
431,628,432,2,1
431,663,456,3,0
432,628,433,2,1
432,652,407,0,3
432,687,433,2,1
432,714,433,2,1
433,627,434,2,1
433,628,434,2,1
433,687,434,2,1
433,714,434,2,1
434,627,435,2,1
434,628,435,2,1
434,687,435,2,1
434,714,435,2,1
435,628,460,3,0
435,664,410,0,3
436,627,461,3,0
436,628,461,3,0
436,646,435,1,2
436,664,435,1,2
436,687,411,0,3
436,701,435,1,2
436,714,461,3,0
437,627,462,3,0
437,628,462,3,0
437,687,412,0,3
437,714,462,3,0
438,628,463,3,0
438,687,413,0,3
438,714,463,3,0
439,628,464,3,0
440,628,465,3,0
441,671,466,3,0
442,628,441,1,2
442,653,443,2,1
443,628,468,3,0
444,628,469,3,0
444,663,445,2,1
444,687,419,0,3
444,714,469,3,0
445,628,470,3,0
445,652,446,2,1
445,687,420,0,3
445,714,470,3,0
446,627,471,3,0
446,628,471,3,0
446,687,421,0,3
446,714,471,3,0
447,628,472,3,0
447,646,446,1,2
447,664,446,1,2
447,701,446,1,2
448,627,447,1,2
448,628,447,1,2
448,646,449,2,1
448,664,449,2,1
448,687,447,1,2
448,701,449,2,1
448,714,447,1,2
449,627,448,1,2
449,628,448,1,2
449,687,448,1,2
449,714,448,1,2
450,628,474,3,2
450,652,425,0,2
450,687,474,3,2
450,714,474,3,2
451,628,450,1,1
451,663,476,3,0
451,714,450,1,1
452,628,451,1,2
453,628,454,2,1
453,653,428,0,3
454,628,455,2,1
454,653,429,0,3
454,671,455,2,1
455,628,456,2,1
456,628,457,2,1
456,663,481,3,0
457,628,458,2,1
457,652,432,0,3
457,687,458,2,1
457,714,458,2,1
458,627,459,2,1
458,628,459,2,1
458,687,459,2,1
458,714,459,2,1
459,627,460,2,1
459,628,460,2,1
459,687,460,2,1
459,714,460,2,1
460,627,461,2,1
460,628,485,3,0
461,627,462,2,1
461,628,486,3,0
461,646,460,1,2
461,664,460,1,2
461,687,436,0,3
461,701,460,1,2
461,714,486,3,0
462,627,627,6,0
462,628,487,3,0
462,687,437,0,3
462,714,487,3,0
463,628,488,3,0
463,687,438,0,3
463,714,488,3,0
464,628,489,3,0
465,628,490,3,0
466,671,491,3,0
467,628,466,1,2
467,653,468,2,1
468,628,493,3,0
469,628,494,3,0
469,663,470,2,1
469,687,444,0,3
469,714,494,3,0
470,628,495,3,0
470,652,471,2,1
470,687,445,0,3
470,714,495,3,0
471,627,470,1,2
471,628,496,3,0
471,687,446,0,3
471,714,496,3,0
472,627,471,1,2
472,628,497,3,0
472,646,471,1,2
472,664,471,1,2
472,701,471,1,2
473,627,472,1,2
473,628,472,1,2
473,646,474,2,1
473,664,474,2,1
473,687,472,1,2
473,701,474,2,1
473,714,472,1,2
474,627,473,1,2
474,628,473,1,2
474,687,473,1,2
474,714,473,1,2
475,628,499,3,2
475,652,450,0,2
475,653,450,0,2
475,687,499,3,2
475,714,499,3,2
476,628,475,1,1
476,653,451,0,3
476,663,501,3,0
476,714,475,1,1
477,628,476,1,2
477,653,452,0,3
478,628,479,2,1
478,653,453,0,3
479,628,480,2,1
479,653,454,0,3
479,671,480,2,1
480,628,481,2,1
480,653,455,0,3
481,628,482,2,1
481,653,456,0,3
481,663,506,3,0
482,628,483,2,1
482,652,457,0,3
482,653,457,0,3
482,687,483,2,1
482,714,483,2,1
483,627,484,2,1
483,628,484,2,1
483,653,458,0,3
483,687,484,2,1
483,714,484,2,1
484,627,485,2,1
484,628,485,2,1
484,653,459,0,3
484,687,485,2,1
484,714,485,2,1
485,627,460,0,3
485,628,510,3,0
485,653,460,0,3
486,627,461,0,3
486,628,511,3,0
486,646,485,1,2
486,664,485,1,2
486,687,461,0,3
486,701,485,1,2
486,714,511,3,0
487,627,462,0,3
487,628,512,3,0
487,687,462,0,3
487,714,512,3,0
488,628,513,3,0
488,687,463,0,3
488,714,513,3,0
489,628,514,3,0
490,628,515,3,0
491,671,516,3,0
492,628,491,1,2
492,653,493,2,1
493,628,518,3,0
494,628,519,3,0
494,663,495,2,1
494,687,469,0,3
494,714,519,3,0
495,628,520,3,0
495,652,496,2,1
495,687,470,0,3
495,714,520,3,0
496,627,471,0,3
496,628,521,3,0
496,687,471,0,3
496,714,521,3,0
497,627,472,0,3
497,628,522,3,0
497,646,496,1,2
497,653,472,0,3
497,664,496,1,2
497,701,496,1,2
498,627,497,1,2
498,628,497,1,2
498,646,499,2,1
498,653,473,0,3
498,664,499,2,1
498,687,497,1,2
498,701,499,2,1
498,714,497,1,2
499,627,498,1,2
499,628,498,1,2
499,653,474,0,3
499,687,498,1,2
499,714,498,1,2
500,628,524,3,2
500,652,475,0,2
500,687,524,3,2
500,714,524,3,2
501,628,500,1,1
501,663,526,3,0
501,714,500,1,1
502,628,501,1,2
503,628,504,2,1
503,653,528,3,0
504,628,505,2,1
504,653,529,3,0
504,671,505,2,1
505,628,506,2,1
506,628,507,2,1
506,663,531,3,0
507,628,508,2,1
507,652,482,0,3
507,687,508,2,1
507,714,508,2,1
508,627,509,2,1
508,628,509,2,1
508,687,509,2,1
508,714,509,2,1
509,627,510,2,1
509,628,510,2,1
509,687,510,2,1
509,714,510,2,1
510,627,485,0,3
510,628,535,3,0
510,687,485,0,3
510,714,535,3,0
511,627,486,0,3
511,628,536,3,0
511,646,510,1,2
511,664,510,1,2
511,687,486,0,3
511,701,510,1,2
511,714,536,3,0
512,627,487,0,3
512,628,537,3,0
512,687,487,0,3
512,714,537,3,0
513,628,538,3,0
513,687,488,0,3
513,714,538,3,0
514,628,539,3,0
515,628,540,3,0
516,671,541,3,0
517,628,516,1,2
517,653,518,2,1
518,628,543,3,0
519,628,544,3,0
519,663,520,2,1
519,687,494,0,3
519,714,544,3,0
520,628,545,3,0
520,652,521,2,1
520,687,495,0,3
520,714,545,3,0
521,627,496,0,3
521,628,546,3,0
521,687,496,0,3
521,714,546,3,0
522,627,497,0,3
522,628,547,3,0
522,646,521,1,2
522,664,521,1,2
522,687,497,0,3
522,701,521,1,2
522,714,547,3,0
523,627,522,1,2
523,628,522,1,2
523,646,524,2,1
523,664,524,2,1
523,687,522,1,2
523,701,524,2,1
523,714,522,1,2
524,627,523,1,2
524,628,523,1,2
524,687,523,1,2
524,714,523,1,2
525,628,549,3,2
525,652,500,0,2
525,687,549,3,2
525,714,549,3,2
526,628,525,1,1
526,663,551,3,0
526,714,525,1,1
527,628,526,1,2
528,628,529,2,1
528,653,553,3,0
529,628,530,2,1
529,653,554,3,0
529,671,530,2,1
530,628,531,2,1
531,628,532,2,1
531,663,556,3,0
532,628,533,2,1
532,652,507,0,3
532,687,533,2,1
532,714,533,2,1
533,627,534,2,1
533,628,534,2,1
533,687,534,2,1
533,714,534,2,1
534,627,535,2,1
534,628,535,2,1
534,687,535,2,1
534,714,535,2,1
535,627,510,0,3
535,628,560,3,0
535,671,560,3,0
535,687,510,0,3
535,714,560,3,0
536,627,511,0,3
536,628,561,3,0
536,646,535,1,2
536,664,535,1,2
536,671,561,3,0
536,687,511,0,3
536,701,535,1,2
536,714,561,3,0
537,627,512,0,3
537,628,562,3,0
537,671,562,3,0
537,687,512,0,3
537,714,562,3,0
538,628,563,3,0
538,671,563,3,0
538,687,513,0,3
538,714,563,3,0
539,628,564,3,0
539,671,564,3,0
540,628,565,3,0
540,671,565,3,0
541,671,566,3,0
542,628,541,1,2
542,653,543,2,1
542,671,567,3,0
543,628,568,3,0
543,671,568,3,0
544,628,569,3,0
544,663,545,2,1
544,671,569,3,0
544,687,519,0,3
544,714,569,3,0
545,628,570,3,0
545,652,546,2,1
545,671,570,3,0
545,687,520,0,3
545,714,570,3,0
546,627,521,0,3
546,628,571,3,0
546,671,571,3,0
546,687,521,0,3
546,714,571,3,0
547,627,522,0,3
547,628,572,3,0
547,646,546,1,2
547,664,546,1,2
547,671,572,3,0
547,687,522,0,3
547,701,546,1,2
547,714,572,3,0
548,627,547,1,2
548,628,547,1,2
548,646,549,2,1
548,664,549,2,1
548,687,547,1,2
548,701,549,2,1
548,714,547,1,2
549,627,548,1,2
549,628,548,1,2
549,687,548,1,2
549,714,548,1,2
550,628,574,3,2
550,652,525,0,2
550,687,574,3,2
550,714,574,3,2
551,628,550,1,1
551,663,576,3,0
551,714,550,1,1
552,628,551,1,2
553,628,554,2,1
553,653,578,3,0
554,628,555,2,1
554,653,579,3,0
554,671,555,2,1
555,628,556,2,1
556,628,557,2,1
556,663,581,3,0
557,628,558,2,1
557,652,532,0,3
557,687,558,2,1
557,714,558,2,1
558,627,559,2,1
558,628,559,2,1
558,687,559,2,1
558,714,559,2,1
559,627,560,2,1
559,628,560,2,1
559,687,560,2,1
559,714,560,2,1
560,627,535,0,3
560,628,585,3,0
560,671,561,2,1
560,687,535,0,3
560,714,585,3,0
561,627,536,0,3
561,628,586,3,0
561,646,560,1,2
561,664,560,1,2
561,671,562,2,1
561,687,536,0,3
561,701,560,1,2
561,714,586,3,0
562,627,537,0,3
562,628,587,3,0
562,671,563,2,1
562,687,537,0,3
562,714,587,3,0
563,628,588,3,0
563,671,564,2,1
563,687,538,0,3
563,714,588,3,0
564,628,589,3,0
564,671,565,2,1
565,628,590,3,0
565,671,566,2,1
566,671,671,50,0
567,628,566,1,2
567,653,568,2,1
567,671,566,1,2
568,628,593,3,0
568,671,567,1,2
569,628,594,3,0
569,663,570,2,1
569,671,568,1,2
569,687,544,0,3
569,714,594,3,0
570,628,595,3,0
570,652,571,2,1
570,671,569,1,2
570,687,545,0,3
570,714,595,3,0
571,627,546,0,3
571,628,596,3,0
571,671,570,1,2
571,687,546,0,3
571,714,596,3,0
572,627,547,0,3
572,628,597,3,0
572,646,571,1,2
572,664,571,1,2
572,671,571,1,2
572,687,547,0,3
572,701,571,1,2
572,714,597,3,0
573,627,572,1,2
573,628,572,1,2
573,646,574,2,1
573,664,574,2,1
573,687,572,1,2
573,701,574,2,1
573,714,572,1,2
574,627,573,1,2
574,628,573,1,2
574,687,573,1,2
574,714,573,1,2
575,628,599,3,2
575,652,550,0,2
575,663,600,2,0
575,687,599,3,2
575,714,599,3,2
576,628,575,1,1
576,663,601,3,0
576,714,575,1,1
577,628,576,1,2
578,628,579,2,1
578,653,603,3,0
579,628,580,2,1
579,653,604,3,0
579,671,580,2,1
580,628,581,2,1
581,628,582,2,1
581,663,606,3,0
582,628,583,2,1
582,652,557,0,3
582,663,607,3,0
582,687,583,2,1
582,714,583,2,1
583,627,584,2,1
583,628,584,2,1
583,663,608,3,0
583,687,584,2,1
583,714,584,2,1
584,627,585,2,1
584,628,585,2,1
584,663,609,3,0
584,687,585,2,1
584,714,585,2,1
585,627,560,0,3
585,628,610,3,0
585,663,610,3,0
585,674,610,3,0
585,687,560,0,3
585,714,610,3,0
586,627,561,0,3
586,628,611,3,0
586,646,585,1,2
586,664,585,1,2
586,674,611,3,0
586,687,561,0,3
586,701,585,1,2
586,714,611,3,0
587,627,562,0,3
587,628,612,3,0
587,674,612,3,0
587,687,562,0,3
587,714,612,3,0
588,628,613,3,0
588,674,613,3,0
588,687,563,0,3
588,714,613,3,0
589,628,614,3,0
590,628,615,3,0
591,671,566,0,3
592,628,591,1,2
592,653,593,2,1
593,628,618,3,0
594,628,619,3,0
594,663,595,2,1
594,687,569,0,3
594,714,619,3,0
595,628,620,3,0
595,652,596,2,1
595,674,620,3,0
595,687,570,0,3
595,714,620,3,0
596,627,571,0,3
596,628,621,3,0
596,674,621,3,0
596,687,571,0,3
596,714,621,3,0
597,627,572,0,3
597,628,622,3,0
597,646,596,1,2
597,663,622,3,0
597,664,596,1,2
597,674,622,3,0
597,687,572,0,3
597,701,596,1,2
597,714,622,3,0
598,627,597,1,2
598,628,597,1,2
598,646,599,2,1
598,663,623,3,0
598,664,599,2,1
598,687,597,1,2
598,701,599,2,1
598,714,597,1,2
599,627,598,1,2
599,628,598,1,2
599,663,624,3,0
599,687,598,1,2
599,714,598,1,2
600,628,624,3,2
600,652,575,0,2
600,663,601,1,1
600,687,624,3,2
600,714,624,3,2
601,628,600,1,1
601,714,600,1,1
602,628,601,1,2
603,628,604,2,1
603,653,3,3,3
604,628,605,2,1
604,653,4,3,3
604,671,605,2,1
605,628,606,2,1
606,628,607,2,1
606,663,663,42,0
607,628,608,2,1
607,652,582,0,3
607,663,606,1,2
607,687,608,2,1
607,714,608,2,1
608,627,609,2,1
608,628,609,2,1
608,663,607,1,2
608,687,609,2,1
608,714,609,2,1
609,627,610,2,1
609,628,610,2,1
609,663,608,1,2
609,687,610,2,1
609,714,610,2,1
610,628,10,3,3
610,663,609,1,2
610,674,611,2,1
610,687,585,0,3
610,714,10,3,3
611,627,586,0,3
611,628,11,3,3
611,646,610,1,2
611,664,610,1,2
611,674,612,2,1
611,687,586,0,3
611,701,610,1,2
611,714,11,3,3
612,627,587,0,3
612,628,12,3,3
612,674,613,2,1
612,687,587,0,3
612,714,12,3,3
613,628,13,3,3
613,674,674,53,0
613,687,588,0,3
613,714,13,3,3
614,628,14,3,3
615,628,15,3,3
616,671,591,0,3
617,628,616,1,2
617,653,618,2,1
618,628,18,3,3
619,628,19,3,3
619,663,620,2,1
619,687,594,0,3
619,714,19,3,3
620,628,20,3,3
620,652,621,2,1
620,674,619,1,2
620,687,595,0,3
620,714,20,3,3
621,627,596,0,3
621,628,21,3,3
621,674,620,1,2
621,687,596,0,3
621,714,21,3,3
622,628,22,3,3
622,646,621,1,2
622,663,623,2,1
622,664,621,1,2
622,674,621,1,2
622,687,597,0,3
622,701,621,1,2
622,714,22,3,3
623,627,622,1,2
623,628,622,1,2
623,646,624,2,1
623,663,624,2,1
623,664,624,2,1
623,687,622,1,2
623,701,624,2,1
623,714,622,1,2
624,627,623,1,2
624,628,623,1,2
624,663,600,2,3
624,687,623,1,2
624,714,623,1,2
627,625,462,0,6
627,626,462,0,6
627,628,462,0,6
627,629,462,0,6
627,630,462,0,6
627,631,462,0,6
627,632,462,0,6
627,633,462,0,6
627,634,462,0,6
627,635,462,0,6
627,636,462,0,6
627,637,462,0,6
627,638,462,0,6
627,639,462,0,6
627,640,462,0,6
627,641,462,0,6
627,642,462,0,6
627,643,462,0,6
627,644,462,0,6
627,645,462,0,6
627,646,462,0,6
627,647,462,0,6
627,648,462,0,6
627,649,462,0,6
627,650,462,0,6
627,651,462,0,6
627,652,462,0,6
627,653,462,0,6
627,654,462,0,6
627,655,462,0,6
627,656,462,0,6
627,657,462,0,6
627,658,462,0,6
627,659,462,0,6
627,660,462,0,6
627,661,462,0,6
627,662,462,0,6
627,663,462,0,6
627,664,462,0,6
627,665,462,0,6
627,666,462,0,6
627,667,462,0,6
627,668,462,0,6
627,669,462,0,6
627,670,462,0,6
627,671,462,0,6
627,672,462,0,6
627,673,462,0,6
627,674,462,0,6
627,675,462,0,6
627,676,462,0,6
627,677,462,0,6
627,678,462,0,6
627,679,462,0,6
627,680,462,0,6
627,681,462,0,6
627,682,462,0,6
627,683,462,0,6
627,684,462,0,6
627,685,462,0,6
627,686,462,0,6
627,687,462,0,6
627,688,462,0,6
627,689,462,0,6
627,690,462,0,6
627,691,462,0,6
627,692,462,0,6
627,693,462,0,6
627,694,462,0,6
627,695,462,0,6
627,696,462,0,6
627,697,462,0,6
627,698,462,0,6
627,699,462,0,6
627,700,462,0,6
627,701,462,0,6
627,702,462,0,6
627,703,462,0,6
627,704,462,0,6
627,705,462,0,6
627,706,462,0,6
627,707,462,0,6
627,708,462,0,6
627,709,462,0,6
627,710,462,0,6
627,711,462,0,6
627,712,462,0,6
627,713,462,0,6
627,714,462,0,6
627,715,462,0,6
627,716,462,0,6
627,717,462,0,6
627,718,462,0,6
627,719,462,0,6
627,720,462,0,6
627,721,462,0,6
627,722,462,0,6
627,723,462,0,6
627,724,462,0,6
628,625,115,0,7
628,626,115,0,7
628,627,115,0,7
628,629,115,0,7
628,630,115,0,7
628,631,115,0,7
628,632,115,0,7
628,633,115,0,7
628,634,115,0,7
628,635,115,0,7
628,636,115,0,7
628,637,115,0,7
628,638,115,0,7
628,639,115,0,7
628,640,115,0,7
628,641,115,0,7
628,642,115,0,7
628,643,115,0,7
628,644,115,0,7
628,645,115,0,7
628,646,115,0,7
628,647,115,0,7
628,648,115,0,7
628,649,115,0,7
628,650,115,0,7
628,651,115,0,7
628,652,115,0,7
628,653,115,0,7
628,654,115,0,7
628,655,115,0,7
628,656,115,0,7
628,657,115,0,7
628,658,115,0,7
628,659,115,0,7
628,660,115,0,7
628,661,115,0,7
628,662,115,0,7
628,663,115,0,7
628,664,115,0,7
628,665,115,0,7
628,666,115,0,7
628,667,115,0,7
628,668,115,0,7
628,669,115,0,7
628,670,115,0,7
628,671,115,0,7
628,672,115,0,7
628,673,115,0,7
628,674,115,0,7
628,675,115,0,7
628,676,115,0,7
628,677,115,0,7
628,678,115,0,7
628,679,115,0,7
628,680,115,0,7
628,681,115,0,7
628,682,115,0,7
628,683,115,0,7
628,684,115,0,7
628,685,115,0,7
628,686,115,0,7
628,687,115,0,7
628,688,115,0,7
628,689,115,0,7
628,690,115,0,7
628,691,115,0,7
628,692,115,0,7
628,693,115,0,7
628,694,115,0,7
628,695,115,0,7
628,696,115,0,7
628,697,115,0,7
628,698,115,0,7
628,699,115,0,7
628,700,115,0,7
628,701,115,0,7
628,702,115,0,7
628,703,115,0,7
628,704,115,0,7
628,705,115,0,7
628,706,115,0,7
628,707,115,0,7
628,708,115,0,7
628,709,115,0,7
628,710,115,0,7
628,711,115,0,7
628,712,115,0,7
628,713,115,0,7
628,714,115,0,7
628,715,115,0,7
628,716,115,0,7
628,717,115,0,7
628,718,115,0,7
628,719,115,0,7
628,720,115,0,7
628,721,115,0,7
628,722,115,0,7
628,723,115,0,7
628,724,115,0,7
646,625,35,0,25
646,626,35,0,25
646,627,35,0,25
646,628,35,0,25
646,629,35,0,25
646,630,35,0,25
646,631,35,0,25
646,632,35,0,25
646,633,35,0,25
646,634,35,0,25
646,635,35,0,25
646,636,35,0,25
646,637,35,0,25
646,638,35,0,25
646,639,35,0,25
646,640,35,0,25
646,641,35,0,25
646,642,35,0,25
646,643,35,0,25
646,644,35,0,25
646,645,35,0,25
646,647,35,0,25
646,648,35,0,25
646,649,35,0,25
646,650,35,0,25
646,651,35,0,25
646,652,35,0,25
646,653,35,0,25
646,654,35,0,25
646,655,35,0,25
646,656,35,0,25
646,657,35,0,25
646,658,35,0,25
646,659,35,0,25
646,660,35,0,25
646,661,35,0,25
646,662,35,0,25
646,663,35,0,25
646,664,35,0,25
646,665,35,0,25
646,666,35,0,25
646,667,35,0,25
646,668,35,0,25
646,669,35,0,25
646,670,35,0,25
646,671,35,0,25
646,672,35,0,25
646,673,35,0,25
646,674,35,0,25
646,675,35,0,25
646,676,35,0,25
646,677,35,0,25
646,678,35,0,25
646,679,35,0,25
646,680,35,0,25
646,681,35,0,25
646,682,35,0,25
646,683,35,0,25
646,684,35,0,25
646,685,35,0,25
646,686,35,0,25
646,687,35,0,25
646,688,35,0,25
646,689,35,0,25
646,690,35,0,25
646,691,35,0,25
646,692,35,0,25
646,693,35,0,25
646,694,35,0,25
646,695,35,0,25
646,696,35,0,25
646,697,35,0,25
646,698,35,0,25
646,699,35,0,25
646,700,35,0,25
646,701,35,0,25
646,702,35,0,25
646,703,35,0,25
646,704,35,0,25
646,705,35,0,25
646,706,35,0,25
646,707,35,0,25
646,708,35,0,25
646,709,35,0,25
646,710,35,0,25
646,711,35,0,25
646,712,35,0,25
646,713,35,0,25
646,714,35,0,25
646,715,35,0,25
646,716,35,0,25
646,717,35,0,25
646,718,35,0,25
646,719,35,0,25
646,720,35,0,25
646,721,35,0,25
646,722,35,0,25
646,723,35,0,25
646,724,35,0,25
652,625,332,0,31
652,626,332,0,31
652,627,332,0,31
652,628,332,0,31
652,629,332,0,31
652,630,332,0,31
652,631,332,0,31
652,632,332,0,31
652,633,332,0,31
652,634,332,0,31
652,635,332,0,31
652,636,332,0,31
652,637,332,0,31
652,638,332,0,31
652,639,332,0,31
652,640,332,0,31
652,641,332,0,31
652,642,332,0,31
652,643,332,0,31
652,644,332,0,31
652,645,332,0,31
652,646,332,0,31
652,647,332,0,31
652,648,332,0,31
652,649,332,0,31
652,650,332,0,31
652,651,332,0,31
652,653,332,0,31
652,654,332,0,31
652,655,332,0,31
652,656,332,0,31
652,657,332,0,31
652,658,332,0,31
652,659,332,0,31
652,660,332,0,31
652,661,332,0,31
652,662,332,0,31
652,663,332,0,31
652,664,332,0,31
652,665,332,0,31
652,666,332,0,31
652,667,332,0,31
652,668,332,0,31
652,669,332,0,31
652,670,332,0,31
652,671,332,0,31
652,672,332,0,31
652,673,332,0,31
652,674,332,0,31
652,675,332,0,31
652,676,332,0,31
652,677,332,0,31
652,678,332,0,31
652,679,332,0,31
652,680,332,0,31
652,681,332,0,31
652,682,332,0,31
652,683,332,0,31
652,684,332,0,31
652,685,332,0,31
652,686,332,0,31
652,687,332,0,31
652,688,332,0,31
652,689,332,0,31
652,690,332,0,31
652,691,332,0,31
652,692,332,0,31
652,693,332,0,31
652,694,332,0,31
652,695,332,0,31
652,696,332,0,31
652,697,332,0,31
652,698,332,0,31
652,699,332,0,31
652,700,332,0,31
652,701,332,0,31
652,702,332,0,31
652,703,332,0,31
652,704,332,0,31
652,705,332,0,31
652,706,332,0,31
652,707,332,0,31
652,708,332,0,31
652,709,332,0,31
652,710,332,0,31
652,711,332,0,31
652,712,332,0,31
652,713,332,0,31
652,714,332,0,31
652,715,332,0,31
652,716,332,0,31
652,717,332,0,31
652,718,332,0,31
652,719,332,0,31
652,720,332,0,31
652,721,332,0,31
652,722,332,0,31
652,723,332,0,31
652,724,332,0,31
653,625,179,0,32
653,626,179,0,32
653,627,179,0,32
653,628,179,0,32
653,629,179,0,32
653,630,179,0,32
653,631,179,0,32
653,632,179,0,32
653,633,179,0,32
653,634,179,0,32
653,635,179,0,32
653,636,179,0,32
653,637,179,0,32
653,638,179,0,32
653,639,179,0,32
653,640,179,0,32
653,641,179,0,32
653,642,179,0,32
653,643,179,0,32
653,644,179,0,32
653,645,179,0,32
653,646,179,0,32
653,647,179,0,32
653,648,179,0,32
653,649,179,0,32
653,650,179,0,32
653,651,179,0,32
653,652,179,0,32
653,654,179,0,32
653,655,179,0,32
653,656,179,0,32
653,657,179,0,32
653,658,179,0,32
653,659,179,0,32
653,660,179,0,32
653,661,179,0,32
653,662,179,0,32
653,663,179,0,32
653,664,179,0,32
653,665,179,0,32
653,666,179,0,32
653,667,179,0,32
653,668,179,0,32
653,669,179,0,32
653,670,179,0,32
653,671,179,0,32
653,672,179,0,32
653,673,179,0,32
653,674,179,0,32
653,675,179,0,32
653,676,179,0,32
653,677,179,0,32
653,678,179,0,32
653,679,179,0,32
653,680,179,0,32
653,681,179,0,32
653,682,179,0,32
653,683,179,0,32
653,684,179,0,32
653,685,179,0,32
653,686,179,0,32
653,687,179,0,32
653,688,179,0,32
653,689,179,0,32
653,690,179,0,32
653,691,179,0,32
653,692,179,0,32
653,693,179,0,32
653,694,179,0,32
653,695,179,0,32
653,696,179,0,32
653,697,179,0,32
653,698,179,0,32
653,699,179,0,32
653,700,179,0,32
653,701,179,0,32
653,702,179,0,32
653,703,179,0,32
653,704,179,0,32
653,705,179,0,32
653,706,179,0,32
653,707,179,0,32
653,708,179,0,32
653,709,179,0,32
653,710,179,0,32
653,711,179,0,32
653,712,179,0,32
653,713,179,0,32
653,714,179,0,32
653,715,179,0,32
653,716,179,0,32
653,717,179,0,32
653,718,179,0,32
653,719,179,0,32
653,720,179,0,32
653,721,179,0,32
653,722,179,0,32
653,723,179,0,32
653,724,179,0,32
663,625,606,0,42
663,626,606,0,42
663,627,606,0,42
663,628,606,0,42
663,629,606,0,42
663,630,606,0,42
663,631,606,0,42
663,632,606,0,42
663,633,606,0,42
663,634,606,0,42
663,635,606,0,42
663,636,606,0,42
663,637,606,0,42
663,638,606,0,42
663,639,606,0,42
663,640,606,0,42
663,641,606,0,42
663,642,606,0,42
663,643,606,0,42
663,644,606,0,42
663,645,606,0,42
663,646,606,0,42
663,647,606,0,42
663,648,606,0,42
663,649,606,0,42
663,650,606,0,42
663,651,606,0,42
663,652,606,0,42
663,653,606,0,42
663,654,606,0,42
663,655,606,0,42
663,656,606,0,42
663,657,606,0,42
663,658,606,0,42
663,659,606,0,42
663,660,606,0,42
663,661,606,0,42
663,662,606,0,42
663,664,606,0,42
663,665,606,0,42
663,666,606,0,42
663,667,606,0,42
663,668,606,0,42
663,669,606,0,42
663,670,606,0,42
663,671,606,0,42
663,672,606,0,42
663,673,606,0,42
663,674,606,0,42
663,675,606,0,42
663,676,606,0,42
663,677,606,0,42
663,678,606,0,42
663,679,606,0,42
663,680,606,0,42
663,681,606,0,42
663,682,606,0,42
663,683,606,0,42
663,684,606,0,42
663,685,606,0,42
663,686,606,0,42
663,687,606,0,42
663,688,606,0,42
663,689,606,0,42
663,690,606,0,42
663,691,606,0,42
663,692,606,0,42
663,693,606,0,42
663,694,606,0,42
663,695,606,0,42
663,696,606,0,42
663,697,606,0,42
663,698,606,0,42
663,699,606,0,42
663,700,606,0,42
663,701,606,0,42
663,702,606,0,42
663,703,606,0,42
663,704,606,0,42
663,705,606,0,42
663,706,606,0,42
663,707,606,0,42
663,708,606,0,42
663,709,606,0,42
663,710,606,0,42
663,711,606,0,42
663,712,606,0,42
663,713,606,0,42
663,714,606,0,42
663,715,606,0,42
663,716,606,0,42
663,717,606,0,42
663,718,606,0,42
663,719,606,0,42
663,720,606,0,42
663,721,606,0,42
663,722,606,0,42
663,723,606,0,42
663,724,606,0,42
664,625,135,0,43
664,626,135,0,43
664,627,135,0,43
664,628,135,0,43
664,629,135,0,43
664,630,135,0,43
664,631,135,0,43
664,632,135,0,43
664,633,135,0,43
664,634,135,0,43
664,635,135,0,43
664,636,135,0,43
664,637,135,0,43
664,638,135,0,43
664,639,135,0,43
664,640,135,0,43
664,641,135,0,43
664,642,135,0,43
664,643,135,0,43
664,644,135,0,43
664,645,135,0,43
664,646,135,0,43
664,647,135,0,43
664,648,135,0,43
664,649,135,0,43
664,650,135,0,43
664,651,135,0,43
664,652,135,0,43
664,653,135,0,43
664,654,135,0,43
664,655,135,0,43
664,656,135,0,43
664,657,135,0,43
664,658,135,0,43
664,659,135,0,43
664,660,135,0,43
664,661,135,0,43
664,662,135,0,43
664,663,135,0,43
664,665,135,0,43
664,666,135,0,43
664,667,135,0,43
664,668,135,0,43
664,669,135,0,43
664,670,135,0,43
664,671,135,0,43
664,672,135,0,43
664,673,135,0,43
664,674,135,0,43
664,675,135,0,43
664,676,135,0,43
664,677,135,0,43
664,678,135,0,43
664,679,135,0,43
664,680,135,0,43
664,681,135,0,43
664,682,135,0,43
664,683,135,0,43
664,684,135,0,43
664,685,135,0,43
664,686,135,0,43
664,687,135,0,43
664,688,135,0,43
664,689,135,0,43
664,690,135,0,43
664,691,135,0,43
664,692,135,0,43
664,693,135,0,43
664,694,135,0,43
664,695,135,0,43
664,696,135,0,43
664,697,135,0,43
664,698,135,0,43
664,699,135,0,43
664,700,135,0,43
664,701,135,0,43
664,702,135,0,43
664,703,135,0,43
664,704,135,0,43
664,705,135,0,43
664,706,135,0,43
664,707,135,0,43
664,708,135,0,43
664,709,135,0,43
664,710,135,0,43
664,711,135,0,43
664,712,135,0,43
664,713,135,0,43
664,714,135,0,43
664,715,135,0,43
664,716,135,0,43
664,717,135,0,43
664,718,135,0,43
664,719,135,0,43
664,720,135,0,43
664,721,135,0,43
664,722,135,0,43
664,723,135,0,43
664,724,135,0,43
671,625,566,0,50
671,626,566,0,50
671,627,566,0,50
671,628,566,0,50
671,629,566,0,50
671,630,566,0,50
671,631,566,0,50
671,632,566,0,50
671,633,566,0,50
671,634,566,0,50
671,635,566,0,50
671,636,566,0,50
671,637,566,0,50
671,638,566,0,50
671,639,566,0,50
671,640,566,0,50
671,641,566,0,50
671,642,566,0,50
671,643,566,0,50
671,644,566,0,50
671,645,566,0,50
671,646,566,0,50
671,647,566,0,50
671,648,566,0,50
671,649,566,0,50
671,650,566,0,50
671,651,566,0,50
671,652,566,0,50
671,653,566,0,50
671,654,566,0,50
671,655,566,0,50
671,656,566,0,50
671,657,566,0,50
671,658,566,0,50
671,659,566,0,50
671,660,566,0,50
671,661,566,0,50
671,662,566,0,50
671,663,566,0,50
671,664,566,0,50
671,665,566,0,50
671,666,566,0,50
671,667,566,0,50
671,668,566,0,50
671,669,566,0,50
671,670,566,0,50
671,672,566,0,50
671,673,566,0,50
671,674,566,0,50
671,675,566,0,50
671,676,566,0,50
671,677,566,0,50
671,678,566,0,50
671,679,566,0,50
671,680,566,0,50
671,681,566,0,50
671,682,566,0,50
671,683,566,0,50
671,684,566,0,50
671,685,566,0,50
671,686,566,0,50
671,687,566,0,50
671,688,566,0,50
671,689,566,0,50
671,690,566,0,50
671,691,566,0,50
671,692,566,0,50
671,693,566,0,50
671,694,566,0,50
671,695,566,0,50
671,696,566,0,50
671,697,566,0,50
671,698,566,0,50
671,699,566,0,50
671,700,566,0,50
671,701,566,0,50
671,702,566,0,50
671,703,566,0,50
671,704,566,0,50
671,705,566,0,50
671,706,566,0,50
671,707,566,0,50
671,708,566,0,50
671,709,566,0,50
671,710,566,0,50
671,711,566,0,50
671,712,566,0,50
671,713,566,0,50
671,714,566,0,50
671,715,566,0,50
671,716,566,0,50
671,717,566,0,50
671,718,566,0,50
671,719,566,0,50
671,720,566,0,50
671,721,566,0,50
671,722,566,0,50
671,723,566,0,50
671,724,566,0,50
674,625,613,0,53
674,626,613,0,53
674,627,613,0,53
674,628,613,0,53
674,629,613,0,53
674,630,613,0,53
674,631,613,0,53
674,632,613,0,53
674,633,613,0,53
674,634,613,0,53
674,635,613,0,53
674,636,613,0,53
674,637,613,0,53
674,638,613,0,53
674,639,613,0,53
674,640,613,0,53
674,641,613,0,53
674,642,613,0,53
674,643,613,0,53
674,644,613,0,53
674,645,613,0,53
674,646,613,0,53
674,647,613,0,53
674,648,613,0,53
674,649,613,0,53
674,650,613,0,53
674,651,613,0,53
674,652,613,0,53
674,653,613,0,53
674,654,613,0,53
674,655,613,0,53
674,656,613,0,53
674,657,613,0,53
674,658,613,0,53
674,659,613,0,53
674,660,613,0,53
674,661,613,0,53
674,662,613,0,53
674,663,613,0,53
674,664,613,0,53
674,665,613,0,53
674,666,613,0,53
674,667,613,0,53
674,668,613,0,53
674,669,613,0,53
674,670,613,0,53
674,671,613,0,53
674,672,613,0,53
674,673,613,0,53
674,675,613,0,53
674,676,613,0,53
674,677,613,0,53
674,678,613,0,53
674,679,613,0,53
674,680,613,0,53
674,681,613,0,53
674,682,613,0,53
674,683,613,0,53
674,684,613,0,53
674,685,613,0,53
674,686,613,0,53
674,687,613,0,53
674,688,613,0,53
674,689,613,0,53
674,690,613,0,53
674,691,613,0,53
674,692,613,0,53
674,693,613,0,53
674,694,613,0,53
674,695,613,0,53
674,696,613,0,53
674,697,613,0,53
674,698,613,0,53
674,699,613,0,53
674,700,613,0,53
674,701,613,0,53
674,702,613,0,53
674,703,613,0,53
674,704,613,0,53
674,705,613,0,53
674,706,613,0,53
674,707,613,0,53
674,708,613,0,53
674,709,613,0,53
674,710,613,0,53
674,711,613,0,53
674,712,613,0,53
674,713,613,0,53
674,714,613,0,53
674,715,613,0,53
674,716,613,0,53
674,717,613,0,53
674,718,613,0,53
674,719,613,0,53
674,720,613,0,53
674,721,613,0,53
674,722,613,0,53
674,723,613,0,53
674,724,613,0,53
687,625,369,0,66
687,626,369,0,66
687,627,369,0,66
687,628,369,0,66
687,629,369,0,66
687,630,369,0,66
687,631,369,0,66
687,632,369,0,66
687,633,369,0,66
687,634,369,0,66
687,635,369,0,66
687,636,369,0,66
687,637,369,0,66
687,638,369,0,66
687,639,369,0,66
687,640,369,0,66
687,641,369,0,66
687,642,369,0,66
687,643,369,0,66
687,644,369,0,66
687,645,369,0,66
687,646,369,0,66
687,647,369,0,66
687,648,369,0,66
687,649,369,0,66
687,650,369,0,66
687,651,369,0,66
687,652,369,0,66
687,653,369,0,66
687,654,369,0,66
687,655,369,0,66
687,656,369,0,66
687,657,369,0,66
687,658,369,0,66
687,659,369,0,66
687,660,369,0,66
687,661,369,0,66
687,662,369,0,66
687,663,369,0,66
687,664,369,0,66
687,665,369,0,66
687,666,369,0,66
687,667,369,0,66
687,668,369,0,66
687,669,369,0,66
687,670,369,0,66
687,671,369,0,66
687,672,369,0,66
687,673,369,0,66
687,674,369,0,66
687,675,369,0,66
687,676,369,0,66
687,677,369,0,66
687,678,369,0,66
687,679,369,0,66
687,680,369,0,66
687,681,369,0,66
687,682,369,0,66
687,683,369,0,66
687,684,369,0,66
687,685,369,0,66
687,686,369,0,66
687,688,369,0,66
687,689,369,0,66
687,690,369,0,66
687,691,369,0,66
687,692,369,0,66
687,693,369,0,66
687,694,369,0,66
687,695,369,0,66
687,696,369,0,66
687,697,369,0,66
687,698,369,0,66
687,699,369,0,66
687,700,369,0,66
687,701,369,0,66
687,702,369,0,66
687,703,369,0,66
687,704,369,0,66
687,705,369,0,66
687,706,369,0,66
687,707,369,0,66
687,708,369,0,66
687,709,369,0,66
687,710,369,0,66
687,711,369,0,66
687,712,369,0,66
687,713,369,0,66
687,714,369,0,66
687,715,369,0,66
687,716,369,0,66
687,717,369,0,66
687,718,369,0,66
687,719,369,0,66
687,720,369,0,66
687,721,369,0,66
687,722,369,0,66
687,723,369,0,66
687,724,369,0,66
701,625,60,0,80
701,626,60,0,80
701,627,60,0,80
701,628,60,0,80
701,629,60,0,80
701,630,60,0,80
701,631,60,0,80
701,632,60,0,80
701,633,60,0,80
701,634,60,0,80
701,635,60,0,80
701,636,60,0,80
701,637,60,0,80
701,638,60,0,80
701,639,60,0,80
701,640,60,0,80
701,641,60,0,80
701,642,60,0,80
701,643,60,0,80
701,644,60,0,80
701,645,60,0,80
701,646,60,0,80
701,647,60,0,80
701,648,60,0,80
701,649,60,0,80
701,650,60,0,80
701,651,60,0,80
701,652,60,0,80
701,653,60,0,80
701,654,60,0,80
701,655,60,0,80
701,656,60,0,80
701,657,60,0,80
701,658,60,0,80
701,659,60,0,80
701,660,60,0,80
701,661,60,0,80
701,662,60,0,80
701,663,60,0,80
701,664,60,0,80
701,665,60,0,80
701,666,60,0,80
701,667,60,0,80
701,668,60,0,80
701,669,60,0,80
701,670,60,0,80
701,671,60,0,80
701,672,60,0,80
701,673,60,0,80
701,674,60,0,80
701,675,60,0,80
701,676,60,0,80
701,677,60,0,80
701,678,60,0,80
701,679,60,0,80
701,680,60,0,80
701,681,60,0,80
701,682,60,0,80
701,683,60,0,80
701,684,60,0,80
701,685,60,0,80
701,686,60,0,80
701,687,60,0,80
701,688,60,0,80
701,689,60,0,80
701,690,60,0,80
701,691,60,0,80
701,692,60,0,80
701,693,60,0,80
701,694,60,0,80
701,695,60,0,80
701,696,60,0,80
701,697,60,0,80
701,698,60,0,80
701,699,60,0,80
701,700,60,0,80
701,702,60,0,80
701,703,60,0,80
701,704,60,0,80
701,705,60,0,80
701,706,60,0,80
701,707,60,0,80
701,708,60,0,80
701,709,60,0,80
701,710,60,0,80
701,711,60,0,80
701,712,60,0,80
701,713,60,0,80
701,714,60,0,80
701,715,60,0,80
701,716,60,0,80
701,717,60,0,80
701,718,60,0,80
701,719,60,0,80
701,720,60,0,80
701,721,60,0,80
701,722,60,0,80
701,723,60,0,80
701,724,60,0,80
711,625,54,0,90
711,626,54,0,90
711,627,54,0,90
711,628,54,0,90
711,629,54,0,90
711,630,54,0,90
711,631,54,0,90
711,632,54,0,90
711,633,54,0,90
711,634,54,0,90
711,635,54,0,90
711,636,54,0,90
711,637,54,0,90
711,638,54,0,90
711,639,54,0,90
711,640,54,0,90
711,641,54,0,90
711,642,54,0,90
711,643,54,0,90
711,644,54,0,90
711,645,54,0,90
711,646,54,0,90
711,647,54,0,90
711,648,54,0,90
711,649,54,0,90
711,650,54,0,90
711,651,54,0,90
711,652,54,0,90
711,653,54,0,90
711,654,54,0,90
711,655,54,0,90
711,656,54,0,90
711,657,54,0,90
711,658,54,0,90
711,659,54,0,90
711,660,54,0,90
711,661,54,0,90
711,662,54,0,90
711,663,54,0,90
711,664,54,0,90
711,665,54,0,90
711,666,54,0,90
711,667,54,0,90
711,668,54,0,90
711,669,54,0,90
711,670,54,0,90
711,671,54,0,90
711,672,54,0,90
711,673,54,0,90
711,674,54,0,90
711,675,54,0,90
711,676,54,0,90
711,677,54,0,90
711,678,54,0,90
711,679,54,0,90
711,680,54,0,90
711,681,54,0,90
711,682,54,0,90
711,683,54,0,90
711,684,54,0,90
711,685,54,0,90
711,686,54,0,90
711,687,54,0,90
711,688,54,0,90
711,689,54,0,90
711,690,54,0,90
711,691,54,0,90
711,692,54,0,90
711,693,54,0,90
711,694,54,0,90
711,695,54,0,90
711,696,54,0,90
711,697,54,0,90
711,698,54,0,90
711,699,54,0,90
711,700,54,0,90
711,701,54,0,90
711,702,54,0,90
711,703,54,0,90
711,704,54,0,90
711,705,54,0,90
711,706,54,0,90
711,707,54,0,90
711,708,54,0,90
711,709,54,0,90
711,710,54,0,90
711,712,54,0,90
711,713,54,0,90
711,714,54,0,90
711,715,54,0,90
711,716,54,0,90
711,717,54,0,90
711,718,54,0,90
711,719,54,0,90
711,720,54,0,90
711,721,54,0,90
711,722,54,0,90
711,723,54,0,90
711,724,54,0,90
714,625,119,0,93
714,626,119,0,93
714,627,119,0,93
714,628,119,0,93
714,629,119,0,93
714,630,119,0,93
714,631,119,0,93
714,632,119,0,93
714,633,119,0,93
714,634,119,0,93
714,635,119,0,93
714,636,119,0,93
714,637,119,0,93
714,638,119,0,93
714,639,119,0,93
714,640,119,0,93
714,641,119,0,93
714,642,119,0,93
714,643,119,0,93
714,644,119,0,93
714,645,119,0,93
714,646,119,0,93
714,647,119,0,93
714,648,119,0,93
714,649,119,0,93
714,650,119,0,93
714,651,119,0,93
714,652,119,0,93
714,653,119,0,93
714,654,119,0,93
714,655,119,0,93
714,656,119,0,93
714,657,119,0,93
714,658,119,0,93
714,659,119,0,93
714,660,119,0,93
714,661,119,0,93
714,662,119,0,93
714,663,119,0,93
714,664,119,0,93
714,665,119,0,93
714,666,119,0,93
714,667,119,0,93
714,668,119,0,93
714,669,119,0,93
714,670,119,0,93
714,671,119,0,93
714,672,119,0,93
714,673,119,0,93
714,674,119,0,93
714,675,119,0,93
714,676,119,0,93
714,677,119,0,93
714,678,119,0,93
714,679,119,0,93
714,680,119,0,93
714,681,119,0,93
714,682,119,0,93
714,683,119,0,93
714,684,119,0,93
714,685,119,0,93
714,686,119,0,93
714,687,119,0,93
714,688,119,0,93
714,689,119,0,93
714,690,119,0,93
714,691,119,0,93
714,692,119,0,93
714,693,119,0,93
714,694,119,0,93
714,695,119,0,93
714,696,119,0,93
714,697,119,0,93
714,698,119,0,93
714,699,119,0,93
714,700,119,0,93
714,701,119,0,93
714,702,119,0,93
714,703,119,0,93
714,704,119,0,93
714,705,119,0,93
714,706,119,0,93
714,707,119,0,93
714,708,119,0,93
714,709,119,0,93
714,710,119,0,93
714,711,119,0,93
714,712,119,0,93
714,713,119,0,93
714,715,119,0,93
714,716,119,0,93
714,717,119,0,93
714,718,119,0,93
714,719,119,0,93
714,720,119,0,93
714,721,119,0,93
714,722,119,0,93
714,723,119,0,93
714,724,119,0,93
