2,718,27,2,0
4,702,29,2,0
5,702,30,2,0
7,646,32,2,0
7,702,6,0,1
8,702,7,0,1
10,651,9,0,1
12,628,11,0,1
14,628,13,0,1
15,718,16,1,0
16,651,15,0,1
17,702,18,1,0
18,702,19,1,0
20,702,45,2,0
21,702,46,2,0
22,651,23,1,0
23,718,48,2,0
24,628,0,1,2
27,718,52,3,0
29,702,54,3,0
30,702,55,3,0
31,646,32,2,1
32,646,646,25,0
32,702,31,1,2
33,702,32,1,2
35,651,34,1,2
37,628,36,1,2
39,628,38,1,2
40,718,41,2,1
41,651,40,1,2
42,702,43,2,1
43,702,44,2,1
44,646,43,1,2
45,702,70,3,0
46,702,71,3,0
47,651,48,2,1
48,718,73,3,0
49,628,25,2,3
52,718,77,3,0
54,702,79,3,0
55,702,80,3,0
56,646,31,0,3
56,680,81,3,0
56,706,57,2,1
57,646,32,0,3
57,680,82,3,0
57,702,56,1,2
57,706,706,85,0
58,680,83,3,0
58,702,57,1,2
59,680,84,3,0
60,651,59,1,2
60,680,85,3,0
62,628,61,1,2
64,628,63,1,2
65,680,90,3,0
65,718,66,2,1
66,651,65,1,2
66,680,91,3,0
67,680,92,3,0
67,702,68,2,1
68,680,93,3,0
68,702,69,2,1
69,646,44,0,3
69,680,94,3,0
69,706,68,1,2
70,702,95,3,0
71,702,96,3,0
72,651,73,2,1
73,718,98,3,0
74,628,50,2,3
77,718,102,3,0
79,702,104,3,0
80,702,105,3,0
81,628,106,3,0
81,684,106,3,0
81,702,106,3,0
81,706,56,0,3
82,628,107,3,0
82,646,57,0,3
82,684,107,3,0
82,702,81,1,2
82,706,57,0,3
83,628,108,3,0
83,684,108,3,0
83,702,82,1,2
84,628,109,3,0
84,684,109,3,0
85,628,110,3,0
85,651,84,1,2
85,684,110,3,0
86,628,111,3,0
86,684,111,3,0
87,628,86,1,2
90,628,115,3,0
90,684,115,3,0
90,718,91,2,1
91,628,116,3,0
91,651,90,1,2
91,684,116,3,0
92,628,117,3,0
92,684,117,3,0
92,702,93,2,1
93,628,118,3,0
93,684,118,3,0
93,702,94,2,1
94,628,119,3,0
94,684,119,3,0
94,702,119,3,0
94,706,69,0,3
95,702,120,3,0
96,702,121,3,0
97,651,98,2,1
98,718,123,3,0
99,628,75,2,3
102,718,127,3,0
104,702,129,3,0
105,702,130,3,0
106,628,107,2,1
106,702,131,3,0
107,628,108,2,1
107,646,82,0,3
107,702,106,1,2
108,628,109,2,1
108,702,107,1,2
109,628,110,2,1
110,628,111,2,1
110,651,109,1,2
111,628,628,7,0
112,628,111,1,2
114,628,113,1,2
115,628,114,1,2
115,718,116,2,1
116,628,115,1,2
116,651,115,1,2
117,628,116,1,2
117,702,118,2,1
118,628,117,1,2
118,702,119,2,1
119,628,118,1,2
119,702,144,3,0
120,702,145,3,0
121,702,146,3,0
122,651,123,2,1
123,718,148,3,0
124,628,100,2,3
127,718,152,3,0
129,702,154,3,0
130,702,155,3,0
131,702,156,3,0
132,646,107,0,3
132,702,131,1,2
133,702,132,1,2
135,651,134,1,2
137,628,136,1,2
139,628,138,1,2
140,718,141,2,1
141,651,140,1,2
142,702,143,2,1
143,702,144,2,1
144,702,169,3,0
145,702,170,3,0
146,702,171,3,0
147,651,148,2,1
148,718,173,3,0
149,628,125,2,3
152,718,177,3,0
154,702,179,3,0
155,702,180,3,0
156,702,181,3,0
157,646,132,0,3
157,702,156,1,2
158,702,157,1,2
160,651,159,1,2
162,628,161,1,2
164,628,163,1,2
165,718,166,2,1
166,651,165,1,2
167,702,168,2,1
168,702,169,2,1
169,702,194,3,0
170,702,195,3,0
171,702,196,3,0
172,651,173,2,1
173,718,198,3,0
174,628,150,2,3
177,718,202,3,0
179,702,204,3,0
180,702,205,3,0
181,702,206,3,0
182,646,157,0,3
182,702,181,1,2
183,702,182,1,2
185,651,184,1,2
187,628,186,1,2
189,628,188,1,2
190,718,191,2,1
191,651,190,1,2
192,702,193,2,1
193,702,194,2,1
194,702,219,3,0
195,702,220,3,0
196,702,221,3,0
197,651,198,2,1
198,718,223,3,0
199,628,175,2,3
202,718,227,3,0
204,702,702,81,0
205,702,204,1,2
206,702,205,1,2
207,646,182,0,3
207,702,206,1,2
208,702,207,1,2
210,651,209,1,2
212,628,211,1,2
214,628,213,1,2
215,718,216,2,1
216,651,215,1,2
217,702,218,2,1
218,702,219,2,1
219,702,220,2,1
220,702,221,2,1
222,651,223,2,1
223,718,248,3,0
224,628,200,2,3
227,718,252,3,0
229,702,204,0,3
230,702,205,0,3
231,691,256,3,0
232,646,207,0,3
232,691,257,3,0
232,702,231,1,2
233,691,258,3,0
233,702,232,1,2
234,691,259,3,0
235,651,234,1,2
235,691,260,3,0
236,691,261,3,0
237,628,236,1,2
237,691,262,3,0
239,628,238,1,2
239,691,264,3,0
240,691,265,3,0
240,718,241,2,1
241,651,240,1,2
241,691,266,3,0
242,691,267,3,0
242,702,243,2,1
243,691,268,3,0
243,702,244,2,1
244,691,269,3,0
245,702,220,0,3
246,702,221,0,3
247,651,248,2,1
248,718,273,3,0
249,628,225,2,3
252,718,277,3,0
254,702,229,0,3
255,702,230,0,3
256,651,231,0,3
257,646,232,0,3
257,651,232,0,3
257,702,256,1,2
258,651,233,0,3
258,702,257,1,2
259,651,234,0,3
260,651,259,1,2
262,628,261,1,2
264,628,263,1,2
265,718,266,2,1
266,651,265,1,2
267,651,242,0,3
267,702,268,2,1
268,651,243,0,3
268,702,269,2,1
269,651,244,0,3
270,702,245,0,3
271,702,246,0,3
272,651,273,2,1
273,718,298,3,0
274,628,250,2,3
277,718,302,3,0
279,702,254,0,3
280,702,255,0,3
282,646,257,0,3
282,702,281,1,2
283,702,282,1,2
285,651,284,1,2
287,628,286,1,2
289,628,288,1,2
290,718,291,2,1
291,651,290,1,2
292,702,293,2,1
293,702,294,2,1
295,702,270,0,3
296,702,271,0,3
297,651,298,2,1
298,718,323,3,0
299,628,275,2,3
302,718,718,97,0
303,718,302,1,2
304,702,279,0,3
305,702,280,0,3
307,646,282,0,3
307,702,306,1,2
308,702,307,1,2
310,651,309,1,2
312,628,311,1,2
314,628,313,1,2
315,718,316,2,1
316,651,315,1,2
317,702,318,2,1
318,702,319,2,1
320,702,295,0,3
321,702,296,0,3
322,651,323,2,1
324,628,300,2,3
327,718,302,0,3
329,702,304,0,3
330,702,305,0,3
332,646,307,0,3
332,702,331,1,2
333,702,332,1,2
335,651,334,1,2
337,628,336,1,2
339,628,338,1,2
340,718,341,2,1
341,651,340,1,2
342,702,343,2,1
343,702,344,2,1
345,702,320,0,3
346,702,321,0,3
347,651,348,2,1
348,718,323,0,3
349,628,325,2,3
352,718,327,0,3
354,702,329,0,3
355,702,330,0,3
356,646,381,3,0
356,680,357,2,1
357,646,382,3,0
357,680,358,2,1
357,702,356,1,2
358,680,359,2,1
358,702,357,1,2
359,680,360,2,1
360,651,359,1,2
360,680,361,2,1
362,628,361,1,2
364,628,363,1,2
365,680,680,59,0
365,718,366,2,1
366,651,365,1,2
366,680,365,1,2
367,680,366,1,2
367,702,368,2,1
368,680,367,1,2
368,702,369,2,1
369,646,394,3,0
369,680,368,1,2
370,702,345,0,3
371,702,346,0,3
372,651,373,2,1
373,718,348,0,3
374,628,350,2,3
377,718,352,0,3
379,702,354,0,3
380,702,355,0,3
381,680,356,0,3
381,684,382,2,1
381,706,406,3,0
382,646,407,3,0
382,680,357,0,3
382,684,383,2,1
382,702,381,1,2
382,706,407,3,0
383,680,358,0,3
383,684,384,2,1
383,702,382,1,2
384,680,359,0,3
384,684,385,2,1
385,651,384,1,2
385,680,360,0,3
385,684,386,2,1
386,684,684,63,0
387,628,386,1,2
389,628,388,1,2
390,680,365,0,3
390,684,389,1,2
390,718,391,2,1
391,651,390,1,2
391,680,366,0,3
391,684,390,1,2
392,680,367,0,3
392,684,391,1,2
392,702,393,2,1
393,680,368,0,3
393,684,392,1,2
393,702,394,2,1
394,680,369,0,3
394,684,393,1,2
394,706,419,3,0
395,702,370,0,3
396,702,371,0,3
397,651,398,2,1
398,718,373,0,3
399,628,375,2,3
402,718,377,0,3
404,702,379,0,3
405,702,380,0,3
406,628,381,0,3
406,684,381,0,3
406,702,381,0,3
407,628,382,0,3
407,646,432,3,0
407,684,382,0,3
407,702,406,1,2
408,628,383,0,3
408,684,383,0,3
408,702,407,1,2
409,628,384,0,3
409,684,384,0,3
410,628,385,0,3
410,651,409,1,2
410,684,385,0,3
411,628,386,0,3
411,684,386,0,3
412,628,411,1,2
414,628,413,1,2
415,628,390,0,3
415,684,390,0,3
415,718,416,2,1
416,628,391,0,3
416,651,415,1,2
416,684,391,0,3
417,628,392,0,3
417,684,392,0,3
417,702,418,2,1
418,628,393,0,3
418,684,393,0,3
418,702,419,2,1
419,628,394,0,3
419,684,394,0,3
419,702,394,0,3
420,702,395,0,3
421,702,396,0,3
422,651,423,2,1
423,718,398,0,3
424,628,400,2,3
427,718,402,0,3
429,702,404,0,3
430,702,405,0,3
431,702,406,0,3
432,646,457,3,0
432,702,431,1,2
433,702,432,1,2
435,651,434,1,2
437,628,436,1,2
439,628,438,1,2
440,718,441,2,1
441,651,440,1,2
442,702,443,2,1
443,702,444,2,1
444,702,419,0,3
445,702,420,0,3
446,702,421,0,3
447,651,448,2,1
448,718,423,0,3
449,628,425,2,3
452,718,427,0,3
454,702,429,0,3
455,702,430,0,3
456,702,431,0,3
457,646,482,3,0
457,702,456,1,2
458,702,457,1,2
460,651,459,1,2
462,628,461,1,2
464,628,463,1,2
465,718,466,2,1
466,651,465,1,2
467,702,468,2,1
468,702,469,2,1
469,702,444,0,3
470,702,445,0,3
471,702,446,0,3
472,651,473,2,1
473,718,448,0,3
474,628,450,2,3
477,718,452,0,3
479,702,454,0,3
480,702,455,0,3
481,702,456,0,3
482,646,507,3,0
482,702,481,1,2
483,702,482,1,2
485,651,484,1,2
487,628,486,1,2
489,628,488,1,2
490,718,491,2,1
491,651,490,1,2
492,702,493,2,1
493,702,494,2,1
494,702,469,0,3
495,702,470,0,3
496,702,471,0,3
497,651,498,2,1
498,718,473,0,3
499,628,475,2,3
502,718,477,0,3
504,702,479,0,3
505,702,480,0,3
506,702,481,0,3
507,646,532,3,0
507,702,506,1,2
508,702,507,1,2
510,651,509,1,2
512,628,511,1,2
514,628,513,1,2
515,718,516,2,1
516,651,515,1,2
517,702,518,2,1
518,702,519,2,1
519,702,494,0,3
520,702,495,0,3
521,702,496,0,3
522,651,523,2,1
523,718,498,0,3
524,628,500,2,3
527,718,502,0,3
529,702,554,3,0
530,702,555,3,0
531,691,532,2,1
532,646,557,3,0
532,691,533,2,1
532,702,531,1,2
533,691,534,2,1
533,702,532,1,2
534,691,535,2,1
535,651,534,1,2
535,691,536,2,1
536,691,537,2,1
537,628,536,1,2
537,691,691,70,0
539,628,538,1,2
539,691,538,1,2
540,691,539,1,2
540,718,541,2,1
541,651,540,1,2
541,691,540,1,2
542,691,541,1,2
542,702,543,2,1
543,691,542,1,2
543,702,544,2,1
544,691,543,1,2
545,702,570,3,0
546,702,571,3,0
547,651,548,2,1
548,718,523,0,3
549,628,525,2,3
552,718,527,0,3
554,702,579,3,0
555,702,580,3,0
556,651,581,3,0
556,691,531,0,3
557,646,582,3,0
557,651,582,3,0
557,691,532,0,3
557,702,556,1,2
558,651,583,3,0
558,691,533,0,3
558,702,557,1,2
559,651,584,3,0
559,691,534,0,3
560,651,559,1,2
560,691,535,0,3
561,691,536,0,3
562,628,561,1,2
562,691,537,0,3
564,628,563,1,2
564,691,539,0,3
565,691,540,0,3
565,718,566,2,1
566,691,541,0,3
567,651,592,3,0
567,691,542,0,3
567,702,568,2,1
568,651,593,3,0
568,691,543,0,3
568,702,569,2,1
569,651,594,3,0
569,691,544,0,3
570,702,595,3,0
571,702,596,3,0
572,651,573,2,1
573,718,548,0,3
574,628,550,2,3
577,718,552,0,3
579,702,604,3,0
580,702,605,3,0
581,651,582,2,1
582,646,607,3,0
582,651,583,2,1
582,702,581,1,2
583,651,584,2,1
583,702,582,1,2
584,651,651,30,0
585,651,584,1,2
587,628,586,1,2
589,628,588,1,2
590,718,591,2,1
591,651,590,1,2
592,651,591,1,2
592,702,593,2,1
593,651,592,1,2
593,702,594,2,1
594,651,593,1,2
595,702,620,3,0
596,702,621,3,0
597,651,598,2,1
598,718,573,0,3
599,628,575,2,3
602,718,577,0,3
604,702,4,3,3
605,702,5,3,3
607,646,7,3,3
607,702,606,1,2
608,702,607,1,2
610,651,609,1,2
612,628,611,1,2
614,628,613,1,2
615,718,616,2,1
616,651,615,1,2
617,702,618,2,1
618,702,619,2,1
620,702,20,3,3
621,702,21,3,3
622,651,623,2,1
623,718,598,0,3
624,628,600,2,3
628,625,111,0,7
628,626,111,0,7
628,627,111,0,7
628,629,111,0,7
628,630,111,0,7
628,631,111,0,7
628,632,111,0,7
628,633,111,0,7
628,634,111,0,7
628,635,111,0,7
628,636,111,0,7
628,637,111,0,7
628,638,111,0,7
628,639,111,0,7
628,640,111,0,7
628,641,111,0,7
628,642,111,0,7
628,643,111,0,7
628,644,111,0,7
628,645,111,0,7
628,646,111,0,7
628,647,111,0,7
628,648,111,0,7
628,649,111,0,7
628,650,111,0,7
628,651,111,0,7
628,652,111,0,7
628,653,111,0,7
628,654,111,0,7
628,655,111,0,7
628,656,111,0,7
628,657,111,0,7
628,658,111,0,7
628,659,111,0,7
628,660,111,0,7
628,661,111,0,7
628,662,111,0,7
628,663,111,0,7
628,664,111,0,7
628,665,111,0,7
628,666,111,0,7
628,667,111,0,7
628,668,111,0,7
628,669,111,0,7
628,670,111,0,7
628,671,111,0,7
628,672,111,0,7
628,673,111,0,7
628,674,111,0,7
628,675,111,0,7
628,676,111,0,7
628,677,111,0,7
628,678,111,0,7
628,679,111,0,7
628,680,111,0,7
628,681,111,0,7
628,682,111,0,7
628,683,111,0,7
628,684,111,0,7
628,685,111,0,7
628,686,111,0,7
628,687,111,0,7
628,688,111,0,7
628,689,111,0,7
628,690,111,0,7
628,691,111,0,7
628,692,111,0,7
628,693,111,0,7
628,694,111,0,7
628,695,111,0,7
628,696,111,0,7
628,697,111,0,7
628,698,111,0,7
628,699,111,0,7
628,700,111,0,7
628,701,111,0,7
628,702,111,0,7
628,703,111,0,7
628,704,111,0,7
628,705,111,0,7
628,706,111,0,7
628,707,111,0,7
628,708,111,0,7
628,709,111,0,7
628,710,111,0,7
628,711,111,0,7
628,712,111,0,7
628,713,111,0,7
628,714,111,0,7
628,715,111,0,7
628,716,111,0,7
628,717,111,0,7
628,718,111,0,7
628,719,111,0,7
628,720,111,0,7
628,721,111,0,7
628,722,111,0,7
628,723,111,0,7
628,724,111,0,7
646,625,32,0,25
646,626,32,0,25
646,627,32,0,25
646,628,32,0,25
646,629,32,0,25
646,630,32,0,25
646,631,32,0,25
646,632,32,0,25
646,633,32,0,25
646,634,32,0,25
646,635,32,0,25
646,636,32,0,25
646,637,32,0,25
646,638,32,0,25
646,639,32,0,25
646,640,32,0,25
646,641,32,0,25
646,642,32,0,25
646,643,32,0,25
646,644,32,0,25
646,645,32,0,25
646,647,32,0,25
646,648,32,0,25
646,649,32,0,25
646,650,32,0,25
646,651,32,0,25
646,652,32,0,25
646,653,32,0,25
646,654,32,0,25
646,655,32,0,25
646,656,32,0,25
646,657,32,0,25
646,658,32,0,25
646,659,32,0,25
646,660,32,0,25
646,661,32,0,25
646,662,32,0,25
646,663,32,0,25
646,664,32,0,25
646,665,32,0,25
646,666,32,0,25
646,667,32,0,25
646,668,32,0,25
646,669,32,0,25
646,670,32,0,25
646,671,32,0,25
646,672,32,0,25
646,673,32,0,25
646,674,32,0,25
646,675,32,0,25
646,676,32,0,25
646,677,32,0,25
646,678,32,0,25
646,679,32,0,25
646,680,32,0,25
646,681,32,0,25
646,682,32,0,25
646,683,32,0,25
646,684,32,0,25
646,685,32,0,25
646,686,32,0,25
646,687,32,0,25
646,688,32,0,25
646,689,32,0,25
646,690,32,0,25
646,691,32,0,25
646,692,32,0,25
646,693,32,0,25
646,694,32,0,25
646,695,32,0,25
646,696,32,0,25
646,697,32,0,25
646,698,32,0,25
646,699,32,0,25
646,700,32,0,25
646,701,32,0,25
646,702,32,0,25
646,703,32,0,25
646,704,32,0,25
646,705,32,0,25
646,706,32,0,25
646,707,32,0,25
646,708,32,0,25
646,709,32,0,25
646,710,32,0,25
646,711,32,0,25
646,712,32,0,25
646,713,32,0,25
646,714,32,0,25
646,715,32,0,25
646,716,32,0,25
646,717,32,0,25
646,718,32,0,25
646,719,32,0,25
646,720,32,0,25
646,721,32,0,25
646,722,32,0,25
646,723,32,0,25
646,724,32,0,25
651,625,584,0,30
651,626,584,0,30
651,627,584,0,30
651,628,584,0,30
651,629,584,0,30
651,630,584,0,30
651,631,584,0,30
651,632,584,0,30
651,633,584,0,30
651,634,584,0,30
651,635,584,0,30
651,636,584,0,30
651,637,584,0,30
651,638,584,0,30
651,639,584,0,30
651,640,584,0,30
651,641,584,0,30
651,642,584,0,30
651,643,584,0,30
651,644,584,0,30
651,645,584,0,30
651,646,584,0,30
651,647,584,0,30
651,648,584,0,30
651,649,584,0,30
651,650,584,0,30
651,652,584,0,30
651,653,584,0,30
651,654,584,0,30
651,655,584,0,30
651,656,584,0,30
651,657,584,0,30
651,658,584,0,30
651,659,584,0,30
651,660,584,0,30
651,661,584,0,30
651,662,584,0,30
651,663,584,0,30
651,664,584,0,30
651,665,584,0,30
651,666,584,0,30
651,667,584,0,30
651,668,584,0,30
651,669,584,0,30
651,670,584,0,30
651,671,584,0,30
651,672,584,0,30
651,673,584,0,30
651,674,584,0,30
651,675,584,0,30
651,676,584,0,30
651,677,584,0,30
651,678,584,0,30
651,679,584,0,30
651,680,584,0,30
651,681,584,0,30
651,682,584,0,30
651,683,584,0,30
651,684,584,0,30
651,685,584,0,30
651,686,584,0,30
651,687,584,0,30
651,688,584,0,30
651,689,584,0,30
651,690,584,0,30
651,691,584,0,30
651,692,584,0,30
651,693,584,0,30
651,694,584,0,30
651,695,584,0,30
651,696,584,0,30
651,697,584,0,30
651,698,584,0,30
651,699,584,0,30
651,700,584,0,30
651,701,584,0,30
651,702,584,0,30
651,703,584,0,30
651,704,584,0,30
651,705,584,0,30
651,706,584,0,30
651,707,584,0,30
651,708,584,0,30
651,709,584,0,30
651,710,584,0,30
651,711,584,0,30
651,712,584,0,30
651,713,584,0,30
651,714,584,0,30
651,715,584,0,30
651,716,584,0,30
651,717,584,0,30
651,718,584,0,30
651,719,584,0,30
651,720,584,0,30
651,721,584,0,30
651,722,584,0,30
651,723,584,0,30
651,724,584,0,30
680,625,365,0,59
680,626,365,0,59
680,627,365,0,59
680,628,365,0,59
680,629,365,0,59
680,630,365,0,59
680,631,365,0,59
680,632,365,0,59
680,633,365,0,59
680,634,365,0,59
680,635,365,0,59
680,636,365,0,59
680,637,365,0,59
680,638,365,0,59
680,639,365,0,59
680,640,365,0,59
680,641,365,0,59
680,642,365,0,59
680,643,365,0,59
680,644,365,0,59
680,645,365,0,59
680,646,365,0,59
680,647,365,0,59
680,648,365,0,59
680,649,365,0,59
680,650,365,0,59
680,651,365,0,59
680,652,365,0,59
680,653,365,0,59
680,654,365,0,59
680,655,365,0,59
680,656,365,0,59
680,657,365,0,59
680,658,365,0,59
680,659,365,0,59
680,660,365,0,59
680,661,365,0,59
680,662,365,0,59
680,663,365,0,59
680,664,365,0,59
680,665,365,0,59
680,666,365,0,59
680,667,365,0,59
680,668,365,0,59
680,669,365,0,59
680,670,365,0,59
680,671,365,0,59
680,672,365,0,59
680,673,365,0,59
680,674,365,0,59
680,675,365,0,59
680,676,365,0,59
680,677,365,0,59
680,678,365,0,59
680,679,365,0,59
680,681,365,0,59
680,682,365,0,59
680,683,365,0,59
680,684,365,0,59
680,685,365,0,59
680,686,365,0,59
680,687,365,0,59
680,688,365,0,59
680,689,365,0,59
680,690,365,0,59
680,691,365,0,59
680,692,365,0,59
680,693,365,0,59
680,694,365,0,59
680,695,365,0,59
680,696,365,0,59
680,697,365,0,59
680,698,365,0,59
680,699,365,0,59
680,700,365,0,59
680,701,365,0,59
680,702,365,0,59
680,703,365,0,59
680,704,365,0,59
680,705,365,0,59
680,706,365,0,59
680,707,365,0,59
680,708,365,0,59
680,709,365,0,59
680,710,365,0,59
680,711,365,0,59
680,712,365,0,59
680,713,365,0,59
680,714,365,0,59
680,715,365,0,59
680,716,365,0,59
680,717,365,0,59
680,718,365,0,59
680,719,365,0,59
680,720,365,0,59
680,721,365,0,59
680,722,365,0,59
680,723,365,0,59
680,724,365,0,59
684,625,386,0,63
684,626,386,0,63
684,627,386,0,63
684,628,386,0,63
684,629,386,0,63
684,630,386,0,63
684,631,386,0,63
684,632,386,0,63
684,633,386,0,63
684,634,386,0,63
684,635,386,0,63
684,636,386,0,63
684,637,386,0,63
684,638,386,0,63
684,639,386,0,63
684,640,386,0,63
684,641,386,0,63
684,642,386,0,63
684,643,386,0,63
684,644,386,0,63
684,645,386,0,63
684,646,386,0,63
684,647,386,0,63
684,648,386,0,63
684,649,386,0,63
684,650,386,0,63
684,651,386,0,63
684,652,386,0,63
684,653,386,0,63
684,654,386,0,63
684,655,386,0,63
684,656,386,0,63
684,657,386,0,63
684,658,386,0,63
684,659,386,0,63
684,660,386,0,63
684,661,386,0,63
684,662,386,0,63
684,663,386,0,63
684,664,386,0,63
684,665,386,0,63
684,666,386,0,63
684,667,386,0,63
684,668,386,0,63
684,669,386,0,63
684,670,386,0,63
684,671,386,0,63
684,672,386,0,63
684,673,386,0,63
684,674,386,0,63
684,675,386,0,63
684,676,386,0,63
684,677,386,0,63
684,678,386,0,63
684,679,386,0,63
684,680,386,0,63
684,681,386,0,63
684,682,386,0,63
684,683,386,0,63
684,685,386,0,63
684,686,386,0,63
684,687,386,0,63
684,688,386,0,63
684,689,386,0,63
684,690,386,0,63
684,691,386,0,63
684,692,386,0,63
684,693,386,0,63
684,694,386,0,63
684,695,386,0,63
684,696,386,0,63
684,697,386,0,63
684,698,386,0,63
684,699,386,0,63
684,700,386,0,63
684,701,386,0,63
684,702,386,0,63
684,703,386,0,63
684,704,386,0,63
684,705,386,0,63
684,706,386,0,63
684,707,386,0,63
684,708,386,0,63
684,709,386,0,63
684,710,386,0,63
684,711,386,0,63
684,712,386,0,63
684,713,386,0,63
684,714,386,0,63
684,715,386,0,63
684,716,386,0,63
684,717,386,0,63
684,718,386,0,63
684,719,386,0,63
684,720,386,0,63
684,721,386,0,63
684,722,386,0,63
684,723,386,0,63
684,724,386,0,63
691,625,537,0,70
691,626,537,0,70
691,627,537,0,70
691,628,537,0,70
691,629,537,0,70
691,630,537,0,70
691,631,537,0,70
691,632,537,0,70
691,633,537,0,70
691,634,537,0,70
691,635,537,0,70
691,636,537,0,70
691,637,537,0,70
691,638,537,0,70
691,639,537,0,70
691,640,537,0,70
691,641,537,0,70
691,642,537,0,70
691,643,537,0,70
691,644,537,0,70
691,645,537,0,70
691,646,537,0,70
691,647,537,0,70
691,648,537,0,70
691,649,537,0,70
691,650,537,0,70
691,651,537,0,70
691,652,537,0,70
691,653,537,0,70
691,654,537,0,70
691,655,537,0,70
691,656,537,0,70
691,657,537,0,70
691,658,537,0,70
691,659,537,0,70
691,660,537,0,70
691,661,537,0,70
691,662,537,0,70
691,663,537,0,70
691,664,537,0,70
691,665,537,0,70
691,666,537,0,70
691,667,537,0,70
691,668,537,0,70
691,669,537,0,70
691,670,537,0,70
691,671,537,0,70
691,672,537,0,70
691,673,537,0,70
691,674,537,0,70
691,675,537,0,70
691,676,537,0,70
691,677,537,0,70
691,678,537,0,70
691,679,537,0,70
691,680,537,0,70
691,681,537,0,70
691,682,537,0,70
691,683,537,0,70
691,684,537,0,70
691,685,537,0,70
691,686,537,0,70
691,687,537,0,70
691,688,537,0,70
691,689,537,0,70
691,690,537,0,70
691,692,537,0,70
691,693,537,0,70
691,694,537,0,70
691,695,537,0,70
691,696,537,0,70
691,697,537,0,70
691,698,537,0,70
691,699,537,0,70
691,700,537,0,70
691,701,537,0,70
691,702,537,0,70
691,703,537,0,70
691,704,537,0,70
691,705,537,0,70
691,706,537,0,70
691,707,537,0,70
691,708,537,0,70
691,709,537,0,70
691,710,537,0,70
691,711,537,0,70
691,712,537,0,70
691,713,537,0,70
691,714,537,0,70
691,715,537,0,70
691,716,537,0,70
691,717,537,0,70
691,718,537,0,70
691,719,537,0,70
691,720,537,0,70
691,721,537,0,70
691,722,537,0,70
691,723,537,0,70
691,724,537,0,70
702,625,204,0,81
702,626,204,0,81
702,627,204,0,81
702,628,204,0,81
702,629,204,0,81
702,630,204,0,81
702,631,204,0,81
702,632,204,0,81
702,633,204,0,81
702,634,204,0,81
702,635,204,0,81
702,636,204,0,81
702,637,204,0,81
702,638,204,0,81
702,639,204,0,81
702,640,204,0,81
702,641,204,0,81
702,642,204,0,81
702,643,204,0,81
702,644,204,0,81
702,645,204,0,81
702,646,204,0,81
702,647,204,0,81
702,648,204,0,81
702,649,204,0,81
702,650,204,0,81
702,651,204,0,81
702,652,204,0,81
702,653,204,0,81
702,654,204,0,81
702,655,204,0,81
702,656,204,0,81
702,657,204,0,81
702,658,204,0,81
702,659,204,0,81
702,660,204,0,81
702,661,204,0,81
702,662,204,0,81
702,663,204,0,81
702,664,204,0,81
702,665,204,0,81
702,666,204,0,81
702,667,204,0,81
702,668,204,0,81
702,669,204,0,81
702,670,204,0,81
702,671,204,0,81
702,672,204,0,81
702,673,204,0,81
702,674,204,0,81
702,675,204,0,81
702,676,204,0,81
702,677,204,0,81
702,678,204,0,81
702,679,204,0,81
702,680,204,0,81
702,681,204,0,81
702,682,204,0,81
702,683,204,0,81
702,684,204,0,81
702,685,204,0,81
702,686,204,0,81
702,687,204,0,81
702,688,204,0,81
702,689,204,0,81
702,690,204,0,81
702,691,204,0,81
702,692,204,0,81
702,693,204,0,81
702,694,204,0,81
702,695,204,0,81
702,696,204,0,81
702,697,204,0,81
702,698,204,0,81
702,699,204,0,81
702,700,204,0,81
702,701,204,0,81
702,703,204,0,81
702,704,204,0,81
702,705,204,0,81
702,706,204,0,81
702,707,204,0,81
702,708,204,0,81
702,709,204,0,81
702,710,204,0,81
702,711,204,0,81
702,712,204,0,81
702,713,204,0,81
702,714,204,0,81
702,715,204,0,81
702,716,204,0,81
702,717,204,0,81
702,718,204,0,81
702,719,204,0,81
702,720,204,0,81
702,721,204,0,81
702,722,204,0,81
702,723,204,0,81
702,724,204,0,81
706,625,57,0,85
706,626,57,0,85
706,627,57,0,85
706,628,57,0,85
706,629,57,0,85
706,630,57,0,85
706,631,57,0,85
706,632,57,0,85
706,633,57,0,85
706,634,57,0,85
706,635,57,0,85
706,636,57,0,85
706,637,57,0,85
706,638,57,0,85
706,639,57,0,85
706,640,57,0,85
706,641,57,0,85
706,642,57,0,85
706,643,57,0,85
706,644,57,0,85
706,645,57,0,85
706,646,57,0,85
706,647,57,0,85
706,648,57,0,85
706,649,57,0,85
706,650,57,0,85
706,651,57,0,85
706,652,57,0,85
706,653,57,0,85
706,654,57,0,85
706,655,57,0,85
706,656,57,0,85
706,657,57,0,85
706,658,57,0,85
706,659,57,0,85
706,660,57,0,85
706,661,57,0,85
706,662,57,0,85
706,663,57,0,85
706,664,57,0,85
706,665,57,0,85
706,666,57,0,85
706,667,57,0,85
706,668,57,0,85
706,669,57,0,85
706,670,57,0,85
706,671,57,0,85
706,672,57,0,85
706,673,57,0,85
706,674,57,0,85
706,675,57,0,85
706,676,57,0,85
706,677,57,0,85
706,678,57,0,85
706,679,57,0,85
706,680,57,0,85
706,681,57,0,85
706,682,57,0,85
706,683,57,0,85
706,684,57,0,85
706,685,57,0,85
706,686,57,0,85
706,687,57,0,85
706,688,57,0,85
706,689,57,0,85
706,690,57,0,85
706,691,57,0,85
706,692,57,0,85
706,693,57,0,85
706,694,57,0,85
706,695,57,0,85
706,696,57,0,85
706,697,57,0,85
706,698,57,0,85
706,699,57,0,85
706,700,57,0,85
706,701,57,0,85
706,702,57,0,85
706,703,57,0,85
706,704,57,0,85
706,705,57,0,85
706,707,57,0,85
706,708,57,0,85
706,709,57,0,85
706,710,57,0,85
706,711,57,0,85
706,712,57,0,85
706,713,57,0,85
706,714,57,0,85
706,715,57,0,85
706,716,57,0,85
706,717,57,0,85
706,718,57,0,85
706,719,57,0,85
706,720,57,0,85
706,721,57,0,85
706,722,57,0,85
706,723,57,0,85
706,724,57,0,85
718,625,302,0,97
718,626,302,0,97
718,627,302,0,97
718,628,302,0,97
718,629,302,0,97
718,630,302,0,97
718,631,302,0,97
718,632,302,0,97
718,633,302,0,97
718,634,302,0,97
718,635,302,0,97
718,636,302,0,97
718,637,302,0,97
718,638,302,0,97
718,639,302,0,97
718,640,302,0,97
718,641,302,0,97
718,642,302,0,97
718,643,302,0,97
718,644,302,0,97
718,645,302,0,97
718,646,302,0,97
718,647,302,0,97
718,648,302,0,97
718,649,302,0,97
718,650,302,0,97
718,651,302,0,97
718,652,302,0,97
718,653,302,0,97
718,654,302,0,97
718,655,302,0,97
718,656,302,0,97
718,657,302,0,97
718,658,302,0,97
718,659,302,0,97
718,660,302,0,97
718,661,302,0,97
718,662,302,0,97
718,663,302,0,97
718,664,302,0,97
718,665,302,0,97
718,666,302,0,97
718,667,302,0,97
718,668,302,0,97
718,669,302,0,97
718,670,302,0,97
718,671,302,0,97
718,672,302,0,97
718,673,302,0,97
718,674,302,0,97
718,675,302,0,97
718,676,302,0,97
718,677,302,0,97
718,678,302,0,97
718,679,302,0,97
718,680,302,0,97
718,681,302,0,97
718,682,302,0,97
718,683,302,0,97
718,684,302,0,97
718,685,302,0,97
718,686,302,0,97
718,687,302,0,97
718,688,302,0,97
718,689,302,0,97
718,690,302,0,97
718,691,302,0,97
718,692,302,0,97
718,693,302,0,97
718,694,302,0,97
718,695,302,0,97
718,696,302,0,97
718,697,302,0,97
718,698,302,0,97
718,699,302,0,97
718,700,302,0,97
718,701,302,0,97
718,702,302,0,97
718,703,302,0,97
718,704,302,0,97
718,705,302,0,97
718,706,302,0,97
718,707,302,0,97
718,708,302,0,97
718,709,302,0,97
718,710,302,0,97
718,711,302,0,97
718,712,302,0,97
718,713,302,0,97
718,714,302,0,97
718,715,302,0,97
718,716,302,0,97
718,717,302,0,97
718,719,302,0,97
718,720,302,0,97
718,721,302,0,97
718,722,302,0,97
718,723,302,0,97
718,724,302,0,97
