0,635,25,1,0
0,684,24,2,1
0,688,24,2,1
1,653,2,1,0
3,635,28,2,0
3,684,4,1,0
4,625,625,4,0
4,635,29,2,0
4,684,5,1,0
4,688,5,1,0
5,625,4,0,1
5,635,30,2,0
5,674,30,2,0
5,684,6,1,0
5,687,6,1,0
5,688,6,1,0
6,625,5,0,1
6,632,7,1,0
6,635,31,2,0
6,674,31,2,0
6,684,7,1,0
6,688,7,1,0
6,694,31,2,0
7,625,6,0,1
7,632,8,1,0
7,635,32,2,0
7,674,32,2,0
7,684,8,1,0
7,688,8,1,0
7,694,32,2,0
7,703,8,1,0
8,625,7,0,1
8,632,33,2,0
8,635,33,2,0
8,674,33,2,0
8,684,608,3,3
8,688,608,3,3
8,703,608,3,3
9,625,8,0,1
9,632,34,2,0
9,635,8,0,1
9,674,8,0,1
9,684,609,3,3
9,688,609,3,3
9,694,8,0,1
9,701,8,0,1
9,703,609,3,3
10,625,9,0,1
10,632,35,2,0
10,635,9,0,1
10,674,9,0,1
10,684,610,3,3
10,688,610,3,3
10,703,610,3,3
11,625,10,0,1
11,635,10,0,1
11,674,10,0,1
11,684,611,3,3
11,687,611,3,3
11,688,611,3,3
12,625,11,0,1
12,635,11,0,1
12,684,612,3,3
12,688,612,3,3
13,635,12,0,1
13,684,613,3,3
14,653,13,0,1
15,653,14,0,1
16,635,17,1,0
16,684,616,3,3
16,688,616,3,3
17,625,18,1,0
17,635,18,1,0
17,684,617,3,3
17,687,617,3,3
17,688,617,3,3
18,625,19,1,0
18,632,43,2,0
18,635,19,1,0
18,674,19,1,0
18,684,618,3,3
18,688,618,3,3
19,625,20,1,0
19,632,44,2,0
19,635,20,1,0
19,674,20,1,0
19,684,619,3,3
19,688,619,3,3
19,694,20,1,0
19,703,619,3,3
20,625,21,1,0
20,632,45,2,0
20,635,21,1,0
20,674,21,1,0
20,684,620,3,3
20,688,620,3,3
20,694,21,1,0
20,701,19,0,1
20,703,620,3,3
21,625,22,1,0
21,632,46,2,0
21,635,46,2,0
21,674,46,2,0
21,684,621,3,3
21,688,621,3,3
21,701,22,1,0
21,703,621,3,3
22,625,23,1,0
22,632,21,0,1
22,635,47,2,0
22,674,47,2,0
22,684,21,0,1
22,688,21,0,1
22,694,47,2,0
22,703,21,0,1
23,625,24,1,0
23,632,22,0,1
23,635,48,2,0
23,674,48,2,0
23,684,22,0,1
23,688,22,0,1
24,625,0,1,2
24,635,49,2,0
24,684,23,0,1
24,688,23,0,1
25,635,50,2,0
25,684,49,3,2
25,688,49,3,2
26,653,27,2,1
28,635,53,3,0
28,684,29,2,1
29,625,4,0,2
29,635,54,3,0
29,684,30,2,1
29,688,30,2,1
30,625,5,0,2
30,635,55,3,0
30,674,55,3,0
30,684,31,2,1
30,687,31,2,1
30,688,31,2,1
31,625,6,0,2
31,632,32,2,1
31,635,56,3,0
31,674,56,3,0
31,684,32,2,1
31,688,32,2,1
31,694,56,3,0
32,625,7,0,2
32,632,33,2,1
32,635,57,3,0
32,674,57,3,0
32,684,33,2,1
32,688,33,2,1
32,694,57,3,0
32,703,33,2,1
33,632,58,3,0
33,635,58,3,0
33,674,58,3,0
33,684,8,0,2
33,688,8,0,2
33,701,58,3,0
33,703,8,0,2
34,625,33,1,2
34,632,59,3,0
34,635,33,1,2
34,674,33,1,2
34,684,9,0,2
34,688,9,0,2
34,694,33,1,2
34,701,33,1,2
34,703,9,0,2
35,625,34,1,2
35,632,60,3,0
35,635,34,1,2
35,674,34,1,2
35,684,10,0,2
35,688,10,0,2
35,703,10,0,2
36,625,35,1,2
36,635,35,1,2
36,674,35,1,2
36,684,11,0,2
36,687,11,0,2
36,688,11,0,2
37,625,36,1,2
37,635,36,1,2
37,684,12,0,2
37,688,12,0,2
38,635,37,1,2
38,684,13,0,2
39,653,38,1,2
40,653,39,1,2
41,635,42,2,1
41,684,16,0,2
41,688,16,0,2
42,625,43,2,1
42,635,43,2,1
42,684,17,0,2
42,687,17,0,2
42,688,17,0,2
43,625,44,2,1
43,632,68,3,0
43,635,44,2,1
43,674,44,2,1
43,684,18,0,2
43,688,18,0,2
44,625,45,2,1
44,632,69,3,0
44,635,45,2,1
44,674,45,2,1
44,684,19,0,2
44,688,19,0,2
44,694,45,2,1
44,703,19,0,2
45,625,46,2,1
45,632,70,3,0
45,635,46,2,1
45,674,46,2,1
45,684,20,0,2
45,688,20,0,2
45,694,46,2,1
45,703,20,0,2
46,632,71,3,0
46,635,71,3,0
46,674,71,3,0
46,684,21,0,2
46,688,21,0,2
46,701,47,2,1
46,703,21,0,2
47,625,22,0,2
47,632,46,1,2
47,635,72,3,0
47,674,72,3,0
47,684,46,1,2
47,688,46,1,2
47,694,72,3,0
47,703,46,1,2
48,625,23,0,2
48,632,47,1,2
48,635,73,3,0
48,674,73,3,0
48,684,47,1,2
48,688,47,1,2
49,625,24,0,2
49,635,74,3,0
49,684,48,1,2
49,688,48,1,2
50,635,75,2,0
50,684,74,3,2
50,688,74,3,2
51,653,52,2,1
53,635,78,3,0
53,684,54,2,1
54,625,29,0,3
54,635,79,3,0
54,684,55,2,1
54,688,55,2,1
55,625,30,0,3
55,635,80,3,0
55,674,80,3,0
55,684,56,2,1
55,687,56,2,1
55,688,56,2,1
56,625,31,0,3
56,632,57,2,1
56,635,81,3,0
56,674,81,3,0
56,684,57,2,1
56,688,57,2,1
56,694,81,3,0
57,625,32,0,3
57,632,58,2,1
57,635,82,3,0
57,674,82,3,0
57,684,58,2,1
57,688,58,2,1
57,694,82,3,0
57,703,58,2,1
58,632,83,3,0
58,635,83,3,0
58,674,83,3,0
58,687,33,0,3
58,688,33,0,3
58,701,701,80,0
58,703,33,0,3
59,625,58,1,2
59,632,84,3,0
59,635,58,1,2
59,674,58,1,2
59,684,34,0,3
59,687,34,0,3
59,688,34,0,3
59,694,58,1,2
59,701,58,1,2
59,703,34,0,3
60,625,59,1,2
60,632,85,3,0
60,635,59,1,2
60,674,59,1,2
60,684,35,0,3
60,687,35,0,3
60,688,35,0,3
60,703,35,0,3
61,625,60,1,2
61,635,60,1,2
61,674,60,1,2
61,684,36,0,3
61,687,36,0,3
61,688,36,0,3
62,625,61,1,2
62,635,61,1,2
62,684,37,0,3
62,688,37,0,3
63,635,62,1,2
63,684,38,0,3
64,653,63,1,2
65,653,64,1,2
66,635,67,2,1
66,684,41,0,3
66,688,41,0,3
67,625,68,2,1
67,635,68,2,1
67,684,42,0,3
67,687,42,0,3
67,688,42,0,3
68,625,69,2,1
68,632,93,3,0
68,635,69,2,1
68,674,69,2,1
68,684,43,0,3
68,687,43,0,3
68,688,43,0,3
69,625,70,2,1
69,632,94,3,0
69,635,70,2,1
69,674,70,2,1
69,684,44,0,3
69,687,44,0,3
69,688,44,0,3
69,694,70,2,1
69,703,44,0,3
70,625,71,2,1
70,632,95,3,0
70,635,71,2,1
70,674,71,2,1
70,684,45,0,3
70,687,45,0,3
70,688,45,0,3
70,694,71,2,1
70,701,69,1,2
70,703,45,0,3
71,632,96,3,0
71,635,96,3,0
71,674,96,3,0
71,687,46,0,3
71,688,46,0,3
71,701,72,2,1
71,703,46,0,3
72,625,47,0,3
72,632,71,1,2
72,635,97,3,0
72,674,97,3,0
72,684,71,1,2
72,688,71,1,2
72,694,97,3,0
72,703,71,1,2
73,625,48,0,3
73,632,72,1,2
73,635,98,3,0
73,674,98,3,0
73,684,72,1,2
73,688,72,1,2
74,625,49,0,3
74,635,99,3,0
74,684,73,1,2
74,688,73,1,2
75,635,100,2,0
75,684,99,3,2
75,688,99,3,2
76,653,77,2,1
78,635,103,3,0
78,684,79,2,1
79,625,54,0,3
79,635,104,3,0
79,684,80,2,1
79,688,80,2,1
80,625,55,0,3
80,635,105,3,0
80,674,105,3,0
80,684,81,2,1
80,687,81,2,1
80,688,81,2,1
81,625,56,0,3
81,632,82,2,1
81,635,106,3,0
81,674,106,3,0
81,684,82,2,1
81,688,82,2,1
81,694,106,3,0
82,625,57,0,3
82,632,83,2,1
82,635,107,3,0
82,674,107,3,0
82,684,83,2,1
82,688,83,2,1
82,694,107,3,0
82,703,83,2,1
83,625,58,0,3
83,632,84,2,1
83,635,108,3,0
83,674,108,3,0
83,684,108,3,0
83,688,58,0,3
83,694,108,3,0
83,703,58,0,3
83,706,108,3,0
84,625,83,1,2
84,632,85,2,1
84,635,83,1,2
84,674,83,1,2
84,684,109,3,0
84,688,59,0,3
84,694,83,1,2
84,701,83,1,2
84,703,59,0,3
85,625,84,1,2
85,632,86,2,1
85,635,84,1,2
85,674,84,1,2
85,684,110,3,0
85,688,60,0,3
85,703,60,0,3
86,625,85,1,2
86,635,85,1,2
86,674,85,1,2
86,684,111,3,0
86,687,111,3,0
86,688,61,0,3
87,625,86,1,2
87,635,86,1,2
87,684,112,3,0
87,688,62,0,3
88,635,87,1,2
88,684,113,3,0
89,653,88,1,2
90,653,89,1,2
91,635,92,2,1
91,684,116,3,0
91,688,66,0,3
92,625,93,2,1
92,635,93,2,1
92,684,117,3,0
92,687,117,3,0
92,688,67,0,3
93,625,94,2,1
93,632,632,11,0
93,635,94,2,1
93,674,94,2,1
93,684,118,3,0
93,688,68,0,3
94,625,95,2,1
94,632,93,1,2
94,635,95,2,1
94,674,95,2,1
94,684,119,3,0
94,688,69,0,3
94,694,95,2,1
94,703,69,0,3
95,625,96,2,1
95,632,94,1,2
95,635,96,2,1
95,674,96,2,1
95,684,120,3,0
95,688,70,0,3
95,694,96,2,1
95,701,94,1,2
95,703,70,0,3
96,625,71,0,3
96,632,95,1,2
96,635,121,3,0
96,674,121,3,0
96,684,121,3,0
96,688,71,0,3
96,694,121,3,0
96,701,97,2,1
96,703,71,0,3
97,625,72,0,3
97,632,96,1,2
97,635,122,3,0
97,674,122,3,0
97,684,96,1,2
97,688,96,1,2
97,694,122,3,0
97,703,96,1,2
98,625,73,0,3
98,632,97,1,2
98,635,123,3,0
98,674,123,3,0
98,684,97,1,2
98,688,97,1,2
99,625,74,0,3
99,635,124,3,0
99,684,98,1,2
99,688,98,1,2
100,635,125,2,0
100,684,124,3,2
100,688,124,3,2
101,653,102,2,1
103,635,128,3,0
103,684,104,2,1
104,625,79,0,3
104,635,129,3,0
104,684,105,2,1
104,688,105,2,1
105,625,80,0,3
105,635,130,3,0
105,674,130,3,0
105,684,106,2,1
105,687,106,2,1
105,688,106,2,1
106,625,81,0,3
106,632,107,2,1
106,635,131,3,0
106,674,131,3,0
106,684,107,2,1
106,688,107,2,1
106,694,131,3,0
107,625,82,0,3
107,632,108,2,1
107,635,132,3,0
107,674,132,3,0
107,684,108,2,1
107,688,108,2,1
107,694,132,3,0
107,703,108,2,1
108,625,83,0,3
108,635,133,3,0
108,674,133,3,0
108,684,133,3,0
108,694,133,3,0
108,703,83,0,3
108,706,706,85,0
109,625,108,1,2
109,632,84,0,3
109,635,108,1,2
109,674,108,1,2
109,684,134,3,0
109,688,134,3,0
109,694,108,1,2
109,701,108,1,2
109,703,84,0,3
110,625,109,1,2
110,632,85,0,3
110,635,109,1,2
110,674,109,1,2
110,684,135,3,0
110,688,135,3,0
110,703,85,0,3
111,625,110,1,2
111,635,110,1,2
111,674,110,1,2
111,684,136,3,0
111,687,136,3,0
111,688,136,3,0
112,625,111,1,2
112,635,111,1,2
112,684,137,3,0
112,688,137,3,0
113,635,112,1,2
113,684,138,3,0
114,653,113,1,2
115,653,114,1,2
116,635,117,2,1
116,684,141,3,0
116,688,141,3,0
117,625,118,2,1
117,635,118,2,1
117,684,142,3,0
117,687,142,3,0
117,688,142,3,0
118,625,119,2,1
118,632,93,0,3
118,635,119,2,1
118,674,119,2,1
118,684,143,3,0
118,688,143,3,0
119,625,120,2,1
119,632,94,0,3
119,635,120,2,1
119,674,120,2,1
119,684,144,3,0
119,688,144,3,0
119,694,120,2,1
119,703,94,0,3
120,625,121,2,1
120,632,95,0,3
120,635,121,2,1
120,674,121,2,1
120,684,145,3,0
120,688,145,3,0
120,694,121,2,1
120,701,119,1,2
120,703,95,0,3
121,625,96,0,3
121,635,146,3,0
121,674,146,3,0
121,684,146,3,0
121,694,146,3,0
121,701,122,2,1
121,703,96,0,3
122,625,97,0,3
122,632,121,1,2
122,635,147,3,0
122,674,147,3,0
122,684,121,1,2
122,688,121,1,2
122,694,147,3,0
122,703,121,1,2
123,625,98,0,3
123,632,122,1,2
123,635,148,3,0
123,674,148,3,0
123,684,122,1,2
123,688,122,1,2
124,625,99,0,3
124,635,149,3,0
124,684,123,1,2
124,688,123,1,2
125,635,150,2,0
125,684,149,3,2
125,688,149,3,2
126,653,127,2,1
128,635,153,3,0
128,684,129,2,1
129,625,104,0,3
129,635,154,3,0
129,684,130,2,1
129,688,130,2,1
130,625,105,0,3
130,635,155,3,0
130,674,155,3,0
130,684,131,2,1
130,687,131,2,1
130,688,131,2,1
131,625,106,0,3
131,632,132,2,1
131,635,156,3,0
131,674,156,3,0
131,684,132,2,1
131,688,132,2,1
131,694,156,3,0
132,625,107,0,3
132,632,133,2,1
132,635,157,3,0
132,674,157,3,0
132,684,133,2,1
132,688,133,2,1
132,694,157,3,0
132,703,133,2,1
133,625,108,0,3
133,635,158,3,0
133,674,158,3,0
133,684,158,3,0
133,688,158,3,0
133,694,158,3,0
134,625,133,1,2
134,632,109,0,3
134,635,133,1,2
134,674,133,1,2
134,684,159,3,0
134,688,159,3,0
134,694,133,1,2
134,701,133,1,2
134,703,109,0,3
135,625,134,1,2
135,632,110,0,3
135,635,134,1,2
135,674,134,1,2
135,684,160,3,0
135,688,160,3,0
135,703,110,0,3
136,625,135,1,2
136,635,135,1,2
136,674,135,1,2
136,684,161,3,0
136,687,161,3,0
136,688,161,3,0
137,625,136,1,2
137,635,136,1,2
137,684,162,3,0
137,688,162,3,0
138,635,137,1,2
138,684,163,3,0
139,653,138,1,2
140,653,139,1,2
141,635,142,2,1
141,684,166,3,0
141,688,166,3,0
142,625,143,2,1
142,635,143,2,1
142,684,167,3,0
142,687,167,3,0
142,688,167,3,0
143,625,144,2,1
143,632,118,0,3
143,635,144,2,1
143,674,144,2,1
143,684,168,3,0
143,688,168,3,0
144,625,145,2,1
144,632,119,0,3
144,635,145,2,1
144,674,145,2,1
144,684,169,3,0
144,688,169,3,0
144,694,145,2,1
144,703,119,0,3
145,625,146,2,1
145,632,120,0,3
145,635,146,2,1
145,674,146,2,1
145,684,170,3,0
145,688,170,3,0
145,694,146,2,1
145,701,144,1,2
145,703,120,0,3
146,625,121,0,3
146,635,171,3,0
146,674,171,3,0
146,684,171,3,0
146,688,171,3,0
146,694,171,3,0
146,701,147,2,1
147,625,122,0,3
147,632,146,1,2
147,635,172,3,0
147,674,172,3,0
147,684,146,1,2
147,688,146,1,2
147,694,172,3,0
147,703,146,1,2
148,625,123,0,3
148,632,147,1,2
148,635,173,3,0
148,674,173,3,0
148,684,147,1,2
148,688,147,1,2
149,625,124,0,3
149,635,174,3,0
149,684,148,1,2
149,688,148,1,2
150,635,175,2,0
150,684,174,3,2
150,688,174,3,2
151,653,152,2,1
153,635,178,3,0
153,684,154,2,1
154,625,129,0,3
154,635,179,3,0
154,684,155,2,1
154,688,155,2,1
155,625,130,0,3
155,635,180,3,0
155,674,180,3,0
155,684,156,2,1
155,687,156,2,1
155,688,156,2,1
156,625,131,0,3
156,632,157,2,1
156,635,181,3,0
156,674,181,3,0
156,684,157,2,1
156,688,157,2,1
156,694,181,3,0
157,625,132,0,3
157,632,158,2,1
157,635,182,3,0
157,674,182,3,0
157,684,158,2,1
157,688,158,2,1
157,694,182,3,0
157,703,158,2,1
158,625,133,0,3
158,635,183,3,0
158,652,159,2,1
158,674,183,3,0
158,684,183,3,0
158,688,183,3,0
158,694,183,3,0
159,625,158,1,2
159,632,134,0,3
159,635,158,1,2
159,652,160,2,1
159,674,158,1,2
159,684,184,3,0
159,688,184,3,0
159,694,158,1,2
159,701,158,1,2
159,703,134,0,3
160,625,159,1,2
160,632,135,0,3
160,635,159,1,2
160,652,652,31,0
160,674,159,1,2
160,684,185,3,0
160,688,185,3,0
160,703,135,0,3
161,625,160,1,2
161,635,160,1,2
161,674,160,1,2
161,684,186,3,0
161,687,186,3,0
161,688,186,3,0
162,625,161,1,2
162,635,161,1,2
162,684,187,3,0
162,688,187,3,0
163,635,162,1,2
163,684,188,3,0
164,653,163,1,2
165,653,164,1,2
166,635,167,2,1
166,684,191,3,0
166,688,191,3,0
167,625,168,2,1
167,635,168,2,1
167,684,192,3,0
167,687,192,3,0
167,688,192,3,0
168,625,169,2,1
168,632,143,0,3
168,635,169,2,1
168,674,169,2,1
168,684,193,3,0
168,688,193,3,0
169,625,170,2,1
169,632,144,0,3
169,635,170,2,1
169,652,168,1,2
169,674,170,2,1
169,684,194,3,0
169,688,194,3,0
169,694,170,2,1
169,703,144,0,3
170,625,171,2,1
170,632,145,0,3
170,635,171,2,1
170,652,169,1,2
170,674,171,2,1
170,684,195,3,0
170,688,195,3,0
170,694,171,2,1
170,701,169,1,2
170,703,145,0,3
171,625,146,0,3
171,635,196,3,0
171,652,170,1,2
171,674,196,3,0
171,684,196,3,0
171,688,196,3,0
171,694,196,3,0
171,701,172,2,1
172,625,147,0,3
172,632,171,1,2
172,635,197,3,0
172,674,197,3,0
172,684,171,1,2
172,688,171,1,2
172,694,197,3,0
172,703,171,1,2
173,625,148,0,3
173,632,172,1,2
173,635,198,3,0
173,674,198,3,0
173,684,172,1,2
173,688,172,1,2
174,625,149,0,3
174,635,199,3,0
174,684,173,1,2
174,688,173,1,2
175,635,200,2,0
175,684,199,3,2
175,688,199,3,2
176,653,177,2,1
178,635,203,3,0
178,684,179,2,1
179,625,154,0,3
179,635,204,3,0
179,684,180,2,1
179,688,180,2,1
180,625,155,0,3
180,635,205,3,0
180,674,674,53,0
180,684,181,2,1
180,687,181,2,1
180,688,181,2,1
181,625,156,0,3
181,632,182,2,1
181,635,206,3,0
181,674,180,1,2
181,684,182,2,1
181,688,182,2,1
181,694,694,73,0
182,625,157,0,3
182,632,183,2,1
182,635,207,3,0
182,674,181,1,2
182,684,183,2,1
182,688,183,2,1
182,694,181,1,2
182,703,183,2,1
183,625,158,0,3
183,635,208,3,0
183,652,158,0,3
183,674,182,1,2
183,684,208,3,0
183,688,208,3,0
183,694,182,1,2
184,625,183,1,2
184,632,159,0,3
184,635,183,1,2
184,652,159,0,3
184,674,183,1,2
184,684,209,3,0
184,688,209,3,0
184,694,183,1,2
184,701,183,1,2
184,703,159,0,3
185,625,184,1,2
185,632,160,0,3
185,635,184,1,2
185,652,160,0,3
185,674,184,1,2
185,684,210,3,0
185,688,210,3,0
185,703,160,0,3
186,625,185,1,2
186,635,185,1,2
186,674,185,1,2
186,684,211,3,0
186,687,211,3,0
186,688,211,3,0
187,625,186,1,2
187,635,186,1,2
187,684,212,3,0
187,688,212,3,0
188,635,187,1,2
188,684,213,3,0
189,653,188,1,2
190,653,189,1,2
191,635,192,2,1
191,684,216,3,0
191,688,216,3,0
192,625,193,2,1
192,635,193,2,1
192,684,217,3,0
192,687,217,3,0
192,688,217,3,0
193,625,194,2,1
193,632,168,0,3
193,635,194,2,1
193,674,194,2,1
193,684,218,3,0
193,688,218,3,0
194,625,195,2,1
194,632,169,0,3
194,635,195,2,1
194,652,169,0,3
194,674,195,2,1
194,684,219,3,0
194,688,219,3,0
194,694,195,2,1
194,703,169,0,3
195,625,196,2,1
195,632,170,0,3
195,635,196,2,1
195,652,170,0,3
195,674,196,2,1
195,684,220,3,0
195,688,220,3,0
195,694,196,2,1
195,701,194,1,2
195,703,170,0,3
196,625,171,0,3
196,635,221,3,0
196,652,171,0,3
196,674,197,2,1
196,684,221,3,0
196,688,221,3,0
196,694,197,2,1
196,701,197,2,1
197,625,172,0,3
197,632,196,1,2
197,635,222,3,0
197,674,198,2,1
197,684,196,1,2
197,688,196,1,2
197,703,196,1,2
198,625,173,0,3
198,632,197,1,2
198,635,223,3,0
198,674,199,2,1
198,684,197,1,2
198,688,197,1,2
199,625,174,0,3
199,635,224,3,0
199,684,198,1,2
199,688,198,1,2
200,635,201,1,1
200,684,224,3,2
200,688,224,3,2
201,653,202,2,1
203,635,635,14,0
203,684,204,2,1
204,625,179,0,3
204,635,203,1,2
204,684,205,2,1
204,688,205,2,1
205,625,180,0,3
205,635,204,1,2
205,674,180,0,3
205,684,206,2,1
205,687,206,2,1
205,688,206,2,1
206,625,181,0,3
206,632,207,2,1
206,635,205,1,2
206,674,181,0,3
206,684,207,2,1
206,688,207,2,1
206,694,181,0,3
207,625,182,0,3
207,632,208,2,1
207,635,206,1,2
207,674,182,0,3
207,684,208,2,1
207,688,208,2,1
207,694,182,0,3
207,703,208,2,1
208,625,183,0,3
208,635,207,1,2
208,684,233,3,0
208,688,233,3,0
209,625,208,1,2
209,632,184,0,3
209,635,208,1,2
209,674,208,1,2
209,684,234,3,0
209,688,234,3,0
209,694,208,1,2
209,701,208,1,2
209,703,184,0,3
210,625,209,1,2
210,632,185,0,3
210,635,209,1,2
210,674,209,1,2
210,684,235,3,0
210,688,235,3,0
210,703,185,0,3
211,625,210,1,2
211,635,210,1,2
211,674,210,1,2
211,684,236,3,0
211,687,236,3,0
211,688,236,3,0
212,625,211,1,2
212,635,211,1,2
212,684,237,3,0
212,688,237,3,0
213,635,212,1,2
213,684,238,3,0
214,653,213,1,2
215,653,214,1,2
216,635,217,2,1
216,684,241,3,0
216,688,241,3,0
217,625,218,2,1
217,635,218,2,1
217,684,242,3,0
217,687,242,3,0
217,688,242,3,0
218,625,219,2,1
218,632,193,0,3
218,635,219,2,1
218,674,219,2,1
218,684,243,3,0
218,688,243,3,0
219,625,220,2,1
219,632,194,0,3
219,635,220,2,1
219,674,220,2,1
219,684,244,3,0
219,688,244,3,0
219,694,220,2,1
219,703,194,0,3
220,625,221,2,1
220,632,195,0,3
220,635,221,2,1
220,674,221,2,1
220,684,245,3,0
220,688,245,3,0
220,694,221,2,1
220,701,219,1,2
220,703,195,0,3
221,625,196,0,3
221,635,222,2,1
221,684,246,3,0
221,688,246,3,0
221,701,222,2,1
222,625,197,0,3
222,632,221,1,2
222,635,223,2,1
222,674,197,0,3
222,684,221,1,2
222,688,221,1,2
222,694,197,0,3
222,703,221,1,2
223,625,198,0,3
223,632,222,1,2
223,635,224,2,1
223,674,198,0,3
223,684,222,1,2
223,688,222,1,2
224,625,199,0,3
224,635,200,2,3
224,684,223,1,2
224,688,223,1,2
225,635,200,0,2
225,684,249,3,2
225,688,249,3,2
226,653,227,2,1
228,635,203,0,3
228,684,229,2,1
229,625,204,0,3
229,635,204,0,3
229,684,230,2,1
229,688,230,2,1
230,625,205,0,3
230,635,205,0,3
230,674,205,0,3
230,684,231,2,1
230,687,231,2,1
230,688,231,2,1
231,625,206,0,3
231,632,232,2,1
231,635,206,0,3
231,674,206,0,3
231,684,232,2,1
231,688,232,2,1
231,694,206,0,3
232,625,207,0,3
232,632,233,2,1
232,635,207,0,3
232,674,207,0,3
232,684,233,2,1
232,688,233,2,1
232,694,207,0,3
232,703,233,2,1
233,625,208,0,3
233,632,208,0,3
233,684,258,3,0
233,688,258,3,0
234,625,233,1,2
234,632,209,0,3
234,635,233,1,2
234,674,233,1,2
234,684,259,3,0
234,688,259,3,0
234,694,233,1,2
234,701,233,1,2
234,703,209,0,3
235,625,234,1,2
235,632,210,0,3
235,635,234,1,2
235,674,234,1,2
235,684,260,3,0
235,688,260,3,0
235,703,210,0,3
236,625,235,1,2
236,635,235,1,2
236,674,235,1,2
236,684,261,3,0
236,687,261,3,0
236,688,261,3,0
237,625,236,1,2
237,635,236,1,2
237,684,262,3,0
237,688,262,3,0
238,635,237,1,2
238,684,263,3,0
239,653,238,1,2
240,653,239,1,2
241,635,242,2,1
241,684,266,3,0
241,688,266,3,0
242,625,243,2,1
242,635,243,2,1
242,684,267,3,0
242,687,267,3,0
242,688,267,3,0
243,625,244,2,1
243,632,218,0,3
243,635,244,2,1
243,674,244,2,1
243,684,268,3,0
243,688,268,3,0
244,625,245,2,1
244,632,219,0,3
244,635,245,2,1
244,674,245,2,1
244,684,269,3,0
244,688,269,3,0
244,694,245,2,1
244,703,219,0,3
245,625,246,2,1
245,632,220,0,3
245,635,246,2,1
245,674,246,2,1
245,684,270,3,0
245,688,270,3,0
245,694,246,2,1
245,701,244,1,2
245,703,220,0,3
246,625,221,0,3
246,632,221,0,3
246,684,271,3,0
246,688,271,3,0
246,701,247,2,1
247,625,222,0,3
247,632,246,1,2
247,635,222,0,3
247,674,222,0,3
247,684,246,1,2
247,688,246,1,2
247,694,222,0,3
247,703,246,1,2
248,625,223,0,3
248,632,247,1,2
248,635,223,0,3
248,674,223,0,3
248,684,247,1,2
248,688,247,1,2
249,625,224,0,3
249,635,224,0,3
249,684,248,1,2
249,688,248,1,2
250,635,225,0,2
250,684,274,3,2
250,688,274,3,2
251,653,252,2,1
253,635,228,0,3
253,684,254,2,1
254,625,229,0,3
254,635,229,0,3
254,684,255,2,1
254,688,255,2,1
255,625,230,0,3
255,635,230,0,3
255,674,230,0,3
255,684,256,2,1
255,687,256,2,1
255,688,256,2,1
256,625,231,0,3
256,632,257,2,1
256,635,231,0,3
256,674,231,0,3
256,684,257,2,1
256,688,257,2,1
256,694,231,0,3
257,625,232,0,3
257,632,258,2,1
257,635,232,0,3
257,674,232,0,3
257,684,258,2,1
257,688,258,2,1
257,694,232,0,3
257,703,258,2,1
258,625,233,0,3
258,632,233,0,3
258,635,233,0,3
258,684,283,3,0
258,688,283,3,0
259,625,258,1,2
259,632,234,0,3
259,635,258,1,2
259,674,258,1,2
259,684,284,3,0
259,688,284,3,0
259,694,258,1,2
259,701,258,1,2
259,703,234,0,3
260,625,259,1,2
260,632,235,0,3
260,635,259,1,2
260,674,259,1,2
260,684,285,3,0
260,688,285,3,0
260,703,235,0,3
261,625,260,1,2
261,635,260,1,2
261,674,260,1,2
261,684,286,3,0
261,687,286,3,0
261,688,286,3,0
262,625,261,1,2
262,635,261,1,2
262,684,287,3,0
262,688,287,3,0
263,635,262,1,2
263,684,288,3,0
264,653,263,1,2
265,653,264,1,2
266,635,267,2,1
266,684,291,3,0
266,688,291,3,0
267,625,268,2,1
267,635,268,2,1
267,684,292,3,0
267,687,292,3,0
267,688,292,3,0
268,625,269,2,1
268,632,243,0,3
268,635,269,2,1
268,674,269,2,1
268,684,293,3,0
268,688,293,3,0
269,625,270,2,1
269,632,244,0,3
269,635,270,2,1
269,674,270,2,1
269,684,294,3,0
269,688,294,3,0
269,694,270,2,1
269,703,244,0,3
270,625,271,2,1
270,632,245,0,3
270,635,271,2,1
270,674,271,2,1
270,684,295,3,0
270,688,295,3,0
270,694,271,2,1
270,701,269,1,2
270,703,245,0,3
271,625,246,0,3
271,632,246,0,3
271,635,246,0,3
271,684,296,3,0
271,688,296,3,0
271,701,272,2,1
272,625,247,0,3
272,632,271,1,2
272,635,247,0,3
272,674,247,0,3
272,684,271,1,2
272,688,271,1,2
272,694,247,0,3
272,703,271,1,2
273,625,248,0,3
273,632,272,1,2
273,635,248,0,3
273,674,248,0,3
273,684,272,1,2
273,688,272,1,2
274,625,249,0,3
274,635,249,0,3
274,684,273,1,2
274,688,273,1,2
275,635,250,0,2
275,684,299,3,2
275,688,299,3,2
276,653,277,2,1
278,635,253,0,3
278,684,279,2,1
279,625,254,0,3
279,635,254,0,3
279,684,280,2,1
279,688,280,2,1
280,625,255,0,3
280,635,255,0,3
280,674,255,0,3
280,684,281,2,1
280,687,281,2,1
280,688,281,2,1
281,625,256,0,3
281,632,282,2,1
281,635,256,0,3
281,674,256,0,3
281,684,282,2,1
281,688,282,2,1
281,694,256,0,3
282,625,257,0,3
282,632,283,2,1
282,635,257,0,3
282,674,257,0,3
282,684,283,2,1
282,688,283,2,1
282,694,257,0,3
282,703,283,2,1
283,625,258,0,3
283,632,258,0,3
283,635,258,0,3
283,684,308,3,0
283,688,308,3,0
284,625,283,1,2
284,632,259,0,3
284,635,283,1,2
284,674,283,1,2
284,684,309,3,0
284,688,309,3,0
284,694,283,1,2
284,701,283,1,2
284,703,259,0,3
285,625,284,1,2
285,632,260,0,3
285,635,284,1,2
285,674,284,1,2
285,684,310,3,0
285,688,310,3,0
285,703,260,0,3
286,625,285,1,2
286,635,285,1,2
286,674,285,1,2
286,684,311,3,0
286,687,311,3,0
286,688,311,3,0
287,625,286,1,2
287,635,286,1,2
287,684,312,3,0
287,688,312,3,0
288,635,287,1,2
288,684,313,3,0
289,653,288,1,2
290,653,289,1,2
291,635,292,2,1
291,684,316,3,0
291,688,316,3,0
292,625,293,2,1
292,635,293,2,1
292,684,317,3,0
292,687,317,3,0
292,688,317,3,0
293,625,294,2,1
293,632,268,0,3
293,635,294,2,1
293,674,294,2,1
293,684,318,3,0
293,688,318,3,0
294,625,295,2,1
294,632,269,0,3
294,635,295,2,1
294,674,295,2,1
294,684,319,3,0
294,688,319,3,0
294,694,295,2,1
294,703,269,0,3
295,625,296,2,1
295,632,270,0,3
295,635,296,2,1
295,674,296,2,1
295,684,320,3,0
295,688,320,3,0
295,694,296,2,1
295,701,294,1,2
295,703,270,0,3
296,625,271,0,3
296,632,271,0,3
296,635,271,0,3
296,684,321,3,0
296,688,321,3,0
296,701,297,2,1
297,625,272,0,3
297,632,296,1,2
297,635,272,0,3
297,674,272,0,3
297,684,296,1,2
297,688,296,1,2
297,694,272,0,3
297,703,296,1,2
298,625,273,0,3
298,632,297,1,2
298,635,273,0,3
298,674,273,0,3
298,684,297,1,2
298,688,297,1,2
299,625,274,0,3
299,635,274,0,3
299,684,298,1,2
299,688,298,1,2
300,635,275,0,2
300,684,324,3,2
300,688,324,3,2
301,653,302,2,1
303,635,278,0,3
303,684,304,2,1
304,625,279,0,3
304,635,279,0,3
304,684,305,2,1
304,688,305,2,1
305,625,280,0,3
305,635,280,0,3
305,674,280,0,3
305,684,306,2,1
305,687,306,2,1
305,688,306,2,1
306,625,281,0,3
306,632,307,2,1
306,635,281,0,3
306,674,281,0,3
306,684,307,2,1
306,688,307,2,1
306,694,281,0,3
307,625,282,0,3
307,632,308,2,1
307,635,282,0,3
307,674,282,0,3
307,684,308,2,1
307,688,308,2,1
307,694,282,0,3
307,703,308,2,1
308,625,283,0,3
308,632,283,0,3
308,635,283,0,3
308,674,283,0,3
308,684,333,3,0
308,688,333,3,0
308,703,333,3,0
309,625,308,1,2
309,632,284,0,3
309,635,308,1,2
309,674,308,1,2
309,684,334,3,0
309,688,334,3,0
309,694,308,1,2
309,701,308,1,2
309,703,334,3,0
310,625,309,1,2
310,632,285,0,3
310,635,309,1,2
310,674,309,1,2
310,684,335,3,0
310,688,335,3,0
310,703,335,3,0
311,625,310,1,2
311,635,310,1,2
311,674,310,1,2
311,684,336,3,0
311,687,336,3,0
311,688,336,3,0
312,625,311,1,2
312,635,311,1,2
312,684,337,3,0
312,688,337,3,0
313,635,312,1,2
313,684,338,3,0
314,653,313,1,2
315,653,314,1,2
316,635,317,2,1
316,684,341,3,0
316,688,341,3,0
317,625,318,2,1
317,635,318,2,1
317,684,342,3,0
317,687,342,3,0
317,688,342,3,0
318,625,319,2,1
318,632,293,0,3
318,635,319,2,1
318,674,319,2,1
318,684,343,3,0
318,688,343,3,0
319,625,320,2,1
319,632,294,0,3
319,635,320,2,1
319,674,320,2,1
319,684,344,3,0
319,688,344,3,0
319,694,320,2,1
319,703,344,3,0
320,625,321,2,1
320,632,295,0,3
320,635,321,2,1
320,674,321,2,1
320,684,345,3,0
320,688,345,3,0
320,694,321,2,1
320,701,319,1,2
320,703,345,3,0
321,625,296,0,3
321,632,296,0,3
321,635,296,0,3
321,674,296,0,3
321,684,346,3,0
321,688,346,3,0
321,701,322,2,1
321,703,346,3,0
322,625,297,0,3
322,632,321,1,2
322,635,297,0,3
322,674,297,0,3
322,684,321,1,2
322,688,321,1,2
322,694,297,0,3
322,703,321,1,2
323,625,298,0,3
323,632,322,1,2
323,635,298,0,3
323,674,298,0,3
323,684,322,1,2
323,688,322,1,2
324,625,299,0,3
324,635,299,0,3
324,684,323,1,2
324,688,323,1,2
325,635,300,0,2
325,684,349,3,2
325,688,349,3,2
326,653,327,2,1
328,635,303,0,3
328,684,329,2,1
329,625,354,3,0
329,635,304,0,3
329,684,330,2,1
329,688,330,2,1
330,625,355,3,0
330,635,305,0,3
330,674,305,0,3
330,684,331,2,1
330,687,331,2,1
330,688,331,2,1
331,625,356,3,0
331,632,332,2,1
331,635,306,0,3
331,674,306,0,3
331,684,332,2,1
331,688,332,2,1
331,694,306,0,3
332,625,357,3,0
332,632,333,2,1
332,635,307,0,3
332,674,307,0,3
332,684,333,2,1
332,688,333,2,1
332,694,307,0,3
332,703,333,2,1
333,632,308,0,3
333,635,308,0,3
333,674,308,0,3
333,684,358,3,0
333,688,358,3,0
333,703,358,3,0
334,625,333,1,2
334,632,309,0,3
334,635,333,1,2
334,674,333,1,2
334,684,359,3,0
334,688,359,3,0
334,694,333,1,2
334,701,333,1,2
334,703,359,3,0
335,625,334,1,2
335,632,310,0,3
335,635,334,1,2
335,674,334,1,2
335,684,360,3,0
335,688,360,3,0
335,703,360,3,0
336,625,335,1,2
336,635,335,1,2
336,674,335,1,2
336,684,361,3,0
336,687,361,3,0
336,688,361,3,0
337,625,336,1,2
337,635,336,1,2
337,684,362,3,0
337,688,362,3,0
338,635,337,1,2
338,684,363,3,0
339,653,338,1,2
340,653,339,1,2
341,635,342,2,1
341,684,366,3,0
341,688,366,3,0
342,625,343,2,1
342,635,343,2,1
342,684,367,3,0
342,687,367,3,0
342,688,367,3,0
343,625,344,2,1
343,632,318,0,3
343,635,344,2,1
343,674,344,2,1
343,684,368,3,0
343,688,368,3,0
344,625,345,2,1
344,632,319,0,3
344,635,345,2,1
344,674,345,2,1
344,684,369,3,0
344,688,369,3,0
344,694,345,2,1
344,703,369,3,0
345,625,346,2,1
345,632,320,0,3
345,635,346,2,1
345,674,346,2,1
345,684,370,3,0
345,688,370,3,0
345,694,346,2,1
345,701,344,1,2
345,703,370,3,0
346,632,321,0,3
346,635,321,0,3
346,674,321,0,3
346,684,371,3,0
346,688,371,3,0
346,701,347,2,1
346,703,371,3,0
347,625,372,3,0
347,632,346,1,2
347,635,322,0,3
347,674,322,0,3
347,684,346,1,2
347,688,346,1,2
347,694,322,0,3
347,703,346,1,2
348,625,373,3,0
348,632,347,1,2
348,635,323,0,3
348,674,323,0,3
348,684,347,1,2
348,688,347,1,2
349,625,374,3,0
349,635,324,0,3
349,684,348,1,2
349,688,348,1,2
350,635,325,0,2
350,684,374,3,2
350,688,374,3,2
351,653,352,2,1
353,635,328,0,3
353,684,354,2,1
354,625,379,3,0
354,635,329,0,3
354,684,355,2,1
354,688,355,2,1
355,625,380,3,0
355,635,330,0,3
355,674,330,0,3
355,684,356,2,1
355,687,356,2,1
355,688,356,2,1
356,625,381,3,0
356,632,357,2,1
356,635,331,0,3
356,674,331,0,3
356,684,357,2,1
356,688,357,2,1
356,694,331,0,3
357,625,382,3,0
357,632,358,2,1
357,635,332,0,3
357,674,332,0,3
357,684,358,2,1
357,688,358,2,1
357,694,332,0,3
357,703,358,2,1
358,632,333,0,3
358,635,333,0,3
358,674,333,0,3
358,687,383,3,0
358,688,383,3,0
358,701,333,0,3
358,703,383,3,0
359,625,358,1,2
359,632,334,0,3
359,635,358,1,2
359,674,358,1,2
359,684,384,3,0
359,687,384,3,0
359,688,384,3,0
359,694,358,1,2
359,701,358,1,2
359,703,384,3,0
360,625,359,1,2
360,632,335,0,3
360,635,359,1,2
360,674,359,1,2
360,684,385,3,0
360,687,385,3,0
360,688,385,3,0
360,703,385,3,0
361,625,360,1,2
361,635,360,1,2
361,674,360,1,2
361,684,386,3,0
361,687,386,3,0
361,688,386,3,0
362,625,361,1,2
362,635,361,1,2
362,684,387,3,0
362,688,387,3,0
363,635,362,1,2
363,684,388,3,0
364,653,363,1,2
365,653,364,1,2
366,635,367,2,1
366,684,391,3,0
366,688,391,3,0
367,625,368,2,1
367,635,368,2,1
367,684,392,3,0
367,687,392,3,0
367,688,392,3,0
368,625,369,2,1
368,632,343,0,3
368,635,369,2,1
368,674,369,2,1
368,684,393,3,0
368,687,393,3,0
368,688,393,3,0
369,625,370,2,1
369,632,344,0,3
369,635,370,2,1
369,674,370,2,1
369,684,394,3,0
369,687,394,3,0
369,688,394,3,0
369,694,370,2,1
369,703,394,3,0
370,625,371,2,1
370,632,345,0,3
370,635,371,2,1
370,674,371,2,1
370,684,395,3,0
370,687,395,3,0
370,688,395,3,0
370,694,371,2,1
370,701,369,1,2
370,703,395,3,0
371,632,346,0,3
371,635,346,0,3
371,674,346,0,3
371,687,396,3,0
371,688,396,3,0
371,701,372,2,1
371,703,396,3,0
372,625,397,3,0
372,632,371,1,2
372,635,347,0,3
372,674,347,0,3
372,684,371,1,2
372,688,371,1,2
372,694,347,0,3
372,703,371,1,2
373,625,398,3,0
373,632,372,1,2
373,635,348,0,3
373,674,348,0,3
373,684,372,1,2
373,688,372,1,2
374,625,399,3,0
374,635,349,0,3
374,684,373,1,2
374,688,373,1,2
375,635,350,0,2
375,684,399,3,2
375,688,399,3,2
376,653,377,2,1
378,635,353,0,3
378,684,379,2,1
379,625,404,3,0
379,635,354,0,3
379,684,380,2,1
379,688,380,2,1
380,625,405,3,0
380,635,355,0,3
380,674,355,0,3
380,684,381,2,1
380,687,381,2,1
380,688,381,2,1
381,625,406,3,0
381,632,382,2,1
381,635,356,0,3
381,674,356,0,3
381,684,382,2,1
381,688,382,2,1
381,694,356,0,3
382,625,407,3,0
382,632,383,2,1
382,635,357,0,3
382,674,357,0,3
382,684,383,2,1
382,688,383,2,1
382,694,357,0,3
382,703,383,2,1
383,625,408,3,0
383,632,358,0,3
383,635,358,0,3
383,674,358,0,3
383,684,384,2,1
383,687,384,2,1
383,688,408,3,0
383,703,408,3,0
384,625,383,1,2
384,632,359,0,3
384,635,383,1,2
384,674,383,1,2
384,684,385,2,1
384,687,385,2,1
384,688,409,3,0
384,694,383,1,2
384,701,383,1,2
384,703,409,3,0
385,625,384,1,2
385,632,360,0,3
385,635,384,1,2
385,674,384,1,2
385,684,386,2,1
385,687,386,2,1
385,688,410,3,0
385,703,410,3,0
386,625,385,1,2
386,635,385,1,2
386,674,385,1,2
386,684,387,2,1
386,688,411,3,0
387,625,386,1,2
387,635,386,1,2
387,684,388,2,1
387,688,412,3,0
388,635,387,1,2
388,684,684,63,0
389,653,388,1,2
390,653,389,1,2
391,635,392,2,1
391,684,390,1,2
391,688,416,3,0
392,625,393,2,1
392,635,393,2,1
392,684,391,1,2
392,687,687,66,0
392,688,417,3,0
393,625,394,2,1
393,632,368,0,3
393,635,394,2,1
393,674,394,2,1
393,684,392,1,2
393,687,392,1,2
393,688,418,3,0
394,625,395,2,1
394,632,369,0,3
394,635,395,2,1
394,674,395,2,1
394,684,393,1,2
394,687,393,1,2
394,688,419,3,0
394,694,395,2,1
394,703,419,3,0
395,625,396,2,1
395,632,370,0,3
395,635,396,2,1
395,674,396,2,1
395,684,394,1,2
395,687,394,1,2
395,688,420,3,0
395,694,396,2,1
395,701,394,1,2
395,703,420,3,0
396,625,421,3,0
396,632,371,0,3
396,635,371,0,3
396,674,371,0,3
396,684,395,1,2
396,687,395,1,2
396,688,421,3,0
396,701,397,2,1
396,703,421,3,0
397,625,422,3,0
397,632,396,1,2
397,635,372,0,3
397,674,372,0,3
397,684,396,1,2
397,688,396,1,2
397,694,372,0,3
397,703,396,1,2
398,625,423,3,0
398,632,397,1,2
398,635,373,0,3
398,674,373,0,3
398,684,397,1,2
398,688,397,1,2
399,625,424,3,0
399,635,374,0,3
399,684,398,1,2
399,688,398,1,2
400,635,375,0,2
400,684,424,3,2
400,688,424,3,2
401,653,402,2,1
403,635,378,0,3
403,684,404,2,1
404,625,429,3,0
404,635,379,0,3
404,684,405,2,1
404,688,405,2,1
405,625,430,3,0
405,635,380,0,3
405,674,380,0,3
405,684,406,2,1
405,687,406,2,1
405,688,406,2,1
406,625,431,3,0
406,632,407,2,1
406,635,381,0,3
406,674,381,0,3
406,684,407,2,1
406,688,407,2,1
406,694,381,0,3
407,625,432,3,0
407,632,408,2,1
407,635,382,0,3
407,674,382,0,3
407,684,408,2,1
407,688,408,2,1
407,694,382,0,3
407,703,408,2,1
408,625,433,3,0
408,635,383,0,3
408,674,383,0,3
408,684,383,0,3
408,688,409,2,1
408,694,383,0,3
408,703,433,3,0
408,706,383,0,3
409,625,408,1,2
409,632,434,3,0
409,635,408,1,2
409,674,408,1,2
409,684,384,0,3
409,688,410,2,1
409,694,408,1,2
409,701,408,1,2
409,703,434,3,0
410,625,409,1,2
410,632,435,3,0
410,635,409,1,2
410,674,409,1,2
410,684,385,0,3
410,688,411,2,1
410,703,435,3,0
411,625,410,1,2
411,635,410,1,2
411,674,410,1,2
411,684,386,0,3
411,687,386,0,3
411,688,412,2,1
412,625,411,1,2
412,635,411,1,2
412,684,387,0,3
412,688,413,2,1
413,635,412,1,2
413,684,388,0,3
414,653,413,1,2
415,653,414,1,2
416,635,417,2,1
416,684,391,0,3
416,688,688,67,0
417,625,418,2,1
417,635,418,2,1
417,684,392,0,3
417,687,392,0,3
417,688,416,1,2
418,625,419,2,1
418,632,443,3,0
418,635,419,2,1
418,674,419,2,1
418,684,393,0,3
418,688,417,1,2
419,625,420,2,1
419,632,444,3,0
419,635,420,2,1
419,674,420,2,1
419,684,394,0,3
419,688,418,1,2
419,694,420,2,1
419,703,444,3,0
420,625,421,2,1
420,632,445,3,0
420,635,421,2,1
420,674,421,2,1
420,684,395,0,3
420,688,419,1,2
420,694,421,2,1
420,701,419,1,2
420,703,445,3,0
421,625,446,3,0
421,635,396,0,3
421,674,396,0,3
421,684,396,0,3
421,688,420,1,2
421,694,396,0,3
421,701,422,2,1
421,703,446,3,0
422,625,447,3,0
422,632,421,1,2
422,635,397,0,3
422,674,397,0,3
422,684,421,1,2
422,688,421,1,2
422,694,397,0,3
422,703,421,1,2
423,625,448,3,0
423,632,422,1,2
423,635,398,0,3
423,674,398,0,3
423,684,422,1,2
423,688,422,1,2
424,625,449,3,0
424,635,399,0,3
424,684,423,1,2
424,688,423,1,2
425,635,400,0,2
425,684,449,3,2
425,688,449,3,2
426,653,427,2,1
428,635,403,0,3
428,684,429,2,1
429,625,454,3,0
429,635,404,0,3
429,684,430,2,1
429,688,430,2,1
430,625,455,3,0
430,635,405,0,3
430,674,405,0,3
430,684,431,2,1
430,687,431,2,1
430,688,431,2,1
431,625,456,3,0
431,632,432,2,1
431,635,406,0,3
431,674,406,0,3
431,684,432,2,1
431,688,432,2,1
431,694,406,0,3
432,625,457,3,0
432,632,433,2,1
432,635,407,0,3
432,674,407,0,3
432,684,433,2,1
432,688,433,2,1
432,694,407,0,3
432,703,433,2,1
433,625,458,3,0
433,635,408,0,3
433,674,408,0,3
433,684,408,0,3
433,694,408,0,3
434,625,433,1,2
434,632,459,3,0
434,635,433,1,2
434,674,433,1,2
434,684,409,0,3
434,688,409,0,3
434,694,433,1,2
434,701,433,1,2
434,703,459,3,0
435,625,434,1,2
435,632,460,3,0
435,635,434,1,2
435,674,434,1,2
435,684,410,0,3
435,688,410,0,3
435,703,460,3,0
436,625,435,1,2
436,635,435,1,2
436,674,435,1,2
436,684,411,0,3
436,687,411,0,3
436,688,411,0,3
437,625,436,1,2
437,635,436,1,2
437,684,412,0,3
437,688,412,0,3
438,635,437,1,2
438,684,413,0,3
439,653,438,1,2
440,653,439,1,2
441,635,442,2,1
441,684,416,0,3
441,688,416,0,3
442,625,443,2,1
442,635,443,2,1
442,684,417,0,3
442,687,417,0,3
442,688,417,0,3
443,625,444,2,1
443,632,468,3,0
443,635,444,2,1
443,674,444,2,1
443,684,418,0,3
443,688,418,0,3
444,625,445,2,1
444,632,469,3,0
444,635,445,2,1
444,674,445,2,1
444,684,419,0,3
444,688,419,0,3
444,694,445,2,1
444,703,469,3,0
445,625,446,2,1
445,632,470,3,0
445,635,446,2,1
445,674,446,2,1
445,684,420,0,3
445,688,420,0,3
445,694,446,2,1
445,701,444,1,2
445,703,470,3,0
446,625,471,3,0
446,635,421,0,3
446,674,421,0,3
446,684,421,0,3
446,694,421,0,3
446,701,447,2,1
447,625,472,3,0
447,632,446,1,2
447,635,422,0,3
447,674,422,0,3
447,684,446,1,2
447,688,446,1,2
447,694,422,0,3
447,703,446,1,2
448,625,473,3,0
448,632,447,1,2
448,635,423,0,3
448,674,423,0,3
448,684,447,1,2
448,688,447,1,2
449,625,474,3,0
449,635,424,0,3
449,684,448,1,2
449,688,448,1,2
450,635,425,0,2
450,684,474,3,2
450,688,474,3,2
451,653,452,2,1
453,635,428,0,3
453,684,454,2,1
454,625,479,3,0
454,635,429,0,3
454,684,455,2,1
454,688,455,2,1
455,625,480,3,0
455,635,430,0,3
455,674,430,0,3
455,684,456,2,1
455,687,456,2,1
455,688,456,2,1
456,625,481,3,0
456,632,457,2,1
456,635,431,0,3
456,674,431,0,3
456,684,457,2,1
456,688,457,2,1
456,694,431,0,3
457,625,482,3,0
457,632,458,2,1
457,635,432,0,3
457,674,432,0,3
457,684,458,2,1
457,688,458,2,1
457,694,432,0,3
457,703,458,2,1
458,625,483,3,0
458,635,433,0,3
458,674,433,0,3
458,684,433,0,3
458,688,433,0,3
458,694,433,0,3
459,625,458,1,2
459,632,484,3,0
459,635,458,1,2
459,674,458,1,2
459,684,434,0,3
459,688,434,0,3
459,694,458,1,2
459,701,458,1,2
459,703,484,3,0
460,625,459,1,2
460,632,485,3,0
460,635,459,1,2
460,674,459,1,2
460,684,435,0,3
460,688,435,0,3
460,703,485,3,0
461,625,460,1,2
461,635,460,1,2
461,674,460,1,2
461,684,436,0,3
461,687,436,0,3
461,688,436,0,3
462,625,461,1,2
462,635,461,1,2
462,684,437,0,3
462,688,437,0,3
463,635,462,1,2
463,684,438,0,3
464,653,463,1,2
465,653,464,1,2
466,635,467,2,1
466,684,441,0,3
466,688,441,0,3
467,625,468,2,1
467,635,468,2,1
467,684,442,0,3
467,687,442,0,3
467,688,442,0,3
468,625,469,2,1
468,632,493,3,0
468,635,469,2,1
468,674,469,2,1
468,684,443,0,3
468,688,443,0,3
469,625,470,2,1
469,632,494,3,0
469,635,470,2,1
469,674,470,2,1
469,684,444,0,3
469,688,444,0,3
469,694,470,2,1
469,703,494,3,0
470,625,471,2,1
470,632,495,3,0
470,635,471,2,1
470,674,471,2,1
470,684,445,0,3
470,688,445,0,3
470,694,471,2,1
470,701,469,1,2
470,703,495,3,0
471,625,496,3,0
471,635,446,0,3
471,674,446,0,3
471,684,446,0,3
471,688,446,0,3
471,694,446,0,3
471,701,472,2,1
472,625,497,3,0
472,632,471,1,2
472,635,447,0,3
472,674,447,0,3
472,684,471,1,2
472,688,471,1,2
472,694,447,0,3
472,703,471,1,2
473,625,498,3,0
473,632,472,1,2
473,635,448,0,3
473,674,448,0,3
473,684,472,1,2
473,688,472,1,2
474,625,499,3,0
474,635,449,0,3
474,684,473,1,2
474,688,473,1,2
475,635,450,0,2
475,684,499,3,2
475,688,499,3,2
476,653,477,2,1
478,635,453,0,3
478,684,479,2,1
479,625,504,3,0
479,635,454,0,3
479,684,480,2,1
479,688,480,2,1
480,625,505,3,0
480,635,455,0,3
480,674,455,0,3
480,684,481,2,1
480,687,481,2,1
480,688,481,2,1
481,625,506,3,0
481,632,482,2,1
481,635,456,0,3
481,674,456,0,3
481,684,482,2,1
481,688,482,2,1
481,694,456,0,3
482,625,507,3,0
482,632,483,2,1
482,635,457,0,3
482,674,457,0,3
482,684,483,2,1
482,688,483,2,1
482,694,457,0,3
482,703,483,2,1
483,625,508,3,0
483,635,458,0,3
483,652,508,3,0
483,674,458,0,3
483,684,458,0,3
483,688,458,0,3
483,694,458,0,3
484,625,483,1,2
484,632,509,3,0
484,635,483,1,2
484,652,509,3,0
484,674,483,1,2
484,684,459,0,3
484,688,459,0,3
484,694,483,1,2
484,701,483,1,2
484,703,509,3,0
485,625,484,1,2
485,632,510,3,0
485,635,484,1,2
485,652,510,3,0
485,674,484,1,2
485,684,460,0,3
485,688,460,0,3
485,703,510,3,0
486,625,485,1,2
486,635,485,1,2
486,674,485,1,2
486,684,461,0,3
486,687,461,0,3
486,688,461,0,3
487,625,486,1,2
487,635,486,1,2
487,684,462,0,3
487,688,462,0,3
488,635,487,1,2
488,684,463,0,3
489,653,488,1,2
490,653,489,1,2
491,635,492,2,1
491,684,466,0,3
491,688,466,0,3
492,625,493,2,1
492,635,493,2,1
492,684,467,0,3
492,687,467,0,3
492,688,467,0,3
493,625,494,2,1
493,632,518,3,0
493,635,494,2,1
493,674,494,2,1
493,684,468,0,3
493,688,468,0,3
494,625,495,2,1
494,632,519,3,0
494,635,495,2,1
494,652,519,3,0
494,674,495,2,1
494,684,469,0,3
494,688,469,0,3
494,694,495,2,1
494,703,519,3,0
495,625,496,2,1
495,632,520,3,0
495,635,496,2,1
495,652,520,3,0
495,674,496,2,1
495,684,470,0,3
495,688,470,0,3
495,694,496,2,1
495,701,494,1,2
495,703,520,3,0
496,625,521,3,0
496,635,471,0,3
496,652,521,3,0
496,674,471,0,3
496,684,471,0,3
496,688,471,0,3
496,694,471,0,3
496,701,497,2,1
497,625,522,3,0
497,632,496,1,2
497,635,472,0,3
497,674,472,0,3
497,684,496,1,2
497,688,496,1,2
497,694,472,0,3
497,703,496,1,2
498,625,523,3,0
498,632,497,1,2
498,635,473,0,3
498,674,473,0,3
498,684,497,1,2
498,688,497,1,2
499,625,524,3,0
499,635,474,0,3
499,684,498,1,2
499,688,498,1,2
500,635,475,0,2
500,684,524,3,2
500,688,524,3,2
501,653,502,2,1
503,635,478,0,3
503,684,504,2,1
504,625,529,3,0
504,635,479,0,3
504,684,505,2,1
504,688,505,2,1
505,625,530,3,0
505,635,480,0,3
505,674,530,3,0
505,684,506,2,1
505,687,506,2,1
505,688,506,2,1
506,625,531,3,0
506,632,507,2,1
506,635,481,0,3
506,674,531,3,0
506,684,507,2,1
506,688,507,2,1
506,694,531,3,0
507,625,532,3,0
507,632,508,2,1
507,635,482,0,3
507,674,532,3,0
507,684,508,2,1
507,688,508,2,1
507,694,532,3,0
507,703,508,2,1
508,625,533,3,0
508,635,483,0,3
508,684,483,0,3
508,688,483,0,3
509,625,508,1,2
509,632,534,3,0
509,635,508,1,2
509,674,508,1,2
509,684,484,0,3
509,688,484,0,3
509,694,508,1,2
509,701,508,1,2
509,703,534,3,0
510,625,509,1,2
510,632,535,3,0
510,635,509,1,2
510,674,509,1,2
510,684,485,0,3
510,688,485,0,3
510,703,535,3,0
511,625,510,1,2
511,635,510,1,2
511,674,510,1,2
511,684,486,0,3
511,687,486,0,3
511,688,486,0,3
512,625,511,1,2
512,635,511,1,2
512,684,487,0,3
512,688,487,0,3
513,635,512,1,2
513,653,653,32,0
513,684,488,0,3
514,653,513,1,2
516,635,517,2,1
516,684,491,0,3
516,688,491,0,3
517,625,518,2,1
517,635,518,2,1
517,684,492,0,3
517,687,492,0,3
517,688,492,0,3
518,625,519,2,1
518,632,543,3,0
518,635,519,2,1
518,674,519,2,1
518,684,493,0,3
518,688,493,0,3
519,625,520,2,1
519,632,544,3,0
519,635,520,2,1
519,674,520,2,1
519,684,494,0,3
519,688,494,0,3
519,694,520,2,1
519,703,544,3,0
520,625,521,2,1
520,632,545,3,0
520,635,521,2,1
520,674,521,2,1
520,684,495,0,3
520,688,495,0,3
520,694,521,2,1
520,701,519,1,2
520,703,545,3,0
521,625,546,3,0
521,635,496,0,3
521,684,496,0,3
521,688,496,0,3
521,701,522,2,1
522,625,547,3,0
522,632,521,1,2
522,635,497,0,3
522,674,547,3,0
522,684,521,1,2
522,688,521,1,2
522,694,547,3,0
522,703,521,1,2
523,625,548,3,0
523,632,522,1,2
523,635,498,0,3
523,674,548,3,0
523,684,522,1,2
523,688,522,1,2
524,625,549,3,0
524,635,499,0,3
524,684,523,1,2
524,688,523,1,2
525,635,550,2,0
525,684,549,3,2
525,688,549,3,2
526,653,527,2,1
528,635,553,3,0
528,684,529,2,1
529,625,554,3,0
529,635,554,3,0
529,684,530,2,1
529,688,530,2,1
530,625,555,3,0
530,635,555,3,0
530,674,555,3,0
530,684,531,2,1
530,687,531,2,1
530,688,531,2,1
531,625,556,3,0
531,632,532,2,1
531,635,556,3,0
531,674,556,3,0
531,684,532,2,1
531,688,532,2,1
531,694,556,3,0
532,625,557,3,0
532,632,533,2,1
532,635,557,3,0
532,674,557,3,0
532,684,533,2,1
532,688,533,2,1
532,694,557,3,0
532,703,533,2,1
533,625,558,3,0
533,632,558,3,0
533,684,508,0,3
533,688,508,0,3
534,625,533,1,2
534,632,559,3,0
534,635,533,1,2
534,674,533,1,2
534,684,509,0,3
534,688,509,0,3
534,694,533,1,2
534,701,533,1,2
534,703,559,3,0
535,625,534,1,2
535,632,560,3,0
535,635,534,1,2
535,674,534,1,2
535,684,510,0,3
535,688,510,0,3
535,703,560,3,0
536,625,535,1,2
536,635,535,1,2
536,674,535,1,2
536,684,511,0,3
536,687,511,0,3
536,688,511,0,3
537,625,536,1,2
537,635,536,1,2
537,684,512,0,3
537,688,512,0,3
538,635,537,1,2
538,684,513,0,3
539,653,538,1,2
540,653,539,1,2
541,635,542,2,1
541,684,516,0,3
541,688,516,0,3
542,625,543,2,1
542,635,543,2,1
542,684,517,0,3
542,687,517,0,3
542,688,517,0,3
543,625,544,2,1
543,632,568,3,0
543,635,544,2,1
543,674,544,2,1
543,684,518,0,3
543,688,518,0,3
544,625,545,2,1
544,632,569,3,0
544,635,545,2,1
544,674,545,2,1
544,684,519,0,3
544,688,519,0,3
544,694,545,2,1
544,703,569,3,0
545,625,546,2,1
545,632,570,3,0
545,635,546,2,1
545,674,546,2,1
545,684,520,0,3
545,688,520,0,3
545,694,546,2,1
545,701,544,1,2
545,703,570,3,0
546,625,571,3,0
546,632,571,3,0
546,684,521,0,3
546,688,521,0,3
546,701,547,2,1
547,625,572,3,0
547,632,546,1,2
547,635,572,3,0
547,674,572,3,0
547,684,546,1,2
547,688,546,1,2
547,694,572,3,0
547,703,546,1,2
548,625,573,3,0
548,632,547,1,2
548,635,573,3,0
548,674,573,3,0
548,684,547,1,2
548,688,547,1,2
549,625,574,3,0
549,635,574,3,0
549,684,548,1,2
549,688,548,1,2
550,635,575,2,0
550,684,574,3,2
550,688,574,3,2
551,653,552,2,1
553,635,578,3,0
553,684,554,2,1
554,625,579,3,0
554,635,579,3,0
554,684,555,2,1
554,688,555,2,1
555,625,580,3,0
555,635,580,3,0
555,674,580,3,0
555,684,556,2,1
555,687,556,2,1
555,688,556,2,1
556,625,581,3,0
556,632,557,2,1
556,635,581,3,0
556,674,581,3,0
556,684,557,2,1
556,688,557,2,1
556,694,581,3,0
557,625,582,3,0
557,632,558,2,1
557,635,582,3,0
557,674,582,3,0
557,684,558,2,1
557,688,558,2,1
557,694,582,3,0
557,703,558,2,1
558,625,583,3,0
558,632,583,3,0
558,635,583,3,0
558,684,533,0,3
558,688,533,0,3
559,625,558,1,2
559,632,584,3,0
559,635,558,1,2
559,674,558,1,2
559,684,534,0,3
559,688,534,0,3
559,694,558,1,2
559,701,558,1,2
559,703,584,3,0
560,625,559,1,2
560,632,585,3,0
560,635,559,1,2
560,674,559,1,2
560,684,535,0,3
560,688,535,0,3
560,703,585,3,0
561,625,560,1,2
561,635,560,1,2
561,674,560,1,2
561,684,536,0,3
561,687,536,0,3
561,688,536,0,3
562,625,561,1,2
562,635,561,1,2
562,684,537,0,3
562,688,537,0,3
563,635,562,1,2
563,684,538,0,3
564,653,563,1,2
565,653,564,1,2
566,635,567,2,1
566,684,541,0,3
566,688,541,0,3
567,625,568,2,1
567,635,568,2,1
567,684,542,0,3
567,687,542,0,3
567,688,542,0,3
568,625,569,2,1
568,632,593,3,0
568,635,569,2,1
568,674,569,2,1
568,684,543,0,3
568,688,543,0,3
569,625,570,2,1
569,632,594,3,0
569,635,570,2,1
569,674,570,2,1
569,684,544,0,3
569,688,544,0,3
569,694,570,2,1
569,703,594,3,0
570,625,571,2,1
570,632,595,3,0
570,635,571,2,1
570,674,571,2,1
570,684,545,0,3
570,688,545,0,3
570,694,571,2,1
570,701,569,1,2
570,703,595,3,0
571,625,596,3,0
571,632,596,3,0
571,635,596,3,0
571,684,546,0,3
571,688,546,0,3
571,701,572,2,1
572,625,597,3,0
572,632,571,1,2
572,635,597,3,0
572,674,597,3,0
572,684,571,1,2
572,688,571,1,2
572,694,597,3,0
572,703,571,1,2
573,625,598,3,0
573,632,572,1,2
573,635,598,3,0
573,674,598,3,0
573,684,572,1,2
573,688,572,1,2
574,625,599,3,0
574,635,599,3,0
574,684,573,1,2
574,688,573,1,2
575,635,600,2,0
575,684,599,3,2
575,688,599,3,2
576,653,577,2,1
578,635,603,3,0
578,684,579,2,1
579,625,604,3,0
579,635,604,3,0
579,684,580,2,1
579,688,580,2,1
580,625,605,3,0
580,635,605,3,0
580,674,605,3,0
580,684,581,2,1
580,687,581,2,1
580,688,581,2,1
581,625,606,3,0
581,632,582,2,1
581,635,606,3,0
581,674,606,3,0
581,684,582,2,1
581,688,582,2,1
581,694,606,3,0
582,625,607,3,0
582,632,583,2,1
582,635,607,3,0
582,674,607,3,0
582,684,583,2,1
582,688,583,2,1
582,694,607,3,0
582,703,583,2,1
583,625,608,3,0
583,632,608,3,0
583,635,608,3,0
583,684,558,0,3
583,688,558,0,3
584,625,583,1,2
584,632,609,3,0
584,635,583,1,2
584,674,583,1,2
584,684,559,0,3
584,688,559,0,3
584,694,583,1,2
584,701,583,1,2
584,703,609,3,0
585,625,584,1,2
585,632,610,3,0
585,635,584,1,2
585,674,584,1,2
585,684,560,0,3
585,688,560,0,3
585,703,610,3,0
586,625,585,1,2
586,635,585,1,2
586,674,585,1,2
586,684,561,0,3
586,687,561,0,3
586,688,561,0,3
587,625,586,1,2
587,635,586,1,2
587,684,562,0,3
587,688,562,0,3
588,635,587,1,2
588,684,563,0,3
589,653,588,1,2
590,653,589,1,2
591,635,592,2,1
591,684,566,0,3
591,688,566,0,3
592,625,593,2,1
592,635,593,2,1
592,684,567,0,3
592,687,567,0,3
592,688,567,0,3
593,625,594,2,1
593,632,618,3,0
593,635,594,2,1
593,674,594,2,1
593,684,568,0,3
593,688,568,0,3
594,625,595,2,1
594,632,619,3,0
594,635,595,2,1
594,674,595,2,1
594,684,569,0,3
594,688,569,0,3
594,694,595,2,1
594,703,619,3,0
595,625,596,2,1
595,632,620,3,0
595,635,596,2,1
595,674,596,2,1
595,684,570,0,3
595,688,570,0,3
595,694,596,2,1
595,701,594,1,2
595,703,620,3,0
596,625,621,3,0
596,632,621,3,0
596,635,621,3,0
596,684,571,0,3
596,688,571,0,3
596,701,597,2,1
597,625,622,3,0
597,632,596,1,2
597,635,622,3,0
597,674,622,3,0
597,684,596,1,2
597,688,596,1,2
597,694,622,3,0
597,703,596,1,2
598,625,623,3,0
598,632,597,1,2
598,635,623,3,0
598,674,623,3,0
598,684,597,1,2
598,688,597,1,2
599,625,624,3,0
599,635,624,3,0
599,684,598,1,2
599,688,598,1,2
600,635,0,2,3
600,684,624,3,2
600,688,624,3,2
601,653,602,2,1
603,635,3,3,3
603,684,604,2,1
604,625,4,3,3
604,635,4,3,3
604,684,605,2,1
604,688,605,2,1
605,625,5,3,3
605,635,5,3,3
605,674,5,3,3
605,684,606,2,1
605,687,606,2,1
605,688,606,2,1
606,625,6,3,3
606,632,607,2,1
606,635,6,3,3
606,674,6,3,3
606,684,607,2,1
606,688,607,2,1
606,694,6,3,3
607,625,7,3,3
607,632,608,2,1
607,635,7,3,3
607,674,7,3,3
607,684,608,2,1
607,688,608,2,1
607,694,7,3,3
607,703,608,2,1
608,625,8,3,3
608,632,8,3,3
608,635,8,3,3
608,674,8,3,3
608,684,583,0,3
608,688,583,0,3
608,703,609,2,1
609,625,608,1,2
609,632,9,3,3
609,635,608,1,2
609,674,608,1,2
609,684,584,0,3
609,688,584,0,3
609,694,608,1,2
609,701,608,1,2
609,703,610,2,1
610,625,609,1,2
610,632,10,3,3
610,635,609,1,2
610,674,609,1,2
610,684,585,0,3
610,688,585,0,3
610,703,703,82,0
611,625,610,1,2
611,635,610,1,2
611,674,610,1,2
611,684,586,0,3
611,687,586,0,3
611,688,586,0,3
612,625,611,1,2
612,635,611,1,2
612,684,587,0,3
612,688,587,0,3
613,635,612,1,2
613,684,588,0,3
614,653,613,1,2
615,653,614,1,2
616,635,617,2,1
616,684,591,0,3
616,688,591,0,3
617,625,618,2,1
617,635,618,2,1
617,684,592,0,3
617,687,592,0,3
617,688,592,0,3
618,625,619,2,1
618,632,18,3,3
618,635,619,2,1
618,674,619,2,1
618,684,593,0,3
618,688,593,0,3
619,625,620,2,1
619,632,19,3,3
619,635,620,2,1
619,674,620,2,1
619,684,594,0,3
619,688,594,0,3
619,694,620,2,1
620,625,621,2,1
620,632,20,3,3
620,635,621,2,1
620,674,621,2,1
620,684,595,0,3
620,688,595,0,3
620,694,621,2,1
620,701,619,1,2
620,703,619,1,2
621,625,21,3,3
621,632,21,3,3
621,635,21,3,3
621,674,21,3,3
621,684,596,0,3
621,688,596,0,3
621,701,622,2,1
621,703,620,1,2
622,625,22,3,3
622,632,621,1,2
622,635,22,3,3
622,674,22,3,3
622,684,621,1,2
622,688,621,1,2
622,694,22,3,3
622,703,621,1,2
623,625,23,3,3
623,632,622,1,2
623,635,23,3,3
623,674,23,3,3
623,684,622,1,2
623,688,622,1,2
624,625,24,3,3
624,635,24,3,3
624,684,623,1,2
624,688,623,1,2
625,626,4,0,4
625,627,4,0,4
625,628,4,0,4
625,629,4,0,4
625,630,4,0,4
625,631,4,0,4
625,632,4,0,4
625,633,4,0,4
625,634,4,0,4
625,635,4,0,4
625,636,4,0,4
625,637,4,0,4
625,638,4,0,4
625,639,4,0,4
625,640,4,0,4
625,641,4,0,4
625,642,4,0,4
625,643,4,0,4
625,644,4,0,4
625,645,4,0,4
625,646,4,0,4
625,647,4,0,4
625,648,4,0,4
625,649,4,0,4
625,650,4,0,4
625,651,4,0,4
625,652,4,0,4
625,653,4,0,4
625,654,4,0,4
625,655,4,0,4
625,656,4,0,4
625,657,4,0,4
625,658,4,0,4
625,659,4,0,4
625,660,4,0,4
625,661,4,0,4
625,662,4,0,4
625,663,4,0,4
625,664,4,0,4
625,665,4,0,4
625,666,4,0,4
625,667,4,0,4
625,668,4,0,4
625,669,4,0,4
625,670,4,0,4
625,671,4,0,4
625,672,4,0,4
625,673,4,0,4
625,674,4,0,4
625,675,4,0,4
625,676,4,0,4
625,677,4,0,4
625,678,4,0,4
625,679,4,0,4
625,680,4,0,4
625,681,4,0,4
625,682,4,0,4
625,683,4,0,4
625,684,4,0,4
625,685,4,0,4
625,686,4,0,4
625,687,4,0,4
625,688,4,0,4
625,689,4,0,4
625,690,4,0,4
625,691,4,0,4
625,692,4,0,4
625,693,4,0,4
625,694,4,0,4
625,695,4,0,4
625,696,4,0,4
625,697,4,0,4
625,698,4,0,4
625,699,4,0,4
625,700,4,0,4
625,701,4,0,4
625,702,4,0,4
625,703,4,0,4
625,704,4,0,4
625,705,4,0,4
625,706,4,0,4
625,707,4,0,4
625,708,4,0,4
625,709,4,0,4
625,710,4,0,4
625,711,4,0,4
625,712,4,0,4
625,713,4,0,4
625,714,4,0,4
625,715,4,0,4
625,716,4,0,4
625,717,4,0,4
625,718,4,0,4
625,719,4,0,4
625,720,4,0,4
625,721,4,0,4
625,722,4,0,4
625,723,4,0,4
625,724,4,0,4
632,625,93,0,11
632,626,93,0,11
632,627,93,0,11
632,628,93,0,11
632,629,93,0,11
632,630,93,0,11
632,631,93,0,11
632,633,93,0,11
632,634,93,0,11
632,635,93,0,11
632,636,93,0,11
632,637,93,0,11
632,638,93,0,11
632,639,93,0,11
632,640,93,0,11
632,641,93,0,11
632,642,93,0,11
632,643,93,0,11
632,644,93,0,11
632,645,93,0,11
632,646,93,0,11
632,647,93,0,11
632,648,93,0,11
632,649,93,0,11
632,650,93,0,11
632,651,93,0,11
632,652,93,0,11
632,653,93,0,11
632,654,93,0,11
632,655,93,0,11
632,656,93,0,11
632,657,93,0,11
632,658,93,0,11
632,659,93,0,11
632,660,93,0,11
632,661,93,0,11
632,662,93,0,11
632,663,93,0,11
632,664,93,0,11
632,665,93,0,11
632,666,93,0,11
632,667,93,0,11
632,668,93,0,11
632,669,93,0,11
632,670,93,0,11
632,671,93,0,11
632,672,93,0,11
632,673,93,0,11
632,674,93,0,11
632,675,93,0,11
632,676,93,0,11
632,677,93,0,11
632,678,93,0,11
632,679,93,0,11
632,680,93,0,11
632,681,93,0,11
632,682,93,0,11
632,683,93,0,11
632,684,93,0,11
632,685,93,0,11
632,686,93,0,11
632,687,93,0,11
632,688,93,0,11
632,689,93,0,11
632,690,93,0,11
632,691,93,0,11
632,692,93,0,11
632,693,93,0,11
632,694,93,0,11
632,695,93,0,11
632,696,93,0,11
632,697,93,0,11
632,698,93,0,11
632,699,93,0,11
632,700,93,0,11
632,701,93,0,11
632,702,93,0,11
632,703,93,0,11
632,704,93,0,11
632,705,93,0,11
632,706,93,0,11
632,707,93,0,11
632,708,93,0,11
632,709,93,0,11
632,710,93,0,11
632,711,93,0,11
632,712,93,0,11
632,713,93,0,11
632,714,93,0,11
632,715,93,0,11
632,716,93,0,11
632,717,93,0,11
632,718,93,0,11
632,719,93,0,11
632,720,93,0,11
632,721,93,0,11
632,722,93,0,11
632,723,93,0,11
632,724,93,0,11
635,625,203,0,14
635,626,203,0,14
635,627,203,0,14
635,628,203,0,14
635,629,203,0,14
635,630,203,0,14
635,631,203,0,14
635,632,203,0,14
635,633,203,0,14
635,634,203,0,14
635,636,203,0,14
635,637,203,0,14
635,638,203,0,14
635,639,203,0,14
635,640,203,0,14
635,641,203,0,14
635,642,203,0,14
635,643,203,0,14
635,644,203,0,14
635,645,203,0,14
635,646,203,0,14
635,647,203,0,14
635,648,203,0,14
635,649,203,0,14
635,650,203,0,14
635,651,203,0,14
635,652,203,0,14
635,653,203,0,14
635,654,203,0,14
635,655,203,0,14
635,656,203,0,14
635,657,203,0,14
635,658,203,0,14
635,659,203,0,14
635,660,203,0,14
635,661,203,0,14
635,662,203,0,14
635,663,203,0,14
635,664,203,0,14
635,665,203,0,14
635,666,203,0,14
635,667,203,0,14
635,668,203,0,14
635,669,203,0,14
635,670,203,0,14
635,671,203,0,14
635,672,203,0,14
635,673,203,0,14
635,674,203,0,14
635,675,203,0,14
635,676,203,0,14
635,677,203,0,14
635,678,203,0,14
635,679,203,0,14
635,680,203,0,14
635,681,203,0,14
635,682,203,0,14
635,683,203,0,14
635,684,203,0,14
635,685,203,0,14
635,686,203,0,14
635,687,203,0,14
635,688,203,0,14
635,689,203,0,14
635,690,203,0,14
635,691,203,0,14
635,692,203,0,14
635,693,203,0,14
635,694,203,0,14
635,695,203,0,14
635,696,203,0,14
635,697,203,0,14
635,698,203,0,14
635,699,203,0,14
635,700,203,0,14
635,701,203,0,14
635,702,203,0,14
635,703,203,0,14
635,704,203,0,14
635,705,203,0,14
635,706,203,0,14
635,707,203,0,14
635,708,203,0,14
635,709,203,0,14
635,710,203,0,14
635,711,203,0,14
635,712,203,0,14
635,713,203,0,14
635,714,203,0,14
635,715,203,0,14
635,716,203,0,14
635,717,203,0,14
635,718,203,0,14
635,719,203,0,14
635,720,203,0,14
635,721,203,0,14
635,722,203,0,14
635,723,203,0,14
635,724,203,0,14
652,625,160,0,31
652,626,160,0,31
652,627,160,0,31
652,628,160,0,31
652,629,160,0,31
652,630,160,0,31
652,631,160,0,31
652,632,160,0,31
652,633,160,0,31
652,634,160,0,31
652,635,160,0,31
652,636,160,0,31
652,637,160,0,31
652,638,160,0,31
652,639,160,0,31
652,640,160,0,31
652,641,160,0,31
652,642,160,0,31
652,643,160,0,31
652,644,160,0,31
652,645,160,0,31
652,646,160,0,31
652,647,160,0,31
652,648,160,0,31
652,649,160,0,31
652,650,160,0,31
652,651,160,0,31
652,653,160,0,31
652,654,160,0,31
652,655,160,0,31
652,656,160,0,31
652,657,160,0,31
652,658,160,0,31
652,659,160,0,31
652,660,160,0,31
652,661,160,0,31
652,662,160,0,31
652,663,160,0,31
652,664,160,0,31
652,665,160,0,31
652,666,160,0,31
652,667,160,0,31
652,668,160,0,31
652,669,160,0,31
652,670,160,0,31
652,671,160,0,31
652,672,160,0,31
652,673,160,0,31
652,674,160,0,31
652,675,160,0,31
652,676,160,0,31
652,677,160,0,31
652,678,160,0,31
652,679,160,0,31
652,680,160,0,31
652,681,160,0,31
652,682,160,0,31
652,683,160,0,31
652,684,160,0,31
652,685,160,0,31
652,686,160,0,31
652,687,160,0,31
652,688,160,0,31
652,689,160,0,31
652,690,160,0,31
652,691,160,0,31
652,692,160,0,31
652,693,160,0,31
652,694,160,0,31
652,695,160,0,31
652,696,160,0,31
652,697,160,0,31
652,698,160,0,31
652,699,160,0,31
652,700,160,0,31
652,701,160,0,31
652,702,160,0,31
652,703,160,0,31
652,704,160,0,31
652,705,160,0,31
652,706,160,0,31
652,707,160,0,31
652,708,160,0,31
652,709,160,0,31
652,710,160,0,31
652,711,160,0,31
652,712,160,0,31
652,713,160,0,31
652,714,160,0,31
652,715,160,0,31
652,716,160,0,31
652,717,160,0,31
652,718,160,0,31
652,719,160,0,31
652,720,160,0,31
652,721,160,0,31
652,722,160,0,31
652,723,160,0,31
652,724,160,0,31
653,625,513,0,32
653,626,513,0,32
653,627,513,0,32
653,628,513,0,32
653,629,513,0,32
653,630,513,0,32
653,631,513,0,32
653,632,513,0,32
653,633,513,0,32
653,634,513,0,32
653,635,513,0,32
653,636,513,0,32
653,637,513,0,32
653,638,513,0,32
653,639,513,0,32
653,640,513,0,32
653,641,513,0,32
653,642,513,0,32
653,643,513,0,32
653,644,513,0,32
653,645,513,0,32
653,646,513,0,32
653,647,513,0,32
653,648,513,0,32
653,649,513,0,32
653,650,513,0,32
653,651,513,0,32
653,652,513,0,32
653,654,513,0,32
653,655,513,0,32
653,656,513,0,32
653,657,513,0,32
653,658,513,0,32
653,659,513,0,32
653,660,513,0,32
653,661,513,0,32
653,662,513,0,32
653,663,513,0,32
653,664,513,0,32
653,665,513,0,32
653,666,513,0,32
653,667,513,0,32
653,668,513,0,32
653,669,513,0,32
653,670,513,0,32
653,671,513,0,32
653,672,513,0,32
653,673,513,0,32
653,674,513,0,32
653,675,513,0,32
653,676,513,0,32
653,677,513,0,32
653,678,513,0,32
653,679,513,0,32
653,680,513,0,32
653,681,513,0,32
653,682,513,0,32
653,683,513,0,32
653,684,513,0,32
653,685,513,0,32
653,686,513,0,32
653,687,513,0,32
653,688,513,0,32
653,689,513,0,32
653,690,513,0,32
653,691,513,0,32
653,692,513,0,32
653,693,513,0,32
653,694,513,0,32
653,695,513,0,32
653,696,513,0,32
653,697,513,0,32
653,698,513,0,32
653,699,513,0,32
653,700,513,0,32
653,701,513,0,32
653,702,513,0,32
653,703,513,0,32
653,704,513,0,32
653,705,513,0,32
653,706,513,0,32
653,707,513,0,32
653,708,513,0,32
653,709,513,0,32
653,710,513,0,32
653,711,513,0,32
653,712,513,0,32
653,713,513,0,32
653,714,513,0,32
653,715,513,0,32
653,716,513,0,32
653,717,513,0,32
653,718,513,0,32
653,719,513,0,32
653,720,513,0,32
653,721,513,0,32
653,722,513,0,32
653,723,513,0,32
653,724,513,0,32
674,625,180,0,53
674,626,180,0,53
674,627,180,0,53
674,628,180,0,53
674,629,180,0,53
674,630,180,0,53
674,631,180,0,53
674,632,180,0,53
674,633,180,0,53
674,634,180,0,53
674,635,180,0,53
674,636,180,0,53
674,637,180,0,53
674,638,180,0,53
674,639,180,0,53
674,640,180,0,53
674,641,180,0,53
674,642,180,0,53
674,643,180,0,53
674,644,180,0,53
674,645,180,0,53
674,646,180,0,53
674,647,180,0,53
674,648,180,0,53
674,649,180,0,53
674,650,180,0,53
674,651,180,0,53
674,652,180,0,53
674,653,180,0,53
674,654,180,0,53
674,655,180,0,53
674,656,180,0,53
674,657,180,0,53
674,658,180,0,53
674,659,180,0,53
674,660,180,0,53
674,661,180,0,53
674,662,180,0,53
674,663,180,0,53
674,664,180,0,53
674,665,180,0,53
674,666,180,0,53
674,667,180,0,53
674,668,180,0,53
674,669,180,0,53
674,670,180,0,53
674,671,180,0,53
674,672,180,0,53
674,673,180,0,53
674,675,180,0,53
674,676,180,0,53
674,677,180,0,53
674,678,180,0,53
674,679,180,0,53
674,680,180,0,53
674,681,180,0,53
674,682,180,0,53
674,683,180,0,53
674,684,180,0,53
674,685,180,0,53
674,686,180,0,53
674,687,180,0,53
674,688,180,0,53
674,689,180,0,53
674,690,180,0,53
674,691,180,0,53
674,692,180,0,53
674,693,180,0,53
674,694,180,0,53
674,695,180,0,53
674,696,180,0,53
674,697,180,0,53
674,698,180,0,53
674,699,180,0,53
674,700,180,0,53
674,701,180,0,53
674,702,180,0,53
674,703,180,0,53
674,704,180,0,53
674,705,180,0,53
674,706,180,0,53
674,707,180,0,53
674,708,180,0,53
674,709,180,0,53
674,710,180,0,53
674,711,180,0,53
674,712,180,0,53
674,713,180,0,53
674,714,180,0,53
674,715,180,0,53
674,716,180,0,53
674,717,180,0,53
674,718,180,0,53
674,719,180,0,53
674,720,180,0,53
674,721,180,0,53
674,722,180,0,53
674,723,180,0,53
674,724,180,0,53
684,625,388,0,63
684,626,388,0,63
684,627,388,0,63
684,628,388,0,63
684,629,388,0,63
684,630,388,0,63
684,631,388,0,63
684,632,388,0,63
684,633,388,0,63
684,634,388,0,63
684,635,388,0,63
684,636,388,0,63
684,637,388,0,63
684,638,388,0,63
684,639,388,0,63
684,640,388,0,63
684,641,388,0,63
684,642,388,0,63
684,643,388,0,63
684,644,388,0,63
684,645,388,0,63
684,646,388,0,63
684,647,388,0,63
684,648,388,0,63
684,649,388,0,63
684,650,388,0,63
684,651,388,0,63
684,652,388,0,63
684,653,388,0,63
684,654,388,0,63
684,655,388,0,63
684,656,388,0,63
684,657,388,0,63
684,658,388,0,63
684,659,388,0,63
684,660,388,0,63
684,661,388,0,63
684,662,388,0,63
684,663,388,0,63
684,664,388,0,63
684,665,388,0,63
684,666,388,0,63
684,667,388,0,63
684,668,388,0,63
684,669,388,0,63
684,670,388,0,63
684,671,388,0,63
684,672,388,0,63
684,673,388,0,63
684,674,388,0,63
684,675,388,0,63
684,676,388,0,63
684,677,388,0,63
684,678,388,0,63
684,679,388,0,63
684,680,388,0,63
684,681,388,0,63
684,682,388,0,63
684,683,388,0,63
684,685,388,0,63
684,686,388,0,63
684,687,388,0,63
684,688,388,0,63
684,689,388,0,63
684,690,388,0,63
684,691,388,0,63
684,692,388,0,63
684,693,388,0,63
684,694,388,0,63
684,695,388,0,63
684,696,388,0,63
684,697,388,0,63
684,698,388,0,63
684,699,388,0,63
684,700,388,0,63
684,701,388,0,63
684,702,388,0,63
684,703,388,0,63
684,704,388,0,63
684,705,388,0,63
684,706,388,0,63
684,707,388,0,63
684,708,388,0,63
684,709,388,0,63
684,710,388,0,63
684,711,388,0,63
684,712,388,0,63
684,713,388,0,63
684,714,388,0,63
684,715,388,0,63
684,716,388,0,63
684,717,388,0,63
684,718,388,0,63
684,719,388,0,63
684,720,388,0,63
684,721,388,0,63
684,722,388,0,63
684,723,388,0,63
684,724,388,0,63
687,625,392,0,66
687,626,392,0,66
687,627,392,0,66
687,628,392,0,66
687,629,392,0,66
687,630,392,0,66
687,631,392,0,66
687,632,392,0,66
687,633,392,0,66
687,634,392,0,66
687,635,392,0,66
687,636,392,0,66
687,637,392,0,66
687,638,392,0,66
687,639,392,0,66
687,640,392,0,66
687,641,392,0,66
687,642,392,0,66
687,643,392,0,66
687,644,392,0,66
687,645,392,0,66
687,646,392,0,66
687,647,392,0,66
687,648,392,0,66
687,649,392,0,66
687,650,392,0,66
687,651,392,0,66
687,652,392,0,66
687,653,392,0,66
687,654,392,0,66
687,655,392,0,66
687,656,392,0,66
687,657,392,0,66
687,658,392,0,66
687,659,392,0,66
687,660,392,0,66
687,661,392,0,66
687,662,392,0,66
687,663,392,0,66
687,664,392,0,66
687,665,392,0,66
687,666,392,0,66
687,667,392,0,66
687,668,392,0,66
687,669,392,0,66
687,670,392,0,66
687,671,392,0,66
687,672,392,0,66
687,673,392,0,66
687,674,392,0,66
687,675,392,0,66
687,676,392,0,66
687,677,392,0,66
687,678,392,0,66
687,679,392,0,66
687,680,392,0,66
687,681,392,0,66
687,682,392,0,66
687,683,392,0,66
687,684,392,0,66
687,685,392,0,66
687,686,392,0,66
687,688,392,0,66
687,689,392,0,66
687,690,392,0,66
687,691,392,0,66
687,692,392,0,66
687,693,392,0,66
687,694,392,0,66
687,695,392,0,66
687,696,392,0,66
687,697,392,0,66
687,698,392,0,66
687,699,392,0,66
687,700,392,0,66
687,701,392,0,66
687,702,392,0,66
687,703,392,0,66
687,704,392,0,66
687,705,392,0,66
687,706,392,0,66
687,707,392,0,66
687,708,392,0,66
687,709,392,0,66
687,710,392,0,66
687,711,392,0,66
687,712,392,0,66
687,713,392,0,66
687,714,392,0,66
687,715,392,0,66
687,716,392,0,66
687,717,392,0,66
687,718,392,0,66
687,719,392,0,66
687,720,392,0,66
687,721,392,0,66
687,722,392,0,66
687,723,392,0,66
687,724,392,0,66
688,625,416,0,67
688,626,416,0,67
688,627,416,0,67
688,628,416,0,67
688,629,416,0,67
688,630,416,0,67
688,631,416,0,67
688,632,416,0,67
688,633,416,0,67
688,634,416,0,67
688,635,416,0,67
688,636,416,0,67
688,637,416,0,67
688,638,416,0,67
688,639,416,0,67
688,640,416,0,67
688,641,416,0,67
688,642,416,0,67
688,643,416,0,67
688,644,416,0,67
688,645,416,0,67
688,646,416,0,67
688,647,416,0,67
688,648,416,0,67
688,649,416,0,67
688,650,416,0,67
688,651,416,0,67
688,652,416,0,67
688,653,416,0,67
688,654,416,0,67
688,655,416,0,67
688,656,416,0,67
688,657,416,0,67
688,658,416,0,67
688,659,416,0,67
688,660,416,0,67
688,661,416,0,67
688,662,416,0,67
688,663,416,0,67
688,664,416,0,67
688,665,416,0,67
688,666,416,0,67
688,667,416,0,67
688,668,416,0,67
688,669,416,0,67
688,670,416,0,67
688,671,416,0,67
688,672,416,0,67
688,673,416,0,67
688,674,416,0,67
688,675,416,0,67
688,676,416,0,67
688,677,416,0,67
688,678,416,0,67
688,679,416,0,67
688,680,416,0,67
688,681,416,0,67
688,682,416,0,67
688,683,416,0,67
688,684,416,0,67
688,685,416,0,67
688,686,416,0,67
688,687,416,0,67
688,689,416,0,67
688,690,416,0,67
688,691,416,0,67
688,692,416,0,67
688,693,416,0,67
688,694,416,0,67
688,695,416,0,67
688,696,416,0,67
688,697,416,0,67
688,698,416,0,67
688,699,416,0,67
688,700,416,0,67
688,701,416,0,67
688,702,416,0,67
688,703,416,0,67
688,704,416,0,67
688,705,416,0,67
688,706,416,0,67
688,707,416,0,67
688,708,416,0,67
688,709,416,0,67
688,710,416,0,67
688,711,416,0,67
688,712,416,0,67
688,713,416,0,67
688,714,416,0,67
688,715,416,0,67
688,716,416,0,67
688,717,416,0,67
688,718,416,0,67
688,719,416,0,67
688,720,416,0,67
688,721,416,0,67
688,722,416,0,67
688,723,416,0,67
688,724,416,0,67
694,625,181,0,73
694,626,181,0,73
694,627,181,0,73
694,628,181,0,73
694,629,181,0,73
694,630,181,0,73
694,631,181,0,73
694,632,181,0,73
694,633,181,0,73
694,634,181,0,73
694,635,181,0,73
694,636,181,0,73
694,637,181,0,73
694,638,181,0,73
694,639,181,0,73
694,640,181,0,73
694,641,181,0,73
694,642,181,0,73
694,643,181,0,73
694,644,181,0,73
694,645,181,0,73
694,646,181,0,73
694,647,181,0,73
694,648,181,0,73
694,649,181,0,73
694,650,181,0,73
694,651,181,0,73
694,652,181,0,73
694,653,181,0,73
694,654,181,0,73
694,655,181,0,73
694,656,181,0,73
694,657,181,0,73
694,658,181,0,73
694,659,181,0,73
694,660,181,0,73
694,661,181,0,73
694,662,181,0,73
694,663,181,0,73
694,664,181,0,73
694,665,181,0,73
694,666,181,0,73
694,667,181,0,73
694,668,181,0,73
694,669,181,0,73
694,670,181,0,73
694,671,181,0,73
694,672,181,0,73
694,673,181,0,73
694,674,181,0,73
694,675,181,0,73
694,676,181,0,73
694,677,181,0,73
694,678,181,0,73
694,679,181,0,73
694,680,181,0,73
694,681,181,0,73
694,682,181,0,73
694,683,181,0,73
694,684,181,0,73
694,685,181,0,73
694,686,181,0,73
694,687,181,0,73
694,688,181,0,73
694,689,181,0,73
694,690,181,0,73
694,691,181,0,73
694,692,181,0,73
694,693,181,0,73
694,695,181,0,73
694,696,181,0,73
694,697,181,0,73
694,698,181,0,73
694,699,181,0,73
694,700,181,0,73
694,701,181,0,73
694,702,181,0,73
694,703,181,0,73
694,704,181,0,73
694,705,181,0,73
694,706,181,0,73
694,707,181,0,73
694,708,181,0,73
694,709,181,0,73
694,710,181,0,73
694,711,181,0,73
694,712,181,0,73
694,713,181,0,73
694,714,181,0,73
694,715,181,0,73
694,716,181,0,73
694,717,181,0,73
694,718,181,0,73
694,719,181,0,73
694,720,181,0,73
694,721,181,0,73
694,722,181,0,73
694,723,181,0,73
694,724,181,0,73
701,625,58,0,80
701,626,58,0,80
701,627,58,0,80
701,628,58,0,80
701,629,58,0,80
701,630,58,0,80
701,631,58,0,80
701,632,58,0,80
701,633,58,0,80
701,634,58,0,80
701,635,58,0,80
701,636,58,0,80
701,637,58,0,80
701,638,58,0,80
701,639,58,0,80
701,640,58,0,80
701,641,58,0,80
701,642,58,0,80
701,643,58,0,80
701,644,58,0,80
701,645,58,0,80
701,646,58,0,80
701,647,58,0,80
701,648,58,0,80
701,649,58,0,80
701,650,58,0,80
701,651,58,0,80
701,652,58,0,80
701,653,58,0,80
701,654,58,0,80
701,655,58,0,80
701,656,58,0,80
701,657,58,0,80
701,658,58,0,80
701,659,58,0,80
701,660,58,0,80
701,661,58,0,80
701,662,58,0,80
701,663,58,0,80
701,664,58,0,80
701,665,58,0,80
701,666,58,0,80
701,667,58,0,80
701,668,58,0,80
701,669,58,0,80
701,670,58,0,80
701,671,58,0,80
701,672,58,0,80
701,673,58,0,80
701,674,58,0,80
701,675,58,0,80
701,676,58,0,80
701,677,58,0,80
701,678,58,0,80
701,679,58,0,80
701,680,58,0,80
701,681,58,0,80
701,682,58,0,80
701,683,58,0,80
701,684,58,0,80
701,685,58,0,80
701,686,58,0,80
701,687,58,0,80
701,688,58,0,80
701,689,58,0,80
701,690,58,0,80
701,691,58,0,80
701,692,58,0,80
701,693,58,0,80
701,694,58,0,80
701,695,58,0,80
701,696,58,0,80
701,697,58,0,80
701,698,58,0,80
701,699,58,0,80
701,700,58,0,80
701,702,58,0,80
701,703,58,0,80
701,704,58,0,80
701,705,58,0,80
701,706,58,0,80
701,707,58,0,80
701,708,58,0,80
701,709,58,0,80
701,710,58,0,80
701,711,58,0,80
701,712,58,0,80
701,713,58,0,80
701,714,58,0,80
701,715,58,0,80
701,716,58,0,80
701,717,58,0,80
701,718,58,0,80
701,719,58,0,80
701,720,58,0,80
701,721,58,0,80
701,722,58,0,80
701,723,58,0,80
701,724,58,0,80
703,625,610,0,82
703,626,610,0,82
703,627,610,0,82
703,628,610,0,82
703,629,610,0,82
703,630,610,0,82
703,631,610,0,82
703,632,610,0,82
703,633,610,0,82
703,634,610,0,82
703,635,610,0,82
703,636,610,0,82
703,637,610,0,82
703,638,610,0,82
703,639,610,0,82
703,640,610,0,82
703,641,610,0,82
703,642,610,0,82
703,643,610,0,82
703,644,610,0,82
703,645,610,0,82
703,646,610,0,82
703,647,610,0,82
703,648,610,0,82
703,649,610,0,82
703,650,610,0,82
703,651,610,0,82
703,652,610,0,82
703,653,610,0,82
703,654,610,0,82
703,655,610,0,82
703,656,610,0,82
703,657,610,0,82
703,658,610,0,82
703,659,610,0,82
703,660,610,0,82
703,661,610,0,82
703,662,610,0,82
703,663,610,0,82
703,664,610,0,82
703,665,610,0,82
703,666,610,0,82
703,667,610,0,82
703,668,610,0,82
703,669,610,0,82
703,670,610,0,82
703,671,610,0,82
703,672,610,0,82
703,673,610,0,82
703,674,610,0,82
703,675,610,0,82
703,676,610,0,82
703,677,610,0,82
703,678,610,0,82
703,679,610,0,82
703,680,610,0,82
703,681,610,0,82
703,682,610,0,82
703,683,610,0,82
703,684,610,0,82
703,685,610,0,82
703,686,610,0,82
703,687,610,0,82
703,688,610,0,82
703,689,610,0,82
703,690,610,0,82
703,691,610,0,82
703,692,610,0,82
703,693,610,0,82
703,694,610,0,82
703,695,610,0,82
703,696,610,0,82
703,697,610,0,82
703,698,610,0,82
703,699,610,0,82
703,700,610,0,82
703,701,610,0,82
703,702,610,0,82
703,704,610,0,82
703,705,610,0,82
703,706,610,0,82
703,707,610,0,82
703,708,610,0,82
703,709,610,0,82
703,710,610,0,82
703,711,610,0,82
703,712,610,0,82
703,713,610,0,82
703,714,610,0,82
703,715,610,0,82
703,716,610,0,82
703,717,610,0,82
703,718,610,0,82
703,719,610,0,82
703,720,610,0,82
703,721,610,0,82
703,722,610,0,82
703,723,610,0,82
703,724,610,0,82
706,625,108,0,85
706,626,108,0,85
706,627,108,0,85
706,628,108,0,85
706,629,108,0,85
706,630,108,0,85
706,631,108,0,85
706,632,108,0,85
706,633,108,0,85
706,634,108,0,85
706,635,108,0,85
706,636,108,0,85
706,637,108,0,85
706,638,108,0,85
706,639,108,0,85
706,640,108,0,85
706,641,108,0,85
706,642,108,0,85
706,643,108,0,85
706,644,108,0,85
706,645,108,0,85
706,646,108,0,85
706,647,108,0,85
706,648,108,0,85
706,649,108,0,85
706,650,108,0,85
706,651,108,0,85
706,652,108,0,85
706,653,108,0,85
706,654,108,0,85
706,655,108,0,85
706,656,108,0,85
706,657,108,0,85
706,658,108,0,85
706,659,108,0,85
706,660,108,0,85
706,661,108,0,85
706,662,108,0,85
706,663,108,0,85
706,664,108,0,85
706,665,108,0,85
706,666,108,0,85
706,667,108,0,85
706,668,108,0,85
706,669,108,0,85
706,670,108,0,85
706,671,108,0,85
706,672,108,0,85
706,673,108,0,85
706,674,108,0,85
706,675,108,0,85
706,676,108,0,85
706,677,108,0,85
706,678,108,0,85
706,679,108,0,85
706,680,108,0,85
706,681,108,0,85
706,682,108,0,85
706,683,108,0,85
706,684,108,0,85
706,685,108,0,85
706,686,108,0,85
706,687,108,0,85
706,688,108,0,85
706,689,108,0,85
706,690,108,0,85
706,691,108,0,85
706,692,108,0,85
706,693,108,0,85
706,694,108,0,85
706,695,108,0,85
706,696,108,0,85
706,697,108,0,85
706,698,108,0,85
706,699,108,0,85
706,700,108,0,85
706,701,108,0,85
706,702,108,0,85
706,703,108,0,85
706,704,108,0,85
706,705,108,0,85
706,707,108,0,85
706,708,108,0,85
706,709,108,0,85
706,710,108,0,85
706,711,108,0,85
706,712,108,0,85
706,713,108,0,85
706,714,108,0,85
706,715,108,0,85
706,716,108,0,85
706,717,108,0,85
706,718,108,0,85
706,719,108,0,85
706,720,108,0,85
706,721,108,0,85
706,722,108,0,85
706,723,108,0,85
706,724,108,0,85
