1,669,2,1,0
1,688,26,2,0
2,647,27,2,0
2,669,3,1,0
2,674,3,1,0
2,682,27,2,0
3,629,4,1,0
3,647,28,2,0
3,654,603,3,3
3,669,4,1,0
3,674,4,1,0
3,679,4,1,0
3,687,28,2,0
3,722,4,1,0
4,629,5,1,0
4,647,29,2,0
4,654,604,3,3
4,669,5,1,0
4,674,5,1,0
4,679,5,1,0
4,687,29,2,0
4,692,5,1,0
4,722,5,1,0
5,629,6,1,0
5,647,30,2,0
5,654,605,3,3
5,669,6,1,0
5,674,6,1,0
5,679,6,1,0
5,687,30,2,0
5,722,6,1,0
6,629,606,3,3
6,647,31,2,0
6,654,606,3,3
6,669,31,2,0
6,674,606,3,3
6,679,606,3,3
6,687,31,2,0
7,629,607,3,3
7,647,6,0,1
7,654,6,0,1
7,669,32,2,0
7,674,607,3,3
7,679,607,3,3
7,687,6,0,1
7,722,32,2,0
8,629,608,3,3
8,647,7,0,1
8,654,7,0,1
8,669,33,2,0
8,674,608,3,3
8,679,608,3,3
8,687,7,0,1
8,722,33,2,0
9,647,8,0,1
9,669,34,2,0
9,674,609,3,3
10,669,35,2,0
10,688,9,0,1
11,684,10,0,1
11,693,10,0,1
13,684,12,0,1
13,693,12,0,1
14,647,15,1,0
14,669,39,2,0
15,629,615,3,3
15,647,16,1,0
15,654,16,1,0
15,669,40,2,0
15,674,615,3,3
15,682,16,1,0
15,687,16,1,0
16,629,616,3,3
16,647,17,1,0
16,654,17,1,0
16,669,41,2,0
16,674,616,3,3
16,679,616,3,3
16,687,17,1,0
16,722,41,2,0
17,629,617,3,3
17,647,18,1,0
17,654,18,1,0
17,669,42,2,0
17,674,617,3,3
17,679,617,3,3
17,687,18,1,0
17,692,16,0,1
17,722,42,2,0
18,629,618,3,3
18,647,43,2,0
18,654,618,3,3
18,669,43,2,0
18,674,618,3,3
18,679,618,3,3
18,687,43,2,0
19,629,18,0,1
19,647,44,2,0
19,654,619,3,3
19,669,18,0,1
19,674,18,0,1
19,679,18,0,1
19,687,44,2,0
19,692,20,1,0
19,722,18,0,1
20,629,19,0,1
20,647,45,2,0
20,654,620,3,3
20,669,19,0,1
20,674,19,0,1
20,679,19,0,1
20,687,45,2,0
20,722,19,0,1
21,629,20,0,1
21,647,46,2,0
21,654,621,3,3
21,669,20,0,1
21,674,20,0,1
21,682,46,2,0
21,687,46,2,0
22,647,47,2,0
22,669,21,0,1
23,684,24,1,0
23,688,48,2,0
23,693,24,1,0
26,669,27,2,1
26,688,51,3,0
27,647,52,3,0
27,669,28,2,1
27,674,28,2,1
27,682,52,3,0
28,629,29,2,1
28,647,53,3,0
28,654,3,0,2
28,669,29,2,1
28,674,29,2,1
28,679,29,2,1
28,687,53,3,0
28,722,29,2,1
29,629,30,2,1
29,647,54,3,0
29,654,4,0,2
29,669,30,2,1
29,674,30,2,1
29,679,30,2,1
29,687,54,3,0
29,692,30,2,1
29,722,30,2,1
30,629,31,2,1
30,647,55,3,0
30,654,5,0,2
30,669,31,2,1
30,674,31,2,1
30,679,31,2,1
30,687,55,3,0
30,722,31,2,1
31,629,6,0,2
31,647,56,3,0
31,654,6,0,2
31,674,6,0,2
31,687,56,3,0
32,629,7,0,2
32,647,31,1,2
32,654,31,1,2
32,669,57,3,0
32,674,7,0,2
32,679,7,0,2
32,687,31,1,2
32,722,57,3,0
33,629,8,0,2
33,647,32,1,2
33,654,32,1,2
33,669,58,3,0
33,674,8,0,2
33,679,8,0,2
33,687,32,1,2
33,722,58,3,0
34,647,33,1,2
34,669,59,3,0
34,674,9,0,2
35,669,60,3,0
35,688,34,1,2
36,684,35,1,2
36,693,35,1,2
38,684,37,1,2
38,693,37,1,2
39,647,40,2,1
39,669,64,3,0
40,629,15,0,2
40,647,41,2,1
40,654,41,2,1
40,669,65,3,0
40,674,15,0,2
40,682,41,2,1
40,687,41,2,1
41,629,16,0,2
41,647,42,2,1
41,654,42,2,1
41,669,66,3,0
41,674,16,0,2
41,679,16,0,2
41,687,42,2,1
41,722,66,3,0
42,629,17,0,2
42,647,43,2,1
42,654,43,2,1
42,669,67,3,0
42,674,17,0,2
42,679,17,0,2
42,687,43,2,1
42,692,41,1,2
42,722,67,3,0
43,629,18,0,2
43,647,68,3,0
43,654,18,0,2
43,674,18,0,2
43,687,68,3,0
44,629,43,1,2
44,647,69,3,0
44,654,19,0,2
44,669,43,1,2
44,674,43,1,2
44,679,43,1,2
44,687,69,3,0
44,692,45,2,1
44,722,43,1,2
45,629,44,1,2
45,647,70,3,0
45,654,20,0,2
45,669,44,1,2
45,674,44,1,2
45,679,44,1,2
45,687,70,3,0
45,722,44,1,2
46,629,45,1,2
46,647,71,3,0
46,654,21,0,2
46,669,45,1,2
46,674,45,1,2
46,682,71,3,0
46,687,71,3,0
47,647,72,3,0
47,669,46,1,2
48,684,49,2,1
48,688,73,3,0
48,693,49,2,1
51,669,52,2,1
51,688,76,3,0
52,647,77,3,0
52,669,53,2,1
52,674,53,2,1
52,682,77,3,0
53,629,54,2,1
53,647,78,3,0
53,654,28,0,3
53,669,54,2,1
53,674,54,2,1
53,679,54,2,1
53,687,78,3,0
53,722,54,2,1
54,629,55,2,1
54,647,79,3,0
54,654,29,0,3
54,669,55,2,1
54,674,55,2,1
54,679,55,2,1
54,687,79,3,0
54,692,55,2,1
54,722,55,2,1
55,629,56,2,1
55,647,80,3,0
55,654,30,0,3
55,669,56,2,1
55,674,56,2,1
55,679,56,2,1
55,687,80,3,0
55,722,56,2,1
56,647,81,3,0
56,654,31,0,3
56,674,31,0,3
57,629,82,3,0
57,647,56,1,2
57,654,56,1,2
57,669,82,3,0
57,674,32,0,3
57,679,32,0,3
57,687,56,1,2
57,722,82,3,0
58,629,83,3,0
58,647,57,1,2
58,654,57,1,2
58,669,83,3,0
58,674,33,0,3
58,679,33,0,3
58,687,57,1,2
58,722,83,3,0
59,647,58,1,2
59,669,84,3,0
59,674,34,0,3
60,669,85,3,0
60,688,59,1,2
60,693,693,72,0
61,684,60,1,2
61,693,60,1,2
63,684,62,1,2
64,647,65,2,1
64,669,89,3,0
65,629,90,3,0
65,647,66,2,1
65,654,66,2,1
65,669,90,3,0
65,674,40,0,3
65,682,66,2,1
65,687,66,2,1
66,629,91,3,0
66,647,67,2,1
66,654,67,2,1
66,669,91,3,0
66,674,41,0,3
66,679,41,0,3
66,687,67,2,1
66,722,91,3,0
67,629,92,3,0
67,647,68,2,1
67,654,68,2,1
67,669,92,3,0
67,674,42,0,3
67,679,42,0,3
67,687,68,2,1
67,692,66,1,2
67,722,92,3,0
68,647,93,3,0
68,654,43,0,3
68,674,43,0,3
69,629,68,1,2
69,647,94,3,0
69,654,44,0,3
69,669,68,1,2
69,674,68,1,2
69,679,68,1,2
69,687,94,3,0
69,692,70,2,1
69,722,68,1,2
70,629,69,1,2
70,647,95,3,0
70,654,45,0,3
70,669,69,1,2
70,674,69,1,2
70,679,69,1,2
70,687,95,3,0
70,722,69,1,2
71,629,70,1,2
71,647,96,3,0
71,654,46,0,3
71,669,70,1,2
71,674,70,1,2
71,682,96,3,0
71,687,96,3,0
72,647,97,3,0
72,669,71,1,2
73,684,74,2,1
73,688,98,3,0
73,693,74,2,1
76,669,77,2,1
76,688,101,3,0
77,647,102,3,0
77,669,78,2,1
77,674,78,2,1
77,682,102,3,0
78,629,79,2,1
78,647,103,3,0
78,654,53,0,3
78,669,79,2,1
78,674,79,2,1
78,679,79,2,1
78,687,103,3,0
78,722,79,2,1
79,629,80,2,1
79,647,104,3,0
79,654,54,0,3
79,669,80,2,1
79,674,80,2,1
79,679,80,2,1
79,687,104,3,0
79,692,80,2,1
79,722,80,2,1
80,629,81,2,1
80,647,105,3,0
80,654,55,0,3
80,669,81,2,1
80,674,81,2,1
80,679,81,2,1
80,687,105,3,0
80,722,81,2,1
81,647,106,3,0
81,669,82,2,1
81,674,56,0,3
81,684,56,0,3
81,722,82,2,1
82,629,107,3,0
82,647,81,1,2
82,654,81,1,2
82,669,83,2,1
82,674,57,0,3
82,679,57,0,3
82,684,57,0,3
82,687,81,1,2
82,722,83,2,1
83,629,108,3,0
83,647,82,1,2
83,654,82,1,2
83,669,84,2,1
83,674,58,0,3
83,679,58,0,3
83,684,58,0,3
83,687,82,1,2
83,722,722,101,0
84,647,83,1,2
84,669,85,2,1
84,674,59,0,3
84,684,59,0,3
85,669,669,48,0
85,684,60,0,3
85,688,84,1,2
86,684,85,1,2
86,693,85,1,2
88,684,87,1,2
88,693,87,1,2
89,647,90,2,1
89,669,88,1,2
89,684,64,0,3
90,629,115,3,0
90,647,91,2,1
90,654,91,2,1
90,669,89,1,2
90,674,65,0,3
90,682,91,2,1
90,684,65,0,3
90,687,91,2,1
91,629,116,3,0
91,647,92,2,1
91,654,92,2,1
91,669,90,1,2
91,674,66,0,3
91,679,66,0,3
91,684,66,0,3
91,687,92,2,1
91,722,90,1,2
92,629,117,3,0
92,647,93,2,1
92,654,93,2,1
92,669,91,1,2
92,674,67,0,3
92,679,67,0,3
92,684,67,0,3
92,687,93,2,1
92,692,91,1,2
92,722,91,1,2
93,647,118,3,0
93,669,92,1,2
93,674,68,0,3
93,684,68,0,3
93,722,92,1,2
94,629,93,1,2
94,647,119,3,0
94,654,69,0,3
94,669,93,1,2
94,674,93,1,2
94,679,93,1,2
94,687,119,3,0
94,692,95,2,1
94,722,93,1,2
95,629,94,1,2
95,647,120,3,0
95,654,70,0,3
95,669,94,1,2
95,674,94,1,2
95,679,94,1,2
95,687,120,3,0
95,722,94,1,2
96,629,95,1,2
96,647,121,3,0
96,654,71,0,3
96,669,95,1,2
96,674,95,1,2
96,682,121,3,0
96,687,121,3,0
97,647,122,3,0
97,669,96,1,2
98,684,99,2,1
98,688,123,3,0
98,693,99,2,1
101,669,102,2,1
101,688,126,3,0
102,647,127,3,0
102,669,103,2,1
102,674,103,2,1
102,682,127,3,0
103,629,104,2,1
103,647,128,3,0
103,654,78,0,3
103,669,104,2,1
103,674,104,2,1
103,679,104,2,1
103,687,128,3,0
103,722,104,2,1
104,629,105,2,1
104,647,129,3,0
104,654,79,0,3
104,669,105,2,1
104,674,105,2,1
104,679,105,2,1
104,687,129,3,0
104,692,105,2,1
104,722,105,2,1
105,629,106,2,1
105,647,130,3,0
105,654,80,0,3
105,669,106,2,1
105,674,106,2,1
105,679,106,2,1
105,687,130,3,0
105,692,692,71,0
105,706,706,85,0
105,722,106,2,1
106,647,131,3,0
106,669,81,0,3
106,674,81,0,3
106,692,105,1,2
106,706,105,1,2
106,722,81,0,3
107,629,132,3,0
107,647,106,1,2
107,654,106,1,2
107,669,82,0,3
107,674,82,0,3
107,679,82,0,3
107,687,106,1,2
107,722,82,0,3
108,629,133,3,0
108,647,107,1,2
108,654,107,1,2
108,669,83,0,3
108,674,83,0,3
108,679,83,0,3
108,687,107,1,2
108,722,83,0,3
109,647,108,1,2
109,669,84,0,3
109,674,84,0,3
110,669,85,0,3
110,688,109,1,2
111,684,110,1,2
111,693,110,1,2
113,684,112,1,2
113,693,112,1,2
114,647,115,2,1
114,669,89,0,3
115,629,140,3,0
115,647,116,2,1
115,654,116,2,1
115,669,90,0,3
115,674,90,0,3
115,682,116,2,1
115,687,116,2,1
116,629,141,3,0
116,647,117,2,1
116,654,117,2,1
116,669,91,0,3
116,674,91,0,3
116,679,91,0,3
116,687,117,2,1
116,722,91,0,3
117,629,142,3,0
117,647,118,2,1
117,654,118,2,1
117,669,92,0,3
117,674,92,0,3
117,679,92,0,3
117,687,118,2,1
117,692,116,1,2
117,722,92,0,3
118,647,143,3,0
118,669,93,0,3
118,674,93,0,3
118,692,119,2,1
118,706,119,2,1
118,722,93,0,3
119,629,118,1,2
119,647,144,3,0
119,654,94,0,3
119,669,118,1,2
119,674,118,1,2
119,679,118,1,2
119,687,144,3,0
119,692,120,2,1
119,722,118,1,2
120,629,119,1,2
120,647,145,3,0
120,654,95,0,3
120,669,119,1,2
120,674,119,1,2
120,679,119,1,2
120,687,145,3,0
120,722,119,1,2
121,629,120,1,2
121,647,146,3,0
121,654,96,0,3
121,669,120,1,2
121,674,120,1,2
121,682,146,3,0
121,687,146,3,0
122,647,147,3,0
122,669,121,1,2
123,684,124,2,1
123,688,148,3,0
123,693,124,2,1
126,669,127,2,1
127,647,152,3,0
127,669,128,2,1
127,674,128,2,1
127,682,152,3,0
127,688,126,1,2
128,629,129,2,1
128,647,153,3,0
128,654,103,0,3
128,669,129,2,1
128,674,129,2,1
128,679,129,2,1
128,687,153,3,0
128,688,127,1,2
128,722,129,2,1
129,629,130,2,1
129,647,154,3,0
129,654,104,0,3
129,669,130,2,1
129,674,130,2,1
129,679,130,2,1
129,687,154,3,0
129,688,128,1,2
129,692,130,2,1
129,722,130,2,1
130,629,131,2,1
130,647,155,3,0
130,654,105,0,3
130,669,131,2,1
130,674,131,2,1
130,679,131,2,1
130,687,155,3,0
130,688,129,1,2
130,692,105,0,3
130,706,105,0,3
130,722,131,2,1
131,647,156,3,0
131,669,106,0,3
131,674,106,0,3
131,688,130,1,2
131,692,106,0,3
131,706,106,0,3
131,722,106,0,3
132,629,157,3,0
132,647,131,1,2
132,654,131,1,2
132,669,107,0,3
132,674,107,0,3
132,679,107,0,3
132,687,131,1,2
132,722,107,0,3
133,629,158,3,0
133,647,132,1,2
133,654,132,1,2
133,669,108,0,3
133,674,108,0,3
133,679,108,0,3
133,687,132,1,2
133,722,108,0,3
134,647,133,1,2
134,669,109,0,3
134,674,109,0,3
135,669,110,0,3
135,688,134,1,2
136,684,135,1,2
136,693,135,1,2
138,684,137,1,2
138,693,137,1,2
139,647,140,2,1
139,669,114,0,3
140,629,165,3,0
140,647,141,2,1
140,654,141,2,1
140,669,115,0,3
140,674,115,0,3
140,682,141,2,1
140,687,141,2,1
141,629,166,3,0
141,647,142,2,1
141,654,142,2,1
141,669,116,0,3
141,674,116,0,3
141,679,116,0,3
141,687,142,2,1
141,722,116,0,3
142,629,167,3,0
142,647,143,2,1
142,654,143,2,1
142,669,117,0,3
142,674,117,0,3
142,679,117,0,3
142,687,143,2,1
142,692,141,1,2
142,722,117,0,3
143,647,168,3,0
143,669,118,0,3
143,674,118,0,3
143,688,144,2,1
143,692,118,0,3
143,706,118,0,3
143,722,118,0,3
144,629,143,1,2
144,647,169,3,0
144,654,119,0,3
144,669,143,1,2
144,674,143,1,2
144,679,143,1,2
144,687,169,3,0
144,688,145,2,1
144,692,145,2,1
144,722,143,1,2
145,629,144,1,2
145,647,170,3,0
145,654,120,0,3
145,669,144,1,2
145,674,144,1,2
145,679,144,1,2
145,687,170,3,0
145,688,146,2,1
145,722,144,1,2
146,629,145,1,2
146,647,171,3,0
146,654,121,0,3
146,669,145,1,2
146,674,145,1,2
146,682,171,3,0
146,687,171,3,0
146,688,147,2,1
147,647,172,3,0
147,669,146,1,2
147,688,148,2,1
148,684,149,2,1
148,688,688,67,0
148,693,149,2,1
151,669,152,2,1
151,688,126,0,3
152,647,177,3,0
152,669,153,2,1
152,674,153,2,1
152,682,177,3,0
152,688,127,0,3
153,629,154,2,1
153,647,178,3,0
153,654,128,0,3
153,669,154,2,1
153,674,154,2,1
153,679,154,2,1
153,687,178,3,0
153,688,128,0,3
153,722,154,2,1
154,629,155,2,1
154,647,179,3,0
154,654,129,0,3
154,669,155,2,1
154,674,155,2,1
154,679,155,2,1
154,687,179,3,0
154,688,129,0,3
154,692,155,2,1
154,722,155,2,1
155,629,156,2,1
155,647,180,3,0
155,654,130,0,3
155,669,156,2,1
155,674,156,2,1
155,679,156,2,1
155,687,180,3,0
155,688,130,0,3
155,692,130,0,3
155,722,156,2,1
156,629,181,3,0
156,647,181,3,0
156,669,131,0,3
156,674,131,0,3
156,679,181,3,0
156,688,131,0,3
156,692,131,0,3
156,722,131,0,3
157,629,182,3,0
157,647,156,1,2
157,654,156,1,2
157,669,132,0,3
157,674,132,0,3
157,679,182,3,0
157,687,156,1,2
157,722,132,0,3
158,629,183,3,0
158,647,157,1,2
158,654,157,1,2
158,669,133,0,3
158,674,133,0,3
158,679,183,3,0
158,687,157,1,2
158,722,133,0,3
159,647,158,1,2
159,669,134,0,3
159,674,134,0,3
160,669,135,0,3
160,688,159,1,2
161,684,160,1,2
161,693,160,1,2
163,684,162,1,2
163,693,162,1,2
164,647,165,2,1
164,669,139,0,3
165,629,190,3,0
165,647,166,2,1
165,654,166,2,1
165,669,140,0,3
165,674,140,0,3
165,682,166,2,1
165,687,166,2,1
166,629,191,3,0
166,647,167,2,1
166,654,167,2,1
166,669,141,0,3
166,674,141,0,3
166,679,191,3,0
166,687,167,2,1
166,722,141,0,3
167,629,192,3,0
167,647,168,2,1
167,654,168,2,1
167,669,142,0,3
167,674,142,0,3
167,679,192,3,0
167,687,168,2,1
167,692,166,1,2
167,722,142,0,3
168,629,193,3,0
168,647,193,3,0
168,669,143,0,3
168,674,143,0,3
168,679,193,3,0
168,688,143,0,3
168,692,143,0,3
168,722,143,0,3
169,629,168,1,2
169,647,194,3,0
169,654,144,0,3
169,669,168,1,2
169,674,168,1,2
169,679,168,1,2
169,687,194,3,0
169,688,144,0,3
169,722,168,1,2
170,629,169,1,2
170,647,195,3,0
170,654,145,0,3
170,669,169,1,2
170,674,169,1,2
170,679,169,1,2
170,687,195,3,0
170,688,145,0,3
170,722,169,1,2
171,629,170,1,2
171,647,196,3,0
171,654,146,0,3
171,669,170,1,2
171,674,170,1,2
171,682,196,3,0
171,687,196,3,0
171,688,146,0,3
172,647,197,3,0
172,669,171,1,2
172,688,147,0,3
173,684,174,2,1
173,688,148,0,3
173,693,174,2,1
176,669,177,2,1
176,688,151,0,3
177,647,202,3,0
177,669,178,2,1
177,674,178,2,1
177,682,202,3,0
178,629,179,2,1
178,647,203,3,0
178,654,203,3,0
178,669,179,2,1
178,674,179,2,1
178,679,179,2,1
178,687,177,1,2
178,722,179,2,1
179,629,180,2,1
179,647,204,3,0
179,654,204,3,0
179,669,180,2,1
179,674,180,2,1
179,679,180,2,1
179,687,178,1,2
179,692,180,2,1
179,722,180,2,1
180,629,181,2,1
180,647,205,3,0
180,654,205,3,0
180,669,181,2,1
180,674,181,2,1
180,679,181,2,1
180,687,179,1,2
180,722,181,2,1
181,629,206,3,0
181,647,206,3,0
181,654,206,3,0
181,669,156,0,3
181,674,156,0,3
181,679,206,3,0
181,687,180,1,2
181,722,156,0,3
182,629,207,3,0
182,647,181,1,2
182,654,181,1,2
182,669,157,0,3
182,674,157,0,3
182,679,207,3,0
182,687,181,1,2
182,722,157,0,3
183,629,208,3,0
183,647,182,1,2
183,654,182,1,2
183,669,158,0,3
183,674,158,0,3
183,679,208,3,0
183,687,182,1,2
183,722,158,0,3
184,647,183,1,2
184,669,159,0,3
184,674,159,0,3
185,669,160,0,3
185,688,184,1,2
186,684,185,1,2
186,693,185,1,2
188,684,187,1,2
188,693,187,1,2
189,647,190,2,1
189,669,164,0,3
190,629,215,3,0
190,647,191,2,1
190,654,191,2,1
190,669,165,0,3
190,674,165,0,3
190,682,191,2,1
190,687,191,2,1
191,629,216,3,0
191,647,192,2,1
191,654,192,2,1
191,669,166,0,3
191,674,166,0,3
191,679,216,3,0
191,687,192,2,1
191,722,166,0,3
192,629,217,3,0
192,647,193,2,1
192,654,193,2,1
192,669,167,0,3
192,674,167,0,3
192,679,217,3,0
192,687,193,2,1
192,692,191,1,2
192,722,167,0,3
193,629,218,3,0
193,647,218,3,0
193,654,218,3,0
193,669,168,0,3
193,674,168,0,3
193,679,218,3,0
193,687,194,2,1
193,722,168,0,3
194,629,193,1,2
194,647,219,3,0
194,654,219,3,0
194,669,193,1,2
194,674,193,1,2
194,679,193,1,2
194,687,195,2,1
194,692,195,2,1
194,722,193,1,2
195,629,194,1,2
195,647,220,3,0
195,654,220,3,0
195,669,194,1,2
195,674,194,1,2
195,679,194,1,2
195,687,196,2,1
195,722,194,1,2
196,629,195,1,2
196,647,221,3,0
196,654,221,3,0
196,669,195,1,2
196,674,195,1,2
196,682,221,3,0
196,687,687,66,0
197,647,222,3,0
197,669,196,1,2
198,684,199,2,1
198,688,173,0,3
198,693,199,2,1
201,669,202,2,1
201,688,176,0,3
202,647,227,3,0
202,669,203,2,1
202,674,203,2,1
202,682,227,3,0
203,629,204,2,1
203,647,228,3,0
203,654,228,3,0
203,669,204,2,1
203,674,204,2,1
203,679,204,2,1
203,687,178,0,3
203,722,204,2,1
204,629,205,2,1
204,647,229,3,0
204,654,229,3,0
204,669,205,2,1
204,674,205,2,1
204,679,205,2,1
204,687,179,0,3
204,692,205,2,1
204,722,205,2,1
205,629,206,2,1
205,647,230,3,0
205,654,230,3,0
205,669,206,2,1
205,674,206,2,1
205,679,206,2,1
205,687,180,0,3
205,722,206,2,1
206,629,231,3,0
206,647,231,3,0
206,654,231,3,0
206,669,181,0,3
206,679,231,3,0
206,687,181,0,3
206,722,181,0,3
207,629,232,3,0
207,647,206,1,2
207,654,206,1,2
207,669,182,0,3
207,674,182,0,3
207,679,232,3,0
207,687,206,1,2
207,722,182,0,3
208,629,233,3,0
208,647,207,1,2
208,654,207,1,2
208,669,183,0,3
208,674,183,0,3
208,679,233,3,0
208,687,207,1,2
208,722,183,0,3
209,647,208,1,2
209,669,184,0,3
209,674,184,0,3
210,669,185,0,3
210,688,209,1,2
211,684,210,1,2
211,693,210,1,2
213,684,212,1,2
213,693,212,1,2
214,647,215,2,1
214,669,189,0,3
215,629,240,3,0
215,647,216,2,1
215,654,216,2,1
215,669,190,0,3
215,674,190,0,3
215,682,216,2,1
215,687,216,2,1
216,629,241,3,0
216,647,217,2,1
216,654,217,2,1
216,669,191,0,3
216,674,191,0,3
216,679,241,3,0
216,687,217,2,1
216,722,191,0,3
217,629,242,3,0
217,647,218,2,1
217,654,218,2,1
217,669,192,0,3
217,674,192,0,3
217,679,242,3,0
217,687,218,2,1
217,692,216,1,2
217,722,192,0,3
218,629,243,3,0
218,647,243,3,0
218,654,243,3,0
218,669,193,0,3
218,679,243,3,0
218,687,193,0,3
218,722,193,0,3
219,629,218,1,2
219,647,244,3,0
219,654,244,3,0
219,669,218,1,2
219,674,218,1,2
219,679,218,1,2
219,687,194,0,3
219,692,220,2,1
219,722,218,1,2
220,629,219,1,2
220,647,245,3,0
220,654,245,3,0
220,669,219,1,2
220,674,219,1,2
220,679,219,1,2
220,687,195,0,3
220,722,219,1,2
221,629,220,1,2
221,647,246,3,0
221,654,246,3,0
221,669,220,1,2
221,674,220,1,2
221,682,246,3,0
221,687,196,0,3
222,647,247,3,0
222,669,221,1,2
223,684,224,2,1
223,688,198,0,3
223,693,224,2,1
226,669,227,2,1
226,688,201,0,3
227,647,252,3,0
227,669,228,2,1
227,674,228,2,1
227,682,252,3,0
228,629,229,2,1
228,647,253,3,0
228,654,253,3,0
228,669,229,2,1
228,674,229,2,1
228,679,229,2,1
228,682,253,3,0
228,687,203,0,3
228,722,229,2,1
229,629,230,2,1
229,647,254,3,0
229,654,254,3,0
229,669,230,2,1
229,674,230,2,1
229,679,230,2,1
229,682,254,3,0
229,687,204,0,3
229,692,230,2,1
229,722,230,2,1
230,629,231,2,1
230,647,255,3,0
230,654,255,3,0
230,669,231,2,1
230,674,231,2,1
230,679,231,2,1
230,682,255,3,0
230,687,205,0,3
230,722,231,2,1
231,629,256,3,0
231,654,256,3,0
231,669,206,0,3
231,679,256,3,0
231,682,256,3,0
231,687,206,0,3
231,722,206,0,3
232,629,257,3,0
232,647,231,1,2
232,654,231,1,2
232,669,207,0,3
232,674,207,0,3
232,679,257,3,0
232,687,231,1,2
232,722,207,0,3
233,629,258,3,0
233,647,232,1,2
233,654,232,1,2
233,669,208,0,3
233,674,208,0,3
233,679,258,3,0
233,687,232,1,2
233,722,208,0,3
234,647,233,1,2
234,669,209,0,3
234,674,209,0,3
235,669,210,0,3
235,688,234,1,2
236,684,235,1,2
236,693,235,1,2
238,684,237,1,2
238,693,237,1,2
239,647,240,2,1
239,669,214,0,3
240,629,265,3,0
240,647,241,2,1
240,654,241,2,1
240,669,215,0,3
240,674,215,0,3
240,682,241,2,1
240,687,241,2,1
241,629,266,3,0
241,647,242,2,1
241,654,242,2,1
241,669,216,0,3
241,674,216,0,3
241,679,266,3,0
241,687,242,2,1
241,722,216,0,3
242,629,267,3,0
242,647,243,2,1
242,654,243,2,1
242,669,217,0,3
242,674,217,0,3
242,679,267,3,0
242,687,243,2,1
242,692,241,1,2
242,722,217,0,3
243,629,268,3,0
243,654,268,3,0
243,669,218,0,3
243,679,268,3,0
243,682,268,3,0
243,687,218,0,3
243,722,218,0,3
244,629,243,1,2
244,647,269,3,0
244,654,269,3,0
244,669,243,1,2
244,674,243,1,2
244,679,243,1,2
244,682,269,3,0
244,687,219,0,3
244,692,245,2,1
244,722,243,1,2
245,629,244,1,2
245,647,270,3,0
245,654,270,3,0
245,669,244,1,2
245,674,244,1,2
245,679,244,1,2
245,682,270,3,0
245,687,220,0,3
245,722,244,1,2
246,629,245,1,2
246,647,271,3,0
246,654,271,3,0
246,669,245,1,2
246,674,245,1,2
246,682,271,3,0
246,687,221,0,3
247,647,272,3,0
247,669,246,1,2
248,684,249,2,1
248,688,223,0,3
248,693,249,2,1
251,669,252,2,1
251,688,226,0,3
252,647,277,3,0
252,669,253,2,1
252,674,253,2,1
252,682,682,61,0
253,629,254,2,1
253,647,278,3,0
253,654,278,3,0
253,669,254,2,1
253,674,254,2,1
253,679,254,2,1
253,682,252,1,2
253,687,228,0,3
253,722,254,2,1
254,629,255,2,1
254,647,279,3,0
254,654,279,3,0
254,669,255,2,1
254,674,255,2,1
254,679,255,2,1
254,682,253,1,2
254,687,229,0,3
254,692,255,2,1
254,722,255,2,1
255,629,256,2,1
255,647,280,3,0
255,654,280,3,0
255,669,256,2,1
255,674,256,2,1
255,679,256,2,1
255,682,254,1,2
255,687,230,0,3
255,722,256,2,1
256,629,281,3,0
256,654,281,3,0
256,669,231,0,3
256,679,281,3,0
256,682,255,1,2
256,687,231,0,3
256,722,231,0,3
257,629,282,3,0
257,647,256,1,2
257,654,256,1,2
257,669,232,0,3
257,674,232,0,3
257,679,282,3,0
257,687,256,1,2
257,722,232,0,3
258,629,283,3,0
258,647,257,1,2
258,654,257,1,2
258,669,233,0,3
258,674,233,0,3
258,679,283,3,0
258,687,257,1,2
258,722,233,0,3
259,647,258,1,2
259,669,234,0,3
259,674,234,0,3
260,669,235,0,3
260,688,259,1,2
261,684,260,1,2
261,693,260,1,2
263,684,262,1,2
263,693,262,1,2
264,647,265,2,1
264,669,239,0,3
265,629,290,3,0
265,647,266,2,1
265,654,266,2,1
265,669,240,0,3
265,674,240,0,3
265,682,266,2,1
265,687,266,2,1
266,629,291,3,0
266,647,267,2,1
266,654,267,2,1
266,669,241,0,3
266,674,241,0,3
266,679,291,3,0
266,687,267,2,1
266,722,241,0,3
267,629,292,3,0
267,647,268,2,1
267,654,268,2,1
267,669,242,0,3
267,674,242,0,3
267,679,292,3,0
267,687,268,2,1
267,692,266,1,2
267,722,242,0,3
268,629,293,3,0
268,654,293,3,0
268,669,243,0,3
268,679,293,3,0
268,682,269,2,1
268,687,243,0,3
268,722,243,0,3
269,629,268,1,2
269,647,294,3,0
269,654,294,3,0
269,669,268,1,2
269,674,268,1,2
269,679,268,1,2
269,682,270,2,1
269,687,244,0,3
269,692,270,2,1
269,722,268,1,2
270,629,269,1,2
270,647,295,3,0
270,654,295,3,0
270,669,269,1,2
270,674,269,1,2
270,679,269,1,2
270,682,271,2,1
270,687,245,0,3
270,722,269,1,2
271,629,270,1,2
271,647,296,3,0
271,654,296,3,0
271,669,270,1,2
271,674,270,1,2
271,687,246,0,3
272,647,297,3,0
272,669,271,1,2
273,684,274,2,1
273,688,248,0,3
273,693,274,2,1
276,669,277,2,1
276,688,251,0,3
277,647,302,3,0
277,669,278,2,1
277,674,278,2,1
277,682,252,0,3
278,629,279,2,1
278,647,303,3,0
278,654,303,3,0
278,669,279,2,1
278,674,279,2,1
278,679,279,2,1
278,687,253,0,3
278,722,279,2,1
279,629,280,2,1
279,647,304,3,0
279,654,304,3,0
279,669,280,2,1
279,674,280,2,1
279,679,280,2,1
279,687,254,0,3
279,692,280,2,1
279,722,280,2,1
280,629,281,2,1
280,647,305,3,0
280,654,305,3,0
280,669,281,2,1
280,674,281,2,1
280,679,281,2,1
280,687,255,0,3
280,722,281,2,1
281,629,306,3,0
281,654,306,3,0
281,669,256,0,3
281,679,306,3,0
281,687,256,0,3
281,689,306,3,0
282,629,307,3,0
282,647,281,1,2
282,654,281,1,2
282,669,257,0,3
282,674,257,0,3
282,679,307,3,0
282,687,281,1,2
282,689,307,3,0
282,722,257,0,3
283,629,308,3,0
283,647,282,1,2
283,654,282,1,2
283,669,258,0,3
283,674,258,0,3
283,679,308,3,0
283,687,282,1,2
283,689,308,3,0
283,722,258,0,3
284,647,283,1,2
284,669,259,0,3
284,674,259,0,3
285,669,260,0,3
285,688,284,1,2
286,684,285,1,2
286,693,285,1,2
288,684,287,1,2
288,693,287,1,2
289,647,290,2,1
289,669,264,0,3
290,629,315,3,0
290,647,291,2,1
290,654,291,2,1
290,669,265,0,3
290,674,265,0,3
290,682,291,2,1
290,687,291,2,1
291,629,316,3,0
291,647,292,2,1
291,654,292,2,1
291,669,266,0,3
291,674,266,0,3
291,679,316,3,0
291,687,292,2,1
291,689,316,3,0
291,722,266,0,3
292,629,317,3,0
292,647,293,2,1
292,654,293,2,1
292,669,267,0,3
292,674,267,0,3
292,679,317,3,0
292,687,293,2,1
292,689,317,3,0
292,692,291,1,2
292,722,267,0,3
293,629,318,3,0
293,654,318,3,0
293,669,268,0,3
293,679,318,3,0
293,687,268,0,3
293,689,318,3,0
294,629,293,1,2
294,647,319,3,0
294,654,319,3,0
294,669,293,1,2
294,674,293,1,2
294,679,293,1,2
294,687,269,0,3
294,692,295,2,1
294,722,293,1,2
295,629,294,1,2
295,647,320,3,0
295,654,320,3,0
295,669,294,1,2
295,674,294,1,2
295,679,294,1,2
295,687,270,0,3
295,722,294,1,2
296,629,295,1,2
296,647,321,3,0
296,654,321,3,0
296,669,295,1,2
296,674,295,1,2
296,682,271,0,3
296,687,271,0,3
297,647,322,3,0
297,669,296,1,2
298,684,299,2,1
298,688,273,0,3
298,693,299,2,1
301,669,302,2,1
301,688,276,0,3
302,647,301,1,2
302,669,303,2,1
302,674,303,2,1
302,682,277,0,3
303,629,304,2,1
303,647,302,1,2
303,654,328,3,0
303,669,304,2,1
303,674,304,2,1
303,679,304,2,1
303,687,278,0,3
303,722,304,2,1
304,629,305,2,1
304,647,303,1,2
304,654,329,3,0
304,669,305,2,1
304,674,305,2,1
304,679,305,2,1
304,687,279,0,3
304,692,305,2,1
304,722,305,2,1
305,629,306,2,1
305,647,304,1,2
305,654,330,3,0
305,669,306,2,1
305,674,306,2,1
305,679,306,2,1
305,687,280,0,3
305,722,306,2,1
306,629,331,3,0
306,647,305,1,2
306,654,331,3,0
306,669,281,0,3
306,674,331,3,0
306,679,331,3,0
306,687,281,0,3
307,629,332,3,0
307,647,306,1,2
307,654,306,1,2
307,669,282,0,3
307,674,332,3,0
307,679,332,3,0
307,687,306,1,2
307,722,282,0,3
308,629,333,3,0
308,647,307,1,2
308,654,307,1,2
308,669,283,0,3
308,674,333,3,0
308,679,333,3,0
308,687,307,1,2
308,722,283,0,3
309,647,308,1,2
309,669,284,0,3
309,674,334,3,0
310,669,285,0,3
310,688,309,1,2
311,684,310,1,2
311,693,310,1,2
313,684,312,1,2
313,693,312,1,2
314,647,315,2,1
314,669,289,0,3
315,629,340,3,0
315,647,316,2,1
315,654,316,2,1
315,669,290,0,3
315,674,340,3,0
315,682,316,2,1
315,687,316,2,1
316,629,341,3,0
316,647,317,2,1
316,654,317,2,1
316,669,291,0,3
316,674,341,3,0
316,679,341,3,0
316,687,317,2,1
316,722,291,0,3
317,629,342,3,0
317,647,318,2,1
317,654,318,2,1
317,669,292,0,3
317,674,342,3,0
317,679,342,3,0
317,687,318,2,1
317,692,316,1,2
317,722,292,0,3
318,629,343,3,0
318,647,319,2,1
318,654,343,3,0
318,669,293,0,3
318,674,343,3,0
318,679,343,3,0
318,687,293,0,3
319,629,318,1,2
319,647,320,2,1
319,654,344,3,0
319,669,318,1,2
319,674,318,1,2
319,679,318,1,2
319,687,294,0,3
319,692,320,2,1
319,722,318,1,2
320,629,319,1,2
320,647,321,2,1
320,654,345,3,0
320,669,319,1,2
320,674,319,1,2
320,679,319,1,2
320,687,295,0,3
320,722,319,1,2
321,629,320,1,2
321,647,322,2,1
321,654,346,3,0
321,669,320,1,2
321,674,320,1,2
321,682,296,0,3
321,687,296,0,3
322,647,647,26,0
322,669,321,1,2
323,684,324,2,1
323,688,298,0,3
323,693,324,2,1
326,669,327,2,1
326,688,301,0,3
327,647,302,0,3
327,669,328,2,1
327,674,328,2,1
327,682,302,0,3
328,629,329,2,1
328,647,303,0,3
328,654,353,3,0
328,669,329,2,1
328,674,329,2,1
328,679,329,2,1
328,687,303,0,3
328,722,329,2,1
329,629,330,2,1
329,647,304,0,3
329,654,354,3,0
329,669,330,2,1
329,674,330,2,1
329,679,330,2,1
329,687,304,0,3
329,692,330,2,1
329,722,330,2,1
330,629,331,2,1
330,647,305,0,3
330,654,355,3,0
330,669,331,2,1
330,674,331,2,1
330,679,331,2,1
330,687,305,0,3
330,722,331,2,1
331,629,356,3,0
331,647,306,0,3
331,654,356,3,0
331,669,306,0,3
331,674,356,3,0
331,687,306,0,3
332,629,357,3,0
332,647,331,1,2
332,654,331,1,2
332,669,307,0,3
332,674,357,3,0
332,679,357,3,0
332,687,331,1,2
332,722,307,0,3
333,629,358,3,0
333,647,332,1,2
333,654,332,1,2
333,669,308,0,3
333,674,358,3,0
333,679,358,3,0
333,687,332,1,2
333,722,308,0,3
334,647,333,1,2
334,669,309,0,3
334,674,359,3,0
335,669,310,0,3
335,688,334,1,2
336,684,335,1,2
336,693,335,1,2
338,684,337,1,2
338,693,337,1,2
339,647,340,2,1
339,669,314,0,3
340,629,365,3,0
340,647,341,2,1
340,654,341,2,1
340,669,315,0,3
340,674,365,3,0
340,682,341,2,1
340,687,341,2,1
341,629,366,3,0
341,647,342,2,1
341,654,342,2,1
341,669,316,0,3
341,674,366,3,0
341,679,366,3,0
341,687,342,2,1
341,722,316,0,3
342,629,367,3,0
342,647,343,2,1
342,654,343,2,1
342,669,317,0,3
342,674,367,3,0
342,679,367,3,0
342,687,343,2,1
342,692,341,1,2
342,722,317,0,3
343,629,368,3,0
343,647,318,0,3
343,654,368,3,0
343,669,318,0,3
343,674,368,3,0
343,687,318,0,3
344,629,343,1,2
344,647,319,0,3
344,654,369,3,0
344,669,343,1,2
344,674,343,1,2
344,679,343,1,2
344,687,319,0,3
344,692,345,2,1
344,722,343,1,2
345,629,344,1,2
345,647,320,0,3
345,654,370,3,0
345,669,344,1,2
345,674,344,1,2
345,679,344,1,2
345,687,320,0,3
345,722,344,1,2
346,629,345,1,2
346,647,321,0,3
346,654,371,3,0
346,669,345,1,2
346,674,345,1,2
346,682,321,0,3
346,687,321,0,3
347,647,322,0,3
347,669,346,1,2
348,684,349,2,1
348,688,323,0,3
348,693,349,2,1
351,669,352,2,1
351,688,326,0,3
352,647,327,0,3
352,669,353,2,1
352,674,353,2,1
352,682,327,0,3
353,629,354,2,1
353,647,328,0,3
353,654,378,3,0
353,669,354,2,1
353,674,354,2,1
353,679,354,2,1
353,687,328,0,3
353,722,354,2,1
354,629,355,2,1
354,647,329,0,3
354,654,379,3,0
354,669,355,2,1
354,674,355,2,1
354,679,355,2,1
354,687,329,0,3
354,692,355,2,1
354,722,355,2,1
355,629,356,2,1
355,647,330,0,3
355,654,380,3,0
355,669,356,2,1
355,674,356,2,1
355,679,356,2,1
355,687,330,0,3
355,722,356,2,1
356,629,357,2,1
356,647,331,0,3
356,654,381,3,0
356,674,381,3,0
356,687,331,0,3
357,629,358,2,1
357,647,356,1,2
357,654,356,1,2
357,669,332,0,3
357,674,382,3,0
357,679,382,3,0
357,687,356,1,2
357,722,332,0,3
358,629,359,2,1
358,647,357,1,2
358,654,357,1,2
358,669,333,0,3
358,674,383,3,0
358,679,383,3,0
358,687,357,1,2
358,722,333,0,3
359,647,358,1,2
359,669,334,0,3
359,674,384,3,0
360,669,335,0,3
360,688,359,1,2
361,684,360,1,2
361,693,360,1,2
363,684,362,1,2
363,693,362,1,2
364,647,365,2,1
364,669,339,0,3
365,629,629,8,0
365,647,366,2,1
365,654,366,2,1
365,669,340,0,3
365,674,390,3,0
365,682,366,2,1
365,687,366,2,1
366,629,365,1,2
366,647,367,2,1
366,654,367,2,1
366,669,341,0,3
366,674,391,3,0
366,679,391,3,0
366,687,367,2,1
366,722,341,0,3
367,629,366,1,2
367,647,368,2,1
367,654,368,2,1
367,669,342,0,3
367,674,392,3,0
367,679,392,3,0
367,687,368,2,1
367,692,366,1,2
367,722,342,0,3
368,629,367,1,2
368,647,343,0,3
368,654,393,3,0
368,674,393,3,0
368,687,343,0,3
369,629,368,1,2
369,647,344,0,3
369,654,394,3,0
369,669,368,1,2
369,674,368,1,2
369,679,368,1,2
369,687,344,0,3
369,692,370,2,1
369,722,368,1,2
370,629,369,1,2
370,647,345,0,3
370,654,395,3,0
370,669,369,1,2
370,674,369,1,2
370,679,369,1,2
370,687,345,0,3
370,722,369,1,2
371,629,370,1,2
371,647,346,0,3
371,654,396,3,0
371,669,370,1,2
371,674,370,1,2
371,682,346,0,3
371,687,346,0,3
372,647,347,0,3
372,669,371,1,2
373,684,374,2,1
373,688,348,0,3
373,693,374,2,1
376,669,377,2,1
376,688,351,0,3
377,647,352,0,3
377,669,378,2,1
377,674,378,2,1
377,682,352,0,3
378,629,379,2,1
378,647,353,0,3
378,654,403,3,0
378,669,379,2,1
378,674,379,2,1
378,679,379,2,1
378,687,353,0,3
378,722,379,2,1
379,629,380,2,1
379,647,354,0,3
379,654,404,3,0
379,669,380,2,1
379,674,380,2,1
379,679,380,2,1
379,687,354,0,3
379,692,380,2,1
379,722,380,2,1
380,629,381,2,1
380,647,355,0,3
380,654,405,3,0
380,669,381,2,1
380,674,381,2,1
380,679,381,2,1
380,687,355,0,3
380,722,381,2,1
381,647,356,0,3
381,674,406,3,0
381,684,406,3,0
382,629,357,0,3
382,647,381,1,2
382,654,381,1,2
382,669,357,0,3
382,674,407,3,0
382,679,407,3,0
382,684,407,3,0
382,687,381,1,2
382,722,357,0,3
383,629,358,0,3
383,647,382,1,2
383,654,382,1,2
383,669,358,0,3
383,674,408,3,0
383,679,408,3,0
383,684,408,3,0
383,687,382,1,2
383,722,358,0,3
384,647,383,1,2
384,669,359,0,3
384,674,409,3,0
384,684,409,3,0
385,669,360,0,3
385,684,410,3,0
385,688,384,1,2
386,684,385,1,2
386,693,385,1,2
388,693,387,1,2
389,647,390,2,1
389,669,364,0,3
389,684,414,3,0
390,629,365,0,3
390,647,391,2,1
390,654,391,2,1
390,669,365,0,3
390,674,415,3,0
390,682,391,2,1
390,684,415,3,0
390,687,391,2,1
391,629,366,0,3
391,647,392,2,1
391,654,392,2,1
391,669,366,0,3
391,674,416,3,0
391,679,416,3,0
391,684,416,3,0
391,687,392,2,1
391,722,366,0,3
392,629,367,0,3
392,647,393,2,1
392,654,393,2,1
392,669,367,0,3
392,674,417,3,0
392,679,417,3,0
392,684,417,3,0
392,687,393,2,1
392,692,391,1,2
392,722,367,0,3
393,647,368,0,3
393,674,418,3,0
393,684,418,3,0
394,629,393,1,2
394,647,369,0,3
394,654,419,3,0
394,669,393,1,2
394,674,393,1,2
394,679,393,1,2
394,687,369,0,3
394,692,395,2,1
394,722,393,1,2
395,629,394,1,2
395,647,370,0,3
395,654,420,3,0
395,669,394,1,2
395,674,394,1,2
395,679,394,1,2
395,687,370,0,3
395,722,394,1,2
396,629,395,1,2
396,647,371,0,3
396,654,421,3,0
396,669,395,1,2
396,674,395,1,2
396,682,371,0,3
396,687,371,0,3
397,647,372,0,3
397,669,396,1,2
398,684,399,2,1
398,688,373,0,3
398,693,399,2,1
401,669,402,2,1
401,688,376,0,3
402,647,377,0,3
402,669,403,2,1
402,674,403,2,1
402,682,377,0,3
403,629,404,2,1
403,647,378,0,3
403,654,428,3,0
403,669,404,2,1
403,674,404,2,1
403,679,404,2,1
403,687,378,0,3
403,722,404,2,1
404,629,405,2,1
404,647,379,0,3
404,654,429,3,0
404,669,405,2,1
404,674,405,2,1
404,679,405,2,1
404,687,379,0,3
404,692,405,2,1
404,722,405,2,1
405,629,406,2,1
405,647,380,0,3
405,654,430,3,0
405,669,406,2,1
405,674,406,2,1
405,679,406,2,1
405,687,380,0,3
405,722,406,2,1
406,647,381,0,3
406,669,431,3,0
406,674,431,3,0
406,684,407,2,1
406,722,431,3,0
407,629,382,0,3
407,647,406,1,2
407,654,406,1,2
407,669,432,3,0
407,674,432,3,0
407,679,432,3,0
407,684,408,2,1
407,687,406,1,2
407,722,432,3,0
408,629,383,0,3
408,647,407,1,2
408,654,407,1,2
408,669,433,3,0
408,674,433,3,0
408,679,433,3,0
408,684,409,2,1
408,687,407,1,2
408,722,433,3,0
409,647,408,1,2
409,669,434,3,0
409,674,434,3,0
409,684,410,2,1
410,669,435,3,0
410,684,684,63,0
410,688,409,1,2
411,684,410,1,2
411,693,410,1,2
413,684,412,1,2
413,693,412,1,2
414,647,415,2,1
414,669,439,3,0
414,684,413,1,2
415,629,390,0,3
415,647,416,2,1
415,654,416,2,1
415,669,440,3,0
415,674,440,3,0
415,682,416,2,1
415,684,414,1,2
415,687,416,2,1
416,629,391,0,3
416,647,417,2,1
416,654,417,2,1
416,669,441,3,0
416,674,441,3,0
416,679,441,3,0
416,684,415,1,2
416,687,417,2,1
416,722,441,3,0
417,629,392,0,3
417,647,418,2,1
417,654,418,2,1
417,669,442,3,0
417,674,442,3,0
417,679,442,3,0
417,684,416,1,2
417,687,418,2,1
417,692,416,1,2
417,722,442,3,0
418,647,393,0,3
418,669,443,3,0
418,674,443,3,0
418,684,417,1,2
418,722,443,3,0
419,629,418,1,2
419,647,394,0,3
419,654,444,3,0
419,669,418,1,2
419,674,418,1,2
419,679,418,1,2
419,687,394,0,3
419,692,420,2,1
419,722,418,1,2
420,629,419,1,2
420,647,395,0,3
420,654,445,3,0
420,669,419,1,2
420,674,419,1,2
420,679,419,1,2
420,687,395,0,3
420,722,419,1,2
421,629,420,1,2
421,647,396,0,3
421,654,446,3,0
421,669,420,1,2
421,674,420,1,2
421,682,396,0,3
421,687,396,0,3
422,647,397,0,3
422,669,421,1,2
423,684,424,2,1
423,688,398,0,3
423,693,424,2,1
426,669,427,2,1
426,688,401,0,3
427,647,402,0,3
427,669,428,2,1
427,674,428,2,1
427,682,402,0,3
428,629,429,2,1
428,647,403,0,3
428,654,453,3,0
428,669,429,2,1
428,674,429,2,1
428,679,429,2,1
428,687,403,0,3
428,722,429,2,1
429,629,430,2,1
429,647,404,0,3
429,654,454,3,0
429,669,430,2,1
429,674,430,2,1
429,679,430,2,1
429,687,404,0,3
429,692,430,2,1
429,722,430,2,1
430,629,431,2,1
430,647,405,0,3
430,654,455,3,0
430,669,431,2,1
430,674,431,2,1
430,679,431,2,1
430,687,405,0,3
430,692,455,3,0
430,706,455,3,0
430,722,431,2,1
431,647,406,0,3
431,669,456,3,0
431,674,456,3,0
431,692,456,3,0
431,706,456,3,0
431,722,456,3,0
432,629,407,0,3
432,647,431,1,2
432,654,431,1,2
432,669,457,3,0
432,674,457,3,0
432,679,457,3,0
432,687,431,1,2
432,722,457,3,0
433,629,408,0,3
433,647,432,1,2
433,654,432,1,2
433,669,458,3,0
433,674,458,3,0
433,679,458,3,0
433,687,432,1,2
433,722,458,3,0
434,647,433,1,2
434,669,459,3,0
434,674,459,3,0
435,669,460,3,0
435,688,434,1,2
436,684,435,1,2
436,693,435,1,2
438,684,437,1,2
438,693,437,1,2
439,647,440,2,1
439,669,464,3,0
440,629,415,0,3
440,647,441,2,1
440,654,441,2,1
440,669,465,3,0
440,674,465,3,0
440,682,441,2,1
440,687,441,2,1
441,629,416,0,3
441,647,442,2,1
441,654,442,2,1
441,669,466,3,0
441,674,466,3,0
441,679,466,3,0
441,687,442,2,1
441,722,466,3,0
442,629,417,0,3
442,647,443,2,1
442,654,443,2,1
442,669,467,3,0
442,674,467,3,0
442,679,467,3,0
442,687,443,2,1
442,692,441,1,2
442,722,467,3,0
443,647,418,0,3
443,669,468,3,0
443,674,468,3,0
443,692,468,3,0
443,706,468,3,0
443,722,468,3,0
444,629,443,1,2
444,647,419,0,3
444,654,469,3,0
444,669,443,1,2
444,674,443,1,2
444,679,443,1,2
444,687,419,0,3
444,692,445,2,1
444,722,443,1,2
445,629,444,1,2
445,647,420,0,3
445,654,470,3,0
445,669,444,1,2
445,674,444,1,2
445,679,444,1,2
445,687,420,0,3
445,722,444,1,2
446,629,445,1,2
446,647,421,0,3
446,654,471,3,0
446,669,445,1,2
446,674,445,1,2
446,682,421,0,3
446,687,421,0,3
447,647,422,0,3
447,669,446,1,2
448,684,449,2,1
448,688,423,0,3
448,693,449,2,1
451,669,452,2,1
451,688,476,3,0
452,647,427,0,3
452,669,453,2,1
452,674,453,2,1
452,682,427,0,3
452,688,477,3,0
453,629,454,2,1
453,647,428,0,3
453,654,478,3,0
453,669,454,2,1
453,674,454,2,1
453,679,454,2,1
453,687,428,0,3
453,688,478,3,0
453,722,454,2,1
454,629,455,2,1
454,647,429,0,3
454,654,479,3,0
454,669,455,2,1
454,674,455,2,1
454,679,455,2,1
454,687,429,0,3
454,688,479,3,0
454,692,455,2,1
454,722,455,2,1
455,629,456,2,1
455,647,430,0,3
455,654,480,3,0
455,669,456,2,1
455,674,456,2,1
455,679,456,2,1
455,687,430,0,3
455,688,480,3,0
455,692,480,3,0
455,722,456,2,1
456,647,431,0,3
456,669,481,3,0
456,674,481,3,0
456,679,457,2,1
456,688,481,3,0
456,692,481,3,0
456,722,481,3,0
457,629,432,0,3
457,647,456,1,2
457,654,456,1,2
457,669,482,3,0
457,674,482,3,0
457,679,458,2,1
457,687,456,1,2
457,722,482,3,0
458,629,433,0,3
458,647,457,1,2
458,654,457,1,2
458,669,483,3,0
458,674,483,3,0
458,679,679,58,0
458,687,457,1,2
458,722,483,3,0
459,647,458,1,2
459,669,484,3,0
459,674,484,3,0
460,669,485,3,0
460,688,459,1,2
461,684,460,1,2
461,693,460,1,2
463,684,462,1,2
463,693,462,1,2
464,647,465,2,1
464,669,489,3,0
465,629,440,0,3
465,647,466,2,1
465,654,466,2,1
465,669,490,3,0
465,674,490,3,0
465,682,466,2,1
465,687,466,2,1
466,629,441,0,3
466,647,467,2,1
466,654,467,2,1
466,669,491,3,0
466,674,491,3,0
466,679,465,1,2
466,687,467,2,1
466,722,491,3,0
467,629,442,0,3
467,647,468,2,1
467,654,468,2,1
467,669,492,3,0
467,674,492,3,0
467,679,466,1,2
467,687,468,2,1
467,692,466,1,2
467,722,492,3,0
468,647,443,0,3
468,669,493,3,0
468,674,493,3,0
468,679,467,1,2
468,688,493,3,0
468,692,493,3,0
468,722,493,3,0
469,629,468,1,2
469,647,444,0,3
469,654,494,3,0
469,669,468,1,2
469,674,468,1,2
469,679,468,1,2
469,687,444,0,3
469,688,494,3,0
469,692,470,2,1
469,722,468,1,2
470,629,469,1,2
470,647,445,0,3
470,654,495,3,0
470,669,469,1,2
470,674,469,1,2
470,679,469,1,2
470,687,445,0,3
470,688,495,3,0
470,722,469,1,2
471,629,470,1,2
471,647,446,0,3
471,654,496,3,0
471,669,470,1,2
471,674,470,1,2
471,682,446,0,3
471,687,446,0,3
471,688,496,3,0
472,647,447,0,3
472,669,471,1,2
472,688,497,3,0
473,684,474,2,1
473,688,498,3,0
473,693,474,2,1
476,669,477,2,1
476,688,501,3,0
477,647,452,0,3
477,669,478,2,1
477,674,478,2,1
477,682,452,0,3
478,629,479,2,1
478,647,453,0,3
478,654,477,1,2
478,669,479,2,1
478,674,479,2,1
478,679,479,2,1
478,687,453,0,3
478,722,479,2,1
479,629,480,2,1
479,647,454,0,3
479,654,478,1,2
479,669,480,2,1
479,674,480,2,1
479,679,480,2,1
479,687,454,0,3
479,692,480,2,1
479,722,480,2,1
480,629,481,2,1
480,647,455,0,3
480,654,479,1,2
480,669,481,2,1
480,674,481,2,1
480,679,481,2,1
480,687,455,0,3
480,722,481,2,1
481,629,456,0,3
481,647,456,0,3
481,654,480,1,2
481,669,506,3,0
481,674,506,3,0
481,679,456,0,3
481,722,506,3,0
482,629,457,0,3
482,647,481,1,2
482,654,481,1,2
482,669,507,3,0
482,674,507,3,0
482,679,457,0,3
482,687,481,1,2
482,722,507,3,0
483,629,458,0,3
483,647,482,1,2
483,654,482,1,2
483,669,508,3,0
483,674,508,3,0
483,679,458,0,3
483,687,482,1,2
483,722,508,3,0
484,647,483,1,2
484,669,509,3,0
484,674,509,3,0
485,669,510,3,0
485,688,484,1,2
486,684,485,1,2
486,693,485,1,2
488,684,487,1,2
488,693,487,1,2
489,647,490,2,1
489,669,514,3,0
490,629,465,0,3
490,647,491,2,1
490,654,491,2,1
490,669,515,3,0
490,674,515,3,0
490,682,491,2,1
490,687,491,2,1
491,629,466,0,3
491,647,492,2,1
491,654,492,2,1
491,669,516,3,0
491,674,516,3,0
491,679,466,0,3
491,687,492,2,1
491,722,516,3,0
492,629,467,0,3
492,647,493,2,1
492,654,493,2,1
492,669,517,3,0
492,674,517,3,0
492,679,467,0,3
492,687,493,2,1
492,692,491,1,2
492,722,517,3,0
493,629,468,0,3
493,647,468,0,3
493,654,494,2,1
493,669,518,3,0
493,674,518,3,0
493,679,468,0,3
493,722,518,3,0
494,629,493,1,2
494,647,469,0,3
494,654,495,2,1
494,669,493,1,2
494,674,493,1,2
494,679,493,1,2
494,687,469,0,3
494,692,495,2,1
494,722,493,1,2
495,629,494,1,2
495,647,470,0,3
495,654,496,2,1
495,669,494,1,2
495,674,494,1,2
495,679,494,1,2
495,687,470,0,3
495,722,494,1,2
496,629,495,1,2
496,647,471,0,3
496,654,654,33,0
496,669,495,1,2
496,674,495,1,2
496,682,471,0,3
496,687,471,0,3
497,647,472,0,3
497,669,496,1,2
498,684,499,2,1
498,688,523,3,0
498,693,499,2,1
501,669,502,2,1
501,688,526,3,0
502,647,477,0,3
502,669,503,2,1
502,674,503,2,1
502,682,477,0,3
503,629,504,2,1
503,647,478,0,3
503,654,478,0,3
503,669,504,2,1
503,674,504,2,1
503,679,504,2,1
503,687,528,3,0
503,722,504,2,1
504,629,505,2,1
504,647,479,0,3
504,654,479,0,3
504,669,505,2,1
504,674,505,2,1
504,679,505,2,1
504,687,529,3,0
504,692,505,2,1
504,722,505,2,1
505,629,506,2,1
505,647,480,0,3
505,654,480,0,3
505,669,506,2,1
505,674,506,2,1
505,679,506,2,1
505,687,530,3,0
505,722,506,2,1
506,629,481,0,3
506,647,481,0,3
506,654,481,0,3
506,669,531,3,0
506,679,481,0,3
506,687,531,3,0
506,722,531,3,0
507,629,482,0,3
507,647,506,1,2
507,654,506,1,2
507,669,532,3,0
507,674,532,3,0
507,679,482,0,3
507,687,506,1,2
507,722,532,3,0
508,629,483,0,3
508,647,507,1,2
508,654,507,1,2
508,669,533,3,0
508,674,533,3,0
508,679,483,0,3
508,687,507,1,2
508,722,533,3,0
509,647,508,1,2
509,669,534,3,0
509,674,534,3,0
510,669,535,3,0
510,688,509,1,2
511,684,510,1,2
511,693,510,1,2
513,684,512,1,2
513,693,512,1,2
514,647,515,2,1
514,669,539,3,0
515,629,490,0,3
515,647,516,2,1
515,654,516,2,1
515,669,540,3,0
515,674,540,3,0
515,682,516,2,1
515,687,516,2,1
516,629,491,0,3
516,647,517,2,1
516,654,517,2,1
516,669,541,3,0
516,674,541,3,0
516,679,491,0,3
516,687,517,2,1
516,722,541,3,0
517,629,492,0,3
517,647,518,2,1
517,654,518,2,1
517,669,542,3,0
517,674,542,3,0
517,679,492,0,3
517,687,518,2,1
517,692,516,1,2
517,722,542,3,0
518,629,493,0,3
518,647,493,0,3
518,654,493,0,3
518,669,543,3,0
518,679,493,0,3
518,687,543,3,0
518,722,543,3,0
519,629,518,1,2
519,647,494,0,3
519,654,494,0,3
519,669,518,1,2
519,674,518,1,2
519,679,518,1,2
519,687,544,3,0
519,692,520,2,1
519,722,518,1,2
520,629,519,1,2
520,647,495,0,3
520,654,495,0,3
520,669,519,1,2
520,674,519,1,2
520,679,519,1,2
520,687,545,3,0
520,722,519,1,2
521,629,520,1,2
521,647,496,0,3
521,654,496,0,3
521,669,520,1,2
521,674,520,1,2
521,682,496,0,3
521,687,546,3,0
522,647,497,0,3
522,669,521,1,2
523,684,524,2,1
523,688,548,3,0
523,693,524,2,1
526,669,527,2,1
526,688,551,3,0
527,647,502,0,3
527,669,528,2,1
527,674,528,2,1
527,682,502,0,3
528,629,529,2,1
528,647,503,0,3
528,654,503,0,3
528,669,529,2,1
528,674,529,2,1
528,679,529,2,1
528,687,553,3,0
528,722,529,2,1
529,629,530,2,1
529,647,504,0,3
529,654,504,0,3
529,669,530,2,1
529,674,530,2,1
529,679,530,2,1
529,687,554,3,0
529,692,530,2,1
529,722,530,2,1
530,629,531,2,1
530,647,505,0,3
530,654,505,0,3
530,669,531,2,1
530,674,531,2,1
530,679,531,2,1
530,687,555,3,0
530,722,531,2,1
531,629,506,0,3
531,647,506,0,3
531,654,506,0,3
531,669,556,3,0
531,679,506,0,3
531,687,556,3,0
531,722,556,3,0
532,629,507,0,3
532,647,531,1,2
532,654,531,1,2
532,669,557,3,0
532,674,557,3,0
532,679,507,0,3
532,687,531,1,2
532,722,557,3,0
533,629,508,0,3
533,647,532,1,2
533,654,532,1,2
533,669,558,3,0
533,674,558,3,0
533,679,508,0,3
533,687,532,1,2
533,722,558,3,0
534,647,533,1,2
534,669,559,3,0
534,674,559,3,0
535,669,560,3,0
535,688,534,1,2
536,684,535,1,2
536,693,535,1,2
538,684,537,1,2
538,693,537,1,2
539,647,540,2,1
539,669,564,3,0
540,629,515,0,3
540,647,541,2,1
540,654,541,2,1
540,669,565,3,0
540,674,565,3,0
540,682,541,2,1
540,687,541,2,1
541,629,516,0,3
541,647,542,2,1
541,654,542,2,1
541,669,566,3,0
541,674,566,3,0
541,679,516,0,3
541,687,542,2,1
541,722,566,3,0
542,629,517,0,3
542,647,543,2,1
542,654,543,2,1
542,669,567,3,0
542,674,567,3,0
542,679,517,0,3
542,687,543,2,1
542,692,541,1,2
542,722,567,3,0
543,629,518,0,3
543,647,518,0,3
543,654,518,0,3
543,669,568,3,0
543,679,518,0,3
543,687,568,3,0
543,722,568,3,0
544,629,543,1,2
544,647,519,0,3
544,654,519,0,3
544,669,543,1,2
544,674,543,1,2
544,679,543,1,2
544,687,569,3,0
544,692,545,2,1
544,722,543,1,2
545,629,544,1,2
545,647,520,0,3
545,654,520,0,3
545,669,544,1,2
545,674,544,1,2
545,679,544,1,2
545,687,570,3,0
545,722,544,1,2
546,629,545,1,2
546,647,521,0,3
546,654,521,0,3
546,669,545,1,2
546,674,545,1,2
546,682,521,0,3
546,687,571,3,0
547,647,522,0,3
547,669,546,1,2
548,684,549,2,1
548,688,573,3,0
548,693,549,2,1
551,669,552,2,1
551,688,576,3,0
552,647,527,0,3
552,669,553,2,1
552,674,553,2,1
552,682,527,0,3
553,629,554,2,1
553,647,528,0,3
553,654,528,0,3
553,669,554,2,1
553,674,554,2,1
553,679,554,2,1
553,682,528,0,3
553,687,578,3,0
553,722,554,2,1
554,629,555,2,1
554,647,529,0,3
554,654,529,0,3
554,669,555,2,1
554,674,555,2,1
554,679,555,2,1
554,682,529,0,3
554,687,579,3,0
554,692,555,2,1
554,722,555,2,1
555,629,556,2,1
555,647,530,0,3
555,654,530,0,3
555,669,556,2,1
555,674,556,2,1
555,679,556,2,1
555,682,530,0,3
555,687,580,3,0
555,722,556,2,1
556,629,531,0,3
556,654,531,0,3
556,669,581,3,0
556,679,531,0,3
556,682,531,0,3
556,687,581,3,0
556,722,581,3,0
557,629,532,0,3
557,647,556,1,2
557,654,556,1,2
557,669,582,3,0
557,674,582,3,0
557,679,532,0,3
557,687,556,1,2
557,722,582,3,0
558,629,533,0,3
558,647,557,1,2
558,654,557,1,2
558,669,583,3,0
558,674,583,3,0
558,679,533,0,3
558,687,557,1,2
558,722,583,3,0
559,647,558,1,2
559,669,584,3,0
559,674,584,3,0
560,669,585,3,0
560,688,559,1,2
561,684,560,1,2
561,693,560,1,2
563,684,562,1,2
563,693,562,1,2
564,647,565,2,1
564,669,589,3,0
565,629,540,0,3
565,647,566,2,1
565,654,566,2,1
565,669,590,3,0
565,674,590,3,0
565,682,566,2,1
565,687,566,2,1
566,629,541,0,3
566,647,567,2,1
566,654,567,2,1
566,669,591,3,0
566,674,591,3,0
566,679,541,0,3
566,687,567,2,1
566,722,591,3,0
567,629,542,0,3
567,647,568,2,1
567,654,568,2,1
567,669,592,3,0
567,674,592,3,0
567,679,542,0,3
567,687,568,2,1
567,692,566,1,2
567,722,592,3,0
568,629,543,0,3
568,654,543,0,3
568,669,593,3,0
568,679,543,0,3
568,682,543,0,3
568,687,593,3,0
568,722,593,3,0
569,629,568,1,2
569,647,544,0,3
569,654,544,0,3
569,669,568,1,2
569,674,568,1,2
569,679,568,1,2
569,682,544,0,3
569,687,594,3,0
569,692,570,2,1
569,722,568,1,2
570,629,569,1,2
570,647,545,0,3
570,654,545,0,3
570,669,569,1,2
570,674,569,1,2
570,679,569,1,2
570,682,545,0,3
570,687,595,3,0
570,722,569,1,2
571,629,570,1,2
571,647,546,0,3
571,654,546,0,3
571,669,570,1,2
571,674,570,1,2
571,682,546,0,3
571,687,596,3,0
572,647,547,0,3
572,669,571,1,2
573,684,574,2,1
573,688,598,3,0
573,693,574,2,1
576,669,577,2,1
576,688,601,3,0
577,647,552,0,3
577,669,578,2,1
577,674,578,2,1
577,682,602,3,0
578,629,579,2,1
578,647,553,0,3
578,654,553,0,3
578,669,579,2,1
578,674,579,2,1
578,679,579,2,1
578,687,603,3,0
578,722,579,2,1
579,629,580,2,1
579,647,554,0,3
579,654,554,0,3
579,669,580,2,1
579,674,580,2,1
579,679,580,2,1
579,687,604,3,0
579,692,580,2,1
579,722,580,2,1
580,629,581,2,1
580,647,555,0,3
580,654,555,0,3
580,669,581,2,1
580,674,581,2,1
580,679,581,2,1
580,687,605,3,0
580,722,581,2,1
581,629,556,0,3
581,654,556,0,3
581,669,606,3,0
581,679,556,0,3
581,687,606,3,0
581,689,582,2,1
582,629,557,0,3
582,647,581,1,2
582,654,581,1,2
582,669,607,3,0
582,674,607,3,0
582,679,557,0,3
582,687,581,1,2
582,689,583,2,1
582,722,607,3,0
583,629,558,0,3
583,647,582,1,2
583,654,582,1,2
583,669,608,3,0
583,674,608,3,0
583,679,558,0,3
583,687,582,1,2
583,689,689,68,0
583,722,608,3,0
584,647,583,1,2
584,669,609,3,0
584,674,609,3,0
585,669,610,3,0
585,688,584,1,2
586,684,585,1,2
586,693,585,1,2
588,684,587,1,2
588,693,587,1,2
589,647,590,2,1
589,669,614,3,0
590,629,565,0,3
590,647,591,2,1
590,654,591,2,1
590,669,615,3,0
590,674,615,3,0
590,682,591,2,1
590,687,591,2,1
591,629,566,0,3
591,647,592,2,1
591,654,592,2,1
591,669,616,3,0
591,674,616,3,0
591,679,566,0,3
591,687,592,2,1
591,689,590,1,2
591,722,616,3,0
592,629,567,0,3
592,647,593,2,1
592,654,593,2,1
592,669,617,3,0
592,674,617,3,0
592,679,567,0,3
592,687,593,2,1
592,689,591,1,2
592,692,591,1,2
592,722,617,3,0
593,629,568,0,3
593,654,568,0,3
593,669,618,3,0
593,679,568,0,3
593,687,618,3,0
593,689,592,1,2
594,629,593,1,2
594,647,569,0,3
594,654,569,0,3
594,669,593,1,2
594,674,593,1,2
594,679,593,1,2
594,687,619,3,0
594,692,595,2,1
594,722,593,1,2
595,629,594,1,2
595,647,570,0,3
595,654,570,0,3
595,669,594,1,2
595,674,594,1,2
595,679,594,1,2
595,687,620,3,0
595,722,594,1,2
596,629,595,1,2
596,647,571,0,3
596,654,571,0,3
596,669,595,1,2
596,674,595,1,2
596,682,621,3,0
596,687,621,3,0
597,647,572,0,3
597,669,596,1,2
598,684,599,2,1
598,688,623,3,0
598,693,599,2,1
601,669,602,2,1
601,688,1,3,3
602,647,577,0,3
602,669,603,2,1
602,674,603,2,1
602,682,2,3,3
603,629,604,2,1
603,647,578,0,3
603,654,578,0,3
603,669,604,2,1
603,674,604,2,1
603,679,604,2,1
603,687,3,3,3
603,722,604,2,1
604,629,605,2,1
604,647,579,0,3
604,654,579,0,3
604,669,605,2,1
604,674,605,2,1
604,679,605,2,1
604,687,4,3,3
604,692,605,2,1
604,722,605,2,1
605,629,606,2,1
605,647,580,0,3
605,654,580,0,3
605,669,606,2,1
605,674,606,2,1
605,679,606,2,1
605,687,5,3,3
605,722,606,2,1
606,629,581,0,3
606,654,581,0,3
606,669,6,3,3
606,674,607,2,1
606,679,581,0,3
606,687,6,3,3
606,689,581,0,3
607,629,582,0,3
607,647,606,1,2
607,654,606,1,2
607,669,7,3,3
607,674,608,2,1
607,679,582,0,3
607,687,606,1,2
607,689,582,0,3
607,722,7,3,3
608,629,583,0,3
608,647,607,1,2
608,654,607,1,2
608,669,8,3,3
608,674,609,2,1
608,679,583,0,3
608,687,607,1,2
608,689,583,0,3
608,722,8,3,3
609,647,608,1,2
609,669,9,3,3
609,674,674,53,0
610,669,10,3,3
610,688,609,1,2
611,684,610,1,2
611,693,610,1,2
613,684,612,1,2
613,693,612,1,2
614,647,615,2,1
614,669,14,3,3
615,629,590,0,3
615,647,616,2,1
615,654,616,2,1
615,669,15,3,3
615,674,614,1,2
615,682,616,2,1
615,687,616,2,1
616,629,591,0,3
616,647,617,2,1
616,654,617,2,1
616,669,16,3,3
616,674,615,1,2
616,679,591,0,3
616,687,617,2,1
616,689,591,0,3
616,722,16,3,3
617,629,592,0,3
617,647,618,2,1
617,654,618,2,1
617,669,17,3,3
617,674,616,1,2
617,679,592,0,3
617,687,618,2,1
617,689,592,0,3
617,692,616,1,2
617,722,17,3,3
618,629,593,0,3
618,654,593,0,3
618,669,18,3,3
618,674,617,1,2
618,679,593,0,3
618,687,18,3,3
618,689,593,0,3
619,629,618,1,2
619,647,594,0,3
619,654,594,0,3
619,669,618,1,2
619,674,618,1,2
619,679,618,1,2
619,687,19,3,3
619,692,620,2,1
619,722,618,1,2
620,629,619,1,2
620,647,595,0,3
620,654,595,0,3
620,669,619,1,2
620,674,619,1,2
620,679,619,1,2
620,687,20,3,3
620,722,619,1,2
621,629,620,1,2
621,647,596,0,3
621,654,596,0,3
621,669,620,1,2
621,674,620,1,2
621,682,21,3,3
621,687,21,3,3
622,647,597,0,3
622,669,621,1,2
623,684,624,2,1
623,688,23,3,3
623,693,624,2,1
629,625,365,0,8
629,626,365,0,8
629,627,365,0,8
629,628,365,0,8
629,630,365,0,8
629,631,365,0,8
629,632,365,0,8
629,633,365,0,8
629,634,365,0,8
629,635,365,0,8
629,636,365,0,8
629,637,365,0,8
629,638,365,0,8
629,639,365,0,8
629,640,365,0,8
629,641,365,0,8
629,642,365,0,8
629,643,365,0,8
629,644,365,0,8
629,645,365,0,8
629,646,365,0,8
629,647,365,0,8
629,648,365,0,8
629,649,365,0,8
629,650,365,0,8
629,651,365,0,8
629,652,365,0,8
629,653,365,0,8
629,654,365,0,8
629,655,365,0,8
629,656,365,0,8
629,657,365,0,8
629,658,365,0,8
629,659,365,0,8
629,660,365,0,8
629,661,365,0,8
629,662,365,0,8
629,663,365,0,8
629,664,365,0,8
629,665,365,0,8
629,666,365,0,8
629,667,365,0,8
629,668,365,0,8
629,669,365,0,8
629,670,365,0,8
629,671,365,0,8
629,672,365,0,8
629,673,365,0,8
629,674,365,0,8
629,675,365,0,8
629,676,365,0,8
629,677,365,0,8
629,678,365,0,8
629,679,365,0,8
629,680,365,0,8
629,681,365,0,8
629,682,365,0,8
629,683,365,0,8
629,684,365,0,8
629,685,365,0,8
629,686,365,0,8
629,687,365,0,8
629,688,365,0,8
629,689,365,0,8
629,690,365,0,8
629,691,365,0,8
629,692,365,0,8
629,693,365,0,8
629,694,365,0,8
629,695,365,0,8
629,696,365,0,8
629,697,365,0,8
629,698,365,0,8
629,699,365,0,8
629,700,365,0,8
629,701,365,0,8
629,702,365,0,8
629,703,365,0,8
629,704,365,0,8
629,705,365,0,8
629,706,365,0,8
629,707,365,0,8
629,708,365,0,8
629,709,365,0,8
629,710,365,0,8
629,711,365,0,8
629,712,365,0,8
629,713,365,0,8
629,714,365,0,8
629,715,365,0,8
629,716,365,0,8
629,717,365,0,8
629,718,365,0,8
629,719,365,0,8
629,720,365,0,8
629,721,365,0,8
629,722,365,0,8
629,723,365,0,8
629,724,365,0,8
647,625,322,0,26
647,626,322,0,26
647,627,322,0,26
647,628,322,0,26
647,629,322,0,26
647,630,322,0,26
647,631,322,0,26
647,632,322,0,26
647,633,322,0,26
647,634,322,0,26
647,635,322,0,26
647,636,322,0,26
647,637,322,0,26
647,638,322,0,26
647,639,322,0,26
647,640,322,0,26
647,641,322,0,26
647,642,322,0,26
647,643,322,0,26
647,644,322,0,26
647,645,322,0,26
647,646,322,0,26
647,648,322,0,26
647,649,322,0,26
647,650,322,0,26
647,651,322,0,26
647,652,322,0,26
647,653,322,0,26
647,654,322,0,26
647,655,322,0,26
647,656,322,0,26
647,657,322,0,26
647,658,322,0,26
647,659,322,0,26
647,660,322,0,26
647,661,322,0,26
647,662,322,0,26
647,663,322,0,26
647,664,322,0,26
647,665,322,0,26
647,666,322,0,26
647,667,322,0,26
647,668,322,0,26
647,669,322,0,26
647,670,322,0,26
647,671,322,0,26
647,672,322,0,26
647,673,322,0,26
647,674,322,0,26
647,675,322,0,26
647,676,322,0,26
647,677,322,0,26
647,678,322,0,26
647,679,322,0,26
647,680,322,0,26
647,681,322,0,26
647,682,322,0,26
647,683,322,0,26
647,684,322,0,26
647,685,322,0,26
647,686,322,0,26
647,687,322,0,26
647,688,322,0,26
647,689,322,0,26
647,690,322,0,26
647,691,322,0,26
647,692,322,0,26
647,693,322,0,26
647,694,322,0,26
647,695,322,0,26
647,696,322,0,26
647,697,322,0,26
647,698,322,0,26
647,699,322,0,26
647,700,322,0,26
647,701,322,0,26
647,702,322,0,26
647,703,322,0,26
647,704,322,0,26
647,705,322,0,26
647,706,322,0,26
647,707,322,0,26
647,708,322,0,26
647,709,322,0,26
647,710,322,0,26
647,711,322,0,26
647,712,322,0,26
647,713,322,0,26
647,714,322,0,26
647,715,322,0,26
647,716,322,0,26
647,717,322,0,26
647,718,322,0,26
647,719,322,0,26
647,720,322,0,26
647,721,322,0,26
647,722,322,0,26
647,723,322,0,26
647,724,322,0,26
654,625,496,0,33
654,626,496,0,33
654,627,496,0,33
654,628,496,0,33
654,629,496,0,33
654,630,496,0,33
654,631,496,0,33
654,632,496,0,33
654,633,496,0,33
654,634,496,0,33
654,635,496,0,33
654,636,496,0,33
654,637,496,0,33
654,638,496,0,33
654,639,496,0,33
654,640,496,0,33
654,641,496,0,33
654,642,496,0,33
654,643,496,0,33
654,644,496,0,33
654,645,496,0,33
654,646,496,0,33
654,647,496,0,33
654,648,496,0,33
654,649,496,0,33
654,650,496,0,33
654,651,496,0,33
654,652,496,0,33
654,653,496,0,33
654,655,496,0,33
654,656,496,0,33
654,657,496,0,33
654,658,496,0,33
654,659,496,0,33
654,660,496,0,33
654,661,496,0,33
654,662,496,0,33
654,663,496,0,33
654,664,496,0,33
654,665,496,0,33
654,666,496,0,33
654,667,496,0,33
654,668,496,0,33
654,669,496,0,33
654,670,496,0,33
654,671,496,0,33
654,672,496,0,33
654,673,496,0,33
654,674,496,0,33
654,675,496,0,33
654,676,496,0,33
654,677,496,0,33
654,678,496,0,33
654,679,496,0,33
654,680,496,0,33
654,681,496,0,33
654,682,496,0,33
654,683,496,0,33
654,684,496,0,33
654,685,496,0,33
654,686,496,0,33
654,687,496,0,33
654,688,496,0,33
654,689,496,0,33
654,690,496,0,33
654,691,496,0,33
654,692,496,0,33
654,693,496,0,33
654,694,496,0,33
654,695,496,0,33
654,696,496,0,33
654,697,496,0,33
654,698,496,0,33
654,699,496,0,33
654,700,496,0,33
654,701,496,0,33
654,702,496,0,33
654,703,496,0,33
654,704,496,0,33
654,705,496,0,33
654,706,496,0,33
654,707,496,0,33
654,708,496,0,33
654,709,496,0,33
654,710,496,0,33
654,711,496,0,33
654,712,496,0,33
654,713,496,0,33
654,714,496,0,33
654,715,496,0,33
654,716,496,0,33
654,717,496,0,33
654,718,496,0,33
654,719,496,0,33
654,720,496,0,33
654,721,496,0,33
654,722,496,0,33
654,723,496,0,33
654,724,496,0,33
669,625,85,0,48
669,626,85,0,48
669,627,85,0,48
669,628,85,0,48
669,629,85,0,48
669,630,85,0,48
669,631,85,0,48
669,632,85,0,48
669,633,85,0,48
669,634,85,0,48
669,635,85,0,48
669,636,85,0,48
669,637,85,0,48
669,638,85,0,48
669,639,85,0,48
669,640,85,0,48
669,641,85,0,48
669,642,85,0,48
669,643,85,0,48
669,644,85,0,48
669,645,85,0,48
669,646,85,0,48
669,647,85,0,48
669,648,85,0,48
669,649,85,0,48
669,650,85,0,48
669,651,85,0,48
669,652,85,0,48
669,653,85,0,48
669,654,85,0,48
669,655,85,0,48
669,656,85,0,48
669,657,85,0,48
669,658,85,0,48
669,659,85,0,48
669,660,85,0,48
669,661,85,0,48
669,662,85,0,48
669,663,85,0,48
669,664,85,0,48
669,665,85,0,48
669,666,85,0,48
669,667,85,0,48
669,668,85,0,48
669,670,85,0,48
669,671,85,0,48
669,672,85,0,48
669,673,85,0,48
669,674,85,0,48
669,675,85,0,48
669,676,85,0,48
669,677,85,0,48
669,678,85,0,48
669,679,85,0,48
669,680,85,0,48
669,681,85,0,48
669,682,85,0,48
669,683,85,0,48
669,684,85,0,48
669,685,85,0,48
669,686,85,0,48
669,687,85,0,48
669,688,85,0,48
669,689,85,0,48
669,690,85,0,48
669,691,85,0,48
669,692,85,0,48
669,693,85,0,48
669,694,85,0,48
669,695,85,0,48
669,696,85,0,48
669,697,85,0,48
669,698,85,0,48
669,699,85,0,48
669,700,85,0,48
669,701,85,0,48
669,702,85,0,48
669,703,85,0,48
669,704,85,0,48
669,705,85,0,48
669,706,85,0,48
669,707,85,0,48
669,708,85,0,48
669,709,85,0,48
669,710,85,0,48
669,711,85,0,48
669,712,85,0,48
669,713,85,0,48
669,714,85,0,48
669,715,85,0,48
669,716,85,0,48
669,717,85,0,48
669,718,85,0,48
669,719,85,0,48
669,720,85,0,48
669,721,85,0,48
669,722,85,0,48
669,723,85,0,48
669,724,85,0,48
674,625,609,0,53
674,626,609,0,53
674,627,609,0,53
674,628,609,0,53
674,629,609,0,53
674,630,609,0,53
674,631,609,0,53
674,632,609,0,53
674,633,609,0,53
674,634,609,0,53
674,635,609,0,53
674,636,609,0,53
674,637,609,0,53
674,638,609,0,53
674,639,609,0,53
674,640,609,0,53
674,641,609,0,53
674,642,609,0,53
674,643,609,0,53
674,644,609,0,53
674,645,609,0,53
674,646,609,0,53
674,647,609,0,53
674,648,609,0,53
674,649,609,0,53
674,650,609,0,53
674,651,609,0,53
674,652,609,0,53
674,653,609,0,53
674,654,609,0,53
674,655,609,0,53
674,656,609,0,53
674,657,609,0,53
674,658,609,0,53
674,659,609,0,53
674,660,609,0,53
674,661,609,0,53
674,662,609,0,53
674,663,609,0,53
674,664,609,0,53
674,665,609,0,53
674,666,609,0,53
674,667,609,0,53
674,668,609,0,53
674,669,609,0,53
674,670,609,0,53
674,671,609,0,53
674,672,609,0,53
674,673,609,0,53
674,675,609,0,53
674,676,609,0,53
674,677,609,0,53
674,678,609,0,53
674,679,609,0,53
674,680,609,0,53
674,681,609,0,53
674,682,609,0,53
674,683,609,0,53
674,684,609,0,53
674,685,609,0,53
674,686,609,0,53
674,687,609,0,53
674,688,609,0,53
674,689,609,0,53
674,690,609,0,53
674,691,609,0,53
674,692,609,0,53
674,693,609,0,53
674,694,609,0,53
674,695,609,0,53
674,696,609,0,53
674,697,609,0,53
674,698,609,0,53
674,699,609,0,53
674,700,609,0,53
674,701,609,0,53
674,702,609,0,53
674,703,609,0,53
674,704,609,0,53
674,705,609,0,53
674,706,609,0,53
674,707,609,0,53
674,708,609,0,53
674,709,609,0,53
674,710,609,0,53
674,711,609,0,53
674,712,609,0,53
674,713,609,0,53
674,714,609,0,53
674,715,609,0,53
674,716,609,0,53
674,717,609,0,53
674,718,609,0,53
674,719,609,0,53
674,720,609,0,53
674,721,609,0,53
674,722,609,0,53
674,723,609,0,53
674,724,609,0,53
679,625,458,0,58
679,626,458,0,58
679,627,458,0,58
679,628,458,0,58
679,629,458,0,58
679,630,458,0,58
679,631,458,0,58
679,632,458,0,58
679,633,458,0,58
679,634,458,0,58
679,635,458,0,58
679,636,458,0,58
679,637,458,0,58
679,638,458,0,58
679,639,458,0,58
679,640,458,0,58
679,641,458,0,58
679,642,458,0,58
679,643,458,0,58
679,644,458,0,58
679,645,458,0,58
679,646,458,0,58
679,647,458,0,58
679,648,458,0,58
679,649,458,0,58
679,650,458,0,58
679,651,458,0,58
679,652,458,0,58
679,653,458,0,58
679,654,458,0,58
679,655,458,0,58
679,656,458,0,58
679,657,458,0,58
679,658,458,0,58
679,659,458,0,58
679,660,458,0,58
679,661,458,0,58
679,662,458,0,58
679,663,458,0,58
679,664,458,0,58
679,665,458,0,58
679,666,458,0,58
679,667,458,0,58
679,668,458,0,58
679,669,458,0,58
679,670,458,0,58
679,671,458,0,58
679,672,458,0,58
679,673,458,0,58
679,674,458,0,58
679,675,458,0,58
679,676,458,0,58
679,677,458,0,58
679,678,458,0,58
679,680,458,0,58
679,681,458,0,58
679,682,458,0,58
679,683,458,0,58
679,684,458,0,58
679,685,458,0,58
679,686,458,0,58
679,687,458,0,58
679,688,458,0,58
679,689,458,0,58
679,690,458,0,58
679,691,458,0,58
679,692,458,0,58
679,693,458,0,58
679,694,458,0,58
679,695,458,0,58
679,696,458,0,58
679,697,458,0,58
679,698,458,0,58
679,699,458,0,58
679,700,458,0,58
679,701,458,0,58
679,702,458,0,58
679,703,458,0,58
679,704,458,0,58
679,705,458,0,58
679,706,458,0,58
679,707,458,0,58
679,708,458,0,58
679,709,458,0,58
679,710,458,0,58
679,711,458,0,58
679,712,458,0,58
679,713,458,0,58
679,714,458,0,58
679,715,458,0,58
679,716,458,0,58
679,717,458,0,58
679,718,458,0,58
679,719,458,0,58
679,720,458,0,58
679,721,458,0,58
679,722,458,0,58
679,723,458,0,58
679,724,458,0,58
682,625,252,0,61
682,626,252,0,61
682,627,252,0,61
682,628,252,0,61
682,629,252,0,61
682,630,252,0,61
682,631,252,0,61
682,632,252,0,61
682,633,252,0,61
682,634,252,0,61
682,635,252,0,61
682,636,252,0,61
682,637,252,0,61
682,638,252,0,61
682,639,252,0,61
682,640,252,0,61
682,641,252,0,61
682,642,252,0,61
682,643,252,0,61
682,644,252,0,61
682,645,252,0,61
682,646,252,0,61
682,647,252,0,61
682,648,252,0,61
682,649,252,0,61
682,650,252,0,61
682,651,252,0,61
682,652,252,0,61
682,653,252,0,61
682,654,252,0,61
682,655,252,0,61
682,656,252,0,61
682,657,252,0,61
682,658,252,0,61
682,659,252,0,61
682,660,252,0,61
682,661,252,0,61
682,662,252,0,61
682,663,252,0,61
682,664,252,0,61
682,665,252,0,61
682,666,252,0,61
682,667,252,0,61
682,668,252,0,61
682,669,252,0,61
682,670,252,0,61
682,671,252,0,61
682,672,252,0,61
682,673,252,0,61
682,674,252,0,61
682,675,252,0,61
682,676,252,0,61
682,677,252,0,61
682,678,252,0,61
682,679,252,0,61
682,680,252,0,61
682,681,252,0,61
682,683,252,0,61
682,684,252,0,61
682,685,252,0,61
682,686,252,0,61
682,687,252,0,61
682,688,252,0,61
682,689,252,0,61
682,690,252,0,61
682,691,252,0,61
682,692,252,0,61
682,693,252,0,61
682,694,252,0,61
682,695,252,0,61
682,696,252,0,61
682,697,252,0,61
682,698,252,0,61
682,699,252,0,61
682,700,252,0,61
682,701,252,0,61
682,702,252,0,61
682,703,252,0,61
682,704,252,0,61
682,705,252,0,61
682,706,252,0,61
682,707,252,0,61
682,708,252,0,61
682,709,252,0,61
682,710,252,0,61
682,711,252,0,61
682,712,252,0,61
682,713,252,0,61
682,714,252,0,61
682,715,252,0,61
682,716,252,0,61
682,717,252,0,61
682,718,252,0,61
682,719,252,0,61
682,720,252,0,61
682,721,252,0,61
682,722,252,0,61
682,723,252,0,61
682,724,252,0,61
684,625,410,0,63
684,626,410,0,63
684,627,410,0,63
684,628,410,0,63
684,629,410,0,63
684,630,410,0,63
684,631,410,0,63
684,632,410,0,63
684,633,410,0,63
684,634,410,0,63
684,635,410,0,63
684,636,410,0,63
684,637,410,0,63
684,638,410,0,63
684,639,410,0,63
684,640,410,0,63
684,641,410,0,63
684,642,410,0,63
684,643,410,0,63
684,644,410,0,63
684,645,410,0,63
684,646,410,0,63
684,647,410,0,63
684,648,410,0,63
684,649,410,0,63
684,650,410,0,63
684,651,410,0,63
684,652,410,0,63
684,653,410,0,63
684,654,410,0,63
684,655,410,0,63
684,656,410,0,63
684,657,410,0,63
684,658,410,0,63
684,659,410,0,63
684,660,410,0,63
684,661,410,0,63
684,662,410,0,63
684,663,410,0,63
684,664,410,0,63
684,665,410,0,63
684,666,410,0,63
684,667,410,0,63
684,668,410,0,63
684,669,410,0,63
684,670,410,0,63
684,671,410,0,63
684,672,410,0,63
684,673,410,0,63
684,674,410,0,63
684,675,410,0,63
684,676,410,0,63
684,677,410,0,63
684,678,410,0,63
684,679,410,0,63
684,680,410,0,63
684,681,410,0,63
684,682,410,0,63
684,683,410,0,63
684,685,410,0,63
684,686,410,0,63
684,687,410,0,63
684,688,410,0,63
684,689,410,0,63
684,690,410,0,63
684,691,410,0,63
684,692,410,0,63
684,693,410,0,63
684,694,410,0,63
684,695,410,0,63
684,696,410,0,63
684,697,410,0,63
684,698,410,0,63
684,699,410,0,63
684,700,410,0,63
684,701,410,0,63
684,702,410,0,63
684,703,410,0,63
684,704,410,0,63
684,705,410,0,63
684,706,410,0,63
684,707,410,0,63
684,708,410,0,63
684,709,410,0,63
684,710,410,0,63
684,711,410,0,63
684,712,410,0,63
684,713,410,0,63
684,714,410,0,63
684,715,410,0,63
684,716,410,0,63
684,717,410,0,63
684,718,410,0,63
684,719,410,0,63
684,720,410,0,63
684,721,410,0,63
684,722,410,0,63
684,723,410,0,63
684,724,410,0,63
687,625,196,0,66
687,626,196,0,66
687,627,196,0,66
687,628,196,0,66
687,629,196,0,66
687,630,196,0,66
687,631,196,0,66
687,632,196,0,66
687,633,196,0,66
687,634,196,0,66
687,635,196,0,66
687,636,196,0,66
687,637,196,0,66
687,638,196,0,66
687,639,196,0,66
687,640,196,0,66
687,641,196,0,66
687,642,196,0,66
687,643,196,0,66
687,644,196,0,66
687,645,196,0,66
687,646,196,0,66
687,647,196,0,66
687,648,196,0,66
687,649,196,0,66
687,650,196,0,66
687,651,196,0,66
687,652,196,0,66
687,653,196,0,66
687,654,196,0,66
687,655,196,0,66
687,656,196,0,66
687,657,196,0,66
687,658,196,0,66
687,659,196,0,66
687,660,196,0,66
687,661,196,0,66
687,662,196,0,66
687,663,196,0,66
687,664,196,0,66
687,665,196,0,66
687,666,196,0,66
687,667,196,0,66
687,668,196,0,66
687,669,196,0,66
687,670,196,0,66
687,671,196,0,66
687,672,196,0,66
687,673,196,0,66
687,674,196,0,66
687,675,196,0,66
687,676,196,0,66
687,677,196,0,66
687,678,196,0,66
687,679,196,0,66
687,680,196,0,66
687,681,196,0,66
687,682,196,0,66
687,683,196,0,66
687,684,196,0,66
687,685,196,0,66
687,686,196,0,66
687,688,196,0,66
687,689,196,0,66
687,690,196,0,66
687,691,196,0,66
687,692,196,0,66
687,693,196,0,66
687,694,196,0,66
687,695,196,0,66
687,696,196,0,66
687,697,196,0,66
687,698,196,0,66
687,699,196,0,66
687,700,196,0,66
687,701,196,0,66
687,702,196,0,66
687,703,196,0,66
687,704,196,0,66
687,705,196,0,66
687,706,196,0,66
687,707,196,0,66
687,708,196,0,66
687,709,196,0,66
687,710,196,0,66
687,711,196,0,66
687,712,196,0,66
687,713,196,0,66
687,714,196,0,66
687,715,196,0,66
687,716,196,0,66
687,717,196,0,66
687,718,196,0,66
687,719,196,0,66
687,720,196,0,66
687,721,196,0,66
687,722,196,0,66
687,723,196,0,66
687,724,196,0,66
688,625,148,0,67
688,626,148,0,67
688,627,148,0,67
688,628,148,0,67
688,629,148,0,67
688,630,148,0,67
688,631,148,0,67
688,632,148,0,67
688,633,148,0,67
688,634,148,0,67
688,635,148,0,67
688,636,148,0,67
688,637,148,0,67
688,638,148,0,67
688,639,148,0,67
688,640,148,0,67
688,641,148,0,67
688,642,148,0,67
688,643,148,0,67
688,644,148,0,67
688,645,148,0,67
688,646,148,0,67
688,647,148,0,67
688,648,148,0,67
688,649,148,0,67
688,650,148,0,67
688,651,148,0,67
688,652,148,0,67
688,653,148,0,67
688,654,148,0,67
688,655,148,0,67
688,656,148,0,67
688,657,148,0,67
688,658,148,0,67
688,659,148,0,67
688,660,148,0,67
688,661,148,0,67
688,662,148,0,67
688,663,148,0,67
688,664,148,0,67
688,665,148,0,67
688,666,148,0,67
688,667,148,0,67
688,668,148,0,67
688,669,148,0,67
688,670,148,0,67
688,671,148,0,67
688,672,148,0,67
688,673,148,0,67
688,674,148,0,67
688,675,148,0,67
688,676,148,0,67
688,677,148,0,67
688,678,148,0,67
688,679,148,0,67
688,680,148,0,67
688,681,148,0,67
688,682,148,0,67
688,683,148,0,67
688,684,148,0,67
688,685,148,0,67
688,686,148,0,67
688,687,148,0,67
688,689,148,0,67
688,690,148,0,67
688,691,148,0,67
688,692,148,0,67
688,693,148,0,67
688,694,148,0,67
688,695,148,0,67
688,696,148,0,67
688,697,148,0,67
688,698,148,0,67
688,699,148,0,67
688,700,148,0,67
688,701,148,0,67
688,702,148,0,67
688,703,148,0,67
688,704,148,0,67
688,705,148,0,67
688,706,148,0,67
688,707,148,0,67
688,708,148,0,67
688,709,148,0,67
688,710,148,0,67
688,711,148,0,67
688,712,148,0,67
688,713,148,0,67
688,714,148,0,67
688,715,148,0,67
688,716,148,0,67
688,717,148,0,67
688,718,148,0,67
688,719,148,0,67
688,720,148,0,67
688,721,148,0,67
688,722,148,0,67
688,723,148,0,67
688,724,148,0,67
689,625,583,0,68
689,626,583,0,68
689,627,583,0,68
689,628,583,0,68
689,629,583,0,68
689,630,583,0,68
689,631,583,0,68
689,632,583,0,68
689,633,583,0,68
689,634,583,0,68
689,635,583,0,68
689,636,583,0,68
689,637,583,0,68
689,638,583,0,68
689,639,583,0,68
689,640,583,0,68
689,641,583,0,68
689,642,583,0,68
689,643,583,0,68
689,644,583,0,68
689,645,583,0,68
689,646,583,0,68
689,647,583,0,68
689,648,583,0,68
689,649,583,0,68
689,650,583,0,68
689,651,583,0,68
689,652,583,0,68
689,653,583,0,68
689,654,583,0,68
689,655,583,0,68
689,656,583,0,68
689,657,583,0,68
689,658,583,0,68
689,659,583,0,68
689,660,583,0,68
689,661,583,0,68
689,662,583,0,68
689,663,583,0,68
689,664,583,0,68
689,665,583,0,68
689,666,583,0,68
689,667,583,0,68
689,668,583,0,68
689,669,583,0,68
689,670,583,0,68
689,671,583,0,68
689,672,583,0,68
689,673,583,0,68
689,674,583,0,68
689,675,583,0,68
689,676,583,0,68
689,677,583,0,68
689,678,583,0,68
689,679,583,0,68
689,680,583,0,68
689,681,583,0,68
689,682,583,0,68
689,683,583,0,68
689,684,583,0,68
689,685,583,0,68
689,686,583,0,68
689,687,583,0,68
689,688,583,0,68
689,690,583,0,68
689,691,583,0,68
689,692,583,0,68
689,693,583,0,68
689,694,583,0,68
689,695,583,0,68
689,696,583,0,68
689,697,583,0,68
689,698,583,0,68
689,699,583,0,68
689,700,583,0,68
689,701,583,0,68
689,702,583,0,68
689,703,583,0,68
689,704,583,0,68
689,705,583,0,68
689,706,583,0,68
689,707,583,0,68
689,708,583,0,68
689,709,583,0,68
689,710,583,0,68
689,711,583,0,68
689,712,583,0,68
689,713,583,0,68
689,714,583,0,68
689,715,583,0,68
689,716,583,0,68
689,717,583,0,68
689,718,583,0,68
689,719,583,0,68
689,720,583,0,68
689,721,583,0,68
689,722,583,0,68
689,723,583,0,68
689,724,583,0,68
692,625,105,0,71
692,626,105,0,71
692,627,105,0,71
692,628,105,0,71
692,629,105,0,71
692,630,105,0,71
692,631,105,0,71
692,632,105,0,71
692,633,105,0,71
692,634,105,0,71
692,635,105,0,71
692,636,105,0,71
692,637,105,0,71
692,638,105,0,71
692,639,105,0,71
692,640,105,0,71
692,641,105,0,71
692,642,105,0,71
692,643,105,0,71
692,644,105,0,71
692,645,105,0,71
692,646,105,0,71
692,647,105,0,71
692,648,105,0,71
692,649,105,0,71
692,650,105,0,71
692,651,105,0,71
692,652,105,0,71
692,653,105,0,71
692,654,105,0,71
692,655,105,0,71
692,656,105,0,71
692,657,105,0,71
692,658,105,0,71
692,659,105,0,71
692,660,105,0,71
692,661,105,0,71
692,662,105,0,71
692,663,105,0,71
692,664,105,0,71
692,665,105,0,71
692,666,105,0,71
692,667,105,0,71
692,668,105,0,71
692,669,105,0,71
692,670,105,0,71
692,671,105,0,71
692,672,105,0,71
692,673,105,0,71
692,674,105,0,71
692,675,105,0,71
692,676,105,0,71
692,677,105,0,71
692,678,105,0,71
692,679,105,0,71
692,680,105,0,71
692,681,105,0,71
692,682,105,0,71
692,683,105,0,71
692,684,105,0,71
692,685,105,0,71
692,686,105,0,71
692,687,105,0,71
692,688,105,0,71
692,689,105,0,71
692,690,105,0,71
692,691,105,0,71
692,693,105,0,71
692,694,105,0,71
692,695,105,0,71
692,696,105,0,71
692,697,105,0,71
692,698,105,0,71
692,699,105,0,71
692,700,105,0,71
692,701,105,0,71
692,702,105,0,71
692,703,105,0,71
692,704,105,0,71
692,705,105,0,71
692,706,105,0,71
692,707,105,0,71
692,708,105,0,71
692,709,105,0,71
692,710,105,0,71
692,711,105,0,71
692,712,105,0,71
692,713,105,0,71
692,714,105,0,71
692,715,105,0,71
692,716,105,0,71
692,717,105,0,71
692,718,105,0,71
692,719,105,0,71
692,720,105,0,71
692,721,105,0,71
692,722,105,0,71
692,723,105,0,71
692,724,105,0,71
693,625,60,0,72
693,626,60,0,72
693,627,60,0,72
693,628,60,0,72
693,629,60,0,72
693,630,60,0,72
693,631,60,0,72
693,632,60,0,72
693,633,60,0,72
693,634,60,0,72
693,635,60,0,72
693,636,60,0,72
693,637,60,0,72
693,638,60,0,72
693,639,60,0,72
693,640,60,0,72
693,641,60,0,72
693,642,60,0,72
693,643,60,0,72
693,644,60,0,72
693,645,60,0,72
693,646,60,0,72
693,647,60,0,72
693,648,60,0,72
693,649,60,0,72
693,650,60,0,72
693,651,60,0,72
693,652,60,0,72
693,653,60,0,72
693,654,60,0,72
693,655,60,0,72
693,656,60,0,72
693,657,60,0,72
693,658,60,0,72
693,659,60,0,72
693,660,60,0,72
693,661,60,0,72
693,662,60,0,72
693,663,60,0,72
693,664,60,0,72
693,665,60,0,72
693,666,60,0,72
693,667,60,0,72
693,668,60,0,72
693,669,60,0,72
693,670,60,0,72
693,671,60,0,72
693,672,60,0,72
693,673,60,0,72
693,674,60,0,72
693,675,60,0,72
693,676,60,0,72
693,677,60,0,72
693,678,60,0,72
693,679,60,0,72
693,680,60,0,72
693,681,60,0,72
693,682,60,0,72
693,683,60,0,72
693,684,60,0,72
693,685,60,0,72
693,686,60,0,72
693,687,60,0,72
693,688,60,0,72
693,689,60,0,72
693,690,60,0,72
693,691,60,0,72
693,692,60,0,72
693,694,60,0,72
693,695,60,0,72
693,696,60,0,72
693,697,60,0,72
693,698,60,0,72
693,699,60,0,72
693,700,60,0,72
693,701,60,0,72
693,702,60,0,72
693,703,60,0,72
693,704,60,0,72
693,705,60,0,72
693,706,60,0,72
693,707,60,0,72
693,708,60,0,72
693,709,60,0,72
693,710,60,0,72
693,711,60,0,72
693,712,60,0,72
693,713,60,0,72
693,714,60,0,72
693,715,60,0,72
693,716,60,0,72
693,717,60,0,72
693,718,60,0,72
693,719,60,0,72
693,720,60,0,72
693,721,60,0,72
693,722,60,0,72
693,723,60,0,72
693,724,60,0,72
706,625,105,0,85
706,626,105,0,85
706,627,105,0,85
706,628,105,0,85
706,629,105,0,85
706,630,105,0,85
706,631,105,0,85
706,632,105,0,85
706,633,105,0,85
706,634,105,0,85
706,635,105,0,85
706,636,105,0,85
706,637,105,0,85
706,638,105,0,85
706,639,105,0,85
706,640,105,0,85
706,641,105,0,85
706,642,105,0,85
706,643,105,0,85
706,644,105,0,85
706,645,105,0,85
706,646,105,0,85
706,647,105,0,85
706,648,105,0,85
706,649,105,0,85
706,650,105,0,85
706,651,105,0,85
706,652,105,0,85
706,653,105,0,85
706,654,105,0,85
706,655,105,0,85
706,656,105,0,85
706,657,105,0,85
706,658,105,0,85
706,659,105,0,85
706,660,105,0,85
706,661,105,0,85
706,662,105,0,85
706,663,105,0,85
706,664,105,0,85
706,665,105,0,85
706,666,105,0,85
706,667,105,0,85
706,668,105,0,85
706,669,105,0,85
706,670,105,0,85
706,671,105,0,85
706,672,105,0,85
706,673,105,0,85
706,674,105,0,85
706,675,105,0,85
706,676,105,0,85
706,677,105,0,85
706,678,105,0,85
706,679,105,0,85
706,680,105,0,85
706,681,105,0,85
706,682,105,0,85
706,683,105,0,85
706,684,105,0,85
706,685,105,0,85
706,686,105,0,85
706,687,105,0,85
706,688,105,0,85
706,689,105,0,85
706,690,105,0,85
706,691,105,0,85
706,692,105,0,85
706,693,105,0,85
706,694,105,0,85
706,695,105,0,85
706,696,105,0,85
706,697,105,0,85
706,698,105,0,85
706,699,105,0,85
706,700,105,0,85
706,701,105,0,85
706,702,105,0,85
706,703,105,0,85
706,704,105,0,85
706,705,105,0,85
706,707,105,0,85
706,708,105,0,85
706,709,105,0,85
706,710,105,0,85
706,711,105,0,85
706,712,105,0,85
706,713,105,0,85
706,714,105,0,85
706,715,105,0,85
706,716,105,0,85
706,717,105,0,85
706,718,105,0,85
706,719,105,0,85
706,720,105,0,85
706,721,105,0,85
706,722,105,0,85
706,723,105,0,85
706,724,105,0,85
722,625,83,0,101
722,626,83,0,101
722,627,83,0,101
722,628,83,0,101
722,629,83,0,101
722,630,83,0,101
722,631,83,0,101
722,632,83,0,101
722,633,83,0,101
722,634,83,0,101
722,635,83,0,101
722,636,83,0,101
722,637,83,0,101
722,638,83,0,101
722,639,83,0,101
722,640,83,0,101
722,641,83,0,101
722,642,83,0,101
722,643,83,0,101
722,644,83,0,101
722,645,83,0,101
722,646,83,0,101
722,647,83,0,101
722,648,83,0,101
722,649,83,0,101
722,650,83,0,101
722,651,83,0,101
722,652,83,0,101
722,653,83,0,101
722,654,83,0,101
722,655,83,0,101
722,656,83,0,101
722,657,83,0,101
722,658,83,0,101
722,659,83,0,101
722,660,83,0,101
722,661,83,0,101
722,662,83,0,101
722,663,83,0,101
722,664,83,0,101
722,665,83,0,101
722,666,83,0,101
722,667,83,0,101
722,668,83,0,101
722,669,83,0,101
722,670,83,0,101
722,671,83,0,101
722,672,83,0,101
722,673,83,0,101
722,674,83,0,101
722,675,83,0,101
722,676,83,0,101
722,677,83,0,101
722,678,83,0,101
722,679,83,0,101
722,680,83,0,101
722,681,83,0,101
722,682,83,0,101
722,683,83,0,101
722,684,83,0,101
722,685,83,0,101
722,686,83,0,101
722,687,83,0,101
722,688,83,0,101
722,689,83,0,101
722,690,83,0,101
722,691,83,0,101
722,692,83,0,101
722,693,83,0,101
722,694,83,0,101
722,695,83,0,101
722,696,83,0,101
722,697,83,0,101
722,698,83,0,101
722,699,83,0,101
722,700,83,0,101
722,701,83,0,101
722,702,83,0,101
722,703,83,0,101
722,704,83,0,101
722,705,83,0,101
722,706,83,0,101
722,707,83,0,101
722,708,83,0,101
722,709,83,0,101
722,710,83,0,101
722,711,83,0,101
722,712,83,0,101
722,713,83,0,101
722,714,83,0,101
722,715,83,0,101
722,716,83,0,101
722,717,83,0,101
722,718,83,0,101
722,719,83,0,101
722,720,83,0,101
722,721,83,0,101
722,723,83,0,101
722,724,83,0,101
