0,637,600,3,2
0,711,24,2,1
1,637,601,3,3
1,651,2,1,0
1,711,0,0,0
2,704,1,0,1
2,711,1,0,1
3,711,2,0,1
4,711,5,1,0
5,711,6,1,0
6,711,7,1,0
7,637,607,3,3
7,711,8,1,0
8,637,608,3,3
8,711,9,1,0
9,637,609,3,3
9,701,10,1,0
9,711,10,1,0
10,637,610,3,3
10,661,35,2,0
10,711,610,3,3
11,637,10,0,1
11,655,10,0,1
11,661,36,2,0
11,701,36,2,0
11,711,611,3,3
12,637,11,0,1
12,661,37,2,0
12,694,11,0,1
12,711,612,3,3
13,637,12,0,1
13,661,38,2,0
13,711,613,3,3
14,651,13,0,1
14,711,614,3,3
15,704,40,2,0
15,711,615,3,3
16,711,616,3,3
17,711,16,0,1
18,711,618,3,3
19,704,44,2,0
19,711,619,3,3
20,637,21,1,0
20,651,19,0,1
20,711,620,3,3
21,637,22,1,0
21,661,46,2,0
21,711,621,3,3
22,637,23,1,0
22,661,47,2,0
22,694,21,0,1
22,701,21,0,1
22,711,622,3,3
23,637,623,3,3
23,661,48,2,0
23,711,623,3,3
24,637,624,3,3
24,694,0,1,2
24,701,0,1,2
24,711,23,0,1
25,637,0,0,1
25,711,49,3,2
26,637,1,0,2
26,651,27,2,1
26,711,25,1,1
27,704,26,1,2
27,711,26,1,2
28,711,27,1,2
29,711,30,2,1
30,711,31,2,1
31,711,32,2,1
32,637,7,0,2
32,711,33,2,1
33,637,8,0,2
33,711,34,2,1
34,637,9,0,2
34,701,35,2,1
34,711,35,2,1
35,637,10,0,2
35,655,60,3,0
35,661,36,2,1
35,701,36,2,1
35,711,10,0,2
36,637,35,1,2
36,655,35,1,2
36,661,37,2,1
36,701,701,80,0
36,711,11,0,2
37,637,36,1,2
37,661,38,2,1
37,694,36,1,2
37,711,12,0,2
38,637,37,1,2
38,661,661,40,0
38,711,13,0,2
39,651,38,1,2
39,711,14,0,2
40,704,65,3,0
40,711,15,0,2
41,711,16,0,2
42,711,41,1,2
43,711,18,0,2
44,704,69,3,0
44,711,19,0,2
45,637,46,2,1
45,651,44,1,2
45,711,20,0,2
46,637,47,2,1
46,661,45,1,2
46,711,21,0,2
47,637,48,2,1
47,661,46,1,2
47,694,46,1,2
47,701,46,1,2
47,711,22,0,2
48,637,23,0,2
48,655,73,3,0
48,661,47,1,2
48,701,47,1,2
48,711,23,0,2
49,637,24,0,2
49,694,25,2,3
49,701,25,2,3
49,711,48,1,2
50,637,25,0,2
50,711,74,3,2
51,637,26,0,3
51,651,52,2,1
51,711,50,1,1
52,704,51,1,2
52,711,51,1,2
53,711,52,1,2
54,711,55,2,1
55,711,56,2,1
56,711,57,2,1
57,637,32,0,3
57,711,58,2,1
58,637,33,0,3
58,711,59,2,1
59,637,34,0,3
59,701,60,2,1
59,711,60,2,1
60,637,35,0,3
60,655,85,3,0
60,694,85,3,0
60,701,35,0,3
60,711,35,0,3
61,637,60,1,2
61,655,60,1,2
61,694,86,3,0
61,701,36,0,3
61,711,36,0,3
62,637,61,1,2
62,694,61,1,2
62,711,37,0,3
63,637,62,1,2
63,711,38,0,3
64,651,63,1,2
64,711,39,0,3
65,704,90,3,0
65,711,40,0,3
66,711,41,0,3
67,711,66,1,2
68,711,43,0,3
69,704,94,3,0
69,711,44,0,3
70,637,71,2,1
70,651,69,1,2
70,711,45,0,3
71,637,72,2,1
71,711,46,0,3
72,637,73,2,1
72,701,71,1,2
72,711,47,0,3
73,637,48,0,3
73,655,98,3,0
73,694,98,3,0
73,701,48,0,3
73,711,48,0,3
74,637,49,0,3
74,694,50,2,3
74,701,50,2,3
74,711,73,1,2
75,637,50,0,2
75,711,99,3,2
76,637,51,0,3
76,651,77,2,1
76,711,75,1,1
77,704,76,1,2
77,711,76,1,2
78,711,77,1,2
79,711,80,2,1
80,711,81,2,1
81,711,82,2,1
82,637,57,0,3
82,711,83,2,1
83,637,58,0,3
83,711,84,2,1
84,637,59,0,3
84,701,85,2,1
84,711,85,2,1
85,637,60,0,3
85,655,655,34,0
85,694,86,2,1
85,701,60,0,3
85,711,110,3,0
86,637,85,1,2
86,655,85,1,2
86,694,694,73,0
86,701,61,0,3
86,711,111,3,0
87,637,86,1,2
87,694,86,1,2
87,711,112,3,0
88,637,87,1,2
88,711,113,3,0
89,651,88,1,2
89,711,114,3,0
90,704,115,3,0
90,711,115,3,0
91,711,116,3,0
92,711,91,1,2
93,711,118,3,0
94,704,119,3,0
94,711,119,3,0
95,637,96,2,1
95,651,94,1,2
95,711,120,3,0
96,637,97,2,1
96,711,121,3,0
97,637,98,2,1
97,694,96,1,2
97,701,96,1,2
97,711,122,3,0
98,637,73,0,3
98,655,99,2,1
98,694,97,1,2
98,701,73,0,3
98,711,123,3,0
99,637,74,0,3
99,694,75,2,3
99,701,75,2,3
99,711,98,1,2
100,637,125,2,0
100,711,124,3,2
101,637,126,3,0
101,651,102,2,1
101,711,100,1,1
102,704,101,1,2
102,711,101,1,2
103,711,102,1,2
104,711,105,2,1
105,711,106,2,1
106,711,107,2,1
107,637,132,3,0
107,711,108,2,1
108,637,133,3,0
108,711,109,2,1
109,637,134,3,0
109,701,110,2,1
109,711,110,2,1
110,701,85,0,3
110,704,111,2,1
110,711,135,3,0
111,637,110,1,2
111,655,110,1,2
111,701,86,0,3
111,704,112,2,1
111,711,136,3,0
112,637,111,1,2
112,694,111,1,2
112,704,113,2,1
112,711,137,3,0
113,637,112,1,2
113,704,114,2,1
113,711,138,3,0
114,651,113,1,2
114,704,115,2,1
114,711,139,3,0
115,704,704,83,0
115,711,140,3,0
116,711,141,3,0
117,711,116,1,2
118,711,143,3,0
119,711,144,3,0
120,637,121,2,1
120,651,119,1,2
120,704,119,1,2
120,711,145,3,0
121,637,122,2,1
121,704,120,1,2
121,711,146,3,0
122,637,123,2,1
122,694,121,1,2
122,701,121,1,2
122,704,121,1,2
122,711,147,3,0
123,701,98,0,3
123,704,122,1,2
123,711,148,3,0
124,637,149,3,0
124,694,100,2,3
124,711,123,1,2
125,637,150,2,0
125,711,149,3,2
126,637,151,3,0
126,651,127,2,1
126,711,125,1,1
127,704,126,1,2
127,711,126,1,2
128,711,127,1,2
129,711,130,2,1
130,711,131,2,1
131,711,132,2,1
132,637,157,3,0
132,711,133,2,1
133,637,158,3,0
133,711,134,2,1
134,637,159,3,0
134,701,135,2,1
134,711,135,2,1
135,704,110,0,3
135,711,160,3,0
136,637,135,1,2
136,655,135,1,2
136,701,111,0,3
136,704,111,0,3
136,711,161,3,0
137,637,136,1,2
137,694,136,1,2
137,704,112,0,3
137,711,162,3,0
138,637,137,1,2
138,704,113,0,3
138,711,163,3,0
139,651,138,1,2
139,704,114,0,3
139,711,164,3,0
140,704,115,0,3
140,711,165,3,0
141,711,166,3,0
142,711,141,1,2
143,711,168,3,0
144,704,119,0,3
144,711,169,3,0
145,637,146,2,1
145,651,144,1,2
145,704,120,0,3
145,711,170,3,0
146,637,147,2,1
146,704,121,0,3
146,711,171,3,0
147,637,148,2,1
147,694,146,1,2
147,701,146,1,2
147,704,122,0,3
147,711,172,3,0
148,704,123,0,3
148,711,173,3,0
149,637,174,3,0
149,694,125,2,3
149,701,125,2,3
149,711,148,1,2
150,637,175,2,0
150,711,174,3,2
151,637,176,3,0
151,651,152,2,1
151,711,150,1,1
152,704,151,1,2
152,711,151,1,2
153,711,152,1,2
154,711,155,2,1
155,711,156,2,1
156,711,157,2,1
157,637,182,3,0
157,711,158,2,1
158,637,183,3,0
158,711,159,2,1
159,637,184,3,0
159,701,160,2,1
159,711,160,2,1
160,711,185,3,0
160,716,161,2,1
161,637,160,1,2
161,655,160,1,2
161,701,136,0,3
161,711,186,3,0
161,716,716,95,0
162,637,161,1,2
162,694,161,1,2
162,711,187,3,0
163,637,162,1,2
163,711,188,3,0
164,651,163,1,2
164,711,189,3,0
165,704,140,0,3
165,711,190,3,0
166,711,191,3,0
167,711,166,1,2
168,711,193,3,0
169,704,144,0,3
169,711,194,3,0
170,637,171,2,1
170,651,169,1,2
170,711,195,3,0
171,637,172,2,1
171,711,196,3,0
172,637,173,2,1
172,694,171,1,2
172,701,171,1,2
172,711,197,3,0
173,711,198,3,0
173,716,172,1,2
174,637,199,3,0
174,694,150,2,3
174,701,150,2,3
174,711,173,1,2
175,637,200,2,0
175,711,199,3,2
176,637,201,3,0
176,651,177,2,1
176,711,175,1,1
177,704,176,1,2
177,711,176,1,2
178,711,177,1,2
179,711,180,2,1
180,711,181,2,1
181,711,182,2,1
182,637,207,3,0
182,711,183,2,1
183,637,208,3,0
183,711,184,2,1
184,637,209,3,0
184,701,185,2,1
184,711,185,2,1
185,711,210,3,0
185,716,160,0,3
186,637,185,1,2
186,655,185,1,2
186,701,161,0,3
186,711,211,3,0
186,716,161,0,3
187,637,186,1,2
187,694,186,1,2
187,711,212,3,0
188,637,187,1,2
188,711,213,3,0
189,651,188,1,2
189,711,214,3,0
190,704,165,0,3
190,711,215,3,0
191,711,216,3,0
192,711,191,1,2
193,711,218,3,0
194,704,169,0,3
194,711,219,3,0
195,637,196,2,1
195,651,194,1,2
195,711,220,3,0
196,637,197,2,1
196,711,221,3,0
197,637,198,2,1
197,694,196,1,2
197,701,196,1,2
197,711,222,3,0
198,711,223,3,0
198,716,173,0,3
199,637,224,3,0
199,694,175,2,3
199,701,175,2,3
199,711,198,1,2
200,637,225,2,0
200,711,224,3,2
201,637,226,3,0
201,651,202,2,1
201,711,200,1,1
202,704,201,1,2
202,711,201,1,2
203,711,202,1,2
204,711,205,2,1
205,711,206,2,1
206,711,207,2,1
207,637,232,3,0
207,711,208,2,1
208,637,233,3,0
208,711,209,2,1
209,637,234,3,0
209,701,210,2,1
209,711,210,2,1
210,637,235,3,0
210,711,235,3,0
211,637,210,1,2
211,655,210,1,2
211,701,186,0,3
211,711,236,3,0
212,637,211,1,2
212,694,211,1,2
212,711,237,3,0
213,637,212,1,2
213,711,238,3,0
214,651,213,1,2
214,711,239,3,0
215,704,190,0,3
215,711,240,3,0
216,711,241,3,0
217,711,216,1,2
218,711,243,3,0
219,704,194,0,3
219,711,244,3,0
220,637,221,2,1
220,651,219,1,2
220,711,245,3,0
221,637,222,2,1
221,711,246,3,0
222,637,223,2,1
222,694,221,1,2
222,701,221,1,2
222,711,247,3,0
223,637,248,3,0
223,711,248,3,0
224,637,249,3,0
224,694,200,2,3
224,701,200,2,3
224,711,223,1,2
225,637,250,2,0
225,711,249,3,2
226,637,251,3,0
226,651,227,2,1
226,711,225,1,1
227,704,226,1,2
227,711,226,1,2
228,711,227,1,2
229,711,230,2,1
230,711,231,2,1
231,711,232,2,1
232,637,257,3,0
232,711,233,2,1
233,637,258,3,0
233,711,234,2,1
234,637,259,3,0
234,701,235,2,1
234,711,235,2,1
235,637,260,3,0
235,711,260,3,0
236,637,235,1,2
236,655,235,1,2
236,701,211,0,3
236,711,261,3,0
237,637,236,1,2
237,694,236,1,2
237,711,262,3,0
238,637,237,1,2
238,711,263,3,0
239,651,238,1,2
239,711,264,3,0
240,704,215,0,3
240,711,265,3,0
241,711,266,3,0
242,711,241,1,2
243,711,268,3,0
244,704,219,0,3
244,711,269,3,0
245,637,246,2,1
245,651,244,1,2
245,711,270,3,0
246,637,247,2,1
246,711,271,3,0
247,637,248,2,1
247,694,246,1,2
247,701,246,1,2
247,711,272,3,0
248,637,273,3,0
248,711,273,3,0
249,637,274,3,0
249,694,225,2,3
249,701,225,2,3
249,711,248,1,2
250,637,275,2,0
250,711,274,3,2
251,637,276,3,0
251,651,252,2,1
251,711,250,1,1
252,704,251,1,2
252,711,251,1,2
253,711,252,1,2
254,711,255,2,1
255,711,256,2,1
256,711,257,2,1
257,637,282,3,0
257,711,258,2,1
258,637,283,3,0
258,711,259,2,1
259,637,284,3,0
259,701,260,2,1
259,711,260,2,1
260,637,285,3,0
260,711,285,3,0
261,637,260,1,2
261,655,260,1,2
261,701,236,0,3
261,711,286,3,0
262,637,261,1,2
262,694,261,1,2
262,711,287,3,0
263,637,262,1,2
263,711,288,3,0
264,651,263,1,2
264,711,289,3,0
265,704,240,0,3
265,711,290,3,0
266,711,291,3,0
267,711,266,1,2
268,711,293,3,0
269,704,244,0,3
269,711,294,3,0
270,637,271,2,1
270,651,269,1,2
270,711,295,3,0
271,637,272,2,1
271,711,296,3,0
272,637,273,2,1
272,694,271,1,2
272,701,271,1,2
272,711,297,3,0
273,637,298,3,0
273,711,298,3,0
274,637,299,3,0
274,694,250,2,3
274,701,250,2,3
274,711,273,1,2
275,637,300,2,0
275,711,299,3,2
276,637,301,3,0
276,651,277,2,1
276,711,275,1,1
277,704,276,1,2
277,711,276,1,2
278,711,277,1,2
279,711,280,2,1
280,711,281,2,1
281,711,282,2,1
282,637,307,3,0
282,711,283,2,1
283,637,308,3,0
283,711,284,2,1
284,637,309,3,0
284,701,285,2,1
284,711,285,2,1
285,637,310,3,0
285,711,310,3,0
286,637,285,1,2
286,655,285,1,2
286,701,261,0,3
286,711,311,3,0
287,637,286,1,2
287,694,286,1,2
287,711,312,3,0
288,637,287,1,2
288,711,313,3,0
289,651,288,1,2
289,711,314,3,0
290,704,265,0,3
290,711,315,3,0
291,711,316,3,0
292,711,291,1,2
293,711,318,3,0
294,704,269,0,3
294,711,319,3,0
295,637,296,2,1
295,651,294,1,2
295,711,320,3,0
296,637,297,2,1
296,711,321,3,0
297,637,298,2,1
297,694,296,1,2
297,701,296,1,2
297,711,322,3,0
298,637,323,3,0
298,711,323,3,0
299,637,324,3,0
299,694,275,2,3
299,701,275,2,3
299,711,298,1,2
300,637,325,2,0
300,711,324,3,2
301,637,326,3,0
301,651,302,2,1
301,711,300,1,1
302,704,301,1,2
302,711,301,1,2
303,711,302,1,2
304,711,305,2,1
305,711,306,2,1
306,711,307,2,1
307,637,332,3,0
307,711,308,2,1
308,637,333,3,0
308,711,309,2,1
309,637,334,3,0
309,701,310,2,1
309,711,310,2,1
310,637,335,3,0
310,711,335,3,0
311,637,310,1,2
311,655,310,1,2
311,701,286,0,3
311,711,336,3,0
312,637,311,1,2
312,694,311,1,2
312,711,337,3,0
313,637,312,1,2
313,711,338,3,0
314,651,313,1,2
314,711,339,3,0
315,704,290,0,3
315,711,340,3,0
316,711,341,3,0
317,711,316,1,2
318,711,343,3,0
319,704,294,0,3
319,711,344,3,0
320,637,321,2,1
320,651,319,1,2
320,711,345,3,0
321,637,322,2,1
321,711,346,3,0
322,637,323,2,1
322,694,321,1,2
322,701,321,1,2
322,711,347,3,0
323,637,348,3,0
323,711,348,3,0
324,637,349,3,0
324,694,300,2,3
324,701,300,2,3
324,711,323,1,2
325,637,350,2,0
325,711,349,3,2
326,637,351,3,0
326,651,327,2,1
326,711,325,1,1
327,704,326,1,2
327,711,326,1,2
328,711,327,1,2
329,711,330,2,1
330,711,331,2,1
331,711,332,2,1
332,637,357,3,0
332,711,333,2,1
333,637,358,3,0
333,711,334,2,1
334,637,359,3,0
334,701,335,2,1
334,711,335,2,1
335,637,360,3,0
335,661,310,0,3
335,711,360,3,0
336,637,335,1,2
336,655,335,1,2
336,661,311,0,3
336,701,311,0,3
336,711,361,3,0
337,637,336,1,2
337,661,312,0,3
337,694,336,1,2
337,711,362,3,0
338,637,337,1,2
338,661,313,0,3
338,711,363,3,0
339,651,338,1,2
339,711,364,3,0
340,704,315,0,3
340,711,365,3,0
341,711,366,3,0
342,711,341,1,2
343,711,368,3,0
344,704,319,0,3
344,711,369,3,0
345,637,346,2,1
345,651,344,1,2
345,711,370,3,0
346,637,347,2,1
346,661,321,0,3
346,711,371,3,0
347,637,348,2,1
347,661,322,0,3
347,694,346,1,2
347,701,346,1,2
347,711,372,3,0
348,637,373,3,0
348,661,323,0,3
348,711,373,3,0
349,637,374,3,0
349,694,325,2,3
349,701,325,2,3
349,711,348,1,2
350,637,375,2,0
350,711,374,3,2
351,637,376,3,0
351,651,352,2,1
351,711,350,1,1
352,704,351,1,2
352,711,351,1,2
353,711,352,1,2
354,711,355,2,1
355,711,356,2,1
356,711,357,2,1
357,637,382,3,0
357,711,358,2,1
358,637,383,3,0
358,711,359,2,1
359,637,384,3,0
359,701,360,2,1
359,711,360,2,1
360,637,385,3,0
360,655,335,0,3
360,701,385,3,0
360,711,385,3,0
361,637,360,1,2
361,655,360,1,2
361,701,386,3,0
361,711,386,3,0
362,637,361,1,2
362,694,361,1,2
362,711,387,3,0
363,637,362,1,2
363,711,388,3,0
364,651,363,1,2
364,711,389,3,0
365,704,340,0,3
365,711,390,3,0
366,711,391,3,0
367,711,366,1,2
368,711,393,3,0
369,704,344,0,3
369,711,394,3,0
370,637,371,2,1
370,651,369,1,2
370,711,395,3,0
371,637,372,2,1
371,711,396,3,0
372,637,373,2,1
372,694,371,1,2
372,701,371,1,2
372,711,397,3,0
373,637,398,3,0
373,655,348,0,3
373,701,398,3,0
373,711,398,3,0
374,637,399,3,0
374,694,350,2,3
374,701,350,2,3
374,711,373,1,2
375,637,400,2,0
375,711,399,3,2
376,637,401,3,0
376,651,377,2,1
376,711,375,1,1
377,704,376,1,2
377,711,376,1,2
378,711,377,1,2
379,711,380,2,1
380,711,381,2,1
381,711,382,2,1
382,637,407,3,0
382,711,383,2,1
383,637,408,3,0
383,711,384,2,1
384,637,409,3,0
384,701,385,2,1
384,711,385,2,1
385,637,410,3,0
385,655,360,0,3
385,694,360,0,3
385,701,410,3,0
385,711,386,2,1
386,637,385,1,2
386,655,385,1,2
386,694,361,0,3
386,701,411,3,0
386,711,387,2,1
387,637,386,1,2
387,694,386,1,2
387,711,388,2,1
388,637,387,1,2
388,711,389,2,1
389,651,388,1,2
389,711,390,2,1
390,704,365,0,3
390,711,391,2,1
391,711,711,90,0
392,711,391,1,2
393,711,392,1,2
394,704,369,0,3
394,711,393,1,2
395,637,396,2,1
395,651,394,1,2
395,711,394,1,2
396,637,397,2,1
396,711,395,1,2
397,637,398,2,1
397,694,396,1,2
397,701,396,1,2
397,711,396,1,2
398,637,423,3,0
398,655,373,0,3
398,694,373,0,3
398,701,423,3,0
398,711,397,1,2
399,637,424,3,0
399,694,375,2,3
399,701,375,2,3
399,711,398,1,2
400,637,401,1,1
400,711,424,3,2
401,651,402,2,1
401,711,400,1,1
402,704,401,1,2
402,711,401,1,2
403,711,402,1,2
404,711,405,2,1
405,711,406,2,1
406,711,407,2,1
407,637,637,16,0
407,711,408,2,1
408,637,407,1,2
408,711,409,2,1
409,637,408,1,2
409,701,410,2,1
409,711,410,2,1
410,637,409,1,2
410,701,435,3,0
410,711,385,0,3
411,637,410,1,2
411,655,410,1,2
411,701,436,3,0
411,711,386,0,3
412,637,411,1,2
412,694,411,1,2
412,711,387,0,3
413,637,412,1,2
413,711,388,0,3
414,651,413,1,2
414,711,389,0,3
415,704,390,0,3
415,711,390,0,3
416,711,391,0,3
417,711,416,1,2
418,711,393,0,3
419,704,394,0,3
419,711,394,0,3
420,637,421,2,1
420,651,419,1,2
420,711,395,0,3
421,637,422,2,1
421,711,396,0,3
422,637,423,2,1
422,694,421,1,2
422,701,421,1,2
422,711,397,0,3
423,637,424,2,1
423,701,448,3,0
423,711,398,0,3
424,637,400,2,3
424,694,400,2,3
424,701,400,2,3
424,711,423,1,2
425,637,400,0,2
425,711,449,3,2
426,637,401,0,3
426,651,427,2,1
426,711,425,1,1
427,704,426,1,2
427,711,426,1,2
428,711,427,1,2
429,711,430,2,1
430,711,431,2,1
431,711,432,2,1
432,637,407,0,3
432,711,433,2,1
433,637,408,0,3
433,711,434,2,1
434,637,409,0,3
434,701,435,2,1
434,711,435,2,1
435,704,460,3,0
435,711,410,0,3
436,637,435,1,2
436,655,435,1,2
436,701,461,3,0
436,704,461,3,0
436,711,411,0,3
437,637,436,1,2
437,694,436,1,2
437,704,462,3,0
437,711,412,0,3
438,637,437,1,2
438,704,463,3,0
438,711,413,0,3
439,651,438,1,2
439,704,464,3,0
439,711,414,0,3
440,704,465,3,0
440,711,415,0,3
441,711,416,0,3
442,711,441,1,2
443,711,418,0,3
444,704,469,3,0
444,711,419,0,3
445,637,446,2,1
445,651,444,1,2
445,704,470,3,0
445,711,420,0,3
446,637,447,2,1
446,704,471,3,0
446,711,421,0,3
447,637,448,2,1
447,694,446,1,2
447,701,446,1,2
447,704,472,3,0
447,711,422,0,3
448,704,473,3,0
448,711,423,0,3
449,637,424,0,3
449,694,425,2,3
449,701,425,2,3
449,711,448,1,2
450,637,425,0,2
450,711,474,3,2
451,637,426,0,3
451,651,452,2,1
451,711,450,1,1
452,704,451,1,2
452,711,451,1,2
453,711,452,1,2
454,711,455,2,1
455,711,456,2,1
456,711,457,2,1
457,637,432,0,3
457,711,458,2,1
458,637,433,0,3
458,711,459,2,1
459,637,434,0,3
459,701,460,2,1
459,711,460,2,1
460,711,435,0,3
461,637,460,1,2
461,655,460,1,2
461,701,486,3,0
461,711,436,0,3
462,637,461,1,2
462,694,461,1,2
462,711,437,0,3
463,637,462,1,2
463,711,438,0,3
464,651,463,1,2
464,711,439,0,3
465,704,490,3,0
465,711,440,0,3
466,711,441,0,3
467,711,466,1,2
468,711,443,0,3
469,704,494,3,0
469,711,444,0,3
470,637,471,2,1
470,651,469,1,2
470,711,445,0,3
471,637,472,2,1
471,711,446,0,3
472,637,473,2,1
472,694,471,1,2
472,701,471,1,2
472,711,447,0,3
473,711,448,0,3
474,637,449,0,3
474,694,450,2,3
474,701,450,2,3
474,711,473,1,2
475,637,450,0,2
475,711,499,3,2
476,637,451,0,3
476,651,477,2,1
476,711,475,1,1
477,704,476,1,2
477,711,476,1,2
478,711,477,1,2
479,711,480,2,1
480,711,481,2,1
481,711,482,2,1
482,637,457,0,3
482,711,483,2,1
483,637,458,0,3
483,711,484,2,1
484,637,459,0,3
484,701,485,2,1
484,711,485,2,1
485,711,460,0,3
485,716,510,3,0
486,637,485,1,2
486,655,485,1,2
486,701,511,3,0
486,711,461,0,3
486,716,511,3,0
487,637,486,1,2
487,694,486,1,2
487,711,462,0,3
488,637,487,1,2
488,711,463,0,3
489,651,488,1,2
489,711,464,0,3
490,704,515,3,0
490,711,465,0,3
491,711,466,0,3
492,711,491,1,2
493,711,468,0,3
494,704,519,3,0
494,711,469,0,3
495,637,496,2,1
495,651,494,1,2
495,711,470,0,3
496,637,497,2,1
496,711,471,0,3
497,637,498,2,1
497,694,496,1,2
497,701,496,1,2
497,711,472,0,3
498,711,473,0,3
498,716,523,3,0
499,637,474,0,3
499,694,475,2,3
499,701,475,2,3
499,711,498,1,2
500,637,475,0,2
500,711,524,3,2
501,637,476,0,3
501,651,502,2,1
501,711,500,1,1
502,704,501,1,2
502,711,501,1,2
503,711,502,1,2
504,711,505,2,1
505,711,506,2,1
506,711,507,2,1
507,637,482,0,3
507,711,508,2,1
508,637,483,0,3
508,711,509,2,1
509,637,484,0,3
509,701,510,2,1
509,711,510,2,1
510,711,485,0,3
511,637,510,1,2
511,655,510,1,2
511,701,536,3,0
511,711,486,0,3
512,637,511,1,2
512,694,511,1,2
512,711,487,0,3
513,637,512,1,2
513,711,488,0,3
514,651,513,1,2
514,711,489,0,3
515,704,540,3,0
515,711,490,0,3
516,711,491,0,3
517,711,516,1,2
518,711,493,0,3
519,704,544,3,0
519,711,494,0,3
520,637,521,2,1
520,651,519,1,2
520,711,495,0,3
521,637,522,2,1
521,711,496,0,3
522,637,523,2,1
522,694,521,1,2
522,701,521,1,2
522,711,497,0,3
523,711,498,0,3
524,637,499,0,3
524,694,500,2,3
524,701,500,2,3
524,711,523,1,2
525,637,500,0,2
525,711,549,3,2
526,637,501,0,3
526,651,527,2,1
526,711,525,1,1
527,704,526,1,2
527,711,526,1,2
528,711,527,1,2
529,711,530,2,1
530,711,531,2,1
531,711,532,2,1
532,637,507,0,3
532,711,533,2,1
533,637,508,0,3
533,711,534,2,1
534,637,509,0,3
534,701,535,2,1
534,711,535,2,1
535,637,510,0,3
535,711,510,0,3
536,637,535,1,2
536,655,535,1,2
536,701,561,3,0
536,711,511,0,3
537,637,536,1,2
537,694,536,1,2
537,711,512,0,3
538,637,537,1,2
538,711,513,0,3
539,651,538,1,2
539,711,514,0,3
540,704,565,3,0
540,711,515,0,3
541,711,516,0,3
542,711,541,1,2
543,711,518,0,3
544,704,569,3,0
544,711,519,0,3
545,637,546,2,1
545,651,544,1,2
545,711,520,0,3
546,637,547,2,1
546,711,521,0,3
547,637,548,2,1
547,694,546,1,2
547,701,546,1,2
547,711,522,0,3
548,637,523,0,3
548,711,523,0,3
549,637,524,0,3
549,694,525,2,3
549,701,525,2,3
549,711,548,1,2
550,637,525,0,2
550,711,574,3,2
551,637,526,0,3
551,651,552,2,1
551,711,550,1,1
552,704,551,1,2
552,711,551,1,2
553,711,552,1,2
554,711,555,2,1
555,711,556,2,1
556,711,557,2,1
557,637,532,0,3
557,711,558,2,1
558,637,533,0,3
558,711,559,2,1
559,637,534,0,3
559,701,560,2,1
559,711,560,2,1
560,637,535,0,3
560,711,535,0,3
561,637,560,1,2
561,655,560,1,2
561,701,586,3,0
561,711,536,0,3
562,637,561,1,2
562,694,561,1,2
562,711,537,0,3
563,637,562,1,2
563,651,651,30,0
563,711,538,0,3
564,651,563,1,2
564,711,539,0,3
565,704,590,3,0
565,711,540,0,3
566,711,541,0,3
567,711,566,1,2
568,711,543,0,3
569,704,594,3,0
569,711,544,0,3
570,637,571,2,1
570,711,545,0,3
571,637,572,2,1
571,711,546,0,3
572,637,573,2,1
572,694,571,1,2
572,701,571,1,2
572,711,547,0,3
573,637,548,0,3
573,711,548,0,3
574,637,549,0,3
574,694,550,2,3
574,701,550,2,3
574,711,573,1,2
575,637,550,0,2
575,711,599,3,2
576,637,551,0,3
576,651,577,2,1
576,711,575,1,1
577,704,576,1,2
577,711,576,1,2
578,711,577,1,2
579,711,580,2,1
580,711,581,2,1
581,711,582,2,1
582,637,557,0,3
582,711,583,2,1
583,637,558,0,3
583,711,584,2,1
584,637,559,0,3
584,701,585,2,1
584,711,585,2,1
585,637,560,0,3
585,711,560,0,3
586,637,585,1,2
586,655,585,1,2
586,701,611,3,0
586,711,561,0,3
587,637,586,1,2
587,694,586,1,2
587,711,562,0,3
588,637,587,1,2
588,711,563,0,3
589,651,588,1,2
589,711,564,0,3
590,704,615,3,0
590,711,565,0,3
591,711,566,0,3
592,711,591,1,2
593,711,568,0,3
594,704,619,3,0
594,711,569,0,3
595,637,596,2,1
595,651,594,1,2
595,711,570,0,3
596,637,597,2,1
596,711,571,0,3
597,637,598,2,1
597,694,596,1,2
597,701,596,1,2
597,711,572,0,3
598,637,573,0,3
598,711,573,0,3
599,637,574,0,3
599,694,575,2,3
599,701,575,2,3
599,711,598,1,2
600,637,575,0,2
600,711,624,3,2
601,637,576,0,3
601,651,602,2,1
601,711,600,1,1
602,704,601,1,2
602,711,601,1,2
603,711,602,1,2
604,711,605,2,1
605,711,606,2,1
606,711,607,2,1
607,637,582,0,3
607,711,608,2,1
608,637,583,0,3
608,711,609,2,1
609,637,584,0,3
609,701,610,2,1
609,711,610,2,1
610,637,585,0,3
610,711,585,0,3
611,637,610,1,2
611,655,610,1,2
611,701,11,3,3
611,711,586,0,3
612,637,611,1,2
612,694,611,1,2
612,711,587,0,3
613,637,612,1,2
613,711,588,0,3
614,651,613,1,2
614,711,589,0,3
615,704,15,3,3
615,711,590,0,3
616,711,591,0,3
617,711,616,1,2
618,711,593,0,3
619,704,19,3,3
619,711,594,0,3
620,637,621,2,1
620,651,619,1,2
620,711,595,0,3
621,637,622,2,1
621,711,596,0,3
622,637,623,2,1
622,694,621,1,2
622,701,621,1,2
622,711,597,0,3
623,637,598,0,3
623,711,598,0,3
624,637,599,0,3
624,694,600,2,3
624,701,600,2,3
624,711,623,1,2
637,625,407,0,16
637,626,407,0,16
637,627,407,0,16
637,628,407,0,16
637,629,407,0,16
637,630,407,0,16
637,631,407,0,16
637,632,407,0,16
637,633,407,0,16
637,634,407,0,16
637,635,407,0,16
637,636,407,0,16
637,638,407,0,16
637,639,407,0,16
637,640,407,0,16
637,641,407,0,16
637,642,407,0,16
637,643,407,0,16
637,644,407,0,16
637,645,407,0,16
637,646,407,0,16
637,647,407,0,16
637,648,407,0,16
637,649,407,0,16
637,650,407,0,16
637,651,407,0,16
637,652,407,0,16
637,653,407,0,16
637,654,407,0,16
637,655,407,0,16
637,656,407,0,16
637,657,407,0,16
637,658,407,0,16
637,659,407,0,16
637,660,407,0,16
637,661,407,0,16
637,662,407,0,16
637,663,407,0,16
637,664,407,0,16
637,665,407,0,16
637,666,407,0,16
637,667,407,0,16
637,668,407,0,16
637,669,407,0,16
637,670,407,0,16
637,671,407,0,16
637,672,407,0,16
637,673,407,0,16
637,674,407,0,16
637,675,407,0,16
637,676,407,0,16
637,677,407,0,16
637,678,407,0,16
637,679,407,0,16
637,680,407,0,16
637,681,407,0,16
637,682,407,0,16
637,683,407,0,16
637,684,407,0,16
637,685,407,0,16
637,686,407,0,16
637,687,407,0,16
637,688,407,0,16
637,689,407,0,16
637,690,407,0,16
637,691,407,0,16
637,692,407,0,16
637,693,407,0,16
637,694,407,0,16
637,695,407,0,16
637,696,407,0,16
637,697,407,0,16
637,698,407,0,16
637,699,407,0,16
637,700,407,0,16
637,701,407,0,16
637,702,407,0,16
637,703,407,0,16
637,704,407,0,16
637,705,407,0,16
637,706,407,0,16
637,707,407,0,16
637,708,407,0,16
637,709,407,0,16
637,710,407,0,16
637,711,407,0,16
637,712,407,0,16
637,713,407,0,16
637,714,407,0,16
637,715,407,0,16
637,716,407,0,16
637,717,407,0,16
637,718,407,0,16
637,719,407,0,16
637,720,407,0,16
637,721,407,0,16
637,722,407,0,16
637,723,407,0,16
637,724,407,0,16
651,625,563,0,30
651,626,563,0,30
651,627,563,0,30
651,628,563,0,30
651,629,563,0,30
651,630,563,0,30
651,631,563,0,30
651,632,563,0,30
651,633,563,0,30
651,634,563,0,30
651,635,563,0,30
651,636,563,0,30
651,637,563,0,30
651,638,563,0,30
651,639,563,0,30
651,640,563,0,30
651,641,563,0,30
651,642,563,0,30
651,643,563,0,30
651,644,563,0,30
651,645,563,0,30
651,646,563,0,30
651,647,563,0,30
651,648,563,0,30
651,649,563,0,30
651,650,563,0,30
651,652,563,0,30
651,653,563,0,30
651,654,563,0,30
651,655,563,0,30
651,656,563,0,30
651,657,563,0,30
651,658,563,0,30
651,659,563,0,30
651,660,563,0,30
651,661,563,0,30
651,662,563,0,30
651,663,563,0,30
651,664,563,0,30
651,665,563,0,30
651,666,563,0,30
651,667,563,0,30
651,668,563,0,30
651,669,563,0,30
651,670,563,0,30
651,671,563,0,30
651,672,563,0,30
651,673,563,0,30
651,674,563,0,30
651,675,563,0,30
651,676,563,0,30
651,677,563,0,30
651,678,563,0,30
651,679,563,0,30
651,680,563,0,30
651,681,563,0,30
651,682,563,0,30
651,683,563,0,30
651,684,563,0,30
651,685,563,0,30
651,686,563,0,30
651,687,563,0,30
651,688,563,0,30
651,689,563,0,30
651,690,563,0,30
651,691,563,0,30
651,692,563,0,30
651,693,563,0,30
651,694,563,0,30
651,695,563,0,30
651,696,563,0,30
651,697,563,0,30
651,698,563,0,30
651,699,563,0,30
651,700,563,0,30
651,701,563,0,30
651,702,563,0,30
651,703,563,0,30
651,704,563,0,30
651,705,563,0,30
651,706,563,0,30
651,707,563,0,30
651,708,563,0,30
651,709,563,0,30
651,710,563,0,30
651,711,563,0,30
651,712,563,0,30
651,713,563,0,30
651,714,563,0,30
651,715,563,0,30
651,716,563,0,30
651,717,563,0,30
651,718,563,0,30
651,719,563,0,30
651,720,563,0,30
651,721,563,0,30
651,722,563,0,30
651,723,563,0,30
651,724,563,0,30
655,625,85,0,34
655,626,85,0,34
655,627,85,0,34
655,628,85,0,34
655,629,85,0,34
655,630,85,0,34
655,631,85,0,34
655,632,85,0,34
655,633,85,0,34
655,634,85,0,34
655,635,85,0,34
655,636,85,0,34
655,637,85,0,34
655,638,85,0,34
655,639,85,0,34
655,640,85,0,34
655,641,85,0,34
655,642,85,0,34
655,643,85,0,34
655,644,85,0,34
655,645,85,0,34
655,646,85,0,34
655,647,85,0,34
655,648,85,0,34
655,649,85,0,34
655,650,85,0,34
655,651,85,0,34
655,652,85,0,34
655,653,85,0,34
655,654,85,0,34
655,656,85,0,34
655,657,85,0,34
655,658,85,0,34
655,659,85,0,34
655,660,85,0,34
655,661,85,0,34
655,662,85,0,34
655,663,85,0,34
655,664,85,0,34
655,665,85,0,34
655,666,85,0,34
655,667,85,0,34
655,668,85,0,34
655,669,85,0,34
655,670,85,0,34
655,671,85,0,34
655,672,85,0,34
655,673,85,0,34
655,674,85,0,34
655,675,85,0,34
655,676,85,0,34
655,677,85,0,34
655,678,85,0,34
655,679,85,0,34
655,680,85,0,34
655,681,85,0,34
655,682,85,0,34
655,683,85,0,34
655,684,85,0,34
655,685,85,0,34
655,686,85,0,34
655,687,85,0,34
655,688,85,0,34
655,689,85,0,34
655,690,85,0,34
655,691,85,0,34
655,692,85,0,34
655,693,85,0,34
655,694,85,0,34
655,695,85,0,34
655,696,85,0,34
655,697,85,0,34
655,698,85,0,34
655,699,85,0,34
655,700,85,0,34
655,701,85,0,34
655,702,85,0,34
655,703,85,0,34
655,704,85,0,34
655,705,85,0,34
655,706,85,0,34
655,707,85,0,34
655,708,85,0,34
655,709,85,0,34
655,710,85,0,34
655,711,85,0,34
655,712,85,0,34
655,713,85,0,34
655,714,85,0,34
655,715,85,0,34
655,716,85,0,34
655,717,85,0,34
655,718,85,0,34
655,719,85,0,34
655,720,85,0,34
655,721,85,0,34
655,722,85,0,34
655,723,85,0,34
655,724,85,0,34
661,625,38,0,40
661,626,38,0,40
661,627,38,0,40
661,628,38,0,40
661,629,38,0,40
661,630,38,0,40
661,631,38,0,40
661,632,38,0,40
661,633,38,0,40
661,634,38,0,40
661,635,38,0,40
661,636,38,0,40
661,637,38,0,40
661,638,38,0,40
661,639,38,0,40
661,640,38,0,40
661,641,38,0,40
661,642,38,0,40
661,643,38,0,40
661,644,38,0,40
661,645,38,0,40
661,646,38,0,40
661,647,38,0,40
661,648,38,0,40
661,649,38,0,40
661,650,38,0,40
661,651,38,0,40
661,652,38,0,40
661,653,38,0,40
661,654,38,0,40
661,655,38,0,40
661,656,38,0,40
661,657,38,0,40
661,658,38,0,40
661,659,38,0,40
661,660,38,0,40
661,662,38,0,40
661,663,38,0,40
661,664,38,0,40
661,665,38,0,40
661,666,38,0,40
661,667,38,0,40
661,668,38,0,40
661,669,38,0,40
661,670,38,0,40
661,671,38,0,40
661,672,38,0,40
661,673,38,0,40
661,674,38,0,40
661,675,38,0,40
661,676,38,0,40
661,677,38,0,40
661,678,38,0,40
661,679,38,0,40
661,680,38,0,40
661,681,38,0,40
661,682,38,0,40
661,683,38,0,40
661,684,38,0,40
661,685,38,0,40
661,686,38,0,40
661,687,38,0,40
661,688,38,0,40
661,689,38,0,40
661,690,38,0,40
661,691,38,0,40
661,692,38,0,40
661,693,38,0,40
661,694,38,0,40
661,695,38,0,40
661,696,38,0,40
661,697,38,0,40
661,698,38,0,40
661,699,38,0,40
661,700,38,0,40
661,701,38,0,40
661,702,38,0,40
661,703,38,0,40
661,704,38,0,40
661,705,38,0,40
661,706,38,0,40
661,707,38,0,40
661,708,38,0,40
661,709,38,0,40
661,710,38,0,40
661,711,38,0,40
661,712,38,0,40
661,713,38,0,40
661,714,38,0,40
661,715,38,0,40
661,716,38,0,40
661,717,38,0,40
661,718,38,0,40
661,719,38,0,40
661,720,38,0,40
661,721,38,0,40
661,722,38,0,40
661,723,38,0,40
661,724,38,0,40
694,625,86,0,73
694,626,86,0,73
694,627,86,0,73
694,628,86,0,73
694,629,86,0,73
694,630,86,0,73
694,631,86,0,73
694,632,86,0,73
694,633,86,0,73
694,634,86,0,73
694,635,86,0,73
694,636,86,0,73
694,637,86,0,73
694,638,86,0,73
694,639,86,0,73
694,640,86,0,73
694,641,86,0,73
694,642,86,0,73
694,643,86,0,73
694,644,86,0,73
694,645,86,0,73
694,646,86,0,73
694,647,86,0,73
694,648,86,0,73
694,649,86,0,73
694,650,86,0,73
694,651,86,0,73
694,652,86,0,73
694,653,86,0,73
694,654,86,0,73
694,655,86,0,73
694,656,86,0,73
694,657,86,0,73
694,658,86,0,73
694,659,86,0,73
694,660,86,0,73
694,661,86,0,73
694,662,86,0,73
694,663,86,0,73
694,664,86,0,73
694,665,86,0,73
694,666,86,0,73
694,667,86,0,73
694,668,86,0,73
694,669,86,0,73
694,670,86,0,73
694,671,86,0,73
694,672,86,0,73
694,673,86,0,73
694,674,86,0,73
694,675,86,0,73
694,676,86,0,73
694,677,86,0,73
694,678,86,0,73
694,679,86,0,73
694,680,86,0,73
694,681,86,0,73
694,682,86,0,73
694,683,86,0,73
694,684,86,0,73
694,685,86,0,73
694,686,86,0,73
694,687,86,0,73
694,688,86,0,73
694,689,86,0,73
694,690,86,0,73
694,691,86,0,73
694,692,86,0,73
694,693,86,0,73
694,695,86,0,73
694,696,86,0,73
694,697,86,0,73
694,698,86,0,73
694,699,86,0,73
694,700,86,0,73
694,701,86,0,73
694,702,86,0,73
694,703,86,0,73
694,704,86,0,73
694,705,86,0,73
694,706,86,0,73
694,707,86,0,73
694,708,86,0,73
694,709,86,0,73
694,710,86,0,73
694,711,86,0,73
694,712,86,0,73
694,713,86,0,73
694,714,86,0,73
694,715,86,0,73
694,716,86,0,73
694,717,86,0,73
694,718,86,0,73
694,719,86,0,73
694,720,86,0,73
694,721,86,0,73
694,722,86,0,73
694,723,86,0,73
694,724,86,0,73
701,625,36,0,80
701,626,36,0,80
701,627,36,0,80
701,628,36,0,80
701,629,36,0,80
701,630,36,0,80
701,631,36,0,80
701,632,36,0,80
701,633,36,0,80
701,634,36,0,80
701,635,36,0,80
701,636,36,0,80
701,637,36,0,80
701,638,36,0,80
701,639,36,0,80
701,640,36,0,80
701,641,36,0,80
701,642,36,0,80
701,643,36,0,80
701,644,36,0,80
701,645,36,0,80
701,646,36,0,80
701,647,36,0,80
701,648,36,0,80
701,649,36,0,80
701,650,36,0,80
701,651,36,0,80
701,652,36,0,80
701,653,36,0,80
701,654,36,0,80
701,655,36,0,80
701,656,36,0,80
701,657,36,0,80
701,658,36,0,80
701,659,36,0,80
701,660,36,0,80
701,661,36,0,80
701,662,36,0,80
701,663,36,0,80
701,664,36,0,80
701,665,36,0,80
701,666,36,0,80
701,667,36,0,80
701,668,36,0,80
701,669,36,0,80
701,670,36,0,80
701,671,36,0,80
701,672,36,0,80
701,673,36,0,80
701,674,36,0,80
701,675,36,0,80
701,676,36,0,80
701,677,36,0,80
701,678,36,0,80
701,679,36,0,80
701,680,36,0,80
701,681,36,0,80
701,682,36,0,80
701,683,36,0,80
701,684,36,0,80
701,685,36,0,80
701,686,36,0,80
701,687,36,0,80
701,688,36,0,80
701,689,36,0,80
701,690,36,0,80
701,691,36,0,80
701,692,36,0,80
701,693,36,0,80
701,694,36,0,80
701,695,36,0,80
701,696,36,0,80
701,697,36,0,80
701,698,36,0,80
701,699,36,0,80
701,700,36,0,80
701,702,36,0,80
701,703,36,0,80
701,704,36,0,80
701,705,36,0,80
701,706,36,0,80
701,707,36,0,80
701,708,36,0,80
701,709,36,0,80
701,710,36,0,80
701,711,36,0,80
701,712,36,0,80
701,713,36,0,80
701,714,36,0,80
701,715,36,0,80
701,716,36,0,80
701,717,36,0,80
701,718,36,0,80
701,719,36,0,80
701,720,36,0,80
701,721,36,0,80
701,722,36,0,80
701,723,36,0,80
701,724,36,0,80
704,625,115,0,83
704,626,115,0,83
704,627,115,0,83
704,628,115,0,83
704,629,115,0,83
704,630,115,0,83
704,631,115,0,83
704,632,115,0,83
704,633,115,0,83
704,634,115,0,83
704,635,115,0,83
704,636,115,0,83
704,637,115,0,83
704,638,115,0,83
704,639,115,0,83
704,640,115,0,83
704,641,115,0,83
704,642,115,0,83
704,643,115,0,83
704,644,115,0,83
704,645,115,0,83
704,646,115,0,83
704,647,115,0,83
704,648,115,0,83
704,649,115,0,83
704,650,115,0,83
704,651,115,0,83
704,652,115,0,83
704,653,115,0,83
704,654,115,0,83
704,655,115,0,83
704,656,115,0,83
704,657,115,0,83
704,658,115,0,83
704,659,115,0,83
704,660,115,0,83
704,661,115,0,83
704,662,115,0,83
704,663,115,0,83
704,664,115,0,83
704,665,115,0,83
704,666,115,0,83
704,667,115,0,83
704,668,115,0,83
704,669,115,0,83
704,670,115,0,83
704,671,115,0,83
704,672,115,0,83
704,673,115,0,83
704,674,115,0,83
704,675,115,0,83
704,676,115,0,83
704,677,115,0,83
704,678,115,0,83
704,679,115,0,83
704,680,115,0,83
704,681,115,0,83
704,682,115,0,83
704,683,115,0,83
704,684,115,0,83
704,685,115,0,83
704,686,115,0,83
704,687,115,0,83
704,688,115,0,83
704,689,115,0,83
704,690,115,0,83
704,691,115,0,83
704,692,115,0,83
704,693,115,0,83
704,694,115,0,83
704,695,115,0,83
704,696,115,0,83
704,697,115,0,83
704,698,115,0,83
704,699,115,0,83
704,700,115,0,83
704,701,115,0,83
704,702,115,0,83
704,703,115,0,83
704,705,115,0,83
704,706,115,0,83
704,707,115,0,83
704,708,115,0,83
704,709,115,0,83
704,710,115,0,83
704,711,115,0,83
704,712,115,0,83
704,713,115,0,83
704,714,115,0,83
704,715,115,0,83
704,716,115,0,83
704,717,115,0,83
704,718,115,0,83
704,719,115,0,83
704,720,115,0,83
704,721,115,0,83
704,722,115,0,83
704,723,115,0,83
704,724,115,0,83
711,625,391,0,90
711,626,391,0,90
711,627,391,0,90
711,628,391,0,90
711,629,391,0,90
711,630,391,0,90
711,631,391,0,90
711,632,391,0,90
711,633,391,0,90
711,634,391,0,90
711,635,391,0,90
711,636,391,0,90
711,637,391,0,90
711,638,391,0,90
711,639,391,0,90
711,640,391,0,90
711,641,391,0,90
711,642,391,0,90
711,643,391,0,90
711,644,391,0,90
711,645,391,0,90
711,646,391,0,90
711,647,391,0,90
711,648,391,0,90
711,649,391,0,90
711,650,391,0,90
711,651,391,0,90
711,652,391,0,90
711,653,391,0,90
711,654,391,0,90
711,655,391,0,90
711,656,391,0,90
711,657,391,0,90
711,658,391,0,90
711,659,391,0,90
711,660,391,0,90
711,661,391,0,90
711,662,391,0,90
711,663,391,0,90
711,664,391,0,90
711,665,391,0,90
711,666,391,0,90
711,667,391,0,90
711,668,391,0,90
711,669,391,0,90
711,670,391,0,90
711,671,391,0,90
711,672,391,0,90
711,673,391,0,90
711,674,391,0,90
711,675,391,0,90
711,676,391,0,90
711,677,391,0,90
711,678,391,0,90
711,679,391,0,90
711,680,391,0,90
711,681,391,0,90
711,682,391,0,90
711,683,391,0,90
711,684,391,0,90
711,685,391,0,90
711,686,391,0,90
711,687,391,0,90
711,688,391,0,90
711,689,391,0,90
711,690,391,0,90
711,691,391,0,90
711,692,391,0,90
711,693,391,0,90
711,694,391,0,90
711,695,391,0,90
711,696,391,0,90
711,697,391,0,90
711,698,391,0,90
711,699,391,0,90
711,700,391,0,90
711,701,391,0,90
711,702,391,0,90
711,703,391,0,90
711,704,391,0,90
711,705,391,0,90
711,706,391,0,90
711,707,391,0,90
711,708,391,0,90
711,709,391,0,90
711,710,391,0,90
711,712,391,0,90
711,713,391,0,90
711,714,391,0,90
711,715,391,0,90
711,716,391,0,90
711,717,391,0,90
711,718,391,0,90
711,719,391,0,90
711,720,391,0,90
711,721,391,0,90
711,722,391,0,90
711,723,391,0,90
711,724,391,0,90
716,625,161,0,95
716,626,161,0,95
716,627,161,0,95
716,628,161,0,95
716,629,161,0,95
716,630,161,0,95
716,631,161,0,95
716,632,161,0,95
716,633,161,0,95
716,634,161,0,95
716,635,161,0,95
716,636,161,0,95
716,637,161,0,95
716,638,161,0,95
716,639,161,0,95
716,640,161,0,95
716,641,161,0,95
716,642,161,0,95
716,643,161,0,95
716,644,161,0,95
716,645,161,0,95
716,646,161,0,95
716,647,161,0,95
716,648,161,0,95
716,649,161,0,95
716,650,161,0,95
716,651,161,0,95
716,652,161,0,95
716,653,161,0,95
716,654,161,0,95
716,655,161,0,95
716,656,161,0,95
716,657,161,0,95
716,658,161,0,95
716,659,161,0,95
716,660,161,0,95
716,661,161,0,95
716,662,161,0,95
716,663,161,0,95
716,664,161,0,95
716,665,161,0,95
716,666,161,0,95
716,667,161,0,95
716,668,161,0,95
716,669,161,0,95
716,670,161,0,95
716,671,161,0,95
716,672,161,0,95
716,673,161,0,95
716,674,161,0,95
716,675,161,0,95
716,676,161,0,95
716,677,161,0,95
716,678,161,0,95
716,679,161,0,95
716,680,161,0,95
716,681,161,0,95
716,682,161,0,95
716,683,161,0,95
716,684,161,0,95
716,685,161,0,95
716,686,161,0,95
716,687,161,0,95
716,688,161,0,95
716,689,161,0,95
716,690,161,0,95
716,691,161,0,95
716,692,161,0,95
716,693,161,0,95
716,694,161,0,95
716,695,161,0,95
716,696,161,0,95
716,697,161,0,95
716,698,161,0,95
716,699,161,0,95
716,700,161,0,95
716,701,161,0,95
716,702,161,0,95
716,703,161,0,95
716,704,161,0,95
716,705,161,0,95
716,706,161,0,95
716,707,161,0,95
716,708,161,0,95
716,709,161,0,95
716,710,161,0,95
716,711,161,0,95
716,712,161,0,95
716,713,161,0,95
716,714,161,0,95
716,715,161,0,95
716,717,161,0,95
716,718,161,0,95
716,719,161,0,95
716,720,161,0,95
716,721,161,0,95
716,722,161,0,95
716,723,161,0,95
716,724,161,0,95
