3,662,4,1,0
6,649,606,3,3
6,674,7,1,0
6,697,606,3,3
7,644,607,3,3
7,649,607,3,3
7,674,8,1,0
8,644,608,3,3
8,649,608,3,3
8,674,9,1,0
9,644,609,3,3
9,646,34,2,0
9,649,609,3,3
9,674,609,3,3
10,644,9,0,1
10,646,9,0,1
10,649,9,0,1
10,674,610,3,3
11,638,10,0,1
11,644,10,0,1
11,649,10,0,1
11,674,611,3,3
12,649,11,0,1
12,674,612,3,3
15,662,615,3,3
19,649,20,1,0
19,674,619,3,3
19,697,20,1,0
20,638,19,0,1
20,644,21,1,0
20,649,21,1,0
20,674,620,3,3
21,644,621,3,3
21,649,621,3,3
21,674,621,3,3
22,644,622,3,3
22,646,23,1,0
22,649,622,3,3
22,674,21,0,1
23,638,24,1,0
23,644,623,3,3
23,649,623,3,3
23,674,22,0,1
24,649,624,3,3
24,674,23,0,1
24,697,624,3,3
28,662,29,2,1
31,649,56,3,0
31,674,32,2,1
31,697,6,0,2
32,644,7,0,2
32,649,57,3,0
32,674,33,2,1
32,697,7,0,2
33,644,8,0,2
33,649,58,3,0
33,674,34,2,1
33,697,8,0,2
34,644,9,0,2
34,646,646,25,0
34,674,9,0,2
34,697,9,0,2
35,644,34,1,2
35,646,34,1,2
35,649,34,1,2
35,674,10,0,2
36,638,35,1,2
36,644,35,1,2
36,649,35,1,2
36,674,11,0,2
37,649,36,1,2
37,674,12,0,2
40,662,15,0,2
44,649,45,2,1
44,674,19,0,2
44,697,45,2,1
45,638,44,1,2
45,644,46,2,1
45,649,46,2,1
45,674,20,0,2
46,644,21,0,2
46,646,45,1,2
46,674,21,0,2
46,697,21,0,2
47,644,22,0,2
47,646,48,2,1
47,649,72,3,0
47,674,46,1,2
47,697,22,0,2
48,638,49,2,1
48,644,23,0,2
48,649,73,3,0
48,674,47,1,2
48,697,23,0,2
49,649,74,3,0
49,674,48,1,2
49,697,24,0,2
53,662,54,2,1
56,649,81,3,0
56,674,57,2,1
56,697,81,3,0
57,644,82,3,0
57,649,82,3,0
57,674,58,2,1
58,644,83,3,0
58,649,83,3,0
58,674,59,2,1
59,674,34,0,3
59,707,34,0,3
60,644,59,1,2
60,646,59,1,2
60,649,59,1,2
60,674,35,0,3
60,707,35,0,3
61,638,60,1,2
61,644,60,1,2
61,649,60,1,2
61,674,36,0,3
61,707,36,0,3
62,649,61,1,2
62,674,37,0,3
62,707,37,0,3
65,662,40,0,3
69,649,70,2,1
69,674,44,0,3
69,697,70,2,1
69,707,44,0,3
70,638,69,1,2
70,644,71,2,1
70,649,71,2,1
70,674,45,0,3
70,707,45,0,3
71,646,70,1,2
71,674,46,0,3
71,707,46,0,3
72,644,97,3,0
72,646,73,2,1
72,649,97,3,0
72,674,71,1,2
73,638,74,2,1
73,644,98,3,0
73,649,98,3,0
73,674,72,1,2
74,649,99,3,0
74,674,73,1,2
74,697,99,3,0
78,662,79,2,1
81,649,106,3,0
81,674,82,2,1
81,697,106,3,0
82,644,107,3,0
82,649,107,3,0
82,674,83,2,1
83,644,108,3,0
83,649,108,3,0
83,674,84,2,1
84,638,59,0,3
84,674,59,0,3
84,688,109,3,0
85,638,60,0,3
85,644,84,1,2
85,646,84,1,2
85,649,84,1,2
85,674,60,0,3
85,688,110,3,0
86,638,85,1,2
86,644,85,1,2
86,649,85,1,2
86,674,61,0,3
86,688,111,3,0
87,649,86,1,2
87,674,62,0,3
87,688,112,3,0
88,688,113,3,0
90,662,65,0,3
92,688,117,3,0
93,688,118,3,0
94,649,95,2,1
94,674,69,0,3
94,688,119,3,0
94,697,95,2,1
95,638,94,1,2
95,644,96,2,1
95,649,96,2,1
95,674,70,0,3
95,688,120,3,0
96,638,71,0,3
96,646,95,1,2
96,674,71,0,3
96,688,121,3,0
97,644,122,3,0
97,646,98,2,1
97,649,122,3,0
97,674,96,1,2
98,638,99,2,1
98,644,123,3,0
98,649,123,3,0
98,674,97,1,2
99,649,124,3,0
99,674,98,1,2
99,697,124,3,0
103,662,104,2,1
106,649,131,3,0
106,674,107,2,1
106,697,131,3,0
107,644,132,3,0
107,649,132,3,0
107,674,108,2,1
108,644,133,3,0
108,649,133,3,0
108,674,109,2,1
109,674,84,0,3
110,644,109,1,2
110,646,109,1,2
110,649,109,1,2
110,674,85,0,3
111,638,110,1,2
111,644,110,1,2
111,649,110,1,2
111,674,86,0,3
112,649,111,1,2
112,674,87,0,3
115,662,90,0,3
119,649,120,2,1
119,674,94,0,3
119,697,120,2,1
120,638,119,1,2
120,644,121,2,1
120,649,121,2,1
120,674,95,0,3
121,646,120,1,2
121,674,96,0,3
122,644,147,3,0
122,646,123,2,1
122,649,147,3,0
122,674,121,1,2
123,638,124,2,1
123,644,148,3,0
123,649,148,3,0
123,674,122,1,2
124,649,149,3,0
124,674,123,1,2
124,697,149,3,0
128,662,129,2,1
131,649,156,3,0
131,674,132,2,1
131,697,156,3,0
132,644,157,3,0
132,649,157,3,0
132,674,133,2,1
133,644,158,3,0
133,649,158,3,0
133,674,134,2,1
134,649,159,3,0
134,674,109,0,3
135,644,134,1,2
135,646,134,1,2
135,649,134,1,2
135,674,110,0,3
136,638,135,1,2
136,644,135,1,2
136,649,135,1,2
136,674,111,0,3
137,649,136,1,2
137,674,112,0,3
140,662,165,3,0
144,649,145,2,1
144,674,119,0,3
144,697,145,2,1
145,638,144,1,2
145,644,146,2,1
145,649,146,2,1
145,674,120,0,3
146,646,145,1,2
146,649,171,3,0
146,674,121,0,3
147,644,172,3,0
147,646,148,2,1
147,649,172,3,0
147,674,146,1,2
148,638,149,2,1
148,644,173,3,0
148,649,173,3,0
148,674,147,1,2
149,649,174,3,0
149,674,148,1,2
149,697,174,3,0
153,662,154,2,1
156,649,181,3,0
156,674,157,2,1
156,697,181,3,0
157,644,182,3,0
157,649,182,3,0
157,674,158,2,1
158,644,183,3,0
158,649,183,3,0
158,674,159,2,1
159,649,184,3,0
159,674,134,0,3
160,644,159,1,2
160,646,159,1,2
160,649,159,1,2
160,674,135,0,3
161,638,160,1,2
161,644,160,1,2
161,649,160,1,2
161,674,136,0,3
162,649,161,1,2
162,674,137,0,3
165,662,190,3,0
169,649,170,2,1
169,674,144,0,3
169,697,170,2,1
170,638,169,1,2
170,644,171,2,1
170,649,171,2,1
170,674,145,0,3
171,646,170,1,2
171,649,196,3,0
171,674,146,0,3
172,644,197,3,0
172,646,173,2,1
172,649,197,3,0
172,674,171,1,2
173,638,174,2,1
173,644,198,3,0
173,649,198,3,0
173,674,172,1,2
174,649,199,3,0
174,674,173,1,2
174,697,199,3,0
178,662,179,2,1
181,649,206,3,0
181,674,182,2,1
181,697,206,3,0
182,644,207,3,0
182,649,207,3,0
182,674,183,2,1
183,644,208,3,0
183,649,208,3,0
183,674,184,2,1
184,649,209,3,0
184,674,159,0,3
184,716,716,95,0
185,644,184,1,2
185,646,184,1,2
185,649,184,1,2
185,674,160,0,3
186,638,185,1,2
186,644,185,1,2
186,649,185,1,2
186,674,161,0,3
187,649,186,1,2
187,674,162,0,3
190,662,215,3,0
194,649,195,2,1
194,674,169,0,3
194,697,195,2,1
195,638,194,1,2
195,644,196,2,1
195,649,196,2,1
195,674,170,0,3
196,646,195,1,2
196,649,221,3,0
196,674,171,0,3
197,644,222,3,0
197,646,198,2,1
197,649,222,3,0
197,674,196,1,2
198,638,199,2,1
198,644,223,3,0
198,649,223,3,0
198,674,197,1,2
199,649,224,3,0
199,674,198,1,2
199,697,224,3,0
203,662,204,2,1
206,649,231,3,0
206,674,207,2,1
206,697,231,3,0
207,644,232,3,0
207,649,232,3,0
207,674,208,2,1
208,644,233,3,0
208,649,233,3,0
208,674,209,2,1
209,644,234,3,0
209,649,234,3,0
209,716,184,0,3
210,644,209,1,2
210,646,209,1,2
210,649,209,1,2
210,674,185,0,3
211,638,210,1,2
211,644,210,1,2
211,649,210,1,2
211,674,186,0,3
212,649,211,1,2
212,674,187,0,3
215,662,240,3,0
219,649,220,2,1
219,674,194,0,3
219,697,220,2,1
220,638,219,1,2
220,644,221,2,1
220,649,221,2,1
220,674,195,0,3
221,644,246,3,0
221,646,220,1,2
221,649,246,3,0
222,644,247,3,0
222,646,223,2,1
222,649,247,3,0
222,674,221,1,2
223,638,224,2,1
223,644,248,3,0
223,649,248,3,0
223,674,222,1,2
224,649,249,3,0
224,674,223,1,2
224,697,249,3,0
228,662,229,2,1
231,649,256,3,0
231,674,232,2,1
231,697,256,3,0
232,644,257,3,0
232,649,257,3,0
232,674,233,2,1
233,644,258,3,0
233,649,258,3,0
233,674,234,2,1
234,644,259,3,0
234,649,259,3,0
235,644,234,1,2
235,646,234,1,2
235,649,234,1,2
235,674,210,0,3
236,638,235,1,2
236,644,235,1,2
236,649,235,1,2
236,674,211,0,3
237,649,236,1,2
237,674,212,0,3
240,662,265,3,0
244,649,245,2,1
244,674,219,0,3
244,697,245,2,1
245,638,244,1,2
245,644,246,2,1
245,649,246,2,1
245,674,220,0,3
246,644,271,3,0
246,646,245,1,2
246,649,271,3,0
247,644,272,3,0
247,646,248,2,1
247,649,272,3,0
247,674,246,1,2
248,638,249,2,1
248,644,273,3,0
248,649,273,3,0
248,674,247,1,2
249,649,274,3,0
249,674,248,1,2
249,697,274,3,0
253,662,254,2,1
256,649,281,3,0
256,674,257,2,1
256,697,281,3,0
257,644,282,3,0
257,649,282,3,0
257,674,258,2,1
258,644,283,3,0
258,649,283,3,0
258,674,259,2,1
259,644,284,3,0
259,649,284,3,0
260,644,259,1,2
260,646,259,1,2
260,649,259,1,2
260,674,235,0,3
261,638,260,1,2
261,644,260,1,2
261,649,260,1,2
261,674,236,0,3
262,649,261,1,2
262,674,237,0,3
265,662,290,3,0
269,649,270,2,1
269,674,244,0,3
269,697,270,2,1
270,638,269,1,2
270,644,271,2,1
270,649,271,2,1
270,674,245,0,3
271,644,296,3,0
271,646,270,1,2
271,649,296,3,0
272,644,297,3,0
272,646,273,2,1
272,649,297,3,0
272,674,271,1,2
273,638,274,2,1
273,644,298,3,0
273,649,298,3,0
273,674,272,1,2
274,649,299,3,0
274,674,273,1,2
274,697,299,3,0
278,662,279,2,1
281,649,306,3,0
281,674,282,2,1
281,697,306,3,0
282,644,307,3,0
282,649,307,3,0
282,674,283,2,1
283,644,308,3,0
283,649,308,3,0
283,674,284,2,1
284,644,309,3,0
284,649,309,3,0
284,674,309,3,0
285,644,284,1,2
285,646,284,1,2
285,649,284,1,2
285,674,310,3,0
286,638,285,1,2
286,644,285,1,2
286,649,285,1,2
286,674,311,3,0
287,649,286,1,2
287,674,312,3,0
290,662,315,3,0
294,649,295,2,1
294,674,319,3,0
294,697,295,2,1
295,638,294,1,2
295,644,296,2,1
295,649,296,2,1
295,674,320,3,0
296,644,321,3,0
296,646,295,1,2
296,649,321,3,0
296,674,321,3,0
297,644,322,3,0
297,646,298,2,1
297,649,322,3,0
297,674,296,1,2
298,638,299,2,1
298,644,323,3,0
298,649,323,3,0
298,674,297,1,2
299,649,324,3,0
299,674,298,1,2
299,697,324,3,0
303,662,304,2,1
306,649,331,3,0
306,674,307,2,1
306,697,331,3,0
307,644,332,3,0
307,649,332,3,0
307,674,308,2,1
308,644,333,3,0
308,649,333,3,0
308,674,309,2,1
309,644,334,3,0
309,649,334,3,0
309,674,334,3,0
310,644,309,1,2
310,646,309,1,2
310,649,309,1,2
310,674,335,3,0
311,638,310,1,2
311,644,310,1,2
311,649,310,1,2
311,674,336,3,0
312,649,311,1,2
312,674,337,3,0
315,662,340,3,0
319,649,320,2,1
319,674,344,3,0
319,697,320,2,1
320,638,319,1,2
320,644,321,2,1
320,649,321,2,1
320,674,345,3,0
321,644,346,3,0
321,646,320,1,2
321,649,346,3,0
321,674,346,3,0
322,644,347,3,0
322,646,323,2,1
322,649,347,3,0
322,674,321,1,2
323,638,324,2,1
323,644,348,3,0
323,649,348,3,0
323,674,322,1,2
324,649,349,3,0
324,674,323,1,2
324,697,349,3,0
328,662,329,2,1
331,649,649,28,0
331,674,332,2,1
331,697,356,3,0
332,644,357,3,0
332,649,331,1,2
332,674,333,2,1
332,697,357,3,0
333,644,358,3,0
333,649,332,1,2
333,674,334,2,1
333,697,358,3,0
334,644,359,3,0
334,646,309,0,3
334,649,333,1,2
334,674,359,3,0
334,697,359,3,0
335,644,334,1,2
335,646,334,1,2
335,649,334,1,2
335,674,360,3,0
336,638,335,1,2
336,644,335,1,2
336,649,335,1,2
336,674,361,3,0
337,649,336,1,2
337,674,362,3,0
340,662,365,3,0
344,649,345,2,1
344,674,369,3,0
344,697,345,2,1
345,638,344,1,2
345,644,346,2,1
345,649,346,2,1
345,674,370,3,0
346,644,371,3,0
346,646,345,1,2
346,649,347,2,1
346,674,371,3,0
346,697,371,3,0
347,644,372,3,0
347,646,348,2,1
347,649,348,2,1
347,674,346,1,2
347,697,372,3,0
348,638,349,2,1
348,644,373,3,0
348,649,349,2,1
348,674,347,1,2
348,697,373,3,0
349,649,325,2,3
349,674,348,1,2
349,697,374,3,0
353,662,354,2,1
356,649,331,0,3
356,674,357,2,1
356,697,697,76,0
357,644,644,23,0
357,649,332,0,3
357,674,358,2,1
357,697,356,1,2
358,644,357,1,2
358,649,333,0,3
358,674,359,2,1
358,697,357,1,2
359,644,358,1,2
359,674,384,3,0
359,697,358,1,2
359,707,384,3,0
360,644,359,1,2
360,646,359,1,2
360,649,359,1,2
360,674,385,3,0
360,707,385,3,0
361,638,360,1,2
361,644,360,1,2
361,649,360,1,2
361,674,386,3,0
361,707,386,3,0
362,649,361,1,2
362,674,387,3,0
362,707,387,3,0
365,662,390,3,0
369,649,370,2,1
369,674,394,3,0
369,697,370,2,1
369,707,394,3,0
370,638,369,1,2
370,644,371,2,1
370,649,371,2,1
370,674,395,3,0
370,707,395,3,0
371,644,372,2,1
371,646,370,1,2
371,674,396,3,0
371,697,372,2,1
371,707,396,3,0
372,644,373,2,1
372,646,373,2,1
372,649,347,0,3
372,674,371,1,2
372,697,373,2,1
373,638,374,2,1
373,644,374,2,1
373,649,348,0,3
373,674,372,1,2
373,697,374,2,1
374,649,349,0,3
374,674,373,1,2
378,662,379,2,1
381,649,356,0,3
381,674,382,2,1
381,697,356,0,3
382,644,357,0,3
382,649,357,0,3
382,674,383,2,1
383,644,358,0,3
383,649,358,0,3
383,674,384,2,1
384,638,409,3,0
384,674,409,3,0
384,688,385,2,1
384,707,385,2,1
385,638,410,3,0
385,644,384,1,2
385,646,384,1,2
385,649,384,1,2
385,674,410,3,0
385,688,386,2,1
385,707,386,2,1
386,638,385,1,2
386,644,385,1,2
386,649,385,1,2
386,674,411,3,0
386,688,387,2,1
386,707,387,2,1
387,649,386,1,2
387,674,412,3,0
387,688,388,2,1
387,707,707,86,0
388,688,389,2,1
390,662,415,3,0
392,688,688,67,0
393,688,392,1,2
394,649,395,2,1
394,674,419,3,0
394,688,393,1,2
394,697,395,2,1
394,707,393,1,2
395,644,396,2,1
395,649,396,2,1
395,674,420,3,0
395,688,394,1,2
395,707,394,1,2
396,638,421,3,0
396,646,395,1,2
396,674,421,3,0
396,688,395,1,2
396,707,395,1,2
397,644,372,0,3
397,646,398,2,1
397,649,372,0,3
397,674,396,1,2
398,638,399,2,1
398,644,373,0,3
398,649,373,0,3
398,674,397,1,2
399,649,374,0,3
399,674,398,1,2
399,697,374,0,3
403,662,404,2,1
406,649,381,0,3
406,674,407,2,1
406,697,381,0,3
407,644,382,0,3
407,649,382,0,3
407,674,408,2,1
408,644,383,0,3
408,649,383,0,3
408,674,409,2,1
409,638,410,2,1
409,674,434,3,0
409,688,384,0,3
410,638,638,17,0
410,644,409,1,2
410,646,409,1,2
410,649,409,1,2
410,674,435,3,0
410,688,385,0,3
411,638,410,1,2
411,644,410,1,2
411,649,410,1,2
411,674,436,3,0
411,688,386,0,3
412,649,411,1,2
412,674,437,3,0
412,688,387,0,3
413,688,388,0,3
415,662,440,3,0
417,688,392,0,3
418,688,393,0,3
419,649,420,2,1
419,674,444,3,0
419,688,394,0,3
419,697,420,2,1
420,638,419,1,2
420,644,421,2,1
420,649,421,2,1
420,674,445,3,0
420,688,395,0,3
421,638,420,1,2
421,646,420,1,2
421,674,446,3,0
421,688,396,0,3
422,644,397,0,3
422,646,423,2,1
422,649,397,0,3
422,674,421,1,2
423,638,424,2,1
423,644,398,0,3
423,649,398,0,3
423,674,422,1,2
424,649,399,0,3
424,674,423,1,2
424,697,399,0,3
428,662,429,2,1
431,649,406,0,3
431,674,432,2,1
431,697,406,0,3
432,644,407,0,3
432,649,407,0,3
432,674,433,2,1
433,644,408,0,3
433,649,408,0,3
433,674,434,2,1
434,674,459,3,0
435,644,434,1,2
435,646,434,1,2
435,649,434,1,2
435,674,460,3,0
436,638,435,1,2
436,644,435,1,2
436,649,435,1,2
436,674,461,3,0
437,649,436,1,2
437,674,462,3,0
440,662,662,41,0
441,662,440,1,2
444,649,445,2,1
444,674,469,3,0
444,697,445,2,1
445,638,444,1,2
445,644,446,2,1
445,649,446,2,1
445,674,470,3,0
446,646,445,1,2
446,674,471,3,0
447,644,422,0,3
447,646,448,2,1
447,649,422,0,3
447,674,446,1,2
448,638,449,2,1
448,644,423,0,3
448,649,423,0,3
448,674,447,1,2
449,649,424,0,3
449,674,448,1,2
449,697,424,0,3
453,662,454,2,1
456,649,431,0,3
456,674,457,2,1
456,697,431,0,3
457,644,432,0,3
457,649,432,0,3
457,674,458,2,1
458,644,433,0,3
458,649,433,0,3
458,674,459,2,1
459,649,434,0,3
459,674,484,3,0
460,644,459,1,2
460,646,459,1,2
460,649,459,1,2
460,674,485,3,0
461,638,460,1,2
461,644,460,1,2
461,649,460,1,2
461,674,486,3,0
462,649,461,1,2
462,674,487,3,0
465,662,440,0,3
469,649,470,2,1
469,674,494,3,0
469,697,470,2,1
470,638,469,1,2
470,644,471,2,1
470,649,471,2,1
470,674,495,3,0
471,646,470,1,2
471,649,446,0,3
471,674,496,3,0
472,644,447,0,3
472,646,473,2,1
472,649,447,0,3
472,674,471,1,2
473,638,474,2,1
473,644,448,0,3
473,649,448,0,3
473,674,472,1,2
474,649,449,0,3
474,674,473,1,2
474,697,449,0,3
478,662,479,2,1
481,649,456,0,3
481,674,482,2,1
481,697,456,0,3
482,644,457,0,3
482,649,457,0,3
482,674,483,2,1
483,644,458,0,3
483,649,458,0,3
483,674,484,2,1
484,649,459,0,3
484,674,509,3,0
485,644,484,1,2
485,646,484,1,2
485,649,484,1,2
485,674,510,3,0
486,638,485,1,2
486,644,485,1,2
486,649,485,1,2
486,674,511,3,0
487,649,486,1,2
487,674,512,3,0
490,662,465,0,3
494,649,495,2,1
494,674,519,3,0
494,697,495,2,1
495,638,494,1,2
495,644,496,2,1
495,649,496,2,1
495,674,520,3,0
496,646,495,1,2
496,649,471,0,3
496,674,521,3,0
497,644,472,0,3
497,646,498,2,1
497,649,472,0,3
497,674,496,1,2
498,638,499,2,1
498,644,473,0,3
498,649,473,0,3
498,674,497,1,2
499,649,474,0,3
499,674,498,1,2
499,697,474,0,3
503,662,504,2,1
506,649,481,0,3
506,674,507,2,1
506,697,481,0,3
507,644,482,0,3
507,649,482,0,3
507,674,508,2,1
508,644,483,0,3
508,649,483,0,3
508,674,509,2,1
509,649,484,0,3
509,716,534,3,0
510,644,509,1,2
510,646,509,1,2
510,649,509,1,2
510,674,535,3,0
511,638,510,1,2
511,644,510,1,2
511,649,510,1,2
511,674,536,3,0
512,649,511,1,2
512,674,537,3,0
515,662,490,0,3
519,649,520,2,1
519,674,544,3,0
519,697,520,2,1
520,638,519,1,2
520,644,521,2,1
520,649,521,2,1
520,674,545,3,0
521,646,520,1,2
521,649,496,0,3
522,644,497,0,3
522,646,523,2,1
522,649,497,0,3
522,674,521,1,2
523,638,524,2,1
523,644,498,0,3
523,649,498,0,3
523,674,522,1,2
524,649,499,0,3
524,674,523,1,2
524,697,499,0,3
528,662,529,2,1
531,649,506,0,3
531,674,532,2,1
531,697,506,0,3
532,644,507,0,3
532,649,507,0,3
532,674,533,2,1
533,644,508,0,3
533,649,508,0,3
533,674,534,2,1
534,644,509,0,3
534,649,509,0,3
535,644,534,1,2
535,646,534,1,2
535,649,534,1,2
535,674,560,3,0
536,638,535,1,2
536,644,535,1,2
536,649,535,1,2
536,674,561,3,0
537,649,536,1,2
537,674,562,3,0
540,662,515,0,3
544,649,545,2,1
544,674,569,3,0
544,697,545,2,1
545,638,544,1,2
545,644,546,2,1
545,649,546,2,1
545,674,570,3,0
546,644,521,0,3
546,646,545,1,2
546,649,521,0,3
547,644,522,0,3
547,646,548,2,1
547,649,522,0,3
547,674,546,1,2
548,638,549,2,1
548,644,523,0,3
548,649,523,0,3
548,674,547,1,2
549,649,524,0,3
549,674,548,1,2
549,697,524,0,3
553,662,554,2,1
556,649,531,0,3
556,674,557,2,1
556,697,531,0,3
557,644,532,0,3
557,649,532,0,3
557,674,558,2,1
558,644,533,0,3
558,649,533,0,3
558,674,559,2,1
559,644,534,0,3
559,649,534,0,3
560,644,559,1,2
560,646,559,1,2
560,649,559,1,2
560,674,585,3,0
561,638,560,1,2
561,644,560,1,2
561,649,560,1,2
561,674,586,3,0
562,649,561,1,2
562,674,587,3,0
565,662,540,0,3
569,649,570,2,1
569,674,594,3,0
569,697,570,2,1
570,638,569,1,2
570,644,571,2,1
570,649,571,2,1
570,674,595,3,0
571,644,546,0,3
571,646,570,1,2
571,649,546,0,3
572,644,547,0,3
572,646,573,2,1
572,649,547,0,3
572,674,571,1,2
573,638,574,2,1
573,644,548,0,3
573,649,548,0,3
573,674,572,1,2
574,649,549,0,3
574,674,573,1,2
574,697,549,0,3
578,662,579,2,1
581,649,556,0,3
581,674,582,2,1
581,697,556,0,3
582,644,557,0,3
582,649,557,0,3
582,674,583,2,1
583,644,558,0,3
583,649,558,0,3
583,674,584,2,1
584,644,559,0,3
584,649,559,0,3
584,674,585,2,1
585,644,584,1,2
585,646,584,1,2
585,649,584,1,2
585,674,586,2,1
586,638,585,1,2
586,644,585,1,2
586,649,585,1,2
586,674,587,2,1
587,649,586,1,2
587,674,674,53,0
590,662,565,0,3
594,649,595,2,1
594,674,593,1,2
594,697,595,2,1
595,638,594,1,2
595,644,596,2,1
595,649,596,2,1
595,674,594,1,2
596,644,571,0,3
596,646,595,1,2
596,649,571,0,3
596,674,595,1,2
597,644,572,0,3
597,646,598,2,1
597,649,572,0,3
597,674,596,1,2
598,638,599,2,1
598,644,573,0,3
598,649,573,0,3
598,674,597,1,2
599,649,574,0,3
599,674,598,1,2
599,697,574,0,3
603,662,604,2,1
606,649,581,0,3
606,674,607,2,1
606,697,581,0,3
607,644,582,0,3
607,649,582,0,3
607,674,608,2,1
608,644,583,0,3
608,649,583,0,3
608,674,609,2,1
609,644,584,0,3
609,649,584,0,3
609,674,584,0,3
610,644,609,1,2
610,646,609,1,2
610,649,609,1,2
610,674,585,0,3
611,638,610,1,2
611,644,610,1,2
611,649,610,1,2
611,674,586,0,3
612,649,611,1,2
612,674,587,0,3
615,662,590,0,3
619,649,620,2,1
619,674,594,0,3
619,697,620,2,1
620,638,619,1,2
620,644,621,2,1
620,649,621,2,1
620,674,595,0,3
621,644,596,0,3
621,646,620,1,2
621,649,596,0,3
621,674,596,0,3
622,644,597,0,3
622,646,623,2,1
622,649,597,0,3
622,674,621,1,2
623,638,624,2,1
623,644,598,0,3
623,649,598,0,3
623,674,622,1,2
624,649,599,0,3
624,674,623,1,2
624,697,599,0,3
638,625,410,0,17
638,626,410,0,17
638,627,410,0,17
638,628,410,0,17
638,629,410,0,17
638,630,410,0,17
638,631,410,0,17
638,632,410,0,17
638,633,410,0,17
638,634,410,0,17
638,635,410,0,17
638,636,410,0,17
638,637,410,0,17
638,639,410,0,17
638,640,410,0,17
638,641,410,0,17
638,642,410,0,17
638,643,410,0,17
638,644,410,0,17
638,645,410,0,17
638,646,410,0,17
638,647,410,0,17
638,648,410,0,17
638,649,410,0,17
638,650,410,0,17
638,651,410,0,17
638,652,410,0,17
638,653,410,0,17
638,654,410,0,17
638,655,410,0,17
638,656,410,0,17
638,657,410,0,17
638,658,410,0,17
638,659,410,0,17
638,660,410,0,17
638,661,410,0,17
638,662,410,0,17
638,663,410,0,17
638,664,410,0,17
638,665,410,0,17
638,666,410,0,17
638,667,410,0,17
638,668,410,0,17
638,669,410,0,17
638,670,410,0,17
638,671,410,0,17
638,672,410,0,17
638,673,410,0,17
638,674,410,0,17
638,675,410,0,17
638,676,410,0,17
638,677,410,0,17
638,678,410,0,17
638,679,410,0,17
638,680,410,0,17
638,681,410,0,17
638,682,410,0,17
638,683,410,0,17
638,684,410,0,17
638,685,410,0,17
638,686,410,0,17
638,687,410,0,17
638,688,410,0,17
638,689,410,0,17
638,690,410,0,17
638,691,410,0,17
638,692,410,0,17
638,693,410,0,17
638,694,410,0,17
638,695,410,0,17
638,696,410,0,17
638,697,410,0,17
638,698,410,0,17
638,699,410,0,17
638,700,410,0,17
638,701,410,0,17
638,702,410,0,17
638,703,410,0,17
638,704,410,0,17
638,705,410,0,17
638,706,410,0,17
638,707,410,0,17
638,708,410,0,17
638,709,410,0,17
638,710,410,0,17
638,711,410,0,17
638,712,410,0,17
638,713,410,0,17
638,714,410,0,17
638,715,410,0,17
638,716,410,0,17
638,717,410,0,17
638,718,410,0,17
638,719,410,0,17
638,720,410,0,17
638,721,410,0,17
638,722,410,0,17
638,723,410,0,17
638,724,410,0,17
644,625,357,0,23
644,626,357,0,23
644,627,357,0,23
644,628,357,0,23
644,629,357,0,23
644,630,357,0,23
644,631,357,0,23
644,632,357,0,23
644,633,357,0,23
644,634,357,0,23
644,635,357,0,23
644,636,357,0,23
644,637,357,0,23
644,638,357,0,23
644,639,357,0,23
644,640,357,0,23
644,641,357,0,23
644,642,357,0,23
644,643,357,0,23
644,645,357,0,23
644,646,357,0,23
644,647,357,0,23
644,648,357,0,23
644,649,357,0,23
644,650,357,0,23
644,651,357,0,23
644,652,357,0,23
644,653,357,0,23
644,654,357,0,23
644,655,357,0,23
644,656,357,0,23
644,657,357,0,23
644,658,357,0,23
644,659,357,0,23
644,660,357,0,23
644,661,357,0,23
644,662,357,0,23
644,663,357,0,23
644,664,357,0,23
644,665,357,0,23
644,666,357,0,23
644,667,357,0,23
644,668,357,0,23
644,669,357,0,23
644,670,357,0,23
644,671,357,0,23
644,672,357,0,23
644,673,357,0,23
644,674,357,0,23
644,675,357,0,23
644,676,357,0,23
644,677,357,0,23
644,678,357,0,23
644,679,357,0,23
644,680,357,0,23
644,681,357,0,23
644,682,357,0,23
644,683,357,0,23
644,684,357,0,23
644,685,357,0,23
644,686,357,0,23
644,687,357,0,23
644,688,357,0,23
644,689,357,0,23
644,690,357,0,23
644,691,357,0,23
644,692,357,0,23
644,693,357,0,23
644,694,357,0,23
644,695,357,0,23
644,696,357,0,23
644,697,357,0,23
644,698,357,0,23
644,699,357,0,23
644,700,357,0,23
644,701,357,0,23
644,702,357,0,23
644,703,357,0,23
644,704,357,0,23
644,705,357,0,23
644,706,357,0,23
644,707,357,0,23
644,708,357,0,23
644,709,357,0,23
644,710,357,0,23
644,711,357,0,23
644,712,357,0,23
644,713,357,0,23
644,714,357,0,23
644,715,357,0,23
644,716,357,0,23
644,717,357,0,23
644,718,357,0,23
644,719,357,0,23
644,720,357,0,23
644,721,357,0,23
644,722,357,0,23
644,723,357,0,23
644,724,357,0,23
646,625,34,0,25
646,626,34,0,25
646,627,34,0,25
646,628,34,0,25
646,629,34,0,25
646,630,34,0,25
646,631,34,0,25
646,632,34,0,25
646,633,34,0,25
646,634,34,0,25
646,635,34,0,25
646,636,34,0,25
646,637,34,0,25
646,638,34,0,25
646,639,34,0,25
646,640,34,0,25
646,641,34,0,25
646,642,34,0,25
646,643,34,0,25
646,644,34,0,25
646,645,34,0,25
646,647,34,0,25
646,648,34,0,25
646,649,34,0,25
646,650,34,0,25
646,651,34,0,25
646,652,34,0,25
646,653,34,0,25
646,654,34,0,25
646,655,34,0,25
646,656,34,0,25
646,657,34,0,25
646,658,34,0,25
646,659,34,0,25
646,660,34,0,25
646,661,34,0,25
646,662,34,0,25
646,663,34,0,25
646,664,34,0,25
646,665,34,0,25
646,666,34,0,25
646,667,34,0,25
646,668,34,0,25
646,669,34,0,25
646,670,34,0,25
646,671,34,0,25
646,672,34,0,25
646,673,34,0,25
646,674,34,0,25
646,675,34,0,25
646,676,34,0,25
646,677,34,0,25
646,678,34,0,25
646,679,34,0,25
646,680,34,0,25
646,681,34,0,25
646,682,34,0,25
646,683,34,0,25
646,684,34,0,25
646,685,34,0,25
646,686,34,0,25
646,687,34,0,25
646,688,34,0,25
646,689,34,0,25
646,690,34,0,25
646,691,34,0,25
646,692,34,0,25
646,693,34,0,25
646,694,34,0,25
646,695,34,0,25
646,696,34,0,25
646,697,34,0,25
646,698,34,0,25
646,699,34,0,25
646,700,34,0,25
646,701,34,0,25
646,702,34,0,25
646,703,34,0,25
646,704,34,0,25
646,705,34,0,25
646,706,34,0,25
646,707,34,0,25
646,708,34,0,25
646,709,34,0,25
646,710,34,0,25
646,711,34,0,25
646,712,34,0,25
646,713,34,0,25
646,714,34,0,25
646,715,34,0,25
646,716,34,0,25
646,717,34,0,25
646,718,34,0,25
646,719,34,0,25
646,720,34,0,25
646,721,34,0,25
646,722,34,0,25
646,723,34,0,25
646,724,34,0,25
649,625,331,0,28
649,626,331,0,28
649,627,331,0,28
649,628,331,0,28
649,629,331,0,28
649,630,331,0,28
649,631,331,0,28
649,632,331,0,28
649,633,331,0,28
649,634,331,0,28
649,635,331,0,28
649,636,331,0,28
649,637,331,0,28
649,638,331,0,28
649,639,331,0,28
649,640,331,0,28
649,641,331,0,28
649,642,331,0,28
649,643,331,0,28
649,644,331,0,28
649,645,331,0,28
649,646,331,0,28
649,647,331,0,28
649,648,331,0,28
649,650,331,0,28
649,651,331,0,28
649,652,331,0,28
649,653,331,0,28
649,654,331,0,28
649,655,331,0,28
649,656,331,0,28
649,657,331,0,28
649,658,331,0,28
649,659,331,0,28
649,660,331,0,28
649,661,331,0,28
649,662,331,0,28
649,663,331,0,28
649,664,331,0,28
649,665,331,0,28
649,666,331,0,28
649,667,331,0,28
649,668,331,0,28
649,669,331,0,28
649,670,331,0,28
649,671,331,0,28
649,672,331,0,28
649,673,331,0,28
649,674,331,0,28
649,675,331,0,28
649,676,331,0,28
649,677,331,0,28
649,678,331,0,28
649,679,331,0,28
649,680,331,0,28
649,681,331,0,28
649,682,331,0,28
649,683,331,0,28
649,684,331,0,28
649,685,331,0,28
649,686,331,0,28
649,687,331,0,28
649,688,331,0,28
649,689,331,0,28
649,690,331,0,28
649,691,331,0,28
649,692,331,0,28
649,693,331,0,28
649,694,331,0,28
649,695,331,0,28
649,696,331,0,28
649,697,331,0,28
649,698,331,0,28
649,699,331,0,28
649,700,331,0,28
649,701,331,0,28
649,702,331,0,28
649,703,331,0,28
649,704,331,0,28
649,705,331,0,28
649,706,331,0,28
649,707,331,0,28
649,708,331,0,28
649,709,331,0,28
649,710,331,0,28
649,711,331,0,28
649,712,331,0,28
649,713,331,0,28
649,714,331,0,28
649,715,331,0,28
649,716,331,0,28
649,717,331,0,28
649,718,331,0,28
649,719,331,0,28
649,720,331,0,28
649,721,331,0,28
649,722,331,0,28
649,723,331,0,28
649,724,331,0,28
662,625,440,0,41
662,626,440,0,41
662,627,440,0,41
662,628,440,0,41
662,629,440,0,41
662,630,440,0,41
662,631,440,0,41
662,632,440,0,41
662,633,440,0,41
662,634,440,0,41
662,635,440,0,41
662,636,440,0,41
662,637,440,0,41
662,638,440,0,41
662,639,440,0,41
662,640,440,0,41
662,641,440,0,41
662,642,440,0,41
662,643,440,0,41
662,644,440,0,41
662,645,440,0,41
662,646,440,0,41
662,647,440,0,41
662,648,440,0,41
662,649,440,0,41
662,650,440,0,41
662,651,440,0,41
662,652,440,0,41
662,653,440,0,41
662,654,440,0,41
662,655,440,0,41
662,656,440,0,41
662,657,440,0,41
662,658,440,0,41
662,659,440,0,41
662,660,440,0,41
662,661,440,0,41
662,663,440,0,41
662,664,440,0,41
662,665,440,0,41
662,666,440,0,41
662,667,440,0,41
662,668,440,0,41
662,669,440,0,41
662,670,440,0,41
662,671,440,0,41
662,672,440,0,41
662,673,440,0,41
662,674,440,0,41
662,675,440,0,41
662,676,440,0,41
662,677,440,0,41
662,678,440,0,41
662,679,440,0,41
662,680,440,0,41
662,681,440,0,41
662,682,440,0,41
662,683,440,0,41
662,684,440,0,41
662,685,440,0,41
662,686,440,0,41
662,687,440,0,41
662,688,440,0,41
662,689,440,0,41
662,690,440,0,41
662,691,440,0,41
662,692,440,0,41
662,693,440,0,41
662,694,440,0,41
662,695,440,0,41
662,696,440,0,41
662,697,440,0,41
662,698,440,0,41
662,699,440,0,41
662,700,440,0,41
662,701,440,0,41
662,702,440,0,41
662,703,440,0,41
662,704,440,0,41
662,705,440,0,41
662,706,440,0,41
662,707,440,0,41
662,708,440,0,41
662,709,440,0,41
662,710,440,0,41
662,711,440,0,41
662,712,440,0,41
662,713,440,0,41
662,714,440,0,41
662,715,440,0,41
662,716,440,0,41
662,717,440,0,41
662,718,440,0,41
662,719,440,0,41
662,720,440,0,41
662,721,440,0,41
662,722,440,0,41
662,723,440,0,41
662,724,440,0,41
674,625,587,0,53
674,626,587,0,53
674,627,587,0,53
674,628,587,0,53
674,629,587,0,53
674,630,587,0,53
674,631,587,0,53
674,632,587,0,53
674,633,587,0,53
674,634,587,0,53
674,635,587,0,53
674,636,587,0,53
674,637,587,0,53
674,638,587,0,53
674,639,587,0,53
674,640,587,0,53
674,641,587,0,53
674,642,587,0,53
674,643,587,0,53
674,644,587,0,53
674,645,587,0,53
674,646,587,0,53
674,647,587,0,53
674,648,587,0,53
674,649,587,0,53
674,650,587,0,53
674,651,587,0,53
674,652,587,0,53
674,653,587,0,53
674,654,587,0,53
674,655,587,0,53
674,656,587,0,53
674,657,587,0,53
674,658,587,0,53
674,659,587,0,53
674,660,587,0,53
674,661,587,0,53
674,662,587,0,53
674,663,587,0,53
674,664,587,0,53
674,665,587,0,53
674,666,587,0,53
674,667,587,0,53
674,668,587,0,53
674,669,587,0,53
674,670,587,0,53
674,671,587,0,53
674,672,587,0,53
674,673,587,0,53
674,675,587,0,53
674,676,587,0,53
674,677,587,0,53
674,678,587,0,53
674,679,587,0,53
674,680,587,0,53
674,681,587,0,53
674,682,587,0,53
674,683,587,0,53
674,684,587,0,53
674,685,587,0,53
674,686,587,0,53
674,687,587,0,53
674,688,587,0,53
674,689,587,0,53
674,690,587,0,53
674,691,587,0,53
674,692,587,0,53
674,693,587,0,53
674,694,587,0,53
674,695,587,0,53
674,696,587,0,53
674,697,587,0,53
674,698,587,0,53
674,699,587,0,53
674,700,587,0,53
674,701,587,0,53
674,702,587,0,53
674,703,587,0,53
674,704,587,0,53
674,705,587,0,53
674,706,587,0,53
674,707,587,0,53
674,708,587,0,53
674,709,587,0,53
674,710,587,0,53
674,711,587,0,53
674,712,587,0,53
674,713,587,0,53
674,714,587,0,53
674,715,587,0,53
674,716,587,0,53
674,717,587,0,53
674,718,587,0,53
674,719,587,0,53
674,720,587,0,53
674,721,587,0,53
674,722,587,0,53
674,723,587,0,53
674,724,587,0,53
688,625,392,0,67
688,626,392,0,67
688,627,392,0,67
688,628,392,0,67
688,629,392,0,67
688,630,392,0,67
688,631,392,0,67
688,632,392,0,67
688,633,392,0,67
688,634,392,0,67
688,635,392,0,67
688,636,392,0,67
688,637,392,0,67
688,638,392,0,67
688,639,392,0,67
688,640,392,0,67
688,641,392,0,67
688,642,392,0,67
688,643,392,0,67
688,644,392,0,67
688,645,392,0,67
688,646,392,0,67
688,647,392,0,67
688,648,392,0,67
688,649,392,0,67
688,650,392,0,67
688,651,392,0,67
688,652,392,0,67
688,653,392,0,67
688,654,392,0,67
688,655,392,0,67
688,656,392,0,67
688,657,392,0,67
688,658,392,0,67
688,659,392,0,67
688,660,392,0,67
688,661,392,0,67
688,662,392,0,67
688,663,392,0,67
688,664,392,0,67
688,665,392,0,67
688,666,392,0,67
688,667,392,0,67
688,668,392,0,67
688,669,392,0,67
688,670,392,0,67
688,671,392,0,67
688,672,392,0,67
688,673,392,0,67
688,674,392,0,67
688,675,392,0,67
688,676,392,0,67
688,677,392,0,67
688,678,392,0,67
688,679,392,0,67
688,680,392,0,67
688,681,392,0,67
688,682,392,0,67
688,683,392,0,67
688,684,392,0,67
688,685,392,0,67
688,686,392,0,67
688,687,392,0,67
688,689,392,0,67
688,690,392,0,67
688,691,392,0,67
688,692,392,0,67
688,693,392,0,67
688,694,392,0,67
688,695,392,0,67
688,696,392,0,67
688,697,392,0,67
688,698,392,0,67
688,699,392,0,67
688,700,392,0,67
688,701,392,0,67
688,702,392,0,67
688,703,392,0,67
688,704,392,0,67
688,705,392,0,67
688,706,392,0,67
688,707,392,0,67
688,708,392,0,67
688,709,392,0,67
688,710,392,0,67
688,711,392,0,67
688,712,392,0,67
688,713,392,0,67
688,714,392,0,67
688,715,392,0,67
688,716,392,0,67
688,717,392,0,67
688,718,392,0,67
688,719,392,0,67
688,720,392,0,67
688,721,392,0,67
688,722,392,0,67
688,723,392,0,67
688,724,392,0,67
697,625,356,0,76
697,626,356,0,76
697,627,356,0,76
697,628,356,0,76
697,629,356,0,76
697,630,356,0,76
697,631,356,0,76
697,632,356,0,76
697,633,356,0,76
697,634,356,0,76
697,635,356,0,76
697,636,356,0,76
697,637,356,0,76
697,638,356,0,76
697,639,356,0,76
697,640,356,0,76
697,641,356,0,76
697,642,356,0,76
697,643,356,0,76
697,644,356,0,76
697,645,356,0,76
697,646,356,0,76
697,647,356,0,76
697,648,356,0,76
697,649,356,0,76
697,650,356,0,76
697,651,356,0,76
697,652,356,0,76
697,653,356,0,76
697,654,356,0,76
697,655,356,0,76
697,656,356,0,76
697,657,356,0,76
697,658,356,0,76
697,659,356,0,76
697,660,356,0,76
697,661,356,0,76
697,662,356,0,76
697,663,356,0,76
697,664,356,0,76
697,665,356,0,76
697,666,356,0,76
697,667,356,0,76
697,668,356,0,76
697,669,356,0,76
697,670,356,0,76
697,671,356,0,76
697,672,356,0,76
697,673,356,0,76
697,674,356,0,76
697,675,356,0,76
697,676,356,0,76
697,677,356,0,76
697,678,356,0,76
697,679,356,0,76
697,680,356,0,76
697,681,356,0,76
697,682,356,0,76
697,683,356,0,76
697,684,356,0,76
697,685,356,0,76
697,686,356,0,76
697,687,356,0,76
697,688,356,0,76
697,689,356,0,76
697,690,356,0,76
697,691,356,0,76
697,692,356,0,76
697,693,356,0,76
697,694,356,0,76
697,695,356,0,76
697,696,356,0,76
697,698,356,0,76
697,699,356,0,76
697,700,356,0,76
697,701,356,0,76
697,702,356,0,76
697,703,356,0,76
697,704,356,0,76
697,705,356,0,76
697,706,356,0,76
697,707,356,0,76
697,708,356,0,76
697,709,356,0,76
697,710,356,0,76
697,711,356,0,76
697,712,356,0,76
697,713,356,0,76
697,714,356,0,76
697,715,356,0,76
697,716,356,0,76
697,717,356,0,76
697,718,356,0,76
697,719,356,0,76
697,720,356,0,76
697,721,356,0,76
697,722,356,0,76
697,723,356,0,76
697,724,356,0,76
707,625,387,0,86
707,626,387,0,86
707,627,387,0,86
707,628,387,0,86
707,629,387,0,86
707,630,387,0,86
707,631,387,0,86
707,632,387,0,86
707,633,387,0,86
707,634,387,0,86
707,635,387,0,86
707,636,387,0,86
707,637,387,0,86
707,638,387,0,86
707,639,387,0,86
707,640,387,0,86
707,641,387,0,86
707,642,387,0,86
707,643,387,0,86
707,644,387,0,86
707,645,387,0,86
707,646,387,0,86
707,647,387,0,86
707,648,387,0,86
707,649,387,0,86
707,650,387,0,86
707,651,387,0,86
707,652,387,0,86
707,653,387,0,86
707,654,387,0,86
707,655,387,0,86
707,656,387,0,86
707,657,387,0,86
707,658,387,0,86
707,659,387,0,86
707,660,387,0,86
707,661,387,0,86
707,662,387,0,86
707,663,387,0,86
707,664,387,0,86
707,665,387,0,86
707,666,387,0,86
707,667,387,0,86
707,668,387,0,86
707,669,387,0,86
707,670,387,0,86
707,671,387,0,86
707,672,387,0,86
707,673,387,0,86
707,674,387,0,86
707,675,387,0,86
707,676,387,0,86
707,677,387,0,86
707,678,387,0,86
707,679,387,0,86
707,680,387,0,86
707,681,387,0,86
707,682,387,0,86
707,683,387,0,86
707,684,387,0,86
707,685,387,0,86
707,686,387,0,86
707,687,387,0,86
707,688,387,0,86
707,689,387,0,86
707,690,387,0,86
707,691,387,0,86
707,692,387,0,86
707,693,387,0,86
707,694,387,0,86
707,695,387,0,86
707,696,387,0,86
707,697,387,0,86
707,698,387,0,86
707,699,387,0,86
707,700,387,0,86
707,701,387,0,86
707,702,387,0,86
707,703,387,0,86
707,704,387,0,86
707,705,387,0,86
707,706,387,0,86
707,708,387,0,86
707,709,387,0,86
707,710,387,0,86
707,711,387,0,86
707,712,387,0,86
707,713,387,0,86
707,714,387,0,86
707,715,387,0,86
707,716,387,0,86
707,717,387,0,86
707,718,387,0,86
707,719,387,0,86
707,720,387,0,86
707,721,387,0,86
707,722,387,0,86
707,723,387,0,86
707,724,387,0,86
716,625,184,0,95
716,626,184,0,95
716,627,184,0,95
716,628,184,0,95
716,629,184,0,95
716,630,184,0,95
716,631,184,0,95
716,632,184,0,95
716,633,184,0,95
716,634,184,0,95
716,635,184,0,95
716,636,184,0,95
716,637,184,0,95
716,638,184,0,95
716,639,184,0,95
716,640,184,0,95
716,641,184,0,95
716,642,184,0,95
716,643,184,0,95
716,644,184,0,95
716,645,184,0,95
716,646,184,0,95
716,647,184,0,95
716,648,184,0,95
716,649,184,0,95
716,650,184,0,95
716,651,184,0,95
716,652,184,0,95
716,653,184,0,95
716,654,184,0,95
716,655,184,0,95
716,656,184,0,95
716,657,184,0,95
716,658,184,0,95
716,659,184,0,95
716,660,184,0,95
716,661,184,0,95
716,662,184,0,95
716,663,184,0,95
716,664,184,0,95
716,665,184,0,95
716,666,184,0,95
716,667,184,0,95
716,668,184,0,95
716,669,184,0,95
716,670,184,0,95
716,671,184,0,95
716,672,184,0,95
716,673,184,0,95
716,674,184,0,95
716,675,184,0,95
716,676,184,0,95
716,677,184,0,95
716,678,184,0,95
716,679,184,0,95
716,680,184,0,95
716,681,184,0,95
716,682,184,0,95
716,683,184,0,95
716,684,184,0,95
716,685,184,0,95
716,686,184,0,95
716,687,184,0,95
716,688,184,0,95
716,689,184,0,95
716,690,184,0,95
716,691,184,0,95
716,692,184,0,95
716,693,184,0,95
716,694,184,0,95
716,695,184,0,95
716,696,184,0,95
716,697,184,0,95
716,698,184,0,95
716,699,184,0,95
716,700,184,0,95
716,701,184,0,95
716,702,184,0,95
716,703,184,0,95
716,704,184,0,95
716,705,184,0,95
716,706,184,0,95
716,707,184,0,95
716,708,184,0,95
716,709,184,0,95
716,710,184,0,95
716,711,184,0,95
716,712,184,0,95
716,713,184,0,95
716,714,184,0,95
716,715,184,0,95
716,717,184,0,95
716,718,184,0,95
716,719,184,0,95
716,720,184,0,95
716,721,184,0,95
716,722,184,0,95
716,723,184,0,95
716,724,184,0,95
