0,629,25,1,0
0,632,24,2,1
0,669,24,2,1
1,669,0,0,0
1,715,601,3,3
5,669,6,1,0
5,715,605,3,3
6,669,7,1,0
6,714,7,1,0
7,627,607,3,3
7,629,32,2,0
7,632,8,1,0
7,669,8,1,0
8,629,33,2,0
8,632,9,1,0
8,638,608,3,3
8,669,9,1,0
9,629,34,2,0
9,632,10,1,0
9,638,609,3,3
9,669,10,1,0
10,629,35,2,0
10,632,35,2,0
10,669,35,2,0
11,629,10,0,1
11,632,36,2,0
11,638,10,0,1
11,669,36,2,0
12,629,11,0,1
12,632,37,2,0
12,669,37,2,0
13,669,38,2,0
13,714,38,2,0
14,669,39,2,0
18,669,43,2,0
18,714,43,2,0
18,715,19,1,0
19,629,20,1,0
19,632,44,2,0
19,669,44,2,0
20,627,21,1,0
20,629,21,1,0
20,632,45,2,0
20,669,45,2,0
21,629,22,1,0
21,632,46,2,0
21,638,22,1,0
21,669,46,2,0
22,629,47,2,0
22,632,47,2,0
22,669,47,2,0
22,712,47,2,0
23,629,48,2,0
23,632,22,0,1
23,638,623,3,3
23,669,22,0,1
24,627,624,3,3
24,629,49,2,0
24,632,23,0,1
24,669,23,0,1
25,629,50,2,0
25,632,49,3,2
25,669,49,3,2
26,669,25,1,1
26,715,51,3,0
30,669,31,2,1
30,715,55,3,0
31,669,32,2,1
31,714,32,2,1
32,627,7,0,2
32,629,57,3,0
32,632,33,2,1
32,669,33,2,1
33,629,58,3,0
33,632,34,2,1
33,638,8,0,2
33,669,34,2,1
34,629,59,3,0
34,632,35,2,1
34,638,9,0,2
34,669,35,2,1
35,629,60,3,0
35,632,60,3,0
36,629,35,1,2
36,632,61,3,0
36,638,35,1,2
36,669,61,3,0
37,629,36,1,2
37,632,62,3,0
37,669,62,3,0
38,669,63,3,0
38,714,63,3,0
39,669,64,3,0
43,669,68,3,0
43,714,68,3,0
43,715,44,2,1
44,629,45,2,1
44,632,69,3,0
44,669,69,3,0
45,627,46,2,1
45,629,46,2,1
45,632,70,3,0
45,669,70,3,0
46,629,47,2,1
46,632,71,3,0
46,638,47,2,1
46,669,71,3,0
47,629,72,3,0
47,632,72,3,0
47,712,72,3,0
48,629,73,3,0
48,632,47,1,2
48,638,23,0,2
48,669,47,1,2
49,627,24,0,2
49,629,74,3,0
49,632,48,1,2
49,669,48,1,2
50,629,75,2,0
50,632,74,3,2
50,669,74,3,2
51,669,50,1,1
51,715,76,3,0
55,669,56,2,1
55,715,80,3,0
56,669,57,2,1
56,714,57,2,1
57,627,32,0,3
57,629,82,3,0
57,632,58,2,1
57,669,58,2,1
58,629,83,3,0
58,632,59,2,1
58,638,33,0,3
58,669,59,2,1
59,629,84,3,0
59,632,60,2,1
59,638,34,0,3
59,669,60,2,1
60,632,85,3,0
61,629,60,1,2
61,632,86,3,0
61,638,60,1,2
61,669,86,3,0
62,629,61,1,2
62,632,87,3,0
62,669,87,3,0
63,669,88,3,0
63,714,88,3,0
64,669,89,3,0
68,669,93,3,0
68,714,93,3,0
68,715,69,2,1
69,629,70,2,1
69,632,94,3,0
69,669,94,3,0
70,627,71,2,1
70,629,71,2,1
70,632,95,3,0
70,669,95,3,0
71,629,72,2,1
71,632,96,3,0
71,638,72,2,1
71,669,96,3,0
72,632,97,3,0
72,712,97,3,0
73,629,98,3,0
73,632,72,1,2
73,638,48,0,3
73,669,72,1,2
74,627,49,0,3
74,629,99,3,0
74,632,73,1,2
74,669,73,1,2
75,629,100,2,0
75,632,99,3,2
75,669,99,3,2
76,669,75,1,1
76,715,101,3,0
80,669,81,2,1
80,715,105,3,0
81,669,82,2,1
81,714,82,2,1
82,627,57,0,3
82,629,107,3,0
82,632,83,2,1
82,669,83,2,1
83,629,108,3,0
83,632,84,2,1
83,638,58,0,3
83,669,84,2,1
84,629,109,3,0
84,632,85,2,1
84,638,59,0,3
84,669,85,2,1
85,632,86,2,1
85,669,86,2,1
86,629,85,1,2
86,632,87,2,1
86,638,85,1,2
86,669,87,2,1
87,629,86,1,2
87,632,88,2,1
87,669,88,2,1
88,669,89,2,1
88,714,113,3,0
89,669,669,48,0
93,669,92,1,2
93,714,118,3,0
93,715,94,2,1
94,629,95,2,1
94,632,632,11,0
94,669,93,1,2
95,627,96,2,1
95,629,96,2,1
95,632,94,1,2
95,669,94,1,2
96,629,97,2,1
96,632,95,1,2
96,638,97,2,1
96,669,95,1,2
97,632,96,1,2
97,669,96,1,2
97,712,122,3,0
98,629,123,3,0
98,632,97,1,2
98,638,73,0,3
98,669,97,1,2
99,627,74,0,3
99,629,124,3,0
99,632,98,1,2
99,669,98,1,2
100,629,125,2,0
100,632,124,3,2
100,669,124,3,2
101,669,100,1,1
101,715,126,3,0
105,669,106,2,1
105,715,130,3,0
106,669,107,2,1
106,714,107,2,1
107,627,82,0,3
107,629,132,3,0
107,632,108,2,1
107,669,108,2,1
108,629,133,3,0
108,632,109,2,1
108,638,83,0,3
108,669,109,2,1
109,629,134,3,0
109,632,110,2,1
109,638,84,0,3
109,669,110,2,1
110,636,111,2,1
110,638,85,0,3
110,669,85,0,3
110,712,712,91,0
110,714,135,3,0
111,629,110,1,2
111,632,86,0,3
111,636,112,2,1
111,638,110,1,2
111,669,86,0,3
111,714,136,3,0
112,629,111,1,2
112,632,87,0,3
112,636,636,15,0
112,669,87,0,3
112,714,137,3,0
113,669,88,0,3
113,714,138,3,0
114,669,89,0,3
118,669,93,0,3
118,714,143,3,0
118,715,119,2,1
119,629,120,2,1
119,632,94,0,3
119,669,94,0,3
119,714,144,3,0
120,627,121,2,1
120,629,121,2,1
120,632,95,0,3
120,636,119,1,2
120,669,95,0,3
120,714,145,3,0
121,629,122,2,1
121,632,96,0,3
121,636,120,1,2
121,638,122,2,1
121,669,96,0,3
121,714,146,3,0
122,636,121,1,2
122,638,97,0,3
122,669,97,0,3
122,714,147,3,0
123,629,148,3,0
123,632,122,1,2
123,638,98,0,3
123,669,122,1,2
124,627,99,0,3
124,629,149,3,0
124,632,123,1,2
124,669,123,1,2
125,629,629,8,0
125,632,149,3,2
125,669,149,3,2
126,669,125,1,1
126,715,151,3,0
130,669,131,2,1
130,715,155,3,0
131,669,132,2,1
131,714,132,2,1
132,627,107,0,3
132,629,131,1,2
132,632,133,2,1
132,669,133,2,1
133,629,132,1,2
133,632,134,2,1
133,638,108,0,3
133,669,134,2,1
134,629,133,1,2
134,632,135,2,1
134,638,109,0,3
134,669,135,2,1
135,629,134,1,2
135,636,110,0,3
135,638,110,0,3
135,669,110,0,3
135,712,110,0,3
135,714,136,2,1
136,629,135,1,2
136,632,111,0,3
136,636,111,0,3
136,638,135,1,2
136,669,111,0,3
136,714,137,2,1
137,629,136,1,2
137,632,112,0,3
137,636,112,0,3
137,669,112,0,3
137,714,138,2,1
138,669,113,0,3
139,669,114,0,3
143,669,118,0,3
143,714,714,93,0
143,715,144,2,1
144,629,145,2,1
144,632,119,0,3
144,669,119,0,3
144,714,143,1,2
145,627,146,2,1
145,629,146,2,1
145,632,120,0,3
145,636,120,0,3
145,669,120,0,3
145,714,144,1,2
146,629,147,2,1
146,632,121,0,3
146,636,121,0,3
146,638,147,2,1
146,669,121,0,3
146,714,145,1,2
147,629,148,2,1
147,636,122,0,3
147,638,122,0,3
147,669,122,0,3
147,712,122,0,3
147,714,146,1,2
148,629,149,2,1
148,632,147,1,2
148,638,123,0,3
148,669,147,1,2
149,627,124,0,3
149,629,125,2,3
149,632,148,1,2
149,669,148,1,2
150,629,125,0,2
150,632,174,3,2
150,669,174,3,2
151,669,150,1,1
151,715,176,3,0
155,669,156,2,1
155,715,180,3,0
156,669,157,2,1
156,714,157,2,1
157,627,132,0,3
157,629,132,0,3
157,632,158,2,1
157,669,158,2,1
158,629,133,0,3
158,632,159,2,1
158,638,133,0,3
158,669,159,2,1
159,629,134,0,3
159,632,160,2,1
159,638,134,0,3
159,669,160,2,1
160,629,135,0,3
160,638,135,0,3
160,669,135,0,3
161,629,160,1,2
161,632,136,0,3
161,638,160,1,2
161,669,136,0,3
162,629,161,1,2
162,632,137,0,3
162,669,137,0,3
163,669,138,0,3
163,714,138,0,3
164,669,139,0,3
168,669,143,0,3
168,714,143,0,3
168,715,169,2,1
169,629,170,2,1
169,632,144,0,3
169,669,144,0,3
170,627,171,2,1
170,629,171,2,1
170,632,145,0,3
170,669,145,0,3
171,629,172,2,1
171,632,146,0,3
171,638,172,2,1
171,669,146,0,3
172,629,147,0,3
172,638,147,0,3
172,669,147,0,3
172,712,147,0,3
173,629,148,0,3
173,632,172,1,2
173,638,148,0,3
173,669,172,1,2
174,627,149,0,3
174,629,149,0,3
174,632,173,1,2
174,669,173,1,2
175,629,150,0,2
175,632,199,3,2
175,669,199,3,2
176,669,175,1,1
176,715,201,3,0
180,669,181,2,1
180,715,205,3,0
181,669,182,2,1
181,714,182,2,1
182,627,157,0,3
182,629,157,0,3
182,632,183,2,1
182,669,183,2,1
183,629,158,0,3
183,632,184,2,1
183,638,158,0,3
183,669,184,2,1
184,629,159,0,3
184,632,185,2,1
184,638,159,0,3
184,669,185,2,1
185,629,160,0,3
185,638,160,0,3
185,669,160,0,3
186,629,185,1,2
186,632,161,0,3
186,638,185,1,2
186,669,161,0,3
187,629,186,1,2
187,632,162,0,3
187,669,162,0,3
188,669,163,0,3
188,714,163,0,3
189,669,164,0,3
193,669,168,0,3
193,714,168,0,3
193,715,194,2,1
194,629,195,2,1
194,632,169,0,3
194,669,169,0,3
195,627,196,2,1
195,629,196,2,1
195,632,170,0,3
195,669,170,0,3
196,629,197,2,1
196,632,171,0,3
196,638,197,2,1
196,669,171,0,3
197,629,172,0,3
197,638,172,0,3
197,669,172,0,3
197,712,172,0,3
198,629,173,0,3
198,632,197,1,2
198,638,173,0,3
198,669,197,1,2
199,627,174,0,3
199,629,174,0,3
199,632,198,1,2
199,669,198,1,2
200,629,175,0,2
200,632,224,3,2
200,669,224,3,2
201,669,200,1,1
201,715,226,3,0
205,669,206,2,1
205,715,230,3,0
206,669,207,2,1
206,714,207,2,1
207,627,182,0,3
207,629,182,0,3
207,632,208,2,1
207,669,208,2,1
208,629,183,0,3
208,632,209,2,1
208,638,183,0,3
208,669,209,2,1
209,629,184,0,3
209,632,210,2,1
209,638,184,0,3
209,669,210,2,1
210,629,185,0,3
210,638,185,0,3
210,669,185,0,3
211,629,210,1,2
211,632,186,0,3
211,638,210,1,2
211,669,186,0,3
212,629,211,1,2
212,632,187,0,3
212,669,187,0,3
213,669,188,0,3
213,714,188,0,3
214,669,189,0,3
218,669,193,0,3
218,714,193,0,3
218,715,219,2,1
219,629,220,2,1
219,632,194,0,3
219,669,194,0,3
220,627,221,2,1
220,629,221,2,1
220,632,195,0,3
220,669,195,0,3
221,629,222,2,1
221,632,196,0,3
221,638,222,2,1
221,669,196,0,3
222,629,197,0,3
222,638,197,0,3
222,669,197,0,3
222,712,197,0,3
223,629,198,0,3
223,632,222,1,2
223,638,198,0,3
223,669,222,1,2
224,627,199,0,3
224,629,199,0,3
224,632,223,1,2
224,669,223,1,2
225,629,200,0,2
225,632,249,3,2
225,669,249,3,2
226,669,225,1,1
226,715,251,3,0
230,669,231,2,1
230,715,255,3,0
231,669,232,2,1
231,714,232,2,1
232,627,207,0,3
232,629,207,0,3
232,632,233,2,1
232,669,233,2,1
233,629,208,0,3
233,632,234,2,1
233,638,258,3,0
233,669,234,2,1
234,629,209,0,3
234,632,235,2,1
234,638,259,3,0
234,669,235,2,1
235,629,210,0,3
235,632,210,0,3
235,669,210,0,3
236,629,235,1,2
236,632,211,0,3
236,638,235,1,2
236,669,211,0,3
237,629,236,1,2
237,632,212,0,3
237,669,212,0,3
238,669,213,0,3
238,714,213,0,3
239,669,214,0,3
243,669,218,0,3
243,714,218,0,3
243,715,244,2,1
244,629,245,2,1
244,632,219,0,3
244,669,219,0,3
245,627,246,2,1
245,629,246,2,1
245,632,220,0,3
245,669,220,0,3
246,629,247,2,1
246,632,221,0,3
246,638,247,2,1
246,669,221,0,3
247,629,222,0,3
247,632,222,0,3
247,669,222,0,3
247,712,222,0,3
248,629,223,0,3
248,632,247,1,2
248,638,273,3,0
248,669,247,1,2
249,627,224,0,3
249,629,224,0,3
249,632,248,1,2
249,669,248,1,2
250,629,225,0,2
250,632,274,3,2
250,669,274,3,2
251,669,250,1,1
251,715,276,3,0
255,669,256,2,1
255,715,280,3,0
256,669,257,2,1
256,714,257,2,1
257,627,232,0,3
257,629,232,0,3
257,632,258,2,1
257,669,258,2,1
258,629,233,0,3
258,632,259,2,1
258,638,283,3,0
258,669,259,2,1
259,629,234,0,3
259,632,260,2,1
259,638,284,3,0
259,669,260,2,1
260,629,235,0,3
260,632,235,0,3
260,669,235,0,3
260,670,285,3,0
261,629,260,1,2
261,632,236,0,3
261,638,260,1,2
261,669,236,0,3
261,670,286,3,0
262,629,261,1,2
262,632,237,0,3
262,669,237,0,3
262,670,287,3,0
263,669,238,0,3
263,670,288,3,0
263,714,238,0,3
264,669,239,0,3
264,670,289,3,0
265,670,290,3,0
266,670,291,3,0
267,670,292,3,0
268,669,243,0,3
268,670,293,3,0
268,714,243,0,3
268,715,269,2,1
269,629,270,2,1
269,632,244,0,3
269,669,244,0,3
269,670,294,3,0
270,627,271,2,1
270,629,271,2,1
270,632,245,0,3
270,669,245,0,3
270,670,295,3,0
271,629,272,2,1
271,632,246,0,3
271,638,272,2,1
271,669,246,0,3
271,670,296,3,0
272,629,247,0,3
272,632,247,0,3
272,669,247,0,3
272,670,297,3,0
272,712,247,0,3
273,629,248,0,3
273,632,272,1,2
273,638,298,3,0
273,669,272,1,2
274,627,249,0,3
274,629,249,0,3
274,632,273,1,2
274,669,273,1,2
275,629,250,0,2
275,632,299,3,2
275,669,299,3,2
276,669,275,1,1
276,715,301,3,0
280,669,281,2,1
280,715,305,3,0
281,669,282,2,1
281,714,282,2,1
282,627,257,0,3
282,629,257,0,3
282,632,283,2,1
282,669,283,2,1
283,627,258,0,3
283,629,258,0,3
283,632,284,2,1
283,638,308,3,0
283,669,284,2,1
284,627,259,0,3
284,629,259,0,3
284,632,285,2,1
284,638,309,3,0
284,669,285,2,1
285,627,260,0,3
285,629,260,0,3
285,632,260,0,3
285,669,260,0,3
286,629,285,1,2
286,632,261,0,3
286,638,285,1,2
286,669,261,0,3
287,629,286,1,2
287,632,262,0,3
287,669,262,0,3
288,669,263,0,3
288,714,263,0,3
289,669,264,0,3
293,669,268,0,3
293,714,268,0,3
293,715,294,2,1
294,629,295,2,1
294,632,269,0,3
294,669,269,0,3
295,627,296,2,1
295,629,296,2,1
295,632,270,0,3
295,669,270,0,3
296,629,297,2,1
296,632,271,0,3
296,638,297,2,1
296,669,271,0,3
297,627,272,0,3
297,629,272,0,3
297,632,272,0,3
297,669,272,0,3
297,712,272,0,3
298,627,273,0,3
298,629,273,0,3
298,632,297,1,2
298,638,323,3,0
298,669,297,1,2
299,627,274,0,3
299,629,274,0,3
299,632,298,1,2
299,669,298,1,2
300,629,275,0,2
300,632,324,3,2
300,669,324,3,2
301,669,300,1,1
301,715,326,3,0
305,669,306,2,1
305,715,330,3,0
306,669,307,2,1
306,714,307,2,1
307,627,332,3,0
307,629,282,0,3
307,632,308,2,1
307,669,308,2,1
308,629,283,0,3
308,632,309,2,1
308,638,333,3,0
308,669,309,2,1
309,629,284,0,3
309,632,310,2,1
309,638,334,3,0
309,669,310,2,1
310,629,285,0,3
310,632,285,0,3
310,669,285,0,3
311,629,310,1,2
311,632,286,0,3
311,638,310,1,2
311,669,286,0,3
312,629,311,1,2
312,632,287,0,3
312,669,287,0,3
313,669,288,0,3
313,714,288,0,3
314,669,289,0,3
318,669,293,0,3
318,714,293,0,3
318,715,319,2,1
319,629,320,2,1
319,632,294,0,3
319,669,294,0,3
320,627,321,2,1
320,629,321,2,1
320,632,295,0,3
320,669,295,0,3
321,629,322,2,1
321,632,296,0,3
321,638,322,2,1
321,669,296,0,3
322,629,297,0,3
322,632,297,0,3
322,669,297,0,3
322,712,297,0,3
323,629,298,0,3
323,632,322,1,2
323,638,348,3,0
323,669,322,1,2
324,627,349,3,0
324,629,299,0,3
324,632,323,1,2
324,669,323,1,2
325,629,300,0,2
325,632,349,3,2
325,669,349,3,2
326,669,325,1,1
330,669,331,2,1
330,715,715,94,0
331,669,332,2,1
331,714,332,2,1
331,715,330,1,2
332,627,357,3,0
332,629,307,0,3
332,632,333,2,1
332,669,333,2,1
333,629,308,0,3
333,632,334,2,1
333,638,358,3,0
333,669,334,2,1
334,629,309,0,3
334,632,335,2,1
334,638,359,3,0
334,669,335,2,1
335,629,310,0,3
335,632,310,0,3
335,669,310,0,3
336,629,335,1,2
336,632,311,0,3
336,638,335,1,2
336,669,311,0,3
337,629,336,1,2
337,632,312,0,3
337,669,312,0,3
338,669,313,0,3
338,714,313,0,3
339,669,314,0,3
343,669,318,0,3
343,714,318,0,3
343,715,344,2,1
344,629,345,2,1
344,632,319,0,3
344,669,319,0,3
345,627,346,2,1
345,629,346,2,1
345,632,320,0,3
345,669,320,0,3
346,629,347,2,1
346,632,321,0,3
346,638,347,2,1
346,669,321,0,3
347,629,322,0,3
347,632,322,0,3
347,669,322,0,3
347,712,322,0,3
348,629,323,0,3
348,632,347,1,2
348,638,373,3,0
348,669,347,1,2
349,627,374,3,0
349,629,324,0,3
349,632,348,1,2
349,669,348,1,2
350,629,325,0,2
350,632,374,3,2
350,669,374,3,2
351,669,350,1,1
351,715,326,0,3
355,669,356,2,1
355,715,330,0,3
356,669,357,2,1
356,714,357,2,1
357,627,382,3,0
357,629,332,0,3
357,632,358,2,1
357,669,358,2,1
358,629,333,0,3
358,632,359,2,1
358,638,383,3,0
358,669,359,2,1
359,629,334,0,3
359,632,360,2,1
359,638,384,3,0
359,669,360,2,1
360,629,335,0,3
360,632,335,0,3
361,629,360,1,2
361,632,336,0,3
361,638,360,1,2
361,669,336,0,3
362,629,361,1,2
362,632,337,0,3
362,669,337,0,3
363,669,338,0,3
363,714,338,0,3
364,669,339,0,3
368,669,343,0,3
368,714,343,0,3
368,715,369,2,1
369,629,370,2,1
369,632,344,0,3
369,669,344,0,3
370,627,371,2,1
370,629,371,2,1
370,632,345,0,3
370,669,345,0,3
371,629,372,2,1
371,632,346,0,3
371,638,372,2,1
371,669,346,0,3
372,629,347,0,3
372,632,347,0,3
372,712,347,0,3
373,629,348,0,3
373,632,372,1,2
373,638,398,3,0
373,669,372,1,2
374,627,399,3,0
374,629,349,0,3
374,632,373,1,2
374,669,373,1,2
375,629,350,0,2
375,632,399,3,2
375,669,399,3,2
376,669,375,1,1
376,715,351,0,3
380,669,381,2,1
380,715,355,0,3
381,669,382,2,1
381,714,382,2,1
382,627,407,3,0
382,629,357,0,3
382,632,383,2,1
382,669,383,2,1
383,629,358,0,3
383,632,384,2,1
383,638,408,3,0
383,669,384,2,1
384,629,359,0,3
384,632,385,2,1
384,638,409,3,0
384,669,385,2,1
385,632,360,0,3
386,629,385,1,2
386,632,361,0,3
386,638,385,1,2
386,669,361,0,3
387,629,386,1,2
387,632,362,0,3
387,669,362,0,3
388,669,363,0,3
388,714,363,0,3
389,669,364,0,3
393,669,368,0,3
393,714,368,0,3
393,715,394,2,1
394,629,395,2,1
394,632,369,0,3
394,669,369,0,3
395,627,396,2,1
395,629,396,2,1
395,632,370,0,3
395,669,370,0,3
396,629,397,2,1
396,632,371,0,3
396,638,397,2,1
396,669,371,0,3
397,632,372,0,3
397,712,372,0,3
398,629,373,0,3
398,632,397,1,2
398,638,423,3,0
398,669,397,1,2
399,627,424,3,0
399,629,374,0,3
399,632,398,1,2
399,669,398,1,2
400,629,375,0,2
400,632,424,3,2
400,669,424,3,2
401,669,400,1,1
401,715,376,0,3
405,669,406,2,1
405,715,380,0,3
406,669,407,2,1
406,714,407,2,1
407,627,432,3,0
407,629,382,0,3
407,632,408,2,1
407,669,408,2,1
408,629,383,0,3
408,632,409,2,1
408,638,433,3,0
408,669,409,2,1
409,629,384,0,3
409,632,410,2,1
409,638,434,3,0
409,669,410,2,1
410,638,435,3,0
410,669,435,3,0
411,629,410,1,2
411,632,436,3,0
411,638,410,1,2
411,669,436,3,0
412,629,411,1,2
412,632,437,3,0
412,669,437,3,0
413,669,438,3,0
413,714,388,0,3
414,669,439,3,0
418,669,443,3,0
418,714,393,0,3
418,715,419,2,1
419,629,420,2,1
419,632,444,3,0
419,669,444,3,0
420,627,421,2,1
420,629,421,2,1
420,632,445,3,0
420,669,445,3,0
421,629,422,2,1
421,632,446,3,0
421,638,422,2,1
421,669,446,3,0
422,638,447,3,0
422,669,447,3,0
422,712,397,0,3
423,629,398,0,3
423,632,422,1,2
423,638,448,3,0
423,669,422,1,2
424,627,449,3,0
424,629,399,0,3
424,632,423,1,2
424,669,423,1,2
425,629,400,0,2
425,632,449,3,2
425,669,449,3,2
426,669,425,1,1
426,715,401,0,3
430,669,431,2,1
430,715,405,0,3
431,669,432,2,1
431,714,432,2,1
432,627,457,3,0
432,629,407,0,3
432,632,433,2,1
432,669,433,2,1
433,629,408,0,3
433,632,434,2,1
433,638,458,3,0
433,669,434,2,1
434,629,409,0,3
434,632,435,2,1
434,638,459,3,0
434,669,435,2,1
435,636,460,3,0
435,638,460,3,0
435,669,460,3,0
435,712,460,3,0
435,714,410,0,3
436,629,435,1,2
436,632,461,3,0
436,636,461,3,0
436,638,435,1,2
436,669,461,3,0
436,714,411,0,3
437,629,436,1,2
437,632,462,3,0
437,636,462,3,0
437,669,462,3,0
437,714,412,0,3
438,669,463,3,0
438,714,413,0,3
439,669,464,3,0
443,669,468,3,0
443,714,418,0,3
443,715,444,2,1
444,629,445,2,1
444,632,469,3,0
444,669,469,3,0
444,714,419,0,3
445,627,446,2,1
445,629,446,2,1
445,632,470,3,0
445,636,470,3,0
445,669,470,3,0
445,714,420,0,3
446,629,447,2,1
446,632,471,3,0
446,636,471,3,0
446,638,447,2,1
446,669,471,3,0
446,714,421,0,3
447,636,472,3,0
447,638,472,3,0
447,669,472,3,0
447,712,472,3,0
447,714,422,0,3
448,629,423,0,3
448,632,447,1,2
448,638,473,3,0
448,669,447,1,2
449,627,474,3,0
449,629,424,0,3
449,632,448,1,2
449,669,448,1,2
450,629,475,2,0
450,632,474,3,2
450,669,474,3,2
451,669,450,1,1
451,715,426,0,3
455,669,456,2,1
455,715,430,0,3
456,669,457,2,1
456,714,457,2,1
457,627,482,3,0
457,629,482,3,0
457,632,458,2,1
457,669,458,2,1
458,629,483,3,0
458,632,459,2,1
458,638,483,3,0
458,669,459,2,1
459,629,484,3,0
459,632,460,2,1
459,638,484,3,0
459,669,460,2,1
460,629,485,3,0
460,638,485,3,0
460,669,485,3,0
461,629,460,1,2
461,632,486,3,0
461,638,460,1,2
461,669,486,3,0
462,629,461,1,2
462,632,487,3,0
462,669,487,3,0
463,669,488,3,0
463,714,488,3,0
464,669,489,3,0
468,669,493,3,0
468,714,493,3,0
468,715,469,2,1
469,629,470,2,1
469,632,494,3,0
469,669,494,3,0
470,627,471,2,1
470,629,471,2,1
470,632,495,3,0
470,669,495,3,0
471,629,472,2,1
471,632,496,3,0
471,638,472,2,1
471,669,496,3,0
472,629,497,3,0
472,638,497,3,0
472,669,497,3,0
472,712,497,3,0
473,629,498,3,0
473,632,472,1,2
473,638,498,3,0
473,669,472,1,2
474,627,499,3,0
474,629,499,3,0
474,632,473,1,2
474,669,473,1,2
475,629,500,2,0
475,632,499,3,2
475,669,499,3,2
476,669,475,1,1
476,715,451,0,3
480,669,481,2,1
480,715,455,0,3
481,669,482,2,1
481,714,482,2,1
482,627,507,3,0
482,629,507,3,0
482,632,483,2,1
482,669,483,2,1
483,629,508,3,0
483,632,484,2,1
483,638,508,3,0
483,669,484,2,1
484,629,509,3,0
484,632,485,2,1
484,638,509,3,0
484,669,485,2,1
485,629,510,3,0
485,638,510,3,0
485,669,510,3,0
486,629,485,1,2
486,632,511,3,0
486,638,485,1,2
486,669,511,3,0
487,629,486,1,2
487,632,512,3,0
487,669,512,3,0
488,669,513,3,0
488,714,513,3,0
489,669,514,3,0
493,669,518,3,0
493,714,518,3,0
493,715,494,2,1
494,629,495,2,1
494,632,519,3,0
494,669,519,3,0
495,627,496,2,1
495,629,496,2,1
495,632,520,3,0
495,669,520,3,0
496,629,497,2,1
496,632,521,3,0
496,638,497,2,1
496,669,521,3,0
497,629,522,3,0
497,638,522,3,0
497,669,522,3,0
497,712,522,3,0
498,629,523,3,0
498,632,497,1,2
498,638,523,3,0
498,669,497,1,2
499,627,524,3,0
499,629,524,3,0
499,632,498,1,2
499,669,498,1,2
500,629,525,2,0
500,632,524,3,2
500,669,524,3,2
501,669,500,1,1
501,715,476,0,3
505,669,506,2,1
505,715,480,0,3
506,669,507,2,1
506,714,507,2,1
507,627,532,3,0
507,629,532,3,0
507,632,508,2,1
507,669,508,2,1
508,629,533,3,0
508,632,509,2,1
508,638,533,3,0
508,669,509,2,1
509,629,534,3,0
509,632,510,2,1
509,638,534,3,0
509,669,510,2,1
510,629,535,3,0
510,638,535,3,0
510,669,535,3,0
511,629,510,1,2
511,632,536,3,0
511,638,510,1,2
511,669,536,3,0
512,629,511,1,2
512,632,537,3,0
512,669,537,3,0
513,669,538,3,0
513,714,538,3,0
514,669,539,3,0
518,669,543,3,0
518,714,543,3,0
518,715,519,2,1
519,629,520,2,1
519,632,544,3,0
519,669,544,3,0
520,627,521,2,1
520,629,521,2,1
520,632,545,3,0
520,669,545,3,0
521,629,522,2,1
521,632,546,3,0
521,638,522,2,1
521,669,546,3,0
522,629,547,3,0
522,638,547,3,0
522,669,547,3,0
522,712,547,3,0
523,629,548,3,0
523,632,522,1,2
523,638,548,3,0
523,669,522,1,2
524,627,549,3,0
524,629,549,3,0
524,632,523,1,2
524,669,523,1,2
525,629,550,2,0
525,632,549,3,2
525,669,549,3,2
526,669,525,1,1
526,715,501,0,3
530,669,531,2,1
530,715,505,0,3
531,669,532,2,1
531,714,532,2,1
532,627,557,3,0
532,629,557,3,0
532,632,533,2,1
532,669,533,2,1
533,629,558,3,0
533,632,534,2,1
533,638,638,17,0
533,669,534,2,1
534,629,559,3,0
534,632,535,2,1
534,638,533,1,2
534,669,535,2,1
535,629,560,3,0
535,632,560,3,0
535,638,534,1,2
535,669,560,3,0
536,629,535,1,2
536,632,561,3,0
536,638,535,1,2
536,669,561,3,0
537,629,536,1,2
537,632,562,3,0
537,669,562,3,0
538,669,563,3,0
538,714,563,3,0
539,669,564,3,0
543,669,568,3,0
543,714,568,3,0
543,715,544,2,1
544,629,545,2,1
544,632,569,3,0
544,669,569,3,0
545,627,546,2,1
545,629,546,2,1
545,632,570,3,0
545,669,570,3,0
546,629,547,2,1
546,632,571,3,0
546,638,547,2,1
546,669,571,3,0
547,629,572,3,0
547,632,572,3,0
547,638,548,2,1
547,669,572,3,0
547,712,572,3,0
548,629,573,3,0
548,632,547,1,2
548,638,549,2,1
548,669,547,1,2
549,627,574,3,0
549,629,574,3,0
549,632,548,1,2
549,669,548,1,2
550,629,575,2,0
550,632,574,3,2
550,669,574,3,2
551,669,550,1,1
551,715,526,0,3
555,669,556,2,1
555,715,530,0,3
556,669,557,2,1
556,714,557,2,1
557,627,582,3,0
557,629,582,3,0
557,632,558,2,1
557,669,558,2,1
558,629,583,3,0
558,632,559,2,1
558,638,533,0,3
558,669,559,2,1
559,629,584,3,0
559,632,560,2,1
559,638,534,0,3
559,669,560,2,1
560,629,585,3,0
560,632,585,3,0
560,669,585,3,0
560,670,561,2,1
561,629,560,1,2
561,632,586,3,0
561,638,560,1,2
561,669,586,3,0
561,670,562,2,1
562,629,561,1,2
562,632,587,3,0
562,669,587,3,0
562,670,563,2,1
563,669,588,3,0
563,670,564,2,1
563,714,588,3,0
564,669,589,3,0
564,670,565,2,1
565,670,566,2,1
566,670,670,49,0
567,670,566,1,2
568,669,593,3,0
568,670,567,1,2
568,714,593,3,0
568,715,569,2,1
569,629,570,2,1
569,632,594,3,0
569,669,594,3,0
569,670,568,1,2
570,627,571,2,1
570,629,571,2,1
570,632,595,3,0
570,669,595,3,0
570,670,569,1,2
571,629,572,2,1
571,632,596,3,0
571,638,572,2,1
571,669,596,3,0
571,670,570,1,2
572,629,597,3,0
572,632,597,3,0
572,669,597,3,0
572,670,571,1,2
572,712,597,3,0
573,629,598,3,0
573,632,572,1,2
573,638,548,0,3
573,669,572,1,2
574,627,599,3,0
574,629,599,3,0
574,632,573,1,2
574,669,573,1,2
575,629,600,2,0
575,632,599,3,2
575,669,599,3,2
576,669,575,1,1
576,715,551,0,3
580,669,581,2,1
580,715,555,0,3
581,669,582,2,1
581,714,582,2,1
582,627,607,3,0
582,629,607,3,0
582,632,583,2,1
582,669,583,2,1
583,627,608,3,0
583,629,608,3,0
583,632,584,2,1
583,638,558,0,3
583,669,584,2,1
584,627,609,3,0
584,629,609,3,0
584,632,585,2,1
584,638,559,0,3
584,669,585,2,1
585,627,610,3,0
585,629,610,3,0
585,632,610,3,0
585,669,610,3,0
585,670,560,0,3
586,629,585,1,2
586,632,611,3,0
586,638,585,1,2
586,669,611,3,0
586,670,561,0,3
587,629,586,1,2
587,632,612,3,0
587,669,612,3,0
587,670,562,0,3
588,669,613,3,0
588,670,563,0,3
588,714,613,3,0
589,669,614,3,0
589,670,564,0,3
590,670,565,0,3
591,670,566,0,3
592,670,567,0,3
593,669,618,3,0
593,670,568,0,3
593,714,618,3,0
593,715,594,2,1
594,629,595,2,1
594,632,619,3,0
594,669,619,3,0
594,670,569,0,3
595,627,596,2,1
595,629,596,2,1
595,632,620,3,0
595,669,620,3,0
595,670,570,0,3
596,629,597,2,1
596,632,621,3,0
596,638,597,2,1
596,669,621,3,0
596,670,571,0,3
597,627,622,3,0
597,629,622,3,0
597,632,622,3,0
597,669,622,3,0
597,670,572,0,3
597,712,622,3,0
598,627,623,3,0
598,629,623,3,0
598,632,597,1,2
598,638,573,0,3
598,669,597,1,2
599,627,624,3,0
599,629,624,3,0
599,632,598,1,2
599,669,598,1,2
600,629,0,2,3
600,632,624,3,2
600,669,624,3,2
601,669,600,1,1
601,715,576,0,3
605,669,606,2,1
605,715,580,0,3
606,669,607,2,1
606,714,607,2,1
607,627,627,6,0
607,629,7,3,3
607,632,608,2,1
607,669,608,2,1
608,627,607,1,2
608,629,8,3,3
608,632,609,2,1
608,638,583,0,3
608,669,609,2,1
609,627,608,1,2
609,629,9,3,3
609,632,610,2,1
609,638,584,0,3
609,669,610,2,1
610,627,609,1,2
610,629,10,3,3
610,632,10,3,3
610,669,10,3,3
611,629,610,1,2
611,632,11,3,3
611,638,610,1,2
611,669,11,3,3
612,629,611,1,2
612,632,12,3,3
612,669,12,3,3
613,669,13,3,3
613,714,13,3,3
614,669,14,3,3
618,669,18,3,3
618,714,18,3,3
618,715,619,2,1
619,629,620,2,1
619,632,19,3,3
619,669,19,3,3
620,627,621,2,1
620,629,621,2,1
620,632,20,3,3
620,669,20,3,3
621,629,622,2,1
621,632,21,3,3
621,638,622,2,1
621,669,21,3,3
622,627,623,2,1
622,629,22,3,3
622,632,22,3,3
622,669,22,3,3
622,712,22,3,3
623,627,624,2,1
623,629,23,3,3
623,632,622,1,2
623,638,598,0,3
623,669,622,1,2
624,629,24,3,3
624,632,623,1,2
624,669,623,1,2
627,625,607,0,6
627,626,607,0,6
627,628,607,0,6
627,629,607,0,6
627,630,607,0,6
627,631,607,0,6
627,632,607,0,6
627,633,607,0,6
627,634,607,0,6
627,635,607,0,6
627,636,607,0,6
627,637,607,0,6
627,638,607,0,6
627,639,607,0,6
627,640,607,0,6
627,641,607,0,6
627,642,607,0,6
627,643,607,0,6
627,644,607,0,6
627,645,607,0,6
627,646,607,0,6
627,647,607,0,6
627,648,607,0,6
627,649,607,0,6
627,650,607,0,6
627,651,607,0,6
627,652,607,0,6
627,653,607,0,6
627,654,607,0,6
627,655,607,0,6
627,656,607,0,6
627,657,607,0,6
627,658,607,0,6
627,659,607,0,6
627,660,607,0,6
627,661,607,0,6
627,662,607,0,6
627,663,607,0,6
627,664,607,0,6
627,665,607,0,6
627,666,607,0,6
627,667,607,0,6
627,668,607,0,6
627,669,607,0,6
627,670,607,0,6
627,671,607,0,6
627,672,607,0,6
627,673,607,0,6
627,674,607,0,6
627,675,607,0,6
627,676,607,0,6
627,677,607,0,6
627,678,607,0,6
627,679,607,0,6
627,680,607,0,6
627,681,607,0,6
627,682,607,0,6
627,683,607,0,6
627,684,607,0,6
627,685,607,0,6
627,686,607,0,6
627,687,607,0,6
627,688,607,0,6
627,689,607,0,6
627,690,607,0,6
627,691,607,0,6
627,692,607,0,6
627,693,607,0,6
627,694,607,0,6
627,695,607,0,6
627,696,607,0,6
627,697,607,0,6
627,698,607,0,6
627,699,607,0,6
627,700,607,0,6
627,701,607,0,6
627,702,607,0,6
627,703,607,0,6
627,704,607,0,6
627,705,607,0,6
627,706,607,0,6
627,707,607,0,6
627,708,607,0,6
627,709,607,0,6
627,710,607,0,6
627,711,607,0,6
627,712,607,0,6
627,713,607,0,6
627,714,607,0,6
627,715,607,0,6
627,716,607,0,6
627,717,607,0,6
627,718,607,0,6
627,719,607,0,6
627,720,607,0,6
627,721,607,0,6
627,722,607,0,6
627,723,607,0,6
627,724,607,0,6
629,625,125,0,8
629,626,125,0,8
629,627,125,0,8
629,628,125,0,8
629,630,125,0,8
629,631,125,0,8
629,632,125,0,8
629,633,125,0,8
629,634,125,0,8
629,635,125,0,8
629,636,125,0,8
629,637,125,0,8
629,638,125,0,8
629,639,125,0,8
629,640,125,0,8
629,641,125,0,8
629,642,125,0,8
629,643,125,0,8
629,644,125,0,8
629,645,125,0,8
629,646,125,0,8
629,647,125,0,8
629,648,125,0,8
629,649,125,0,8
629,650,125,0,8
629,651,125,0,8
629,652,125,0,8
629,653,125,0,8
629,654,125,0,8
629,655,125,0,8
629,656,125,0,8
629,657,125,0,8
629,658,125,0,8
629,659,125,0,8
629,660,125,0,8
629,661,125,0,8
629,662,125,0,8
629,663,125,0,8
629,664,125,0,8
629,665,125,0,8
629,666,125,0,8
629,667,125,0,8
629,668,125,0,8
629,669,125,0,8
629,670,125,0,8
629,671,125,0,8
629,672,125,0,8
629,673,125,0,8
629,674,125,0,8
629,675,125,0,8
629,676,125,0,8
629,677,125,0,8
629,678,125,0,8
629,679,125,0,8
629,680,125,0,8
629,681,125,0,8
629,682,125,0,8
629,683,125,0,8
629,684,125,0,8
629,685,125,0,8
629,686,125,0,8
629,687,125,0,8
629,688,125,0,8
629,689,125,0,8
629,690,125,0,8
629,691,125,0,8
629,692,125,0,8
629,693,125,0,8
629,694,125,0,8
629,695,125,0,8
629,696,125,0,8
629,697,125,0,8
629,698,125,0,8
629,699,125,0,8
629,700,125,0,8
629,701,125,0,8
629,702,125,0,8
629,703,125,0,8
629,704,125,0,8
629,705,125,0,8
629,706,125,0,8
629,707,125,0,8
629,708,125,0,8
629,709,125,0,8
629,710,125,0,8
629,711,125,0,8
629,712,125,0,8
629,713,125,0,8
629,714,125,0,8
629,715,125,0,8
629,716,125,0,8
629,717,125,0,8
629,718,125,0,8
629,719,125,0,8
629,720,125,0,8
629,721,125,0,8
629,722,125,0,8
629,723,125,0,8
629,724,125,0,8
632,625,94,0,11
632,626,94,0,11
632,627,94,0,11
632,628,94,0,11
632,629,94,0,11
632,630,94,0,11
632,631,94,0,11
632,633,94,0,11
632,634,94,0,11
632,635,94,0,11
632,636,94,0,11
632,637,94,0,11
632,638,94,0,11
632,639,94,0,11
632,640,94,0,11
632,641,94,0,11
632,642,94,0,11
632,643,94,0,11
632,644,94,0,11
632,645,94,0,11
632,646,94,0,11
632,647,94,0,11
632,648,94,0,11
632,649,94,0,11
632,650,94,0,11
632,651,94,0,11
632,652,94,0,11
632,653,94,0,11
632,654,94,0,11
632,655,94,0,11
632,656,94,0,11
632,657,94,0,11
632,658,94,0,11
632,659,94,0,11
632,660,94,0,11
632,661,94,0,11
632,662,94,0,11
632,663,94,0,11
632,664,94,0,11
632,665,94,0,11
632,666,94,0,11
632,667,94,0,11
632,668,94,0,11
632,669,94,0,11
632,670,94,0,11
632,671,94,0,11
632,672,94,0,11
632,673,94,0,11
632,674,94,0,11
632,675,94,0,11
632,676,94,0,11
632,677,94,0,11
632,678,94,0,11
632,679,94,0,11
632,680,94,0,11
632,681,94,0,11
632,682,94,0,11
632,683,94,0,11
632,684,94,0,11
632,685,94,0,11
632,686,94,0,11
632,687,94,0,11
632,688,94,0,11
632,689,94,0,11
632,690,94,0,11
632,691,94,0,11
632,692,94,0,11
632,693,94,0,11
632,694,94,0,11
632,695,94,0,11
632,696,94,0,11
632,697,94,0,11
632,698,94,0,11
632,699,94,0,11
632,700,94,0,11
632,701,94,0,11
632,702,94,0,11
632,703,94,0,11
632,704,94,0,11
632,705,94,0,11
632,706,94,0,11
632,707,94,0,11
632,708,94,0,11
632,709,94,0,11
632,710,94,0,11
632,711,94,0,11
632,712,94,0,11
632,713,94,0,11
632,714,94,0,11
632,715,94,0,11
632,716,94,0,11
632,717,94,0,11
632,718,94,0,11
632,719,94,0,11
632,720,94,0,11
632,721,94,0,11
632,722,94,0,11
632,723,94,0,11
632,724,94,0,11
636,625,112,0,15
636,626,112,0,15
636,627,112,0,15
636,628,112,0,15
636,629,112,0,15
636,630,112,0,15
636,631,112,0,15
636,632,112,0,15
636,633,112,0,15
636,634,112,0,15
636,635,112,0,15
636,637,112,0,15
636,638,112,0,15
636,639,112,0,15
636,640,112,0,15
636,641,112,0,15
636,642,112,0,15
636,643,112,0,15
636,644,112,0,15
636,645,112,0,15
636,646,112,0,15
636,647,112,0,15
636,648,112,0,15
636,649,112,0,15
636,650,112,0,15
636,651,112,0,15
636,652,112,0,15
636,653,112,0,15
636,654,112,0,15
636,655,112,0,15
636,656,112,0,15
636,657,112,0,15
636,658,112,0,15
636,659,112,0,15
636,660,112,0,15
636,661,112,0,15
636,662,112,0,15
636,663,112,0,15
636,664,112,0,15
636,665,112,0,15
636,666,112,0,15
636,667,112,0,15
636,668,112,0,15
636,669,112,0,15
636,670,112,0,15
636,671,112,0,15
636,672,112,0,15
636,673,112,0,15
636,674,112,0,15
636,675,112,0,15
636,676,112,0,15
636,677,112,0,15
636,678,112,0,15
636,679,112,0,15
636,680,112,0,15
636,681,112,0,15
636,682,112,0,15
636,683,112,0,15
636,684,112,0,15
636,685,112,0,15
636,686,112,0,15
636,687,112,0,15
636,688,112,0,15
636,689,112,0,15
636,690,112,0,15
636,691,112,0,15
636,692,112,0,15
636,693,112,0,15
636,694,112,0,15
636,695,112,0,15
636,696,112,0,15
636,697,112,0,15
636,698,112,0,15
636,699,112,0,15
636,700,112,0,15
636,701,112,0,15
636,702,112,0,15
636,703,112,0,15
636,704,112,0,15
636,705,112,0,15
636,706,112,0,15
636,707,112,0,15
636,708,112,0,15
636,709,112,0,15
636,710,112,0,15
636,711,112,0,15
636,712,112,0,15
636,713,112,0,15
636,714,112,0,15
636,715,112,0,15
636,716,112,0,15
636,717,112,0,15
636,718,112,0,15
636,719,112,0,15
636,720,112,0,15
636,721,112,0,15
636,722,112,0,15
636,723,112,0,15
636,724,112,0,15
638,625,533,0,17
638,626,533,0,17
638,627,533,0,17
638,628,533,0,17
638,629,533,0,17
638,630,533,0,17
638,631,533,0,17
638,632,533,0,17
638,633,533,0,17
638,634,533,0,17
638,635,533,0,17
638,636,533,0,17
638,637,533,0,17
638,639,533,0,17
638,640,533,0,17
638,641,533,0,17
638,642,533,0,17
638,643,533,0,17
638,644,533,0,17
638,645,533,0,17
638,646,533,0,17
638,647,533,0,17
638,648,533,0,17
638,649,533,0,17
638,650,533,0,17
638,651,533,0,17
638,652,533,0,17
638,653,533,0,17
638,654,533,0,17
638,655,533,0,17
638,656,533,0,17
638,657,533,0,17
638,658,533,0,17
638,659,533,0,17
638,660,533,0,17
638,661,533,0,17
638,662,533,0,17
638,663,533,0,17
638,664,533,0,17
638,665,533,0,17
638,666,533,0,17
638,667,533,0,17
638,668,533,0,17
638,669,533,0,17
638,670,533,0,17
638,671,533,0,17
638,672,533,0,17
638,673,533,0,17
638,674,533,0,17
638,675,533,0,17
638,676,533,0,17
638,677,533,0,17
638,678,533,0,17
638,679,533,0,17
638,680,533,0,17
638,681,533,0,17
638,682,533,0,17
638,683,533,0,17
638,684,533,0,17
638,685,533,0,17
638,686,533,0,17
638,687,533,0,17
638,688,533,0,17
638,689,533,0,17
638,690,533,0,17
638,691,533,0,17
638,692,533,0,17
638,693,533,0,17
638,694,533,0,17
638,695,533,0,17
638,696,533,0,17
638,697,533,0,17
638,698,533,0,17
638,699,533,0,17
638,700,533,0,17
638,701,533,0,17
638,702,533,0,17
638,703,533,0,17
638,704,533,0,17
638,705,533,0,17
638,706,533,0,17
638,707,533,0,17
638,708,533,0,17
638,709,533,0,17
638,710,533,0,17
638,711,533,0,17
638,712,533,0,17
638,713,533,0,17
638,714,533,0,17
638,715,533,0,17
638,716,533,0,17
638,717,533,0,17
638,718,533,0,17
638,719,533,0,17
638,720,533,0,17
638,721,533,0,17
638,722,533,0,17
638,723,533,0,17
638,724,533,0,17
669,625,89,0,48
669,626,89,0,48
669,627,89,0,48
669,628,89,0,48
669,629,89,0,48
669,630,89,0,48
669,631,89,0,48
669,632,89,0,48
669,633,89,0,48
669,634,89,0,48
669,635,89,0,48
669,636,89,0,48
669,637,89,0,48
669,638,89,0,48
669,639,89,0,48
669,640,89,0,48
669,641,89,0,48
669,642,89,0,48
669,643,89,0,48
669,644,89,0,48
669,645,89,0,48
669,646,89,0,48
669,647,89,0,48
669,648,89,0,48
669,649,89,0,48
669,650,89,0,48
669,651,89,0,48
669,652,89,0,48
669,653,89,0,48
669,654,89,0,48
669,655,89,0,48
669,656,89,0,48
669,657,89,0,48
669,658,89,0,48
669,659,89,0,48
669,660,89,0,48
669,661,89,0,48
669,662,89,0,48
669,663,89,0,48
669,664,89,0,48
669,665,89,0,48
669,666,89,0,48
669,667,89,0,48
669,668,89,0,48
669,670,89,0,48
669,671,89,0,48
669,672,89,0,48
669,673,89,0,48
669,674,89,0,48
669,675,89,0,48
669,676,89,0,48
669,677,89,0,48
669,678,89,0,48
669,679,89,0,48
669,680,89,0,48
669,681,89,0,48
669,682,89,0,48
669,683,89,0,48
669,684,89,0,48
669,685,89,0,48
669,686,89,0,48
669,687,89,0,48
669,688,89,0,48
669,689,89,0,48
669,690,89,0,48
669,691,89,0,48
669,692,89,0,48
669,693,89,0,48
669,694,89,0,48
669,695,89,0,48
669,696,89,0,48
669,697,89,0,48
669,698,89,0,48
669,699,89,0,48
669,700,89,0,48
669,701,89,0,48
669,702,89,0,48
669,703,89,0,48
669,704,89,0,48
669,705,89,0,48
669,706,89,0,48
669,707,89,0,48
669,708,89,0,48
669,709,89,0,48
669,710,89,0,48
669,711,89,0,48
669,712,89,0,48
669,713,89,0,48
669,714,89,0,48
669,715,89,0,48
669,716,89,0,48
669,717,89,0,48
669,718,89,0,48
669,719,89,0,48
669,720,89,0,48
669,721,89,0,48
669,722,89,0,48
669,723,89,0,48
669,724,89,0,48
670,625,566,0,49
670,626,566,0,49
670,627,566,0,49
670,628,566,0,49
670,629,566,0,49
670,630,566,0,49
670,631,566,0,49
670,632,566,0,49
670,633,566,0,49
670,634,566,0,49
670,635,566,0,49
670,636,566,0,49
670,637,566,0,49
670,638,566,0,49
670,639,566,0,49
670,640,566,0,49
670,641,566,0,49
670,642,566,0,49
670,643,566,0,49
670,644,566,0,49
670,645,566,0,49
670,646,566,0,49
670,647,566,0,49
670,648,566,0,49
670,649,566,0,49
670,650,566,0,49
670,651,566,0,49
670,652,566,0,49
670,653,566,0,49
670,654,566,0,49
670,655,566,0,49
670,656,566,0,49
670,657,566,0,49
670,658,566,0,49
670,659,566,0,49
670,660,566,0,49
670,661,566,0,49
670,662,566,0,49
670,663,566,0,49
670,664,566,0,49
670,665,566,0,49
670,666,566,0,49
670,667,566,0,49
670,668,566,0,49
670,669,566,0,49
670,671,566,0,49
670,672,566,0,49
670,673,566,0,49
670,674,566,0,49
670,675,566,0,49
670,676,566,0,49
670,677,566,0,49
670,678,566,0,49
670,679,566,0,49
670,680,566,0,49
670,681,566,0,49
670,682,566,0,49
670,683,566,0,49
670,684,566,0,49
670,685,566,0,49
670,686,566,0,49
670,687,566,0,49
670,688,566,0,49
670,689,566,0,49
670,690,566,0,49
670,691,566,0,49
670,692,566,0,49
670,693,566,0,49
670,694,566,0,49
670,695,566,0,49
670,696,566,0,49
670,697,566,0,49
670,698,566,0,49
670,699,566,0,49
670,700,566,0,49
670,701,566,0,49
670,702,566,0,49
670,703,566,0,49
670,704,566,0,49
670,705,566,0,49
670,706,566,0,49
670,707,566,0,49
670,708,566,0,49
670,709,566,0,49
670,710,566,0,49
670,711,566,0,49
670,712,566,0,49
670,713,566,0,49
670,714,566,0,49
670,715,566,0,49
670,716,566,0,49
670,717,566,0,49
670,718,566,0,49
670,719,566,0,49
670,720,566,0,49
670,721,566,0,49
670,722,566,0,49
670,723,566,0,49
670,724,566,0,49
712,625,110,0,91
712,626,110,0,91
712,627,110,0,91
712,628,110,0,91
712,629,110,0,91
712,630,110,0,91
712,631,110,0,91
712,632,110,0,91
712,633,110,0,91
712,634,110,0,91
712,635,110,0,91
712,636,110,0,91
712,637,110,0,91
712,638,110,0,91
712,639,110,0,91
712,640,110,0,91
712,641,110,0,91
712,642,110,0,91
712,643,110,0,91
712,644,110,0,91
712,645,110,0,91
712,646,110,0,91
712,647,110,0,91
712,648,110,0,91
712,649,110,0,91
712,650,110,0,91
712,651,110,0,91
712,652,110,0,91
712,653,110,0,91
712,654,110,0,91
712,655,110,0,91
712,656,110,0,91
712,657,110,0,91
712,658,110,0,91
712,659,110,0,91
712,660,110,0,91
712,661,110,0,91
712,662,110,0,91
712,663,110,0,91
712,664,110,0,91
712,665,110,0,91
712,666,110,0,91
712,667,110,0,91
712,668,110,0,91
712,669,110,0,91
712,670,110,0,91
712,671,110,0,91
712,672,110,0,91
712,673,110,0,91
712,674,110,0,91
712,675,110,0,91
712,676,110,0,91
712,677,110,0,91
712,678,110,0,91
712,679,110,0,91
712,680,110,0,91
712,681,110,0,91
712,682,110,0,91
712,683,110,0,91
712,684,110,0,91
712,685,110,0,91
712,686,110,0,91
712,687,110,0,91
712,688,110,0,91
712,689,110,0,91
712,690,110,0,91
712,691,110,0,91
712,692,110,0,91
712,693,110,0,91
712,694,110,0,91
712,695,110,0,91
712,696,110,0,91
712,697,110,0,91
712,698,110,0,91
712,699,110,0,91
712,700,110,0,91
712,701,110,0,91
712,702,110,0,91
712,703,110,0,91
712,704,110,0,91
712,705,110,0,91
712,706,110,0,91
712,707,110,0,91
712,708,110,0,91
712,709,110,0,91
712,710,110,0,91
712,711,110,0,91
712,713,110,0,91
712,714,110,0,91
712,715,110,0,91
712,716,110,0,91
712,717,110,0,91
712,718,110,0,91
712,719,110,0,91
712,720,110,0,91
712,721,110,0,91
712,722,110,0,91
712,723,110,0,91
712,724,110,0,91
714,625,143,0,93
714,626,143,0,93
714,627,143,0,93
714,628,143,0,93
714,629,143,0,93
714,630,143,0,93
714,631,143,0,93
714,632,143,0,93
714,633,143,0,93
714,634,143,0,93
714,635,143,0,93
714,636,143,0,93
714,637,143,0,93
714,638,143,0,93
714,639,143,0,93
714,640,143,0,93
714,641,143,0,93
714,642,143,0,93
714,643,143,0,93
714,644,143,0,93
714,645,143,0,93
714,646,143,0,93
714,647,143,0,93
714,648,143,0,93
714,649,143,0,93
714,650,143,0,93
714,651,143,0,93
714,652,143,0,93
714,653,143,0,93
714,654,143,0,93
714,655,143,0,93
714,656,143,0,93
714,657,143,0,93
714,658,143,0,93
714,659,143,0,93
714,660,143,0,93
714,661,143,0,93
714,662,143,0,93
714,663,143,0,93
714,664,143,0,93
714,665,143,0,93
714,666,143,0,93
714,667,143,0,93
714,668,143,0,93
714,669,143,0,93
714,670,143,0,93
714,671,143,0,93
714,672,143,0,93
714,673,143,0,93
714,674,143,0,93
714,675,143,0,93
714,676,143,0,93
714,677,143,0,93
714,678,143,0,93
714,679,143,0,93
714,680,143,0,93
714,681,143,0,93
714,682,143,0,93
714,683,143,0,93
714,684,143,0,93
714,685,143,0,93
714,686,143,0,93
714,687,143,0,93
714,688,143,0,93
714,689,143,0,93
714,690,143,0,93
714,691,143,0,93
714,692,143,0,93
714,693,143,0,93
714,694,143,0,93
714,695,143,0,93
714,696,143,0,93
714,697,143,0,93
714,698,143,0,93
714,699,143,0,93
714,700,143,0,93
714,701,143,0,93
714,702,143,0,93
714,703,143,0,93
714,704,143,0,93
714,705,143,0,93
714,706,143,0,93
714,707,143,0,93
714,708,143,0,93
714,709,143,0,93
714,710,143,0,93
714,711,143,0,93
714,712,143,0,93
714,713,143,0,93
714,715,143,0,93
714,716,143,0,93
714,717,143,0,93
714,718,143,0,93
714,719,143,0,93
714,720,143,0,93
714,721,143,0,93
714,722,143,0,93
714,723,143,0,93
714,724,143,0,93
715,625,330,0,94
715,626,330,0,94
715,627,330,0,94
715,628,330,0,94
715,629,330,0,94
715,630,330,0,94
715,631,330,0,94
715,632,330,0,94
715,633,330,0,94
715,634,330,0,94
715,635,330,0,94
715,636,330,0,94
715,637,330,0,94
715,638,330,0,94
715,639,330,0,94
715,640,330,0,94
715,641,330,0,94
715,642,330,0,94
715,643,330,0,94
715,644,330,0,94
715,645,330,0,94
715,646,330,0,94
715,647,330,0,94
715,648,330,0,94
715,649,330,0,94
715,650,330,0,94
715,651,330,0,94
715,652,330,0,94
715,653,330,0,94
715,654,330,0,94
715,655,330,0,94
715,656,330,0,94
715,657,330,0,94
715,658,330,0,94
715,659,330,0,94
715,660,330,0,94
715,661,330,0,94
715,662,330,0,94
715,663,330,0,94
715,664,330,0,94
715,665,330,0,94
715,666,330,0,94
715,667,330,0,94
715,668,330,0,94
715,669,330,0,94
715,670,330,0,94
715,671,330,0,94
715,672,330,0,94
715,673,330,0,94
715,674,330,0,94
715,675,330,0,94
715,676,330,0,94
715,677,330,0,94
715,678,330,0,94
715,679,330,0,94
715,680,330,0,94
715,681,330,0,94
715,682,330,0,94
715,683,330,0,94
715,684,330,0,94
715,685,330,0,94
715,686,330,0,94
715,687,330,0,94
715,688,330,0,94
715,689,330,0,94
715,690,330,0,94
715,691,330,0,94
715,692,330,0,94
715,693,330,0,94
715,694,330,0,94
715,695,330,0,94
715,696,330,0,94
715,697,330,0,94
715,698,330,0,94
715,699,330,0,94
715,700,330,0,94
715,701,330,0,94
715,702,330,0,94
715,703,330,0,94
715,704,330,0,94
715,705,330,0,94
715,706,330,0,94
715,707,330,0,94
715,708,330,0,94
715,709,330,0,94
715,710,330,0,94
715,711,330,0,94
715,712,330,0,94
715,713,330,0,94
715,714,330,0,94
715,716,330,0,94
715,717,330,0,94
715,718,330,0,94
715,719,330,0,94
715,720,330,0,94
715,721,330,0,94
715,722,330,0,94
715,723,330,0,94
715,724,330,0,94
