0,699,600,3,2
1,699,601,3,3
2,699,602,3,3
3,651,4,1,0
3,689,28,2,0
3,699,603,3,3
4,644,604,3,3
4,651,5,1,0
4,685,604,3,3
4,699,604,3,3
4,710,5,1,0
5,644,605,3,3
5,651,6,1,0
5,672,30,2,0
5,685,605,3,3
5,699,605,3,3
5,710,6,1,0
6,644,606,3,3
6,651,606,3,3
6,685,606,3,3
6,699,606,3,3
7,644,6,0,1
7,651,607,3,3
7,672,6,0,1
7,685,6,0,1
7,699,6,0,1
7,710,607,3,3
8,644,7,0,1
8,651,608,3,3
8,685,7,0,1
8,699,7,0,1
8,710,608,3,3
9,651,609,3,3
9,652,8,0,1
9,699,8,0,1
9,710,609,3,3
9,722,8,0,1
10,663,9,0,1
10,699,9,0,1
11,699,10,0,1
12,699,11,0,1
13,699,14,1,0
14,699,15,1,0
15,663,14,0,1
15,699,16,1,0
16,651,616,3,3
16,652,15,0,1
16,689,17,1,0
16,699,17,1,0
16,710,616,3,3
16,722,15,0,1
17,644,18,1,0
17,651,617,3,3
17,685,18,1,0
17,699,18,1,0
17,710,617,3,3
18,644,19,1,0
18,651,618,3,3
18,672,19,1,0
18,685,19,1,0
18,699,19,1,0
18,710,618,3,3
19,644,619,3,3
19,651,619,3,3
19,685,619,3,3
19,699,619,3,3
20,644,620,3,3
20,651,19,0,1
20,685,620,3,3
20,699,620,3,3
20,710,19,0,1
21,651,20,0,1
21,652,22,1,0
21,689,46,2,0
21,699,621,3,3
21,710,20,0,1
21,722,22,1,0
22,663,23,1,0
22,699,622,3,3
23,699,623,3,3
24,699,624,3,3
25,699,0,0,1
26,699,1,0,2
27,699,2,0,2
28,651,29,2,1
28,689,53,3,0
28,699,3,0,2
29,644,4,0,2
29,651,30,2,1
29,685,4,0,2
29,699,4,0,2
29,710,30,2,1
30,644,5,0,2
30,651,31,2,1
30,672,55,3,0
30,685,5,0,2
30,699,5,0,2
30,710,31,2,1
31,644,6,0,2
31,651,6,0,2
31,685,6,0,2
31,699,6,0,2
32,644,31,1,2
32,651,7,0,2
32,672,31,1,2
32,685,31,1,2
32,699,31,1,2
32,710,7,0,2
33,644,32,1,2
33,651,8,0,2
33,685,32,1,2
33,699,32,1,2
33,710,8,0,2
34,651,9,0,2
34,652,33,1,2
34,699,33,1,2
34,710,9,0,2
34,722,33,1,2
35,663,34,1,2
35,699,34,1,2
36,699,35,1,2
37,699,36,1,2
38,699,39,2,1
39,699,40,2,1
40,663,39,1,2
40,699,41,2,1
41,651,16,0,2
41,652,40,1,2
41,689,42,2,1
41,699,42,2,1
41,710,16,0,2
41,722,40,1,2
42,644,43,2,1
42,651,17,0,2
42,685,43,2,1
42,699,43,2,1
42,710,17,0,2
43,644,44,2,1
43,651,18,0,2
43,672,44,2,1
43,685,44,2,1
43,699,44,2,1
43,710,18,0,2
44,644,19,0,2
44,651,19,0,2
44,685,19,0,2
44,699,19,0,2
45,644,20,0,2
45,651,44,1,2
45,685,20,0,2
45,699,20,0,2
45,710,44,1,2
46,651,45,1,2
46,652,47,2,1
46,689,71,3,0
46,699,21,0,2
46,710,45,1,2
46,722,47,2,1
47,663,48,2,1
47,699,22,0,2
48,699,23,0,2
49,699,24,0,2
50,699,25,0,2
51,699,26,0,3
52,699,27,0,3
53,651,54,2,1
53,689,78,3,0
53,699,28,0,3
54,644,29,0,3
54,651,55,2,1
54,685,79,3,0
54,699,29,0,3
54,710,55,2,1
55,644,30,0,3
55,651,56,2,1
55,672,80,3,0
55,685,80,3,0
55,699,30,0,3
55,710,56,2,1
56,644,31,0,3
56,651,31,0,3
56,699,31,0,3
57,644,56,1,2
57,651,32,0,3
57,672,56,1,2
57,685,56,1,2
57,699,56,1,2
57,710,32,0,3
58,644,57,1,2
58,651,33,0,3
58,685,57,1,2
58,699,57,1,2
58,710,33,0,3
59,651,34,0,3
59,652,58,1,2
59,699,58,1,2
59,710,34,0,3
59,722,58,1,2
60,663,59,1,2
60,699,59,1,2
61,699,60,1,2
62,699,61,1,2
63,699,64,2,1
64,699,65,2,1
65,663,64,1,2
65,699,66,2,1
66,651,41,0,3
66,652,65,1,2
66,689,67,2,1
66,699,67,2,1
66,710,41,0,3
66,722,65,1,2
67,644,68,2,1
67,651,42,0,3
67,685,68,2,1
67,699,68,2,1
67,710,42,0,3
68,644,69,2,1
68,651,43,0,3
68,672,69,2,1
68,685,69,2,1
68,699,69,2,1
68,710,43,0,3
69,644,44,0,3
69,651,44,0,3
69,699,44,0,3
70,644,45,0,3
70,651,69,1,2
70,685,95,3,0
70,699,45,0,3
70,710,69,1,2
71,651,70,1,2
71,652,72,2,1
71,689,96,3,0
71,699,46,0,3
71,710,70,1,2
71,722,72,2,1
72,663,73,2,1
72,699,47,0,3
73,699,48,0,3
74,699,49,0,3
75,699,50,0,2
76,699,51,0,3
77,699,52,0,3
78,651,79,2,1
78,689,103,3,0
78,699,53,0,3
79,644,104,3,0
79,651,80,2,1
79,685,104,3,0
79,699,54,0,3
79,710,80,2,1
80,644,105,3,0
80,651,81,2,1
80,672,105,3,0
80,685,105,3,0
80,699,55,0,3
80,710,81,2,1
81,651,56,0,3
81,663,56,0,3
81,699,56,0,3
81,710,106,3,0
81,722,106,3,0
82,644,81,1,2
82,651,57,0,3
82,663,57,0,3
82,672,81,1,2
82,685,81,1,2
82,699,81,1,2
82,710,107,3,0
82,722,107,3,0
83,644,82,1,2
83,651,58,0,3
83,663,58,0,3
83,685,82,1,2
83,699,82,1,2
83,710,108,3,0
83,722,108,3,0
84,651,59,0,3
84,652,83,1,2
84,663,59,0,3
84,699,83,1,2
84,710,109,3,0
84,722,83,1,2
85,663,84,1,2
85,699,84,1,2
86,699,85,1,2
87,699,86,1,2
88,699,89,2,1
89,699,90,2,1
90,663,89,1,2
90,699,91,2,1
91,651,66,0,3
91,652,90,1,2
91,663,66,0,3
91,689,92,2,1
91,699,92,2,1
91,710,116,3,0
92,644,93,2,1
92,651,67,0,3
92,663,67,0,3
92,685,93,2,1
92,699,93,2,1
92,710,117,3,0
92,722,117,3,0
93,644,94,2,1
93,651,68,0,3
93,663,68,0,3
93,672,94,2,1
93,685,94,2,1
93,699,94,2,1
93,710,118,3,0
93,722,118,3,0
94,651,69,0,3
94,663,69,0,3
94,699,69,0,3
94,710,119,3,0
94,722,119,3,0
95,644,120,3,0
95,651,94,1,2
95,685,120,3,0
95,699,70,0,3
95,710,94,1,2
96,651,95,1,2
96,652,97,2,1
96,689,121,3,0
96,699,71,0,3
96,710,95,1,2
96,722,97,2,1
97,663,98,2,1
97,699,72,0,3
98,699,73,0,3
99,699,74,0,3
100,699,125,2,0
101,699,126,3,0
102,699,127,3,0
103,651,104,2,1
103,689,128,3,0
103,699,128,3,0
104,644,129,3,0
104,651,105,2,1
104,685,129,3,0
104,699,129,3,0
104,710,105,2,1
105,644,130,3,0
105,651,106,2,1
105,672,130,3,0
105,685,130,3,0
105,699,130,3,0
105,710,106,2,1
106,651,81,0,3
106,699,131,3,0
106,710,131,3,0
106,722,107,2,1
107,644,106,1,2
107,651,82,0,3
107,672,106,1,2
107,685,106,1,2
107,699,106,1,2
107,710,132,3,0
107,722,108,2,1
108,644,107,1,2
108,651,83,0,3
108,685,107,1,2
108,699,107,1,2
108,710,133,3,0
108,722,722,101,0
109,651,84,0,3
109,652,108,1,2
109,699,108,1,2
109,710,134,3,0
109,722,108,1,2
110,663,109,1,2
110,699,109,1,2
111,699,110,1,2
112,699,111,1,2
113,699,114,2,1
114,699,115,2,1
115,663,114,1,2
115,699,116,2,1
116,651,91,0,3
116,652,115,1,2
116,689,117,2,1
116,699,117,2,1
116,710,141,3,0
116,722,115,1,2
117,644,118,2,1
117,651,92,0,3
117,685,118,2,1
117,699,118,2,1
117,710,142,3,0
117,722,116,1,2
118,644,119,2,1
118,651,93,0,3
118,672,119,2,1
118,685,119,2,1
118,699,119,2,1
118,710,143,3,0
118,722,117,1,2
119,651,94,0,3
119,699,144,3,0
119,710,144,3,0
119,722,118,1,2
120,644,145,3,0
120,651,119,1,2
120,685,145,3,0
120,699,145,3,0
120,710,119,1,2
121,651,120,1,2
121,652,122,2,1
121,689,146,3,0
121,699,146,3,0
121,710,120,1,2
121,722,122,2,1
122,663,123,2,1
122,699,147,3,0
123,699,148,3,0
124,699,149,3,0
125,699,150,2,0
126,699,151,3,0
127,699,152,3,0
128,651,129,2,1
128,689,153,3,0
128,699,153,3,0
129,644,154,3,0
129,651,130,2,1
129,685,154,3,0
129,689,154,3,0
129,699,154,3,0
129,710,130,2,1
130,644,155,3,0
130,651,131,2,1
130,672,155,3,0
130,685,155,3,0
130,689,155,3,0
130,699,155,3,0
130,710,131,2,1
131,651,106,0,3
131,689,156,3,0
131,699,156,3,0
131,710,156,3,0
132,644,131,1,2
132,651,107,0,3
132,672,131,1,2
132,685,131,1,2
132,699,131,1,2
132,710,157,3,0
133,644,132,1,2
133,651,108,0,3
133,685,132,1,2
133,699,132,1,2
133,710,158,3,0
134,651,109,0,3
134,652,133,1,2
134,699,133,1,2
134,710,159,3,0
134,722,133,1,2
135,663,134,1,2
135,699,134,1,2
136,699,135,1,2
137,699,136,1,2
138,699,139,2,1
139,699,140,2,1
140,663,139,1,2
140,699,141,2,1
141,651,116,0,3
141,652,140,1,2
141,689,142,2,1
141,699,142,2,1
141,710,166,3,0
141,722,140,1,2
142,644,143,2,1
142,651,117,0,3
142,685,143,2,1
142,699,143,2,1
142,710,167,3,0
143,644,144,2,1
143,651,118,0,3
143,672,144,2,1
143,685,144,2,1
143,699,144,2,1
143,710,168,3,0
144,651,119,0,3
144,689,169,3,0
144,699,169,3,0
144,710,169,3,0
145,644,170,3,0
145,651,144,1,2
145,685,170,3,0
145,689,170,3,0
145,699,170,3,0
145,710,144,1,2
146,651,145,1,2
146,652,147,2,1
146,689,171,3,0
146,699,171,3,0
146,710,145,1,2
146,722,147,2,1
147,663,148,2,1
147,699,172,3,0
148,699,173,3,0
149,699,174,3,0
150,699,175,2,0
151,699,176,3,0
152,699,177,3,0
153,651,154,2,1
153,689,689,68,0
153,699,178,3,0
154,644,179,3,0
154,651,155,2,1
154,685,179,3,0
154,689,153,1,2
154,699,179,3,0
154,710,155,2,1
155,644,180,3,0
155,651,156,2,1
155,672,180,3,0
155,685,180,3,0
155,689,154,1,2
155,699,180,3,0
155,710,156,2,1
156,651,131,0,3
156,652,181,3,0
156,672,181,3,0
156,689,155,1,2
156,699,181,3,0
156,710,181,3,0
156,716,157,2,1
157,644,156,1,2
157,651,132,0,3
157,652,182,3,0
157,672,156,1,2
157,685,156,1,2
157,699,156,1,2
157,710,182,3,0
157,716,716,95,0
158,644,157,1,2
158,651,133,0,3
158,652,183,3,0
158,685,157,1,2
158,699,157,1,2
158,710,183,3,0
159,651,134,0,3
159,652,158,1,2
159,699,158,1,2
159,710,184,3,0
159,722,158,1,2
160,663,159,1,2
160,699,159,1,2
161,699,160,1,2
162,699,161,1,2
163,699,164,2,1
164,699,165,2,1
165,663,164,1,2
165,699,166,2,1
166,651,141,0,3
166,689,167,2,1
166,699,167,2,1
166,710,191,3,0
166,722,165,1,2
167,644,168,2,1
167,651,142,0,3
167,652,192,3,0
167,685,168,2,1
167,699,168,2,1
167,710,192,3,0
168,644,169,2,1
168,651,143,0,3
168,652,193,3,0
168,672,169,2,1
168,685,169,2,1
168,699,169,2,1
168,710,193,3,0
168,716,167,1,2
169,651,144,0,3
169,652,194,3,0
169,672,194,3,0
169,689,170,2,1
169,699,194,3,0
169,710,194,3,0
169,716,168,1,2
170,644,195,3,0
170,651,169,1,2
170,685,195,3,0
170,689,171,2,1
170,699,195,3,0
170,710,169,1,2
171,651,170,1,2
171,652,172,2,1
171,699,196,3,0
171,710,170,1,2
171,722,172,2,1
172,663,173,2,1
172,699,197,3,0
173,699,198,3,0
174,699,199,3,0
175,699,200,2,0
176,699,201,3,0
177,699,202,3,0
178,651,179,2,1
178,689,153,0,3
178,699,203,3,0
179,644,204,3,0
179,651,180,2,1
179,685,204,3,0
179,699,204,3,0
179,710,180,2,1
180,644,205,3,0
180,651,181,2,1
180,672,205,3,0
180,685,205,3,0
180,699,205,3,0
180,710,181,2,1
181,652,182,2,1
181,672,206,3,0
181,699,206,3,0
181,710,206,3,0
181,716,156,0,3
182,644,181,1,2
182,651,157,0,3
182,652,183,2,1
182,672,181,1,2
182,685,181,1,2
182,699,181,1,2
182,710,207,3,0
182,716,157,0,3
183,644,182,1,2
183,651,158,0,3
183,652,652,31,0
183,685,182,1,2
183,699,182,1,2
183,710,208,3,0
184,651,159,0,3
184,652,183,1,2
184,699,183,1,2
184,710,209,3,0
184,722,183,1,2
185,663,184,1,2
185,699,184,1,2
186,699,185,1,2
187,699,186,1,2
188,699,189,2,1
189,699,190,2,1
190,663,189,1,2
190,699,191,2,1
191,651,166,0,3
191,652,190,1,2
191,689,192,2,1
191,699,192,2,1
191,710,216,3,0
191,722,190,1,2
192,644,193,2,1
192,651,167,0,3
192,652,191,1,2
192,685,193,2,1
192,699,193,2,1
192,710,217,3,0
193,644,194,2,1
193,651,168,0,3
193,652,192,1,2
193,672,194,2,1
193,685,194,2,1
193,699,194,2,1
193,710,218,3,0
193,716,168,0,3
194,652,193,1,2
194,672,219,3,0
194,699,219,3,0
194,710,219,3,0
194,716,169,0,3
195,644,220,3,0
195,651,194,1,2
195,685,220,3,0
195,699,220,3,0
195,710,194,1,2
196,651,195,1,2
196,652,197,2,1
196,689,171,0,3
196,699,221,3,0
196,710,195,1,2
196,722,197,2,1
197,663,198,2,1
197,699,222,3,0
198,699,223,3,0
199,699,224,3,0
200,699,225,2,0
201,699,226,3,0
202,699,227,3,0
203,651,204,2,1
203,689,178,0,3
203,699,228,3,0
204,644,229,3,0
204,651,205,2,1
204,685,229,3,0
204,699,229,3,0
204,710,205,2,1
205,644,230,3,0
205,651,206,2,1
205,672,230,3,0
205,685,230,3,0
205,699,230,3,0
205,710,206,2,1
206,672,231,3,0
206,685,231,3,0
206,699,231,3,0
206,710,231,3,0
207,644,206,1,2
207,651,182,0,3
207,672,206,1,2
207,685,206,1,2
207,699,206,1,2
207,710,232,3,0
208,644,207,1,2
208,651,183,0,3
208,685,207,1,2
208,699,207,1,2
208,710,233,3,0
209,651,184,0,3
209,652,208,1,2
209,699,208,1,2
209,710,234,3,0
209,722,208,1,2
210,663,209,1,2
210,699,209,1,2
211,699,210,1,2
212,699,211,1,2
213,699,214,2,1
214,699,215,2,1
215,663,214,1,2
215,699,216,2,1
216,651,191,0,3
216,652,215,1,2
216,689,217,2,1
216,699,217,2,1
216,710,241,3,0
216,722,215,1,2
217,644,218,2,1
217,651,192,0,3
217,685,218,2,1
217,699,218,2,1
217,710,242,3,0
218,644,219,2,1
218,651,193,0,3
218,672,219,2,1
218,685,219,2,1
218,699,219,2,1
218,710,243,3,0
219,672,244,3,0
219,685,244,3,0
219,699,244,3,0
219,710,244,3,0
220,644,245,3,0
220,651,219,1,2
220,685,245,3,0
220,699,245,3,0
220,710,219,1,2
221,651,220,1,2
221,652,222,2,1
221,689,196,0,3
221,699,246,3,0
221,710,220,1,2
221,722,222,2,1
222,663,223,2,1
222,699,247,3,0
223,699,248,3,0
224,699,249,3,0
225,699,250,2,0
226,699,251,3,0
227,699,252,3,0
228,651,229,2,1
228,689,203,0,3
228,699,253,3,0
229,644,254,3,0
229,651,230,2,1
229,685,254,3,0
229,699,254,3,0
229,710,230,2,1
230,644,255,3,0
230,651,231,2,1
230,672,672,51,0
230,685,255,3,0
230,699,255,3,0
230,710,231,2,1
231,644,256,3,0
231,672,230,1,2
231,685,256,3,0
231,699,256,3,0
231,710,256,3,0
232,644,231,1,2
232,651,207,0,3
232,672,231,1,2
232,685,231,1,2
232,699,231,1,2
232,710,257,3,0
233,644,232,1,2
233,651,208,0,3
233,685,232,1,2
233,699,232,1,2
233,710,258,3,0
234,651,209,0,3
234,652,233,1,2
234,699,233,1,2
234,710,259,3,0
234,722,233,1,2
235,663,234,1,2
235,699,234,1,2
236,699,235,1,2
237,699,236,1,2
238,699,239,2,1
239,699,240,2,1
240,663,239,1,2
240,699,241,2,1
241,651,216,0,3
241,652,240,1,2
241,689,242,2,1
241,699,242,2,1
241,710,266,3,0
241,722,240,1,2
242,644,243,2,1
242,651,217,0,3
242,685,243,2,1
242,699,243,2,1
242,710,267,3,0
243,644,244,2,1
243,651,218,0,3
243,672,244,2,1
243,685,244,2,1
243,699,244,2,1
243,710,268,3,0
244,644,269,3,0
244,672,245,2,1
244,685,269,3,0
244,699,269,3,0
244,710,269,3,0
245,644,270,3,0
245,651,244,1,2
245,685,270,3,0
245,699,270,3,0
245,710,244,1,2
246,651,245,1,2
246,652,247,2,1
246,689,221,0,3
246,699,271,3,0
246,710,245,1,2
246,722,247,2,1
247,663,248,2,1
247,699,272,3,0
248,699,273,3,0
249,699,274,3,0
250,699,275,2,0
251,699,276,3,0
252,699,277,3,0
253,651,254,2,1
253,689,228,0,3
253,699,278,3,0
254,644,279,3,0
254,651,255,2,1
254,685,279,3,0
254,699,279,3,0
254,710,255,2,1
255,644,280,3,0
255,651,256,2,1
255,672,230,0,3
255,685,280,3,0
255,699,280,3,0
255,710,256,2,1
256,644,281,3,0
256,685,281,3,0
256,699,281,3,0
257,644,256,1,2
257,651,232,0,3
257,672,256,1,2
257,685,256,1,2
257,699,256,1,2
257,710,282,3,0
258,644,257,1,2
258,651,233,0,3
258,685,257,1,2
258,699,257,1,2
258,710,283,3,0
259,651,234,0,3
259,652,258,1,2
259,699,258,1,2
259,710,284,3,0
259,722,258,1,2
260,663,259,1,2
260,699,259,1,2
261,699,260,1,2
262,699,261,1,2
263,699,264,2,1
264,699,265,2,1
265,663,264,1,2
265,699,266,2,1
266,651,241,0,3
266,652,265,1,2
266,689,267,2,1
266,699,267,2,1
266,710,291,3,0
266,722,265,1,2
267,644,268,2,1
267,651,242,0,3
267,685,268,2,1
267,699,268,2,1
267,710,292,3,0
268,644,269,2,1
268,651,243,0,3
268,672,269,2,1
268,685,269,2,1
268,699,269,2,1
268,710,293,3,0
269,644,294,3,0
269,685,294,3,0
269,699,294,3,0
270,644,295,3,0
270,651,269,1,2
270,685,295,3,0
270,699,295,3,0
270,710,269,1,2
271,651,270,1,2
271,652,272,2,1
271,689,246,0,3
271,699,296,3,0
271,710,270,1,2
271,722,272,2,1
272,663,273,2,1
272,699,297,3,0
273,699,298,3,0
274,699,299,3,0
275,699,300,2,0
276,699,301,3,0
277,699,302,3,0
278,651,279,2,1
278,689,253,0,3
278,699,303,3,0
279,644,304,3,0
279,651,280,2,1
279,685,304,3,0
279,699,304,3,0
279,710,280,2,1
280,644,305,3,0
280,651,281,2,1
280,672,255,0,3
280,685,305,3,0
280,699,305,3,0
280,710,281,2,1
281,644,306,3,0
281,651,306,3,0
281,685,306,3,0
281,699,306,3,0
282,644,281,1,2
282,651,307,3,0
282,672,281,1,2
282,685,281,1,2
282,699,281,1,2
282,710,307,3,0
283,644,282,1,2
283,651,308,3,0
283,685,282,1,2
283,699,282,1,2
283,710,308,3,0
284,651,309,3,0
284,652,283,1,2
284,699,283,1,2
284,710,309,3,0
284,722,283,1,2
285,663,284,1,2
285,699,284,1,2
286,699,285,1,2
287,699,286,1,2
288,699,289,2,1
289,699,290,2,1
290,663,289,1,2
290,699,291,2,1
291,651,316,3,0
291,652,290,1,2
291,689,292,2,1
291,699,292,2,1
291,710,316,3,0
291,722,290,1,2
292,644,293,2,1
292,651,317,3,0
292,685,293,2,1
292,699,293,2,1
292,710,317,3,0
293,644,294,2,1
293,651,318,3,0
293,672,294,2,1
293,685,294,2,1
293,699,294,2,1
293,710,318,3,0
294,644,319,3,0
294,651,319,3,0
294,685,319,3,0
294,699,319,3,0
295,644,320,3,0
295,651,294,1,2
295,685,320,3,0
295,699,320,3,0
295,710,294,1,2
296,651,295,1,2
296,652,297,2,1
296,689,271,0,3
296,699,321,3,0
296,710,295,1,2
296,722,297,2,1
297,663,298,2,1
297,699,322,3,0
298,699,323,3,0
299,699,324,3,0
300,699,325,2,0
301,699,326,3,0
302,699,327,3,0
303,651,304,2,1
303,689,278,0,3
303,699,328,3,0
304,644,329,3,0
304,651,305,2,1
304,685,329,3,0
304,699,329,3,0
304,710,305,2,1
305,644,330,3,0
305,651,306,2,1
305,672,280,0,3
305,685,330,3,0
305,699,330,3,0
305,710,306,2,1
306,644,331,3,0
306,651,331,3,0
306,685,331,3,0
306,699,331,3,0
307,644,306,1,2
307,651,332,3,0
307,672,306,1,2
307,685,306,1,2
307,699,306,1,2
307,710,332,3,0
308,644,307,1,2
308,651,333,3,0
308,685,307,1,2
308,699,307,1,2
308,710,333,3,0
309,651,334,3,0
309,652,308,1,2
309,699,308,1,2
309,710,334,3,0
309,722,308,1,2
310,663,309,1,2
310,699,309,1,2
311,699,310,1,2
312,699,311,1,2
313,699,314,2,1
314,699,315,2,1
315,663,314,1,2
315,699,316,2,1
316,651,341,3,0
316,652,315,1,2
316,689,317,2,1
316,699,317,2,1
316,710,341,3,0
316,722,315,1,2
317,644,318,2,1
317,651,342,3,0
317,685,318,2,1
317,699,318,2,1
317,710,342,3,0
318,644,319,2,1
318,651,343,3,0
318,672,319,2,1
318,685,319,2,1
318,699,319,2,1
318,710,343,3,0
319,644,344,3,0
319,651,344,3,0
319,685,344,3,0
319,699,344,3,0
320,644,345,3,0
320,651,319,1,2
320,685,345,3,0
320,699,345,3,0
320,710,319,1,2
321,651,320,1,2
321,652,322,2,1
321,689,296,0,3
321,699,346,3,0
321,710,320,1,2
321,722,322,2,1
322,663,323,2,1
322,699,347,3,0
323,699,348,3,0
324,699,349,3,0
325,699,350,2,0
326,699,351,3,0
327,699,352,3,0
328,651,329,2,1
328,689,303,0,3
328,699,353,3,0
329,644,354,3,0
329,651,330,2,1
329,685,354,3,0
329,699,354,3,0
329,710,330,2,1
330,644,355,3,0
330,651,331,2,1
330,672,305,0,3
330,685,355,3,0
330,699,355,3,0
330,710,331,2,1
331,644,356,3,0
331,651,356,3,0
331,685,356,3,0
331,699,356,3,0
332,644,331,1,2
332,651,357,3,0
332,672,331,1,2
332,685,331,1,2
332,699,331,1,2
332,710,357,3,0
333,644,332,1,2
333,651,358,3,0
333,685,332,1,2
333,699,332,1,2
333,710,358,3,0
334,651,359,3,0
334,652,333,1,2
334,699,333,1,2
334,710,359,3,0
334,722,333,1,2
335,663,334,1,2
335,699,334,1,2
336,699,335,1,2
337,699,336,1,2
338,699,339,2,1
339,699,340,2,1
340,663,339,1,2
340,699,341,2,1
341,651,366,3,0
341,652,340,1,2
341,689,342,2,1
341,699,342,2,1
341,710,366,3,0
341,722,340,1,2
342,644,343,2,1
342,651,367,3,0
342,685,343,2,1
342,699,343,2,1
342,710,367,3,0
343,644,344,2,1
343,651,368,3,0
343,672,344,2,1
343,685,344,2,1
343,699,344,2,1
343,710,368,3,0
344,644,369,3,0
344,651,369,3,0
344,685,369,3,0
344,699,369,3,0
345,644,370,3,0
345,651,344,1,2
345,685,370,3,0
345,699,370,3,0
345,710,344,1,2
346,651,345,1,2
346,652,347,2,1
346,689,321,0,3
346,699,371,3,0
346,710,345,1,2
346,722,347,2,1
347,663,348,2,1
347,699,372,3,0
348,699,373,3,0
349,699,374,3,0
350,699,375,2,0
351,699,376,3,0
352,699,377,3,0
353,651,354,2,1
353,689,328,0,3
353,699,378,3,0
354,644,379,3,0
354,651,355,2,1
354,685,685,64,0
354,699,379,3,0
354,710,355,2,1
355,644,380,3,0
355,651,356,2,1
355,672,330,0,3
355,685,354,1,2
355,699,380,3,0
355,710,356,2,1
356,644,381,3,0
356,651,381,3,0
356,685,355,1,2
356,699,381,3,0
357,644,356,1,2
357,651,382,3,0
357,672,356,1,2
357,685,356,1,2
357,699,356,1,2
357,710,382,3,0
358,644,357,1,2
358,651,383,3,0
358,685,357,1,2
358,699,357,1,2
358,710,383,3,0
359,651,384,3,0
359,652,358,1,2
359,699,358,1,2
359,710,384,3,0
359,722,358,1,2
360,663,359,1,2
360,699,359,1,2
361,699,360,1,2
362,699,361,1,2
363,699,364,2,1
364,699,365,2,1
365,663,364,1,2
365,699,366,2,1
366,651,391,3,0
366,652,365,1,2
366,689,367,2,1
366,699,367,2,1
366,710,391,3,0
366,722,365,1,2
367,644,368,2,1
367,651,392,3,0
367,685,368,2,1
367,699,368,2,1
367,710,392,3,0
368,644,369,2,1
368,651,393,3,0
368,672,369,2,1
368,685,369,2,1
368,699,369,2,1
368,710,393,3,0
369,644,394,3,0
369,651,394,3,0
369,685,370,2,1
369,699,394,3,0
370,644,395,3,0
370,651,369,1,2
370,685,371,2,1
370,699,395,3,0
370,710,369,1,2
371,651,370,1,2
371,652,372,2,1
371,689,346,0,3
371,699,396,3,0
371,710,370,1,2
371,722,372,2,1
372,663,373,2,1
372,699,397,3,0
373,699,398,3,0
374,699,399,3,0
375,699,400,2,0
376,699,401,3,0
377,699,402,3,0
378,651,379,2,1
378,689,353,0,3
378,699,403,3,0
379,644,644,23,0
379,651,380,2,1
379,685,354,0,3
379,699,404,3,0
379,710,380,2,1
380,644,379,1,2
380,651,381,2,1
380,672,355,0,3
380,685,355,0,3
380,699,405,3,0
380,710,381,2,1
381,644,380,1,2
381,651,406,3,0
381,663,406,3,0
381,699,406,3,0
381,710,382,2,1
382,644,381,1,2
382,651,407,3,0
382,663,407,3,0
382,672,381,1,2
382,685,381,1,2
382,699,381,1,2
382,710,383,2,1
383,644,382,1,2
383,651,408,3,0
383,663,408,3,0
383,685,382,1,2
383,699,382,1,2
383,710,384,2,1
384,651,409,3,0
384,652,383,1,2
384,663,409,3,0
384,699,383,1,2
384,710,710,89,0
384,722,383,1,2
385,663,384,1,2
385,699,384,1,2
386,699,385,1,2
387,699,386,1,2
388,699,389,2,1
389,699,390,2,1
390,699,391,2,1
391,651,416,3,0
391,652,390,1,2
391,663,416,3,0
391,689,392,2,1
391,699,392,2,1
391,722,390,1,2
392,644,393,2,1
392,651,417,3,0
392,663,417,3,0
392,685,393,2,1
392,699,393,2,1
392,710,391,1,2
393,644,394,2,1
393,651,418,3,0
393,663,418,3,0
393,672,394,2,1
393,685,394,2,1
393,699,394,2,1
393,710,392,1,2
394,644,395,2,1
394,651,419,3,0
394,663,419,3,0
394,699,419,3,0
394,710,393,1,2
395,644,396,2,1
395,651,394,1,2
395,685,370,0,3
395,699,420,3,0
395,710,394,1,2
396,651,395,1,2
396,652,397,2,1
396,689,371,0,3
396,699,421,3,0
396,710,395,1,2
396,722,397,2,1
397,663,398,2,1
397,699,422,3,0
398,699,423,3,0
399,699,424,3,0
400,699,699,78,0
401,699,400,1,1
402,699,401,1,2
403,651,404,2,1
403,689,378,0,3
403,699,402,1,2
404,644,379,0,3
404,651,405,2,1
404,685,379,0,3
404,699,403,1,2
404,710,405,2,1
405,644,380,0,3
405,651,406,2,1
405,672,380,0,3
405,685,380,0,3
405,699,404,1,2
405,710,406,2,1
406,651,431,3,0
406,663,407,2,1
406,699,405,1,2
406,710,381,0,3
406,722,381,0,3
407,644,406,1,2
407,651,432,3,0
407,663,408,2,1
407,672,406,1,2
407,685,406,1,2
407,699,406,1,2
407,710,382,0,3
407,722,382,0,3
408,644,407,1,2
408,651,433,3,0
408,663,409,2,1
408,685,407,1,2
408,699,407,1,2
408,710,383,0,3
408,722,383,0,3
409,651,434,3,0
409,652,408,1,2
409,663,663,42,0
409,699,408,1,2
409,710,384,0,3
409,722,408,1,2
410,663,409,1,2
410,699,409,1,2
411,699,410,1,2
412,699,411,1,2
413,699,414,2,1
414,699,415,2,1
415,663,414,1,2
415,699,416,2,1
416,651,441,3,0
416,652,415,1,2
416,663,415,1,2
416,689,417,2,1
416,699,417,2,1
416,710,391,0,3
416,722,415,1,2
417,644,418,2,1
417,651,442,3,0
417,663,416,1,2
417,685,418,2,1
417,699,418,2,1
417,710,392,0,3
417,722,392,0,3
418,644,419,2,1
418,651,443,3,0
418,663,417,1,2
418,672,419,2,1
418,685,419,2,1
418,699,419,2,1
418,710,393,0,3
418,722,393,0,3
419,651,444,3,0
419,663,418,1,2
419,699,420,2,1
419,710,394,0,3
419,722,394,0,3
420,644,395,0,3
420,651,419,1,2
420,685,395,0,3
420,699,421,2,1
420,710,419,1,2
421,651,420,1,2
421,652,422,2,1
421,689,396,0,3
421,699,422,2,1
421,710,420,1,2
421,722,422,2,1
422,663,423,2,1
422,699,423,2,1
423,699,424,2,1
424,699,400,2,3
425,699,400,0,2
426,699,401,0,3
427,699,402,0,3
428,651,429,2,1
428,689,403,0,3
428,699,403,0,3
429,644,404,0,3
429,651,430,2,1
429,685,404,0,3
429,699,404,0,3
429,710,430,2,1
430,644,405,0,3
430,651,431,2,1
430,672,405,0,3
430,685,405,0,3
430,699,405,0,3
430,710,431,2,1
431,651,456,3,0
431,699,406,0,3
431,710,406,0,3
432,644,431,1,2
432,651,457,3,0
432,672,431,1,2
432,685,431,1,2
432,699,431,1,2
432,710,407,0,3
433,644,432,1,2
433,651,458,3,0
433,685,432,1,2
433,699,432,1,2
433,710,408,0,3
434,651,459,3,0
434,652,433,1,2
434,699,433,1,2
434,710,409,0,3
434,722,433,1,2
435,663,434,1,2
435,699,434,1,2
436,699,435,1,2
437,699,436,1,2
438,699,439,2,1
439,699,440,2,1
440,663,439,1,2
440,699,441,2,1
441,651,466,3,0
441,652,440,1,2
441,689,442,2,1
441,699,442,2,1
441,710,416,0,3
441,722,440,1,2
442,644,443,2,1
442,651,467,3,0
442,685,443,2,1
442,699,443,2,1
442,710,417,0,3
443,644,444,2,1
443,651,468,3,0
443,672,444,2,1
443,685,444,2,1
443,699,444,2,1
443,710,418,0,3
444,651,469,3,0
444,699,419,0,3
444,710,419,0,3
445,644,420,0,3
445,651,444,1,2
445,685,420,0,3
445,699,420,0,3
445,710,444,1,2
446,651,445,1,2
446,652,447,2,1
446,689,421,0,3
446,699,421,0,3
446,710,445,1,2
446,722,447,2,1
447,663,448,2,1
447,699,422,0,3
448,699,423,0,3
449,699,424,0,3
450,699,425,0,2
451,699,426,0,3
452,699,427,0,3
453,651,454,2,1
453,689,428,0,3
453,699,428,0,3
454,644,429,0,3
454,651,455,2,1
454,685,429,0,3
454,689,429,0,3
454,699,429,0,3
454,710,455,2,1
455,644,430,0,3
455,651,456,2,1
455,672,430,0,3
455,685,430,0,3
455,689,430,0,3
455,699,430,0,3
455,710,456,2,1
456,651,481,3,0
456,689,431,0,3
456,699,431,0,3
456,710,431,0,3
457,644,456,1,2
457,651,482,3,0
457,672,456,1,2
457,685,456,1,2
457,699,456,1,2
457,710,432,0,3
458,644,457,1,2
458,651,483,3,0
458,685,457,1,2
458,699,457,1,2
458,710,433,0,3
459,651,484,3,0
459,652,458,1,2
459,699,458,1,2
459,710,434,0,3
459,722,458,1,2
460,663,459,1,2
460,699,459,1,2
461,699,460,1,2
462,699,461,1,2
463,699,464,2,1
464,699,465,2,1
465,663,464,1,2
465,699,466,2,1
466,651,491,3,0
466,652,465,1,2
466,689,467,2,1
466,699,467,2,1
466,710,441,0,3
466,722,465,1,2
467,644,468,2,1
467,651,492,3,0
467,685,468,2,1
467,699,468,2,1
467,710,442,0,3
468,644,469,2,1
468,651,493,3,0
468,672,469,2,1
468,685,469,2,1
468,699,469,2,1
468,710,443,0,3
469,651,494,3,0
469,689,444,0,3
469,699,444,0,3
469,710,444,0,3
470,644,445,0,3
470,651,469,1,2
470,685,445,0,3
470,689,445,0,3
470,699,445,0,3
470,710,469,1,2
471,651,470,1,2
471,652,472,2,1
471,689,446,0,3
471,699,446,0,3
471,710,470,1,2
471,722,472,2,1
472,663,473,2,1
472,699,447,0,3
473,699,448,0,3
474,699,449,0,3
475,699,450,0,2
476,699,451,0,3
477,699,452,0,3
478,651,479,2,1
478,689,503,3,0
478,699,453,0,3
479,644,454,0,3
479,651,480,2,1
479,685,454,0,3
479,699,454,0,3
479,710,480,2,1
480,644,455,0,3
480,651,481,2,1
480,672,455,0,3
480,685,455,0,3
480,699,455,0,3
480,710,481,2,1
481,652,456,0,3
481,672,456,0,3
481,699,456,0,3
481,710,456,0,3
481,716,506,3,0
482,644,481,1,2
482,651,507,3,0
482,652,457,0,3
482,672,481,1,2
482,685,481,1,2
482,699,481,1,2
482,710,457,0,3
482,716,507,3,0
483,644,482,1,2
483,651,508,3,0
483,652,458,0,3
483,685,482,1,2
483,699,482,1,2
483,710,458,0,3
484,651,509,3,0
484,652,483,1,2
484,699,483,1,2
484,710,459,0,3
484,722,483,1,2
485,663,484,1,2
485,699,484,1,2
486,699,485,1,2
487,699,486,1,2
488,699,489,2,1
489,699,490,2,1
490,663,489,1,2
490,699,491,2,1
491,651,516,3,0
491,652,490,1,2
491,689,492,2,1
491,699,492,2,1
491,710,466,0,3
491,722,490,1,2
492,644,493,2,1
492,651,517,3,0
492,652,467,0,3
492,685,493,2,1
492,699,493,2,1
492,710,467,0,3
493,644,494,2,1
493,651,518,3,0
493,652,468,0,3
493,672,494,2,1
493,685,494,2,1
493,699,494,2,1
493,710,468,0,3
493,716,518,3,0
494,652,469,0,3
494,672,469,0,3
494,699,469,0,3
494,710,469,0,3
494,716,519,3,0
495,644,470,0,3
495,651,494,1,2
495,685,470,0,3
495,699,470,0,3
495,710,494,1,2
496,651,495,1,2
496,652,497,2,1
496,689,521,3,0
496,699,471,0,3
496,710,495,1,2
496,722,497,2,1
497,663,498,2,1
497,699,472,0,3
498,699,473,0,3
499,699,474,0,3
500,699,475,0,2
501,699,476,0,3
502,699,477,0,3
503,651,504,2,1
503,689,528,3,0
503,699,478,0,3
504,644,479,0,3
504,651,505,2,1
504,685,479,0,3
504,699,479,0,3
504,710,505,2,1
505,644,480,0,3
505,651,506,2,1
505,672,480,0,3
505,685,480,0,3
505,699,480,0,3
505,710,506,2,1
506,672,481,0,3
506,699,481,0,3
506,710,481,0,3
507,644,506,1,2
507,651,532,3,0
507,672,506,1,2
507,685,506,1,2
507,699,506,1,2
507,710,482,0,3
508,644,507,1,2
508,651,533,3,0
508,685,507,1,2
508,699,507,1,2
508,710,483,0,3
509,651,534,3,0
509,652,508,1,2
509,699,508,1,2
509,710,484,0,3
509,722,508,1,2
510,663,509,1,2
510,699,509,1,2
511,699,510,1,2
512,699,511,1,2
513,699,514,2,1
514,699,515,2,1
515,663,514,1,2
515,699,516,2,1
516,651,541,3,0
516,652,515,1,2
516,689,517,2,1
516,699,517,2,1
516,710,491,0,3
516,722,515,1,2
517,644,518,2,1
517,651,542,3,0
517,685,518,2,1
517,699,518,2,1
517,710,492,0,3
518,644,519,2,1
518,651,543,3,0
518,672,519,2,1
518,685,519,2,1
518,699,519,2,1
518,710,493,0,3
519,672,494,0,3
519,699,494,0,3
519,710,494,0,3
520,644,495,0,3
520,651,519,1,2
520,685,495,0,3
520,699,495,0,3
520,710,519,1,2
521,651,520,1,2
521,652,522,2,1
521,689,546,3,0
521,699,496,0,3
521,710,520,1,2
521,722,522,2,1
522,663,523,2,1
522,699,497,0,3
523,699,498,0,3
524,699,499,0,3
525,699,500,0,2
526,699,501,0,3
527,699,502,0,3
528,651,529,2,1
528,689,553,3,0
528,699,503,0,3
529,644,504,0,3
529,651,530,2,1
529,685,504,0,3
529,699,504,0,3
529,710,530,2,1
530,644,505,0,3
530,651,531,2,1
530,672,505,0,3
530,685,505,0,3
530,699,505,0,3
530,710,531,2,1
531,672,506,0,3
531,685,506,0,3
531,699,506,0,3
531,710,506,0,3
532,644,531,1,2
532,651,557,3,0
532,672,531,1,2
532,685,531,1,2
532,699,531,1,2
532,710,507,0,3
533,644,532,1,2
533,651,558,3,0
533,685,532,1,2
533,699,532,1,2
533,710,508,0,3
534,651,559,3,0
534,652,533,1,2
534,699,533,1,2
534,710,509,0,3
534,722,533,1,2
535,663,534,1,2
535,699,534,1,2
536,699,535,1,2
537,699,536,1,2
538,699,539,2,1
539,699,540,2,1
540,663,539,1,2
540,699,541,2,1
541,651,566,3,0
541,652,540,1,2
541,689,542,2,1
541,699,542,2,1
541,710,516,0,3
541,722,540,1,2
542,644,543,2,1
542,651,567,3,0
542,685,543,2,1
542,699,543,2,1
542,710,517,0,3
543,644,544,2,1
543,651,568,3,0
543,672,544,2,1
543,685,544,2,1
543,699,544,2,1
543,710,518,0,3
544,672,519,0,3
544,685,519,0,3
544,699,519,0,3
544,710,519,0,3
545,644,520,0,3
545,651,544,1,2
545,685,520,0,3
545,699,520,0,3
545,710,544,1,2
546,651,545,1,2
546,652,547,2,1
546,689,571,3,0
546,699,521,0,3
546,710,545,1,2
546,722,547,2,1
547,663,548,2,1
547,699,522,0,3
548,699,523,0,3
549,699,524,0,3
550,699,525,0,2
551,699,526,0,3
552,699,527,0,3
553,651,554,2,1
553,689,578,3,0
553,699,528,0,3
554,644,529,0,3
554,651,555,2,1
554,685,529,0,3
554,699,529,0,3
554,710,555,2,1
555,644,530,0,3
555,651,556,2,1
555,672,580,3,0
555,685,530,0,3
555,699,530,0,3
555,710,556,2,1
556,644,531,0,3
556,685,531,0,3
556,699,531,0,3
556,710,531,0,3
557,644,556,1,2
557,651,582,3,0
557,672,556,1,2
557,685,556,1,2
557,699,556,1,2
557,710,532,0,3
558,644,557,1,2
558,651,583,3,0
558,685,557,1,2
558,699,557,1,2
558,710,533,0,3
559,651,584,3,0
559,652,558,1,2
559,699,558,1,2
559,710,534,0,3
559,722,558,1,2
560,663,559,1,2
560,699,559,1,2
561,699,560,1,2
562,699,561,1,2
563,699,564,2,1
564,699,565,2,1
565,663,564,1,2
565,699,566,2,1
566,651,591,3,0
566,652,565,1,2
566,689,567,2,1
566,699,567,2,1
566,710,541,0,3
566,722,565,1,2
567,644,568,2,1
567,651,592,3,0
567,685,568,2,1
567,699,568,2,1
567,710,542,0,3
568,644,569,2,1
568,651,593,3,0
568,672,569,2,1
568,685,569,2,1
568,699,569,2,1
568,710,543,0,3
569,644,544,0,3
569,685,544,0,3
569,699,544,0,3
569,710,544,0,3
570,644,545,0,3
570,651,569,1,2
570,685,545,0,3
570,699,545,0,3
570,710,569,1,2
571,651,570,1,2
571,652,572,2,1
571,689,596,3,0
571,699,546,0,3
571,710,570,1,2
571,722,572,2,1
572,663,573,2,1
572,699,547,0,3
573,699,548,0,3
574,699,549,0,3
575,699,550,0,2
576,699,551,0,3
577,699,552,0,3
578,651,579,2,1
578,689,603,3,0
578,699,553,0,3
579,644,554,0,3
579,651,580,2,1
579,685,554,0,3
579,699,554,0,3
579,710,580,2,1
580,644,555,0,3
580,651,581,2,1
580,672,605,3,0
580,685,555,0,3
580,699,555,0,3
580,710,581,2,1
581,644,556,0,3
581,651,582,2,1
581,685,556,0,3
581,699,556,0,3
582,644,581,1,2
582,651,583,2,1
582,672,581,1,2
582,685,581,1,2
582,699,581,1,2
582,710,557,0,3
583,644,582,1,2
583,651,584,2,1
583,685,582,1,2
583,699,582,1,2
583,710,558,0,3
584,651,651,30,0
584,652,583,1,2
584,699,583,1,2
584,710,559,0,3
584,722,583,1,2
585,663,584,1,2
585,699,584,1,2
586,699,585,1,2
587,699,586,1,2
588,699,589,2,1
589,699,590,2,1
590,663,589,1,2
590,699,591,2,1
591,651,590,1,2
591,652,590,1,2
591,689,592,2,1
591,699,592,2,1
591,710,566,0,3
591,722,590,1,2
592,644,593,2,1
592,651,591,1,2
592,685,593,2,1
592,699,593,2,1
592,710,567,0,3
593,644,594,2,1
593,651,592,1,2
593,672,594,2,1
593,685,594,2,1
593,699,594,2,1
593,710,568,0,3
594,644,569,0,3
594,651,593,1,2
594,685,569,0,3
594,699,569,0,3
595,644,570,0,3
595,651,594,1,2
595,685,570,0,3
595,699,570,0,3
595,710,594,1,2
596,651,595,1,2
596,652,597,2,1
596,689,621,3,0
596,699,571,0,3
596,710,595,1,2
596,722,597,2,1
597,663,598,2,1
597,699,572,0,3
598,699,573,0,3
599,699,574,0,3
600,699,575,0,2
601,699,576,0,3
602,699,577,0,3
603,651,604,2,1
603,689,3,3,3
603,699,578,0,3
604,644,579,0,3
604,651,605,2,1
604,685,579,0,3
604,699,579,0,3
604,710,605,2,1
605,644,580,0,3
605,651,606,2,1
605,672,5,3,3
605,685,580,0,3
605,699,580,0,3
605,710,606,2,1
606,644,581,0,3
606,651,581,0,3
606,685,581,0,3
606,699,581,0,3
607,644,606,1,2
607,651,582,0,3
607,672,606,1,2
607,685,606,1,2
607,699,606,1,2
607,710,582,0,3
608,644,607,1,2
608,651,583,0,3
608,685,607,1,2
608,699,607,1,2
608,710,583,0,3
609,651,584,0,3
609,652,608,1,2
609,699,608,1,2
609,710,584,0,3
609,722,608,1,2
610,663,609,1,2
610,699,609,1,2
611,699,610,1,2
612,699,611,1,2
613,699,614,2,1
614,699,615,2,1
615,663,614,1,2
615,699,616,2,1
616,651,591,0,3
616,652,615,1,2
616,689,617,2,1
616,699,617,2,1
616,710,591,0,3
616,722,615,1,2
617,644,618,2,1
617,651,592,0,3
617,685,618,2,1
617,699,618,2,1
617,710,592,0,3
618,644,619,2,1
618,651,593,0,3
618,672,619,2,1
618,685,619,2,1
618,699,619,2,1
618,710,593,0,3
619,644,594,0,3
619,651,594,0,3
619,685,594,0,3
619,699,594,0,3
620,644,595,0,3
620,651,619,1,2
620,685,595,0,3
620,699,595,0,3
620,710,619,1,2
621,651,620,1,2
621,652,622,2,1
621,689,21,3,3
621,699,596,0,3
621,710,620,1,2
621,722,622,2,1
622,663,623,2,1
622,699,597,0,3
623,699,598,0,3
624,699,599,0,3
644,625,379,0,23
644,626,379,0,23
644,627,379,0,23
644,628,379,0,23
644,629,379,0,23
644,630,379,0,23
644,631,379,0,23
644,632,379,0,23
644,633,379,0,23
644,634,379,0,23
644,635,379,0,23
644,636,379,0,23
644,637,379,0,23
644,638,379,0,23
644,639,379,0,23
644,640,379,0,23
644,641,379,0,23
644,642,379,0,23
644,643,379,0,23
644,645,379,0,23
644,646,379,0,23
644,647,379,0,23
644,648,379,0,23
644,649,379,0,23
644,650,379,0,23
644,651,379,0,23
644,652,379,0,23
644,653,379,0,23
644,654,379,0,23
644,655,379,0,23
644,656,379,0,23
644,657,379,0,23
644,658,379,0,23
644,659,379,0,23
644,660,379,0,23
644,661,379,0,23
644,662,379,0,23
644,663,379,0,23
644,664,379,0,23
644,665,379,0,23
644,666,379,0,23
644,667,379,0,23
644,668,379,0,23
644,669,379,0,23
644,670,379,0,23
644,671,379,0,23
644,672,379,0,23
644,673,379,0,23
644,674,379,0,23
644,675,379,0,23
644,676,379,0,23
644,677,379,0,23
644,678,379,0,23
644,679,379,0,23
644,680,379,0,23
644,681,379,0,23
644,682,379,0,23
644,683,379,0,23
644,684,379,0,23
644,685,379,0,23
644,686,379,0,23
644,687,379,0,23
644,688,379,0,23
644,689,379,0,23
644,690,379,0,23
644,691,379,0,23
644,692,379,0,23
644,693,379,0,23
644,694,379,0,23
644,695,379,0,23
644,696,379,0,23
644,697,379,0,23
644,698,379,0,23
644,699,379,0,23
644,700,379,0,23
644,701,379,0,23
644,702,379,0,23
644,703,379,0,23
644,704,379,0,23
644,705,379,0,23
644,706,379,0,23
644,707,379,0,23
644,708,379,0,23
644,709,379,0,23
644,710,379,0,23
644,711,379,0,23
644,712,379,0,23
644,713,379,0,23
644,714,379,0,23
644,715,379,0,23
644,716,379,0,23
644,717,379,0,23
644,718,379,0,23
644,719,379,0,23
644,720,379,0,23
644,721,379,0,23
644,722,379,0,23
644,723,379,0,23
644,724,379,0,23
651,625,584,0,30
651,626,584,0,30
651,627,584,0,30
651,628,584,0,30
651,629,584,0,30
651,630,584,0,30
651,631,584,0,30
651,632,584,0,30
651,633,584,0,30
651,634,584,0,30
651,635,584,0,30
651,636,584,0,30
651,637,584,0,30
651,638,584,0,30
651,639,584,0,30
651,640,584,0,30
651,641,584,0,30
651,642,584,0,30
651,643,584,0,30
651,644,584,0,30
651,645,584,0,30
651,646,584,0,30
651,647,584,0,30
651,648,584,0,30
651,649,584,0,30
651,650,584,0,30
651,652,584,0,30
651,653,584,0,30
651,654,584,0,30
651,655,584,0,30
651,656,584,0,30
651,657,584,0,30
651,658,584,0,30
651,659,584,0,30
651,660,584,0,30
651,661,584,0,30
651,662,584,0,30
651,663,584,0,30
651,664,584,0,30
651,665,584,0,30
651,666,584,0,30
651,667,584,0,30
651,668,584,0,30
651,669,584,0,30
651,670,584,0,30
651,671,584,0,30
651,672,584,0,30
651,673,584,0,30
651,674,584,0,30
651,675,584,0,30
651,676,584,0,30
651,677,584,0,30
651,678,584,0,30
651,679,584,0,30
651,680,584,0,30
651,681,584,0,30
651,682,584,0,30
651,683,584,0,30
651,684,584,0,30
651,685,584,0,30
651,686,584,0,30
651,687,584,0,30
651,688,584,0,30
651,689,584,0,30
651,690,584,0,30
651,691,584,0,30
651,692,584,0,30
651,693,584,0,30
651,694,584,0,30
651,695,584,0,30
651,696,584,0,30
651,697,584,0,30
651,698,584,0,30
651,699,584,0,30
651,700,584,0,30
651,701,584,0,30
651,702,584,0,30
651,703,584,0,30
651,704,584,0,30
651,705,584,0,30
651,706,584,0,30
651,707,584,0,30
651,708,584,0,30
651,709,584,0,30
651,710,584,0,30
651,711,584,0,30
651,712,584,0,30
651,713,584,0,30
651,714,584,0,30
651,715,584,0,30
651,716,584,0,30
651,717,584,0,30
651,718,584,0,30
651,719,584,0,30
651,720,584,0,30
651,721,584,0,30
651,722,584,0,30
651,723,584,0,30
651,724,584,0,30
652,625,183,0,31
652,626,183,0,31
652,627,183,0,31
652,628,183,0,31
652,629,183,0,31
652,630,183,0,31
652,631,183,0,31
652,632,183,0,31
652,633,183,0,31
652,634,183,0,31
652,635,183,0,31
652,636,183,0,31
652,637,183,0,31
652,638,183,0,31
652,639,183,0,31
652,640,183,0,31
652,641,183,0,31
652,642,183,0,31
652,643,183,0,31
652,644,183,0,31
652,645,183,0,31
652,646,183,0,31
652,647,183,0,31
652,648,183,0,31
652,649,183,0,31
652,650,183,0,31
652,651,183,0,31
652,653,183,0,31
652,654,183,0,31
652,655,183,0,31
652,656,183,0,31
652,657,183,0,31
652,658,183,0,31
652,659,183,0,31
652,660,183,0,31
652,661,183,0,31
652,662,183,0,31
652,663,183,0,31
652,664,183,0,31
652,665,183,0,31
652,666,183,0,31
652,667,183,0,31
652,668,183,0,31
652,669,183,0,31
652,670,183,0,31
652,671,183,0,31
652,672,183,0,31
652,673,183,0,31
652,674,183,0,31
652,675,183,0,31
652,676,183,0,31
652,677,183,0,31
652,678,183,0,31
652,679,183,0,31
652,680,183,0,31
652,681,183,0,31
652,682,183,0,31
652,683,183,0,31
652,684,183,0,31
652,685,183,0,31
652,686,183,0,31
652,687,183,0,31
652,688,183,0,31
652,689,183,0,31
652,690,183,0,31
652,691,183,0,31
652,692,183,0,31
652,693,183,0,31
652,694,183,0,31
652,695,183,0,31
652,696,183,0,31
652,697,183,0,31
652,698,183,0,31
652,699,183,0,31
652,700,183,0,31
652,701,183,0,31
652,702,183,0,31
652,703,183,0,31
652,704,183,0,31
652,705,183,0,31
652,706,183,0,31
652,707,183,0,31
652,708,183,0,31
652,709,183,0,31
652,710,183,0,31
652,711,183,0,31
652,712,183,0,31
652,713,183,0,31
652,714,183,0,31
652,715,183,0,31
652,716,183,0,31
652,717,183,0,31
652,718,183,0,31
652,719,183,0,31
652,720,183,0,31
652,721,183,0,31
652,722,183,0,31
652,723,183,0,31
652,724,183,0,31
663,625,409,0,42
663,626,409,0,42
663,627,409,0,42
663,628,409,0,42
663,629,409,0,42
663,630,409,0,42
663,631,409,0,42
663,632,409,0,42
663,633,409,0,42
663,634,409,0,42
663,635,409,0,42
663,636,409,0,42
663,637,409,0,42
663,638,409,0,42
663,639,409,0,42
663,640,409,0,42
663,641,409,0,42
663,642,409,0,42
663,643,409,0,42
663,644,409,0,42
663,645,409,0,42
663,646,409,0,42
663,647,409,0,42
663,648,409,0,42
663,649,409,0,42
663,650,409,0,42
663,651,409,0,42
663,652,409,0,42
663,653,409,0,42
663,654,409,0,42
663,655,409,0,42
663,656,409,0,42
663,657,409,0,42
663,658,409,0,42
663,659,409,0,42
663,660,409,0,42
663,661,409,0,42
663,662,409,0,42
663,664,409,0,42
663,665,409,0,42
663,666,409,0,42
663,667,409,0,42
663,668,409,0,42
663,669,409,0,42
663,670,409,0,42
663,671,409,0,42
663,672,409,0,42
663,673,409,0,42
663,674,409,0,42
663,675,409,0,42
663,676,409,0,42
663,677,409,0,42
663,678,409,0,42
663,679,409,0,42
663,680,409,0,42
663,681,409,0,42
663,682,409,0,42
663,683,409,0,42
663,684,409,0,42
663,685,409,0,42
663,686,409,0,42
663,687,409,0,42
663,688,409,0,42
663,689,409,0,42
663,690,409,0,42
663,691,409,0,42
663,692,409,0,42
663,693,409,0,42
663,694,409,0,42
663,695,409,0,42
663,696,409,0,42
663,697,409,0,42
663,698,409,0,42
663,699,409,0,42
663,700,409,0,42
663,701,409,0,42
663,702,409,0,42
663,703,409,0,42
663,704,409,0,42
663,705,409,0,42
663,706,409,0,42
663,707,409,0,42
663,708,409,0,42
663,709,409,0,42
663,710,409,0,42
663,711,409,0,42
663,712,409,0,42
663,713,409,0,42
663,714,409,0,42
663,715,409,0,42
663,716,409,0,42
663,717,409,0,42
663,718,409,0,42
663,719,409,0,42
663,720,409,0,42
663,721,409,0,42
663,722,409,0,42
663,723,409,0,42
663,724,409,0,42
672,625,230,0,51
672,626,230,0,51
672,627,230,0,51
672,628,230,0,51
672,629,230,0,51
672,630,230,0,51
672,631,230,0,51
672,632,230,0,51
672,633,230,0,51
672,634,230,0,51
672,635,230,0,51
672,636,230,0,51
672,637,230,0,51
672,638,230,0,51
672,639,230,0,51
672,640,230,0,51
672,641,230,0,51
672,642,230,0,51
672,643,230,0,51
672,644,230,0,51
672,645,230,0,51
672,646,230,0,51
672,647,230,0,51
672,648,230,0,51
672,649,230,0,51
672,650,230,0,51
672,651,230,0,51
672,652,230,0,51
672,653,230,0,51
672,654,230,0,51
672,655,230,0,51
672,656,230,0,51
672,657,230,0,51
672,658,230,0,51
672,659,230,0,51
672,660,230,0,51
672,661,230,0,51
672,662,230,0,51
672,663,230,0,51
672,664,230,0,51
672,665,230,0,51
672,666,230,0,51
672,667,230,0,51
672,668,230,0,51
672,669,230,0,51
672,670,230,0,51
672,671,230,0,51
672,673,230,0,51
672,674,230,0,51
672,675,230,0,51
672,676,230,0,51
672,677,230,0,51
672,678,230,0,51
672,679,230,0,51
672,680,230,0,51
672,681,230,0,51
672,682,230,0,51
672,683,230,0,51
672,684,230,0,51
672,685,230,0,51
672,686,230,0,51
672,687,230,0,51
672,688,230,0,51
672,689,230,0,51
672,690,230,0,51
672,691,230,0,51
672,692,230,0,51
672,693,230,0,51
672,694,230,0,51
672,695,230,0,51
672,696,230,0,51
672,697,230,0,51
672,698,230,0,51
672,699,230,0,51
672,700,230,0,51
672,701,230,0,51
672,702,230,0,51
672,703,230,0,51
672,704,230,0,51
672,705,230,0,51
672,706,230,0,51
672,707,230,0,51
672,708,230,0,51
672,709,230,0,51
672,710,230,0,51
672,711,230,0,51
672,712,230,0,51
672,713,230,0,51
672,714,230,0,51
672,715,230,0,51
672,716,230,0,51
672,717,230,0,51
672,718,230,0,51
672,719,230,0,51
672,720,230,0,51
672,721,230,0,51
672,722,230,0,51
672,723,230,0,51
672,724,230,0,51
685,625,354,0,64
685,626,354,0,64
685,627,354,0,64
685,628,354,0,64
685,629,354,0,64
685,630,354,0,64
685,631,354,0,64
685,632,354,0,64
685,633,354,0,64
685,634,354,0,64
685,635,354,0,64
685,636,354,0,64
685,637,354,0,64
685,638,354,0,64
685,639,354,0,64
685,640,354,0,64
685,641,354,0,64
685,642,354,0,64
685,643,354,0,64
685,644,354,0,64
685,645,354,0,64
685,646,354,0,64
685,647,354,0,64
685,648,354,0,64
685,649,354,0,64
685,650,354,0,64
685,651,354,0,64
685,652,354,0,64
685,653,354,0,64
685,654,354,0,64
685,655,354,0,64
685,656,354,0,64
685,657,354,0,64
685,658,354,0,64
685,659,354,0,64
685,660,354,0,64
685,661,354,0,64
685,662,354,0,64
685,663,354,0,64
685,664,354,0,64
685,665,354,0,64
685,666,354,0,64
685,667,354,0,64
685,668,354,0,64
685,669,354,0,64
685,670,354,0,64
685,671,354,0,64
685,672,354,0,64
685,673,354,0,64
685,674,354,0,64
685,675,354,0,64
685,676,354,0,64
685,677,354,0,64
685,678,354,0,64
685,679,354,0,64
685,680,354,0,64
685,681,354,0,64
685,682,354,0,64
685,683,354,0,64
685,684,354,0,64
685,686,354,0,64
685,687,354,0,64
685,688,354,0,64
685,689,354,0,64
685,690,354,0,64
685,691,354,0,64
685,692,354,0,64
685,693,354,0,64
685,694,354,0,64
685,695,354,0,64
685,696,354,0,64
685,697,354,0,64
685,698,354,0,64
685,699,354,0,64
685,700,354,0,64
685,701,354,0,64
685,702,354,0,64
685,703,354,0,64
685,704,354,0,64
685,705,354,0,64
685,706,354,0,64
685,707,354,0,64
685,708,354,0,64
685,709,354,0,64
685,710,354,0,64
685,711,354,0,64
685,712,354,0,64
685,713,354,0,64
685,714,354,0,64
685,715,354,0,64
685,716,354,0,64
685,717,354,0,64
685,718,354,0,64
685,719,354,0,64
685,720,354,0,64
685,721,354,0,64
685,722,354,0,64
685,723,354,0,64
685,724,354,0,64
689,625,153,0,68
689,626,153,0,68
689,627,153,0,68
689,628,153,0,68
689,629,153,0,68
689,630,153,0,68
689,631,153,0,68
689,632,153,0,68
689,633,153,0,68
689,634,153,0,68
689,635,153,0,68
689,636,153,0,68
689,637,153,0,68
689,638,153,0,68
689,639,153,0,68
689,640,153,0,68
689,641,153,0,68
689,642,153,0,68
689,643,153,0,68
689,644,153,0,68
689,645,153,0,68
689,646,153,0,68
689,647,153,0,68
689,648,153,0,68
689,649,153,0,68
689,650,153,0,68
689,651,153,0,68
689,652,153,0,68
689,653,153,0,68
689,654,153,0,68
689,655,153,0,68
689,656,153,0,68
689,657,153,0,68
689,658,153,0,68
689,659,153,0,68
689,660,153,0,68
689,661,153,0,68
689,662,153,0,68
689,663,153,0,68
689,664,153,0,68
689,665,153,0,68
689,666,153,0,68
689,667,153,0,68
689,668,153,0,68
689,669,153,0,68
689,670,153,0,68
689,671,153,0,68
689,672,153,0,68
689,673,153,0,68
689,674,153,0,68
689,675,153,0,68
689,676,153,0,68
689,677,153,0,68
689,678,153,0,68
689,679,153,0,68
689,680,153,0,68
689,681,153,0,68
689,682,153,0,68
689,683,153,0,68
689,684,153,0,68
689,685,153,0,68
689,686,153,0,68
689,687,153,0,68
689,688,153,0,68
689,690,153,0,68
689,691,153,0,68
689,692,153,0,68
689,693,153,0,68
689,694,153,0,68
689,695,153,0,68
689,696,153,0,68
689,697,153,0,68
689,698,153,0,68
689,699,153,0,68
689,700,153,0,68
689,701,153,0,68
689,702,153,0,68
689,703,153,0,68
689,704,153,0,68
689,705,153,0,68
689,706,153,0,68
689,707,153,0,68
689,708,153,0,68
689,709,153,0,68
689,710,153,0,68
689,711,153,0,68
689,712,153,0,68
689,713,153,0,68
689,714,153,0,68
689,715,153,0,68
689,716,153,0,68
689,717,153,0,68
689,718,153,0,68
689,719,153,0,68
689,720,153,0,68
689,721,153,0,68
689,722,153,0,68
689,723,153,0,68
689,724,153,0,68
699,625,400,0,78
699,626,400,0,78
699,627,400,0,78
699,628,400,0,78
699,629,400,0,78
699,630,400,0,78
699,631,400,0,78
699,632,400,0,78
699,633,400,0,78
699,634,400,0,78
699,635,400,0,78
699,636,400,0,78
699,637,400,0,78
699,638,400,0,78
699,639,400,0,78
699,640,400,0,78
699,641,400,0,78
699,642,400,0,78
699,643,400,0,78
699,644,400,0,78
699,645,400,0,78
699,646,400,0,78
699,647,400,0,78
699,648,400,0,78
699,649,400,0,78
699,650,400,0,78
699,651,400,0,78
699,652,400,0,78
699,653,400,0,78
699,654,400,0,78
699,655,400,0,78
699,656,400,0,78
699,657,400,0,78
699,658,400,0,78
699,659,400,0,78
699,660,400,0,78
699,661,400,0,78
699,662,400,0,78
699,663,400,0,78
699,664,400,0,78
699,665,400,0,78
699,666,400,0,78
699,667,400,0,78
699,668,400,0,78
699,669,400,0,78
699,670,400,0,78
699,671,400,0,78
699,672,400,0,78
699,673,400,0,78
699,674,400,0,78
699,675,400,0,78
699,676,400,0,78
699,677,400,0,78
699,678,400,0,78
699,679,400,0,78
699,680,400,0,78
699,681,400,0,78
699,682,400,0,78
699,683,400,0,78
699,684,400,0,78
699,685,400,0,78
699,686,400,0,78
699,687,400,0,78
699,688,400,0,78
699,689,400,0,78
699,690,400,0,78
699,691,400,0,78
699,692,400,0,78
699,693,400,0,78
699,694,400,0,78
699,695,400,0,78
699,696,400,0,78
699,697,400,0,78
699,698,400,0,78
699,700,400,0,78
699,701,400,0,78
699,702,400,0,78
699,703,400,0,78
699,704,400,0,78
699,705,400,0,78
699,706,400,0,78
699,707,400,0,78
699,708,400,0,78
699,709,400,0,78
699,710,400,0,78
699,711,400,0,78
699,712,400,0,78
699,713,400,0,78
699,714,400,0,78
699,715,400,0,78
699,716,400,0,78
699,717,400,0,78
699,718,400,0,78
699,719,400,0,78
699,720,400,0,78
699,721,400,0,78
699,722,400,0,78
699,723,400,0,78
699,724,400,0,78
710,625,384,0,89
710,626,384,0,89
710,627,384,0,89
710,628,384,0,89
710,629,384,0,89
710,630,384,0,89
710,631,384,0,89
710,632,384,0,89
710,633,384,0,89
710,634,384,0,89
710,635,384,0,89
710,636,384,0,89
710,637,384,0,89
710,638,384,0,89
710,639,384,0,89
710,640,384,0,89
710,641,384,0,89
710,642,384,0,89
710,643,384,0,89
710,644,384,0,89
710,645,384,0,89
710,646,384,0,89
710,647,384,0,89
710,648,384,0,89
710,649,384,0,89
710,650,384,0,89
710,651,384,0,89
710,652,384,0,89
710,653,384,0,89
710,654,384,0,89
710,655,384,0,89
710,656,384,0,89
710,657,384,0,89
710,658,384,0,89
710,659,384,0,89
710,660,384,0,89
710,661,384,0,89
710,662,384,0,89
710,663,384,0,89
710,664,384,0,89
710,665,384,0,89
710,666,384,0,89
710,667,384,0,89
710,668,384,0,89
710,669,384,0,89
710,670,384,0,89
710,671,384,0,89
710,672,384,0,89
710,673,384,0,89
710,674,384,0,89
710,675,384,0,89
710,676,384,0,89
710,677,384,0,89
710,678,384,0,89
710,679,384,0,89
710,680,384,0,89
710,681,384,0,89
710,682,384,0,89
710,683,384,0,89
710,684,384,0,89
710,685,384,0,89
710,686,384,0,89
710,687,384,0,89
710,688,384,0,89
710,689,384,0,89
710,690,384,0,89
710,691,384,0,89
710,692,384,0,89
710,693,384,0,89
710,694,384,0,89
710,695,384,0,89
710,696,384,0,89
710,697,384,0,89
710,698,384,0,89
710,699,384,0,89
710,700,384,0,89
710,701,384,0,89
710,702,384,0,89
710,703,384,0,89
710,704,384,0,89
710,705,384,0,89
710,706,384,0,89
710,707,384,0,89
710,708,384,0,89
710,709,384,0,89
710,711,384,0,89
710,712,384,0,89
710,713,384,0,89
710,714,384,0,89
710,715,384,0,89
710,716,384,0,89
710,717,384,0,89
710,718,384,0,89
710,719,384,0,89
710,720,384,0,89
710,721,384,0,89
710,722,384,0,89
710,723,384,0,89
710,724,384,0,89
716,625,157,0,95
716,626,157,0,95
716,627,157,0,95
716,628,157,0,95
716,629,157,0,95
716,630,157,0,95
716,631,157,0,95
716,632,157,0,95
716,633,157,0,95
716,634,157,0,95
716,635,157,0,95
716,636,157,0,95
716,637,157,0,95
716,638,157,0,95
716,639,157,0,95
716,640,157,0,95
716,641,157,0,95
716,642,157,0,95
716,643,157,0,95
716,644,157,0,95
716,645,157,0,95
716,646,157,0,95
716,647,157,0,95
716,648,157,0,95
716,649,157,0,95
716,650,157,0,95
716,651,157,0,95
716,652,157,0,95
716,653,157,0,95
716,654,157,0,95
716,655,157,0,95
716,656,157,0,95
716,657,157,0,95
716,658,157,0,95
716,659,157,0,95
716,660,157,0,95
716,661,157,0,95
716,662,157,0,95
716,663,157,0,95
716,664,157,0,95
716,665,157,0,95
716,666,157,0,95
716,667,157,0,95
716,668,157,0,95
716,669,157,0,95
716,670,157,0,95
716,671,157,0,95
716,672,157,0,95
716,673,157,0,95
716,674,157,0,95
716,675,157,0,95
716,676,157,0,95
716,677,157,0,95
716,678,157,0,95
716,679,157,0,95
716,680,157,0,95
716,681,157,0,95
716,682,157,0,95
716,683,157,0,95
716,684,157,0,95
716,685,157,0,95
716,686,157,0,95
716,687,157,0,95
716,688,157,0,95
716,689,157,0,95
716,690,157,0,95
716,691,157,0,95
716,692,157,0,95
716,693,157,0,95
716,694,157,0,95
716,695,157,0,95
716,696,157,0,95
716,697,157,0,95
716,698,157,0,95
716,699,157,0,95
716,700,157,0,95
716,701,157,0,95
716,702,157,0,95
716,703,157,0,95
716,704,157,0,95
716,705,157,0,95
716,706,157,0,95
716,707,157,0,95
716,708,157,0,95
716,709,157,0,95
716,710,157,0,95
716,711,157,0,95
716,712,157,0,95
716,713,157,0,95
716,714,157,0,95
716,715,157,0,95
716,717,157,0,95
716,718,157,0,95
716,719,157,0,95
716,720,157,0,95
716,721,157,0,95
716,722,157,0,95
716,723,157,0,95
716,724,157,0,95
722,625,108,0,101
722,626,108,0,101
722,627,108,0,101
722,628,108,0,101
722,629,108,0,101
722,630,108,0,101
722,631,108,0,101
722,632,108,0,101
722,633,108,0,101
722,634,108,0,101
722,635,108,0,101
722,636,108,0,101
722,637,108,0,101
722,638,108,0,101
722,639,108,0,101
722,640,108,0,101
722,641,108,0,101
722,642,108,0,101
722,643,108,0,101
722,644,108,0,101
722,645,108,0,101
722,646,108,0,101
722,647,108,0,101
722,648,108,0,101
722,649,108,0,101
722,650,108,0,101
722,651,108,0,101
722,652,108,0,101
722,653,108,0,101
722,654,108,0,101
722,655,108,0,101
722,656,108,0,101
722,657,108,0,101
722,658,108,0,101
722,659,108,0,101
722,660,108,0,101
722,661,108,0,101
722,662,108,0,101
722,663,108,0,101
722,664,108,0,101
722,665,108,0,101
722,666,108,0,101
722,667,108,0,101
722,668,108,0,101
722,669,108,0,101
722,670,108,0,101
722,671,108,0,101
722,672,108,0,101
722,673,108,0,101
722,674,108,0,101
722,675,108,0,101
722,676,108,0,101
722,677,108,0,101
722,678,108,0,101
722,679,108,0,101
722,680,108,0,101
722,681,108,0,101
722,682,108,0,101
722,683,108,0,101
722,684,108,0,101
722,685,108,0,101
722,686,108,0,101
722,687,108,0,101
722,688,108,0,101
722,689,108,0,101
722,690,108,0,101
722,691,108,0,101
722,692,108,0,101
722,693,108,0,101
722,694,108,0,101
722,695,108,0,101
722,696,108,0,101
722,697,108,0,101
722,698,108,0,101
722,699,108,0,101
722,700,108,0,101
722,701,108,0,101
722,702,108,0,101
722,703,108,0,101
722,704,108,0,101
722,705,108,0,101
722,706,108,0,101
722,707,108,0,101
722,708,108,0,101
722,709,108,0,101
722,710,108,0,101
722,711,108,0,101
722,712,108,0,101
722,713,108,0,101
722,714,108,0,101
722,715,108,0,101
722,716,108,0,101
722,717,108,0,101
722,718,108,0,101
722,719,108,0,101
722,720,108,0,101
722,721,108,0,101
722,723,108,0,101
722,724,108,0,101
