0,653,24,2,1
0,662,25,1,0
0,663,24,2,1
0,674,1,0,0
1,653,0,0,0
1,662,26,2,0
2,643,3,1,0
2,653,1,0,1
2,662,27,2,0
2,684,3,1,0
2,691,3,1,0
2,693,3,1,0
2,719,3,1,0
3,662,28,2,0
4,630,29,2,0
4,653,5,1,0
4,656,29,2,0
4,659,604,3,3
4,662,29,2,0
4,671,29,2,0
5,653,6,1,0
5,662,30,2,0
6,629,7,1,0
6,634,7,1,0
6,651,7,1,0
6,653,7,1,0
6,658,606,3,3
6,662,31,2,0
6,663,7,1,0
7,632,607,3,3
7,651,8,1,0
7,653,8,1,0
7,658,607,3,3
7,662,32,2,0
7,663,8,1,0
8,651,9,1,0
8,653,9,1,0
8,658,608,3,3
8,662,33,2,0
8,663,9,1,0
9,651,609,3,3
9,653,609,3,3
9,662,34,2,0
10,651,610,3,3
10,653,610,3,3
10,655,9,0,1
10,658,9,0,1
10,662,9,0,1
10,663,610,3,3
11,651,611,3,3
11,653,611,3,3
11,658,10,0,1
11,662,10,0,1
11,663,611,3,3
12,651,612,3,3
12,653,612,3,3
12,658,11,0,1
12,662,11,0,1
12,663,612,3,3
12,687,13,1,0
13,653,613,3,3
13,662,12,0,1
13,663,613,3,3
13,674,12,0,1
14,639,15,1,0
14,653,614,3,3
14,662,13,0,1
14,681,15,1,0
15,653,615,3,3
15,662,14,0,1
15,719,14,0,1
16,653,616,3,3
16,662,17,1,0
16,719,15,0,1
17,625,617,3,3
17,626,42,2,0
17,635,617,3,3
17,641,617,3,3
17,650,617,3,3
17,653,617,3,3
17,662,18,1,0
17,666,42,2,0
17,677,42,2,0
17,678,42,2,0
17,695,617,3,3
18,629,618,3,3
18,634,618,3,3
18,653,618,3,3
18,662,19,1,0
18,663,618,3,3
18,674,17,0,1
19,627,619,3,3
19,637,44,2,0
19,649,44,2,0
19,651,619,3,3
19,652,44,2,0
19,653,619,3,3
19,657,619,3,3
19,658,20,1,0
19,660,619,3,3
19,662,20,1,0
19,663,619,3,3
19,679,619,3,3
19,682,44,2,0
19,696,619,3,3
19,697,44,2,0
19,707,619,3,3
19,708,619,3,3
19,722,44,2,0
20,651,620,3,3
20,653,620,3,3
20,658,21,1,0
20,662,21,1,0
20,663,620,3,3
21,651,621,3,3
21,653,621,3,3
21,655,20,0,1
21,658,22,1,0
21,662,22,1,0
21,663,621,3,3
22,651,622,3,3
22,653,622,3,3
22,655,23,1,0
22,662,47,2,0
23,651,22,0,1
23,653,22,0,1
23,658,623,3,3
23,662,48,2,0
23,663,22,0,1
24,640,0,1,2
24,651,23,0,1
24,653,23,0,1
24,658,624,3,3
24,662,49,2,0
24,663,23,0,1
24,685,0,1,2
24,689,0,1,2
24,710,0,1,2
25,653,49,3,2
25,662,50,2,0
25,663,49,3,2
25,674,26,1,1
26,653,25,1,1
26,662,51,3,0
27,643,28,2,1
27,653,26,1,2
27,662,52,3,0
27,691,28,2,1
27,693,28,2,1
27,719,28,2,1
28,662,53,3,0
29,630,54,3,0
29,653,30,2,1
29,656,54,3,0
29,659,4,0,2
29,662,54,3,0
29,671,54,3,0
30,653,31,2,1
30,662,55,3,0
31,629,32,2,1
31,634,32,2,1
31,651,32,2,1
31,653,32,2,1
31,658,6,0,2
31,662,56,3,0
31,663,32,2,1
32,632,7,0,2
32,651,33,2,1
32,653,33,2,1
32,658,7,0,2
32,662,57,3,0
32,663,33,2,1
33,651,34,2,1
33,653,34,2,1
33,658,8,0,2
33,662,58,3,0
33,663,34,2,1
34,629,9,0,2
34,651,9,0,2
34,653,9,0,2
34,655,59,3,0
34,662,59,3,0
35,629,10,0,2
35,651,10,0,2
35,653,10,0,2
35,655,34,1,2
35,658,34,1,2
35,662,34,1,2
35,663,10,0,2
36,629,11,0,2
36,651,11,0,2
36,653,11,0,2
36,658,35,1,2
36,662,35,1,2
36,663,11,0,2
37,629,12,0,2
37,651,12,0,2
37,653,12,0,2
37,658,36,1,2
37,662,36,1,2
37,663,12,0,2
37,687,38,2,1
38,653,13,0,2
38,662,37,1,2
38,663,13,0,2
38,674,37,1,2
39,639,40,2,1
39,653,14,0,2
39,662,38,1,2
39,681,40,2,1
40,653,15,0,2
40,662,39,1,2
40,719,39,1,2
41,653,16,0,2
41,662,42,2,1
41,719,40,1,2
42,625,17,0,2
42,626,67,3,0
42,635,17,0,2
42,641,17,0,2
42,650,17,0,2
42,653,17,0,2
42,662,43,2,1
42,666,67,3,0
42,677,67,3,0
42,678,67,3,0
42,695,17,0,2
43,629,18,0,2
43,634,18,0,2
43,653,18,0,2
43,662,44,2,1
43,663,18,0,2
43,674,42,1,2
44,627,19,0,2
44,629,19,0,2
44,637,69,3,0
44,649,69,3,0
44,651,19,0,2
44,652,69,3,0
44,653,19,0,2
44,657,19,0,2
44,658,45,2,1
44,660,19,0,2
44,661,19,0,2
44,662,45,2,1
44,663,19,0,2
44,679,19,0,2
44,696,19,0,2
44,697,69,3,0
44,707,19,0,2
44,708,19,0,2
44,722,69,3,0
45,629,20,0,2
45,651,20,0,2
45,653,20,0,2
45,658,46,2,1
45,662,46,2,1
45,663,20,0,2
46,629,21,0,2
46,651,21,0,2
46,653,21,0,2
46,658,47,2,1
46,662,47,2,1
46,663,21,0,2
47,629,22,0,2
47,651,22,0,2
47,653,22,0,2
47,655,48,2,1
47,662,72,3,0
48,651,47,1,2
48,653,47,1,2
48,658,23,0,2
48,662,73,3,0
48,663,47,1,2
49,640,25,2,3
49,651,48,1,2
49,653,48,1,2
49,658,24,0,2
49,662,74,3,0
49,663,48,1,2
49,685,25,2,3
49,689,25,2,3
49,710,25,2,3
50,653,74,3,2
50,662,75,2,0
50,663,74,3,2
50,674,51,1,1
51,653,50,1,1
51,662,76,3,0
52,643,53,2,1
52,653,51,1,2
52,662,77,3,0
52,684,53,2,1
52,691,53,2,1
52,693,53,2,1
52,719,53,2,1
53,662,78,3,0
54,630,79,3,0
54,653,55,2,1
54,656,79,3,0
54,659,29,0,3
54,662,79,3,0
54,671,79,3,0
55,653,56,2,1
55,662,80,3,0
56,629,57,2,1
56,634,57,2,1
56,651,57,2,1
56,653,57,2,1
56,658,31,0,3
56,662,81,3,0
56,663,57,2,1
57,632,32,0,3
57,651,58,2,1
57,653,58,2,1
57,658,32,0,3
57,662,82,3,0
57,663,58,2,1
58,651,59,2,1
58,653,59,2,1
58,658,33,0,3
58,662,83,3,0
58,663,59,2,1
59,651,34,0,3
59,653,34,0,3
59,655,84,3,0
59,662,84,3,0
60,651,35,0,3
60,653,35,0,3
60,655,59,1,2
60,658,59,1,2
60,662,59,1,2
60,663,35,0,3
61,651,36,0,3
61,653,36,0,3
61,658,60,1,2
61,662,60,1,2
61,663,36,0,3
62,651,37,0,3
62,653,37,0,3
62,658,61,1,2
62,662,61,1,2
62,663,37,0,3
62,687,63,2,1
63,653,38,0,3
63,662,62,1,2
63,663,38,0,3
63,674,62,1,2
64,639,65,2,1
64,653,39,0,3
64,662,63,1,2
64,681,65,2,1
65,653,40,0,3
65,662,64,1,2
65,719,64,1,2
66,653,41,0,3
66,662,67,2,1
66,719,65,1,2
67,625,92,3,0
67,626,92,3,0
67,635,42,0,3
67,641,42,0,3
67,650,42,0,3
67,653,42,0,3
67,662,68,2,1
67,677,92,3,0
67,678,92,3,0
67,695,42,0,3
68,629,93,3,0
68,634,43,0,3
68,653,43,0,3
68,662,69,2,1
68,663,43,0,3
68,674,67,1,2
69,627,44,0,3
69,637,94,3,0
69,649,94,3,0
69,651,44,0,3
69,652,94,3,0
69,653,44,0,3
69,657,44,0,3
69,658,70,2,1
69,660,44,0,3
69,661,44,0,3
69,662,70,2,1
69,663,44,0,3
69,679,44,0,3
69,682,44,0,3
69,696,44,0,3
69,697,94,3,0
69,707,44,0,3
69,708,44,0,3
69,722,94,3,0
70,651,45,0,3
70,653,45,0,3
70,658,71,2,1
70,662,71,2,1
70,663,45,0,3
71,651,46,0,3
71,653,46,0,3
71,655,70,1,2
71,658,72,2,1
71,662,72,2,1
71,663,46,0,3
72,651,47,0,3
72,653,47,0,3
72,655,73,2,1
72,662,97,3,0
73,651,72,1,2
73,653,72,1,2
73,658,48,0,3
73,662,98,3,0
73,663,72,1,2
74,640,50,2,3
74,651,73,1,2
74,653,73,1,2
74,658,49,0,3
74,662,99,3,0
74,663,73,1,2
74,685,50,2,3
74,689,50,2,3
74,710,50,2,3
75,653,99,3,2
75,662,100,2,0
75,663,99,3,2
75,674,76,1,1
76,653,75,1,1
76,662,101,3,0
77,643,78,2,1
77,653,76,1,2
77,662,102,3,0
77,684,78,2,1
77,691,78,2,1
77,693,78,2,1
77,719,78,2,1
78,662,103,3,0
79,630,104,3,0
79,653,80,2,1
79,656,104,3,0
79,659,54,0,3
79,662,104,3,0
79,671,104,3,0
80,653,81,2,1
80,662,105,3,0
81,629,82,2,1
81,634,82,2,1
81,651,82,2,1
81,653,82,2,1
81,658,56,0,3
81,662,106,3,0
81,663,82,2,1
82,632,57,0,3
82,651,83,2,1
82,653,83,2,1
82,658,57,0,3
82,662,107,3,0
82,663,83,2,1
83,651,84,2,1
83,653,84,2,1
83,658,58,0,3
83,662,108,3,0
83,663,84,2,1
84,651,59,0,3
84,653,59,0,3
84,655,655,34,0
84,658,59,0,3
84,662,109,3,0
84,663,109,3,0
85,651,60,0,3
85,653,60,0,3
85,655,84,1,2
85,658,84,1,2
85,662,84,1,2
85,663,110,3,0
86,651,61,0,3
86,653,61,0,3
86,658,85,1,2
86,662,85,1,2
86,663,111,3,0
87,651,62,0,3
87,653,62,0,3
87,658,86,1,2
87,662,86,1,2
87,663,112,3,0
87,687,88,2,1
88,653,63,0,3
88,662,87,1,2
88,663,113,3,0
88,674,87,1,2
89,639,90,2,1
89,653,64,0,3
89,662,88,1,2
89,681,90,2,1
90,653,65,0,3
90,662,89,1,2
90,719,89,1,2
91,653,66,0,3
91,662,92,2,1
91,719,90,1,2
92,625,117,3,0
92,635,67,0,3
92,641,67,0,3
92,650,67,0,3
92,653,67,0,3
92,662,93,2,1
92,666,67,0,3
92,677,117,3,0
92,678,117,3,0
92,695,67,0,3
93,629,118,3,0
93,634,68,0,3
93,653,68,0,3
93,662,94,2,1
93,663,118,3,0
93,674,92,1,2
94,627,69,0,3
94,637,119,3,0
94,649,119,3,0
94,651,69,0,3
94,652,119,3,0
94,653,69,0,3
94,657,69,0,3
94,658,95,2,1
94,660,69,0,3
94,661,69,0,3
94,662,95,2,1
94,663,119,3,0
94,679,69,0,3
94,682,69,0,3
94,696,69,0,3
94,697,119,3,0
94,707,119,3,0
94,708,69,0,3
95,651,70,0,3
95,653,70,0,3
95,658,96,2,1
95,662,96,2,1
95,663,120,3,0
96,651,71,0,3
96,653,71,0,3
96,655,95,1,2
96,658,97,2,1
96,662,97,2,1
96,663,121,3,0
97,651,72,0,3
97,653,72,0,3
97,655,98,2,1
97,658,72,0,3
97,662,122,3,0
97,663,122,3,0
98,651,97,1,2
98,653,97,1,2
98,658,73,0,3
98,662,123,3,0
98,663,97,1,2
99,640,75,2,3
99,651,98,1,2
99,653,98,1,2
99,658,74,0,3
99,662,124,3,0
99,663,98,1,2
99,685,75,2,3
99,689,75,2,3
99,710,75,2,3
100,653,124,3,2
100,662,125,2,0
100,663,124,3,2
100,674,101,1,1
101,653,100,1,1
101,662,126,3,0
102,643,103,2,1
102,653,101,1,2
102,662,127,3,0
102,684,103,2,1
102,691,103,2,1
102,693,103,2,1
102,719,103,2,1
103,662,128,3,0
104,630,129,3,0
104,653,105,2,1
104,659,129,3,0
104,662,129,3,0
104,671,129,3,0
105,653,106,2,1
105,662,130,3,0
106,629,107,2,1
106,634,107,2,1
106,651,107,2,1
106,653,107,2,1
106,658,81,0,3
106,662,131,3,0
106,663,107,2,1
107,632,82,0,3
107,651,108,2,1
107,653,108,2,1
107,658,82,0,3
107,662,132,3,0
107,663,108,2,1
108,651,109,2,1
108,653,109,2,1
108,658,83,0,3
108,662,133,3,0
108,663,109,2,1
109,651,84,0,3
109,653,84,0,3
109,658,84,0,3
109,662,134,3,0
109,663,134,3,0
110,651,85,0,3
110,653,85,0,3
110,655,109,1,2
110,658,109,1,2
110,662,109,1,2
110,663,135,3,0
111,651,86,0,3
111,653,86,0,3
111,658,110,1,2
111,662,110,1,2
111,663,136,3,0
112,651,87,0,3
112,653,87,0,3
112,658,111,1,2
112,662,111,1,2
112,663,137,3,0
112,687,113,2,1
113,653,88,0,3
113,662,112,1,2
113,663,138,3,0
113,674,112,1,2
114,639,115,2,1
114,653,89,0,3
114,662,113,1,2
114,681,115,2,1
115,653,90,0,3
115,662,114,1,2
115,719,114,1,2
116,653,91,0,3
116,662,117,2,1
116,719,115,1,2
117,625,142,3,0
117,626,92,0,3
117,635,92,0,3
117,641,92,0,3
117,650,142,3,0
117,653,92,0,3
117,662,118,2,1
117,666,92,0,3
117,678,142,3,0
117,695,92,0,3
118,629,143,3,0
118,634,93,0,3
118,653,93,0,3
118,662,119,2,1
118,663,143,3,0
118,674,117,1,2
119,627,94,0,3
119,637,144,3,0
119,649,144,3,0
119,651,94,0,3
119,652,144,3,0
119,653,94,0,3
119,657,94,0,3
119,658,120,2,1
119,660,94,0,3
119,661,94,0,3
119,662,120,2,1
119,663,144,3,0
119,679,94,0,3
119,682,94,0,3
119,696,144,3,0
119,697,144,3,0
119,707,144,3,0
119,708,94,0,3
119,722,94,0,3
120,651,95,0,3
120,653,95,0,3
120,658,121,2,1
120,662,121,2,1
120,663,145,3,0
121,651,96,0,3
121,653,96,0,3
121,655,120,1,2
121,658,122,2,1
121,662,122,2,1
121,663,146,3,0
122,651,97,0,3
122,653,97,0,3
122,655,123,2,1
122,658,97,0,3
122,662,147,3,0
122,663,147,3,0
123,651,122,1,2
123,653,122,1,2
123,658,98,0,3
123,662,148,3,0
123,663,122,1,2
124,640,100,2,3
124,651,123,1,2
124,653,123,1,2
124,658,99,0,3
124,662,149,3,0
124,663,123,1,2
124,685,100,2,3
124,689,100,2,3
124,710,100,2,3
125,653,149,3,2
125,662,126,1,1
125,663,149,3,2
125,674,126,1,1
126,653,125,1,1
126,662,127,2,1
127,643,128,2,1
127,653,126,1,2
127,662,128,2,1
127,684,128,2,1
127,691,128,2,1
127,693,128,2,1
127,719,128,2,1
128,662,662,41,0
129,630,154,3,0
129,653,130,2,1
129,656,104,0,3
129,659,154,3,0
129,662,128,1,2
129,671,154,3,0
130,653,131,2,1
130,662,129,1,2
131,629,132,2,1
131,634,132,2,1
131,651,132,2,1
131,653,132,2,1
131,658,106,0,3
131,662,130,1,2
131,663,132,2,1
132,632,107,0,3
132,651,133,2,1
132,653,133,2,1
132,658,107,0,3
132,662,131,1,2
132,663,133,2,1
133,651,134,2,1
133,653,134,2,1
133,658,108,0,3
133,662,132,1,2
133,663,134,2,1
134,651,109,0,3
134,653,109,0,3
134,658,109,0,3
134,662,133,1,2
134,663,159,3,0
135,651,110,0,3
135,653,110,0,3
135,655,134,1,2
135,658,134,1,2
135,662,134,1,2
135,663,160,3,0
136,651,111,0,3
136,653,111,0,3
136,658,135,1,2
136,662,135,1,2
136,663,161,3,0
137,651,112,0,3
137,653,112,0,3
137,658,136,1,2
137,662,136,1,2
137,663,162,3,0
137,687,138,2,1
138,653,113,0,3
138,662,137,1,2
138,663,163,3,0
138,674,137,1,2
139,639,140,2,1
139,653,114,0,3
139,662,138,1,2
139,681,140,2,1
140,653,115,0,3
140,662,139,1,2
140,719,139,1,2
141,653,116,0,3
141,662,142,2,1
141,719,140,1,2
142,625,167,3,0
142,626,117,0,3
142,635,117,0,3
142,641,167,3,0
142,650,167,3,0
142,653,117,0,3
142,662,143,2,1
142,666,117,0,3
142,677,117,0,3
142,695,117,0,3
143,629,168,3,0
143,634,118,0,3
143,653,118,0,3
143,662,144,2,1
143,663,168,3,0
143,674,142,1,2
144,627,169,3,0
144,637,169,3,0
144,649,169,3,0
144,651,119,0,3
144,652,169,3,0
144,653,119,0,3
144,657,169,3,0
144,658,145,2,1
144,660,169,3,0
144,661,119,0,3
144,662,145,2,1
144,663,169,3,0
144,679,119,0,3
144,682,119,0,3
144,696,169,3,0
144,697,169,3,0
144,707,169,3,0
144,708,119,0,3
144,722,119,0,3
145,651,120,0,3
145,653,120,0,3
145,658,146,2,1
145,662,146,2,1
145,663,170,3,0
146,651,121,0,3
146,653,121,0,3
146,655,145,1,2
146,658,147,2,1
146,662,147,2,1
146,663,171,3,0
147,651,122,0,3
147,653,122,0,3
147,655,148,2,1
147,658,122,0,3
147,662,148,2,1
147,663,172,3,0
148,651,147,1,2
148,653,147,1,2
148,658,123,0,3
148,662,149,2,1
148,663,147,1,2
149,640,125,2,3
149,651,148,1,2
149,653,148,1,2
149,658,124,0,3
149,662,125,2,3
149,663,148,1,2
149,685,125,2,3
149,710,125,2,3
150,653,174,3,2
150,662,125,0,2
150,663,174,3,2
150,674,151,1,1
151,653,150,1,1
151,662,126,0,3
152,643,153,2,1
152,653,151,1,2
152,662,127,0,3
152,684,153,2,1
152,691,153,2,1
152,693,153,2,1
152,719,153,2,1
153,662,128,0,3
154,630,179,3,0
154,653,155,2,1
154,656,129,0,3
154,659,179,3,0
154,662,129,0,3
154,671,179,3,0
155,653,156,2,1
155,662,130,0,3
156,629,157,2,1
156,634,157,2,1
156,651,157,2,1
156,653,157,2,1
156,658,131,0,3
156,662,131,0,3
156,663,157,2,1
157,632,132,0,3
157,651,158,2,1
157,653,158,2,1
157,658,132,0,3
157,662,132,0,3
157,663,158,2,1
158,651,159,2,1
158,653,159,2,1
158,658,133,0,3
158,662,133,0,3
158,663,159,2,1
159,651,134,0,3
159,653,134,0,3
159,658,134,0,3
159,662,134,0,3
159,663,184,3,0
160,651,135,0,3
160,653,135,0,3
160,655,159,1,2
160,658,159,1,2
160,662,159,1,2
160,663,185,3,0
161,651,136,0,3
161,653,136,0,3
161,658,160,1,2
161,662,160,1,2
161,663,186,3,0
162,651,137,0,3
162,653,137,0,3
162,658,161,1,2
162,662,161,1,2
162,663,187,3,0
162,687,163,2,1
163,653,138,0,3
163,662,162,1,2
163,663,188,3,0
163,674,162,1,2
164,639,165,2,1
164,653,139,0,3
164,662,163,1,2
164,681,165,2,1
165,653,140,0,3
165,662,164,1,2
165,719,164,1,2
166,653,141,0,3
166,662,167,2,1
166,719,165,1,2
167,625,192,3,0
167,626,142,0,3
167,635,142,0,3
167,641,192,3,0
167,650,192,3,0
167,653,142,0,3
167,662,168,2,1
167,666,142,0,3
167,677,142,0,3
167,678,142,0,3
167,695,142,0,3
168,629,193,3,0
168,634,143,0,3
168,653,143,0,3
168,662,169,2,1
168,663,193,3,0
168,674,167,1,2
169,627,194,3,0
169,637,194,3,0
169,651,144,0,3
169,653,144,0,3
169,657,194,3,0
169,658,170,2,1
169,660,194,3,0
169,661,144,0,3
169,662,170,2,1
169,663,194,3,0
169,679,194,3,0
169,682,144,0,3
169,696,194,3,0
169,707,194,3,0
169,708,144,0,3
169,722,144,0,3
170,651,145,0,3
170,653,145,0,3
170,658,171,2,1
170,662,171,2,1
170,663,195,3,0
171,651,146,0,3
171,653,146,0,3
171,655,170,1,2
171,658,172,2,1
171,662,172,2,1
171,663,196,3,0
172,651,147,0,3
172,653,147,0,3
172,655,173,2,1
172,658,147,0,3
172,662,147,0,3
172,663,197,3,0
173,651,172,1,2
173,653,172,1,2
173,658,148,0,3
173,662,148,0,3
173,663,172,1,2
174,640,150,2,3
174,651,173,1,2
174,653,173,1,2
174,658,149,0,3
174,662,149,0,3
174,663,173,1,2
174,685,150,2,3
174,689,150,2,3
174,710,150,2,3
175,653,199,3,2
175,662,150,0,2
175,663,199,3,2
175,674,176,1,1
176,653,175,1,1
176,662,151,0,3
177,653,176,1,2
177,662,152,0,3
177,684,178,2,1
177,691,178,2,1
177,693,178,2,1
177,719,178,2,1
178,662,153,0,3
179,630,204,3,0
179,653,180,2,1
179,656,154,0,3
179,659,204,3,0
179,662,154,0,3
179,671,204,3,0
180,653,181,2,1
180,662,155,0,3
181,629,182,2,1
181,634,182,2,1
181,651,182,2,1
181,653,182,2,1
181,658,156,0,3
181,662,156,0,3
181,663,182,2,1
182,632,157,0,3
182,651,183,2,1
182,653,183,2,1
182,658,157,0,3
182,662,157,0,3
182,663,183,2,1
183,651,184,2,1
183,653,184,2,1
183,658,158,0,3
183,662,158,0,3
183,663,184,2,1
184,634,159,0,3
184,658,159,0,3
184,662,159,0,3
184,663,209,3,0
185,634,160,0,3
185,651,160,0,3
185,653,160,0,3
185,655,184,1,2
185,658,184,1,2
185,662,184,1,2
185,663,210,3,0
186,634,161,0,3
186,651,161,0,3
186,653,161,0,3
186,658,185,1,2
186,662,185,1,2
186,663,211,3,0
187,634,162,0,3
187,651,162,0,3
187,653,162,0,3
187,658,186,1,2
187,662,186,1,2
187,663,212,3,0
187,687,188,2,1
188,653,163,0,3
188,662,187,1,2
188,663,213,3,0
188,674,187,1,2
189,639,190,2,1
189,653,164,0,3
189,662,188,1,2
189,681,190,2,1
190,653,165,0,3
190,662,189,1,2
190,719,189,1,2
191,653,166,0,3
191,662,192,2,1
191,719,190,1,2
192,625,217,3,0
192,626,167,0,3
192,635,167,0,3
192,641,217,3,0
192,650,217,3,0
192,653,167,0,3
192,662,193,2,1
192,666,167,0,3
192,677,167,0,3
192,678,167,0,3
192,695,167,0,3
193,629,218,3,0
193,634,168,0,3
193,653,168,0,3
193,662,194,2,1
193,663,218,3,0
193,674,192,1,2
194,627,219,3,0
194,634,169,0,3
194,637,219,3,0
194,649,169,0,3
194,651,169,0,3
194,652,169,0,3
194,653,169,0,3
194,657,219,3,0
194,658,195,2,1
194,660,219,3,0
194,661,169,0,3
194,662,195,2,1
194,663,219,3,0
194,679,219,3,0
194,682,169,0,3
194,696,219,3,0
194,697,169,0,3
194,707,219,3,0
194,708,169,0,3
194,722,169,0,3
195,634,170,0,3
195,651,170,0,3
195,653,170,0,3
195,658,196,2,1
195,662,196,2,1
195,663,220,3,0
196,634,171,0,3
196,651,171,0,3
196,653,171,0,3
196,655,195,1,2
196,658,197,2,1
196,662,197,2,1
196,663,221,3,0
197,634,172,0,3
197,655,198,2,1
197,658,172,0,3
197,662,172,0,3
197,663,222,3,0
198,651,197,1,2
198,653,197,1,2
198,658,173,0,3
198,662,173,0,3
198,663,197,1,2
199,651,198,1,2
199,653,198,1,2
199,658,174,0,3
199,662,174,0,3
199,663,198,1,2
199,685,175,2,3
199,689,175,2,3
199,710,175,2,3
200,653,224,3,2
200,662,175,0,2
200,663,224,3,2
200,674,201,1,1
201,653,200,1,1
201,662,176,0,3
202,643,203,2,1
202,653,201,1,2
202,662,177,0,3
202,684,203,2,1
202,693,203,2,1
202,719,203,2,1
203,662,178,0,3
204,630,229,3,0
204,653,205,2,1
204,656,179,0,3
204,659,229,3,0
204,662,179,0,3
204,671,229,3,0
205,653,206,2,1
205,662,180,0,3
206,629,207,2,1
206,634,207,2,1
206,651,207,2,1
206,653,207,2,1
206,658,181,0,3
206,662,181,0,3
206,663,207,2,1
207,632,182,0,3
207,651,208,2,1
207,653,208,2,1
207,658,182,0,3
207,662,182,0,3
207,663,208,2,1
208,651,209,2,1
208,653,209,2,1
208,658,183,0,3
208,662,183,0,3
208,663,209,2,1
209,653,234,3,0
209,658,184,0,3
209,662,184,0,3
209,663,234,3,0
210,651,185,0,3
210,653,235,3,0
210,655,209,1,2
210,658,209,1,2
210,662,209,1,2
210,663,235,3,0
211,651,186,0,3
211,653,236,3,0
211,658,210,1,2
211,662,210,1,2
211,663,236,3,0
212,651,187,0,3
212,653,237,3,0
212,658,211,1,2
212,662,211,1,2
212,663,237,3,0
212,687,213,2,1
213,653,238,3,0
213,662,212,1,2
213,663,238,3,0
213,674,212,1,2
214,639,215,2,1
214,653,239,3,0
214,662,213,1,2
214,681,215,2,1
215,653,240,3,0
215,662,214,1,2
215,719,214,1,2
216,653,241,3,0
216,662,217,2,1
216,719,215,1,2
217,625,242,3,0
217,626,192,0,3
217,635,192,0,3
217,641,242,3,0
217,650,242,3,0
217,653,242,3,0
217,662,218,2,1
217,666,192,0,3
217,677,192,0,3
217,678,192,0,3
217,695,192,0,3
218,629,243,3,0
218,634,243,3,0
218,653,243,3,0
218,662,219,2,1
218,663,243,3,0
218,674,217,1,2
219,627,244,3,0
219,649,194,0,3
219,651,194,0,3
219,652,194,0,3
219,653,244,3,0
219,657,244,3,0
219,658,220,2,1
219,660,244,3,0
219,661,194,0,3
219,662,220,2,1
219,663,244,3,0
219,679,244,3,0
219,682,194,0,3
219,696,244,3,0
219,697,194,0,3
219,707,244,3,0
219,708,194,0,3
219,722,194,0,3
220,651,195,0,3
220,653,245,3,0
220,658,221,2,1
220,662,221,2,1
220,663,245,3,0
221,651,196,0,3
221,653,246,3,0
221,655,220,1,2
221,658,222,2,1
221,662,222,2,1
221,663,246,3,0
222,653,247,3,0
222,655,223,2,1
222,658,197,0,3
222,662,197,0,3
222,663,247,3,0
223,651,222,1,2
223,653,222,1,2
223,658,198,0,3
223,662,198,0,3
223,663,222,1,2
224,640,200,2,3
224,651,223,1,2
224,653,223,1,2
224,658,199,0,3
224,662,199,0,3
224,663,223,1,2
224,685,200,2,3
224,689,200,2,3
224,710,200,2,3
225,653,249,3,2
225,662,200,0,2
225,663,249,3,2
225,674,226,1,1
226,653,225,1,1
226,662,201,0,3
227,643,228,2,1
227,653,226,1,2
227,662,202,0,3
227,684,228,2,1
227,691,228,2,1
227,693,228,2,1
227,719,228,2,1
228,662,203,0,3
229,653,230,2,1
229,656,204,0,3
229,659,254,3,0
229,662,204,0,3
229,671,254,3,0
230,653,231,2,1
230,662,205,0,3
231,629,232,2,1
231,634,232,2,1
231,651,232,2,1
231,653,232,2,1
231,658,206,0,3
231,662,206,0,3
231,663,232,2,1
232,632,257,3,0
232,651,233,2,1
232,653,233,2,1
232,658,207,0,3
232,662,207,0,3
232,663,233,2,1
233,651,234,2,1
233,653,234,2,1
233,658,208,0,3
233,662,208,0,3
233,663,234,2,1
234,653,259,3,0
234,658,209,0,3
234,662,209,0,3
234,663,259,3,0
235,651,210,0,3
235,653,260,3,0
235,655,234,1,2
235,658,234,1,2
235,662,234,1,2
235,663,260,3,0
236,651,211,0,3
236,653,261,3,0
236,658,235,1,2
236,662,235,1,2
236,663,261,3,0
237,651,212,0,3
237,653,262,3,0
237,658,236,1,2
237,662,236,1,2
237,663,262,3,0
237,687,238,2,1
238,653,263,3,0
238,662,237,1,2
238,663,263,3,0
238,674,237,1,2
239,639,240,2,1
239,653,264,3,0
239,662,238,1,2
239,681,240,2,1
240,653,265,3,0
240,662,239,1,2
240,719,239,1,2
241,653,266,3,0
241,662,242,2,1
241,719,240,1,2
242,625,267,3,0
242,626,217,0,3
242,635,217,0,3
242,641,267,3,0
242,650,267,3,0
242,653,267,3,0
242,662,243,2,1
242,666,217,0,3
242,677,217,0,3
242,678,217,0,3
242,695,217,0,3
243,629,268,3,0
243,634,268,3,0
243,653,268,3,0
243,662,244,2,1
243,663,268,3,0
243,674,242,1,2
244,627,269,3,0
244,637,219,0,3
244,649,219,0,3
244,651,219,0,3
244,652,219,0,3
244,653,269,3,0
244,657,269,3,0
244,658,245,2,1
244,660,269,3,0
244,661,219,0,3
244,662,245,2,1
244,663,269,3,0
244,679,269,3,0
244,682,219,0,3
244,696,269,3,0
244,697,219,0,3
244,707,269,3,0
244,708,219,0,3
244,722,219,0,3
245,651,220,0,3
245,653,270,3,0
245,658,246,2,1
245,662,246,2,1
245,663,270,3,0
246,651,221,0,3
246,653,271,3,0
246,655,245,1,2
246,658,247,2,1
246,662,247,2,1
246,663,271,3,0
247,653,272,3,0
247,655,248,2,1
247,658,222,0,3
247,662,222,0,3
247,663,272,3,0
248,651,247,1,2
248,653,247,1,2
248,658,223,0,3
248,662,223,0,3
248,663,247,1,2
249,640,225,2,3
249,651,248,1,2
249,653,248,1,2
249,658,224,0,3
249,662,224,0,3
249,663,248,1,2
249,685,225,2,3
249,689,225,2,3
249,710,225,2,3
250,653,274,3,2
250,662,225,0,2
250,663,274,3,2
250,674,251,1,1
251,653,250,1,1
251,662,226,0,3
252,643,253,2,1
252,653,251,1,2
252,662,227,0,3
252,684,253,2,1
252,691,253,2,1
252,693,253,2,1
252,719,253,2,1
253,662,228,0,3
254,630,229,0,3
254,653,255,2,1
254,656,229,0,3
254,659,279,3,0
254,662,229,0,3
255,653,256,2,1
255,662,230,0,3
256,629,257,2,1
256,634,257,2,1
256,651,257,2,1
256,653,257,2,1
256,658,281,3,0
256,662,231,0,3
256,663,257,2,1
257,632,282,3,0
257,651,258,2,1
257,653,258,2,1
257,658,282,3,0
257,662,232,0,3
257,663,258,2,1
258,651,259,2,1
258,653,259,2,1
258,658,283,3,0
258,662,233,0,3
258,663,259,2,1
259,651,284,3,0
259,653,284,3,0
259,662,234,0,3
259,663,284,3,0
260,651,285,3,0
260,653,285,3,0
260,655,259,1,2
260,658,259,1,2
260,662,259,1,2
260,663,285,3,0
261,651,286,3,0
261,653,286,3,0
261,658,260,1,2
261,662,260,1,2
261,663,286,3,0
262,651,287,3,0
262,653,287,3,0
262,658,261,1,2
262,662,261,1,2
262,663,287,3,0
262,687,263,2,1
263,653,288,3,0
263,662,262,1,2
263,663,288,3,0
263,674,262,1,2
264,639,265,2,1
264,653,289,3,0
264,662,263,1,2
264,681,265,2,1
265,653,290,3,0
265,662,264,1,2
265,719,264,1,2
266,653,291,3,0
266,662,267,2,1
266,719,265,1,2
267,625,292,3,0
267,626,242,0,3
267,635,292,3,0
267,641,292,3,0
267,650,292,3,0
267,653,292,3,0
267,662,268,2,1
267,666,242,0,3
267,677,242,0,3
267,678,242,0,3
267,695,242,0,3
268,629,293,3,0
268,634,293,3,0
268,653,293,3,0
268,662,269,2,1
268,663,293,3,0
268,674,267,1,2
269,627,294,3,0
269,637,244,0,3
269,649,244,0,3
269,651,294,3,0
269,652,244,0,3
269,653,294,3,0
269,657,294,3,0
269,658,270,2,1
269,660,294,3,0
269,661,244,0,3
269,662,270,2,1
269,663,294,3,0
269,679,294,3,0
269,682,244,0,3
269,696,294,3,0
269,697,244,0,3
269,707,294,3,0
269,708,244,0,3
269,722,244,0,3
270,651,295,3,0
270,653,295,3,0
270,658,271,2,1
270,662,271,2,1
270,663,295,3,0
271,651,296,3,0
271,653,296,3,0
271,655,270,1,2
271,658,272,2,1
271,662,272,2,1
271,663,296,3,0
272,651,297,3,0
272,653,297,3,0
272,655,273,2,1
272,662,247,0,3
272,663,297,3,0
273,651,272,1,2
273,653,272,1,2
273,658,298,3,0
273,662,248,0,3
273,663,272,1,2
274,640,250,2,3
274,651,273,1,2
274,653,273,1,2
274,658,299,3,0
274,662,249,0,3
274,663,273,1,2
274,685,250,2,3
274,689,250,2,3
274,710,250,2,3
275,653,299,3,2
275,662,250,0,2
275,663,299,3,2
275,674,276,1,1
276,653,275,1,1
276,662,251,0,3
277,643,278,2,1
277,653,276,1,2
277,662,252,0,3
277,684,278,2,1
277,691,278,2,1
277,693,278,2,1
277,719,278,2,1
278,662,253,0,3
279,630,254,0,3
279,653,280,2,1
279,656,254,0,3
279,659,304,3,0
279,662,254,0,3
279,671,254,0,3
280,653,281,2,1
280,662,255,0,3
281,629,282,2,1
281,634,282,2,1
281,651,282,2,1
281,653,282,2,1
281,658,306,3,0
281,662,256,0,3
281,663,282,2,1
282,632,307,3,0
282,651,283,2,1
282,653,283,2,1
282,658,307,3,0
282,662,257,0,3
282,663,283,2,1
283,651,284,2,1
283,653,284,2,1
283,658,308,3,0
283,662,258,0,3
283,663,284,2,1
284,651,309,3,0
284,653,309,3,0
284,662,259,0,3
284,674,259,0,3
285,651,310,3,0
285,653,310,3,0
285,655,284,1,2
285,658,284,1,2
285,662,284,1,2
285,663,310,3,0
285,674,260,0,3
286,651,311,3,0
286,653,311,3,0
286,658,285,1,2
286,662,285,1,2
286,663,311,3,0
286,674,261,0,3
287,651,312,3,0
287,653,312,3,0
287,658,286,1,2
287,662,286,1,2
287,663,312,3,0
287,674,262,0,3
287,687,288,2,1
288,653,313,3,0
288,662,287,1,2
288,663,313,3,0
288,674,287,1,2
289,639,290,2,1
289,653,314,3,0
289,662,288,1,2
289,681,290,2,1
290,653,315,3,0
290,662,289,1,2
290,719,289,1,2
291,653,316,3,0
291,662,292,2,1
291,719,290,1,2
292,625,317,3,0
292,626,267,0,3
292,635,317,3,0
292,641,317,3,0
292,650,317,3,0
292,653,317,3,0
292,662,293,2,1
292,666,267,0,3
292,677,267,0,3
292,678,267,0,3
292,695,317,3,0
293,629,318,3,0
293,634,318,3,0
293,653,318,3,0
293,662,294,2,1
293,663,318,3,0
293,674,292,1,2
294,627,319,3,0
294,637,269,0,3
294,649,269,0,3
294,651,319,3,0
294,652,269,0,3
294,653,319,3,0
294,657,319,3,0
294,658,295,2,1
294,660,319,3,0
294,661,269,0,3
294,662,295,2,1
294,663,319,3,0
294,674,269,0,3
294,679,319,3,0
294,682,269,0,3
294,696,319,3,0
294,697,269,0,3
294,707,319,3,0
294,708,269,0,3
294,722,269,0,3
295,651,320,3,0
295,653,320,3,0
295,658,296,2,1
295,662,296,2,1
295,663,320,3,0
295,674,270,0,3
296,651,321,3,0
296,653,321,3,0
296,655,295,1,2
296,658,297,2,1
296,662,297,2,1
296,663,321,3,0
296,674,271,0,3
297,651,322,3,0
297,653,322,3,0
297,655,298,2,1
297,662,272,0,3
297,674,272,0,3
298,651,297,1,2
298,653,297,1,2
298,658,323,3,0
298,662,273,0,3
298,663,297,1,2
299,640,275,2,3
299,651,298,1,2
299,653,298,1,2
299,658,324,3,0
299,662,274,0,3
299,663,298,1,2
299,685,275,2,3
299,689,275,2,3
299,710,275,2,3
300,653,324,3,2
300,662,275,0,2
300,663,324,3,2
300,674,301,1,1
301,653,300,1,1
301,662,276,0,3
302,643,303,2,1
302,653,301,1,2
302,662,277,0,3
302,684,303,2,1
302,691,303,2,1
302,693,303,2,1
302,719,303,2,1
303,662,278,0,3
304,630,279,0,3
304,653,305,2,1
304,656,279,0,3
304,659,329,3,0
304,662,279,0,3
304,671,279,0,3
305,653,306,2,1
305,662,280,0,3
306,629,307,2,1
306,634,307,2,1
306,651,307,2,1
306,653,307,2,1
306,658,331,3,0
306,662,281,0,3
306,663,307,2,1
307,632,332,3,0
307,651,308,2,1
307,653,308,2,1
307,658,332,3,0
307,662,282,0,3
307,663,308,2,1
308,651,309,2,1
308,653,309,2,1
308,658,333,3,0
308,662,283,0,3
308,663,309,2,1
309,651,334,3,0
309,653,334,3,0
309,662,284,0,3
310,651,335,3,0
310,653,335,3,0
310,655,309,1,2
310,658,309,1,2
310,662,309,1,2
310,663,335,3,0
311,651,336,3,0
311,653,336,3,0
311,658,310,1,2
311,662,310,1,2
311,663,336,3,0
312,651,337,3,0
312,653,337,3,0
312,658,311,1,2
312,662,311,1,2
312,663,337,3,0
312,687,313,2,1
313,653,338,3,0
313,662,312,1,2
313,663,338,3,0
313,674,312,1,2
314,639,315,2,1
314,653,339,3,0
314,662,313,1,2
314,681,315,2,1
315,653,340,3,0
315,662,314,1,2
315,719,314,1,2
316,653,341,3,0
316,662,317,2,1
316,719,315,1,2
317,625,342,3,0
317,626,292,0,3
317,635,342,3,0
317,641,342,3,0
317,650,342,3,0
317,653,342,3,0
317,662,318,2,1
317,666,292,0,3
317,677,292,0,3
317,678,292,0,3
317,695,342,3,0
318,629,343,3,0
318,634,343,3,0
318,653,343,3,0
318,662,319,2,1
318,663,343,3,0
318,674,317,1,2
319,627,344,3,0
319,637,294,0,3
319,649,294,0,3
319,651,344,3,0
319,652,294,0,3
319,653,344,3,0
319,657,344,3,0
319,658,320,2,1
319,660,344,3,0
319,661,294,0,3
319,662,320,2,1
319,663,344,3,0
319,679,344,3,0
319,682,294,0,3
319,696,344,3,0
319,697,294,0,3
319,707,344,3,0
319,708,344,3,0
319,722,294,0,3
320,651,345,3,0
320,653,345,3,0
320,658,321,2,1
320,662,321,2,1
320,663,345,3,0
321,651,346,3,0
321,653,346,3,0
321,655,320,1,2
321,658,322,2,1
321,662,322,2,1
321,663,346,3,0
322,651,347,3,0
322,653,347,3,0
322,655,323,2,1
322,662,297,0,3
323,651,322,1,2
323,653,322,1,2
323,658,348,3,0
323,662,298,0,3
323,663,322,1,2
324,640,300,2,3
324,651,323,1,2
324,653,323,1,2
324,658,349,3,0
324,662,299,0,3
324,663,323,1,2
324,685,300,2,3
324,689,300,2,3
324,710,300,2,3
325,653,349,3,2
325,662,300,0,2
325,663,349,3,2
325,674,326,1,1
326,653,325,1,1
326,662,301,0,3
327,643,328,2,1
327,653,326,1,2
327,662,302,0,3
327,684,328,2,1
327,691,328,2,1
327,719,328,2,1
328,662,303,0,3
329,630,304,0,3
329,653,330,2,1
329,656,304,0,3
329,659,354,3,0
329,662,304,0,3
329,671,304,0,3
330,653,331,2,1
330,662,305,0,3
331,629,332,2,1
331,634,332,2,1
331,651,332,2,1
331,653,332,2,1
331,658,356,3,0
331,662,306,0,3
331,663,332,2,1
332,632,357,3,0
332,651,333,2,1
332,653,333,2,1
332,658,357,3,0
332,662,307,0,3
332,663,333,2,1
333,651,334,2,1
333,653,334,2,1
333,658,358,3,0
333,662,308,0,3
333,663,334,2,1
334,629,359,3,0
334,651,359,3,0
334,653,359,3,0
334,662,309,0,3
335,629,360,3,0
335,651,360,3,0
335,653,360,3,0
335,655,334,1,2
335,658,334,1,2
335,662,334,1,2
335,663,360,3,0
336,629,361,3,0
336,651,361,3,0
336,653,361,3,0
336,658,335,1,2
336,662,335,1,2
336,663,361,3,0
337,629,362,3,0
337,651,362,3,0
337,653,362,3,0
337,658,336,1,2
337,662,336,1,2
337,663,362,3,0
337,687,338,2,1
338,653,363,3,0
338,662,337,1,2
338,663,363,3,0
338,674,337,1,2
339,639,340,2,1
339,653,364,3,0
339,662,338,1,2
339,681,340,2,1
340,653,365,3,0
340,662,339,1,2
340,719,339,1,2
341,653,366,3,0
341,662,342,2,1
341,719,340,1,2
342,625,367,3,0
342,626,317,0,3
342,635,367,3,0
342,641,367,3,0
342,650,367,3,0
342,653,367,3,0
342,662,343,2,1
342,666,317,0,3
342,677,317,0,3
342,678,317,0,3
342,695,367,3,0
343,629,368,3,0
343,634,368,3,0
343,653,368,3,0
343,662,344,2,1
343,663,368,3,0
343,674,342,1,2
344,627,369,3,0
344,629,369,3,0
344,637,319,0,3
344,649,319,0,3
344,651,369,3,0
344,652,319,0,3
344,653,369,3,0
344,657,369,3,0
344,658,345,2,1
344,660,369,3,0
344,661,369,3,0
344,662,345,2,1
344,663,369,3,0
344,679,369,3,0
344,682,319,0,3
344,696,369,3,0
344,697,319,0,3
344,707,369,3,0
344,708,369,3,0
344,722,319,0,3
345,629,370,3,0
345,651,370,3,0
345,653,370,3,0
345,658,346,2,1
345,662,346,2,1
345,663,370,3,0
346,629,371,3,0
346,651,371,3,0
346,653,371,3,0
346,655,345,1,2
346,658,347,2,1
346,662,347,2,1
346,663,371,3,0
347,629,372,3,0
347,651,372,3,0
347,653,372,3,0
347,655,348,2,1
347,662,322,0,3
348,651,347,1,2
348,653,347,1,2
348,658,373,3,0
348,662,323,0,3
348,663,347,1,2
349,640,325,2,3
349,651,348,1,2
349,653,348,1,2
349,658,374,3,0
349,662,324,0,3
349,663,348,1,2
349,685,325,2,3
349,689,325,2,3
349,710,325,2,3
350,653,374,3,2
350,662,325,0,2
350,663,374,3,2
350,674,351,1,1
351,653,350,1,1
351,662,326,0,3
352,643,353,2,1
352,653,351,1,2
352,662,327,0,3
352,684,353,2,1
352,691,353,2,1
352,693,353,2,1
352,719,353,2,1
353,662,328,0,3
354,630,329,0,3
354,653,355,2,1
354,656,329,0,3
354,659,379,3,0
354,662,329,0,3
354,671,329,0,3
355,653,356,2,1
355,662,330,0,3
356,629,357,2,1
356,634,357,2,1
356,651,357,2,1
356,653,357,2,1
356,658,381,3,0
356,662,331,0,3
356,663,357,2,1
357,632,382,3,0
357,651,358,2,1
357,653,358,2,1
357,658,382,3,0
357,662,332,0,3
357,663,358,2,1
358,651,359,2,1
358,653,359,2,1
358,658,383,3,0
358,662,333,0,3
358,663,359,2,1
359,629,360,2,1
359,651,384,3,0
359,653,384,3,0
359,655,334,0,3
359,662,334,0,3
360,629,361,2,1
360,651,385,3,0
360,653,385,3,0
360,655,359,1,2
360,658,359,1,2
360,662,359,1,2
360,663,385,3,0
361,629,362,2,1
361,651,386,3,0
361,653,386,3,0
361,658,360,1,2
361,662,360,1,2
361,663,386,3,0
362,629,363,2,1
362,651,387,3,0
362,653,387,3,0
362,658,361,1,2
362,662,361,1,2
362,663,387,3,0
363,653,388,3,0
363,662,362,1,2
363,663,388,3,0
363,674,362,1,2
364,639,365,2,1
364,653,389,3,0
364,662,363,1,2
364,681,365,2,1
365,653,390,3,0
365,662,364,1,2
365,719,364,1,2
366,653,391,3,0
366,662,367,2,1
366,719,365,1,2
367,626,342,0,3
367,635,392,3,0
367,641,392,3,0
367,650,392,3,0
367,653,392,3,0
367,662,368,2,1
367,666,342,0,3
367,677,342,0,3
367,678,342,0,3
367,695,392,3,0
368,629,629,8,0
368,634,393,3,0
368,653,393,3,0
368,662,369,2,1
368,663,393,3,0
368,674,367,1,2
369,627,394,3,0
369,629,368,1,2
369,637,344,0,3
369,649,344,0,3
369,651,394,3,0
369,652,344,0,3
369,653,394,3,0
369,657,394,3,0
369,658,370,2,1
369,660,394,3,0
369,661,394,3,0
369,662,370,2,1
369,663,394,3,0
369,679,394,3,0
369,682,394,3,0
369,696,394,3,0
369,697,344,0,3
369,707,394,3,0
369,708,394,3,0
369,722,344,0,3
370,629,369,1,2
370,651,395,3,0
370,653,395,3,0
370,658,371,2,1
370,662,371,2,1
370,663,395,3,0
371,629,370,1,2
371,651,396,3,0
371,653,396,3,0
371,655,370,1,2
371,658,372,2,1
371,662,372,2,1
371,663,396,3,0
372,629,371,1,2
372,651,397,3,0
372,653,397,3,0
372,655,373,2,1
372,662,347,0,3
373,651,372,1,2
373,653,372,1,2
373,658,398,3,0
373,662,348,0,3
373,663,372,1,2
374,640,350,2,3
374,651,373,1,2
374,653,373,1,2
374,658,399,3,0
374,662,349,0,3
374,663,373,1,2
374,689,350,2,3
374,710,350,2,3
375,653,399,3,2
375,662,350,0,2
375,663,399,3,2
375,674,376,1,1
376,653,375,1,1
376,662,351,0,3
377,643,378,2,1
377,653,376,1,2
377,662,352,0,3
377,684,378,2,1
377,691,378,2,1
377,693,378,2,1
377,719,378,2,1
378,662,353,0,3
379,630,354,0,3
379,653,380,2,1
379,656,354,0,3
379,659,404,3,0
379,662,354,0,3
379,671,354,0,3
380,653,381,2,1
380,662,355,0,3
381,629,382,2,1
381,634,382,2,1
381,651,382,2,1
381,653,382,2,1
381,658,406,3,0
381,662,356,0,3
381,663,382,2,1
382,632,407,3,0
382,651,383,2,1
382,653,383,2,1
382,658,407,3,0
382,662,357,0,3
382,663,383,2,1
383,651,384,2,1
383,653,384,2,1
383,658,408,3,0
383,662,358,0,3
383,663,384,2,1
384,651,409,3,0
384,653,409,3,0
384,655,359,0,3
384,658,409,3,0
384,662,359,0,3
384,663,385,2,1
385,651,410,3,0
385,653,410,3,0
385,655,384,1,2
385,658,384,1,2
385,662,384,1,2
385,663,386,2,1
386,651,411,3,0
386,653,411,3,0
386,658,385,1,2
386,662,385,1,2
386,663,387,2,1
387,651,412,3,0
387,653,412,3,0
387,658,386,1,2
387,662,386,1,2
387,663,388,2,1
387,687,388,2,1
388,653,413,3,0
388,662,387,1,2
388,663,663,42,0
388,674,387,1,2
389,639,390,2,1
389,653,414,3,0
389,662,388,1,2
389,681,390,2,1
390,653,415,3,0
390,662,389,1,2
390,719,389,1,2
391,653,416,3,0
391,662,392,2,1
391,719,390,1,2
392,625,367,0,3
392,626,367,0,3
392,635,417,3,0
392,641,417,3,0
392,650,417,3,0
392,653,417,3,0
392,662,393,2,1
392,666,417,3,0
392,677,367,0,3
392,678,367,0,3
392,695,417,3,0
393,629,368,0,3
393,634,418,3,0
393,653,418,3,0
393,662,394,2,1
393,674,392,1,2
394,627,419,3,0
394,637,369,0,3
394,649,369,0,3
394,651,419,3,0
394,652,369,0,3
394,653,419,3,0
394,657,419,3,0
394,658,395,2,1
394,660,419,3,0
394,661,419,3,0
394,662,395,2,1
394,663,393,1,2
394,679,419,3,0
394,682,419,3,0
394,696,419,3,0
394,697,369,0,3
394,708,419,3,0
394,722,369,0,3
395,651,420,3,0
395,653,420,3,0
395,658,396,2,1
395,662,396,2,1
395,663,394,1,2
396,651,421,3,0
396,653,421,3,0
396,655,395,1,2
396,658,397,2,1
396,662,397,2,1
396,663,395,1,2
397,651,422,3,0
397,653,422,3,0
397,655,398,2,1
397,658,422,3,0
397,662,372,0,3
397,663,396,1,2
398,651,397,1,2
398,653,397,1,2
398,658,423,3,0
398,662,373,0,3
398,663,397,1,2
399,640,375,2,3
399,651,398,1,2
399,653,398,1,2
399,658,424,3,0
399,662,374,0,3
399,663,398,1,2
399,685,375,2,3
399,689,375,2,3
399,710,375,2,3
400,653,424,3,2
400,662,375,0,2
400,663,424,3,2
400,674,401,1,1
401,653,400,1,1
401,662,376,0,3
402,643,403,2,1
402,653,401,1,2
402,662,377,0,3
402,684,403,2,1
402,691,403,2,1
402,693,403,2,1
402,719,403,2,1
403,662,378,0,3
404,630,379,0,3
404,653,405,2,1
404,656,379,0,3
404,662,379,0,3
404,671,379,0,3
405,653,406,2,1
405,662,380,0,3
406,629,407,2,1
406,634,407,2,1
406,651,407,2,1
406,653,407,2,1
406,658,431,3,0
406,662,381,0,3
406,663,407,2,1
407,632,432,3,0
407,651,408,2,1
407,653,408,2,1
407,658,432,3,0
407,662,382,0,3
407,663,408,2,1
408,651,409,2,1
408,653,409,2,1
408,658,433,3,0
408,662,383,0,3
408,663,409,2,1
409,651,434,3,0
409,653,434,3,0
409,658,434,3,0
409,662,384,0,3
409,663,384,0,3
410,651,435,3,0
410,653,435,3,0
410,655,409,1,2
410,658,409,1,2
410,662,409,1,2
410,663,385,0,3
411,651,436,3,0
411,653,436,3,0
411,658,410,1,2
411,662,410,1,2
411,663,386,0,3
412,651,437,3,0
412,653,437,3,0
412,658,411,1,2
412,662,411,1,2
412,663,387,0,3
412,687,413,2,1
413,653,438,3,0
413,662,412,1,2
413,663,388,0,3
413,674,412,1,2
414,653,439,3,0
414,662,413,1,2
414,681,415,2,1
415,653,440,3,0
415,662,414,1,2
415,719,414,1,2
416,653,441,3,0
416,662,417,2,1
416,719,415,1,2
417,625,392,0,3
417,626,442,3,0
417,635,442,3,0
417,641,442,3,0
417,653,442,3,0
417,662,418,2,1
417,666,442,3,0
417,677,392,0,3
417,678,392,0,3
417,695,442,3,0
418,629,393,0,3
418,634,443,3,0
418,653,443,3,0
418,662,419,2,1
418,663,393,0,3
418,674,417,1,2
419,627,444,3,0
419,637,394,0,3
419,649,394,0,3
419,651,444,3,0
419,652,394,0,3
419,653,444,3,0
419,657,444,3,0
419,658,420,2,1
419,660,444,3,0
419,661,444,3,0
419,662,420,2,1
419,663,394,0,3
419,679,444,3,0
419,682,444,3,0
419,697,394,0,3
419,707,394,0,3
419,708,444,3,0
419,722,444,3,0
420,651,445,3,0
420,653,445,3,0
420,658,421,2,1
420,662,421,2,1
420,663,395,0,3
421,651,446,3,0
421,653,446,3,0
421,655,420,1,2
421,658,422,2,1
421,662,422,2,1
421,663,396,0,3
422,651,447,3,0
422,653,447,3,0
422,655,423,2,1
422,658,447,3,0
422,662,397,0,3
422,663,397,0,3
423,651,422,1,2
423,653,422,1,2
423,658,448,3,0
423,662,398,0,3
423,663,422,1,2
424,640,400,2,3
424,651,423,1,2
424,653,423,1,2
424,658,449,3,0
424,662,399,0,3
424,663,423,1,2
424,685,400,2,3
424,689,400,2,3
424,710,400,2,3
425,653,449,3,2
425,662,400,0,2
425,663,449,3,2
425,674,426,1,1
426,653,425,1,1
426,662,401,0,3
427,643,428,2,1
427,653,426,1,2
427,662,402,0,3
427,684,428,2,1
427,691,428,2,1
427,693,428,2,1
427,719,428,2,1
428,662,403,0,3
429,630,404,0,3
429,653,430,2,1
429,656,454,3,0
429,659,404,0,3
429,662,404,0,3
429,671,404,0,3
430,653,431,2,1
430,662,405,0,3
431,629,432,2,1
431,634,432,2,1
431,651,432,2,1
431,653,432,2,1
431,658,456,3,0
431,662,406,0,3
431,663,432,2,1
432,632,457,3,0
432,651,433,2,1
432,653,433,2,1
432,658,457,3,0
432,662,407,0,3
432,663,433,2,1
433,651,434,2,1
433,653,434,2,1
433,658,458,3,0
433,662,408,0,3
433,663,434,2,1
434,651,459,3,0
434,653,459,3,0
434,658,459,3,0
434,662,409,0,3
434,663,409,0,3
435,651,460,3,0
435,653,460,3,0
435,655,434,1,2
435,658,434,1,2
435,662,434,1,2
435,663,410,0,3
436,651,461,3,0
436,653,461,3,0
436,658,435,1,2
436,662,435,1,2
436,663,411,0,3
437,651,462,3,0
437,653,462,3,0
437,658,436,1,2
437,662,436,1,2
437,663,412,0,3
437,687,438,2,1
438,653,463,3,0
438,662,437,1,2
438,663,413,0,3
438,674,437,1,2
439,639,440,2,1
439,653,464,3,0
439,662,438,1,2
439,681,440,2,1
440,653,465,3,0
440,662,439,1,2
440,719,439,1,2
441,653,466,3,0
441,662,442,2,1
441,719,440,1,2
442,625,417,0,3
442,626,467,3,0
442,635,467,3,0
442,650,417,0,3
442,653,467,3,0
442,662,443,2,1
442,666,467,3,0
442,677,467,3,0
442,678,417,0,3
442,695,467,3,0
443,629,418,0,3
443,634,468,3,0
443,653,468,3,0
443,662,444,2,1
443,663,418,0,3
443,674,442,1,2
444,637,419,0,3
444,649,419,0,3
444,651,469,3,0
444,652,419,0,3
444,653,469,3,0
444,658,445,2,1
444,661,469,3,0
444,662,445,2,1
444,663,419,0,3
444,679,469,3,0
444,682,469,3,0
444,696,419,0,3
444,697,419,0,3
444,707,419,0,3
444,708,469,3,0
444,722,469,3,0
445,651,470,3,0
445,653,470,3,0
445,658,446,2,1
445,662,446,2,1
445,663,420,0,3
446,651,471,3,0
446,653,471,3,0
446,655,445,1,2
446,658,447,2,1
446,662,447,2,1
446,663,421,0,3
447,651,472,3,0
447,653,472,3,0
447,655,448,2,1
447,658,472,3,0
447,662,422,0,3
447,663,422,0,3
448,651,447,1,2
448,653,447,1,2
448,658,473,3,0
448,662,423,0,3
448,663,447,1,2
449,640,425,2,3
449,651,448,1,2
449,653,448,1,2
449,658,474,3,0
449,662,424,0,3
449,663,448,1,2
449,685,425,2,3
449,689,425,2,3
449,710,425,2,3
450,653,474,3,2
450,662,475,2,0
450,663,474,3,2
450,674,451,1,1
451,653,450,1,1
451,662,476,3,0
452,643,453,2,1
452,653,451,1,2
452,662,477,3,0
452,684,453,2,1
452,691,453,2,1
452,693,453,2,1
452,719,453,2,1
453,662,478,3,0
454,630,429,0,3
454,653,455,2,1
454,656,479,3,0
454,659,429,0,3
454,662,479,3,0
454,671,429,0,3
455,653,456,2,1
455,662,480,3,0
456,629,457,2,1
456,634,457,2,1
456,651,457,2,1
456,653,457,2,1
456,658,481,3,0
456,662,481,3,0
456,663,457,2,1
457,632,482,3,0
457,651,458,2,1
457,653,458,2,1
457,658,482,3,0
457,662,482,3,0
457,663,458,2,1
458,651,459,2,1
458,653,459,2,1
458,658,483,3,0
458,662,483,3,0
458,663,459,2,1
459,651,484,3,0
459,653,484,3,0
459,658,484,3,0
459,662,484,3,0
459,663,434,0,3
460,651,485,3,0
460,653,485,3,0
460,655,459,1,2
460,658,459,1,2
460,662,459,1,2
460,663,435,0,3
461,651,486,3,0
461,653,486,3,0
461,658,460,1,2
461,662,460,1,2
461,663,436,0,3
462,651,487,3,0
462,653,487,3,0
462,658,461,1,2
462,662,461,1,2
462,663,437,0,3
462,687,463,2,1
463,653,488,3,0
463,662,462,1,2
463,663,438,0,3
463,674,462,1,2
464,639,465,2,1
464,653,489,3,0
464,662,463,1,2
464,681,465,2,1
465,653,490,3,0
465,662,464,1,2
465,719,464,1,2
466,653,491,3,0
466,662,467,2,1
466,719,465,1,2
467,625,442,0,3
467,626,492,3,0
467,635,492,3,0
467,641,442,0,3
467,650,442,0,3
467,653,492,3,0
467,662,468,2,1
467,666,492,3,0
467,677,492,3,0
467,678,492,3,0
467,695,492,3,0
468,629,443,0,3
468,634,493,3,0
468,653,493,3,0
468,662,469,2,1
468,663,443,0,3
468,674,467,1,2
469,627,444,0,3
469,637,444,0,3
469,649,444,0,3
469,651,494,3,0
469,652,444,0,3
469,653,494,3,0
469,657,444,0,3
469,658,470,2,1
469,660,444,0,3
469,661,494,3,0
469,662,470,2,1
469,663,444,0,3
469,682,494,3,0
469,696,444,0,3
469,697,444,0,3
469,707,444,0,3
469,708,494,3,0
469,722,494,3,0
470,651,495,3,0
470,653,495,3,0
470,658,471,2,1
470,662,471,2,1
470,663,445,0,3
471,651,496,3,0
471,653,496,3,0
471,655,470,1,2
471,658,472,2,1
471,662,472,2,1
471,663,446,0,3
472,651,497,3,0
472,653,497,3,0
472,655,473,2,1
472,658,497,3,0
472,662,497,3,0
472,663,447,0,3
473,651,472,1,2
473,653,472,1,2
473,658,498,3,0
473,662,498,3,0
473,663,472,1,2
474,640,450,2,3
474,651,473,1,2
474,653,473,1,2
474,658,499,3,0
474,662,499,3,0
474,663,473,1,2
474,685,450,2,3
474,689,450,2,3
474,710,450,2,3
475,653,499,3,2
475,662,500,2,0
475,663,499,3,2
475,674,476,1,1
476,653,475,1,1
476,662,501,3,0
477,643,478,2,1
477,653,476,1,2
477,662,502,3,0
477,684,478,2,1
477,691,478,2,1
477,693,478,2,1
477,719,478,2,1
478,662,503,3,0
479,630,454,0,3
479,653,480,2,1
479,656,504,3,0
479,659,454,0,3
479,662,504,3,0
479,671,454,0,3
480,653,481,2,1
480,662,505,3,0
481,629,482,2,1
481,634,482,2,1
481,651,482,2,1
481,653,482,2,1
481,658,506,3,0
481,662,506,3,0
481,663,482,2,1
482,632,507,3,0
482,651,483,2,1
482,653,483,2,1
482,658,507,3,0
482,662,507,3,0
482,663,483,2,1
483,651,484,2,1
483,653,484,2,1
483,658,508,3,0
483,662,508,3,0
483,663,484,2,1
484,634,509,3,0
484,658,509,3,0
484,662,509,3,0
484,663,459,0,3
485,634,510,3,0
485,651,510,3,0
485,653,510,3,0
485,655,484,1,2
485,658,484,1,2
485,662,484,1,2
485,663,460,0,3
486,634,511,3,0
486,651,511,3,0
486,653,511,3,0
486,658,485,1,2
486,662,485,1,2
486,663,461,0,3
487,634,512,3,0
487,651,512,3,0
487,653,512,3,0
487,658,486,1,2
487,662,486,1,2
487,663,462,0,3
487,687,488,2,1
488,653,513,3,0
488,662,487,1,2
488,663,463,0,3
488,674,487,1,2
489,639,490,2,1
489,653,514,3,0
489,662,488,1,2
489,681,490,2,1
490,653,515,3,0
490,662,489,1,2
490,719,489,1,2
491,653,516,3,0
491,662,492,2,1
491,719,490,1,2
492,625,467,0,3
492,626,517,3,0
492,635,517,3,0
492,641,467,0,3
492,650,467,0,3
492,653,517,3,0
492,662,493,2,1
492,666,517,3,0
492,677,517,3,0
492,678,517,3,0
492,695,517,3,0
493,629,468,0,3
493,634,518,3,0
493,653,518,3,0
493,662,494,2,1
493,663,468,0,3
493,674,492,1,2
494,627,469,0,3
494,634,519,3,0
494,637,469,0,3
494,649,519,3,0
494,651,519,3,0
494,652,519,3,0
494,653,519,3,0
494,657,469,0,3
494,658,495,2,1
494,660,469,0,3
494,661,519,3,0
494,662,495,2,1
494,663,469,0,3
494,679,469,0,3
494,682,519,3,0
494,696,469,0,3
494,697,519,3,0
494,707,469,0,3
494,708,519,3,0
494,722,519,3,0
495,634,520,3,0
495,651,520,3,0
495,653,520,3,0
495,658,496,2,1
495,662,496,2,1
495,663,470,0,3
496,634,521,3,0
496,651,521,3,0
496,653,521,3,0
496,655,495,1,2
496,658,497,2,1
496,662,497,2,1
496,663,471,0,3
497,634,522,3,0
497,655,498,2,1
497,658,522,3,0
497,662,522,3,0
497,663,472,0,3
498,651,497,1,2
498,653,497,1,2
498,658,523,3,0
498,662,523,3,0
498,663,497,1,2
499,640,475,2,3
499,651,498,1,2
499,653,498,1,2
499,658,524,3,0
499,662,524,3,0
499,663,498,1,2
499,685,475,2,3
499,689,475,2,3
499,710,475,2,3
500,653,524,3,2
500,662,525,2,0
500,663,524,3,2
500,674,501,1,1
501,653,500,1,1
501,662,526,3,0
502,643,503,2,1
502,653,501,1,2
502,662,527,3,0
502,684,503,2,1
502,691,503,2,1
502,693,503,2,1
502,719,503,2,1
503,662,528,3,0
504,630,479,0,3
504,653,505,2,1
504,656,529,3,0
504,659,479,0,3
504,662,529,3,0
504,671,479,0,3
505,653,506,2,1
505,662,530,3,0
506,629,507,2,1
506,634,507,2,1
506,651,507,2,1
506,653,507,2,1
506,658,531,3,0
506,662,531,3,0
506,663,507,2,1
507,632,532,3,0
507,651,508,2,1
507,653,508,2,1
507,658,532,3,0
507,662,532,3,0
507,663,508,2,1
508,651,509,2,1
508,653,509,2,1
508,658,533,3,0
508,662,533,3,0
508,663,509,2,1
509,634,510,2,1
509,653,510,2,1
509,658,534,3,0
509,662,534,3,0
509,663,484,0,3
510,634,511,2,1
510,651,535,3,0
510,653,511,2,1
510,655,509,1,2
510,658,509,1,2
510,662,509,1,2
510,663,485,0,3
511,634,512,2,1
511,651,536,3,0
511,653,512,2,1
511,658,510,1,2
511,662,510,1,2
511,663,486,0,3
512,634,513,2,1
512,651,537,3,0
512,653,513,2,1
512,658,511,1,2
512,662,511,1,2
512,663,487,0,3
512,687,513,2,1
513,653,514,2,1
513,662,512,1,2
513,663,488,0,3
513,674,512,1,2
514,639,515,2,1
514,653,515,2,1
514,662,513,1,2
514,681,515,2,1
515,653,653,32,0
515,662,514,1,2
515,719,514,1,2
516,662,517,2,1
516,719,515,1,2
517,625,492,0,3
517,626,542,3,0
517,635,542,3,0
517,641,492,0,3
517,650,492,0,3
517,653,516,1,2
517,662,518,2,1
517,666,542,3,0
517,677,542,3,0
517,678,542,3,0
517,695,542,3,0
518,629,493,0,3
518,634,634,13,0
518,653,517,1,2
518,662,519,2,1
518,663,493,0,3
518,674,517,1,2
519,627,494,0,3
519,634,518,1,2
519,637,494,0,3
519,649,544,3,0
519,651,544,3,0
519,652,544,3,0
519,653,518,1,2
519,657,494,0,3
519,658,520,2,1
519,660,494,0,3
519,661,544,3,0
519,662,520,2,1
519,663,494,0,3
519,679,494,0,3
519,682,544,3,0
519,696,494,0,3
519,697,544,3,0
519,707,494,0,3
519,708,544,3,0
519,722,544,3,0
520,634,519,1,2
520,651,545,3,0
520,653,519,1,2
520,658,521,2,1
520,662,521,2,1
520,663,495,0,3
521,634,520,1,2
521,651,546,3,0
521,653,520,1,2
521,655,520,1,2
521,658,522,2,1
521,662,522,2,1
521,663,496,0,3
522,634,521,1,2
522,653,521,1,2
522,655,523,2,1
522,658,547,3,0
522,662,547,3,0
522,663,497,0,3
523,651,522,1,2
523,653,522,1,2
523,658,548,3,0
523,662,548,3,0
523,663,522,1,2
524,640,500,2,3
524,651,523,1,2
524,653,523,1,2
524,658,549,3,0
524,662,549,3,0
524,663,523,1,2
524,685,500,2,3
524,689,500,2,3
524,710,500,2,3
525,653,549,3,2
525,662,550,2,0
525,663,549,3,2
525,674,526,1,1
526,653,525,1,1
526,662,551,3,0
527,643,528,2,1
527,653,526,1,2
527,662,552,3,0
527,684,528,2,1
527,691,528,2,1
527,693,528,2,1
527,719,528,2,1
528,662,553,3,0
529,630,504,0,3
529,653,530,2,1
529,656,554,3,0
529,659,504,0,3
529,662,554,3,0
529,671,504,0,3
530,653,531,2,1
530,662,555,3,0
531,629,532,2,1
531,634,532,2,1
531,651,532,2,1
531,653,532,2,1
531,658,556,3,0
531,662,556,3,0
531,663,532,2,1
532,651,533,2,1
532,653,533,2,1
532,658,557,3,0
532,662,557,3,0
532,663,533,2,1
533,651,534,2,1
533,653,534,2,1
533,658,558,3,0
533,662,558,3,0
533,663,534,2,1
534,653,509,0,3
534,658,559,3,0
534,662,559,3,0
534,663,509,0,3
535,651,560,3,0
535,653,510,0,3
535,655,534,1,2
535,658,534,1,2
535,662,534,1,2
535,663,510,0,3
536,651,561,3,0
536,653,511,0,3
536,658,535,1,2
536,662,535,1,2
536,663,511,0,3
537,651,562,3,0
537,653,512,0,3
537,658,536,1,2
537,662,536,1,2
537,663,512,0,3
537,687,538,2,1
538,653,513,0,3
538,662,537,1,2
538,663,513,0,3
538,674,537,1,2
539,639,540,2,1
539,653,514,0,3
539,662,538,1,2
539,681,540,2,1
540,653,515,0,3
540,662,539,1,2
540,719,539,1,2
541,653,516,0,3
541,662,542,2,1
541,719,540,1,2
542,625,517,0,3
542,626,567,3,0
542,635,567,3,0
542,641,517,0,3
542,650,517,0,3
542,653,517,0,3
542,662,543,2,1
542,666,567,3,0
542,677,567,3,0
542,678,567,3,0
542,695,567,3,0
543,629,518,0,3
543,634,518,0,3
543,653,518,0,3
543,662,544,2,1
543,663,518,0,3
543,674,542,1,2
544,627,519,0,3
544,637,569,3,0
544,649,569,3,0
544,651,569,3,0
544,652,569,3,0
544,653,519,0,3
544,657,519,0,3
544,658,545,2,1
544,660,519,0,3
544,661,569,3,0
544,662,545,2,1
544,663,519,0,3
544,679,519,0,3
544,682,569,3,0
544,696,519,0,3
544,697,569,3,0
544,707,519,0,3
544,708,569,3,0
544,722,569,3,0
545,651,570,3,0
545,653,520,0,3
545,658,546,2,1
545,662,546,2,1
545,663,520,0,3
546,651,571,3,0
546,653,521,0,3
546,655,545,1,2
546,658,547,2,1
546,662,547,2,1
546,663,521,0,3
547,653,522,0,3
547,655,548,2,1
547,658,572,3,0
547,662,572,3,0
547,663,522,0,3
548,651,547,1,2
548,653,547,1,2
548,658,573,3,0
548,662,573,3,0
548,663,547,1,2
549,640,525,2,3
549,651,548,1,2
549,653,548,1,2
549,658,574,3,0
549,662,574,3,0
549,663,548,1,2
549,685,525,2,3
549,689,525,2,3
549,710,525,2,3
550,653,574,3,2
550,662,575,2,0
550,663,574,3,2
550,674,551,1,1
551,653,550,1,1
551,662,576,3,0
552,643,553,2,1
552,653,551,1,2
552,662,577,3,0
552,684,553,2,1
552,691,553,2,1
552,693,553,2,1
552,719,553,2,1
553,662,578,3,0
554,630,579,3,0
554,653,555,2,1
554,656,579,3,0
554,659,529,0,3
554,662,579,3,0
554,671,529,0,3
555,653,556,2,1
555,662,580,3,0
556,629,557,2,1
556,634,557,2,1
556,651,557,2,1
556,653,557,2,1
556,658,658,37,0
556,662,581,3,0
556,663,557,2,1
557,632,532,0,3
557,651,558,2,1
557,653,558,2,1
557,658,556,1,2
557,662,582,3,0
557,663,558,2,1
558,651,559,2,1
558,653,559,2,1
558,658,557,1,2
558,662,583,3,0
558,663,559,2,1
559,651,560,2,1
559,653,534,0,3
559,658,558,1,2
559,662,584,3,0
559,663,534,0,3
560,651,561,2,1
560,653,535,0,3
560,655,559,1,2
560,658,559,1,2
560,662,559,1,2
560,663,535,0,3
561,651,562,2,1
561,653,536,0,3
561,658,560,1,2
561,662,560,1,2
561,663,536,0,3
562,651,651,30,0
562,653,537,0,3
562,658,561,1,2
562,662,561,1,2
562,663,537,0,3
562,687,563,2,1
563,653,538,0,3
563,662,562,1,2
563,663,538,0,3
563,674,562,1,2
564,639,565,2,1
564,653,539,0,3
564,662,563,1,2
565,653,540,0,3
565,662,564,1,2
565,719,564,1,2
566,653,541,0,3
566,662,567,2,1
566,719,565,1,2
567,625,542,0,3
567,626,592,3,0
567,641,542,0,3
567,650,542,0,3
567,653,542,0,3
567,662,568,2,1
567,666,592,3,0
567,677,592,3,0
567,678,592,3,0
567,695,592,3,0
568,629,543,0,3
568,634,543,0,3
568,653,543,0,3
568,662,569,2,1
568,663,543,0,3
568,674,567,1,2
569,627,544,0,3
569,637,594,3,0
569,649,594,3,0
569,651,568,1,2
569,652,594,3,0
569,653,544,0,3
569,657,544,0,3
569,658,570,2,1
569,660,544,0,3
569,661,594,3,0
569,662,570,2,1
569,663,544,0,3
569,679,544,0,3
569,682,594,3,0
569,696,544,0,3
569,697,594,3,0
569,707,544,0,3
569,708,594,3,0
569,722,594,3,0
570,651,569,1,2
570,653,545,0,3
570,658,571,2,1
570,662,571,2,1
570,663,545,0,3
571,651,570,1,2
571,653,546,0,3
571,655,570,1,2
571,658,572,2,1
571,662,572,2,1
571,663,546,0,3
572,651,571,1,2
572,653,547,0,3
572,655,573,2,1
572,658,573,2,1
572,662,597,3,0
572,663,547,0,3
573,651,572,1,2
573,653,572,1,2
573,658,574,2,1
573,662,598,3,0
573,663,572,1,2
574,640,550,2,3
574,651,573,1,2
574,653,573,1,2
574,658,550,2,3
574,662,599,3,0
574,663,573,1,2
574,685,550,2,3
574,689,550,2,3
575,653,599,3,2
575,662,600,2,0
575,663,599,3,2
575,674,576,1,1
576,653,575,1,1
576,662,601,3,0
577,643,578,2,1
577,653,576,1,2
577,662,602,3,0
577,684,578,2,1
577,691,578,2,1
577,693,578,2,1
577,719,578,2,1
578,662,603,3,0
579,630,604,3,0
579,653,580,2,1
579,656,604,3,0
579,659,554,0,3
579,662,604,3,0
579,671,604,3,0
580,653,581,2,1
580,662,605,3,0
581,629,582,2,1
581,634,582,2,1
581,651,582,2,1
581,653,582,2,1
581,658,556,0,3
581,662,606,3,0
581,663,582,2,1
582,632,557,0,3
582,651,583,2,1
582,653,583,2,1
582,658,557,0,3
582,662,607,3,0
582,663,583,2,1
583,651,584,2,1
583,653,584,2,1
583,658,558,0,3
583,662,608,3,0
583,663,584,2,1
584,651,559,0,3
584,653,559,0,3
584,662,609,3,0
584,663,559,0,3
584,674,609,3,0
585,651,560,0,3
585,653,560,0,3
585,655,584,1,2
585,658,584,1,2
585,662,584,1,2
585,663,560,0,3
585,674,610,3,0
586,651,561,0,3
586,653,561,0,3
586,658,585,1,2
586,662,585,1,2
586,663,561,0,3
586,674,611,3,0
587,651,562,0,3
587,653,562,0,3
587,658,586,1,2
587,662,586,1,2
587,663,562,0,3
587,674,612,3,0
587,687,588,2,1
588,653,563,0,3
588,662,587,1,2
588,663,563,0,3
588,674,587,1,2
589,639,590,2,1
589,653,564,0,3
589,662,588,1,2
589,681,590,2,1
590,653,565,0,3
590,662,589,1,2
590,719,589,1,2
591,653,566,0,3
591,662,592,2,1
591,719,590,1,2
592,625,567,0,3
592,626,617,3,0
592,635,567,0,3
592,641,567,0,3
592,650,567,0,3
592,653,567,0,3
592,662,593,2,1
592,666,617,3,0
592,677,617,3,0
592,678,617,3,0
593,629,568,0,3
593,634,568,0,3
593,653,568,0,3
593,662,594,2,1
593,663,568,0,3
594,627,569,0,3
594,637,619,3,0
594,649,619,3,0
594,651,569,0,3
594,652,619,3,0
594,653,569,0,3
594,657,569,0,3
594,658,595,2,1
594,660,569,0,3
594,661,619,3,0
594,662,595,2,1
594,663,569,0,3
594,674,619,3,0
594,679,569,0,3
594,682,619,3,0
594,696,569,0,3
594,697,619,3,0
594,707,569,0,3
594,708,619,3,0
594,722,619,3,0
595,651,570,0,3
595,653,570,0,3
595,658,596,2,1
595,662,596,2,1
595,663,570,0,3
595,674,620,3,0
596,651,571,0,3
596,653,571,0,3
596,655,595,1,2
596,658,597,2,1
596,662,597,2,1
596,663,571,0,3
596,674,621,3,0
597,651,572,0,3
597,653,572,0,3
597,655,598,2,1
597,662,622,3,0
597,663,572,0,3
597,674,622,3,0
598,651,597,1,2
598,653,597,1,2
598,658,573,0,3
598,662,623,3,0
598,663,597,1,2
599,640,575,2,3
599,651,598,1,2
599,653,598,1,2
599,658,574,0,3
599,662,624,3,0
599,663,598,1,2
599,685,575,2,3
599,689,575,2,3
599,710,575,2,3
600,653,624,3,2
600,662,0,2,3
600,663,624,3,2
600,674,601,1,1
601,653,600,1,1
601,662,1,3,3
602,643,603,2,1
602,653,601,1,2
602,662,2,3,3
602,684,603,2,1
602,691,603,2,1
602,693,603,2,1
602,719,603,2,1
603,662,3,3,3
604,630,4,3,3
604,653,605,2,1
604,656,4,3,3
604,659,579,0,3
604,662,4,3,3
604,671,4,3,3
605,653,606,2,1
605,662,5,3,3
606,629,607,2,1
606,634,607,2,1
606,651,607,2,1
606,653,607,2,1
606,658,581,0,3
606,662,6,3,3
606,663,607,2,1
607,632,582,0,3
607,651,608,2,1
607,653,608,2,1
607,658,582,0,3
607,662,7,3,3
607,663,608,2,1
608,651,609,2,1
608,653,609,2,1
608,658,583,0,3
608,662,8,3,3
608,663,609,2,1
609,651,584,0,3
609,653,584,0,3
609,662,9,3,3
609,674,610,2,1
610,651,585,0,3
610,653,585,0,3
610,655,609,1,2
610,658,609,1,2
610,662,609,1,2
610,663,585,0,3
610,674,611,2,1
611,651,586,0,3
611,653,586,0,3
611,658,610,1,2
611,662,610,1,2
611,663,586,0,3
611,674,612,2,1
612,651,587,0,3
612,653,587,0,3
612,658,611,1,2
612,662,611,1,2
612,663,587,0,3
612,674,674,53,0
612,687,613,2,1
613,653,588,0,3
613,662,612,1,2
613,663,588,0,3
613,674,612,1,2
614,639,615,2,1
614,653,589,0,3
614,662,613,1,2
614,681,615,2,1
614,719,719,98,0
615,653,590,0,3
615,662,614,1,2
615,719,614,1,2
616,653,591,0,3
616,662,617,2,1
617,625,592,0,3
617,626,17,3,3
617,635,592,0,3
617,641,592,0,3
617,650,592,0,3
617,653,592,0,3
617,662,618,2,1
617,666,17,3,3
617,677,17,3,3
617,678,17,3,3
617,695,592,0,3
618,629,593,0,3
618,634,593,0,3
618,653,593,0,3
618,662,619,2,1
618,663,593,0,3
618,674,617,1,2
619,627,594,0,3
619,637,19,3,3
619,649,19,3,3
619,651,594,0,3
619,652,19,3,3
619,653,594,0,3
619,657,594,0,3
619,658,620,2,1
619,660,594,0,3
619,661,19,3,3
619,662,620,2,1
619,663,594,0,3
619,674,618,1,2
619,679,594,0,3
619,682,19,3,3
619,696,594,0,3
619,697,19,3,3
619,707,594,0,3
619,722,19,3,3
620,651,595,0,3
620,653,595,0,3
620,658,621,2,1
620,662,621,2,1
620,663,595,0,3
620,674,619,1,2
621,651,596,0,3
621,653,596,0,3
621,655,620,1,2
621,658,622,2,1
621,662,622,2,1
621,663,596,0,3
621,674,620,1,2
622,651,597,0,3
622,653,597,0,3
622,655,623,2,1
622,662,22,3,3
622,674,621,1,2
623,651,622,1,2
623,653,622,1,2
623,658,598,0,3
623,662,23,3,3
623,663,622,1,2
624,640,600,2,3
624,651,623,1,2
624,653,623,1,2
624,658,599,0,3
624,662,24,3,3
624,663,623,1,2
624,685,600,2,3
624,689,600,2,3
624,710,600,2,3
629,625,368,0,8
629,626,368,0,8
629,627,368,0,8
629,628,368,0,8
629,630,368,0,8
629,631,368,0,8
629,632,368,0,8
629,633,368,0,8
629,634,368,0,8
629,635,368,0,8
629,636,368,0,8
629,637,368,0,8
629,638,368,0,8
629,639,368,0,8
629,640,368,0,8
629,641,368,0,8
629,642,368,0,8
629,643,368,0,8
629,644,368,0,8
629,645,368,0,8
629,646,368,0,8
629,647,368,0,8
629,648,368,0,8
629,649,368,0,8
629,650,368,0,8
629,651,368,0,8
629,652,368,0,8
629,653,368,0,8
629,654,368,0,8
629,655,368,0,8
629,656,368,0,8
629,657,368,0,8
629,658,368,0,8
629,659,368,0,8
629,660,368,0,8
629,661,368,0,8
629,662,368,0,8
629,663,368,0,8
629,664,368,0,8
629,665,368,0,8
629,666,368,0,8
629,667,368,0,8
629,668,368,0,8
629,669,368,0,8
629,670,368,0,8
629,671,368,0,8
629,672,368,0,8
629,673,368,0,8
629,674,368,0,8
629,675,368,0,8
629,676,368,0,8
629,677,368,0,8
629,678,368,0,8
629,679,368,0,8
629,680,368,0,8
629,681,368,0,8
629,682,368,0,8
629,683,368,0,8
629,684,368,0,8
629,685,368,0,8
629,686,368,0,8
629,687,368,0,8
629,688,368,0,8
629,689,368,0,8
629,690,368,0,8
629,691,368,0,8
629,692,368,0,8
629,693,368,0,8
629,694,368,0,8
629,695,368,0,8
629,696,368,0,8
629,697,368,0,8
629,698,368,0,8
629,699,368,0,8
629,700,368,0,8
629,701,368,0,8
629,702,368,0,8
629,703,368,0,8
629,704,368,0,8
629,705,368,0,8
629,706,368,0,8
629,707,368,0,8
629,708,368,0,8
629,709,368,0,8
629,710,368,0,8
629,711,368,0,8
629,712,368,0,8
629,713,368,0,8
629,714,368,0,8
629,715,368,0,8
629,716,368,0,8
629,717,368,0,8
629,718,368,0,8
629,719,368,0,8
629,720,368,0,8
629,721,368,0,8
629,722,368,0,8
629,723,368,0,8
629,724,368,0,8
634,625,518,0,13
634,626,518,0,13
634,627,518,0,13
634,628,518,0,13
634,629,518,0,13
634,630,518,0,13
634,631,518,0,13
634,632,518,0,13
634,633,518,0,13
634,635,518,0,13
634,636,518,0,13
634,637,518,0,13
634,638,518,0,13
634,639,518,0,13
634,640,518,0,13
634,641,518,0,13
634,642,518,0,13
634,643,518,0,13
634,644,518,0,13
634,645,518,0,13
634,646,518,0,13
634,647,518,0,13
634,648,518,0,13
634,649,518,0,13
634,650,518,0,13
634,651,518,0,13
634,652,518,0,13
634,653,518,0,13
634,654,518,0,13
634,655,518,0,13
634,656,518,0,13
634,657,518,0,13
634,658,518,0,13
634,659,518,0,13
634,660,518,0,13
634,661,518,0,13
634,662,518,0,13
634,663,518,0,13
634,664,518,0,13
634,665,518,0,13
634,666,518,0,13
634,667,518,0,13
634,668,518,0,13
634,669,518,0,13
634,670,518,0,13
634,671,518,0,13
634,672,518,0,13
634,673,518,0,13
634,674,518,0,13
634,675,518,0,13
634,676,518,0,13
634,677,518,0,13
634,678,518,0,13
634,679,518,0,13
634,680,518,0,13
634,681,518,0,13
634,682,518,0,13
634,683,518,0,13
634,684,518,0,13
634,685,518,0,13
634,686,518,0,13
634,687,518,0,13
634,688,518,0,13
634,689,518,0,13
634,690,518,0,13
634,691,518,0,13
634,692,518,0,13
634,693,518,0,13
634,694,518,0,13
634,695,518,0,13
634,696,518,0,13
634,697,518,0,13
634,698,518,0,13
634,699,518,0,13
634,700,518,0,13
634,701,518,0,13
634,702,518,0,13
634,703,518,0,13
634,704,518,0,13
634,705,518,0,13
634,706,518,0,13
634,707,518,0,13
634,708,518,0,13
634,709,518,0,13
634,710,518,0,13
634,711,518,0,13
634,712,518,0,13
634,713,518,0,13
634,714,518,0,13
634,715,518,0,13
634,716,518,0,13
634,717,518,0,13
634,718,518,0,13
634,719,518,0,13
634,720,518,0,13
634,721,518,0,13
634,722,518,0,13
634,723,518,0,13
634,724,518,0,13
651,625,562,0,30
651,626,562,0,30
651,627,562,0,30
651,628,562,0,30
651,629,562,0,30
651,630,562,0,30
651,631,562,0,30
651,632,562,0,30
651,633,562,0,30
651,634,562,0,30
651,635,562,0,30
651,636,562,0,30
651,637,562,0,30
651,638,562,0,30
651,639,562,0,30
651,640,562,0,30
651,641,562,0,30
651,642,562,0,30
651,643,562,0,30
651,644,562,0,30
651,645,562,0,30
651,646,562,0,30
651,647,562,0,30
651,648,562,0,30
651,649,562,0,30
651,650,562,0,30
651,652,562,0,30
651,653,562,0,30
651,654,562,0,30
651,655,562,0,30
651,656,562,0,30
651,657,562,0,30
651,658,562,0,30
651,659,562,0,30
651,660,562,0,30
651,661,562,0,30
651,662,562,0,30
651,663,562,0,30
651,664,562,0,30
651,665,562,0,30
651,666,562,0,30
651,667,562,0,30
651,668,562,0,30
651,669,562,0,30
651,670,562,0,30
651,671,562,0,30
651,672,562,0,30
651,673,562,0,30
651,674,562,0,30
651,675,562,0,30
651,676,562,0,30
651,677,562,0,30
651,678,562,0,30
651,679,562,0,30
651,680,562,0,30
651,681,562,0,30
651,682,562,0,30
651,683,562,0,30
651,684,562,0,30
651,685,562,0,30
651,686,562,0,30
651,687,562,0,30
651,688,562,0,30
651,689,562,0,30
651,690,562,0,30
651,691,562,0,30
651,692,562,0,30
651,693,562,0,30
651,694,562,0,30
651,695,562,0,30
651,696,562,0,30
651,697,562,0,30
651,698,562,0,30
651,699,562,0,30
651,700,562,0,30
651,701,562,0,30
651,702,562,0,30
651,703,562,0,30
651,704,562,0,30
651,705,562,0,30
651,706,562,0,30
651,707,562,0,30
651,708,562,0,30
651,709,562,0,30
651,710,562,0,30
651,711,562,0,30
651,712,562,0,30
651,713,562,0,30
651,714,562,0,30
651,715,562,0,30
651,716,562,0,30
651,717,562,0,30
651,718,562,0,30
651,719,562,0,30
651,720,562,0,30
651,721,562,0,30
651,722,562,0,30
651,723,562,0,30
651,724,562,0,30
653,625,515,0,32
653,626,515,0,32
653,627,515,0,32
653,628,515,0,32
653,629,515,0,32
653,630,515,0,32
653,631,515,0,32
653,632,515,0,32
653,633,515,0,32
653,634,515,0,32
653,635,515,0,32
653,636,515,0,32
653,637,515,0,32
653,638,515,0,32
653,639,515,0,32
653,640,515,0,32
653,641,515,0,32
653,642,515,0,32
653,643,515,0,32
653,644,515,0,32
653,645,515,0,32
653,646,515,0,32
653,647,515,0,32
653,648,515,0,32
653,649,515,0,32
653,650,515,0,32
653,651,515,0,32
653,652,515,0,32
653,654,515,0,32
653,655,515,0,32
653,656,515,0,32
653,657,515,0,32
653,658,515,0,32
653,659,515,0,32
653,660,515,0,32
653,661,515,0,32
653,662,515,0,32
653,663,515,0,32
653,664,515,0,32
653,665,515,0,32
653,666,515,0,32
653,667,515,0,32
653,668,515,0,32
653,669,515,0,32
653,670,515,0,32
653,671,515,0,32
653,672,515,0,32
653,673,515,0,32
653,674,515,0,32
653,675,515,0,32
653,676,515,0,32
653,677,515,0,32
653,678,515,0,32
653,679,515,0,32
653,680,515,0,32
653,681,515,0,32
653,682,515,0,32
653,683,515,0,32
653,684,515,0,32
653,685,515,0,32
653,686,515,0,32
653,687,515,0,32
653,688,515,0,32
653,689,515,0,32
653,690,515,0,32
653,691,515,0,32
653,692,515,0,32
653,693,515,0,32
653,694,515,0,32
653,695,515,0,32
653,696,515,0,32
653,697,515,0,32
653,698,515,0,32
653,699,515,0,32
653,700,515,0,32
653,701,515,0,32
653,702,515,0,32
653,703,515,0,32
653,704,515,0,32
653,705,515,0,32
653,706,515,0,32
653,707,515,0,32
653,708,515,0,32
653,709,515,0,32
653,710,515,0,32
653,711,515,0,32
653,712,515,0,32
653,713,515,0,32
653,714,515,0,32
653,715,515,0,32
653,716,515,0,32
653,717,515,0,32
653,718,515,0,32
653,719,515,0,32
653,720,515,0,32
653,721,515,0,32
653,722,515,0,32
653,723,515,0,32
653,724,515,0,32
655,625,84,0,34
655,626,84,0,34
655,627,84,0,34
655,628,84,0,34
655,629,84,0,34
655,630,84,0,34
655,631,84,0,34
655,632,84,0,34
655,633,84,0,34
655,634,84,0,34
655,635,84,0,34
655,636,84,0,34
655,637,84,0,34
655,638,84,0,34
655,639,84,0,34
655,640,84,0,34
655,641,84,0,34
655,642,84,0,34
655,643,84,0,34
655,644,84,0,34
655,645,84,0,34
655,646,84,0,34
655,647,84,0,34
655,648,84,0,34
655,649,84,0,34
655,650,84,0,34
655,651,84,0,34
655,652,84,0,34
655,653,84,0,34
655,654,84,0,34
655,656,84,0,34
655,657,84,0,34
655,658,84,0,34
655,659,84,0,34
655,660,84,0,34
655,661,84,0,34
655,662,84,0,34
655,663,84,0,34
655,664,84,0,34
655,665,84,0,34
655,666,84,0,34
655,667,84,0,34
655,668,84,0,34
655,669,84,0,34
655,670,84,0,34
655,671,84,0,34
655,672,84,0,34
655,673,84,0,34
655,674,84,0,34
655,675,84,0,34
655,676,84,0,34
655,677,84,0,34
655,678,84,0,34
655,679,84,0,34
655,680,84,0,34
655,681,84,0,34
655,682,84,0,34
655,683,84,0,34
655,684,84,0,34
655,685,84,0,34
655,686,84,0,34
655,687,84,0,34
655,688,84,0,34
655,689,84,0,34
655,690,84,0,34
655,691,84,0,34
655,692,84,0,34
655,693,84,0,34
655,694,84,0,34
655,695,84,0,34
655,696,84,0,34
655,697,84,0,34
655,698,84,0,34
655,699,84,0,34
655,700,84,0,34
655,701,84,0,34
655,702,84,0,34
655,703,84,0,34
655,704,84,0,34
655,705,84,0,34
655,706,84,0,34
655,707,84,0,34
655,708,84,0,34
655,709,84,0,34
655,710,84,0,34
655,711,84,0,34
655,712,84,0,34
655,713,84,0,34
655,714,84,0,34
655,715,84,0,34
655,716,84,0,34
655,717,84,0,34
655,718,84,0,34
655,719,84,0,34
655,720,84,0,34
655,721,84,0,34
655,722,84,0,34
655,723,84,0,34
655,724,84,0,34
658,625,556,0,37
658,626,556,0,37
658,627,556,0,37
658,628,556,0,37
658,629,556,0,37
658,630,556,0,37
658,631,556,0,37
658,632,556,0,37
658,633,556,0,37
658,634,556,0,37
658,635,556,0,37
658,636,556,0,37
658,637,556,0,37
658,638,556,0,37
658,639,556,0,37
658,640,556,0,37
658,641,556,0,37
658,642,556,0,37
658,643,556,0,37
658,644,556,0,37
658,645,556,0,37
658,646,556,0,37
658,647,556,0,37
658,648,556,0,37
658,649,556,0,37
658,650,556,0,37
658,651,556,0,37
658,652,556,0,37
658,653,556,0,37
658,654,556,0,37
658,655,556,0,37
658,656,556,0,37
658,657,556,0,37
658,659,556,0,37
658,660,556,0,37
658,661,556,0,37
658,662,556,0,37
658,663,556,0,37
658,664,556,0,37
658,665,556,0,37
658,666,556,0,37
658,667,556,0,37
658,668,556,0,37
658,669,556,0,37
658,670,556,0,37
658,671,556,0,37
658,672,556,0,37
658,673,556,0,37
658,674,556,0,37
658,675,556,0,37
658,676,556,0,37
658,677,556,0,37
658,678,556,0,37
658,679,556,0,37
658,680,556,0,37
658,681,556,0,37
658,682,556,0,37
658,683,556,0,37
658,684,556,0,37
658,685,556,0,37
658,686,556,0,37
658,687,556,0,37
658,688,556,0,37
658,689,556,0,37
658,690,556,0,37
658,691,556,0,37
658,692,556,0,37
658,693,556,0,37
658,694,556,0,37
658,695,556,0,37
658,696,556,0,37
658,697,556,0,37
658,698,556,0,37
658,699,556,0,37
658,700,556,0,37
658,701,556,0,37
658,702,556,0,37
658,703,556,0,37
658,704,556,0,37
658,705,556,0,37
658,706,556,0,37
658,707,556,0,37
658,708,556,0,37
658,709,556,0,37
658,710,556,0,37
658,711,556,0,37
658,712,556,0,37
658,713,556,0,37
658,714,556,0,37
658,715,556,0,37
658,716,556,0,37
658,717,556,0,37
658,718,556,0,37
658,719,556,0,37
658,720,556,0,37
658,721,556,0,37
658,722,556,0,37
658,723,556,0,37
658,724,556,0,37
662,625,128,0,41
662,626,128,0,41
662,627,128,0,41
662,628,128,0,41
662,629,128,0,41
662,630,128,0,41
662,631,128,0,41
662,632,128,0,41
662,633,128,0,41
662,634,128,0,41
662,635,128,0,41
662,636,128,0,41
662,637,128,0,41
662,638,128,0,41
662,639,128,0,41
662,640,128,0,41
662,641,128,0,41
662,642,128,0,41
662,643,128,0,41
662,644,128,0,41
662,645,128,0,41
662,646,128,0,41
662,647,128,0,41
662,648,128,0,41
662,649,128,0,41
662,650,128,0,41
662,651,128,0,41
662,652,128,0,41
662,653,128,0,41
662,654,128,0,41
662,655,128,0,41
662,656,128,0,41
662,657,128,0,41
662,658,128,0,41
662,659,128,0,41
662,660,128,0,41
662,661,128,0,41
662,663,128,0,41
662,664,128,0,41
662,665,128,0,41
662,666,128,0,41
662,667,128,0,41
662,668,128,0,41
662,669,128,0,41
662,670,128,0,41
662,671,128,0,41
662,672,128,0,41
662,673,128,0,41
662,674,128,0,41
662,675,128,0,41
662,676,128,0,41
662,677,128,0,41
662,678,128,0,41
662,679,128,0,41
662,680,128,0,41
662,681,128,0,41
662,682,128,0,41
662,683,128,0,41
662,684,128,0,41
662,685,128,0,41
662,686,128,0,41
662,687,128,0,41
662,688,128,0,41
662,689,128,0,41
662,690,128,0,41
662,691,128,0,41
662,692,128,0,41
662,693,128,0,41
662,694,128,0,41
662,695,128,0,41
662,696,128,0,41
662,697,128,0,41
662,698,128,0,41
662,699,128,0,41
662,700,128,0,41
662,701,128,0,41
662,702,128,0,41
662,703,128,0,41
662,704,128,0,41
662,705,128,0,41
662,706,128,0,41
662,707,128,0,41
662,708,128,0,41
662,709,128,0,41
662,710,128,0,41
662,711,128,0,41
662,712,128,0,41
662,713,128,0,41
662,714,128,0,41
662,715,128,0,41
662,716,128,0,41
662,717,128,0,41
662,718,128,0,41
662,719,128,0,41
662,720,128,0,41
662,721,128,0,41
662,722,128,0,41
662,723,128,0,41
662,724,128,0,41
663,625,388,0,42
663,626,388,0,42
663,627,388,0,42
663,628,388,0,42
663,629,388,0,42
663,630,388,0,42
663,631,388,0,42
663,632,388,0,42
663,633,388,0,42
663,634,388,0,42
663,635,388,0,42
663,636,388,0,42
663,637,388,0,42
663,638,388,0,42
663,639,388,0,42
663,640,388,0,42
663,641,388,0,42
663,642,388,0,42
663,643,388,0,42
663,644,388,0,42
663,645,388,0,42
663,646,388,0,42
663,647,388,0,42
663,648,388,0,42
663,649,388,0,42
663,650,388,0,42
663,651,388,0,42
663,652,388,0,42
663,653,388,0,42
663,654,388,0,42
663,655,388,0,42
663,656,388,0,42
663,657,388,0,42
663,658,388,0,42
663,659,388,0,42
663,660,388,0,42
663,661,388,0,42
663,662,388,0,42
663,664,388,0,42
663,665,388,0,42
663,666,388,0,42
663,667,388,0,42
663,668,388,0,42
663,669,388,0,42
663,670,388,0,42
663,671,388,0,42
663,672,388,0,42
663,673,388,0,42
663,674,388,0,42
663,675,388,0,42
663,676,388,0,42
663,677,388,0,42
663,678,388,0,42
663,679,388,0,42
663,680,388,0,42
663,681,388,0,42
663,682,388,0,42
663,683,388,0,42
663,684,388,0,42
663,685,388,0,42
663,686,388,0,42
663,687,388,0,42
663,688,388,0,42
663,689,388,0,42
663,690,388,0,42
663,691,388,0,42
663,692,388,0,42
663,693,388,0,42
663,694,388,0,42
663,695,388,0,42
663,696,388,0,42
663,697,388,0,42
663,698,388,0,42
663,699,388,0,42
663,700,388,0,42
663,701,388,0,42
663,702,388,0,42
663,703,388,0,42
663,704,388,0,42
663,705,388,0,42
663,706,388,0,42
663,707,388,0,42
663,708,388,0,42
663,709,388,0,42
663,710,388,0,42
663,711,388,0,42
663,712,388,0,42
663,713,388,0,42
663,714,388,0,42
663,715,388,0,42
663,716,388,0,42
663,717,388,0,42
663,718,388,0,42
663,719,388,0,42
663,720,388,0,42
663,721,388,0,42
663,722,388,0,42
663,723,388,0,42
663,724,388,0,42
674,625,612,0,53
674,626,612,0,53
674,627,612,0,53
674,628,612,0,53
674,629,612,0,53
674,630,612,0,53
674,631,612,0,53
674,632,612,0,53
674,633,612,0,53
674,634,612,0,53
674,635,612,0,53
674,636,612,0,53
674,637,612,0,53
674,638,612,0,53
674,639,612,0,53
674,640,612,0,53
674,641,612,0,53
674,642,612,0,53
674,643,612,0,53
674,644,612,0,53
674,645,612,0,53
674,646,612,0,53
674,647,612,0,53
674,648,612,0,53
674,649,612,0,53
674,650,612,0,53
674,651,612,0,53
674,652,612,0,53
674,653,612,0,53
674,654,612,0,53
674,655,612,0,53
674,656,612,0,53
674,657,612,0,53
674,658,612,0,53
674,659,612,0,53
674,660,612,0,53
674,661,612,0,53
674,662,612,0,53
674,663,612,0,53
674,664,612,0,53
674,665,612,0,53
674,666,612,0,53
674,667,612,0,53
674,668,612,0,53
674,669,612,0,53
674,670,612,0,53
674,671,612,0,53
674,672,612,0,53
674,673,612,0,53
674,675,612,0,53
674,676,612,0,53
674,677,612,0,53
674,678,612,0,53
674,679,612,0,53
674,680,612,0,53
674,681,612,0,53
674,682,612,0,53
674,683,612,0,53
674,684,612,0,53
674,685,612,0,53
674,686,612,0,53
674,687,612,0,53
674,688,612,0,53
674,689,612,0,53
674,690,612,0,53
674,691,612,0,53
674,692,612,0,53
674,693,612,0,53
674,694,612,0,53
674,695,612,0,53
674,696,612,0,53
674,697,612,0,53
674,698,612,0,53
674,699,612,0,53
674,700,612,0,53
674,701,612,0,53
674,702,612,0,53
674,703,612,0,53
674,704,612,0,53
674,705,612,0,53
674,706,612,0,53
674,707,612,0,53
674,708,612,0,53
674,709,612,0,53
674,710,612,0,53
674,711,612,0,53
674,712,612,0,53
674,713,612,0,53
674,714,612,0,53
674,715,612,0,53
674,716,612,0,53
674,717,612,0,53
674,718,612,0,53
674,719,612,0,53
674,720,612,0,53
674,721,612,0,53
674,722,612,0,53
674,723,612,0,53
674,724,612,0,53
719,625,614,0,98
719,626,614,0,98
719,627,614,0,98
719,628,614,0,98
719,629,614,0,98
719,630,614,0,98
719,631,614,0,98
719,632,614,0,98
719,633,614,0,98
719,634,614,0,98
719,635,614,0,98
719,636,614,0,98
719,637,614,0,98
719,638,614,0,98
719,639,614,0,98
719,640,614,0,98
719,641,614,0,98
719,642,614,0,98
719,643,614,0,98
719,644,614,0,98
719,645,614,0,98
719,646,614,0,98
719,647,614,0,98
719,648,614,0,98
719,649,614,0,98
719,650,614,0,98
719,651,614,0,98
719,652,614,0,98
719,653,614,0,98
719,654,614,0,98
719,655,614,0,98
719,656,614,0,98
719,657,614,0,98
719,658,614,0,98
719,659,614,0,98
719,660,614,0,98
719,661,614,0,98
719,662,614,0,98
719,663,614,0,98
719,664,614,0,98
719,665,614,0,98
719,666,614,0,98
719,667,614,0,98
719,668,614,0,98
719,669,614,0,98
719,670,614,0,98
719,671,614,0,98
719,672,614,0,98
719,673,614,0,98
719,674,614,0,98
719,675,614,0,98
719,676,614,0,98
719,677,614,0,98
719,678,614,0,98
719,679,614,0,98
719,680,614,0,98
719,681,614,0,98
719,682,614,0,98
719,683,614,0,98
719,684,614,0,98
719,685,614,0,98
719,686,614,0,98
719,687,614,0,98
719,688,614,0,98
719,689,614,0,98
719,690,614,0,98
719,691,614,0,98
719,692,614,0,98
719,693,614,0,98
719,694,614,0,98
719,695,614,0,98
719,696,614,0,98
719,697,614,0,98
719,698,614,0,98
719,699,614,0,98
719,700,614,0,98
719,701,614,0,98
719,702,614,0,98
719,703,614,0,98
719,704,614,0,98
719,705,614,0,98
719,706,614,0,98
719,707,614,0,98
719,708,614,0,98
719,709,614,0,98
719,710,614,0,98
719,711,614,0,98
719,712,614,0,98
719,713,614,0,98
719,714,614,0,98
719,715,614,0,98
719,716,614,0,98
719,717,614,0,98
719,718,614,0,98
719,720,614,0,98
719,721,614,0,98
719,722,614,0,98
719,723,614,0,98
719,724,614,0,98
