0,626,600,3,2
1,659,0,0,0
2,626,602,3,3
2,659,1,0,1
3,626,603,3,3
4,626,604,3,3
4,658,604,3,3
4,660,5,1,0
4,696,604,3,3
5,626,605,3,3
5,634,6,1,0
5,660,6,1,0
5,696,605,3,3
6,626,606,3,3
6,634,7,1,0
6,660,7,1,0
6,696,606,3,3
7,626,607,3,3
7,634,607,3,3
7,660,607,3,3
8,626,7,0,1
8,634,608,3,3
8,660,608,3,3
8,696,7,0,1
9,626,8,0,1
9,634,609,3,3
9,660,609,3,3
9,696,8,0,1
10,626,9,0,1
10,634,610,3,3
10,660,610,3,3
10,696,9,0,1
11,626,10,0,1
12,626,11,0,1
12,723,11,0,1
13,626,12,0,1
13,659,14,1,0
15,626,16,1,0
16,626,17,1,0
16,723,15,0,1
17,626,18,1,0
17,634,617,3,3
17,658,18,1,0
17,660,16,0,1
17,696,18,1,0
18,626,19,1,0
18,634,618,3,3
18,660,618,3,3
18,696,19,1,0
19,626,20,1,0
19,634,619,3,3
19,660,619,3,3
19,696,20,1,0
20,626,620,3,3
20,634,620,3,3
20,660,620,3,3
21,626,621,3,3
21,634,20,0,1
21,660,20,0,1
21,696,621,3,3
22,626,622,3,3
22,634,21,0,1
22,660,21,0,1
22,696,622,3,3
23,626,623,3,3
23,634,22,0,1
23,658,623,3,3
23,660,24,1,0
23,696,623,3,3
24,626,624,3,3
24,723,0,1,2
25,626,0,0,1
26,659,25,1,1
27,626,2,0,2
27,659,26,1,2
28,626,3,0,2
29,626,4,0,2
29,658,4,0,2
29,660,30,2,1
29,696,4,0,2
30,626,5,0,2
30,634,31,2,1
30,660,31,2,1
30,696,5,0,2
31,626,6,0,2
31,634,32,2,1
31,660,32,2,1
31,696,6,0,2
32,626,7,0,2
32,634,7,0,2
32,660,7,0,2
33,626,32,1,2
33,634,8,0,2
33,660,8,0,2
33,696,32,1,2
34,626,33,1,2
34,634,9,0,2
34,660,9,0,2
34,696,33,1,2
35,626,34,1,2
35,634,10,0,2
35,660,10,0,2
35,696,34,1,2
36,626,35,1,2
37,626,36,1,2
37,723,36,1,2
38,626,37,1,2
38,659,39,2,1
40,626,41,2,1
41,626,42,2,1
41,723,40,1,2
42,626,43,2,1
42,634,17,0,2
42,658,43,2,1
42,660,41,1,2
42,696,43,2,1
43,626,44,2,1
43,634,18,0,2
43,660,18,0,2
43,696,44,2,1
44,626,45,2,1
44,634,19,0,2
44,660,19,0,2
44,696,45,2,1
45,626,20,0,2
45,634,20,0,2
45,660,20,0,2
46,626,21,0,2
46,634,45,1,2
46,660,45,1,2
46,696,21,0,2
47,626,22,0,2
47,634,46,1,2
47,660,46,1,2
47,696,22,0,2
48,626,23,0,2
48,634,47,1,2
48,658,23,0,2
48,696,23,0,2
49,626,24,0,2
49,723,25,2,3
50,626,75,2,0
51,659,50,1,1
52,626,77,3,0
52,659,51,1,2
53,626,78,3,0
54,626,79,3,0
54,658,29,0,3
54,660,55,2,1
54,696,29,0,3
55,626,80,3,0
55,634,56,2,1
55,660,56,2,1
55,696,30,0,3
56,626,81,3,0
56,634,57,2,1
56,660,57,2,1
56,696,31,0,3
57,634,32,0,3
58,626,57,1,2
58,634,33,0,3
58,660,33,0,3
58,696,57,1,2
59,626,58,1,2
59,634,34,0,3
59,660,34,0,3
59,696,58,1,2
60,626,59,1,2
60,634,35,0,3
60,660,35,0,3
60,696,59,1,2
61,626,60,1,2
62,626,61,1,2
62,723,61,1,2
63,626,62,1,2
63,659,64,2,1
65,626,66,2,1
66,626,67,2,1
66,723,65,1,2
67,626,68,2,1
67,634,42,0,3
67,658,68,2,1
67,660,66,1,2
67,696,68,2,1
68,626,69,2,1
68,634,43,0,3
68,660,43,0,3
68,696,69,2,1
69,626,70,2,1
69,634,44,0,3
69,660,44,0,3
69,696,70,2,1
70,634,45,0,3
71,626,96,3,0
71,634,70,1,2
71,660,70,1,2
71,696,46,0,3
72,626,97,3,0
72,634,71,1,2
72,660,71,1,2
72,696,47,0,3
73,626,98,3,0
73,634,72,1,2
73,658,48,0,3
73,660,74,2,1
73,696,48,0,3
74,626,99,3,0
74,723,50,2,3
75,626,100,2,0
76,659,75,1,1
77,626,102,3,0
77,659,76,1,2
78,626,103,3,0
79,626,104,3,0
79,658,54,0,3
79,660,80,2,1
79,696,54,0,3
80,626,105,3,0
80,634,81,2,1
80,660,81,2,1
80,696,55,0,3
81,626,106,3,0
81,634,82,2,1
81,660,82,2,1
81,696,56,0,3
82,626,107,3,0
82,634,57,0,3
83,626,82,1,2
83,634,58,0,3
83,660,58,0,3
83,696,82,1,2
84,626,83,1,2
84,634,59,0,3
84,660,59,0,3
84,696,83,1,2
85,626,84,1,2
85,634,60,0,3
85,660,60,0,3
85,696,84,1,2
86,626,85,1,2
87,626,86,1,2
87,723,86,1,2
88,626,87,1,2
88,659,89,2,1
90,626,91,2,1
91,626,92,2,1
91,723,90,1,2
92,626,93,2,1
92,634,67,0,3
92,658,93,2,1
92,660,91,1,2
92,696,93,2,1
93,626,94,2,1
93,634,68,0,3
93,660,68,0,3
93,696,94,2,1
94,626,95,2,1
94,634,69,0,3
94,660,69,0,3
94,696,95,2,1
95,626,120,3,0
95,634,70,0,3
96,626,121,3,0
96,634,95,1,2
96,660,95,1,2
96,696,71,0,3
97,626,122,3,0
97,634,96,1,2
97,660,96,1,2
97,696,72,0,3
98,626,123,3,0
98,634,97,1,2
98,658,73,0,3
98,660,99,2,1
98,696,73,0,3
99,626,124,3,0
99,723,75,2,3
100,626,125,2,0
101,659,100,1,1
102,626,127,3,0
102,659,101,1,2
103,626,128,3,0
104,626,129,3,0
104,658,79,0,3
104,660,105,2,1
104,696,79,0,3
105,626,130,3,0
105,634,106,2,1
105,660,106,2,1
105,696,80,0,3
106,626,131,3,0
106,634,107,2,1
106,660,107,2,1
106,696,81,0,3
107,626,132,3,0
107,634,82,0,3
108,626,107,1,2
108,634,83,0,3
108,660,83,0,3
108,696,107,1,2
109,626,108,1,2
109,634,84,0,3
109,660,84,0,3
109,696,108,1,2
110,626,109,1,2
110,634,85,0,3
110,660,85,0,3
110,696,109,1,2
111,626,110,1,2
112,626,111,1,2
112,723,111,1,2
113,626,112,1,2
113,659,114,2,1
115,626,116,2,1
116,626,117,2,1
116,723,115,1,2
117,626,118,2,1
117,634,92,0,3
117,658,118,2,1
117,660,116,1,2
117,696,118,2,1
118,626,119,2,1
118,634,93,0,3
118,660,93,0,3
118,696,119,2,1
119,626,120,2,1
119,634,94,0,3
119,660,94,0,3
119,696,120,2,1
120,626,145,3,0
120,634,95,0,3
121,626,146,3,0
121,634,120,1,2
121,660,120,1,2
121,696,96,0,3
122,626,147,3,0
122,634,121,1,2
122,660,121,1,2
122,696,97,0,3
123,626,148,3,0
123,634,122,1,2
123,658,98,0,3
123,660,124,2,1
123,696,98,0,3
124,626,149,3,0
124,723,100,2,3
125,626,150,2,0
126,659,125,1,1
127,626,152,3,0
127,659,126,1,2
128,626,153,3,0
129,626,154,3,0
129,658,104,0,3
129,660,130,2,1
129,696,104,0,3
130,626,155,3,0
130,634,131,2,1
130,660,131,2,1
130,696,105,0,3
131,626,156,3,0
131,634,132,2,1
131,660,132,2,1
131,696,106,0,3
132,626,157,3,0
132,634,107,0,3
132,660,157,3,0
132,696,107,0,3
133,626,132,1,2
133,634,108,0,3
133,660,158,3,0
133,696,132,1,2
134,626,133,1,2
134,634,109,0,3
134,660,159,3,0
134,696,133,1,2
135,626,134,1,2
135,634,110,0,3
135,660,160,3,0
135,696,134,1,2
136,626,135,1,2
136,723,723,102,0
137,626,136,1,2
137,723,136,1,2
138,626,137,1,2
138,659,139,2,1
140,626,141,2,1
141,626,142,2,1
142,626,143,2,1
142,634,117,0,3
142,658,143,2,1
142,660,141,1,2
142,696,143,2,1
143,626,144,2,1
143,634,118,0,3
143,660,168,3,0
143,696,144,2,1
144,626,145,2,1
144,634,119,0,3
144,660,169,3,0
144,696,145,2,1
145,626,170,3,0
145,634,120,0,3
145,660,170,3,0
145,696,120,0,3
146,626,171,3,0
146,634,145,1,2
146,660,145,1,2
146,696,121,0,3
147,626,172,3,0
147,634,146,1,2
147,660,146,1,2
147,696,122,0,3
148,626,173,3,0
148,634,147,1,2
148,658,123,0,3
148,660,149,2,1
148,696,123,0,3
149,626,174,3,0
149,723,125,2,3
150,626,175,2,0
151,659,150,1,1
152,626,177,3,0
152,659,151,1,2
153,626,178,3,0
154,626,179,3,0
154,658,129,0,3
154,660,155,2,1
154,696,129,0,3
155,626,180,3,0
155,634,156,2,1
155,660,156,2,1
155,696,130,0,3
156,626,181,3,0
156,634,157,2,1
156,660,157,2,1
156,696,131,0,3
157,626,182,3,0
157,634,132,0,3
157,660,182,3,0
157,696,132,0,3
158,626,157,1,2
158,634,133,0,3
158,660,183,3,0
158,696,157,1,2
159,626,158,1,2
159,634,134,0,3
159,660,184,3,0
159,696,158,1,2
160,626,159,1,2
160,634,135,0,3
160,660,185,3,0
160,696,159,1,2
161,626,160,1,2
162,626,161,1,2
162,723,161,1,2
163,626,162,1,2
163,659,164,2,1
165,626,166,2,1
166,626,167,2,1
166,723,165,1,2
167,626,168,2,1
167,634,142,0,3
167,658,168,2,1
167,660,166,1,2
167,696,168,2,1
168,626,169,2,1
168,634,143,0,3
168,660,193,3,0
168,696,169,2,1
169,626,170,2,1
169,634,144,0,3
169,660,194,3,0
169,696,170,2,1
170,626,195,3,0
170,634,145,0,3
170,660,195,3,0
170,696,145,0,3
171,626,196,3,0
171,634,170,1,2
171,660,170,1,2
171,696,146,0,3
172,626,197,3,0
172,634,171,1,2
172,660,171,1,2
172,696,147,0,3
173,626,198,3,0
173,634,172,1,2
173,658,148,0,3
173,660,174,2,1
173,696,148,0,3
174,626,199,3,0
174,723,150,2,3
175,626,200,2,0
176,659,175,1,1
177,626,202,3,0
177,659,176,1,2
178,626,203,3,0
179,626,204,3,0
179,658,154,0,3
179,660,180,2,1
179,696,154,0,3
180,626,205,3,0
180,634,181,2,1
180,660,181,2,1
180,696,155,0,3
181,626,206,3,0
181,634,182,2,1
181,660,182,2,1
181,696,156,0,3
182,626,207,3,0
182,660,207,3,0
182,696,157,0,3
183,626,182,1,2
183,634,208,3,0
183,660,208,3,0
183,696,182,1,2
184,626,183,1,2
184,634,209,3,0
184,660,209,3,0
184,696,183,1,2
185,626,184,1,2
185,634,210,3,0
185,660,210,3,0
185,696,184,1,2
186,626,185,1,2
187,626,186,1,2
187,723,186,1,2
188,626,187,1,2
188,659,189,2,1
190,626,191,2,1
191,626,192,2,1
191,723,190,1,2
192,626,193,2,1
192,634,217,3,0
192,658,193,2,1
192,660,191,1,2
192,696,193,2,1
193,626,194,2,1
193,634,218,3,0
193,660,218,3,0
193,696,194,2,1
194,626,195,2,1
194,634,219,3,0
194,660,219,3,0
194,696,195,2,1
195,626,220,3,0
195,660,220,3,0
195,696,170,0,3
196,626,221,3,0
196,634,195,1,2
196,660,195,1,2
196,696,171,0,3
197,626,222,3,0
197,634,196,1,2
197,660,196,1,2
197,696,172,0,3
198,626,223,3,0
198,634,197,1,2
198,658,173,0,3
198,660,199,2,1
198,696,173,0,3
199,626,224,3,0
199,723,175,2,3
200,626,225,2,0
201,659,200,1,1
202,626,227,3,0
202,659,201,1,2
203,626,228,3,0
204,626,229,3,0
204,658,179,0,3
204,660,205,2,1
204,696,179,0,3
205,626,230,3,0
205,634,206,2,1
205,660,206,2,1
205,696,180,0,3
206,626,231,3,0
206,634,207,2,1
206,660,207,2,1
206,696,181,0,3
207,626,232,3,0
207,660,232,3,0
207,696,182,0,3
208,626,207,1,2
208,634,233,3,0
208,660,233,3,0
208,696,207,1,2
209,626,208,1,2
209,634,234,3,0
209,660,234,3,0
209,696,208,1,2
210,626,209,1,2
210,634,235,3,0
210,660,235,3,0
210,696,209,1,2
211,626,210,1,2
212,626,211,1,2
212,723,211,1,2
213,626,212,1,2
213,659,214,2,1
215,626,216,2,1
216,626,217,2,1
216,723,215,1,2
217,626,218,2,1
217,634,242,3,0
217,658,218,2,1
217,660,216,1,2
217,696,218,2,1
218,626,219,2,1
218,634,243,3,0
218,660,243,3,0
218,696,219,2,1
219,626,220,2,1
219,634,244,3,0
219,660,244,3,0
219,696,220,2,1
220,626,245,3,0
220,660,245,3,0
220,696,195,0,3
221,626,246,3,0
221,634,220,1,2
221,660,220,1,2
221,696,196,0,3
222,626,247,3,0
222,634,221,1,2
222,660,221,1,2
222,696,197,0,3
223,626,248,3,0
223,634,222,1,2
223,658,198,0,3
223,660,224,2,1
223,696,198,0,3
224,626,249,3,0
224,723,200,2,3
225,626,250,2,0
226,659,225,1,1
227,626,252,3,0
227,659,226,1,2
228,626,253,3,0
229,626,254,3,0
229,658,204,0,3
229,660,230,2,1
229,696,204,0,3
230,626,255,3,0
230,634,231,2,1
230,660,231,2,1
230,696,205,0,3
231,626,256,3,0
231,634,232,2,1
231,660,232,2,1
231,696,206,0,3
232,626,257,3,0
232,660,257,3,0
232,696,207,0,3
233,626,232,1,2
233,634,258,3,0
233,660,258,3,0
233,696,232,1,2
234,626,233,1,2
234,634,259,3,0
234,660,259,3,0
234,696,233,1,2
235,626,234,1,2
235,634,260,3,0
235,660,260,3,0
235,696,234,1,2
236,626,235,1,2
237,626,236,1,2
237,723,236,1,2
238,626,237,1,2
238,659,239,2,1
240,626,241,2,1
241,626,242,2,1
241,723,240,1,2
242,626,243,2,1
242,634,267,3,0
242,658,243,2,1
242,660,241,1,2
242,696,243,2,1
243,626,244,2,1
243,634,268,3,0
243,660,268,3,0
243,696,244,2,1
244,626,245,2,1
244,634,269,3,0
244,660,269,3,0
244,696,245,2,1
245,626,270,3,0
245,660,270,3,0
245,696,220,0,3
246,626,271,3,0
246,634,245,1,2
246,660,245,1,2
246,696,221,0,3
247,626,272,3,0
247,634,246,1,2
247,660,246,1,2
247,696,222,0,3
248,626,273,3,0
248,634,247,1,2
248,658,223,0,3
248,660,249,2,1
248,696,223,0,3
249,626,274,3,0
249,723,225,2,3
250,626,275,2,0
251,659,250,1,1
252,626,277,3,0
252,659,251,1,2
253,626,278,3,0
254,626,279,3,0
254,658,229,0,3
254,660,255,2,1
254,696,229,0,3
255,626,280,3,0
255,634,256,2,1
255,658,230,0,3
255,660,256,2,1
255,696,230,0,3
256,626,281,3,0
256,634,257,2,1
256,658,231,0,3
256,660,257,2,1
256,696,231,0,3
257,626,282,3,0
257,658,232,0,3
257,660,282,3,0
257,696,232,0,3
258,626,257,1,2
258,634,283,3,0
258,660,283,3,0
258,696,257,1,2
259,626,258,1,2
259,634,284,3,0
259,660,284,3,0
259,696,258,1,2
260,626,259,1,2
260,634,285,3,0
260,660,285,3,0
260,696,259,1,2
261,626,260,1,2
262,626,261,1,2
262,723,261,1,2
263,626,262,1,2
263,659,264,2,1
265,626,266,2,1
266,626,267,2,1
266,723,265,1,2
267,626,268,2,1
267,634,292,3,0
267,658,268,2,1
267,660,266,1,2
267,696,268,2,1
268,626,269,2,1
268,634,293,3,0
268,660,293,3,0
268,696,269,2,1
269,626,270,2,1
269,634,294,3,0
269,660,294,3,0
269,696,270,2,1
270,626,295,3,0
270,658,245,0,3
270,660,295,3,0
270,696,245,0,3
271,626,296,3,0
271,634,270,1,2
271,658,246,0,3
271,660,270,1,2
271,696,246,0,3
272,626,297,3,0
272,634,271,1,2
272,658,247,0,3
272,660,271,1,2
272,696,247,0,3
273,626,298,3,0
273,634,272,1,2
273,658,248,0,3
273,660,274,2,1
273,696,248,0,3
274,626,299,3,0
274,723,250,2,3
275,626,300,2,0
276,659,275,1,1
277,626,302,3,0
277,659,276,1,2
278,626,303,3,0
279,626,304,3,0
279,658,304,3,0
279,660,280,2,1
279,696,254,0,3
280,626,305,3,0
280,634,281,2,1
280,660,281,2,1
280,696,255,0,3
281,626,306,3,0
281,634,282,2,1
281,660,282,2,1
281,696,256,0,3
282,626,307,3,0
282,660,307,3,0
282,696,257,0,3
283,626,282,1,2
283,634,308,3,0
283,660,308,3,0
283,696,282,1,2
284,626,283,1,2
284,634,309,3,0
284,660,309,3,0
284,696,283,1,2
285,626,284,1,2
285,634,310,3,0
285,660,310,3,0
285,696,284,1,2
286,626,285,1,2
287,626,286,1,2
287,723,286,1,2
288,626,287,1,2
288,659,289,2,1
290,626,291,2,1
291,626,292,2,1
291,723,290,1,2
292,626,293,2,1
292,634,317,3,0
292,658,293,2,1
292,660,291,1,2
292,696,293,2,1
293,626,294,2,1
293,634,318,3,0
293,660,318,3,0
293,696,294,2,1
294,626,295,2,1
294,634,319,3,0
294,660,319,3,0
294,696,295,2,1
295,626,320,3,0
295,660,320,3,0
295,696,270,0,3
296,626,321,3,0
296,634,295,1,2
296,660,295,1,2
296,696,271,0,3
297,626,322,3,0
297,634,296,1,2
297,660,296,1,2
297,696,272,0,3
298,626,323,3,0
298,634,297,1,2
298,658,323,3,0
298,660,299,2,1
298,696,273,0,3
299,626,324,3,0
299,723,275,2,3
300,626,325,2,0
301,659,300,1,1
302,626,327,3,0
302,659,301,1,2
303,626,328,3,0
304,626,329,3,0
304,658,329,3,0
304,660,305,2,1
304,696,329,3,0
305,626,330,3,0
305,634,306,2,1
305,660,306,2,1
305,696,330,3,0
306,626,331,3,0
306,634,307,2,1
306,660,307,2,1
306,696,331,3,0
307,626,332,3,0
307,634,332,3,0
307,660,332,3,0
308,626,307,1,2
308,634,333,3,0
308,660,333,3,0
308,696,307,1,2
309,626,308,1,2
309,634,334,3,0
309,660,334,3,0
309,696,308,1,2
310,626,309,1,2
310,634,335,3,0
310,660,335,3,0
310,696,309,1,2
311,626,310,1,2
312,626,311,1,2
312,723,311,1,2
313,626,312,1,2
313,659,314,2,1
315,626,316,2,1
316,626,317,2,1
316,723,315,1,2
317,626,318,2,1
317,634,342,3,0
317,658,318,2,1
317,660,316,1,2
317,696,318,2,1
318,626,319,2,1
318,634,343,3,0
318,660,343,3,0
318,696,319,2,1
319,626,320,2,1
319,634,344,3,0
319,660,344,3,0
319,696,320,2,1
320,626,345,3,0
320,634,345,3,0
320,660,345,3,0
321,626,346,3,0
321,634,320,1,2
321,660,320,1,2
321,696,346,3,0
322,626,347,3,0
322,634,321,1,2
322,660,321,1,2
322,696,347,3,0
323,626,348,3,0
323,634,322,1,2
323,658,348,3,0
323,660,324,2,1
323,696,348,3,0
324,626,349,3,0
324,723,300,2,3
325,626,350,2,0
326,659,325,1,1
327,626,352,3,0
327,659,326,1,2
328,626,353,3,0
329,626,354,3,0
329,658,354,3,0
329,660,330,2,1
329,696,354,3,0
330,626,355,3,0
330,634,331,2,1
330,660,331,2,1
330,696,355,3,0
331,626,356,3,0
331,634,332,2,1
331,660,332,2,1
331,696,356,3,0
332,626,357,3,0
332,634,357,3,0
332,660,357,3,0
333,626,332,1,2
333,634,358,3,0
333,660,358,3,0
333,696,332,1,2
334,626,333,1,2
334,634,359,3,0
334,660,359,3,0
334,696,333,1,2
335,626,334,1,2
335,634,360,3,0
335,660,360,3,0
335,696,334,1,2
336,626,335,1,2
337,626,336,1,2
337,723,336,1,2
338,626,337,1,2
338,659,339,2,1
340,626,341,2,1
341,626,342,2,1
341,723,340,1,2
342,626,343,2,1
342,634,367,3,0
342,658,343,2,1
342,660,341,1,2
342,696,343,2,1
343,626,344,2,1
343,634,368,3,0
343,660,368,3,0
343,696,344,2,1
344,626,345,2,1
344,634,369,3,0
344,660,369,3,0
344,696,345,2,1
345,626,370,3,0
345,634,370,3,0
345,660,370,3,0
346,626,371,3,0
346,634,345,1,2
346,660,345,1,2
346,696,371,3,0
347,626,372,3,0
347,634,346,1,2
347,660,346,1,2
347,696,372,3,0
348,626,373,3,0
348,634,347,1,2
348,658,373,3,0
348,660,349,2,1
348,696,373,3,0
349,626,374,3,0
349,723,325,2,3
350,626,351,1,1
351,659,350,1,1
352,626,626,5,0
352,659,351,1,2
353,626,352,1,2
354,626,353,1,2
354,658,379,3,0
354,660,355,2,1
354,696,379,3,0
355,626,354,1,2
355,634,356,2,1
355,660,356,2,1
355,696,380,3,0
356,626,355,1,2
356,634,357,2,1
356,660,357,2,1
356,696,381,3,0
357,626,356,1,2
357,634,382,3,0
358,626,357,1,2
358,634,383,3,0
358,660,383,3,0
358,696,357,1,2
359,626,358,1,2
359,634,384,3,0
359,660,384,3,0
359,696,358,1,2
360,626,359,1,2
360,634,385,3,0
360,660,385,3,0
360,696,359,1,2
361,626,360,1,2
362,626,361,1,2
362,723,361,1,2
363,626,362,1,2
363,659,364,2,1
365,626,366,2,1
366,626,367,2,1
366,723,365,1,2
367,626,368,2,1
367,634,392,3,0
367,658,368,2,1
367,660,366,1,2
367,696,368,2,1
368,626,369,2,1
368,634,393,3,0
368,660,393,3,0
368,696,369,2,1
369,626,370,2,1
369,634,394,3,0
369,660,394,3,0
369,696,370,2,1
370,626,371,2,1
370,634,395,3,0
371,626,372,2,1
371,634,370,1,2
371,660,370,1,2
371,696,396,3,0
372,626,373,2,1
372,634,371,1,2
372,660,371,1,2
372,696,397,3,0
373,626,374,2,1
373,634,372,1,2
373,658,398,3,0
373,660,374,2,1
373,696,398,3,0
374,626,350,2,3
374,723,350,2,3
375,626,350,0,2
376,659,375,1,1
377,626,352,0,3
377,659,376,1,2
378,626,353,0,3
379,626,354,0,3
379,658,404,3,0
379,660,380,2,1
379,696,404,3,0
380,626,355,0,3
380,634,381,2,1
380,660,381,2,1
380,696,405,3,0
381,626,356,0,3
381,634,382,2,1
381,660,382,2,1
381,696,406,3,0
382,634,407,3,0
383,626,382,1,2
383,634,408,3,0
383,660,408,3,0
383,696,382,1,2
384,626,383,1,2
384,634,409,3,0
384,660,409,3,0
384,696,383,1,2
385,626,384,1,2
385,634,410,3,0
385,660,410,3,0
385,696,384,1,2
386,626,385,1,2
387,626,386,1,2
387,723,386,1,2
388,626,387,1,2
388,659,389,2,1
390,626,391,2,1
391,626,392,2,1
391,723,390,1,2
392,626,393,2,1
392,634,417,3,0
392,658,393,2,1
392,660,391,1,2
392,696,393,2,1
393,626,394,2,1
393,634,418,3,0
393,660,418,3,0
393,696,394,2,1
394,626,395,2,1
394,634,419,3,0
394,660,419,3,0
394,696,395,2,1
395,634,420,3,0
396,626,371,0,3
396,634,395,1,2
396,660,395,1,2
396,696,421,3,0
397,626,372,0,3
397,634,396,1,2
397,660,396,1,2
397,696,422,3,0
398,626,373,0,3
398,634,397,1,2
398,658,423,3,0
398,660,399,2,1
398,696,423,3,0
399,626,374,0,3
399,723,375,2,3
400,626,375,0,2
400,659,659,38,0
401,659,400,1,1
402,626,377,0,3
403,626,378,0,3
404,626,379,0,3
404,658,429,3,0
404,660,405,2,1
404,696,429,3,0
405,626,380,0,3
405,634,406,2,1
405,660,406,2,1
405,696,430,3,0
406,626,381,0,3
406,634,407,2,1
406,660,407,2,1
406,696,431,3,0
407,626,382,0,3
407,634,432,3,0
408,626,407,1,2
408,634,433,3,0
408,660,433,3,0
408,696,407,1,2
409,626,408,1,2
409,634,434,3,0
409,660,434,3,0
409,696,408,1,2
410,626,409,1,2
410,634,435,3,0
410,660,435,3,0
410,696,409,1,2
411,626,410,1,2
412,626,411,1,2
412,723,411,1,2
413,626,412,1,2
413,659,414,2,1
415,626,416,2,1
416,626,417,2,1
416,723,415,1,2
417,626,418,2,1
417,634,442,3,0
417,658,418,2,1
417,660,416,1,2
417,696,418,2,1
418,626,419,2,1
418,634,443,3,0
418,660,443,3,0
418,696,419,2,1
419,626,420,2,1
419,634,444,3,0
419,660,444,3,0
419,696,420,2,1
420,626,395,0,3
420,634,445,3,0
421,626,396,0,3
421,634,420,1,2
421,660,420,1,2
421,696,446,3,0
422,626,397,0,3
422,634,421,1,2
422,660,421,1,2
422,696,447,3,0
423,626,398,0,3
423,634,422,1,2
423,658,448,3,0
423,660,424,2,1
423,696,448,3,0
424,626,399,0,3
424,723,400,2,3
425,626,400,0,2
426,659,425,1,1
427,626,402,0,3
427,659,426,1,2
428,626,403,0,3
429,626,404,0,3
429,658,454,3,0
429,660,430,2,1
429,696,454,3,0
430,626,405,0,3
430,634,431,2,1
430,660,431,2,1
430,696,455,3,0
431,626,406,0,3
431,634,432,2,1
431,660,432,2,1
431,696,456,3,0
432,626,407,0,3
432,634,457,3,0
432,660,433,2,1
432,696,457,3,0
433,626,432,1,2
433,634,458,3,0
433,660,434,2,1
433,696,432,1,2
434,626,433,1,2
434,634,459,3,0
434,660,435,2,1
434,696,433,1,2
435,626,434,1,2
435,634,460,3,0
435,660,660,39,0
435,696,434,1,2
436,626,435,1,2
437,626,436,1,2
437,723,436,1,2
438,626,437,1,2
438,659,439,2,1
440,626,441,2,1
441,626,442,2,1
441,723,440,1,2
442,626,443,2,1
442,634,467,3,0
442,658,443,2,1
442,660,441,1,2
442,696,443,2,1
443,626,444,2,1
443,634,468,3,0
443,660,442,1,2
443,696,444,2,1
444,626,445,2,1
444,634,469,3,0
444,660,443,1,2
444,696,445,2,1
445,626,420,0,3
445,634,470,3,0
445,660,444,1,2
445,696,470,3,0
446,626,421,0,3
446,634,445,1,2
446,660,445,1,2
446,696,471,3,0
447,626,422,0,3
447,634,446,1,2
447,660,446,1,2
447,696,472,3,0
448,626,423,0,3
448,634,447,1,2
448,658,473,3,0
448,660,449,2,1
448,696,473,3,0
449,626,424,0,3
449,723,425,2,3
450,626,425,0,2
451,659,450,1,1
452,626,427,0,3
452,659,451,1,2
453,626,428,0,3
454,626,429,0,3
454,658,479,3,0
454,660,455,2,1
454,696,479,3,0
455,626,430,0,3
455,634,456,2,1
455,660,456,2,1
455,696,480,3,0
456,626,431,0,3
456,634,457,2,1
456,660,457,2,1
456,696,481,3,0
457,626,432,0,3
457,634,482,3,0
457,660,432,0,3
457,696,482,3,0
458,626,457,1,2
458,634,483,3,0
458,660,433,0,3
458,696,457,1,2
459,626,458,1,2
459,634,484,3,0
459,660,434,0,3
459,696,458,1,2
460,626,459,1,2
460,634,485,3,0
460,660,435,0,3
460,696,459,1,2
461,626,460,1,2
462,626,461,1,2
462,723,461,1,2
463,626,462,1,2
463,659,464,2,1
465,626,466,2,1
466,626,467,2,1
466,723,465,1,2
467,626,468,2,1
467,634,492,3,0
467,658,468,2,1
467,660,466,1,2
467,696,468,2,1
468,626,469,2,1
468,634,493,3,0
468,660,443,0,3
468,696,469,2,1
469,626,470,2,1
469,634,494,3,0
469,660,444,0,3
469,696,470,2,1
470,626,445,0,3
470,634,495,3,0
470,660,445,0,3
470,696,495,3,0
471,626,446,0,3
471,634,470,1,2
471,660,470,1,2
471,696,496,3,0
472,626,447,0,3
472,634,471,1,2
472,660,471,1,2
472,696,497,3,0
473,626,448,0,3
473,634,472,1,2
473,658,498,3,0
473,660,474,2,1
473,696,498,3,0
474,626,449,0,3
474,723,450,2,3
475,626,450,0,2
476,659,475,1,1
477,626,452,0,3
477,659,476,1,2
478,626,453,0,3
479,626,454,0,3
479,658,504,3,0
479,660,480,2,1
479,696,504,3,0
480,626,455,0,3
480,634,481,2,1
480,660,481,2,1
480,696,505,3,0
481,626,456,0,3
481,634,482,2,1
481,660,482,2,1
481,696,506,3,0
482,626,457,0,3
482,634,483,2,1
482,660,457,0,3
482,696,507,3,0
483,626,482,1,2
483,634,484,2,1
483,660,458,0,3
483,696,482,1,2
484,626,483,1,2
484,634,485,2,1
484,660,459,0,3
484,696,483,1,2
485,626,484,1,2
485,634,486,2,1
485,660,460,0,3
485,696,484,1,2
486,626,485,1,2
487,626,486,1,2
487,723,486,1,2
488,626,487,1,2
488,659,489,2,1
490,626,491,2,1
491,626,492,2,1
491,723,490,1,2
492,626,493,2,1
492,634,634,13,0
492,658,493,2,1
492,660,491,1,2
492,696,493,2,1
493,626,494,2,1
493,634,492,1,2
493,660,468,0,3
493,696,494,2,1
494,626,495,2,1
494,634,493,1,2
494,660,469,0,3
494,696,495,2,1
495,626,470,0,3
495,634,494,1,2
495,660,470,0,3
495,696,520,3,0
496,626,471,0,3
496,634,495,1,2
496,660,495,1,2
496,696,521,3,0
497,626,472,0,3
497,634,496,1,2
497,660,496,1,2
497,696,522,3,0
498,626,473,0,3
498,634,497,1,2
498,658,523,3,0
498,660,499,2,1
498,696,523,3,0
499,626,474,0,3
499,723,475,2,3
500,626,475,0,2
501,659,500,1,1
502,626,477,0,3
502,659,501,1,2
503,626,478,0,3
504,626,479,0,3
504,658,529,3,0
504,660,505,2,1
504,696,529,3,0
505,626,480,0,3
505,634,506,2,1
505,660,506,2,1
505,696,530,3,0
506,626,481,0,3
506,634,507,2,1
506,660,507,2,1
506,696,531,3,0
507,626,482,0,3
507,660,482,0,3
507,696,532,3,0
508,626,507,1,2
508,634,483,0,3
508,660,483,0,3
508,696,507,1,2
509,626,508,1,2
509,634,484,0,3
509,660,484,0,3
509,696,508,1,2
510,626,509,1,2
510,634,485,0,3
510,660,485,0,3
510,696,509,1,2
511,626,510,1,2
512,626,511,1,2
512,723,511,1,2
513,626,512,1,2
513,659,514,2,1
515,626,516,2,1
516,626,517,2,1
516,723,515,1,2
517,626,518,2,1
517,634,492,0,3
517,658,518,2,1
517,660,516,1,2
517,696,518,2,1
518,626,519,2,1
518,634,493,0,3
518,660,493,0,3
518,696,519,2,1
519,626,520,2,1
519,634,494,0,3
519,660,494,0,3
519,696,520,2,1
520,626,495,0,3
520,660,495,0,3
520,696,545,3,0
521,626,496,0,3
521,634,520,1,2
521,660,520,1,2
521,696,546,3,0
522,626,497,0,3
522,634,521,1,2
522,660,521,1,2
522,696,547,3,0
523,626,498,0,3
523,634,522,1,2
523,658,548,3,0
523,660,524,2,1
523,696,548,3,0
524,626,499,0,3
524,723,500,2,3
525,626,500,0,2
526,659,525,1,1
527,626,502,0,3
527,659,526,1,2
528,626,503,0,3
529,626,504,0,3
529,658,554,3,0
529,660,530,2,1
529,696,554,3,0
530,626,505,0,3
530,634,531,2,1
530,660,531,2,1
530,696,555,3,0
531,626,506,0,3
531,634,532,2,1
531,660,532,2,1
531,696,556,3,0
532,626,507,0,3
532,660,507,0,3
532,696,557,3,0
533,626,532,1,2
533,634,508,0,3
533,660,508,0,3
533,696,532,1,2
534,626,533,1,2
534,634,509,0,3
534,660,509,0,3
534,696,533,1,2
535,626,534,1,2
535,634,510,0,3
535,660,510,0,3
535,696,534,1,2
536,626,535,1,2
537,626,536,1,2
537,723,536,1,2
538,626,537,1,2
538,659,539,2,1
540,626,541,2,1
541,626,542,2,1
541,723,540,1,2
542,626,543,2,1
542,634,517,0,3
542,658,543,2,1
542,660,541,1,2
542,696,543,2,1
543,626,544,2,1
543,634,518,0,3
543,660,518,0,3
543,696,544,2,1
544,626,545,2,1
544,634,519,0,3
544,660,519,0,3
544,696,545,2,1
545,626,520,0,3
545,660,520,0,3
545,696,570,3,0
546,626,521,0,3
546,634,545,1,2
546,660,545,1,2
546,696,571,3,0
547,626,522,0,3
547,634,546,1,2
547,660,546,1,2
547,696,572,3,0
548,626,523,0,3
548,634,547,1,2
548,658,573,3,0
548,660,549,2,1
548,696,573,3,0
549,626,524,0,3
549,723,525,2,3
550,626,525,0,2
551,659,550,1,1
552,626,527,0,3
552,659,551,1,2
553,626,528,0,3
554,626,529,0,3
554,658,579,3,0
554,660,555,2,1
554,696,579,3,0
555,626,530,0,3
555,634,556,2,1
555,658,580,3,0
555,660,556,2,1
555,696,580,3,0
556,626,531,0,3
556,634,557,2,1
556,658,581,3,0
556,660,557,2,1
556,696,581,3,0
557,626,532,0,3
557,658,582,3,0
557,660,532,0,3
557,696,582,3,0
558,626,557,1,2
558,634,533,0,3
558,660,533,0,3
558,696,557,1,2
559,626,558,1,2
559,634,534,0,3
559,660,534,0,3
559,696,558,1,2
560,626,559,1,2
560,634,535,0,3
560,660,535,0,3
560,696,559,1,2
561,626,560,1,2
562,626,561,1,2
562,723,561,1,2
563,626,562,1,2
563,659,564,2,1
565,626,566,2,1
566,626,567,2,1
566,723,565,1,2
567,626,568,2,1
567,634,542,0,3
567,658,568,2,1
567,660,566,1,2
567,696,568,2,1
568,626,569,2,1
568,634,543,0,3
568,660,543,0,3
568,696,569,2,1
569,626,570,2,1
569,634,544,0,3
569,660,544,0,3
569,696,570,2,1
570,626,545,0,3
570,658,595,3,0
570,660,545,0,3
570,696,595,3,0
571,626,546,0,3
571,634,570,1,2
571,658,596,3,0
571,660,570,1,2
571,696,596,3,0
572,626,547,0,3
572,634,571,1,2
572,658,597,3,0
572,660,571,1,2
572,696,597,3,0
573,626,548,0,3
573,634,572,1,2
573,658,598,3,0
573,660,574,2,1
573,696,598,3,0
574,626,549,0,3
574,723,550,2,3
575,626,550,0,2
576,659,575,1,1
577,626,552,0,3
577,659,576,1,2
578,626,553,0,3
579,626,554,0,3
579,658,658,37,0
579,660,580,2,1
579,696,604,3,0
580,626,555,0,3
580,634,581,2,1
580,658,579,1,2
580,660,581,2,1
580,696,605,3,0
581,626,556,0,3
581,634,582,2,1
581,658,580,1,2
581,660,582,2,1
581,696,606,3,0
582,626,557,0,3
582,658,581,1,2
582,660,557,0,3
582,696,607,3,0
583,626,582,1,2
583,634,558,0,3
583,660,558,0,3
583,696,582,1,2
584,626,583,1,2
584,634,559,0,3
584,660,559,0,3
584,696,583,1,2
585,626,584,1,2
585,634,560,0,3
585,660,560,0,3
585,696,584,1,2
586,626,585,1,2
587,626,586,1,2
587,723,586,1,2
588,626,587,1,2
588,659,589,2,1
590,626,591,2,1
591,626,592,2,1
591,723,590,1,2
592,626,593,2,1
592,634,567,0,3
592,658,593,2,1
592,660,591,1,2
592,696,593,2,1
593,626,594,2,1
593,634,568,0,3
593,660,568,0,3
593,696,594,2,1
594,626,595,2,1
594,634,569,0,3
594,660,569,0,3
594,696,595,2,1
595,626,570,0,3
595,658,596,2,1
595,660,570,0,3
595,696,620,3,0
596,626,571,0,3
596,634,595,1,2
596,658,597,2,1
596,660,595,1,2
596,696,621,3,0
597,626,572,0,3
597,634,596,1,2
597,658,598,2,1
597,660,596,1,2
597,696,622,3,0
598,626,573,0,3
598,634,597,1,2
598,660,599,2,1
598,696,623,3,0
599,626,574,0,3
599,723,575,2,3
600,626,575,0,2
601,659,600,1,1
602,626,577,0,3
602,659,601,1,2
603,626,578,0,3
604,626,579,0,3
604,658,579,0,3
604,660,605,2,1
604,696,696,75,0
605,626,580,0,3
605,634,606,2,1
605,660,606,2,1
605,696,604,1,2
606,626,581,0,3
606,634,607,2,1
606,660,607,2,1
606,696,605,1,2
607,626,582,0,3
607,660,582,0,3
607,696,606,1,2
608,626,607,1,2
608,634,583,0,3
608,660,583,0,3
608,696,607,1,2
609,626,608,1,2
609,634,584,0,3
609,660,584,0,3
609,696,608,1,2
610,626,609,1,2
610,634,585,0,3
610,660,585,0,3
610,696,609,1,2
611,626,610,1,2
612,626,611,1,2
612,723,611,1,2
613,626,612,1,2
613,659,614,2,1
615,626,616,2,1
616,626,617,2,1
616,723,615,1,2
617,626,618,2,1
617,634,592,0,3
617,658,618,2,1
617,660,616,1,2
617,696,618,2,1
618,626,619,2,1
618,634,593,0,3
618,660,593,0,3
618,696,619,2,1
619,626,620,2,1
619,634,594,0,3
619,660,594,0,3
619,696,620,2,1
620,626,595,0,3
620,660,595,0,3
620,696,621,2,1
621,626,596,0,3
621,634,620,1,2
621,660,620,1,2
621,696,622,2,1
622,626,597,0,3
622,634,621,1,2
622,660,621,1,2
622,696,623,2,1
623,626,598,0,3
623,634,622,1,2
623,658,598,0,3
623,660,624,2,1
624,626,599,0,3
624,723,600,2,3
626,625,352,0,5
626,627,352,0,5
626,628,352,0,5
626,629,352,0,5
626,630,352,0,5
626,631,352,0,5
626,632,352,0,5
626,633,352,0,5
626,634,352,0,5
626,635,352,0,5
626,636,352,0,5
626,637,352,0,5
626,638,352,0,5
626,639,352,0,5
626,640,352,0,5
626,641,352,0,5
626,642,352,0,5
626,643,352,0,5
626,644,352,0,5
626,645,352,0,5
626,646,352,0,5
626,647,352,0,5
626,648,352,0,5
626,649,352,0,5
626,650,352,0,5
626,651,352,0,5
626,652,352,0,5
626,653,352,0,5
626,654,352,0,5
626,655,352,0,5
626,656,352,0,5
626,657,352,0,5
626,658,352,0,5
626,659,352,0,5
626,660,352,0,5
626,661,352,0,5
626,662,352,0,5
626,663,352,0,5
626,664,352,0,5
626,665,352,0,5
626,666,352,0,5
626,667,352,0,5
626,668,352,0,5
626,669,352,0,5
626,670,352,0,5
626,671,352,0,5
626,672,352,0,5
626,673,352,0,5
626,674,352,0,5
626,675,352,0,5
626,676,352,0,5
626,677,352,0,5
626,678,352,0,5
626,679,352,0,5
626,680,352,0,5
626,681,352,0,5
626,682,352,0,5
626,683,352,0,5
626,684,352,0,5
626,685,352,0,5
626,686,352,0,5
626,687,352,0,5
626,688,352,0,5
626,689,352,0,5
626,690,352,0,5
626,691,352,0,5
626,692,352,0,5
626,693,352,0,5
626,694,352,0,5
626,695,352,0,5
626,696,352,0,5
626,697,352,0,5
626,698,352,0,5
626,699,352,0,5
626,700,352,0,5
626,701,352,0,5
626,702,352,0,5
626,703,352,0,5
626,704,352,0,5
626,705,352,0,5
626,706,352,0,5
626,707,352,0,5
626,708,352,0,5
626,709,352,0,5
626,710,352,0,5
626,711,352,0,5
626,712,352,0,5
626,713,352,0,5
626,714,352,0,5
626,715,352,0,5
626,716,352,0,5
626,717,352,0,5
626,718,352,0,5
626,719,352,0,5
626,720,352,0,5
626,721,352,0,5
626,722,352,0,5
626,723,352,0,5
626,724,352,0,5
634,625,492,0,13
634,626,492,0,13
634,627,492,0,13
634,628,492,0,13
634,629,492,0,13
634,630,492,0,13
634,631,492,0,13
634,632,492,0,13
634,633,492,0,13
634,635,492,0,13
634,636,492,0,13
634,637,492,0,13
634,638,492,0,13
634,639,492,0,13
634,640,492,0,13
634,641,492,0,13
634,642,492,0,13
634,643,492,0,13
634,644,492,0,13
634,645,492,0,13
634,646,492,0,13
634,647,492,0,13
634,648,492,0,13
634,649,492,0,13
634,650,492,0,13
634,651,492,0,13
634,652,492,0,13
634,653,492,0,13
634,654,492,0,13
634,655,492,0,13
634,656,492,0,13
634,657,492,0,13
634,658,492,0,13
634,659,492,0,13
634,660,492,0,13
634,661,492,0,13
634,662,492,0,13
634,663,492,0,13
634,664,492,0,13
634,665,492,0,13
634,666,492,0,13
634,667,492,0,13
634,668,492,0,13
634,669,492,0,13
634,670,492,0,13
634,671,492,0,13
634,672,492,0,13
634,673,492,0,13
634,674,492,0,13
634,675,492,0,13
634,676,492,0,13
634,677,492,0,13
634,678,492,0,13
634,679,492,0,13
634,680,492,0,13
634,681,492,0,13
634,682,492,0,13
634,683,492,0,13
634,684,492,0,13
634,685,492,0,13
634,686,492,0,13
634,687,492,0,13
634,688,492,0,13
634,689,492,0,13
634,690,492,0,13
634,691,492,0,13
634,692,492,0,13
634,693,492,0,13
634,694,492,0,13
634,695,492,0,13
634,696,492,0,13
634,697,492,0,13
634,698,492,0,13
634,699,492,0,13
634,700,492,0,13
634,701,492,0,13
634,702,492,0,13
634,703,492,0,13
634,704,492,0,13
634,705,492,0,13
634,706,492,0,13
634,707,492,0,13
634,708,492,0,13
634,709,492,0,13
634,710,492,0,13
634,711,492,0,13
634,712,492,0,13
634,713,492,0,13
634,714,492,0,13
634,715,492,0,13
634,716,492,0,13
634,717,492,0,13
634,718,492,0,13
634,719,492,0,13
634,720,492,0,13
634,721,492,0,13
634,722,492,0,13
634,723,492,0,13
634,724,492,0,13
658,625,579,0,37
658,626,579,0,37
658,627,579,0,37
658,628,579,0,37
658,629,579,0,37
658,630,579,0,37
658,631,579,0,37
658,632,579,0,37
658,633,579,0,37
658,634,579,0,37
658,635,579,0,37
658,636,579,0,37
658,637,579,0,37
658,638,579,0,37
658,639,579,0,37
658,640,579,0,37
658,641,579,0,37
658,642,579,0,37
658,643,579,0,37
658,644,579,0,37
658,645,579,0,37
658,646,579,0,37
658,647,579,0,37
658,648,579,0,37
658,649,579,0,37
658,650,579,0,37
658,651,579,0,37
658,652,579,0,37
658,653,579,0,37
658,654,579,0,37
658,655,579,0,37
658,656,579,0,37
658,657,579,0,37
658,659,579,0,37
658,660,579,0,37
658,661,579,0,37
658,662,579,0,37
658,663,579,0,37
658,664,579,0,37
658,665,579,0,37
658,666,579,0,37
658,667,579,0,37
658,668,579,0,37
658,669,579,0,37
658,670,579,0,37
658,671,579,0,37
658,672,579,0,37
658,673,579,0,37
658,674,579,0,37
658,675,579,0,37
658,676,579,0,37
658,677,579,0,37
658,678,579,0,37
658,679,579,0,37
658,680,579,0,37
658,681,579,0,37
658,682,579,0,37
658,683,579,0,37
658,684,579,0,37
658,685,579,0,37
658,686,579,0,37
658,687,579,0,37
658,688,579,0,37
658,689,579,0,37
658,690,579,0,37
658,691,579,0,37
658,692,579,0,37
658,693,579,0,37
658,694,579,0,37
658,695,579,0,37
658,696,579,0,37
658,697,579,0,37
658,698,579,0,37
658,699,579,0,37
658,700,579,0,37
658,701,579,0,37
658,702,579,0,37
658,703,579,0,37
658,704,579,0,37
658,705,579,0,37
658,706,579,0,37
658,707,579,0,37
658,708,579,0,37
658,709,579,0,37
658,710,579,0,37
658,711,579,0,37
658,712,579,0,37
658,713,579,0,37
658,714,579,0,37
658,715,579,0,37
658,716,579,0,37
658,717,579,0,37
658,718,579,0,37
658,719,579,0,37
658,720,579,0,37
658,721,579,0,37
658,722,579,0,37
658,723,579,0,37
658,724,579,0,37
659,625,400,0,38
659,626,400,0,38
659,627,400,0,38
659,628,400,0,38
659,629,400,0,38
659,630,400,0,38
659,631,400,0,38
659,632,400,0,38
659,633,400,0,38
659,634,400,0,38
659,635,400,0,38
659,636,400,0,38
659,637,400,0,38
659,638,400,0,38
659,639,400,0,38
659,640,400,0,38
659,641,400,0,38
659,642,400,0,38
659,643,400,0,38
659,644,400,0,38
659,645,400,0,38
659,646,400,0,38
659,647,400,0,38
659,648,400,0,38
659,649,400,0,38
659,650,400,0,38
659,651,400,0,38
659,652,400,0,38
659,653,400,0,38
659,654,400,0,38
659,655,400,0,38
659,656,400,0,38
659,657,400,0,38
659,658,400,0,38
659,660,400,0,38
659,661,400,0,38
659,662,400,0,38
659,663,400,0,38
659,664,400,0,38
659,665,400,0,38
659,666,400,0,38
659,667,400,0,38
659,668,400,0,38
659,669,400,0,38
659,670,400,0,38
659,671,400,0,38
659,672,400,0,38
659,673,400,0,38
659,674,400,0,38
659,675,400,0,38
659,676,400,0,38
659,677,400,0,38
659,678,400,0,38
659,679,400,0,38
659,680,400,0,38
659,681,400,0,38
659,682,400,0,38
659,683,400,0,38
659,684,400,0,38
659,685,400,0,38
659,686,400,0,38
659,687,400,0,38
659,688,400,0,38
659,689,400,0,38
659,690,400,0,38
659,691,400,0,38
659,692,400,0,38
659,693,400,0,38
659,694,400,0,38
659,695,400,0,38
659,696,400,0,38
659,697,400,0,38
659,698,400,0,38
659,699,400,0,38
659,700,400,0,38
659,701,400,0,38
659,702,400,0,38
659,703,400,0,38
659,704,400,0,38
659,705,400,0,38
659,706,400,0,38
659,707,400,0,38
659,708,400,0,38
659,709,400,0,38
659,710,400,0,38
659,711,400,0,38
659,712,400,0,38
659,713,400,0,38
659,714,400,0,38
659,715,400,0,38
659,716,400,0,38
659,717,400,0,38
659,718,400,0,38
659,719,400,0,38
659,720,400,0,38
659,721,400,0,38
659,722,400,0,38
659,723,400,0,38
659,724,400,0,38
660,625,435,0,39
660,626,435,0,39
660,627,435,0,39
660,628,435,0,39
660,629,435,0,39
660,630,435,0,39
660,631,435,0,39
660,632,435,0,39
660,633,435,0,39
660,634,435,0,39
660,635,435,0,39
660,636,435,0,39
660,637,435,0,39
660,638,435,0,39
660,639,435,0,39
660,640,435,0,39
660,641,435,0,39
660,642,435,0,39
660,643,435,0,39
660,644,435,0,39
660,645,435,0,39
660,646,435,0,39
660,647,435,0,39
660,648,435,0,39
660,649,435,0,39
660,650,435,0,39
660,651,435,0,39
660,652,435,0,39
660,653,435,0,39
660,654,435,0,39
660,655,435,0,39
660,656,435,0,39
660,657,435,0,39
660,658,435,0,39
660,659,435,0,39
660,661,435,0,39
660,662,435,0,39
660,663,435,0,39
660,664,435,0,39
660,665,435,0,39
660,666,435,0,39
660,667,435,0,39
660,668,435,0,39
660,669,435,0,39
660,670,435,0,39
660,671,435,0,39
660,672,435,0,39
660,673,435,0,39
660,674,435,0,39
660,675,435,0,39
660,676,435,0,39
660,677,435,0,39
660,678,435,0,39
660,679,435,0,39
660,680,435,0,39
660,681,435,0,39
660,682,435,0,39
660,683,435,0,39
660,684,435,0,39
660,685,435,0,39
660,686,435,0,39
660,687,435,0,39
660,688,435,0,39
660,689,435,0,39
660,690,435,0,39
660,691,435,0,39
660,692,435,0,39
660,693,435,0,39
660,694,435,0,39
660,695,435,0,39
660,696,435,0,39
660,697,435,0,39
660,698,435,0,39
660,699,435,0,39
660,700,435,0,39
660,701,435,0,39
660,702,435,0,39
660,703,435,0,39
660,704,435,0,39
660,705,435,0,39
660,706,435,0,39
660,707,435,0,39
660,708,435,0,39
660,709,435,0,39
660,710,435,0,39
660,711,435,0,39
660,712,435,0,39
660,713,435,0,39
660,714,435,0,39
660,715,435,0,39
660,716,435,0,39
660,717,435,0,39
660,718,435,0,39
660,719,435,0,39
660,720,435,0,39
660,721,435,0,39
660,722,435,0,39
660,723,435,0,39
660,724,435,0,39
696,625,604,0,75
696,626,604,0,75
696,627,604,0,75
696,628,604,0,75
696,629,604,0,75
696,630,604,0,75
696,631,604,0,75
696,632,604,0,75
696,633,604,0,75
696,634,604,0,75
696,635,604,0,75
696,636,604,0,75
696,637,604,0,75
696,638,604,0,75
696,639,604,0,75
696,640,604,0,75
696,641,604,0,75
696,642,604,0,75
696,643,604,0,75
696,644,604,0,75
696,645,604,0,75
696,646,604,0,75
696,647,604,0,75
696,648,604,0,75
696,649,604,0,75
696,650,604,0,75
696,651,604,0,75
696,652,604,0,75
696,653,604,0,75
696,654,604,0,75
696,655,604,0,75
696,656,604,0,75
696,657,604,0,75
696,658,604,0,75
696,659,604,0,75
696,660,604,0,75
696,661,604,0,75
696,662,604,0,75
696,663,604,0,75
696,664,604,0,75
696,665,604,0,75
696,666,604,0,75
696,667,604,0,75
696,668,604,0,75
696,669,604,0,75
696,670,604,0,75
696,671,604,0,75
696,672,604,0,75
696,673,604,0,75
696,674,604,0,75
696,675,604,0,75
696,676,604,0,75
696,677,604,0,75
696,678,604,0,75
696,679,604,0,75
696,680,604,0,75
696,681,604,0,75
696,682,604,0,75
696,683,604,0,75
696,684,604,0,75
696,685,604,0,75
696,686,604,0,75
696,687,604,0,75
696,688,604,0,75
696,689,604,0,75
696,690,604,0,75
696,691,604,0,75
696,692,604,0,75
696,693,604,0,75
696,694,604,0,75
696,695,604,0,75
696,697,604,0,75
696,698,604,0,75
696,699,604,0,75
696,700,604,0,75
696,701,604,0,75
696,702,604,0,75
696,703,604,0,75
696,704,604,0,75
696,705,604,0,75
696,706,604,0,75
696,707,604,0,75
696,708,604,0,75
696,709,604,0,75
696,710,604,0,75
696,711,604,0,75
696,712,604,0,75
696,713,604,0,75
696,714,604,0,75
696,715,604,0,75
696,716,604,0,75
696,717,604,0,75
696,718,604,0,75
696,719,604,0,75
696,720,604,0,75
696,721,604,0,75
696,722,604,0,75
696,723,604,0,75
696,724,604,0,75
723,625,136,0,102
723,626,136,0,102
723,627,136,0,102
723,628,136,0,102
723,629,136,0,102
723,630,136,0,102
723,631,136,0,102
723,632,136,0,102
723,633,136,0,102
723,634,136,0,102
723,635,136,0,102
723,636,136,0,102
723,637,136,0,102
723,638,136,0,102
723,639,136,0,102
723,640,136,0,102
723,641,136,0,102
723,642,136,0,102
723,643,136,0,102
723,644,136,0,102
723,645,136,0,102
723,646,136,0,102
723,647,136,0,102
723,648,136,0,102
723,649,136,0,102
723,650,136,0,102
723,651,136,0,102
723,652,136,0,102
723,653,136,0,102
723,654,136,0,102
723,655,136,0,102
723,656,136,0,102
723,657,136,0,102
723,658,136,0,102
723,659,136,0,102
723,660,136,0,102
723,661,136,0,102
723,662,136,0,102
723,663,136,0,102
723,664,136,0,102
723,665,136,0,102
723,666,136,0,102
723,667,136,0,102
723,668,136,0,102
723,669,136,0,102
723,670,136,0,102
723,671,136,0,102
723,672,136,0,102
723,673,136,0,102
723,674,136,0,102
723,675,136,0,102
723,676,136,0,102
723,677,136,0,102
723,678,136,0,102
723,679,136,0,102
723,680,136,0,102
723,681,136,0,102
723,682,136,0,102
723,683,136,0,102
723,684,136,0,102
723,685,136,0,102
723,686,136,0,102
723,687,136,0,102
723,688,136,0,102
723,689,136,0,102
723,690,136,0,102
723,691,136,0,102
723,692,136,0,102
723,693,136,0,102
723,694,136,0,102
723,695,136,0,102
723,696,136,0,102
723,697,136,0,102
723,698,136,0,102
723,699,136,0,102
723,700,136,0,102
723,701,136,0,102
723,702,136,0,102
723,703,136,0,102
723,704,136,0,102
723,705,136,0,102
723,706,136,0,102
723,707,136,0,102
723,708,136,0,102
723,709,136,0,102
723,710,136,0,102
723,711,136,0,102
723,712,136,0,102
723,713,136,0,102
723,714,136,0,102
723,715,136,0,102
723,716,136,0,102
723,717,136,0,102
723,718,136,0,102
723,719,136,0,102
723,720,136,0,102
723,721,136,0,102
723,722,136,0,102
723,724,136,0,102
