0,625,1,0,0
0,635,25,1,0
0,666,25,1,0
0,713,24,2,1
1,625,2,1,0
1,635,26,2,0
4,625,625,4,0
4,635,29,2,0
5,625,4,0,1
5,635,30,2,0
5,666,30,2,0
5,713,6,1,0
6,625,5,0,1
6,635,31,2,0
6,666,31,2,0
6,707,606,3,3
6,713,7,1,0
7,625,6,0,1
7,627,607,3,3
7,635,32,2,0
7,666,32,2,0
7,707,607,3,3
7,713,8,1,0
7,722,32,2,0
8,625,7,0,1
8,627,608,3,3
8,635,33,2,0
8,646,33,2,0
8,666,33,2,0
8,707,608,3,3
8,713,9,1,0
8,721,9,1,0
8,722,33,2,0
9,625,8,0,1
9,635,34,2,0
10,625,9,0,1
10,627,9,0,1
10,635,9,0,1
10,666,9,0,1
10,707,9,0,1
10,713,35,2,0
10,721,35,2,0
10,722,9,0,1
11,625,10,0,1
11,627,10,0,1
11,635,10,0,1
11,666,10,0,1
11,707,10,0,1
11,713,36,2,0
11,722,10,0,1
12,625,11,0,1
12,635,11,0,1
12,652,11,0,1
12,666,11,0,1
12,707,11,0,1
12,713,37,2,0
13,625,12,0,1
13,635,12,0,1
13,666,12,0,1
13,713,38,2,0
14,625,13,0,1
14,635,13,0,1
17,625,18,1,0
17,635,18,1,0
18,625,19,1,0
18,635,19,1,0
18,666,19,1,0
18,713,43,2,0
19,625,20,1,0
19,635,20,1,0
19,652,18,0,1
19,666,20,1,0
19,707,20,1,0
19,713,44,2,0
20,625,21,1,0
20,627,21,1,0
20,635,21,1,0
20,666,21,1,0
20,707,21,1,0
20,713,45,2,0
20,722,21,1,0
21,625,22,1,0
21,627,22,1,0
21,635,22,1,0
21,646,22,1,0
21,666,22,1,0
21,707,22,1,0
21,713,46,2,0
21,721,46,2,0
21,722,22,1,0
22,625,23,1,0
22,635,47,2,0
22,646,47,2,0
23,625,24,1,0
23,627,623,3,3
23,635,48,2,0
23,666,48,2,0
23,707,623,3,3
23,713,22,0,1
23,722,48,2,0
24,625,0,1,2
24,635,49,2,0
24,652,0,1,2
24,666,49,2,0
24,707,624,3,3
24,713,23,0,1
25,625,0,0,1
25,635,50,2,0
25,666,50,2,0
25,713,49,3,2
26,625,1,0,2
26,635,51,3,0
29,625,4,0,2
29,635,54,3,0
30,625,5,0,2
30,635,55,3,0
30,666,55,3,0
30,713,31,2,1
31,625,6,0,2
31,635,56,3,0
31,666,56,3,0
31,707,6,0,2
31,713,32,2,1
32,625,7,0,2
32,627,7,0,2
32,635,57,3,0
32,666,57,3,0
32,707,7,0,2
32,713,33,2,1
32,722,57,3,0
33,625,8,0,2
33,627,8,0,2
33,635,58,3,0
33,646,58,3,0
33,666,58,3,0
33,707,8,0,2
33,713,34,2,1
33,721,34,2,1
33,722,58,3,0
34,635,59,3,0
35,625,34,1,2
35,627,34,1,2
35,635,34,1,2
35,666,34,1,2
35,707,34,1,2
35,713,60,3,0
35,721,60,3,0
35,722,34,1,2
36,625,35,1,2
36,627,35,1,2
36,635,35,1,2
36,666,35,1,2
36,707,35,1,2
36,713,61,3,0
36,722,35,1,2
37,625,36,1,2
37,635,36,1,2
37,652,36,1,2
37,666,36,1,2
37,707,36,1,2
37,713,62,3,0
38,625,37,1,2
38,635,37,1,2
38,666,37,1,2
38,713,63,3,0
39,625,38,1,2
39,635,38,1,2
42,625,43,2,1
42,635,43,2,1
43,625,44,2,1
43,635,44,2,1
43,666,44,2,1
43,713,68,3,0
44,625,45,2,1
44,635,45,2,1
44,652,43,1,2
44,666,45,2,1
44,707,45,2,1
44,713,69,3,0
45,625,46,2,1
45,627,46,2,1
45,635,46,2,1
45,666,46,2,1
45,707,46,2,1
45,713,70,3,0
45,722,46,2,1
46,625,47,2,1
46,627,47,2,1
46,635,47,2,1
46,646,47,2,1
46,666,47,2,1
46,707,47,2,1
46,713,71,3,0
46,721,71,3,0
46,722,47,2,1
47,635,72,3,0
47,646,72,3,0
48,625,23,0,2
48,627,23,0,2
48,635,73,3,0
48,666,73,3,0
48,707,23,0,2
48,713,47,1,2
48,722,73,3,0
49,625,24,0,2
49,635,74,3,0
49,652,25,2,3
49,666,74,3,0
49,707,24,0,2
49,713,48,1,2
50,625,25,0,2
50,635,75,2,0
50,666,75,2,0
50,713,74,3,2
51,625,26,0,3
51,635,76,3,0
54,625,29,0,3
54,635,79,3,0
55,625,30,0,3
55,635,80,3,0
55,666,80,3,0
55,713,56,2,1
56,625,31,0,3
56,635,81,3,0
56,666,81,3,0
56,707,31,0,3
56,713,57,2,1
57,625,32,0,3
57,627,32,0,3
57,635,82,3,0
57,666,82,3,0
57,707,32,0,3
57,713,58,2,1
57,722,82,3,0
58,625,33,0,3
58,627,33,0,3
58,635,83,3,0
58,646,83,3,0
58,666,83,3,0
58,707,33,0,3
58,713,59,2,1
58,721,59,2,1
58,722,83,3,0
59,625,34,0,3
59,635,84,3,0
59,646,84,3,0
59,666,84,3,0
59,713,60,2,1
60,625,59,1,2
60,627,59,1,2
60,635,59,1,2
60,666,59,1,2
60,707,59,1,2
60,713,61,2,1
60,721,85,3,0
60,722,59,1,2
61,625,60,1,2
61,627,60,1,2
61,635,60,1,2
61,666,60,1,2
61,707,60,1,2
61,713,62,2,1
61,722,60,1,2
62,625,61,1,2
62,635,61,1,2
62,652,61,1,2
62,666,61,1,2
62,707,61,1,2
62,713,63,2,1
63,625,62,1,2
63,635,62,1,2
63,666,62,1,2
63,713,713,92,0
64,625,63,1,2
64,635,63,1,2
67,625,68,2,1
67,635,68,2,1
68,625,69,2,1
68,635,69,2,1
68,666,69,2,1
68,713,67,1,2
69,625,70,2,1
69,635,70,2,1
69,652,68,1,2
69,666,70,2,1
69,707,70,2,1
69,713,68,1,2
70,625,71,2,1
70,627,71,2,1
70,635,71,2,1
70,666,71,2,1
70,707,71,2,1
70,713,69,1,2
70,722,71,2,1
71,625,72,2,1
71,627,72,2,1
71,635,72,2,1
71,646,72,2,1
71,666,72,2,1
71,707,72,2,1
71,713,70,1,2
71,721,96,3,0
71,722,72,2,1
72,625,47,0,3
72,635,97,3,0
72,646,97,3,0
72,666,97,3,0
72,713,71,1,2
73,625,48,0,3
73,627,48,0,3
73,635,98,3,0
73,666,98,3,0
73,707,48,0,3
73,713,72,1,2
73,722,98,3,0
74,625,49,0,3
74,635,99,3,0
74,652,50,2,3
74,666,99,3,0
74,707,49,0,3
74,713,73,1,2
75,625,50,0,2
75,635,100,2,0
75,666,100,2,0
75,713,99,3,2
76,625,51,0,3
76,635,101,3,0
79,625,54,0,3
79,635,104,3,0
80,625,55,0,3
80,635,105,3,0
80,666,105,3,0
80,713,81,2,1
81,625,56,0,3
81,635,106,3,0
81,666,106,3,0
81,707,56,0,3
81,713,82,2,1
82,625,57,0,3
82,627,57,0,3
82,635,107,3,0
82,666,107,3,0
82,707,57,0,3
82,713,83,2,1
82,722,107,3,0
83,625,58,0,3
83,627,58,0,3
83,635,108,3,0
83,646,646,25,0
83,666,108,3,0
83,707,58,0,3
83,713,84,2,1
83,721,84,2,1
83,722,108,3,0
84,625,59,0,3
84,635,109,3,0
84,646,83,1,2
84,666,109,3,0
84,707,59,0,3
84,713,59,0,3
84,721,85,2,1
85,625,84,1,2
85,627,84,1,2
85,635,84,1,2
85,666,84,1,2
85,707,84,1,2
85,713,60,0,3
85,721,721,100,0
85,722,84,1,2
86,625,85,1,2
86,627,85,1,2
86,635,85,1,2
86,666,85,1,2
86,707,85,1,2
86,713,61,0,3
86,722,85,1,2
87,625,86,1,2
87,635,86,1,2
87,652,86,1,2
87,666,86,1,2
87,707,86,1,2
87,713,62,0,3
88,625,87,1,2
88,635,87,1,2
88,666,87,1,2
88,713,63,0,3
89,625,88,1,2
89,635,88,1,2
92,625,93,2,1
92,635,93,2,1
93,625,94,2,1
93,635,94,2,1
93,666,94,2,1
93,713,68,0,3
94,625,95,2,1
94,635,95,2,1
94,652,93,1,2
94,666,95,2,1
94,707,95,2,1
94,713,69,0,3
95,625,96,2,1
95,627,96,2,1
95,635,96,2,1
95,666,96,2,1
95,707,96,2,1
95,713,70,0,3
95,722,96,2,1
96,625,97,2,1
96,627,97,2,1
96,635,97,2,1
96,646,97,2,1
96,666,97,2,1
96,707,97,2,1
96,713,71,0,3
96,721,95,1,2
96,722,97,2,1
97,625,72,0,3
97,635,122,3,0
97,666,122,3,0
97,707,72,0,3
97,713,72,0,3
97,721,96,1,2
98,625,73,0,3
98,627,73,0,3
98,635,123,3,0
98,666,123,3,0
98,707,73,0,3
98,713,97,1,2
98,722,123,3,0
99,625,74,0,3
99,635,124,3,0
99,652,75,2,3
99,666,124,3,0
99,707,74,0,3
99,713,98,1,2
100,625,75,0,2
100,635,125,2,0
100,666,125,2,0
100,713,124,3,2
101,625,76,0,3
101,635,126,3,0
104,625,79,0,3
104,635,129,3,0
105,625,80,0,3
105,635,130,3,0
105,666,130,3,0
105,713,106,2,1
106,625,81,0,3
106,635,131,3,0
106,666,131,3,0
106,707,81,0,3
106,713,107,2,1
107,625,82,0,3
107,627,82,0,3
107,635,132,3,0
107,666,132,3,0
107,707,82,0,3
107,713,108,2,1
107,722,132,3,0
108,625,83,0,3
108,627,83,0,3
108,635,133,3,0
108,646,83,0,3
108,666,133,3,0
108,707,83,0,3
108,713,109,2,1
108,721,109,2,1
108,722,133,3,0
109,625,84,0,3
109,635,134,3,0
109,666,134,3,0
109,707,84,0,3
109,713,84,0,3
109,721,84,0,3
109,722,134,3,0
110,625,109,1,2
110,627,109,1,2
110,635,109,1,2
110,666,109,1,2
110,707,109,1,2
110,713,85,0,3
110,721,85,0,3
110,722,109,1,2
111,625,110,1,2
111,627,110,1,2
111,635,110,1,2
111,666,110,1,2
111,707,110,1,2
111,713,86,0,3
111,722,110,1,2
112,625,111,1,2
112,635,111,1,2
112,652,111,1,2
112,666,111,1,2
112,707,111,1,2
112,713,87,0,3
113,625,112,1,2
113,635,112,1,2
113,666,112,1,2
113,713,88,0,3
114,625,113,1,2
114,635,113,1,2
117,625,118,2,1
117,635,118,2,1
118,625,119,2,1
118,635,119,2,1
118,666,119,2,1
118,713,93,0,3
119,625,120,2,1
119,635,120,2,1
119,652,118,1,2
119,666,120,2,1
119,707,120,2,1
119,713,94,0,3
120,625,121,2,1
120,627,121,2,1
120,635,121,2,1
120,666,121,2,1
120,707,121,2,1
120,713,95,0,3
120,722,121,2,1
121,625,122,2,1
121,627,122,2,1
121,635,122,2,1
121,646,122,2,1
121,666,122,2,1
121,707,122,2,1
121,713,96,0,3
121,721,96,0,3
121,722,122,2,1
122,625,97,0,3
122,635,147,3,0
122,646,97,0,3
122,666,147,3,0
122,707,97,0,3
122,713,97,0,3
122,721,97,0,3
122,722,147,3,0
123,625,98,0,3
123,627,98,0,3
123,635,148,3,0
123,666,148,3,0
123,707,98,0,3
123,713,122,1,2
123,722,148,3,0
124,625,99,0,3
124,635,149,3,0
124,652,100,2,3
124,666,149,3,0
124,707,99,0,3
124,713,123,1,2
125,625,100,0,2
125,635,150,2,0
125,666,150,2,0
125,713,149,3,2
126,625,101,0,3
126,635,151,3,0
129,625,104,0,3
129,635,154,3,0
130,625,105,0,3
130,635,155,3,0
130,666,155,3,0
130,713,131,2,1
131,625,106,0,3
131,635,156,3,0
131,666,156,3,0
131,707,106,0,3
131,713,132,2,1
132,625,107,0,3
132,627,107,0,3
132,635,157,3,0
132,666,157,3,0
132,707,107,0,3
132,713,133,2,1
132,722,157,3,0
133,625,108,0,3
133,627,108,0,3
133,635,158,3,0
133,646,108,0,3
133,666,158,3,0
133,707,108,0,3
133,713,134,2,1
133,721,134,2,1
133,722,158,3,0
134,625,109,0,3
134,635,159,3,0
134,652,159,3,0
134,666,159,3,0
134,707,109,0,3
134,713,109,0,3
134,721,109,0,3
134,722,159,3,0
135,625,134,1,2
135,627,134,1,2
135,635,134,1,2
135,652,160,3,0
135,666,134,1,2
135,707,134,1,2
135,713,110,0,3
135,721,110,0,3
135,722,134,1,2
136,625,135,1,2
136,627,135,1,2
136,635,135,1,2
136,652,161,3,0
136,666,135,1,2
136,707,135,1,2
136,713,111,0,3
136,722,135,1,2
137,625,136,1,2
137,635,136,1,2
137,652,136,1,2
137,666,136,1,2
137,707,136,1,2
137,713,112,0,3
138,625,137,1,2
138,635,137,1,2
138,666,137,1,2
138,713,113,0,3
139,625,138,1,2
139,635,138,1,2
142,625,143,2,1
142,635,143,2,1
143,625,144,2,1
143,635,144,2,1
143,666,144,2,1
143,713,118,0,3
144,625,145,2,1
144,635,145,2,1
144,666,145,2,1
144,707,145,2,1
144,713,119,0,3
145,625,146,2,1
145,627,146,2,1
145,635,146,2,1
145,652,170,3,0
145,666,146,2,1
145,707,146,2,1
145,713,120,0,3
145,722,146,2,1
146,625,147,2,1
146,627,147,2,1
146,635,147,2,1
146,646,147,2,1
146,652,171,3,0
146,666,147,2,1
146,707,147,2,1
146,713,121,0,3
146,721,121,0,3
146,722,147,2,1
147,625,122,0,3
147,635,172,3,0
147,646,122,0,3
147,652,172,3,0
147,666,172,3,0
147,707,122,0,3
147,713,122,0,3
147,721,122,0,3
147,722,172,3,0
148,625,123,0,3
148,627,123,0,3
148,635,173,3,0
148,666,173,3,0
148,707,123,0,3
148,713,147,1,2
148,722,173,3,0
149,625,124,0,3
149,635,174,3,0
149,652,125,2,3
149,666,174,3,0
149,707,124,0,3
149,713,148,1,2
150,625,125,0,2
150,635,175,2,0
150,666,175,2,0
150,713,174,3,2
151,625,126,0,3
151,635,176,3,0
154,625,129,0,3
154,635,179,3,0
155,625,130,0,3
155,635,180,3,0
155,666,180,3,0
155,713,156,2,1
156,625,131,0,3
156,635,181,3,0
156,666,181,3,0
156,707,131,0,3
156,713,157,2,1
157,625,132,0,3
157,627,132,0,3
157,635,182,3,0
157,666,182,3,0
157,707,132,0,3
157,713,158,2,1
157,722,182,3,0
158,625,133,0,3
158,627,133,0,3
158,635,183,3,0
158,646,133,0,3
158,666,183,3,0
158,707,133,0,3
158,713,159,2,1
158,721,159,2,1
158,722,183,3,0
159,625,134,0,3
159,627,134,0,3
159,635,184,3,0
159,652,160,2,1
159,666,184,3,0
159,707,134,0,3
159,713,134,0,3
159,721,134,0,3
159,722,184,3,0
160,625,159,1,2
160,627,159,1,2
160,635,159,1,2
160,652,161,2,1
160,666,159,1,2
160,707,159,1,2
160,713,135,0,3
160,721,135,0,3
160,722,159,1,2
161,625,160,1,2
161,627,160,1,2
161,635,160,1,2
161,652,652,31,0
161,666,160,1,2
161,707,160,1,2
161,713,136,0,3
161,722,160,1,2
162,625,161,1,2
162,635,161,1,2
162,652,161,1,2
162,666,161,1,2
162,707,161,1,2
162,713,137,0,3
163,625,162,1,2
163,635,162,1,2
163,666,162,1,2
163,713,138,0,3
164,625,163,1,2
164,635,163,1,2
167,625,168,2,1
167,635,168,2,1
168,625,169,2,1
168,635,169,2,1
168,666,169,2,1
168,713,143,0,3
169,625,170,2,1
169,635,170,2,1
169,652,168,1,2
169,666,170,2,1
169,707,170,2,1
169,713,144,0,3
170,625,171,2,1
170,627,171,2,1
170,635,171,2,1
170,652,169,1,2
170,666,171,2,1
170,707,171,2,1
170,713,145,0,3
170,722,171,2,1
171,625,172,2,1
171,627,172,2,1
171,635,172,2,1
171,646,172,2,1
171,652,170,1,2
171,666,172,2,1
171,707,172,2,1
171,713,146,0,3
171,721,146,0,3
171,722,172,2,1
172,625,147,0,3
172,627,147,0,3
172,635,197,3,0
172,646,147,0,3
172,652,171,1,2
172,666,197,3,0
172,707,147,0,3
172,713,147,0,3
172,721,147,0,3
172,722,197,3,0
173,625,148,0,3
173,627,148,0,3
173,635,198,3,0
173,666,198,3,0
173,707,148,0,3
173,713,172,1,2
173,722,198,3,0
174,625,149,0,3
174,635,199,3,0
174,652,150,2,3
174,666,199,3,0
174,707,149,0,3
174,713,173,1,2
175,625,150,0,2
175,635,200,2,0
175,666,200,2,0
175,713,199,3,2
176,625,151,0,3
176,635,201,3,0
179,625,154,0,3
179,635,204,3,0
180,625,155,0,3
180,635,205,3,0
180,666,205,3,0
180,713,181,2,1
181,625,156,0,3
181,635,206,3,0
181,666,206,3,0
181,707,156,0,3
181,713,182,2,1
182,625,157,0,3
182,627,157,0,3
182,635,207,3,0
182,666,207,3,0
182,707,157,0,3
182,713,183,2,1
182,722,207,3,0
183,625,158,0,3
183,627,158,0,3
183,635,208,3,0
183,646,158,0,3
183,666,208,3,0
183,707,158,0,3
183,713,184,2,1
183,721,184,2,1
183,722,208,3,0
184,625,159,0,3
184,627,159,0,3
184,635,209,3,0
184,666,209,3,0
184,707,159,0,3
184,713,159,0,3
184,722,209,3,0
185,625,184,1,2
185,627,184,1,2
185,635,184,1,2
185,666,184,1,2
185,707,184,1,2
185,713,160,0,3
185,721,160,0,3
185,722,184,1,2
186,625,185,1,2
186,627,185,1,2
186,635,185,1,2
186,666,185,1,2
186,707,185,1,2
186,713,161,0,3
186,722,185,1,2
187,625,186,1,2
187,635,186,1,2
187,652,186,1,2
187,666,186,1,2
187,707,186,1,2
187,713,162,0,3
188,625,187,1,2
188,635,187,1,2
188,666,187,1,2
188,713,163,0,3
189,625,188,1,2
189,635,188,1,2
192,625,193,2,1
192,635,193,2,1
193,625,194,2,1
193,635,194,2,1
193,666,194,2,1
193,713,168,0,3
194,625,195,2,1
194,635,195,2,1
194,652,193,1,2
194,666,195,2,1
194,707,195,2,1
194,713,169,0,3
195,625,196,2,1
195,627,196,2,1
195,635,196,2,1
195,666,196,2,1
195,707,196,2,1
195,713,170,0,3
195,722,196,2,1
196,625,197,2,1
196,627,197,2,1
196,635,197,2,1
196,646,197,2,1
196,666,197,2,1
196,707,197,2,1
196,713,171,0,3
196,721,171,0,3
196,722,197,2,1
197,625,172,0,3
197,627,172,0,3
197,635,222,3,0
197,646,172,0,3
197,666,222,3,0
197,707,172,0,3
197,713,172,0,3
197,722,222,3,0
198,625,173,0,3
198,627,173,0,3
198,635,223,3,0
198,666,223,3,0
198,707,173,0,3
198,713,197,1,2
198,722,223,3,0
199,625,174,0,3
199,635,224,3,0
199,652,175,2,3
199,666,224,3,0
199,707,174,0,3
199,713,198,1,2
200,625,175,0,2
200,635,201,1,1
200,666,225,2,0
200,713,224,3,2
201,625,176,0,3
201,635,202,2,1
204,625,179,0,3
204,635,635,14,0
205,625,180,0,3
205,635,204,1,2
205,666,230,3,0
205,713,206,2,1
206,625,181,0,3
206,635,205,1,2
206,666,231,3,0
206,707,181,0,3
206,713,207,2,1
207,625,182,0,3
207,627,182,0,3
207,635,206,1,2
207,666,232,3,0
207,707,182,0,3
207,713,208,2,1
207,722,232,3,0
208,625,183,0,3
208,627,183,0,3
208,635,207,1,2
208,646,183,0,3
208,666,233,3,0
208,707,183,0,3
208,713,209,2,1
208,721,209,2,1
208,722,233,3,0
209,625,184,0,3
209,627,184,0,3
209,635,208,1,2
209,666,234,3,0
209,707,184,0,3
209,713,184,0,3
209,722,234,3,0
210,625,209,1,2
210,627,209,1,2
210,635,209,1,2
210,666,209,1,2
210,707,209,1,2
210,713,185,0,3
210,721,185,0,3
210,722,209,1,2
211,625,210,1,2
211,627,210,1,2
211,635,210,1,2
211,666,210,1,2
211,707,210,1,2
211,713,186,0,3
211,722,210,1,2
212,625,211,1,2
212,635,211,1,2
212,652,211,1,2
212,666,211,1,2
212,707,211,1,2
212,713,187,0,3
213,625,212,1,2
213,635,212,1,2
213,666,212,1,2
213,713,188,0,3
214,625,213,1,2
214,635,213,1,2
217,625,218,2,1
217,635,218,2,1
218,625,219,2,1
218,635,219,2,1
218,666,219,2,1
218,713,193,0,3
219,625,220,2,1
219,635,220,2,1
219,652,218,1,2
219,666,220,2,1
219,707,220,2,1
219,713,194,0,3
220,625,221,2,1
220,627,221,2,1
220,635,221,2,1
220,666,221,2,1
220,707,221,2,1
220,713,195,0,3
220,722,221,2,1
221,625,222,2,1
221,627,222,2,1
221,635,222,2,1
221,646,222,2,1
221,666,222,2,1
221,707,222,2,1
221,713,196,0,3
221,721,196,0,3
221,722,222,2,1
222,625,197,0,3
222,627,197,0,3
222,635,223,2,1
222,646,197,0,3
222,666,247,3,0
222,707,197,0,3
222,713,197,0,3
222,722,247,3,0
223,625,198,0,3
223,627,198,0,3
223,635,224,2,1
223,666,248,3,0
223,707,198,0,3
223,713,222,1,2
223,722,248,3,0
224,625,199,0,3
224,635,200,2,3
224,652,200,2,3
224,666,249,3,0
224,707,199,0,3
224,713,223,1,2
225,625,200,0,2
225,635,200,0,2
225,666,250,2,0
225,713,249,3,2
226,625,201,0,3
226,635,201,0,3
229,625,204,0,3
229,635,204,0,3
230,625,205,0,3
230,635,205,0,3
230,666,255,3,0
230,713,231,2,1
231,625,206,0,3
231,635,206,0,3
231,666,256,3,0
231,707,206,0,3
231,713,232,2,1
231,717,717,96,0
232,625,207,0,3
232,627,207,0,3
232,635,207,0,3
232,666,257,3,0
232,707,207,0,3
232,713,233,2,1
232,717,231,1,2
232,722,257,3,0
233,625,208,0,3
233,627,208,0,3
233,635,208,0,3
233,646,208,0,3
233,666,258,3,0
233,707,208,0,3
233,713,234,2,1
233,717,232,1,2
233,721,234,2,1
233,722,258,3,0
234,625,209,0,3
234,627,209,0,3
234,666,259,3,0
234,707,209,0,3
234,713,209,0,3
234,717,233,1,2
234,722,259,3,0
235,625,234,1,2
235,627,234,1,2
235,635,234,1,2
235,666,234,1,2
235,707,234,1,2
235,713,210,0,3
235,721,210,0,3
235,722,234,1,2
236,625,235,1,2
236,627,235,1,2
236,635,235,1,2
236,666,235,1,2
236,707,235,1,2
236,713,211,0,3
236,722,235,1,2
237,625,236,1,2
237,635,236,1,2
237,652,236,1,2
237,666,236,1,2
237,707,236,1,2
237,713,212,0,3
238,625,237,1,2
238,635,237,1,2
238,666,237,1,2
238,713,213,0,3
239,625,238,1,2
239,635,238,1,2
242,625,243,2,1
242,635,243,2,1
243,625,244,2,1
243,635,244,2,1
243,666,244,2,1
243,713,218,0,3
244,625,245,2,1
244,635,245,2,1
244,652,243,1,2
244,666,245,2,1
244,707,245,2,1
244,713,219,0,3
245,625,246,2,1
245,627,246,2,1
245,635,246,2,1
245,666,246,2,1
245,707,246,2,1
245,713,220,0,3
245,722,246,2,1
246,625,247,2,1
246,627,247,2,1
246,635,247,2,1
246,646,247,2,1
246,666,247,2,1
246,707,247,2,1
246,713,221,0,3
246,721,221,0,3
246,722,247,2,1
247,625,222,0,3
247,627,222,0,3
247,646,222,0,3
247,666,272,3,0
247,707,222,0,3
247,713,222,0,3
247,717,248,2,1
247,722,272,3,0
248,625,223,0,3
248,627,223,0,3
248,635,223,0,3
248,666,273,3,0
248,707,223,0,3
248,713,247,1,2
248,717,249,2,1
248,722,273,3,0
249,625,224,0,3
249,635,224,0,3
249,652,225,2,3
249,666,274,3,0
249,707,224,0,3
249,713,248,1,2
249,717,225,2,3
250,625,225,0,2
250,635,225,0,2
250,666,275,2,0
250,713,274,3,2
251,625,226,0,3
251,635,226,0,3
254,625,229,0,3
254,635,229,0,3
255,625,230,0,3
255,635,230,0,3
255,666,280,3,0
255,713,256,2,1
256,625,231,0,3
256,635,231,0,3
256,666,281,3,0
256,707,231,0,3
256,713,257,2,1
256,717,231,0,3
257,625,232,0,3
257,627,232,0,3
257,635,232,0,3
257,666,282,3,0
257,707,232,0,3
257,713,258,2,1
257,717,232,0,3
257,722,722,101,0
258,625,233,0,3
258,627,233,0,3
258,635,233,0,3
258,646,233,0,3
258,666,283,3,0
258,707,233,0,3
258,713,259,2,1
258,717,233,0,3
258,721,259,2,1
258,722,257,1,2
259,625,234,0,3
259,627,234,0,3
259,635,234,0,3
259,666,284,3,0
259,707,234,0,3
259,713,234,0,3
259,717,234,0,3
259,722,258,1,2
260,625,259,1,2
260,627,259,1,2
260,635,259,1,2
260,666,259,1,2
260,707,259,1,2
260,713,235,0,3
260,721,235,0,3
260,722,259,1,2
261,625,260,1,2
261,627,260,1,2
261,635,260,1,2
261,666,260,1,2
261,707,260,1,2
261,713,236,0,3
261,722,260,1,2
262,625,261,1,2
262,635,261,1,2
262,652,261,1,2
262,666,261,1,2
262,707,261,1,2
262,713,237,0,3
263,625,262,1,2
263,635,262,1,2
263,666,262,1,2
263,713,238,0,3
264,625,263,1,2
264,635,263,1,2
267,625,268,2,1
267,635,268,2,1
268,625,269,2,1
268,635,269,2,1
268,666,269,2,1
268,713,243,0,3
269,625,270,2,1
269,635,270,2,1
269,652,268,1,2
269,666,270,2,1
269,707,270,2,1
269,713,244,0,3
270,625,271,2,1
270,627,271,2,1
270,635,271,2,1
270,666,271,2,1
270,707,271,2,1
270,713,245,0,3
270,722,271,2,1
271,625,272,2,1
271,627,272,2,1
271,635,272,2,1
271,646,272,2,1
271,666,272,2,1
271,707,272,2,1
271,713,246,0,3
271,721,246,0,3
271,722,272,2,1
272,625,247,0,3
272,627,247,0,3
272,635,247,0,3
272,646,247,0,3
272,666,297,3,0
272,707,247,0,3
272,713,247,0,3
272,717,247,0,3
272,722,273,2,1
273,625,248,0,3
273,627,248,0,3
273,635,248,0,3
273,666,298,3,0
273,707,248,0,3
273,713,272,1,2
273,717,248,0,3
273,722,274,2,1
274,625,249,0,3
274,635,249,0,3
274,652,250,2,3
274,666,299,3,0
274,707,249,0,3
274,713,273,1,2
274,717,249,0,3
275,625,250,0,2
275,635,250,0,2
275,666,300,2,0
275,713,299,3,2
276,625,251,0,3
276,635,251,0,3
279,625,254,0,3
279,635,254,0,3
280,625,255,0,3
280,635,255,0,3
280,666,305,3,0
280,713,281,2,1
281,625,256,0,3
281,635,256,0,3
281,666,306,3,0
281,707,306,3,0
281,713,282,2,1
282,625,257,0,3
282,627,257,0,3
282,635,257,0,3
282,666,307,3,0
282,707,307,3,0
282,713,283,2,1
282,722,257,0,3
283,625,258,0,3
283,627,258,0,3
283,635,258,0,3
283,646,258,0,3
283,666,308,3,0
283,707,308,3,0
283,713,284,2,1
283,721,284,2,1
283,722,258,0,3
284,625,259,0,3
284,627,259,0,3
284,635,259,0,3
284,666,309,3,0
284,713,259,0,3
285,625,284,1,2
285,627,284,1,2
285,635,284,1,2
285,666,284,1,2
285,707,284,1,2
285,713,260,0,3
285,721,260,0,3
285,722,284,1,2
286,625,285,1,2
286,627,285,1,2
286,635,285,1,2
286,666,285,1,2
286,707,285,1,2
286,713,261,0,3
286,722,285,1,2
287,625,286,1,2
287,635,286,1,2
287,652,286,1,2
287,666,286,1,2
287,707,286,1,2
287,713,262,0,3
288,625,287,1,2
288,635,287,1,2
288,666,287,1,2
288,713,263,0,3
289,625,288,1,2
289,635,288,1,2
292,625,293,2,1
292,635,293,2,1
293,625,294,2,1
293,635,294,2,1
293,666,294,2,1
293,713,268,0,3
294,625,295,2,1
294,635,295,2,1
294,652,293,1,2
294,666,295,2,1
294,707,295,2,1
294,713,269,0,3
295,625,296,2,1
295,627,296,2,1
295,635,296,2,1
295,666,296,2,1
295,707,296,2,1
295,713,270,0,3
295,722,296,2,1
296,625,297,2,1
296,627,297,2,1
296,635,297,2,1
296,646,297,2,1
296,666,297,2,1
296,707,297,2,1
296,713,271,0,3
296,721,271,0,3
296,722,297,2,1
297,625,272,0,3
297,627,272,0,3
297,635,272,0,3
297,646,272,0,3
297,666,322,3,0
297,713,272,0,3
298,625,273,0,3
298,627,273,0,3
298,635,273,0,3
298,666,323,3,0
298,707,323,3,0
298,713,297,1,2
298,722,273,0,3
299,625,274,0,3
299,635,274,0,3
299,652,275,2,3
299,666,324,3,0
299,707,324,3,0
299,713,298,1,2
300,625,275,0,2
300,635,275,0,2
300,666,301,1,1
300,713,324,3,2
301,625,276,0,3
301,635,276,0,3
304,625,279,0,3
304,635,279,0,3
305,625,280,0,3
305,635,280,0,3
305,666,666,45,0
305,713,306,2,1
306,625,281,0,3
306,635,281,0,3
306,666,305,1,2
306,707,331,3,0
306,713,307,2,1
307,625,282,0,3
307,627,332,3,0
307,635,282,0,3
307,666,306,1,2
307,707,332,3,0
307,713,308,2,1
307,722,282,0,3
308,625,283,0,3
308,627,333,3,0
308,635,283,0,3
308,646,283,0,3
308,666,307,1,2
308,707,333,3,0
308,713,309,2,1
308,721,309,2,1
308,722,283,0,3
309,625,284,0,3
309,635,284,0,3
309,666,308,1,2
310,625,309,1,2
310,627,309,1,2
310,635,309,1,2
310,666,309,1,2
310,707,309,1,2
310,713,285,0,3
310,721,285,0,3
310,722,309,1,2
311,625,310,1,2
311,627,310,1,2
311,635,310,1,2
311,666,310,1,2
311,707,310,1,2
311,713,286,0,3
311,722,310,1,2
312,625,311,1,2
312,635,311,1,2
312,652,311,1,2
312,666,311,1,2
312,707,311,1,2
312,713,287,0,3
313,625,312,1,2
313,635,312,1,2
313,666,312,1,2
313,713,288,0,3
314,625,313,1,2
314,635,313,1,2
317,625,318,2,1
317,635,318,2,1
318,625,319,2,1
318,635,319,2,1
318,666,319,2,1
318,713,293,0,3
319,625,320,2,1
319,635,320,2,1
319,652,318,1,2
319,666,320,2,1
319,707,320,2,1
319,713,294,0,3
320,625,321,2,1
320,627,321,2,1
320,635,321,2,1
320,666,321,2,1
320,707,321,2,1
320,713,295,0,3
320,722,321,2,1
321,625,322,2,1
321,627,322,2,1
321,635,322,2,1
321,646,322,2,1
321,666,322,2,1
321,707,322,2,1
321,713,296,0,3
321,721,296,0,3
321,722,322,2,1
322,625,297,0,3
322,635,297,0,3
322,646,297,0,3
322,666,323,2,1
323,625,298,0,3
323,627,348,3,0
323,635,298,0,3
323,666,324,2,1
323,707,348,3,0
323,713,322,1,2
323,722,298,0,3
324,625,299,0,3
324,635,299,0,3
324,652,300,2,3
324,666,300,2,3
324,707,349,3,0
324,713,323,1,2
325,625,350,2,0
325,635,300,0,2
325,666,300,0,2
325,713,349,3,2
326,625,351,3,0
326,635,301,0,3
329,625,354,3,0
329,635,304,0,3
330,625,355,3,0
330,635,305,0,3
330,666,305,0,3
330,713,331,2,1
331,625,356,3,0
331,635,306,0,3
331,666,306,0,3
331,707,356,3,0
331,713,332,2,1
332,625,357,3,0
332,627,357,3,0
332,635,307,0,3
332,666,307,0,3
332,707,357,3,0
332,713,333,2,1
332,722,307,0,3
333,625,358,3,0
333,627,358,3,0
333,635,308,0,3
333,646,308,0,3
333,666,308,0,3
333,707,358,3,0
333,713,334,2,1
333,721,334,2,1
333,722,308,0,3
334,635,309,0,3
335,625,334,1,2
335,627,334,1,2
335,635,334,1,2
335,666,334,1,2
335,707,334,1,2
335,713,310,0,3
335,721,310,0,3
335,722,334,1,2
336,625,335,1,2
336,627,335,1,2
336,635,335,1,2
336,666,335,1,2
336,707,335,1,2
336,713,311,0,3
336,722,335,1,2
337,625,336,1,2
337,635,336,1,2
337,652,336,1,2
337,666,336,1,2
337,707,336,1,2
337,713,312,0,3
338,625,337,1,2
338,635,337,1,2
338,666,337,1,2
338,713,313,0,3
339,625,338,1,2
339,635,338,1,2
342,625,343,2,1
342,635,343,2,1
343,625,344,2,1
343,635,344,2,1
343,666,344,2,1
343,713,318,0,3
344,625,345,2,1
344,635,345,2,1
344,652,343,1,2
344,666,345,2,1
344,707,345,2,1
344,713,319,0,3
345,625,346,2,1
345,627,346,2,1
345,635,346,2,1
345,666,346,2,1
345,707,346,2,1
345,713,320,0,3
345,722,346,2,1
346,625,347,2,1
346,627,347,2,1
346,635,347,2,1
346,646,347,2,1
346,666,347,2,1
346,707,347,2,1
346,713,321,0,3
346,721,321,0,3
346,722,347,2,1
347,635,322,0,3
347,646,322,0,3
348,625,373,3,0
348,627,373,3,0
348,635,323,0,3
348,666,323,0,3
348,707,373,3,0
348,713,347,1,2
348,722,323,0,3
349,625,374,3,0
349,635,324,0,3
349,652,325,2,3
349,666,324,0,3
349,707,374,3,0
349,713,348,1,2
350,625,375,2,0
350,635,325,0,2
350,666,325,0,2
350,713,374,3,2
351,625,376,3,0
351,635,326,0,3
354,625,379,3,0
354,635,329,0,3
355,625,380,3,0
355,635,330,0,3
355,666,330,0,3
355,713,356,2,1
356,625,381,3,0
356,635,331,0,3
356,666,331,0,3
356,707,381,3,0
356,713,357,2,1
357,625,382,3,0
357,627,382,3,0
357,635,332,0,3
357,666,332,0,3
357,707,382,3,0
357,713,358,2,1
357,722,332,0,3
358,625,383,3,0
358,627,383,3,0
358,635,333,0,3
358,646,333,0,3
358,666,333,0,3
358,707,383,3,0
358,713,359,2,1
358,721,359,2,1
358,722,333,0,3
359,625,384,3,0
359,635,334,0,3
360,625,359,1,2
360,627,359,1,2
360,635,359,1,2
360,666,359,1,2
360,707,359,1,2
360,713,335,0,3
360,721,335,0,3
360,722,359,1,2
361,625,360,1,2
361,627,360,1,2
361,635,360,1,2
361,666,360,1,2
361,707,360,1,2
361,713,336,0,3
361,722,360,1,2
362,625,361,1,2
362,635,361,1,2
362,652,361,1,2
362,666,361,1,2
362,707,361,1,2
362,713,337,0,3
363,625,362,1,2
363,635,362,1,2
363,666,362,1,2
363,713,338,0,3
364,625,363,1,2
364,635,363,1,2
367,625,368,2,1
367,635,368,2,1
368,625,369,2,1
368,635,369,2,1
368,666,369,2,1
368,713,343,0,3
369,625,370,2,1
369,635,370,2,1
369,652,368,1,2
369,666,370,2,1
369,707,370,2,1
369,713,344,0,3
370,625,371,2,1
370,627,371,2,1
370,635,371,2,1
370,666,371,2,1
370,707,371,2,1
370,713,345,0,3
370,722,371,2,1
371,625,372,2,1
371,627,372,2,1
371,635,372,2,1
371,646,372,2,1
371,666,372,2,1
371,707,372,2,1
371,713,346,0,3
371,721,346,0,3
371,722,372,2,1
372,625,397,3,0
372,635,347,0,3
372,646,347,0,3
373,625,398,3,0
373,627,398,3,0
373,635,348,0,3
373,666,348,0,3
373,707,398,3,0
373,713,372,1,2
373,722,348,0,3
374,625,399,3,0
374,635,349,0,3
374,652,350,2,3
374,666,349,0,3
374,707,399,3,0
374,713,373,1,2
375,625,400,2,0
375,635,350,0,2
375,666,350,0,2
375,713,399,3,2
376,625,401,3,0
376,635,351,0,3
379,625,404,3,0
379,635,354,0,3
380,625,405,3,0
380,635,355,0,3
380,666,355,0,3
380,713,381,2,1
381,625,406,3,0
381,635,356,0,3
381,666,356,0,3
381,707,406,3,0
381,713,382,2,1
382,625,407,3,0
382,627,407,3,0
382,635,357,0,3
382,666,357,0,3
382,707,407,3,0
382,713,383,2,1
382,722,357,0,3
383,625,408,3,0
383,627,408,3,0
383,635,358,0,3
383,646,358,0,3
383,666,358,0,3
383,707,408,3,0
383,713,384,2,1
383,721,384,2,1
383,722,358,0,3
384,625,409,3,0
384,635,359,0,3
384,646,359,0,3
384,666,359,0,3
384,707,409,3,0
384,713,409,3,0
385,625,384,1,2
385,627,384,1,2
385,635,384,1,2
385,666,384,1,2
385,707,384,1,2
385,713,410,3,0
385,721,360,0,3
385,722,384,1,2
386,625,385,1,2
386,627,385,1,2
386,635,385,1,2
386,666,385,1,2
386,707,385,1,2
386,713,411,3,0
386,722,385,1,2
387,625,386,1,2
387,635,386,1,2
387,652,386,1,2
387,666,386,1,2
387,707,386,1,2
387,713,412,3,0
388,625,387,1,2
388,635,387,1,2
388,666,387,1,2
388,713,413,3,0
389,625,388,1,2
389,635,388,1,2
392,625,393,2,1
392,635,393,2,1
393,625,394,2,1
393,635,394,2,1
393,666,394,2,1
393,713,418,3,0
394,625,395,2,1
394,635,395,2,1
394,652,393,1,2
394,666,395,2,1
394,707,395,2,1
394,713,419,3,0
395,625,396,2,1
395,627,396,2,1
395,635,396,2,1
395,666,396,2,1
395,707,396,2,1
395,713,420,3,0
395,722,396,2,1
396,625,397,2,1
396,627,397,2,1
396,635,397,2,1
396,646,397,2,1
396,666,397,2,1
396,707,397,2,1
396,713,421,3,0
396,721,371,0,3
396,722,397,2,1
397,625,422,3,0
397,635,372,0,3
397,646,372,0,3
397,666,372,0,3
397,707,422,3,0
397,713,422,3,0
398,625,423,3,0
398,627,423,3,0
398,635,373,0,3
398,666,373,0,3
398,707,423,3,0
398,713,397,1,2
398,722,373,0,3
399,625,424,3,0
399,635,374,0,3
399,652,375,2,3
399,666,374,0,3
399,707,424,3,0
399,713,398,1,2
400,625,425,2,0
400,635,375,0,2
400,666,375,0,2
400,713,424,3,2
401,625,426,3,0
401,635,376,0,3
404,625,429,3,0
404,635,379,0,3
405,625,430,3,0
405,635,380,0,3
405,666,380,0,3
405,713,406,2,1
406,625,431,3,0
406,635,381,0,3
406,666,381,0,3
406,707,431,3,0
406,713,407,2,1
407,625,432,3,0
407,627,432,3,0
407,635,382,0,3
407,666,382,0,3
407,707,432,3,0
407,713,408,2,1
407,722,382,0,3
408,625,433,3,0
408,627,433,3,0
408,635,383,0,3
408,646,433,3,0
408,666,383,0,3
408,707,433,3,0
408,713,409,2,1
408,721,409,2,1
408,722,383,0,3
409,625,434,3,0
409,635,384,0,3
409,666,384,0,3
409,707,434,3,0
409,713,434,3,0
409,721,434,3,0
410,625,409,1,2
410,627,409,1,2
410,635,409,1,2
410,666,409,1,2
410,707,409,1,2
410,713,435,3,0
410,721,435,3,0
410,722,409,1,2
411,625,410,1,2
411,627,410,1,2
411,635,410,1,2
411,666,410,1,2
411,707,410,1,2
411,713,436,3,0
411,722,410,1,2
412,625,411,1,2
412,635,411,1,2
412,652,411,1,2
412,666,411,1,2
412,707,411,1,2
412,713,437,3,0
413,625,412,1,2
413,635,412,1,2
413,666,412,1,2
413,713,438,3,0
414,625,413,1,2
414,635,413,1,2
417,625,418,2,1
417,635,418,2,1
418,625,419,2,1
418,635,419,2,1
418,666,419,2,1
418,713,443,3,0
419,625,420,2,1
419,635,420,2,1
419,652,418,1,2
419,666,420,2,1
419,707,420,2,1
419,713,444,3,0
420,625,421,2,1
420,627,421,2,1
420,635,421,2,1
420,666,421,2,1
420,707,421,2,1
420,713,445,3,0
420,722,421,2,1
421,625,422,2,1
421,627,422,2,1
421,635,422,2,1
421,646,422,2,1
421,666,422,2,1
421,707,422,2,1
421,713,446,3,0
421,721,446,3,0
421,722,422,2,1
422,625,447,3,0
422,635,397,0,3
422,646,447,3,0
422,666,397,0,3
422,707,447,3,0
422,713,447,3,0
422,721,447,3,0
423,625,448,3,0
423,627,448,3,0
423,635,398,0,3
423,666,398,0,3
423,707,448,3,0
423,713,422,1,2
423,722,398,0,3
424,625,449,3,0
424,635,399,0,3
424,652,400,2,3
424,666,399,0,3
424,707,449,3,0
424,713,423,1,2
425,625,450,2,0
425,635,400,0,2
425,666,400,0,2
425,713,449,3,2
426,625,451,3,0
426,635,401,0,3
429,625,454,3,0
429,635,404,0,3
430,625,455,3,0
430,635,405,0,3
430,666,405,0,3
430,713,431,2,1
431,625,456,3,0
431,635,406,0,3
431,666,406,0,3
431,707,456,3,0
431,713,432,2,1
432,625,457,3,0
432,627,457,3,0
432,635,407,0,3
432,666,407,0,3
432,707,457,3,0
432,713,433,2,1
432,722,407,0,3
433,625,458,3,0
433,627,458,3,0
433,635,408,0,3
433,646,458,3,0
433,666,408,0,3
433,707,458,3,0
433,713,434,2,1
433,721,434,2,1
433,722,408,0,3
434,625,459,3,0
434,635,409,0,3
434,666,409,0,3
434,707,459,3,0
434,713,459,3,0
434,721,459,3,0
434,722,409,0,3
435,625,434,1,2
435,627,434,1,2
435,635,434,1,2
435,666,434,1,2
435,707,434,1,2
435,713,460,3,0
435,721,460,3,0
435,722,434,1,2
436,625,435,1,2
436,627,435,1,2
436,635,435,1,2
436,666,435,1,2
436,707,435,1,2
436,713,461,3,0
436,722,435,1,2
437,625,436,1,2
437,635,436,1,2
437,652,436,1,2
437,666,436,1,2
437,707,436,1,2
437,713,462,3,0
438,625,437,1,2
438,635,437,1,2
438,666,437,1,2
438,713,463,3,0
439,625,438,1,2
439,635,438,1,2
442,625,443,2,1
442,635,443,2,1
443,625,444,2,1
443,635,444,2,1
443,666,444,2,1
443,713,468,3,0
444,625,445,2,1
444,635,445,2,1
444,652,443,1,2
444,666,445,2,1
444,707,445,2,1
444,713,469,3,0
445,625,446,2,1
445,627,446,2,1
445,635,446,2,1
445,666,446,2,1
445,707,446,2,1
445,713,470,3,0
445,722,446,2,1
446,625,447,2,1
446,627,447,2,1
446,635,447,2,1
446,646,447,2,1
446,666,447,2,1
446,707,447,2,1
446,713,471,3,0
446,721,471,3,0
446,722,447,2,1
447,625,472,3,0
447,635,422,0,3
447,646,472,3,0
447,666,422,0,3
447,707,472,3,0
447,713,472,3,0
447,721,472,3,0
447,722,422,0,3
448,625,473,3,0
448,627,473,3,0
448,635,423,0,3
448,666,423,0,3
448,707,473,3,0
448,713,447,1,2
448,722,423,0,3
449,625,474,3,0
449,635,424,0,3
449,652,425,2,3
449,666,424,0,3
449,707,474,3,0
449,713,448,1,2
450,625,475,2,0
450,635,425,0,2
450,666,425,0,2
450,713,474,3,2
451,625,476,3,0
451,635,426,0,3
454,625,479,3,0
454,635,429,0,3
455,625,480,3,0
455,635,430,0,3
455,666,430,0,3
455,713,456,2,1
456,625,481,3,0
456,635,431,0,3
456,666,431,0,3
456,707,481,3,0
456,713,457,2,1
457,625,482,3,0
457,627,482,3,0
457,635,432,0,3
457,666,432,0,3
457,707,482,3,0
457,713,458,2,1
457,722,432,0,3
458,625,483,3,0
458,627,483,3,0
458,635,433,0,3
458,646,483,3,0
458,666,433,0,3
458,707,483,3,0
458,713,459,2,1
458,721,459,2,1
458,722,433,0,3
459,625,484,3,0
459,627,484,3,0
459,635,434,0,3
459,652,434,0,3
459,666,434,0,3
459,707,484,3,0
459,713,484,3,0
459,721,484,3,0
459,722,434,0,3
460,625,459,1,2
460,627,459,1,2
460,635,459,1,2
460,652,435,0,3
460,666,459,1,2
460,707,459,1,2
460,713,485,3,0
460,721,485,3,0
460,722,459,1,2
461,625,460,1,2
461,627,460,1,2
461,635,460,1,2
461,652,436,0,3
461,666,460,1,2
461,707,460,1,2
461,713,486,3,0
461,722,460,1,2
462,625,461,1,2
462,635,461,1,2
462,652,461,1,2
462,666,461,1,2
462,707,461,1,2
462,713,487,3,0
463,625,462,1,2
463,635,462,1,2
463,666,462,1,2
463,713,488,3,0
464,625,463,1,2
464,635,463,1,2
467,625,468,2,1
467,635,468,2,1
468,625,469,2,1
468,635,469,2,1
468,666,469,2,1
468,713,493,3,0
469,625,470,2,1
469,635,470,2,1
469,652,468,1,2
469,666,470,2,1
469,707,470,2,1
469,713,494,3,0
470,625,471,2,1
470,627,471,2,1
470,635,471,2,1
470,652,445,0,3
470,666,471,2,1
470,707,471,2,1
470,713,495,3,0
470,722,471,2,1
471,625,472,2,1
471,627,472,2,1
471,635,472,2,1
471,646,472,2,1
471,652,446,0,3
471,666,472,2,1
471,707,472,2,1
471,713,496,3,0
471,721,496,3,0
471,722,472,2,1
472,625,497,3,0
472,627,497,3,0
472,635,447,0,3
472,646,497,3,0
472,652,447,0,3
472,666,447,0,3
472,707,497,3,0
472,713,497,3,0
472,721,497,3,0
472,722,447,0,3
473,625,498,3,0
473,627,498,3,0
473,635,448,0,3
473,666,448,0,3
473,707,498,3,0
473,713,472,1,2
473,722,448,0,3
474,625,499,3,0
474,635,449,0,3
474,652,450,2,3
474,666,449,0,3
474,707,499,3,0
474,713,473,1,2
475,625,500,2,0
475,635,450,0,2
475,666,450,0,2
475,713,499,3,2
476,625,501,3,0
476,635,451,0,3
479,625,504,3,0
479,635,454,0,3
480,625,505,3,0
480,635,455,0,3
480,666,455,0,3
480,713,481,2,1
481,625,506,3,0
481,635,456,0,3
481,666,456,0,3
481,707,506,3,0
481,713,482,2,1
482,625,507,3,0
482,627,507,3,0
482,635,457,0,3
482,666,457,0,3
482,707,507,3,0
482,713,483,2,1
482,722,457,0,3
483,625,508,3,0
483,627,508,3,0
483,635,458,0,3
483,646,508,3,0
483,666,458,0,3
483,707,508,3,0
483,713,484,2,1
483,721,484,2,1
483,722,458,0,3
484,625,509,3,0
484,627,509,3,0
484,635,459,0,3
484,666,459,0,3
484,707,509,3,0
484,713,509,3,0
484,722,459,0,3
485,625,484,1,2
485,627,484,1,2
485,635,484,1,2
485,666,484,1,2
485,707,484,1,2
485,713,510,3,0
485,721,510,3,0
485,722,484,1,2
486,625,485,1,2
486,627,485,1,2
486,635,485,1,2
486,666,485,1,2
486,707,485,1,2
486,713,511,3,0
486,722,485,1,2
487,625,486,1,2
487,635,486,1,2
487,652,486,1,2
487,666,486,1,2
487,707,486,1,2
487,713,512,3,0
488,625,487,1,2
488,635,487,1,2
488,666,487,1,2
488,713,513,3,0
489,625,488,1,2
489,635,488,1,2
492,625,493,2,1
492,635,493,2,1
493,625,494,2,1
493,635,494,2,1
493,666,494,2,1
493,713,518,3,0
494,625,495,2,1
494,635,495,2,1
494,652,493,1,2
494,666,495,2,1
494,707,495,2,1
494,713,519,3,0
495,625,496,2,1
495,627,496,2,1
495,635,496,2,1
495,666,496,2,1
495,707,496,2,1
495,713,520,3,0
495,722,496,2,1
496,625,497,2,1
496,627,497,2,1
496,635,497,2,1
496,646,497,2,1
496,666,497,2,1
496,707,497,2,1
496,713,521,3,0
496,721,521,3,0
496,722,497,2,1
497,625,522,3,0
497,627,522,3,0
497,635,472,0,3
497,646,522,3,0
497,666,472,0,3
497,707,522,3,0
497,713,522,3,0
497,722,472,0,3
498,625,523,3,0
498,627,523,3,0
498,635,473,0,3
498,666,473,0,3
498,707,523,3,0
498,713,497,1,2
498,722,473,0,3
499,625,524,3,0
499,635,474,0,3
499,652,475,2,3
499,666,474,0,3
499,707,524,3,0
499,713,498,1,2
500,625,525,2,0
500,635,475,0,2
500,666,475,0,2
500,713,524,3,2
501,625,526,3,0
501,635,476,0,3
504,625,529,3,0
504,635,479,0,3
505,625,530,3,0
505,635,480,0,3
505,666,480,0,3
505,713,506,2,1
506,625,531,3,0
506,635,481,0,3
506,666,481,0,3
506,707,531,3,0
506,713,507,2,1
507,625,532,3,0
507,627,532,3,0
507,635,482,0,3
507,666,482,0,3
507,707,532,3,0
507,713,508,2,1
507,722,482,0,3
508,625,533,3,0
508,627,533,3,0
508,635,483,0,3
508,646,533,3,0
508,666,483,0,3
508,707,533,3,0
508,713,509,2,1
508,721,509,2,1
508,722,483,0,3
509,625,534,3,0
509,627,534,3,0
509,635,484,0,3
509,666,484,0,3
509,707,534,3,0
509,713,534,3,0
509,722,484,0,3
510,625,509,1,2
510,627,509,1,2
510,635,509,1,2
510,666,509,1,2
510,707,509,1,2
510,713,535,3,0
510,721,535,3,0
510,722,509,1,2
511,625,510,1,2
511,627,510,1,2
511,635,510,1,2
511,666,510,1,2
511,707,510,1,2
511,713,536,3,0
511,722,510,1,2
512,625,511,1,2
512,635,511,1,2
512,652,511,1,2
512,666,511,1,2
512,707,511,1,2
512,713,537,3,0
513,625,512,1,2
513,635,512,1,2
513,666,512,1,2
513,713,538,3,0
514,625,513,1,2
514,635,513,1,2
517,625,518,2,1
517,635,518,2,1
518,625,519,2,1
518,635,519,2,1
518,666,519,2,1
518,713,543,3,0
519,625,520,2,1
519,635,520,2,1
519,652,518,1,2
519,666,520,2,1
519,707,520,2,1
519,713,544,3,0
520,625,521,2,1
520,627,521,2,1
520,635,521,2,1
520,666,521,2,1
520,707,521,2,1
520,713,545,3,0
520,722,521,2,1
521,625,522,2,1
521,627,522,2,1
521,635,522,2,1
521,646,522,2,1
521,666,522,2,1
521,707,522,2,1
521,713,546,3,0
521,721,546,3,0
521,722,522,2,1
522,625,547,3,0
522,627,547,3,0
522,635,497,0,3
522,646,547,3,0
522,666,497,0,3
522,707,547,3,0
522,713,547,3,0
522,722,497,0,3
523,625,548,3,0
523,627,548,3,0
523,635,498,0,3
523,666,498,0,3
523,707,548,3,0
523,713,522,1,2
523,722,498,0,3
524,625,549,3,0
524,635,499,0,3
524,652,500,2,3
524,666,499,0,3
524,707,549,3,0
524,713,523,1,2
525,625,550,2,0
525,635,550,2,0
525,666,500,0,2
525,713,549,3,2
526,625,551,3,0
526,635,551,3,0
529,625,554,3,0
529,635,554,3,0
530,625,555,3,0
530,635,555,3,0
530,666,505,0,3
530,713,531,2,1
531,625,556,3,0
531,635,556,3,0
531,666,506,0,3
531,707,556,3,0
531,713,532,2,1
532,625,557,3,0
532,627,557,3,0
532,635,557,3,0
532,666,507,0,3
532,707,557,3,0
532,713,533,2,1
532,722,507,0,3
533,625,558,3,0
533,627,558,3,0
533,635,558,3,0
533,646,558,3,0
533,666,508,0,3
533,707,558,3,0
533,713,534,2,1
533,721,534,2,1
533,722,508,0,3
534,625,559,3,0
534,627,559,3,0
534,666,509,0,3
534,707,559,3,0
534,713,559,3,0
534,722,509,0,3
535,625,534,1,2
535,627,534,1,2
535,635,534,1,2
535,666,534,1,2
535,707,534,1,2
535,713,560,3,0
535,721,560,3,0
535,722,534,1,2
536,625,535,1,2
536,627,535,1,2
536,635,535,1,2
536,666,535,1,2
536,707,535,1,2
536,713,561,3,0
536,722,535,1,2
537,625,536,1,2
537,635,536,1,2
537,652,536,1,2
537,666,536,1,2
537,707,536,1,2
537,713,562,3,0
538,625,537,1,2
538,635,537,1,2
538,666,537,1,2
538,713,563,3,0
539,625,538,1,2
539,635,538,1,2
542,625,543,2,1
542,635,543,2,1
543,625,544,2,1
543,635,544,2,1
543,666,544,2,1
543,713,568,3,0
544,625,545,2,1
544,635,545,2,1
544,652,543,1,2
544,666,545,2,1
544,707,545,2,1
544,713,569,3,0
545,625,546,2,1
545,627,546,2,1
545,635,546,2,1
545,666,546,2,1
545,707,546,2,1
545,713,570,3,0
545,722,546,2,1
546,625,547,2,1
546,627,547,2,1
546,635,547,2,1
546,646,547,2,1
546,666,547,2,1
546,707,547,2,1
546,713,571,3,0
546,721,571,3,0
546,722,547,2,1
547,625,572,3,0
547,627,572,3,0
547,646,572,3,0
547,666,522,0,3
547,707,572,3,0
547,713,572,3,0
547,722,522,0,3
548,625,573,3,0
548,627,573,3,0
548,635,573,3,0
548,666,523,0,3
548,707,573,3,0
548,713,547,1,2
548,722,523,0,3
549,625,574,3,0
549,635,574,3,0
549,652,525,2,3
549,666,524,0,3
549,707,574,3,0
549,713,548,1,2
550,625,575,2,0
550,635,575,2,0
550,666,525,0,2
550,713,574,3,2
551,625,576,3,0
551,635,576,3,0
554,625,579,3,0
554,635,579,3,0
555,625,580,3,0
555,635,580,3,0
555,666,530,0,3
555,713,556,2,1
556,625,581,3,0
556,635,581,3,0
556,666,531,0,3
556,707,581,3,0
556,713,557,2,1
556,717,581,3,0
557,625,582,3,0
557,627,582,3,0
557,635,582,3,0
557,666,532,0,3
557,707,582,3,0
557,713,558,2,1
557,717,582,3,0
557,722,532,0,3
558,625,583,3,0
558,627,583,3,0
558,635,583,3,0
558,646,583,3,0
558,666,533,0,3
558,707,583,3,0
558,713,559,2,1
558,717,583,3,0
558,721,559,2,1
558,722,533,0,3
559,625,584,3,0
559,627,584,3,0
559,635,584,3,0
559,666,534,0,3
559,707,584,3,0
559,713,584,3,0
559,717,584,3,0
559,722,534,0,3
560,625,559,1,2
560,627,559,1,2
560,635,559,1,2
560,666,559,1,2
560,707,559,1,2
560,713,585,3,0
560,721,585,3,0
560,722,559,1,2
561,625,560,1,2
561,627,560,1,2
561,635,560,1,2
561,666,560,1,2
561,707,560,1,2
561,713,586,3,0
561,722,560,1,2
562,625,561,1,2
562,635,561,1,2
562,652,561,1,2
562,666,561,1,2
562,707,561,1,2
562,713,587,3,0
563,625,562,1,2
563,635,562,1,2
563,666,562,1,2
563,713,588,3,0
564,625,563,1,2
564,635,563,1,2
567,625,568,2,1
567,635,568,2,1
568,625,569,2,1
568,635,569,2,1
568,666,569,2,1
568,713,593,3,0
569,625,570,2,1
569,635,570,2,1
569,652,568,1,2
569,666,570,2,1
569,707,570,2,1
569,713,594,3,0
570,625,571,2,1
570,627,571,2,1
570,635,571,2,1
570,666,571,2,1
570,707,571,2,1
570,713,595,3,0
570,722,571,2,1
571,625,572,2,1
571,627,572,2,1
571,635,572,2,1
571,646,572,2,1
571,666,572,2,1
571,707,572,2,1
571,713,596,3,0
571,721,596,3,0
571,722,572,2,1
572,625,597,3,0
572,627,597,3,0
572,635,597,3,0
572,646,597,3,0
572,666,547,0,3
572,707,597,3,0
572,713,597,3,0
572,717,597,3,0
572,722,547,0,3
573,625,598,3,0
573,627,598,3,0
573,635,598,3,0
573,666,548,0,3
573,707,598,3,0
573,713,572,1,2
573,717,598,3,0
573,722,548,0,3
574,625,599,3,0
574,635,599,3,0
574,652,550,2,3
574,666,549,0,3
574,707,599,3,0
574,713,573,1,2
574,717,599,3,0
575,625,600,2,0
575,635,600,2,0
575,666,550,0,2
575,713,599,3,2
576,625,601,3,0
576,635,601,3,0
579,625,604,3,0
579,635,604,3,0
580,625,605,3,0
580,635,605,3,0
580,666,555,0,3
580,713,581,2,1
581,625,606,3,0
581,635,606,3,0
581,666,556,0,3
581,707,707,86,0
581,713,582,2,1
582,625,607,3,0
582,627,607,3,0
582,635,607,3,0
582,666,557,0,3
582,707,581,1,2
582,713,583,2,1
582,722,607,3,0
583,625,608,3,0
583,627,608,3,0
583,635,608,3,0
583,646,608,3,0
583,666,558,0,3
583,707,582,1,2
583,713,584,2,1
583,721,584,2,1
583,722,608,3,0
584,625,609,3,0
584,627,609,3,0
584,635,609,3,0
584,666,559,0,3
584,707,583,1,2
584,713,609,3,0
585,625,584,1,2
585,627,584,1,2
585,635,584,1,2
585,666,584,1,2
585,707,584,1,2
585,713,610,3,0
585,721,610,3,0
585,722,584,1,2
586,625,585,1,2
586,627,585,1,2
586,635,585,1,2
586,666,585,1,2
586,707,585,1,2
586,713,611,3,0
586,722,585,1,2
587,625,586,1,2
587,635,586,1,2
587,652,586,1,2
587,666,586,1,2
587,707,586,1,2
587,713,612,3,0
588,625,587,1,2
588,635,587,1,2
588,666,587,1,2
588,713,613,3,0
589,625,588,1,2
589,635,588,1,2
592,625,593,2,1
592,635,593,2,1
593,625,594,2,1
593,635,594,2,1
593,666,594,2,1
593,713,618,3,0
594,625,595,2,1
594,635,595,2,1
594,652,593,1,2
594,666,595,2,1
594,707,595,2,1
594,713,619,3,0
595,625,596,2,1
595,627,596,2,1
595,635,596,2,1
595,666,596,2,1
595,707,596,2,1
595,713,620,3,0
595,722,596,2,1
596,625,597,2,1
596,627,597,2,1
596,635,597,2,1
596,646,597,2,1
596,666,597,2,1
596,707,597,2,1
596,713,621,3,0
596,721,621,3,0
596,722,597,2,1
597,625,622,3,0
597,627,622,3,0
597,635,622,3,0
597,646,622,3,0
597,666,572,0,3
597,707,598,2,1
597,713,622,3,0
598,625,623,3,0
598,627,623,3,0
598,635,623,3,0
598,666,573,0,3
598,707,599,2,1
598,713,597,1,2
598,722,623,3,0
599,625,624,3,0
599,635,624,3,0
599,652,575,2,3
599,666,574,0,3
599,707,575,2,3
599,713,598,1,2
600,625,0,2,3
600,635,0,2,3
600,666,575,0,2
600,713,624,3,2
601,625,1,3,3
601,635,1,3,3
604,625,4,3,3
604,635,4,3,3
605,625,5,3,3
605,635,5,3,3
605,666,580,0,3
605,713,606,2,1
606,625,6,3,3
606,635,6,3,3
606,666,581,0,3
606,707,581,0,3
606,713,607,2,1
607,625,7,3,3
607,627,627,6,0
607,635,7,3,3
607,666,582,0,3
607,707,582,0,3
607,713,608,2,1
607,722,7,3,3
608,625,8,3,3
608,627,607,1,2
608,635,8,3,3
608,646,8,3,3
608,666,583,0,3
608,707,583,0,3
608,713,609,2,1
608,721,609,2,1
608,722,8,3,3
609,625,9,3,3
609,627,608,1,2
609,635,9,3,3
609,666,584,0,3
610,625,609,1,2
610,627,609,1,2
610,635,609,1,2
610,666,609,1,2
610,707,609,1,2
610,713,10,3,3
610,721,10,3,3
610,722,609,1,2
611,625,610,1,2
611,627,610,1,2
611,635,610,1,2
611,666,610,1,2
611,707,610,1,2
611,713,11,3,3
611,722,610,1,2
612,625,611,1,2
612,635,611,1,2
612,652,611,1,2
612,666,611,1,2
612,707,611,1,2
612,713,12,3,3
613,625,612,1,2
613,635,612,1,2
613,666,612,1,2
613,713,13,3,3
614,625,613,1,2
614,635,613,1,2
617,625,618,2,1
617,635,618,2,1
618,625,619,2,1
618,635,619,2,1
618,666,619,2,1
618,713,18,3,3
619,625,620,2,1
619,635,620,2,1
619,652,618,1,2
619,666,620,2,1
619,707,620,2,1
619,713,19,3,3
620,625,621,2,1
620,627,621,2,1
620,635,621,2,1
620,666,621,2,1
620,707,621,2,1
620,713,20,3,3
620,722,621,2,1
621,625,622,2,1
621,627,622,2,1
621,635,622,2,1
621,646,622,2,1
621,666,622,2,1
621,707,622,2,1
621,713,21,3,3
621,721,21,3,3
621,722,622,2,1
622,625,22,3,3
622,627,623,2,1
622,635,22,3,3
622,646,22,3,3
622,666,597,0,3
623,625,23,3,3
623,627,624,2,1
623,635,23,3,3
623,666,598,0,3
623,707,598,0,3
623,713,622,1,2
623,722,23,3,3
624,625,24,3,3
624,635,24,3,3
624,652,600,2,3
624,666,599,0,3
624,707,599,0,3
624,713,623,1,2
625,626,4,0,4
625,627,4,0,4
625,628,4,0,4
625,629,4,0,4
625,630,4,0,4
625,631,4,0,4
625,632,4,0,4
625,633,4,0,4
625,634,4,0,4
625,635,4,0,4
625,636,4,0,4
625,637,4,0,4
625,638,4,0,4
625,639,4,0,4
625,640,4,0,4
625,641,4,0,4
625,642,4,0,4
625,643,4,0,4
625,644,4,0,4
625,645,4,0,4
625,646,4,0,4
625,647,4,0,4
625,648,4,0,4
625,649,4,0,4
625,650,4,0,4
625,651,4,0,4
625,652,4,0,4
625,653,4,0,4
625,654,4,0,4
625,655,4,0,4
625,656,4,0,4
625,657,4,0,4
625,658,4,0,4
625,659,4,0,4
625,660,4,0,4
625,661,4,0,4
625,662,4,0,4
625,663,4,0,4
625,664,4,0,4
625,665,4,0,4
625,666,4,0,4
625,667,4,0,4
625,668,4,0,4
625,669,4,0,4
625,670,4,0,4
625,671,4,0,4
625,672,4,0,4
625,673,4,0,4
625,674,4,0,4
625,675,4,0,4
625,676,4,0,4
625,677,4,0,4
625,678,4,0,4
625,679,4,0,4
625,680,4,0,4
625,681,4,0,4
625,682,4,0,4
625,683,4,0,4
625,684,4,0,4
625,685,4,0,4
625,686,4,0,4
625,687,4,0,4
625,688,4,0,4
625,689,4,0,4
625,690,4,0,4
625,691,4,0,4
625,692,4,0,4
625,693,4,0,4
625,694,4,0,4
625,695,4,0,4
625,696,4,0,4
625,697,4,0,4
625,698,4,0,4
625,699,4,0,4
625,700,4,0,4
625,701,4,0,4
625,702,4,0,4
625,703,4,0,4
625,704,4,0,4
625,705,4,0,4
625,706,4,0,4
625,707,4,0,4
625,708,4,0,4
625,709,4,0,4
625,710,4,0,4
625,711,4,0,4
625,712,4,0,4
625,713,4,0,4
625,714,4,0,4
625,715,4,0,4
625,716,4,0,4
625,717,4,0,4
625,718,4,0,4
625,719,4,0,4
625,720,4,0,4
625,721,4,0,4
625,722,4,0,4
625,723,4,0,4
625,724,4,0,4
627,625,607,0,6
627,626,607,0,6
627,628,607,0,6
627,629,607,0,6
627,630,607,0,6
627,631,607,0,6
627,632,607,0,6
627,633,607,0,6
627,634,607,0,6
627,635,607,0,6
627,636,607,0,6
627,637,607,0,6
627,638,607,0,6
627,639,607,0,6
627,640,607,0,6
627,641,607,0,6
627,642,607,0,6
627,643,607,0,6
627,644,607,0,6
627,645,607,0,6
627,646,607,0,6
627,647,607,0,6
627,648,607,0,6
627,649,607,0,6
627,650,607,0,6
627,651,607,0,6
627,652,607,0,6
627,653,607,0,6
627,654,607,0,6
627,655,607,0,6
627,656,607,0,6
627,657,607,0,6
627,658,607,0,6
627,659,607,0,6
627,660,607,0,6
627,661,607,0,6
627,662,607,0,6
627,663,607,0,6
627,664,607,0,6
627,665,607,0,6
627,666,607,0,6
627,667,607,0,6
627,668,607,0,6
627,669,607,0,6
627,670,607,0,6
627,671,607,0,6
627,672,607,0,6
627,673,607,0,6
627,674,607,0,6
627,675,607,0,6
627,676,607,0,6
627,677,607,0,6
627,678,607,0,6
627,679,607,0,6
627,680,607,0,6
627,681,607,0,6
627,682,607,0,6
627,683,607,0,6
627,684,607,0,6
627,685,607,0,6
627,686,607,0,6
627,687,607,0,6
627,688,607,0,6
627,689,607,0,6
627,690,607,0,6
627,691,607,0,6
627,692,607,0,6
627,693,607,0,6
627,694,607,0,6
627,695,607,0,6
627,696,607,0,6
627,697,607,0,6
627,698,607,0,6
627,699,607,0,6
627,700,607,0,6
627,701,607,0,6
627,702,607,0,6
627,703,607,0,6
627,704,607,0,6
627,705,607,0,6
627,706,607,0,6
627,707,607,0,6
627,708,607,0,6
627,709,607,0,6
627,710,607,0,6
627,711,607,0,6
627,712,607,0,6
627,713,607,0,6
627,714,607,0,6
627,715,607,0,6
627,716,607,0,6
627,717,607,0,6
627,718,607,0,6
627,719,607,0,6
627,720,607,0,6
627,721,607,0,6
627,722,607,0,6
627,723,607,0,6
627,724,607,0,6
635,625,204,0,14
635,626,204,0,14
635,627,204,0,14
635,628,204,0,14
635,629,204,0,14
635,630,204,0,14
635,631,204,0,14
635,632,204,0,14
635,633,204,0,14
635,634,204,0,14
635,636,204,0,14
635,637,204,0,14
635,638,204,0,14
635,639,204,0,14
635,640,204,0,14
635,641,204,0,14
635,642,204,0,14
635,643,204,0,14
635,644,204,0,14
635,645,204,0,14
635,646,204,0,14
635,647,204,0,14
635,648,204,0,14
635,649,204,0,14
635,650,204,0,14
635,651,204,0,14
635,652,204,0,14
635,653,204,0,14
635,654,204,0,14
635,655,204,0,14
635,656,204,0,14
635,657,204,0,14
635,658,204,0,14
635,659,204,0,14
635,660,204,0,14
635,661,204,0,14
635,662,204,0,14
635,663,204,0,14
635,664,204,0,14
635,665,204,0,14
635,666,204,0,14
635,667,204,0,14
635,668,204,0,14
635,669,204,0,14
635,670,204,0,14
635,671,204,0,14
635,672,204,0,14
635,673,204,0,14
635,674,204,0,14
635,675,204,0,14
635,676,204,0,14
635,677,204,0,14
635,678,204,0,14
635,679,204,0,14
635,680,204,0,14
635,681,204,0,14
635,682,204,0,14
635,683,204,0,14
635,684,204,0,14
635,685,204,0,14
635,686,204,0,14
635,687,204,0,14
635,688,204,0,14
635,689,204,0,14
635,690,204,0,14
635,691,204,0,14
635,692,204,0,14
635,693,204,0,14
635,694,204,0,14
635,695,204,0,14
635,696,204,0,14
635,697,204,0,14
635,698,204,0,14
635,699,204,0,14
635,700,204,0,14
635,701,204,0,14
635,702,204,0,14
635,703,204,0,14
635,704,204,0,14
635,705,204,0,14
635,706,204,0,14
635,707,204,0,14
635,708,204,0,14
635,709,204,0,14
635,710,204,0,14
635,711,204,0,14
635,712,204,0,14
635,713,204,0,14
635,714,204,0,14
635,715,204,0,14
635,716,204,0,14
635,717,204,0,14
635,718,204,0,14
635,719,204,0,14
635,720,204,0,14
635,721,204,0,14
635,722,204,0,14
635,723,204,0,14
635,724,204,0,14
646,625,83,0,25
646,626,83,0,25
646,627,83,0,25
646,628,83,0,25
646,629,83,0,25
646,630,83,0,25
646,631,83,0,25
646,632,83,0,25
646,633,83,0,25
646,634,83,0,25
646,635,83,0,25
646,636,83,0,25
646,637,83,0,25
646,638,83,0,25
646,639,83,0,25
646,640,83,0,25
646,641,83,0,25
646,642,83,0,25
646,643,83,0,25
646,644,83,0,25
646,645,83,0,25
646,647,83,0,25
646,648,83,0,25
646,649,83,0,25
646,650,83,0,25
646,651,83,0,25
646,652,83,0,25
646,653,83,0,25
646,654,83,0,25
646,655,83,0,25
646,656,83,0,25
646,657,83,0,25
646,658,83,0,25
646,659,83,0,25
646,660,83,0,25
646,661,83,0,25
646,662,83,0,25
646,663,83,0,25
646,664,83,0,25
646,665,83,0,25
646,666,83,0,25
646,667,83,0,25
646,668,83,0,25
646,669,83,0,25
646,670,83,0,25
646,671,83,0,25
646,672,83,0,25
646,673,83,0,25
646,674,83,0,25
646,675,83,0,25
646,676,83,0,25
646,677,83,0,25
646,678,83,0,25
646,679,83,0,25
646,680,83,0,25
646,681,83,0,25
646,682,83,0,25
646,683,83,0,25
646,684,83,0,25
646,685,83,0,25
646,686,83,0,25
646,687,83,0,25
646,688,83,0,25
646,689,83,0,25
646,690,83,0,25
646,691,83,0,25
646,692,83,0,25
646,693,83,0,25
646,694,83,0,25
646,695,83,0,25
646,696,83,0,25
646,697,83,0,25
646,698,83,0,25
646,699,83,0,25
646,700,83,0,25
646,701,83,0,25
646,702,83,0,25
646,703,83,0,25
646,704,83,0,25
646,705,83,0,25
646,706,83,0,25
646,707,83,0,25
646,708,83,0,25
646,709,83,0,25
646,710,83,0,25
646,711,83,0,25
646,712,83,0,25
646,713,83,0,25
646,714,83,0,25
646,715,83,0,25
646,716,83,0,25
646,717,83,0,25
646,718,83,0,25
646,719,83,0,25
646,720,83,0,25
646,721,83,0,25
646,722,83,0,25
646,723,83,0,25
646,724,83,0,25
652,625,161,0,31
652,626,161,0,31
652,627,161,0,31
652,628,161,0,31
652,629,161,0,31
652,630,161,0,31
652,631,161,0,31
652,632,161,0,31
652,633,161,0,31
652,634,161,0,31
652,635,161,0,31
652,636,161,0,31
652,637,161,0,31
652,638,161,0,31
652,639,161,0,31
652,640,161,0,31
652,641,161,0,31
652,642,161,0,31
652,643,161,0,31
652,644,161,0,31
652,645,161,0,31
652,646,161,0,31
652,647,161,0,31
652,648,161,0,31
652,649,161,0,31
652,650,161,0,31
652,651,161,0,31
652,653,161,0,31
652,654,161,0,31
652,655,161,0,31
652,656,161,0,31
652,657,161,0,31
652,658,161,0,31
652,659,161,0,31
652,660,161,0,31
652,661,161,0,31
652,662,161,0,31
652,663,161,0,31
652,664,161,0,31
652,665,161,0,31
652,666,161,0,31
652,667,161,0,31
652,668,161,0,31
652,669,161,0,31
652,670,161,0,31
652,671,161,0,31
652,672,161,0,31
652,673,161,0,31
652,674,161,0,31
652,675,161,0,31
652,676,161,0,31
652,677,161,0,31
652,678,161,0,31
652,679,161,0,31
652,680,161,0,31
652,681,161,0,31
652,682,161,0,31
652,683,161,0,31
652,684,161,0,31
652,685,161,0,31
652,686,161,0,31
652,687,161,0,31
652,688,161,0,31
652,689,161,0,31
652,690,161,0,31
652,691,161,0,31
652,692,161,0,31
652,693,161,0,31
652,694,161,0,31
652,695,161,0,31
652,696,161,0,31
652,697,161,0,31
652,698,161,0,31
652,699,161,0,31
652,700,161,0,31
652,701,161,0,31
652,702,161,0,31
652,703,161,0,31
652,704,161,0,31
652,705,161,0,31
652,706,161,0,31
652,707,161,0,31
652,708,161,0,31
652,709,161,0,31
652,710,161,0,31
652,711,161,0,31
652,712,161,0,31
652,713,161,0,31
652,714,161,0,31
652,715,161,0,31
652,716,161,0,31
652,717,161,0,31
652,718,161,0,31
652,719,161,0,31
652,720,161,0,31
652,721,161,0,31
652,722,161,0,31
652,723,161,0,31
652,724,161,0,31
666,625,305,0,45
666,626,305,0,45
666,627,305,0,45
666,628,305,0,45
666,629,305,0,45
666,630,305,0,45
666,631,305,0,45
666,632,305,0,45
666,633,305,0,45
666,634,305,0,45
666,635,305,0,45
666,636,305,0,45
666,637,305,0,45
666,638,305,0,45
666,639,305,0,45
666,640,305,0,45
666,641,305,0,45
666,642,305,0,45
666,643,305,0,45
666,644,305,0,45
666,645,305,0,45
666,646,305,0,45
666,647,305,0,45
666,648,305,0,45
666,649,305,0,45
666,650,305,0,45
666,651,305,0,45
666,652,305,0,45
666,653,305,0,45
666,654,305,0,45
666,655,305,0,45
666,656,305,0,45
666,657,305,0,45
666,658,305,0,45
666,659,305,0,45
666,660,305,0,45
666,661,305,0,45
666,662,305,0,45
666,663,305,0,45
666,664,305,0,45
666,665,305,0,45
666,667,305,0,45
666,668,305,0,45
666,669,305,0,45
666,670,305,0,45
666,671,305,0,45
666,672,305,0,45
666,673,305,0,45
666,674,305,0,45
666,675,305,0,45
666,676,305,0,45
666,677,305,0,45
666,678,305,0,45
666,679,305,0,45
666,680,305,0,45
666,681,305,0,45
666,682,305,0,45
666,683,305,0,45
666,684,305,0,45
666,685,305,0,45
666,686,305,0,45
666,687,305,0,45
666,688,305,0,45
666,689,305,0,45
666,690,305,0,45
666,691,305,0,45
666,692,305,0,45
666,693,305,0,45
666,694,305,0,45
666,695,305,0,45
666,696,305,0,45
666,697,305,0,45
666,698,305,0,45
666,699,305,0,45
666,700,305,0,45
666,701,305,0,45
666,702,305,0,45
666,703,305,0,45
666,704,305,0,45
666,705,305,0,45
666,706,305,0,45
666,707,305,0,45
666,708,305,0,45
666,709,305,0,45
666,710,305,0,45
666,711,305,0,45
666,712,305,0,45
666,713,305,0,45
666,714,305,0,45
666,715,305,0,45
666,716,305,0,45
666,717,305,0,45
666,718,305,0,45
666,719,305,0,45
666,720,305,0,45
666,721,305,0,45
666,722,305,0,45
666,723,305,0,45
666,724,305,0,45
707,625,581,0,86
707,626,581,0,86
707,627,581,0,86
707,628,581,0,86
707,629,581,0,86
707,630,581,0,86
707,631,581,0,86
707,632,581,0,86
707,633,581,0,86
707,634,581,0,86
707,635,581,0,86
707,636,581,0,86
707,637,581,0,86
707,638,581,0,86
707,639,581,0,86
707,640,581,0,86
707,641,581,0,86
707,642,581,0,86
707,643,581,0,86
707,644,581,0,86
707,645,581,0,86
707,646,581,0,86
707,647,581,0,86
707,648,581,0,86
707,649,581,0,86
707,650,581,0,86
707,651,581,0,86
707,652,581,0,86
707,653,581,0,86
707,654,581,0,86
707,655,581,0,86
707,656,581,0,86
707,657,581,0,86
707,658,581,0,86
707,659,581,0,86
707,660,581,0,86
707,661,581,0,86
707,662,581,0,86
707,663,581,0,86
707,664,581,0,86
707,665,581,0,86
707,666,581,0,86
707,667,581,0,86
707,668,581,0,86
707,669,581,0,86
707,670,581,0,86
707,671,581,0,86
707,672,581,0,86
707,673,581,0,86
707,674,581,0,86
707,675,581,0,86
707,676,581,0,86
707,677,581,0,86
707,678,581,0,86
707,679,581,0,86
707,680,581,0,86
707,681,581,0,86
707,682,581,0,86
707,683,581,0,86
707,684,581,0,86
707,685,581,0,86
707,686,581,0,86
707,687,581,0,86
707,688,581,0,86
707,689,581,0,86
707,690,581,0,86
707,691,581,0,86
707,692,581,0,86
707,693,581,0,86
707,694,581,0,86
707,695,581,0,86
707,696,581,0,86
707,697,581,0,86
707,698,581,0,86
707,699,581,0,86
707,700,581,0,86
707,701,581,0,86
707,702,581,0,86
707,703,581,0,86
707,704,581,0,86
707,705,581,0,86
707,706,581,0,86
707,708,581,0,86
707,709,581,0,86
707,710,581,0,86
707,711,581,0,86
707,712,581,0,86
707,713,581,0,86
707,714,581,0,86
707,715,581,0,86
707,716,581,0,86
707,717,581,0,86
707,718,581,0,86
707,719,581,0,86
707,720,581,0,86
707,721,581,0,86
707,722,581,0,86
707,723,581,0,86
707,724,581,0,86
713,625,63,0,92
713,626,63,0,92
713,627,63,0,92
713,628,63,0,92
713,629,63,0,92
713,630,63,0,92
713,631,63,0,92
713,632,63,0,92
713,633,63,0,92
713,634,63,0,92
713,635,63,0,92
713,636,63,0,92
713,637,63,0,92
713,638,63,0,92
713,639,63,0,92
713,640,63,0,92
713,641,63,0,92
713,642,63,0,92
713,643,63,0,92
713,644,63,0,92
713,645,63,0,92
713,646,63,0,92
713,647,63,0,92
713,648,63,0,92
713,649,63,0,92
713,650,63,0,92
713,651,63,0,92
713,652,63,0,92
713,653,63,0,92
713,654,63,0,92
713,655,63,0,92
713,656,63,0,92
713,657,63,0,92
713,658,63,0,92
713,659,63,0,92
713,660,63,0,92
713,661,63,0,92
713,662,63,0,92
713,663,63,0,92
713,664,63,0,92
713,665,63,0,92
713,666,63,0,92
713,667,63,0,92
713,668,63,0,92
713,669,63,0,92
713,670,63,0,92
713,671,63,0,92
713,672,63,0,92
713,673,63,0,92
713,674,63,0,92
713,675,63,0,92
713,676,63,0,92
713,677,63,0,92
713,678,63,0,92
713,679,63,0,92
713,680,63,0,92
713,681,63,0,92
713,682,63,0,92
713,683,63,0,92
713,684,63,0,92
713,685,63,0,92
713,686,63,0,92
713,687,63,0,92
713,688,63,0,92
713,689,63,0,92
713,690,63,0,92
713,691,63,0,92
713,692,63,0,92
713,693,63,0,92
713,694,63,0,92
713,695,63,0,92
713,696,63,0,92
713,697,63,0,92
713,698,63,0,92
713,699,63,0,92
713,700,63,0,92
713,701,63,0,92
713,702,63,0,92
713,703,63,0,92
713,704,63,0,92
713,705,63,0,92
713,706,63,0,92
713,707,63,0,92
713,708,63,0,92
713,709,63,0,92
713,710,63,0,92
713,711,63,0,92
713,712,63,0,92
713,714,63,0,92
713,715,63,0,92
713,716,63,0,92
713,717,63,0,92
713,718,63,0,92
713,719,63,0,92
713,720,63,0,92
713,721,63,0,92
713,722,63,0,92
713,723,63,0,92
713,724,63,0,92
717,625,231,0,96
717,626,231,0,96
717,627,231,0,96
717,628,231,0,96
717,629,231,0,96
717,630,231,0,96
717,631,231,0,96
717,632,231,0,96
717,633,231,0,96
717,634,231,0,96
717,635,231,0,96
717,636,231,0,96
717,637,231,0,96
717,638,231,0,96
717,639,231,0,96
717,640,231,0,96
717,641,231,0,96
717,642,231,0,96
717,643,231,0,96
717,644,231,0,96
717,645,231,0,96
717,646,231,0,96
717,647,231,0,96
717,648,231,0,96
717,649,231,0,96
717,650,231,0,96
717,651,231,0,96
717,652,231,0,96
717,653,231,0,96
717,654,231,0,96
717,655,231,0,96
717,656,231,0,96
717,657,231,0,96
717,658,231,0,96
717,659,231,0,96
717,660,231,0,96
717,661,231,0,96
717,662,231,0,96
717,663,231,0,96
717,664,231,0,96
717,665,231,0,96
717,666,231,0,96
717,667,231,0,96
717,668,231,0,96
717,669,231,0,96
717,670,231,0,96
717,671,231,0,96
717,672,231,0,96
717,673,231,0,96
717,674,231,0,96
717,675,231,0,96
717,676,231,0,96
717,677,231,0,96
717,678,231,0,96
717,679,231,0,96
717,680,231,0,96
717,681,231,0,96
717,682,231,0,96
717,683,231,0,96
717,684,231,0,96
717,685,231,0,96
717,686,231,0,96
717,687,231,0,96
717,688,231,0,96
717,689,231,0,96
717,690,231,0,96
717,691,231,0,96
717,692,231,0,96
717,693,231,0,96
717,694,231,0,96
717,695,231,0,96
717,696,231,0,96
717,697,231,0,96
717,698,231,0,96
717,699,231,0,96
717,700,231,0,96
717,701,231,0,96
717,702,231,0,96
717,703,231,0,96
717,704,231,0,96
717,705,231,0,96
717,706,231,0,96
717,707,231,0,96
717,708,231,0,96
717,709,231,0,96
717,710,231,0,96
717,711,231,0,96
717,712,231,0,96
717,713,231,0,96
717,714,231,0,96
717,715,231,0,96
717,716,231,0,96
717,718,231,0,96
717,719,231,0,96
717,720,231,0,96
717,721,231,0,96
717,722,231,0,96
717,723,231,0,96
717,724,231,0,96
721,625,85,0,100
721,626,85,0,100
721,627,85,0,100
721,628,85,0,100
721,629,85,0,100
721,630,85,0,100
721,631,85,0,100
721,632,85,0,100
721,633,85,0,100
721,634,85,0,100
721,635,85,0,100
721,636,85,0,100
721,637,85,0,100
721,638,85,0,100
721,639,85,0,100
721,640,85,0,100
721,641,85,0,100
721,642,85,0,100
721,643,85,0,100
721,644,85,0,100
721,645,85,0,100
721,646,85,0,100
721,647,85,0,100
721,648,85,0,100
721,649,85,0,100
721,650,85,0,100
721,651,85,0,100
721,652,85,0,100
721,653,85,0,100
721,654,85,0,100
721,655,85,0,100
721,656,85,0,100
721,657,85,0,100
721,658,85,0,100
721,659,85,0,100
721,660,85,0,100
721,661,85,0,100
721,662,85,0,100
721,663,85,0,100
721,664,85,0,100
721,665,85,0,100
721,666,85,0,100
721,667,85,0,100
721,668,85,0,100
721,669,85,0,100
721,670,85,0,100
721,671,85,0,100
721,672,85,0,100
721,673,85,0,100
721,674,85,0,100
721,675,85,0,100
721,676,85,0,100
721,677,85,0,100
721,678,85,0,100
721,679,85,0,100
721,680,85,0,100
721,681,85,0,100
721,682,85,0,100
721,683,85,0,100
721,684,85,0,100
721,685,85,0,100
721,686,85,0,100
721,687,85,0,100
721,688,85,0,100
721,689,85,0,100
721,690,85,0,100
721,691,85,0,100
721,692,85,0,100
721,693,85,0,100
721,694,85,0,100
721,695,85,0,100
721,696,85,0,100
721,697,85,0,100
721,698,85,0,100
721,699,85,0,100
721,700,85,0,100
721,701,85,0,100
721,702,85,0,100
721,703,85,0,100
721,704,85,0,100
721,705,85,0,100
721,706,85,0,100
721,707,85,0,100
721,708,85,0,100
721,709,85,0,100
721,710,85,0,100
721,711,85,0,100
721,712,85,0,100
721,713,85,0,100
721,714,85,0,100
721,715,85,0,100
721,716,85,0,100
721,717,85,0,100
721,718,85,0,100
721,719,85,0,100
721,720,85,0,100
721,722,85,0,100
721,723,85,0,100
721,724,85,0,100
722,625,257,0,101
722,626,257,0,101
722,627,257,0,101
722,628,257,0,101
722,629,257,0,101
722,630,257,0,101
722,631,257,0,101
722,632,257,0,101
722,633,257,0,101
722,634,257,0,101
722,635,257,0,101
722,636,257,0,101
722,637,257,0,101
722,638,257,0,101
722,639,257,0,101
722,640,257,0,101
722,641,257,0,101
722,642,257,0,101
722,643,257,0,101
722,644,257,0,101
722,645,257,0,101
722,646,257,0,101
722,647,257,0,101
722,648,257,0,101
722,649,257,0,101
722,650,257,0,101
722,651,257,0,101
722,652,257,0,101
722,653,257,0,101
722,654,257,0,101
722,655,257,0,101
722,656,257,0,101
722,657,257,0,101
722,658,257,0,101
722,659,257,0,101
722,660,257,0,101
722,661,257,0,101
722,662,257,0,101
722,663,257,0,101
722,664,257,0,101
722,665,257,0,101
722,666,257,0,101
722,667,257,0,101
722,668,257,0,101
722,669,257,0,101
722,670,257,0,101
722,671,257,0,101
722,672,257,0,101
722,673,257,0,101
722,674,257,0,101
722,675,257,0,101
722,676,257,0,101
722,677,257,0,101
722,678,257,0,101
722,679,257,0,101
722,680,257,0,101
722,681,257,0,101
722,682,257,0,101
722,683,257,0,101
722,684,257,0,101
722,685,257,0,101
722,686,257,0,101
722,687,257,0,101
722,688,257,0,101
722,689,257,0,101
722,690,257,0,101
722,691,257,0,101
722,692,257,0,101
722,693,257,0,101
722,694,257,0,101
722,695,257,0,101
722,696,257,0,101
722,697,257,0,101
722,698,257,0,101
722,699,257,0,101
722,700,257,0,101
722,701,257,0,101
722,702,257,0,101
722,703,257,0,101
722,704,257,0,101
722,705,257,0,101
722,706,257,0,101
722,707,257,0,101
722,708,257,0,101
722,709,257,0,101
722,710,257,0,101
722,711,257,0,101
722,712,257,0,101
722,713,257,0,101
722,714,257,0,101
722,715,257,0,101
722,716,257,0,101
722,717,257,0,101
722,718,257,0,101
722,719,257,0,101
722,720,257,0,101
722,721,257,0,101
722,723,257,0,101
722,724,257,0,101
