0,705,1,0,0
9,705,10,1,0
10,705,11,1,0
10,712,35,2,0
11,705,12,1,0
12,627,11,0,1
12,705,705,84,0
13,705,12,0,1
18,705,17,0,1
19,627,18,0,1
19,705,18,0,1
20,705,19,0,1
21,705,20,0,1
21,712,46,2,0
22,705,21,0,1
22,712,47,2,0
24,627,0,1,2
25,705,26,1,1
35,712,60,3,0
37,627,36,1,2
38,705,37,1,2
43,705,42,1,2
44,627,43,1,2
46,712,71,3,0
47,712,72,3,0
49,627,25,2,3
50,705,51,1,1
60,712,85,3,0
62,627,61,1,2
63,705,62,1,2
68,705,67,1,2
69,627,68,1,2
71,712,96,3,0
72,712,97,3,0
74,627,50,2,3
75,705,76,1,1
85,712,110,3,0
87,627,86,1,2
88,705,87,1,2
93,705,92,1,2
94,627,93,1,2
96,712,121,3,0
97,712,122,3,0
99,627,75,2,3
100,705,101,1,1
109,712,110,2,1
110,712,712,91,0
112,627,111,1,2
113,705,112,1,2
118,705,117,1,2
119,627,118,1,2
122,712,121,1,2
124,627,100,2,3
125,705,126,1,1
134,627,109,0,3
134,712,109,0,3
135,627,110,0,3
135,712,110,0,3
136,627,111,0,3
137,627,136,1,2
138,705,137,1,2
143,705,142,1,2
144,627,143,1,2
145,627,120,0,3
146,627,121,0,3
146,712,121,0,3
147,627,122,0,3
147,712,122,0,3
149,627,125,2,3
150,705,151,1,1
160,712,135,0,3
162,627,161,1,2
163,705,162,1,2
168,705,167,1,2
169,627,168,1,2
171,712,146,0,3
172,712,147,0,3
174,627,150,2,3
175,705,176,1,1
185,712,160,0,3
187,627,186,1,2
188,705,187,1,2
193,705,192,1,2
194,627,193,1,2
196,712,171,0,3
197,712,172,0,3
199,627,175,2,3
200,705,201,1,1
210,712,185,0,3
212,627,211,1,2
213,705,212,1,2
218,705,217,1,2
219,627,218,1,2
221,712,196,0,3
222,712,197,0,3
224,627,200,2,3
225,705,226,1,1
235,712,210,0,3
237,627,236,1,2
238,705,237,1,2
243,705,242,1,2
244,627,243,1,2
246,712,221,0,3
247,712,222,0,3
249,627,225,2,3
250,705,251,1,1
260,712,235,0,3
262,627,261,1,2
263,705,262,1,2
268,705,267,1,2
269,627,268,1,2
271,712,246,0,3
272,712,247,0,3
274,627,250,2,3
275,705,276,1,1
285,712,260,0,3
287,627,286,1,2
288,705,287,1,2
293,705,292,1,2
294,627,293,1,2
296,712,271,0,3
297,712,272,0,3
299,627,275,2,3
300,705,301,1,1
309,705,284,0,3
310,705,285,0,3
310,712,285,0,3
311,705,286,0,3
312,627,311,1,2
312,705,287,0,3
313,705,312,1,2
318,705,317,1,2
319,627,318,1,2
319,705,294,0,3
320,705,295,0,3
321,705,296,0,3
321,712,296,0,3
322,705,297,0,3
322,712,297,0,3
324,627,300,2,3
325,705,326,1,1
335,712,310,0,3
337,627,336,1,2
338,705,337,1,2
343,705,342,1,2
344,627,343,1,2
346,712,321,0,3
347,712,322,0,3
349,627,325,2,3
350,705,351,1,1
360,712,335,0,3
362,627,361,1,2
363,705,362,1,2
368,705,367,1,2
369,627,368,1,2
371,712,346,0,3
372,712,347,0,3
374,627,350,2,3
375,705,376,1,1
385,712,360,0,3
387,627,386,1,2
388,705,387,1,2
393,705,392,1,2
394,627,393,1,2
396,712,371,0,3
397,712,372,0,3
399,627,375,2,3
400,705,401,1,1
410,712,385,0,3
412,627,411,1,2
413,705,412,1,2
418,705,417,1,2
419,627,418,1,2
421,712,396,0,3
422,712,397,0,3
424,627,400,2,3
425,705,426,1,1
434,627,459,3,0
434,712,459,3,0
435,627,460,3,0
435,712,460,3,0
436,627,461,3,0
437,627,436,1,2
438,705,437,1,2
443,705,442,1,2
445,627,470,3,0
446,627,471,3,0
446,712,471,3,0
447,627,472,3,0
447,712,472,3,0
449,627,425,2,3
450,705,451,1,1
459,627,460,2,1
460,627,461,2,1
460,712,485,3,0
461,627,627,6,0
462,627,461,1,2
463,705,462,1,2
468,705,467,1,2
469,627,468,1,2
470,627,469,1,2
471,627,470,1,2
471,712,496,3,0
472,627,471,1,2
472,712,497,3,0
474,627,450,2,3
475,705,476,1,1
485,712,510,3,0
487,627,486,1,2
488,705,487,1,2
493,705,492,1,2
494,627,493,1,2
496,712,521,3,0
497,712,522,3,0
499,627,475,2,3
500,705,501,1,1
510,712,535,3,0
512,627,511,1,2
513,705,512,1,2
518,705,517,1,2
519,627,518,1,2
521,712,546,3,0
522,712,547,3,0
524,627,500,2,3
525,705,526,1,1
535,712,560,3,0
537,627,536,1,2
538,705,537,1,2
543,705,542,1,2
544,627,543,1,2
546,712,571,3,0
547,712,572,3,0
549,627,525,2,3
550,705,551,1,1
560,712,585,3,0
562,627,561,1,2
563,705,562,1,2
568,705,567,1,2
569,627,568,1,2
571,712,596,3,0
572,712,597,3,0
574,627,550,2,3
575,705,576,1,1
585,712,610,3,0
587,627,586,1,2
588,705,587,1,2
593,705,592,1,2
594,627,593,1,2
596,712,621,3,0
597,712,622,3,0
599,627,575,2,3
600,705,601,1,1
609,705,9,3,3
610,705,10,3,3
610,712,10,3,3
611,705,11,3,3
612,627,611,1,2
612,705,12,3,3
613,705,612,1,2
619,627,618,1,2
619,705,19,3,3
620,705,20,3,3
621,705,21,3,3
621,712,21,3,3
622,705,22,3,3
622,712,22,3,3
624,627,600,2,3
627,625,461,0,6
627,626,461,0,6
627,628,461,0,6
627,629,461,0,6
627,630,461,0,6
627,631,461,0,6
627,632,461,0,6
627,633,461,0,6
627,634,461,0,6
627,635,461,0,6
627,636,461,0,6
627,637,461,0,6
627,638,461,0,6
627,639,461,0,6
627,640,461,0,6
627,641,461,0,6
627,642,461,0,6
627,643,461,0,6
627,644,461,0,6
627,645,461,0,6
627,646,461,0,6
627,647,461,0,6
627,648,461,0,6
627,649,461,0,6
627,650,461,0,6
627,651,461,0,6
627,652,461,0,6
627,653,461,0,6
627,654,461,0,6
627,655,461,0,6
627,656,461,0,6
627,657,461,0,6
627,658,461,0,6
627,659,461,0,6
627,660,461,0,6
627,661,461,0,6
627,662,461,0,6
627,663,461,0,6
627,664,461,0,6
627,665,461,0,6
627,666,461,0,6
627,667,461,0,6
627,668,461,0,6
627,669,461,0,6
627,670,461,0,6
627,671,461,0,6
627,672,461,0,6
627,673,461,0,6
627,674,461,0,6
627,675,461,0,6
627,676,461,0,6
627,677,461,0,6
627,678,461,0,6
627,679,461,0,6
627,680,461,0,6
627,681,461,0,6
627,682,461,0,6
627,683,461,0,6
627,684,461,0,6
627,685,461,0,6
627,686,461,0,6
627,687,461,0,6
627,688,461,0,6
627,689,461,0,6
627,690,461,0,6
627,691,461,0,6
627,692,461,0,6
627,693,461,0,6
627,694,461,0,6
627,695,461,0,6
627,696,461,0,6
627,697,461,0,6
627,698,461,0,6
627,699,461,0,6
627,700,461,0,6
627,701,461,0,6
627,702,461,0,6
627,703,461,0,6
627,704,461,0,6
627,705,461,0,6
627,706,461,0,6
627,707,461,0,6
627,708,461,0,6
627,709,461,0,6
627,710,461,0,6
627,711,461,0,6
627,712,461,0,6
627,713,461,0,6
627,714,461,0,6
627,715,461,0,6
627,716,461,0,6
627,717,461,0,6
627,718,461,0,6
627,719,461,0,6
627,720,461,0,6
627,721,461,0,6
627,722,461,0,6
627,723,461,0,6
627,724,461,0,6
705,625,12,0,84
705,626,12,0,84
705,627,12,0,84
705,628,12,0,84
705,629,12,0,84
705,630,12,0,84
705,631,12,0,84
705,632,12,0,84
705,633,12,0,84
705,634,12,0,84
705,635,12,0,84
705,636,12,0,84
705,637,12,0,84
705,638,12,0,84
705,639,12,0,84
705,640,12,0,84
705,641,12,0,84
705,642,12,0,84
705,643,12,0,84
705,644,12,0,84
705,645,12,0,84
705,646,12,0,84
705,647,12,0,84
705,648,12,0,84
705,649,12,0,84
705,650,12,0,84
705,651,12,0,84
705,652,12,0,84
705,653,12,0,84
705,654,12,0,84
705,655,12,0,84
705,656,12,0,84
705,657,12,0,84
705,658,12,0,84
705,659,12,0,84
705,660,12,0,84
705,661,12,0,84
705,662,12,0,84
705,663,12,0,84
705,664,12,0,84
705,665,12,0,84
705,666,12,0,84
705,667,12,0,84
705,668,12,0,84
705,669,12,0,84
705,670,12,0,84
705,671,12,0,84
705,672,12,0,84
705,673,12,0,84
705,674,12,0,84
705,675,12,0,84
705,676,12,0,84
705,677,12,0,84
705,678,12,0,84
705,679,12,0,84
705,680,12,0,84
705,681,12,0,84
705,682,12,0,84
705,683,12,0,84
705,684,12,0,84
705,685,12,0,84
705,686,12,0,84
705,687,12,0,84
705,688,12,0,84
705,689,12,0,84
705,690,12,0,84
705,691,12,0,84
705,692,12,0,84
705,693,12,0,84
705,694,12,0,84
705,695,12,0,84
705,696,12,0,84
705,697,12,0,84
705,698,12,0,84
705,699,12,0,84
705,700,12,0,84
705,701,12,0,84
705,702,12,0,84
705,703,12,0,84
705,704,12,0,84
705,706,12,0,84
705,707,12,0,84
705,708,12,0,84
705,709,12,0,84
705,710,12,0,84
705,711,12,0,84
705,712,12,0,84
705,713,12,0,84
705,714,12,0,84
705,715,12,0,84
705,716,12,0,84
705,717,12,0,84
705,718,12,0,84
705,719,12,0,84
705,720,12,0,84
705,721,12,0,84
705,722,12,0,84
705,723,12,0,84
705,724,12,0,84
712,625,110,0,91
712,626,110,0,91
712,627,110,0,91
712,628,110,0,91
712,629,110,0,91
712,630,110,0,91
712,631,110,0,91
712,632,110,0,91
712,633,110,0,91
712,634,110,0,91
712,635,110,0,91
712,636,110,0,91
712,637,110,0,91
712,638,110,0,91
712,639,110,0,91
712,640,110,0,91
712,641,110,0,91
712,642,110,0,91
712,643,110,0,91
712,644,110,0,91
712,645,110,0,91
712,646,110,0,91
712,647,110,0,91
712,648,110,0,91
712,649,110,0,91
712,650,110,0,91
712,651,110,0,91
712,652,110,0,91
712,653,110,0,91
712,654,110,0,91
712,655,110,0,91
712,656,110,0,91
712,657,110,0,91
712,658,110,0,91
712,659,110,0,91
712,660,110,0,91
712,661,110,0,91
712,662,110,0,91
712,663,110,0,91
712,664,110,0,91
712,665,110,0,91
712,666,110,0,91
712,667,110,0,91
712,668,110,0,91
712,669,110,0,91
712,670,110,0,91
712,671,110,0,91
712,672,110,0,91
712,673,110,0,91
712,674,110,0,91
712,675,110,0,91
712,676,110,0,91
712,677,110,0,91
712,678,110,0,91
712,679,110,0,91
712,680,110,0,91
712,681,110,0,91
712,682,110,0,91
712,683,110,0,91
712,684,110,0,91
712,685,110,0,91
712,686,110,0,91
712,687,110,0,91
712,688,110,0,91
712,689,110,0,91
712,690,110,0,91
712,691,110,0,91
712,692,110,0,91
712,693,110,0,91
712,694,110,0,91
712,695,110,0,91
712,696,110,0,91
712,697,110,0,91
712,698,110,0,91
712,699,110,0,91
712,700,110,0,91
712,701,110,0,91
712,702,110,0,91
712,703,110,0,91
712,704,110,0,91
712,705,110,0,91
712,706,110,0,91
712,707,110,0,91
712,708,110,0,91
712,709,110,0,91
712,710,110,0,91
712,711,110,0,91
712,713,110,0,91
712,714,110,0,91
712,715,110,0,91
712,716,110,0,91
712,717,110,0,91
712,718,110,0,91
712,719,110,0,91
712,720,110,0,91
712,721,110,0,91
712,722,110,0,91
712,723,110,0,91
712,724,110,0,91
