0,650,24,2,1
1,650,0,0,0
2,711,27,2,0
3,650,4,1,0
4,650,5,1,0
5,633,605,3,3
5,637,6,1,0
5,650,6,1,0
6,637,7,1,0
6,650,7,1,0
6,657,657,36,0
6,687,7,1,0
6,703,31,2,0
7,637,8,1,0
7,650,8,1,0
7,657,6,0,1
7,687,8,1,0
8,637,33,2,0
8,650,608,3,3
8,657,7,0,1
8,687,608,3,3
9,637,34,2,0
9,650,609,3,3
9,657,8,0,1
9,687,609,3,3
9,701,8,0,1
10,637,35,2,0
10,650,610,3,3
10,657,9,0,1
10,687,610,3,3
11,637,36,2,0
11,650,611,3,3
11,657,10,0,1
11,687,611,3,3
12,637,37,2,0
12,650,612,3,3
13,650,613,3,3
14,650,614,3,3
15,711,16,1,0
16,650,616,3,3
17,650,617,3,3
18,633,19,1,0
18,637,43,2,0
18,650,618,3,3
18,687,618,3,3
19,637,44,2,0
19,650,619,3,3
19,657,20,1,0
19,687,619,3,3
19,703,20,1,0
20,637,45,2,0
20,650,620,3,3
20,657,21,1,0
20,687,620,3,3
21,637,46,2,0
21,650,621,3,3
21,657,22,1,0
21,687,621,3,3
22,637,21,0,1
22,650,21,0,1
22,657,23,1,0
22,687,21,0,1
23,637,22,0,1
23,650,22,0,1
23,657,24,1,0
23,687,22,0,1
23,703,48,2,0
24,633,624,3,3
24,637,23,0,1
24,650,23,0,1
24,687,23,0,1
25,650,49,3,2
26,650,25,1,1
27,711,52,3,0
28,650,29,2,1
29,650,30,2,1
30,633,5,0,2
30,637,31,2,1
30,650,31,2,1
31,633,6,0,2
31,637,32,2,1
31,650,32,2,1
31,657,6,0,2
31,687,32,2,1
31,703,56,3,0
32,633,7,0,2
32,637,33,2,1
32,650,33,2,1
32,657,7,0,2
32,687,33,2,1
33,633,8,0,2
33,637,58,3,0
33,650,8,0,2
33,687,8,0,2
33,701,58,3,0
34,637,59,3,0
34,650,9,0,2
34,657,33,1,2
34,687,9,0,2
34,701,33,1,2
35,637,60,3,0
35,650,10,0,2
35,657,34,1,2
35,687,10,0,2
36,637,61,3,0
36,650,11,0,2
36,657,35,1,2
36,687,11,0,2
37,637,62,3,0
37,650,12,0,2
38,650,13,0,2
39,650,14,0,2
40,711,41,2,1
41,650,16,0,2
42,650,17,0,2
43,633,44,2,1
43,637,68,3,0
43,650,18,0,2
43,687,18,0,2
44,637,69,3,0
44,650,19,0,2
44,657,45,2,1
44,687,19,0,2
44,703,45,2,1
45,637,70,3,0
45,650,20,0,2
45,657,46,2,1
45,687,20,0,2
46,633,21,0,2
46,637,71,3,0
46,650,21,0,2
46,687,21,0,2
46,701,71,3,0
47,633,22,0,2
47,637,46,1,2
47,650,46,1,2
47,657,22,0,2
47,687,46,1,2
48,633,23,0,2
48,637,47,1,2
48,650,47,1,2
48,657,23,0,2
48,687,47,1,2
48,703,73,3,0
49,633,24,0,2
49,637,48,1,2
49,650,48,1,2
49,687,48,1,2
50,650,74,3,2
50,711,75,2,0
51,650,50,1,1
51,711,76,3,0
52,711,77,3,0
53,650,54,2,1
53,711,78,3,0
54,650,55,2,1
54,711,79,3,0
55,633,80,3,0
55,637,56,2,1
55,650,56,2,1
55,711,80,3,0
56,637,57,2,1
56,650,57,2,1
56,657,31,0,3
56,687,57,2,1
56,703,81,3,0
56,711,81,3,0
57,637,58,2,1
57,650,58,2,1
57,657,32,0,3
57,687,58,2,1
57,711,82,3,0
58,637,83,3,0
58,650,33,0,3
58,701,83,3,0
58,711,83,3,0
59,637,84,3,0
59,650,34,0,3
59,657,58,1,2
59,687,84,3,0
59,701,58,1,2
60,637,85,3,0
60,650,35,0,3
60,657,59,1,2
60,687,85,3,0
61,637,86,3,0
61,650,36,0,3
61,657,60,1,2
61,687,86,3,0
62,637,87,3,0
62,650,37,0,3
63,650,38,0,3
64,650,39,0,3
65,711,66,2,1
66,650,41,0,3
67,650,42,0,3
68,633,69,2,1
68,637,93,3,0
68,650,43,0,3
68,687,93,3,0
69,637,94,3,0
69,650,44,0,3
69,657,70,2,1
69,687,94,3,0
69,703,70,2,1
70,637,95,3,0
70,650,45,0,3
70,657,71,2,1
70,687,95,3,0
71,637,96,3,0
71,650,46,0,3
71,701,96,3,0
71,711,96,3,0
72,637,71,1,2
72,650,71,1,2
72,657,47,0,3
72,687,71,1,2
72,711,97,3,0
73,637,72,1,2
73,650,72,1,2
73,657,48,0,3
73,687,72,1,2
73,703,98,3,0
73,711,98,3,0
74,633,99,3,0
74,637,73,1,2
74,650,73,1,2
74,687,73,1,2
74,711,99,3,0
75,650,99,3,2
75,711,76,1,1
76,650,75,1,1
76,711,77,2,1
77,711,711,90,0
78,650,79,2,1
78,711,77,1,2
79,650,80,2,1
79,711,78,1,2
80,633,105,3,0
80,637,81,2,1
80,650,81,2,1
80,711,79,1,2
81,637,82,2,1
81,650,82,2,1
81,657,56,0,3
81,687,82,2,1
81,703,106,3,0
81,711,80,1,2
82,637,83,2,1
82,650,83,2,1
82,657,57,0,3
82,687,83,2,1
82,711,81,1,2
83,637,108,3,0
83,701,701,80,0
83,711,82,1,2
84,637,109,3,0
84,650,59,0,3
84,657,83,1,2
84,687,109,3,0
84,701,83,1,2
85,637,110,3,0
85,650,60,0,3
85,657,84,1,2
85,687,110,3,0
86,637,111,3,0
86,650,61,0,3
86,657,85,1,2
86,687,111,3,0
87,637,112,3,0
87,650,62,0,3
88,650,63,0,3
89,650,64,0,3
90,711,91,2,1
91,650,66,0,3
92,650,67,0,3
93,633,94,2,1
93,637,118,3,0
93,650,68,0,3
93,687,118,3,0
94,637,119,3,0
94,650,69,0,3
94,657,95,2,1
94,687,119,3,0
94,703,95,2,1
95,637,120,3,0
95,650,70,0,3
95,657,96,2,1
95,687,120,3,0
96,637,121,3,0
96,701,97,2,1
96,711,97,2,1
97,637,96,1,2
97,650,96,1,2
97,657,72,0,3
97,687,96,1,2
97,711,98,2,1
98,637,97,1,2
98,650,97,1,2
98,657,73,0,3
98,687,97,1,2
98,703,123,3,0
98,711,99,2,1
99,633,124,3,0
99,637,98,1,2
99,650,98,1,2
99,687,98,1,2
99,711,75,2,3
100,650,124,3,2
101,650,100,1,1
102,711,77,0,3
103,650,104,2,1
104,650,105,2,1
105,633,130,3,0
105,637,106,2,1
105,650,106,2,1
106,637,107,2,1
106,650,107,2,1
106,657,81,0,3
106,687,107,2,1
106,703,131,3,0
107,637,108,2,1
107,650,108,2,1
107,657,82,0,3
107,687,108,2,1
108,650,133,3,0
109,637,134,3,0
109,650,134,3,0
109,657,108,1,2
109,687,134,3,0
109,701,108,1,2
110,637,135,3,0
110,650,135,3,0
110,657,109,1,2
110,687,135,3,0
111,637,136,3,0
111,650,136,3,0
111,657,110,1,2
111,687,136,3,0
112,637,137,3,0
112,650,137,3,0
113,650,138,3,0
114,650,139,3,0
115,711,116,2,1
116,650,141,3,0
117,650,142,3,0
118,633,119,2,1
118,637,143,3,0
118,650,143,3,0
118,687,143,3,0
119,637,144,3,0
119,650,144,3,0
119,657,120,2,1
119,687,144,3,0
119,703,120,2,1
120,637,145,3,0
120,650,145,3,0
120,657,121,2,1
120,687,145,3,0
121,650,146,3,0
122,637,121,1,2
122,650,121,1,2
122,657,97,0,3
122,687,121,1,2
123,637,122,1,2
123,650,122,1,2
123,657,98,0,3
123,687,122,1,2
123,703,148,3,0
124,633,149,3,0
124,637,123,1,2
124,650,123,1,2
124,687,123,1,2
125,650,149,3,2
126,650,125,1,1
127,711,102,0,3
128,650,129,2,1
129,650,130,2,1
130,633,155,3,0
130,637,131,2,1
130,650,131,2,1
131,637,132,2,1
131,650,132,2,1
131,657,106,0,3
131,687,132,2,1
131,703,156,3,0
132,637,133,2,1
132,650,133,2,1
132,657,107,0,3
132,687,133,2,1
132,703,157,3,0
133,650,158,3,0
133,703,158,3,0
134,637,159,3,0
134,650,159,3,0
134,657,133,1,2
134,687,159,3,0
134,701,133,1,2
135,637,160,3,0
135,650,160,3,0
135,657,134,1,2
135,687,160,3,0
136,637,161,3,0
136,650,161,3,0
136,657,135,1,2
136,687,161,3,0
137,637,162,3,0
137,650,162,3,0
138,650,163,3,0
139,650,164,3,0
140,711,141,2,1
141,650,166,3,0
142,650,167,3,0
143,633,144,2,1
143,637,168,3,0
143,650,168,3,0
143,687,168,3,0
144,637,169,3,0
144,650,169,3,0
144,657,145,2,1
144,687,169,3,0
144,703,145,2,1
145,637,170,3,0
145,650,170,3,0
145,657,146,2,1
145,687,170,3,0
146,650,171,3,0
146,703,171,3,0
147,637,146,1,2
147,650,146,1,2
147,657,122,0,3
147,687,146,1,2
147,703,172,3,0
148,637,147,1,2
148,650,147,1,2
148,657,123,0,3
148,687,147,1,2
148,703,173,3,0
149,633,174,3,0
149,637,148,1,2
149,650,148,1,2
149,687,148,1,2
150,650,174,3,2
151,650,150,1,1
152,711,127,0,3
153,650,154,2,1
154,650,155,2,1
155,633,180,3,0
155,637,156,2,1
155,650,156,2,1
156,637,157,2,1
156,650,157,2,1
156,657,131,0,3
156,687,157,2,1
156,703,703,82,0
157,637,158,2,1
157,650,158,2,1
157,657,132,0,3
157,687,158,2,1
157,703,156,1,2
158,650,183,3,0
158,657,133,0,3
158,687,183,3,0
158,703,157,1,2
159,637,184,3,0
159,650,184,3,0
159,657,158,1,2
159,687,184,3,0
159,701,158,1,2
160,637,185,3,0
160,650,185,3,0
160,657,159,1,2
160,687,185,3,0
161,637,186,3,0
161,650,186,3,0
161,657,160,1,2
161,687,186,3,0
162,637,187,3,0
162,650,187,3,0
163,650,188,3,0
164,650,189,3,0
165,711,166,2,1
166,650,191,3,0
167,650,192,3,0
168,633,169,2,1
168,637,193,3,0
168,650,193,3,0
168,687,193,3,0
169,637,194,3,0
169,650,194,3,0
169,657,170,2,1
169,687,194,3,0
169,703,170,2,1
170,637,195,3,0
170,650,195,3,0
170,657,171,2,1
170,687,195,3,0
171,650,196,3,0
171,657,146,0,3
171,687,196,3,0
171,703,172,2,1
172,637,171,1,2
172,650,171,1,2
172,657,147,0,3
172,687,171,1,2
172,703,173,2,1
173,637,172,1,2
173,650,172,1,2
173,657,148,0,3
173,687,172,1,2
174,633,199,3,0
174,637,173,1,2
174,650,173,1,2
174,687,173,1,2
175,650,199,3,2
176,650,175,1,1
177,711,152,0,3
178,650,179,2,1
179,650,180,2,1
180,633,205,3,0
180,637,181,2,1
180,650,181,2,1
181,637,182,2,1
181,650,182,2,1
181,657,156,0,3
181,687,182,2,1
181,703,156,0,3
182,637,183,2,1
182,650,183,2,1
182,657,157,0,3
182,687,183,2,1
183,637,184,2,1
183,650,208,3,0
183,657,158,0,3
183,687,208,3,0
184,637,185,2,1
184,650,209,3,0
184,657,183,1,2
184,687,209,3,0
184,701,183,1,2
185,637,186,2,1
185,650,210,3,0
185,657,184,1,2
185,687,210,3,0
186,637,187,2,1
186,650,211,3,0
186,657,185,1,2
186,687,211,3,0
187,637,637,16,0
187,650,212,3,0
188,650,213,3,0
189,650,214,3,0
190,711,191,2,1
191,650,216,3,0
192,650,217,3,0
193,633,194,2,1
193,637,192,1,2
193,650,218,3,0
193,687,218,3,0
194,637,193,1,2
194,650,219,3,0
194,657,195,2,1
194,687,219,3,0
194,703,195,2,1
195,637,194,1,2
195,650,220,3,0
195,657,196,2,1
195,687,220,3,0
196,637,195,1,2
196,650,221,3,0
196,657,171,0,3
196,687,221,3,0
197,637,196,1,2
197,650,196,1,2
197,657,172,0,3
197,687,196,1,2
198,637,197,1,2
198,650,197,1,2
198,657,173,0,3
198,687,197,1,2
198,703,173,0,3
199,633,224,3,0
199,637,198,1,2
199,650,198,1,2
199,687,198,1,2
200,650,224,3,2
201,650,200,1,1
202,711,177,0,3
203,650,204,2,1
204,650,205,2,1
205,633,230,3,0
205,637,206,2,1
205,650,206,2,1
206,637,207,2,1
206,650,207,2,1
206,657,181,0,3
206,687,207,2,1
206,703,181,0,3
207,637,208,2,1
207,638,232,3,0
207,650,208,2,1
207,657,182,0,3
207,687,208,2,1
208,637,183,0,3
208,638,233,3,0
208,650,233,3,0
208,657,183,0,3
208,687,233,3,0
209,637,184,0,3
209,650,234,3,0
209,657,208,1,2
209,687,234,3,0
209,701,208,1,2
210,637,185,0,3
210,650,235,3,0
210,657,209,1,2
210,687,235,3,0
211,637,186,0,3
211,650,236,3,0
211,657,210,1,2
211,687,236,3,0
212,637,187,0,3
212,650,237,3,0
213,650,238,3,0
214,650,239,3,0
215,711,216,2,1
216,650,241,3,0
217,650,242,3,0
218,633,219,2,1
218,637,193,0,3
218,650,243,3,0
218,687,243,3,0
219,637,194,0,3
219,650,244,3,0
219,657,220,2,1
219,687,244,3,0
219,703,220,2,1
220,637,195,0,3
220,650,245,3,0
220,657,221,2,1
220,687,245,3,0
221,637,196,0,3
221,638,246,3,0
221,650,246,3,0
221,657,196,0,3
221,687,246,3,0
222,637,221,1,2
222,638,247,3,0
222,650,221,1,2
222,657,197,0,3
222,687,221,1,2
223,637,222,1,2
223,650,222,1,2
223,657,198,0,3
223,687,222,1,2
223,703,198,0,3
224,633,249,3,0
224,637,223,1,2
224,650,223,1,2
224,687,223,1,2
225,650,249,3,2
226,650,225,1,1
227,711,202,0,3
228,650,229,2,1
229,650,230,2,1
230,633,255,3,0
230,637,231,2,1
230,650,231,2,1
231,637,232,2,1
231,650,232,2,1
231,657,206,0,3
231,687,232,2,1
231,703,206,0,3
232,637,233,2,1
232,650,233,2,1
232,657,207,0,3
232,687,233,2,1
233,637,208,0,3
233,650,258,3,0
233,657,208,0,3
233,687,258,3,0
234,637,209,0,3
234,650,259,3,0
234,657,233,1,2
234,687,259,3,0
234,701,233,1,2
235,637,210,0,3
235,650,260,3,0
235,657,234,1,2
235,687,260,3,0
236,637,211,0,3
236,650,261,3,0
236,657,235,1,2
236,687,261,3,0
237,637,212,0,3
237,650,262,3,0
238,650,263,3,0
239,650,264,3,0
240,711,241,2,1
241,650,266,3,0
242,650,267,3,0
243,633,244,2,1
243,637,218,0,3
243,650,268,3,0
243,687,268,3,0
244,637,219,0,3
244,650,269,3,0
244,657,245,2,1
244,687,269,3,0
244,703,245,2,1
245,637,220,0,3
245,650,270,3,0
245,657,246,2,1
245,687,270,3,0
246,637,221,0,3
246,650,271,3,0
246,657,221,0,3
246,687,271,3,0
247,637,246,1,2
247,650,246,1,2
247,657,222,0,3
247,687,246,1,2
248,637,247,1,2
248,650,247,1,2
248,657,223,0,3
248,687,247,1,2
248,703,223,0,3
249,633,274,3,0
249,637,248,1,2
249,650,248,1,2
249,687,248,1,2
250,650,274,3,2
251,650,250,1,1
252,711,227,0,3
253,650,254,2,1
254,650,255,2,1
255,633,280,3,0
255,637,256,2,1
255,650,256,2,1
256,637,257,2,1
256,650,257,2,1
256,657,231,0,3
256,687,257,2,1
256,703,231,0,3
257,637,258,2,1
257,650,258,2,1
257,657,232,0,3
257,687,258,2,1
258,637,233,0,3
258,650,283,3,0
258,657,233,0,3
258,687,283,3,0
259,637,234,0,3
259,650,284,3,0
259,657,258,1,2
259,687,284,3,0
259,701,258,1,2
260,637,235,0,3
260,650,285,3,0
260,657,259,1,2
260,687,285,3,0
261,637,236,0,3
261,650,286,3,0
261,657,260,1,2
261,687,286,3,0
262,637,237,0,3
262,650,287,3,0
263,650,288,3,0
264,650,289,3,0
265,711,266,2,1
266,650,291,3,0
267,650,292,3,0
268,633,269,2,1
268,637,243,0,3
268,650,293,3,0
268,687,293,3,0
269,637,244,0,3
269,650,294,3,0
269,657,270,2,1
269,687,294,3,0
269,703,270,2,1
270,637,245,0,3
270,650,295,3,0
270,657,271,2,1
270,687,295,3,0
271,637,246,0,3
271,650,296,3,0
271,657,246,0,3
271,687,296,3,0
272,637,271,1,2
272,650,271,1,2
272,657,247,0,3
272,687,271,1,2
273,637,272,1,2
273,650,272,1,2
273,657,248,0,3
273,687,272,1,2
273,703,248,0,3
274,633,299,3,0
274,637,273,1,2
274,650,273,1,2
274,687,273,1,2
275,650,299,3,2
276,650,275,1,1
277,711,252,0,3
278,650,279,2,1
279,650,280,2,1
280,633,305,3,0
280,637,281,2,1
280,650,281,2,1
280,718,718,97,0
281,637,282,2,1
281,650,282,2,1
281,657,256,0,3
281,687,282,2,1
281,703,256,0,3
281,718,280,1,2
282,637,283,2,1
282,650,283,2,1
282,657,257,0,3
282,687,283,2,1
282,718,281,1,2
283,637,258,0,3
283,650,308,3,0
283,657,258,0,3
283,687,308,3,0
283,718,282,1,2
284,637,259,0,3
284,650,309,3,0
284,657,283,1,2
284,687,309,3,0
284,701,283,1,2
285,637,260,0,3
285,650,310,3,0
285,657,284,1,2
285,687,310,3,0
286,637,261,0,3
286,650,311,3,0
286,657,285,1,2
286,687,311,3,0
287,637,262,0,3
287,650,312,3,0
288,650,313,3,0
289,650,314,3,0
290,711,291,2,1
291,650,316,3,0
292,650,317,3,0
293,633,294,2,1
293,637,268,0,3
293,650,318,3,0
293,687,318,3,0
294,637,269,0,3
294,650,319,3,0
294,657,295,2,1
294,687,319,3,0
294,703,295,2,1
295,637,270,0,3
295,650,320,3,0
295,657,296,2,1
295,687,320,3,0
296,637,271,0,3
296,650,321,3,0
296,657,271,0,3
296,687,321,3,0
296,718,297,2,1
297,637,296,1,2
297,650,296,1,2
297,657,272,0,3
297,687,296,1,2
297,718,298,2,1
298,637,297,1,2
298,650,297,1,2
298,657,273,0,3
298,687,297,1,2
298,703,273,0,3
298,718,299,2,1
299,633,324,3,0
299,637,298,1,2
299,650,298,1,2
299,687,298,1,2
299,718,275,2,3
300,650,324,3,2
301,650,300,1,1
302,711,277,0,3
303,650,304,2,1
304,650,305,2,1
305,633,330,3,0
305,637,306,2,1
305,650,306,2,1
305,718,280,0,3
306,637,307,2,1
306,650,307,2,1
306,657,281,0,3
306,687,307,2,1
306,703,281,0,3
306,718,281,0,3
307,637,308,2,1
307,650,308,2,1
307,657,282,0,3
307,687,308,2,1
307,718,282,0,3
308,637,283,0,3
308,650,333,3,0
308,657,283,0,3
308,687,333,3,0
308,718,283,0,3
309,637,284,0,3
309,650,334,3,0
309,657,308,1,2
309,687,334,3,0
309,701,308,1,2
310,637,285,0,3
310,650,335,3,0
310,657,309,1,2
310,687,335,3,0
311,637,286,0,3
311,650,336,3,0
311,657,310,1,2
311,687,336,3,0
312,637,287,0,3
312,650,337,3,0
313,650,338,3,0
314,650,339,3,0
315,711,316,2,1
316,650,341,3,0
317,650,342,3,0
318,633,319,2,1
318,637,293,0,3
318,650,343,3,0
318,687,343,3,0
319,637,294,0,3
319,650,344,3,0
319,657,320,2,1
319,687,344,3,0
319,703,320,2,1
320,637,295,0,3
320,650,345,3,0
320,657,321,2,1
320,687,345,3,0
321,637,296,0,3
321,650,346,3,0
321,657,296,0,3
321,687,346,3,0
321,718,296,0,3
322,637,321,1,2
322,650,321,1,2
322,657,297,0,3
322,687,321,1,2
322,718,297,0,3
323,637,322,1,2
323,650,322,1,2
323,657,298,0,3
323,687,322,1,2
323,703,298,0,3
323,718,298,0,3
324,633,349,3,0
324,637,323,1,2
324,650,323,1,2
324,687,323,1,2
324,718,299,0,3
325,650,349,3,2
326,650,325,1,1
327,711,302,0,3
328,650,329,2,1
329,650,330,2,1
330,633,355,3,0
330,637,331,2,1
330,650,331,2,1
331,633,356,3,0
331,637,332,2,1
331,650,332,2,1
331,657,356,3,0
331,687,332,2,1
331,703,306,0,3
332,633,357,3,0
332,637,333,2,1
332,650,333,2,1
332,657,357,3,0
332,687,333,2,1
333,633,358,3,0
333,637,308,0,3
333,650,358,3,0
333,687,358,3,0
334,637,309,0,3
334,650,359,3,0
334,657,333,1,2
334,687,359,3,0
334,701,333,1,2
335,637,310,0,3
335,650,360,3,0
335,657,334,1,2
335,687,360,3,0
336,637,311,0,3
336,650,361,3,0
336,657,335,1,2
336,687,361,3,0
337,637,312,0,3
337,650,362,3,0
338,650,363,3,0
339,650,364,3,0
340,711,341,2,1
341,650,366,3,0
342,650,367,3,0
343,633,344,2,1
343,637,318,0,3
343,650,368,3,0
343,687,368,3,0
344,637,319,0,3
344,650,369,3,0
344,657,345,2,1
344,687,369,3,0
344,703,345,2,1
345,637,320,0,3
345,650,370,3,0
345,657,346,2,1
345,687,370,3,0
346,633,371,3,0
346,637,321,0,3
346,650,371,3,0
346,687,371,3,0
347,633,372,3,0
347,637,346,1,2
347,650,346,1,2
347,657,372,3,0
347,687,346,1,2
348,633,373,3,0
348,637,347,1,2
348,650,347,1,2
348,657,373,3,0
348,687,347,1,2
348,703,323,0,3
349,633,374,3,0
349,637,348,1,2
349,650,348,1,2
349,687,348,1,2
350,650,374,3,2
351,650,350,1,1
352,711,327,0,3
353,650,354,2,1
354,650,355,2,1
355,633,633,12,0
355,637,356,2,1
355,650,356,2,1
356,633,355,1,2
356,637,357,2,1
356,650,357,2,1
356,657,381,3,0
356,687,357,2,1
356,703,331,0,3
357,633,356,1,2
357,637,358,2,1
357,650,358,2,1
357,657,382,3,0
357,687,358,2,1
358,633,357,1,2
358,637,333,0,3
358,650,383,3,0
358,687,359,2,1
358,701,333,0,3
359,637,334,0,3
359,650,384,3,0
359,657,358,1,2
359,687,360,2,1
359,701,358,1,2
360,637,335,0,3
360,650,385,3,0
360,657,359,1,2
360,687,361,2,1
361,637,336,0,3
361,650,386,3,0
361,657,360,1,2
361,687,362,2,1
362,637,337,0,3
362,650,387,3,0
363,650,388,3,0
364,650,389,3,0
365,711,366,2,1
366,650,391,3,0
367,650,392,3,0
368,633,369,2,1
368,637,343,0,3
368,650,393,3,0
368,687,687,66,0
369,637,344,0,3
369,650,394,3,0
369,657,370,2,1
369,687,368,1,2
369,703,370,2,1
370,637,345,0,3
370,650,395,3,0
370,657,371,2,1
370,687,369,1,2
371,633,372,2,1
371,637,346,0,3
371,650,396,3,0
371,687,370,1,2
371,701,346,0,3
372,633,373,2,1
372,637,371,1,2
372,650,371,1,2
372,657,397,3,0
372,687,371,1,2
373,633,374,2,1
373,637,372,1,2
373,650,372,1,2
373,657,398,3,0
373,687,372,1,2
373,703,348,0,3
374,637,373,1,2
374,650,373,1,2
374,687,373,1,2
375,650,399,3,2
375,711,350,0,2
376,650,375,1,1
376,711,351,0,3
377,711,352,0,3
378,650,379,2,1
378,711,353,0,3
379,650,380,2,1
379,711,354,0,3
380,633,355,0,3
380,637,381,2,1
380,650,381,2,1
380,711,355,0,3
381,637,382,2,1
381,650,382,2,1
381,657,406,3,0
381,687,382,2,1
381,703,356,0,3
381,711,356,0,3
382,637,383,2,1
382,650,383,2,1
382,657,407,3,0
382,687,383,2,1
382,711,357,0,3
383,637,358,0,3
383,701,358,0,3
383,711,358,0,3
384,637,359,0,3
384,650,409,3,0
384,657,383,1,2
384,687,359,0,3
384,701,383,1,2
385,637,360,0,3
385,650,410,3,0
385,657,384,1,2
385,687,360,0,3
386,637,361,0,3
386,650,411,3,0
386,657,385,1,2
386,687,361,0,3
387,637,362,0,3
387,650,412,3,0
388,650,413,3,0
389,650,414,3,0
390,711,391,2,1
391,650,416,3,0
392,650,417,3,0
393,633,394,2,1
393,637,368,0,3
393,650,418,3,0
393,687,368,0,3
394,637,369,0,3
394,650,419,3,0
394,657,395,2,1
394,687,369,0,3
394,703,395,2,1
395,637,370,0,3
395,650,420,3,0
395,657,396,2,1
395,687,370,0,3
396,637,371,0,3
396,701,371,0,3
396,711,371,0,3
397,637,396,1,2
397,650,396,1,2
397,657,422,3,0
397,687,396,1,2
397,711,372,0,3
398,637,397,1,2
398,650,397,1,2
398,657,423,3,0
398,687,397,1,2
398,703,373,0,3
398,711,373,0,3
399,633,374,0,3
399,637,398,1,2
399,650,398,1,2
399,687,398,1,2
399,711,374,0,3
400,650,424,3,2
401,650,400,1,1
402,711,427,3,0
403,650,404,2,1
404,650,405,2,1
405,633,380,0,3
405,637,406,2,1
405,650,406,2,1
406,637,407,2,1
406,650,407,2,1
406,657,431,3,0
406,687,407,2,1
406,703,381,0,3
407,637,408,2,1
407,650,408,2,1
407,657,432,3,0
407,687,408,2,1
408,637,383,0,3
408,650,409,2,1
409,637,384,0,3
409,650,410,2,1
409,657,408,1,2
409,687,384,0,3
409,701,408,1,2
410,637,385,0,3
410,650,411,2,1
410,657,409,1,2
410,687,385,0,3
411,637,386,0,3
411,650,412,2,1
411,657,410,1,2
411,687,386,0,3
412,637,387,0,3
412,650,413,2,1
413,650,414,2,1
414,650,650,29,0
415,711,416,2,1
416,650,415,1,2
417,650,416,1,2
418,633,419,2,1
418,637,393,0,3
418,650,417,1,2
418,687,393,0,3
419,637,394,0,3
419,650,418,1,2
419,657,420,2,1
419,687,394,0,3
419,703,420,2,1
420,637,395,0,3
420,650,419,1,2
420,657,421,2,1
420,687,395,0,3
421,637,396,0,3
421,650,420,1,2
422,637,421,1,2
422,650,421,1,2
422,657,447,3,0
422,687,421,1,2
423,637,422,1,2
423,650,422,1,2
423,657,448,3,0
423,687,422,1,2
423,703,398,0,3
424,633,399,0,3
424,637,423,1,2
424,650,423,1,2
424,687,423,1,2
425,650,449,3,2
426,650,425,1,1
427,711,452,3,0
428,650,429,2,1
429,650,430,2,1
430,633,405,0,3
430,637,431,2,1
430,650,431,2,1
431,637,432,2,1
431,650,432,2,1
431,657,456,3,0
431,687,432,2,1
431,703,406,0,3
432,637,433,2,1
432,650,433,2,1
432,657,457,3,0
432,687,433,2,1
433,650,408,0,3
434,637,409,0,3
434,650,409,0,3
434,657,433,1,2
434,687,409,0,3
434,701,433,1,2
435,637,410,0,3
435,650,410,0,3
435,657,434,1,2
435,687,410,0,3
436,637,411,0,3
436,650,411,0,3
436,657,435,1,2
436,687,411,0,3
437,637,412,0,3
437,650,412,0,3
438,650,413,0,3
439,650,414,0,3
440,711,441,2,1
441,650,416,0,3
442,650,417,0,3
443,633,444,2,1
443,637,418,0,3
443,650,418,0,3
443,687,418,0,3
444,637,419,0,3
444,650,419,0,3
444,657,445,2,1
444,687,419,0,3
444,703,445,2,1
445,637,420,0,3
445,650,420,0,3
445,657,446,2,1
445,687,420,0,3
446,650,421,0,3
447,637,446,1,2
447,650,446,1,2
447,657,472,3,0
447,687,446,1,2
448,637,447,1,2
448,650,447,1,2
448,657,473,3,0
448,687,447,1,2
448,703,423,0,3
449,633,424,0,3
449,637,448,1,2
449,650,448,1,2
449,687,448,1,2
450,650,474,3,2
451,650,450,1,1
452,711,477,3,0
453,650,454,2,1
454,650,455,2,1
455,633,430,0,3
455,637,456,2,1
455,650,456,2,1
456,637,457,2,1
456,650,457,2,1
456,657,481,3,0
456,687,457,2,1
456,703,431,0,3
457,637,458,2,1
457,650,458,2,1
457,657,482,3,0
457,687,458,2,1
457,703,432,0,3
458,650,433,0,3
458,657,483,3,0
458,703,433,0,3
459,637,434,0,3
459,650,434,0,3
459,657,458,1,2
459,687,434,0,3
459,701,458,1,2
460,637,435,0,3
460,650,435,0,3
460,657,459,1,2
460,687,435,0,3
461,637,436,0,3
461,650,436,0,3
461,657,460,1,2
461,687,436,0,3
462,637,437,0,3
462,650,437,0,3
463,650,438,0,3
464,650,439,0,3
465,711,466,2,1
466,650,441,0,3
467,650,442,0,3
468,633,469,2,1
468,637,443,0,3
468,650,443,0,3
468,687,443,0,3
469,637,444,0,3
469,650,444,0,3
469,657,470,2,1
469,687,444,0,3
469,703,470,2,1
470,637,445,0,3
470,650,445,0,3
470,657,471,2,1
470,687,445,0,3
471,650,446,0,3
471,657,496,3,0
471,703,446,0,3
472,637,471,1,2
472,650,471,1,2
472,657,497,3,0
472,687,471,1,2
472,703,447,0,3
473,637,472,1,2
473,650,472,1,2
473,657,498,3,0
473,687,472,1,2
473,703,448,0,3
474,633,449,0,3
474,637,473,1,2
474,650,473,1,2
474,687,473,1,2
475,650,499,3,2
476,650,475,1,1
477,711,502,3,0
478,650,479,2,1
479,650,480,2,1
480,633,455,0,3
480,637,481,2,1
480,650,481,2,1
481,637,482,2,1
481,650,482,2,1
481,657,506,3,0
481,687,482,2,1
481,703,506,3,0
482,637,483,2,1
482,650,483,2,1
482,657,507,3,0
482,687,483,2,1
483,650,458,0,3
483,657,508,3,0
483,687,458,0,3
484,637,459,0,3
484,650,459,0,3
484,657,483,1,2
484,687,459,0,3
484,701,483,1,2
485,637,460,0,3
485,650,460,0,3
485,657,484,1,2
485,687,460,0,3
486,637,461,0,3
486,650,461,0,3
486,657,485,1,2
486,687,461,0,3
487,637,462,0,3
487,650,462,0,3
488,650,463,0,3
489,650,464,0,3
490,711,491,2,1
491,650,466,0,3
492,650,467,0,3
493,633,494,2,1
493,637,468,0,3
493,650,468,0,3
493,687,468,0,3
494,637,469,0,3
494,650,469,0,3
494,657,495,2,1
494,687,469,0,3
494,703,495,2,1
495,637,470,0,3
495,650,470,0,3
495,657,496,2,1
495,687,470,0,3
496,650,471,0,3
496,657,521,3,0
496,687,471,0,3
497,637,496,1,2
497,650,496,1,2
497,657,522,3,0
497,687,496,1,2
498,637,497,1,2
498,650,497,1,2
498,657,523,3,0
498,687,497,1,2
498,703,523,3,0
499,633,474,0,3
499,637,498,1,2
499,650,498,1,2
499,687,498,1,2
500,650,524,3,2
501,650,500,1,1
502,711,527,3,0
503,650,504,2,1
504,650,505,2,1
505,633,480,0,3
505,637,506,2,1
505,650,506,2,1
506,637,507,2,1
506,650,507,2,1
506,657,531,3,0
506,687,507,2,1
506,703,531,3,0
507,637,508,2,1
507,638,638,17,0
507,650,508,2,1
507,657,532,3,0
507,687,508,2,1
508,637,533,3,0
508,638,507,1,2
508,650,483,0,3
508,657,533,3,0
508,687,483,0,3
509,637,534,3,0
509,650,484,0,3
509,657,508,1,2
509,687,484,0,3
509,701,508,1,2
510,637,535,3,0
510,650,485,0,3
510,657,509,1,2
510,687,485,0,3
511,637,536,3,0
511,650,486,0,3
511,657,510,1,2
511,687,486,0,3
512,637,537,3,0
512,650,487,0,3
513,650,488,0,3
514,650,489,0,3
515,711,516,2,1
516,650,491,0,3
517,650,492,0,3
518,633,519,2,1
518,637,543,3,0
518,650,493,0,3
518,687,493,0,3
519,637,544,3,0
519,650,494,0,3
519,657,520,2,1
519,687,494,0,3
519,703,520,2,1
520,637,545,3,0
520,650,495,0,3
520,657,521,2,1
520,687,495,0,3
521,637,546,3,0
521,638,522,2,1
521,650,496,0,3
521,657,546,3,0
521,687,496,0,3
522,637,521,1,2
522,638,523,2,1
522,650,521,1,2
522,657,547,3,0
522,687,521,1,2
523,637,522,1,2
523,650,522,1,2
523,657,548,3,0
523,687,522,1,2
523,703,548,3,0
524,633,499,0,3
524,637,523,1,2
524,650,523,1,2
524,687,523,1,2
525,650,549,3,2
526,650,525,1,1
527,711,552,3,0
528,650,529,2,1
529,650,530,2,1
530,633,505,0,3
530,637,531,2,1
530,650,531,2,1
531,637,532,2,1
531,650,532,2,1
531,657,556,3,0
531,687,532,2,1
531,703,556,3,0
532,637,533,2,1
532,638,507,0,3
532,650,533,2,1
532,657,557,3,0
532,687,533,2,1
533,637,558,3,0
533,638,508,0,3
533,650,508,0,3
533,657,558,3,0
533,687,508,0,3
534,637,559,3,0
534,650,509,0,3
534,657,533,1,2
534,687,509,0,3
534,701,533,1,2
535,637,560,3,0
535,650,510,0,3
535,657,534,1,2
535,687,510,0,3
536,637,561,3,0
536,650,511,0,3
536,657,535,1,2
536,687,511,0,3
537,637,562,3,0
537,650,512,0,3
538,650,513,0,3
539,650,514,0,3
540,711,541,2,1
541,650,516,0,3
542,650,517,0,3
543,633,544,2,1
543,637,568,3,0
543,650,518,0,3
543,687,518,0,3
544,637,569,3,0
544,650,519,0,3
544,657,545,2,1
544,687,519,0,3
544,703,545,2,1
545,637,570,3,0
545,650,520,0,3
545,657,546,2,1
545,687,520,0,3
546,637,571,3,0
546,638,521,0,3
546,650,521,0,3
546,657,571,3,0
546,687,521,0,3
547,637,546,1,2
547,638,522,0,3
547,650,546,1,2
547,657,572,3,0
547,687,546,1,2
548,637,547,1,2
548,650,547,1,2
548,657,573,3,0
548,687,547,1,2
548,703,573,3,0
549,633,524,0,3
549,637,548,1,2
549,650,548,1,2
549,687,548,1,2
550,650,574,3,2
551,650,550,1,1
552,711,577,3,0
553,650,554,2,1
554,650,555,2,1
555,633,530,0,3
555,637,556,2,1
555,650,556,2,1
556,637,557,2,1
556,650,557,2,1
556,657,581,3,0
556,687,557,2,1
556,703,581,3,0
557,637,558,2,1
557,650,558,2,1
557,657,582,3,0
557,687,558,2,1
558,637,583,3,0
558,650,533,0,3
558,657,583,3,0
558,687,533,0,3
559,637,584,3,0
559,650,534,0,3
559,657,558,1,2
559,687,534,0,3
559,701,558,1,2
560,637,585,3,0
560,650,535,0,3
560,657,559,1,2
560,687,535,0,3
561,637,586,3,0
561,650,536,0,3
561,657,560,1,2
561,687,536,0,3
562,637,587,3,0
562,650,537,0,3
563,650,538,0,3
564,650,539,0,3
565,711,566,2,1
566,650,541,0,3
567,650,542,0,3
568,633,569,2,1
568,637,593,3,0
568,650,543,0,3
568,687,543,0,3
569,637,594,3,0
569,650,544,0,3
569,657,570,2,1
569,687,544,0,3
569,703,570,2,1
570,637,595,3,0
570,650,545,0,3
570,657,571,2,1
570,687,545,0,3
571,637,596,3,0
571,650,546,0,3
571,657,596,3,0
571,687,546,0,3
572,637,571,1,2
572,650,571,1,2
572,657,597,3,0
572,687,571,1,2
573,637,572,1,2
573,650,572,1,2
573,657,598,3,0
573,687,572,1,2
573,703,598,3,0
574,633,549,0,3
574,637,573,1,2
574,650,573,1,2
574,687,573,1,2
575,650,599,3,2
576,650,575,1,1
577,711,602,3,0
578,650,579,2,1
579,650,580,2,1
580,633,555,0,3
580,637,581,2,1
580,650,581,2,1
581,637,582,2,1
581,650,582,2,1
581,657,606,3,0
581,687,582,2,1
581,703,606,3,0
582,637,583,2,1
582,650,583,2,1
582,657,607,3,0
582,687,583,2,1
583,637,608,3,0
583,650,558,0,3
583,657,608,3,0
583,687,558,0,3
584,637,609,3,0
584,650,559,0,3
584,657,583,1,2
584,687,559,0,3
584,701,583,1,2
585,637,610,3,0
585,650,560,0,3
585,657,584,1,2
585,687,560,0,3
586,637,611,3,0
586,650,561,0,3
586,657,585,1,2
586,687,561,0,3
587,637,612,3,0
587,650,562,0,3
588,650,563,0,3
589,650,564,0,3
590,711,591,2,1
591,650,566,0,3
592,650,567,0,3
593,633,594,2,1
593,637,618,3,0
593,650,568,0,3
593,687,568,0,3
594,637,619,3,0
594,650,569,0,3
594,657,595,2,1
594,687,569,0,3
594,703,595,2,1
595,637,620,3,0
595,650,570,0,3
595,657,596,2,1
595,687,570,0,3
596,637,621,3,0
596,650,571,0,3
596,657,621,3,0
596,687,571,0,3
597,637,596,1,2
597,650,596,1,2
597,657,622,3,0
597,687,596,1,2
598,637,597,1,2
598,650,597,1,2
598,657,623,3,0
598,687,597,1,2
598,703,623,3,0
599,633,574,0,3
599,637,598,1,2
599,650,598,1,2
599,687,598,1,2
600,650,624,3,2
601,650,600,1,1
602,711,2,3,3
603,650,604,2,1
604,650,605,2,1
605,633,580,0,3
605,637,606,2,1
605,650,606,2,1
605,718,5,3,3
606,637,607,2,1
606,650,607,2,1
606,657,6,3,3
606,687,607,2,1
606,703,6,3,3
606,718,6,3,3
607,637,608,2,1
607,650,608,2,1
607,657,7,3,3
607,687,608,2,1
607,718,7,3,3
608,637,8,3,3
608,650,583,0,3
608,657,8,3,3
608,687,583,0,3
608,718,8,3,3
609,637,9,3,3
609,650,584,0,3
609,657,608,1,2
609,687,584,0,3
609,701,608,1,2
610,637,10,3,3
610,650,585,0,3
610,657,609,1,2
610,687,585,0,3
611,637,11,3,3
611,650,586,0,3
611,657,610,1,2
611,687,586,0,3
612,637,12,3,3
612,650,587,0,3
613,650,588,0,3
614,650,589,0,3
615,711,616,2,1
616,650,591,0,3
617,650,592,0,3
618,633,619,2,1
618,637,18,3,3
618,650,593,0,3
618,687,593,0,3
619,637,19,3,3
619,650,594,0,3
619,657,620,2,1
619,687,594,0,3
619,703,620,2,1
620,637,20,3,3
620,650,595,0,3
620,657,621,2,1
620,687,595,0,3
621,637,21,3,3
621,650,596,0,3
621,657,21,3,3
621,687,596,0,3
621,718,21,3,3
622,637,621,1,2
622,650,621,1,2
622,657,22,3,3
622,687,621,1,2
622,718,22,3,3
623,637,622,1,2
623,650,622,1,2
623,657,23,3,3
623,687,622,1,2
623,703,23,3,3
623,718,23,3,3
624,633,599,0,3
624,637,623,1,2
624,650,623,1,2
624,687,623,1,2
624,718,24,3,3
633,625,355,0,12
633,626,355,0,12
633,627,355,0,12
633,628,355,0,12
633,629,355,0,12
633,630,355,0,12
633,631,355,0,12
633,632,355,0,12
633,634,355,0,12
633,635,355,0,12
633,636,355,0,12
633,637,355,0,12
633,638,355,0,12
633,639,355,0,12
633,640,355,0,12
633,641,355,0,12
633,642,355,0,12
633,643,355,0,12
633,644,355,0,12
633,645,355,0,12
633,646,355,0,12
633,647,355,0,12
633,648,355,0,12
633,649,355,0,12
633,650,355,0,12
633,651,355,0,12
633,652,355,0,12
633,653,355,0,12
633,654,355,0,12
633,655,355,0,12
633,656,355,0,12
633,657,355,0,12
633,658,355,0,12
633,659,355,0,12
633,660,355,0,12
633,661,355,0,12
633,662,355,0,12
633,663,355,0,12
633,664,355,0,12
633,665,355,0,12
633,666,355,0,12
633,667,355,0,12
633,668,355,0,12
633,669,355,0,12
633,670,355,0,12
633,671,355,0,12
633,672,355,0,12
633,673,355,0,12
633,674,355,0,12
633,675,355,0,12
633,676,355,0,12
633,677,355,0,12
633,678,355,0,12
633,679,355,0,12
633,680,355,0,12
633,681,355,0,12
633,682,355,0,12
633,683,355,0,12
633,684,355,0,12
633,685,355,0,12
633,686,355,0,12
633,687,355,0,12
633,688,355,0,12
633,689,355,0,12
633,690,355,0,12
633,691,355,0,12
633,692,355,0,12
633,693,355,0,12
633,694,355,0,12
633,695,355,0,12
633,696,355,0,12
633,697,355,0,12
633,698,355,0,12
633,699,355,0,12
633,700,355,0,12
633,701,355,0,12
633,702,355,0,12
633,703,355,0,12
633,704,355,0,12
633,705,355,0,12
633,706,355,0,12
633,707,355,0,12
633,708,355,0,12
633,709,355,0,12
633,710,355,0,12
633,711,355,0,12
633,712,355,0,12
633,713,355,0,12
633,714,355,0,12
633,715,355,0,12
633,716,355,0,12
633,717,355,0,12
633,718,355,0,12
633,719,355,0,12
633,720,355,0,12
633,721,355,0,12
633,722,355,0,12
633,723,355,0,12
633,724,355,0,12
637,625,187,0,16
637,626,187,0,16
637,627,187,0,16
637,628,187,0,16
637,629,187,0,16
637,630,187,0,16
637,631,187,0,16
637,632,187,0,16
637,633,187,0,16
637,634,187,0,16
637,635,187,0,16
637,636,187,0,16
637,638,187,0,16
637,639,187,0,16
637,640,187,0,16
637,641,187,0,16
637,642,187,0,16
637,643,187,0,16
637,644,187,0,16
637,645,187,0,16
637,646,187,0,16
637,647,187,0,16
637,648,187,0,16
637,649,187,0,16
637,650,187,0,16
637,651,187,0,16
637,652,187,0,16
637,653,187,0,16
637,654,187,0,16
637,655,187,0,16
637,656,187,0,16
637,657,187,0,16
637,658,187,0,16
637,659,187,0,16
637,660,187,0,16
637,661,187,0,16
637,662,187,0,16
637,663,187,0,16
637,664,187,0,16
637,665,187,0,16
637,666,187,0,16
637,667,187,0,16
637,668,187,0,16
637,669,187,0,16
637,670,187,0,16
637,671,187,0,16
637,672,187,0,16
637,673,187,0,16
637,674,187,0,16
637,675,187,0,16
637,676,187,0,16
637,677,187,0,16
637,678,187,0,16
637,679,187,0,16
637,680,187,0,16
637,681,187,0,16
637,682,187,0,16
637,683,187,0,16
637,684,187,0,16
637,685,187,0,16
637,686,187,0,16
637,687,187,0,16
637,688,187,0,16
637,689,187,0,16
637,690,187,0,16
637,691,187,0,16
637,692,187,0,16
637,693,187,0,16
637,694,187,0,16
637,695,187,0,16
637,696,187,0,16
637,697,187,0,16
637,698,187,0,16
637,699,187,0,16
637,700,187,0,16
637,701,187,0,16
637,702,187,0,16
637,703,187,0,16
637,704,187,0,16
637,705,187,0,16
637,706,187,0,16
637,707,187,0,16
637,708,187,0,16
637,709,187,0,16
637,710,187,0,16
637,711,187,0,16
637,712,187,0,16
637,713,187,0,16
637,714,187,0,16
637,715,187,0,16
637,716,187,0,16
637,717,187,0,16
637,718,187,0,16
637,719,187,0,16
637,720,187,0,16
637,721,187,0,16
637,722,187,0,16
637,723,187,0,16
637,724,187,0,16
638,625,507,0,17
638,626,507,0,17
638,627,507,0,17
638,628,507,0,17
638,629,507,0,17
638,630,507,0,17
638,631,507,0,17
638,632,507,0,17
638,633,507,0,17
638,634,507,0,17
638,635,507,0,17
638,636,507,0,17
638,637,507,0,17
638,639,507,0,17
638,640,507,0,17
638,641,507,0,17
638,642,507,0,17
638,643,507,0,17
638,644,507,0,17
638,645,507,0,17
638,646,507,0,17
638,647,507,0,17
638,648,507,0,17
638,649,507,0,17
638,650,507,0,17
638,651,507,0,17
638,652,507,0,17
638,653,507,0,17
638,654,507,0,17
638,655,507,0,17
638,656,507,0,17
638,657,507,0,17
638,658,507,0,17
638,659,507,0,17
638,660,507,0,17
638,661,507,0,17
638,662,507,0,17
638,663,507,0,17
638,664,507,0,17
638,665,507,0,17
638,666,507,0,17
638,667,507,0,17
638,668,507,0,17
638,669,507,0,17
638,670,507,0,17
638,671,507,0,17
638,672,507,0,17
638,673,507,0,17
638,674,507,0,17
638,675,507,0,17
638,676,507,0,17
638,677,507,0,17
638,678,507,0,17
638,679,507,0,17
638,680,507,0,17
638,681,507,0,17
638,682,507,0,17
638,683,507,0,17
638,684,507,0,17
638,685,507,0,17
638,686,507,0,17
638,687,507,0,17
638,688,507,0,17
638,689,507,0,17
638,690,507,0,17
638,691,507,0,17
638,692,507,0,17
638,693,507,0,17
638,694,507,0,17
638,695,507,0,17
638,696,507,0,17
638,697,507,0,17
638,698,507,0,17
638,699,507,0,17
638,700,507,0,17
638,701,507,0,17
638,702,507,0,17
638,703,507,0,17
638,704,507,0,17
638,705,507,0,17
638,706,507,0,17
638,707,507,0,17
638,708,507,0,17
638,709,507,0,17
638,710,507,0,17
638,711,507,0,17
638,712,507,0,17
638,713,507,0,17
638,714,507,0,17
638,715,507,0,17
638,716,507,0,17
638,717,507,0,17
638,718,507,0,17
638,719,507,0,17
638,720,507,0,17
638,721,507,0,17
638,722,507,0,17
638,723,507,0,17
638,724,507,0,17
650,625,414,0,29
650,626,414,0,29
650,627,414,0,29
650,628,414,0,29
650,629,414,0,29
650,630,414,0,29
650,631,414,0,29
650,632,414,0,29
650,633,414,0,29
650,634,414,0,29
650,635,414,0,29
650,636,414,0,29
650,637,414,0,29
650,638,414,0,29
650,639,414,0,29
650,640,414,0,29
650,641,414,0,29
650,642,414,0,29
650,643,414,0,29
650,644,414,0,29
650,645,414,0,29
650,646,414,0,29
650,647,414,0,29
650,648,414,0,29
650,649,414,0,29
650,651,414,0,29
650,652,414,0,29
650,653,414,0,29
650,654,414,0,29
650,655,414,0,29
650,656,414,0,29
650,657,414,0,29
650,658,414,0,29
650,659,414,0,29
650,660,414,0,29
650,661,414,0,29
650,662,414,0,29
650,663,414,0,29
650,664,414,0,29
650,665,414,0,29
650,666,414,0,29
650,667,414,0,29
650,668,414,0,29
650,669,414,0,29
650,670,414,0,29
650,671,414,0,29
650,672,414,0,29
650,673,414,0,29
650,674,414,0,29
650,675,414,0,29
650,676,414,0,29
650,677,414,0,29
650,678,414,0,29
650,679,414,0,29
650,680,414,0,29
650,681,414,0,29
650,682,414,0,29
650,683,414,0,29
650,684,414,0,29
650,685,414,0,29
650,686,414,0,29
650,687,414,0,29
650,688,414,0,29
650,689,414,0,29
650,690,414,0,29
650,691,414,0,29
650,692,414,0,29
650,693,414,0,29
650,694,414,0,29
650,695,414,0,29
650,696,414,0,29
650,697,414,0,29
650,698,414,0,29
650,699,414,0,29
650,700,414,0,29
650,701,414,0,29
650,702,414,0,29
650,703,414,0,29
650,704,414,0,29
650,705,414,0,29
650,706,414,0,29
650,707,414,0,29
650,708,414,0,29
650,709,414,0,29
650,710,414,0,29
650,711,414,0,29
650,712,414,0,29
650,713,414,0,29
650,714,414,0,29
650,715,414,0,29
650,716,414,0,29
650,717,414,0,29
650,718,414,0,29
650,719,414,0,29
650,720,414,0,29
650,721,414,0,29
650,722,414,0,29
650,723,414,0,29
650,724,414,0,29
657,625,6,0,36
657,626,6,0,36
657,627,6,0,36
657,628,6,0,36
657,629,6,0,36
657,630,6,0,36
657,631,6,0,36
657,632,6,0,36
657,633,6,0,36
657,634,6,0,36
657,635,6,0,36
657,636,6,0,36
657,637,6,0,36
657,638,6,0,36
657,639,6,0,36
657,640,6,0,36
657,641,6,0,36
657,642,6,0,36
657,643,6,0,36
657,644,6,0,36
657,645,6,0,36
657,646,6,0,36
657,647,6,0,36
657,648,6,0,36
657,649,6,0,36
657,650,6,0,36
657,651,6,0,36
657,652,6,0,36
657,653,6,0,36
657,654,6,0,36
657,655,6,0,36
657,656,6,0,36
657,658,6,0,36
657,659,6,0,36
657,660,6,0,36
657,661,6,0,36
657,662,6,0,36
657,663,6,0,36
657,664,6,0,36
657,665,6,0,36
657,666,6,0,36
657,667,6,0,36
657,668,6,0,36
657,669,6,0,36
657,670,6,0,36
657,671,6,0,36
657,672,6,0,36
657,673,6,0,36
657,674,6,0,36
657,675,6,0,36
657,676,6,0,36
657,677,6,0,36
657,678,6,0,36
657,679,6,0,36
657,680,6,0,36
657,681,6,0,36
657,682,6,0,36
657,683,6,0,36
657,684,6,0,36
657,685,6,0,36
657,686,6,0,36
657,687,6,0,36
657,688,6,0,36
657,689,6,0,36
657,690,6,0,36
657,691,6,0,36
657,692,6,0,36
657,693,6,0,36
657,694,6,0,36
657,695,6,0,36
657,696,6,0,36
657,697,6,0,36
657,698,6,0,36
657,699,6,0,36
657,700,6,0,36
657,701,6,0,36
657,702,6,0,36
657,703,6,0,36
657,704,6,0,36
657,705,6,0,36
657,706,6,0,36
657,707,6,0,36
657,708,6,0,36
657,709,6,0,36
657,710,6,0,36
657,711,6,0,36
657,712,6,0,36
657,713,6,0,36
657,714,6,0,36
657,715,6,0,36
657,716,6,0,36
657,717,6,0,36
657,718,6,0,36
657,719,6,0,36
657,720,6,0,36
657,721,6,0,36
657,722,6,0,36
657,723,6,0,36
657,724,6,0,36
687,625,368,0,66
687,626,368,0,66
687,627,368,0,66
687,628,368,0,66
687,629,368,0,66
687,630,368,0,66
687,631,368,0,66
687,632,368,0,66
687,633,368,0,66
687,634,368,0,66
687,635,368,0,66
687,636,368,0,66
687,637,368,0,66
687,638,368,0,66
687,639,368,0,66
687,640,368,0,66
687,641,368,0,66
687,642,368,0,66
687,643,368,0,66
687,644,368,0,66
687,645,368,0,66
687,646,368,0,66
687,647,368,0,66
687,648,368,0,66
687,649,368,0,66
687,650,368,0,66
687,651,368,0,66
687,652,368,0,66
687,653,368,0,66
687,654,368,0,66
687,655,368,0,66
687,656,368,0,66
687,657,368,0,66
687,658,368,0,66
687,659,368,0,66
687,660,368,0,66
687,661,368,0,66
687,662,368,0,66
687,663,368,0,66
687,664,368,0,66
687,665,368,0,66
687,666,368,0,66
687,667,368,0,66
687,668,368,0,66
687,669,368,0,66
687,670,368,0,66
687,671,368,0,66
687,672,368,0,66
687,673,368,0,66
687,674,368,0,66
687,675,368,0,66
687,676,368,0,66
687,677,368,0,66
687,678,368,0,66
687,679,368,0,66
687,680,368,0,66
687,681,368,0,66
687,682,368,0,66
687,683,368,0,66
687,684,368,0,66
687,685,368,0,66
687,686,368,0,66
687,688,368,0,66
687,689,368,0,66
687,690,368,0,66
687,691,368,0,66
687,692,368,0,66
687,693,368,0,66
687,694,368,0,66
687,695,368,0,66
687,696,368,0,66
687,697,368,0,66
687,698,368,0,66
687,699,368,0,66
687,700,368,0,66
687,701,368,0,66
687,702,368,0,66
687,703,368,0,66
687,704,368,0,66
687,705,368,0,66
687,706,368,0,66
687,707,368,0,66
687,708,368,0,66
687,709,368,0,66
687,710,368,0,66
687,711,368,0,66
687,712,368,0,66
687,713,368,0,66
687,714,368,0,66
687,715,368,0,66
687,716,368,0,66
687,717,368,0,66
687,718,368,0,66
687,719,368,0,66
687,720,368,0,66
687,721,368,0,66
687,722,368,0,66
687,723,368,0,66
687,724,368,0,66
701,625,83,0,80
701,626,83,0,80
701,627,83,0,80
701,628,83,0,80
701,629,83,0,80
701,630,83,0,80
701,631,83,0,80
701,632,83,0,80
701,633,83,0,80
701,634,83,0,80
701,635,83,0,80
701,636,83,0,80
701,637,83,0,80
701,638,83,0,80
701,639,83,0,80
701,640,83,0,80
701,641,83,0,80
701,642,83,0,80
701,643,83,0,80
701,644,83,0,80
701,645,83,0,80
701,646,83,0,80
701,647,83,0,80
701,648,83,0,80
701,649,83,0,80
701,650,83,0,80
701,651,83,0,80
701,652,83,0,80
701,653,83,0,80
701,654,83,0,80
701,655,83,0,80
701,656,83,0,80
701,657,83,0,80
701,658,83,0,80
701,659,83,0,80
701,660,83,0,80
701,661,83,0,80
701,662,83,0,80
701,663,83,0,80
701,664,83,0,80
701,665,83,0,80
701,666,83,0,80
701,667,83,0,80
701,668,83,0,80
701,669,83,0,80
701,670,83,0,80
701,671,83,0,80
701,672,83,0,80
701,673,83,0,80
701,674,83,0,80
701,675,83,0,80
701,676,83,0,80
701,677,83,0,80
701,678,83,0,80
701,679,83,0,80
701,680,83,0,80
701,681,83,0,80
701,682,83,0,80
701,683,83,0,80
701,684,83,0,80
701,685,83,0,80
701,686,83,0,80
701,687,83,0,80
701,688,83,0,80
701,689,83,0,80
701,690,83,0,80
701,691,83,0,80
701,692,83,0,80
701,693,83,0,80
701,694,83,0,80
701,695,83,0,80
701,696,83,0,80
701,697,83,0,80
701,698,83,0,80
701,699,83,0,80
701,700,83,0,80
701,702,83,0,80
701,703,83,0,80
701,704,83,0,80
701,705,83,0,80
701,706,83,0,80
701,707,83,0,80
701,708,83,0,80
701,709,83,0,80
701,710,83,0,80
701,711,83,0,80
701,712,83,0,80
701,713,83,0,80
701,714,83,0,80
701,715,83,0,80
701,716,83,0,80
701,717,83,0,80
701,718,83,0,80
701,719,83,0,80
701,720,83,0,80
701,721,83,0,80
701,722,83,0,80
701,723,83,0,80
701,724,83,0,80
703,625,156,0,82
703,626,156,0,82
703,627,156,0,82
703,628,156,0,82
703,629,156,0,82
703,630,156,0,82
703,631,156,0,82
703,632,156,0,82
703,633,156,0,82
703,634,156,0,82
703,635,156,0,82
703,636,156,0,82
703,637,156,0,82
703,638,156,0,82
703,639,156,0,82
703,640,156,0,82
703,641,156,0,82
703,642,156,0,82
703,643,156,0,82
703,644,156,0,82
703,645,156,0,82
703,646,156,0,82
703,647,156,0,82
703,648,156,0,82
703,649,156,0,82
703,650,156,0,82
703,651,156,0,82
703,652,156,0,82
703,653,156,0,82
703,654,156,0,82
703,655,156,0,82
703,656,156,0,82
703,657,156,0,82
703,658,156,0,82
703,659,156,0,82
703,660,156,0,82
703,661,156,0,82
703,662,156,0,82
703,663,156,0,82
703,664,156,0,82
703,665,156,0,82
703,666,156,0,82
703,667,156,0,82
703,668,156,0,82
703,669,156,0,82
703,670,156,0,82
703,671,156,0,82
703,672,156,0,82
703,673,156,0,82
703,674,156,0,82
703,675,156,0,82
703,676,156,0,82
703,677,156,0,82
703,678,156,0,82
703,679,156,0,82
703,680,156,0,82
703,681,156,0,82
703,682,156,0,82
703,683,156,0,82
703,684,156,0,82
703,685,156,0,82
703,686,156,0,82
703,687,156,0,82
703,688,156,0,82
703,689,156,0,82
703,690,156,0,82
703,691,156,0,82
703,692,156,0,82
703,693,156,0,82
703,694,156,0,82
703,695,156,0,82
703,696,156,0,82
703,697,156,0,82
703,698,156,0,82
703,699,156,0,82
703,700,156,0,82
703,701,156,0,82
703,702,156,0,82
703,704,156,0,82
703,705,156,0,82
703,706,156,0,82
703,707,156,0,82
703,708,156,0,82
703,709,156,0,82
703,710,156,0,82
703,711,156,0,82
703,712,156,0,82
703,713,156,0,82
703,714,156,0,82
703,715,156,0,82
703,716,156,0,82
703,717,156,0,82
703,718,156,0,82
703,719,156,0,82
703,720,156,0,82
703,721,156,0,82
703,722,156,0,82
703,723,156,0,82
703,724,156,0,82
711,625,77,0,90
711,626,77,0,90
711,627,77,0,90
711,628,77,0,90
711,629,77,0,90
711,630,77,0,90
711,631,77,0,90
711,632,77,0,90
711,633,77,0,90
711,634,77,0,90
711,635,77,0,90
711,636,77,0,90
711,637,77,0,90
711,638,77,0,90
711,639,77,0,90
711,640,77,0,90
711,641,77,0,90
711,642,77,0,90
711,643,77,0,90
711,644,77,0,90
711,645,77,0,90
711,646,77,0,90
711,647,77,0,90
711,648,77,0,90
711,649,77,0,90
711,650,77,0,90
711,651,77,0,90
711,652,77,0,90
711,653,77,0,90
711,654,77,0,90
711,655,77,0,90
711,656,77,0,90
711,657,77,0,90
711,658,77,0,90
711,659,77,0,90
711,660,77,0,90
711,661,77,0,90
711,662,77,0,90
711,663,77,0,90
711,664,77,0,90
711,665,77,0,90
711,666,77,0,90
711,667,77,0,90
711,668,77,0,90
711,669,77,0,90
711,670,77,0,90
711,671,77,0,90
711,672,77,0,90
711,673,77,0,90
711,674,77,0,90
711,675,77,0,90
711,676,77,0,90
711,677,77,0,90
711,678,77,0,90
711,679,77,0,90
711,680,77,0,90
711,681,77,0,90
711,682,77,0,90
711,683,77,0,90
711,684,77,0,90
711,685,77,0,90
711,686,77,0,90
711,687,77,0,90
711,688,77,0,90
711,689,77,0,90
711,690,77,0,90
711,691,77,0,90
711,692,77,0,90
711,693,77,0,90
711,694,77,0,90
711,695,77,0,90
711,696,77,0,90
711,697,77,0,90
711,698,77,0,90
711,699,77,0,90
711,700,77,0,90
711,701,77,0,90
711,702,77,0,90
711,703,77,0,90
711,704,77,0,90
711,705,77,0,90
711,706,77,0,90
711,707,77,0,90
711,708,77,0,90
711,709,77,0,90
711,710,77,0,90
711,712,77,0,90
711,713,77,0,90
711,714,77,0,90
711,715,77,0,90
711,716,77,0,90
711,717,77,0,90
711,718,77,0,90
711,719,77,0,90
711,720,77,0,90
711,721,77,0,90
711,722,77,0,90
711,723,77,0,90
711,724,77,0,90
718,625,280,0,97
718,626,280,0,97
718,627,280,0,97
718,628,280,0,97
718,629,280,0,97
718,630,280,0,97
718,631,280,0,97
718,632,280,0,97
718,633,280,0,97
718,634,280,0,97
718,635,280,0,97
718,636,280,0,97
718,637,280,0,97
718,638,280,0,97
718,639,280,0,97
718,640,280,0,97
718,641,280,0,97
718,642,280,0,97
718,643,280,0,97
718,644,280,0,97
718,645,280,0,97
718,646,280,0,97
718,647,280,0,97
718,648,280,0,97
718,649,280,0,97
718,650,280,0,97
718,651,280,0,97
718,652,280,0,97
718,653,280,0,97
718,654,280,0,97
718,655,280,0,97
718,656,280,0,97
718,657,280,0,97
718,658,280,0,97
718,659,280,0,97
718,660,280,0,97
718,661,280,0,97
718,662,280,0,97
718,663,280,0,97
718,664,280,0,97
718,665,280,0,97
718,666,280,0,97
718,667,280,0,97
718,668,280,0,97
718,669,280,0,97
718,670,280,0,97
718,671,280,0,97
718,672,280,0,97
718,673,280,0,97
718,674,280,0,97
718,675,280,0,97
718,676,280,0,97
718,677,280,0,97
718,678,280,0,97
718,679,280,0,97
718,680,280,0,97
718,681,280,0,97
718,682,280,0,97
718,683,280,0,97
718,684,280,0,97
718,685,280,0,97
718,686,280,0,97
718,687,280,0,97
718,688,280,0,97
718,689,280,0,97
718,690,280,0,97
718,691,280,0,97
718,692,280,0,97
718,693,280,0,97
718,694,280,0,97
718,695,280,0,97
718,696,280,0,97
718,697,280,0,97
718,698,280,0,97
718,699,280,0,97
718,700,280,0,97
718,701,280,0,97
718,702,280,0,97
718,703,280,0,97
718,704,280,0,97
718,705,280,0,97
718,706,280,0,97
718,707,280,0,97
718,708,280,0,97
718,709,280,0,97
718,710,280,0,97
718,711,280,0,97
718,712,280,0,97
718,713,280,0,97
718,714,280,0,97
718,715,280,0,97
718,716,280,0,97
718,717,280,0,97
718,719,280,0,97
718,720,280,0,97
718,721,280,0,97
718,722,280,0,97
718,723,280,0,97
718,724,280,0,97
