0,633,1,0,0
0,647,24,2,1
0,651,1,0,0
0,663,1,0,0
0,698,1,0,0
0,704,600,3,2
0,717,1,0,0
0,724,1,0,0
1,647,0,0,0
1,667,2,1,0
1,669,2,1,0
1,673,2,1,0
1,686,2,1,0
1,704,2,1,0
2,678,3,1,0
5,680,30,2,0
5,688,30,2,0
5,704,605,3,3
5,713,30,2,0
6,632,606,3,3
6,637,606,3,3
6,647,7,1,0
6,665,606,3,3
6,704,606,3,3
7,637,607,3,3
7,647,8,1,0
7,697,8,1,0
7,704,607,3,3
8,637,608,3,3
8,647,9,1,0
8,697,9,1,0
8,704,608,3,3
9,637,609,3,3
9,647,609,3,3
9,697,34,2,0
9,704,609,3,3
10,637,9,0,1
10,647,610,3,3
10,697,35,2,0
10,704,9,0,1
11,637,10,0,1
11,647,611,3,3
11,697,36,2,0
11,704,10,0,1
12,637,11,0,1
12,647,612,3,3
12,697,37,2,0
12,704,11,0,1
13,647,14,1,0
13,654,14,1,0
13,704,12,0,1
13,714,14,1,0
14,686,13,0,1
14,704,13,0,1
15,662,16,1,0
15,668,16,1,0
15,670,16,1,0
15,678,14,0,1
15,690,16,1,0
16,628,41,2,0
16,642,616,3,3
16,645,41,2,0
16,675,41,2,0
16,711,616,3,3
16,719,616,3,3
17,678,16,0,1
18,647,618,3,3
18,674,618,3,3
18,683,43,2,0
18,700,618,3,3
18,704,19,1,0
18,705,618,3,3
18,709,43,2,0
18,713,19,1,0
18,715,43,2,0
18,718,43,2,0
18,720,43,2,0
18,723,43,2,0
19,637,20,1,0
19,647,619,3,3
19,704,20,1,0
20,637,21,1,0
20,647,620,3,3
20,697,45,2,0
20,704,21,1,0
21,637,22,1,0
21,647,621,3,3
21,697,46,2,0
21,704,22,1,0
22,637,622,3,3
22,647,622,3,3
22,697,47,2,0
22,704,622,3,3
23,637,623,3,3
23,647,22,0,1
23,697,22,0,1
23,703,24,1,0
23,704,623,3,3
24,637,624,3,3
24,647,23,0,1
24,697,23,0,1
24,704,624,3,3
25,633,26,1,1
25,647,49,3,2
25,651,26,1,1
25,663,26,1,1
25,698,26,1,1
25,704,0,0,1
25,717,26,1,1
25,724,26,1,1
26,631,27,2,1
26,647,25,1,1
26,667,27,2,1
26,669,27,2,1
26,673,27,2,1
26,686,27,2,1
26,704,27,2,1
27,678,28,2,1
30,680,55,3,0
30,688,55,3,0
30,704,5,0,2
30,713,55,3,0
31,632,6,0,2
31,637,6,0,2
31,647,32,2,1
31,665,6,0,2
31,704,6,0,2
32,637,7,0,2
32,647,33,2,1
32,697,33,2,1
32,704,7,0,2
33,637,8,0,2
33,647,34,2,1
33,697,34,2,1
33,704,8,0,2
34,637,9,0,2
34,647,9,0,2
34,697,59,3,0
34,704,9,0,2
35,637,34,1,2
35,647,10,0,2
35,697,60,3,0
35,704,34,1,2
36,637,35,1,2
36,647,11,0,2
36,697,61,3,0
36,704,35,1,2
37,637,36,1,2
37,647,12,0,2
37,697,62,3,0
37,704,36,1,2
38,647,39,2,1
38,654,39,2,1
38,704,37,1,2
38,714,39,2,1
39,686,38,1,2
39,704,38,1,2
40,662,41,2,1
40,668,41,2,1
40,670,41,2,1
40,678,39,1,2
40,690,41,2,1
41,628,66,3,0
41,642,16,0,2
41,675,66,3,0
41,711,16,0,2
41,719,16,0,2
42,678,41,1,2
43,647,18,0,2
43,674,18,0,2
43,683,68,3,0
43,700,18,0,2
43,704,44,2,1
43,705,18,0,2
43,709,68,3,0
43,713,44,2,1
43,715,68,3,0
43,718,68,3,0
43,720,68,3,0
43,723,68,3,0
44,637,45,2,1
44,647,19,0,2
44,704,45,2,1
45,637,46,2,1
45,647,20,0,2
45,697,70,3,0
45,704,46,2,1
46,637,47,2,1
46,647,21,0,2
46,697,71,3,0
46,704,47,2,1
47,637,22,0,2
47,647,22,0,2
47,697,72,3,0
47,704,22,0,2
48,637,23,0,2
48,647,47,1,2
48,697,47,1,2
48,703,49,2,1
48,704,23,0,2
49,637,24,0,2
49,647,48,1,2
49,697,48,1,2
49,704,24,0,2
50,633,51,1,1
50,647,74,3,2
50,651,51,1,1
50,663,51,1,1
50,698,51,1,1
50,704,75,2,0
50,717,51,1,1
50,724,51,1,1
51,631,52,2,1
51,647,50,1,1
51,667,52,2,1
51,669,52,2,1
51,673,52,2,1
51,686,52,2,1
51,704,52,2,1
52,678,53,2,1
55,680,80,3,0
55,688,80,3,0
55,704,80,3,0
55,713,80,3,0
56,632,31,0,3
56,637,31,0,3
56,647,57,2,1
56,665,31,0,3
56,704,81,3,0
57,637,32,0,3
57,647,58,2,1
57,697,58,2,1
57,704,82,3,0
58,637,33,0,3
58,647,59,2,1
58,697,59,2,1
58,704,83,3,0
59,637,34,0,3
59,647,34,0,3
60,637,59,1,2
60,647,35,0,3
60,697,85,3,0
60,704,59,1,2
61,637,60,1,2
61,647,36,0,3
61,697,86,3,0
61,704,60,1,2
62,637,61,1,2
62,647,37,0,3
62,697,87,3,0
62,704,61,1,2
63,647,64,2,1
63,704,62,1,2
63,714,64,2,1
64,686,63,1,2
64,704,63,1,2
65,662,66,2,1
65,668,66,2,1
65,670,66,2,1
65,678,64,1,2
65,690,66,2,1
66,628,91,3,0
66,642,41,0,3
66,645,41,0,3
66,675,91,3,0
66,711,41,0,3
66,719,41,0,3
67,678,66,1,2
68,647,43,0,3
68,674,43,0,3
68,683,93,3,0
68,700,43,0,3
68,704,69,2,1
68,705,43,0,3
68,709,93,3,0
68,713,69,2,1
68,715,93,3,0
68,723,93,3,0
69,637,70,2,1
69,647,44,0,3
69,704,70,2,1
70,637,71,2,1
70,647,45,0,3
70,697,95,3,0
70,704,71,2,1
71,637,72,2,1
71,647,46,0,3
71,697,96,3,0
71,704,72,2,1
72,637,47,0,3
72,647,47,0,3
73,637,48,0,3
73,647,72,1,2
73,697,72,1,2
73,703,74,2,1
73,704,98,3,0
74,637,49,0,3
74,647,73,1,2
74,697,73,1,2
74,704,99,3,0
75,633,76,1,1
75,647,99,3,2
75,651,76,1,1
75,663,76,1,1
75,698,76,1,1
75,704,100,2,0
75,717,76,1,1
75,724,76,1,1
76,631,77,2,1
76,647,75,1,1
76,667,77,2,1
76,669,77,2,1
76,673,77,2,1
76,686,77,2,1
76,704,77,2,1
77,678,78,2,1
80,680,105,3,0
80,688,105,3,0
80,704,105,3,0
80,713,105,3,0
81,632,56,0,3
81,637,56,0,3
81,647,82,2,1
81,665,56,0,3
81,704,106,3,0
82,637,57,0,3
82,647,83,2,1
82,697,83,2,1
82,704,107,3,0
83,637,58,0,3
83,647,84,2,1
83,697,84,2,1
83,704,108,3,0
84,637,59,0,3
84,647,59,0,3
85,637,84,1,2
85,647,60,0,3
85,697,110,3,0
85,704,84,1,2
86,637,85,1,2
86,647,61,0,3
86,697,111,3,0
86,704,85,1,2
87,637,86,1,2
87,647,62,0,3
87,697,112,3,0
87,704,86,1,2
88,647,89,2,1
88,654,89,2,1
88,704,87,1,2
88,714,89,2,1
89,686,88,1,2
89,704,88,1,2
90,662,91,2,1
90,668,91,2,1
90,670,91,2,1
90,678,89,1,2
90,690,91,2,1
91,642,66,0,3
91,645,66,0,3
91,711,66,0,3
91,719,66,0,3
92,678,91,1,2
93,647,68,0,3
93,674,68,0,3
93,683,118,3,0
93,700,68,0,3
93,704,94,2,1
93,705,68,0,3
93,709,118,3,0
93,713,94,2,1
93,718,68,0,3
93,720,68,0,3
93,723,118,3,0
94,637,95,2,1
94,647,69,0,3
94,704,95,2,1
95,637,96,2,1
95,647,70,0,3
95,697,120,3,0
95,704,96,2,1
96,637,97,2,1
96,647,71,0,3
96,697,121,3,0
96,704,97,2,1
97,637,72,0,3
97,647,72,0,3
98,637,73,0,3
98,647,97,1,2
98,697,97,1,2
98,703,99,2,1
98,704,123,3,0
99,637,74,0,3
99,647,98,1,2
99,697,98,1,2
99,704,124,3,0
100,633,101,1,1
100,647,124,3,2
100,651,101,1,1
100,663,101,1,1
100,698,101,1,1
100,704,125,2,0
100,717,101,1,1
100,724,101,1,1
101,631,102,2,1
101,647,100,1,1
101,667,102,2,1
101,669,102,2,1
101,673,102,2,1
101,686,102,2,1
101,704,102,2,1
102,678,103,2,1
105,680,130,3,0
105,688,130,3,0
105,704,130,3,0
105,713,130,3,0
106,632,81,0,3
106,637,131,3,0
106,647,107,2,1
106,665,81,0,3
106,704,131,3,0
107,637,132,3,0
107,647,108,2,1
107,697,108,2,1
107,704,132,3,0
108,637,133,3,0
108,647,109,2,1
108,697,109,2,1
108,704,133,3,0
109,647,84,0,3
109,678,134,3,0
109,704,134,3,0
110,637,109,1,2
110,647,85,0,3
110,678,135,3,0
110,697,135,3,0
110,704,109,1,2
111,637,110,1,2
111,647,86,0,3
111,678,136,3,0
111,697,136,3,0
111,704,110,1,2
112,637,111,1,2
112,647,87,0,3
112,678,137,3,0
112,697,137,3,0
112,704,111,1,2
113,647,114,2,1
113,654,114,2,1
113,678,138,3,0
113,704,112,1,2
114,678,139,3,0
114,686,113,1,2
114,704,113,1,2
115,662,116,2,1
115,668,116,2,1
115,670,116,2,1
115,678,114,1,2
115,690,116,2,1
116,628,91,0,3
116,642,141,3,0
116,645,91,0,3
116,675,91,0,3
116,711,141,3,0
116,719,91,0,3
118,647,93,0,3
118,674,93,0,3
118,678,143,3,0
118,683,143,3,0
118,700,143,3,0
118,704,119,2,1
118,705,93,0,3
118,713,119,2,1
118,715,93,0,3
118,718,93,0,3
118,720,93,0,3
118,723,143,3,0
119,637,120,2,1
119,647,94,0,3
119,678,144,3,0
119,704,120,2,1
120,637,121,2,1
120,647,95,0,3
120,678,145,3,0
120,697,145,3,0
120,704,121,2,1
121,637,122,2,1
121,647,96,0,3
121,678,146,3,0
121,697,146,3,0
121,704,122,2,1
122,647,97,0,3
122,678,147,3,0
122,704,147,3,0
123,637,148,3,0
123,647,122,1,2
123,697,122,1,2
123,704,148,3,0
124,637,149,3,0
124,647,123,1,2
124,697,123,1,2
124,704,149,3,0
125,633,126,1,1
125,647,149,3,2
125,651,126,1,1
125,663,126,1,1
125,698,126,1,1
125,704,150,2,0
125,717,126,1,1
125,724,126,1,1
126,631,127,2,1
126,647,125,1,1
126,667,127,2,1
126,669,127,2,1
126,673,127,2,1
126,686,127,2,1
126,704,127,2,1
127,678,128,2,1
130,704,155,3,0
130,713,155,3,0
131,632,106,0,3
131,637,156,3,0
131,647,132,2,1
131,665,106,0,3
131,704,156,3,0
132,637,157,3,0
132,647,133,2,1
132,697,133,2,1
132,704,157,3,0
133,637,158,3,0
133,647,134,2,1
133,697,134,2,1
133,704,158,3,0
134,647,109,0,3
134,678,135,2,1
134,704,159,3,0
134,712,712,91,0
135,637,134,1,2
135,647,110,0,3
135,678,136,2,1
135,697,160,3,0
135,704,134,1,2
136,637,135,1,2
136,647,111,0,3
136,678,137,2,1
136,697,161,3,0
136,704,135,1,2
137,637,136,1,2
137,647,112,0,3
137,678,138,2,1
137,697,162,3,0
137,704,136,1,2
138,647,139,2,1
138,654,139,2,1
138,678,139,2,1
138,704,137,1,2
138,714,139,2,1
139,678,678,57,0
139,686,138,1,2
139,704,138,1,2
140,662,141,2,1
140,668,141,2,1
140,670,141,2,1
140,678,139,1,2
140,690,141,2,1
141,628,116,0,3
141,642,166,3,0
141,645,116,0,3
141,675,116,0,3
141,711,166,3,0
141,719,116,0,3
142,678,141,1,2
143,647,118,0,3
143,674,118,0,3
143,678,142,1,2
143,700,168,3,0
143,704,144,2,1
143,705,118,0,3
143,709,118,0,3
143,713,144,2,1
143,715,118,0,3
143,718,118,0,3
143,720,118,0,3
144,637,145,2,1
144,647,119,0,3
144,678,143,1,2
144,704,145,2,1
145,637,146,2,1
145,647,120,0,3
145,678,144,1,2
145,697,170,3,0
145,704,146,2,1
146,637,147,2,1
146,647,121,0,3
146,678,145,1,2
146,697,171,3,0
146,704,147,2,1
147,647,122,0,3
147,678,146,1,2
147,704,172,3,0
147,712,148,2,1
148,637,173,3,0
148,647,147,1,2
148,697,147,1,2
148,703,149,2,1
148,704,173,3,0
149,637,174,3,0
149,647,148,1,2
149,697,148,1,2
149,704,174,3,0
150,633,151,1,1
150,647,174,3,2
150,663,151,1,1
150,698,151,1,1
150,704,175,2,0
150,717,151,1,1
150,724,151,1,1
151,631,152,2,1
151,647,150,1,1
151,667,152,2,1
151,669,152,2,1
151,673,152,2,1
151,686,152,2,1
151,704,152,2,1
152,678,153,2,1
155,680,130,0,3
155,688,130,0,3
155,704,180,3,0
155,713,180,3,0
156,632,131,0,3
156,637,181,3,0
156,647,157,2,1
156,665,131,0,3
156,704,181,3,0
157,637,182,3,0
157,647,158,2,1
157,697,158,2,1
157,704,182,3,0
158,637,183,3,0
158,647,159,2,1
158,697,159,2,1
158,704,183,3,0
159,647,134,0,3
159,697,160,2,1
159,704,184,3,0
159,712,134,0,3
160,637,159,1,2
160,647,135,0,3
160,697,161,2,1
160,704,159,1,2
161,637,160,1,2
161,647,136,0,3
161,697,162,2,1
161,704,160,1,2
162,637,161,1,2
162,647,137,0,3
162,697,697,76,0
162,704,161,1,2
163,647,164,2,1
163,654,164,2,1
163,704,162,1,2
163,714,164,2,1
164,686,163,1,2
164,704,163,1,2
165,662,166,2,1
165,668,166,2,1
165,670,166,2,1
165,678,164,1,2
165,690,166,2,1
166,628,141,0,3
166,642,191,3,0
166,645,141,0,3
166,675,141,0,3
166,711,191,3,0
166,719,141,0,3
167,678,166,1,2
168,647,143,0,3
168,674,143,0,3
168,683,143,0,3
168,700,193,3,0
168,704,169,2,1
168,705,143,0,3
168,709,143,0,3
168,713,169,2,1
168,715,143,0,3
168,718,143,0,3
168,720,143,0,3
168,723,143,0,3
169,637,170,2,1
169,647,144,0,3
169,704,170,2,1
170,637,171,2,1
170,647,145,0,3
170,697,169,1,2
170,704,171,2,1
171,637,172,2,1
171,647,146,0,3
171,697,170,1,2
171,704,172,2,1
172,647,147,0,3
172,697,171,1,2
172,704,197,3,0
172,712,147,0,3
173,637,198,3,0
173,647,172,1,2
173,697,172,1,2
173,703,174,2,1
173,704,198,3,0
174,637,199,3,0
174,647,173,1,2
174,697,173,1,2
174,704,199,3,0
175,633,176,1,1
175,647,199,3,2
175,651,176,1,1
175,663,176,1,1
175,698,176,1,1
175,704,200,2,0
175,717,176,1,1
175,724,176,1,1
176,631,177,2,1
176,647,175,1,1
176,667,177,2,1
176,669,177,2,1
176,673,177,2,1
176,686,177,2,1
176,704,177,2,1
177,678,178,2,1
180,680,155,0,3
180,688,155,0,3
180,704,205,3,0
180,713,205,3,0
181,632,156,0,3
181,637,206,3,0
181,647,182,2,1
181,665,156,0,3
181,704,206,3,0
182,637,207,3,0
182,647,183,2,1
182,697,183,2,1
182,704,207,3,0
183,637,208,3,0
183,647,184,2,1
183,697,184,2,1
183,704,208,3,0
184,647,159,0,3
184,697,159,0,3
184,704,209,3,0
185,637,184,1,2
185,647,160,0,3
185,697,160,0,3
185,704,184,1,2
186,637,185,1,2
186,647,161,0,3
186,697,161,0,3
186,704,185,1,2
187,637,186,1,2
187,647,162,0,3
187,697,162,0,3
187,704,186,1,2
188,647,189,2,1
188,654,189,2,1
188,704,187,1,2
188,714,189,2,1
189,686,188,1,2
189,704,188,1,2
190,662,191,2,1
190,668,191,2,1
190,670,191,2,1
190,678,189,1,2
190,690,191,2,1
191,628,166,0,3
191,642,216,3,0
191,645,166,0,3
191,675,166,0,3
191,711,216,3,0
191,719,166,0,3
192,678,191,1,2
193,647,168,0,3
193,674,168,0,3
193,683,168,0,3
193,700,218,3,0
193,704,194,2,1
193,705,168,0,3
193,709,168,0,3
193,713,194,2,1
193,715,168,0,3
193,718,168,0,3
193,720,168,0,3
193,723,168,0,3
194,637,195,2,1
194,647,169,0,3
194,704,195,2,1
195,637,196,2,1
195,647,170,0,3
195,697,170,0,3
195,704,196,2,1
196,637,197,2,1
196,647,171,0,3
196,697,171,0,3
196,704,197,2,1
197,647,172,0,3
197,697,172,0,3
197,704,222,3,0
198,637,223,3,0
198,647,197,1,2
198,697,197,1,2
198,703,199,2,1
198,704,223,3,0
199,637,224,3,0
199,647,198,1,2
199,697,198,1,2
199,704,224,3,0
200,633,201,1,1
200,647,224,3,2
200,651,201,1,1
200,663,201,1,1
200,698,201,1,1
200,704,225,2,0
200,717,201,1,1
200,724,201,1,1
201,631,202,2,1
201,647,200,1,1
201,667,202,2,1
201,669,202,2,1
201,673,202,2,1
201,686,202,2,1
201,704,202,2,1
202,678,203,2,1
205,680,180,0,3
205,688,180,0,3
205,704,230,3,0
205,713,230,3,0
206,632,231,3,0
206,637,231,3,0
206,647,207,2,1
206,665,181,0,3
206,704,231,3,0
207,637,232,3,0
207,647,208,2,1
207,697,208,2,1
207,704,232,3,0
208,637,233,3,0
208,647,209,2,1
208,697,209,2,1
208,704,233,3,0
209,637,234,3,0
209,647,184,0,3
209,697,184,0,3
209,704,234,3,0
210,637,209,1,2
210,647,185,0,3
210,697,185,0,3
210,704,209,1,2
211,637,210,1,2
211,647,186,0,3
211,697,186,0,3
211,704,210,1,2
212,637,211,1,2
212,647,187,0,3
212,697,187,0,3
212,704,211,1,2
213,647,214,2,1
213,654,214,2,1
213,704,212,1,2
213,714,214,2,1
214,686,213,1,2
214,704,213,1,2
215,662,216,2,1
215,668,216,2,1
215,670,216,2,1
215,678,214,1,2
215,690,216,2,1
216,628,191,0,3
216,642,241,3,0
216,645,191,0,3
216,675,191,0,3
216,711,241,3,0
216,719,191,0,3
217,678,216,1,2
218,647,193,0,3
218,674,193,0,3
218,683,193,0,3
218,700,243,3,0
218,704,219,2,1
218,705,193,0,3
218,709,193,0,3
218,713,219,2,1
218,715,193,0,3
218,718,193,0,3
218,720,193,0,3
218,723,193,0,3
219,637,220,2,1
219,647,194,0,3
219,704,220,2,1
220,637,221,2,1
220,647,195,0,3
220,697,195,0,3
220,704,221,2,1
221,637,222,2,1
221,647,196,0,3
221,697,196,0,3
221,704,222,2,1
222,637,247,3,0
222,647,197,0,3
222,697,197,0,3
222,704,247,3,0
223,637,248,3,0
223,647,222,1,2
223,697,222,1,2
223,703,224,2,1
223,704,248,3,0
224,637,249,3,0
224,647,223,1,2
224,697,223,1,2
224,704,249,3,0
225,630,226,1,1
225,633,226,1,1
225,647,249,3,2
225,651,226,1,1
225,663,226,1,1
225,698,226,1,1
225,704,250,2,0
225,717,226,1,1
225,724,226,1,1
226,630,227,2,1
226,631,227,2,1
226,647,225,1,1
226,669,227,2,1
226,673,227,2,1
226,686,227,2,1
226,704,227,2,1
227,630,630,9,0
227,678,228,2,1
230,630,229,1,2
230,680,205,0,3
230,688,205,0,3
230,704,255,3,0
230,713,255,3,0
231,630,230,1,2
231,632,256,3,0
231,637,256,3,0
231,647,232,2,1
231,665,206,0,3
231,704,256,3,0
232,630,231,1,2
232,637,257,3,0
232,647,233,2,1
232,697,233,2,1
232,704,257,3,0
233,630,232,1,2
233,637,258,3,0
233,647,234,2,1
233,697,234,2,1
233,704,258,3,0
234,630,233,1,2
234,637,259,3,0
234,697,209,0,3
234,704,259,3,0
235,637,234,1,2
235,647,260,3,0
235,697,210,0,3
235,704,234,1,2
236,637,235,1,2
236,647,261,3,0
236,697,211,0,3
236,704,235,1,2
237,637,236,1,2
237,647,262,3,0
237,697,212,0,3
237,704,236,1,2
238,647,239,2,1
238,654,239,2,1
238,704,237,1,2
238,714,239,2,1
239,686,238,1,2
239,704,238,1,2
240,662,241,2,1
240,668,241,2,1
240,670,241,2,1
240,678,239,1,2
240,690,241,2,1
241,628,216,0,3
241,642,266,3,0
241,645,216,0,3
241,675,216,0,3
241,711,266,3,0
241,719,216,0,3
242,678,241,1,2
243,647,268,3,0
243,674,218,0,3
243,683,218,0,3
243,700,268,3,0
243,704,244,2,1
243,705,218,0,3
243,709,218,0,3
243,713,244,2,1
243,715,218,0,3
243,718,218,0,3
243,720,218,0,3
243,723,218,0,3
244,637,245,2,1
244,647,269,3,0
244,704,245,2,1
245,637,246,2,1
245,647,270,3,0
245,697,220,0,3
245,704,246,2,1
246,637,247,2,1
246,647,271,3,0
246,697,221,0,3
246,704,247,2,1
247,630,248,2,1
247,637,272,3,0
247,697,222,0,3
247,704,272,3,0
248,630,249,2,1
248,637,273,3,0
248,647,247,1,2
248,697,247,1,2
248,703,249,2,1
248,704,273,3,0
249,630,225,2,3
249,637,274,3,0
249,647,248,1,2
249,697,248,1,2
249,704,274,3,0
250,630,225,0,2
250,633,251,1,1
250,647,274,3,2
250,651,251,1,1
250,663,251,1,1
250,698,251,1,1
250,704,275,2,0
250,724,251,1,1
251,630,226,0,3
251,631,252,2,1
251,647,250,1,1
251,667,252,2,1
251,669,252,2,1
251,686,252,2,1
251,704,252,2,1
252,630,227,0,3
252,678,253,2,1
255,630,230,0,3
255,680,230,0,3
255,688,230,0,3
255,704,280,3,0
255,713,280,3,0
256,630,231,0,3
256,632,281,3,0
256,637,281,3,0
256,647,257,2,1
256,665,281,3,0
256,704,281,3,0
257,630,232,0,3
257,637,282,3,0
257,647,258,2,1
257,697,258,2,1
257,704,282,3,0
258,630,233,0,3
258,637,283,3,0
258,647,259,2,1
258,697,259,2,1
258,704,283,3,0
259,630,234,0,3
259,637,284,3,0
259,686,284,3,0
259,697,234,0,3
259,704,284,3,0
260,637,259,1,2
260,647,285,3,0
260,686,285,3,0
260,697,235,0,3
260,704,259,1,2
261,637,260,1,2
261,647,286,3,0
261,686,286,3,0
261,697,236,0,3
261,704,260,1,2
262,637,261,1,2
262,647,287,3,0
262,686,287,3,0
262,697,237,0,3
262,704,261,1,2
263,647,264,2,1
263,654,264,2,1
263,686,288,3,0
263,704,262,1,2
263,714,264,2,1
264,686,263,1,2
264,704,263,1,2
265,662,266,2,1
265,668,266,2,1
265,670,266,2,1
265,678,264,1,2
265,690,266,2,1
266,628,241,0,3
266,642,291,3,0
266,645,241,0,3
266,675,241,0,3
266,711,291,3,0
266,719,241,0,3
267,678,266,1,2
268,647,293,3,0
268,674,243,0,3
268,683,243,0,3
268,686,293,3,0
268,700,293,3,0
268,704,269,2,1
268,705,243,0,3
268,709,243,0,3
268,713,269,2,1
268,715,243,0,3
268,718,243,0,3
268,720,243,0,3
268,723,243,0,3
269,637,270,2,1
269,647,294,3,0
269,686,294,3,0
269,704,270,2,1
270,637,271,2,1
270,647,295,3,0
270,686,295,3,0
270,697,245,0,3
270,704,271,2,1
271,637,272,2,1
271,647,296,3,0
271,686,296,3,0
271,697,246,0,3
271,704,272,2,1
272,630,247,0,3
272,637,297,3,0
272,686,297,3,0
272,697,247,0,3
272,704,297,3,0
273,630,248,0,3
273,637,298,3,0
273,647,272,1,2
273,697,272,1,2
273,703,274,2,1
273,704,298,3,0
274,630,249,0,3
274,637,299,3,0
274,647,273,1,2
274,697,273,1,2
274,704,299,3,0
275,633,276,1,1
275,647,299,3,2
275,651,276,1,1
275,663,276,1,1
275,698,276,1,1
275,704,300,2,0
275,717,276,1,1
275,724,276,1,1
276,631,277,2,1
276,647,275,1,1
276,667,277,2,1
276,669,277,2,1
276,673,277,2,1
276,686,277,2,1
276,704,277,2,1
277,678,278,2,1
280,680,255,0,3
280,688,255,0,3
280,704,305,3,0
280,713,713,92,0
281,632,306,3,0
281,637,306,3,0
281,647,282,2,1
281,665,306,3,0
281,704,306,3,0
281,713,280,1,2
282,637,307,3,0
282,647,283,2,1
282,697,283,2,1
282,704,307,3,0
283,637,308,3,0
283,647,284,2,1
283,697,284,2,1
283,704,308,3,0
284,637,309,3,0
284,647,309,3,0
284,686,285,2,1
284,697,259,0,3
284,704,309,3,0
285,637,284,1,2
285,647,310,3,0
285,686,286,2,1
285,697,260,0,3
285,704,284,1,2
286,637,285,1,2
286,647,311,3,0
286,686,287,2,1
286,697,261,0,3
286,704,285,1,2
287,637,286,1,2
287,647,312,3,0
287,686,288,2,1
287,697,262,0,3
287,704,286,1,2
288,647,289,2,1
288,654,289,2,1
288,686,686,65,0
288,704,287,1,2
288,714,289,2,1
289,686,288,1,2
289,704,288,1,2
290,662,291,2,1
290,668,291,2,1
290,670,291,2,1
290,678,289,1,2
290,690,291,2,1
291,628,266,0,3
291,642,316,3,0
291,645,266,0,3
291,675,266,0,3
291,711,316,3,0
291,719,266,0,3
292,678,291,1,2
293,647,318,3,0
293,674,318,3,0
293,683,268,0,3
293,686,292,1,2
293,700,318,3,0
293,704,294,2,1
293,705,268,0,3
293,709,268,0,3
293,713,294,2,1
293,715,268,0,3
293,718,268,0,3
293,720,268,0,3
293,723,268,0,3
294,637,295,2,1
294,647,319,3,0
294,686,293,1,2
294,704,295,2,1
295,637,296,2,1
295,647,320,3,0
295,686,294,1,2
295,697,270,0,3
295,704,296,2,1
296,637,297,2,1
296,647,321,3,0
296,686,295,1,2
296,697,271,0,3
296,704,297,2,1
297,637,322,3,0
297,647,322,3,0
297,686,296,1,2
297,697,272,0,3
297,704,322,3,0
298,637,323,3,0
298,647,297,1,2
298,697,297,1,2
298,703,299,2,1
298,704,323,3,0
299,637,324,3,0
299,647,298,1,2
299,697,298,1,2
299,704,324,3,0
300,633,301,1,1
300,647,324,3,2
300,651,301,1,1
300,663,301,1,1
300,698,301,1,1
300,704,325,2,0
300,717,301,1,1
300,724,301,1,1
301,631,302,2,1
301,647,300,1,1
301,667,302,2,1
301,669,302,2,1
301,673,302,2,1
301,686,302,2,1
301,704,302,2,1
302,678,303,2,1
305,680,280,0,3
305,688,280,0,3
305,704,330,3,0
305,713,280,0,3
306,632,331,3,0
306,637,331,3,0
306,647,307,2,1
306,665,331,3,0
306,704,331,3,0
307,637,332,3,0
307,647,308,2,1
307,697,308,2,1
307,704,332,3,0
308,637,333,3,0
308,647,309,2,1
308,697,309,2,1
308,704,333,3,0
309,637,334,3,0
309,647,334,3,0
309,697,284,0,3
309,704,334,3,0
310,637,309,1,2
310,647,335,3,0
310,697,285,0,3
310,704,309,1,2
311,637,310,1,2
311,647,336,3,0
311,697,286,0,3
311,704,310,1,2
312,637,311,1,2
312,647,337,3,0
312,697,287,0,3
312,704,311,1,2
313,647,314,2,1
313,654,314,2,1
313,704,312,1,2
313,714,314,2,1
314,686,313,1,2
314,704,313,1,2
315,662,316,2,1
315,668,316,2,1
315,670,316,2,1
315,678,314,1,2
315,690,316,2,1
316,628,291,0,3
316,642,341,3,0
316,645,291,0,3
316,675,291,0,3
316,711,341,3,0
316,719,341,3,0
317,678,316,1,2
318,647,343,3,0
318,674,343,3,0
318,683,293,0,3
318,700,343,3,0
318,704,319,2,1
318,705,343,3,0
318,709,293,0,3
318,713,319,2,1
318,715,293,0,3
318,718,293,0,3
318,720,293,0,3
318,723,293,0,3
319,637,320,2,1
319,647,344,3,0
319,704,320,2,1
320,637,321,2,1
320,647,345,3,0
320,697,295,0,3
320,704,321,2,1
321,637,322,2,1
321,647,346,3,0
321,697,296,0,3
321,704,322,2,1
322,637,347,3,0
322,647,347,3,0
322,697,297,0,3
322,704,347,3,0
323,637,348,3,0
323,647,322,1,2
323,697,322,1,2
323,703,324,2,1
323,704,348,3,0
324,637,349,3,0
324,647,323,1,2
324,697,323,1,2
324,704,349,3,0
325,633,326,1,1
325,647,349,3,2
325,651,326,1,1
325,663,326,1,1
325,698,326,1,1
325,704,350,2,0
325,717,326,1,1
325,724,326,1,1
326,631,327,2,1
326,647,325,1,1
326,667,327,2,1
326,673,327,2,1
326,686,327,2,1
326,704,327,2,1
327,678,328,2,1
330,680,305,0,3
330,688,305,0,3
330,704,355,3,0
330,713,305,0,3
331,632,356,3,0
331,637,356,3,0
331,647,332,2,1
331,665,356,3,0
331,704,356,3,0
332,637,357,3,0
332,647,333,2,1
332,697,333,2,1
332,704,357,3,0
333,637,358,3,0
333,647,334,2,1
333,697,334,2,1
333,704,358,3,0
334,637,359,3,0
334,647,359,3,0
334,697,309,0,3
334,704,359,3,0
335,637,334,1,2
335,647,360,3,0
335,697,310,0,3
335,704,334,1,2
336,637,335,1,2
336,647,361,3,0
336,697,311,0,3
336,704,335,1,2
337,637,336,1,2
337,647,362,3,0
337,697,312,0,3
337,704,336,1,2
338,647,339,2,1
338,654,339,2,1
338,704,337,1,2
338,714,339,2,1
339,686,338,1,2
339,704,338,1,2
340,662,341,2,1
340,668,341,2,1
340,670,341,2,1
340,678,339,1,2
340,690,341,2,1
341,628,316,0,3
341,642,366,3,0
341,645,316,0,3
341,675,316,0,3
341,711,366,3,0
341,719,366,3,0
342,678,341,1,2
343,647,368,3,0
343,674,368,3,0
343,683,318,0,3
343,700,368,3,0
343,704,344,2,1
343,705,368,3,0
343,709,318,0,3
343,713,344,2,1
343,715,318,0,3
343,718,318,0,3
343,720,318,0,3
343,723,318,0,3
344,637,345,2,1
344,647,369,3,0
344,704,345,2,1
345,637,346,2,1
345,647,370,3,0
345,697,320,0,3
345,704,346,2,1
346,637,347,2,1
346,647,371,3,0
346,697,321,0,3
346,704,347,2,1
347,637,372,3,0
347,647,372,3,0
347,697,322,0,3
347,704,372,3,0
348,637,373,3,0
348,647,347,1,2
348,697,347,1,2
348,703,349,2,1
348,704,373,3,0
349,637,374,3,0
349,647,348,1,2
349,697,348,1,2
349,704,374,3,0
350,647,374,3,2
350,651,351,1,1
350,663,351,1,1
350,698,351,1,1
350,704,351,1,1
350,717,351,1,1
351,631,352,2,1
351,647,350,1,1
351,667,352,2,1
351,669,352,2,1
351,673,352,2,1
351,686,352,2,1
351,704,352,2,1
352,678,353,2,1
355,680,330,0,3
355,688,330,0,3
355,704,704,83,0
355,713,330,0,3
356,632,381,3,0
356,637,381,3,0
356,647,357,2,1
356,665,381,3,0
356,704,355,1,2
357,637,382,3,0
357,647,358,2,1
357,697,358,2,1
357,704,356,1,2
358,637,383,3,0
358,647,359,2,1
358,697,359,2,1
358,704,357,1,2
359,637,384,3,0
359,647,384,3,0
359,697,334,0,3
359,704,358,1,2
360,637,359,1,2
360,647,385,3,0
360,697,335,0,3
360,704,359,1,2
361,637,360,1,2
361,647,386,3,0
361,697,336,0,3
361,704,360,1,2
362,637,361,1,2
362,647,387,3,0
362,697,337,0,3
362,704,361,1,2
363,647,364,2,1
363,654,364,2,1
363,704,362,1,2
363,714,364,2,1
364,686,363,1,2
364,704,363,1,2
365,662,366,2,1
365,668,366,2,1
365,670,366,2,1
365,678,364,1,2
365,690,366,2,1
366,628,341,0,3
366,642,391,3,0
366,645,391,3,0
366,675,341,0,3
366,711,391,3,0
366,719,391,3,0
367,678,366,1,2
368,647,393,3,0
368,674,393,3,0
368,683,343,0,3
368,700,393,3,0
368,704,369,2,1
368,705,393,3,0
368,709,343,0,3
368,713,369,2,1
368,715,343,0,3
368,718,343,0,3
368,720,343,0,3
368,723,343,0,3
369,637,370,2,1
369,647,394,3,0
369,704,370,2,1
370,637,371,2,1
370,647,395,3,0
370,697,345,0,3
370,704,371,2,1
371,637,372,2,1
371,647,396,3,0
371,697,346,0,3
371,704,372,2,1
372,637,397,3,0
372,647,397,3,0
372,697,347,0,3
372,704,373,2,1
373,637,398,3,0
373,647,372,1,2
373,697,372,1,2
373,703,374,2,1
373,704,374,2,1
374,637,399,3,0
374,647,373,1,2
374,697,373,1,2
374,704,350,2,3
375,633,376,1,1
375,647,399,3,2
375,651,376,1,1
375,663,376,1,1
375,704,350,0,2
375,717,376,1,1
375,724,376,1,1
376,631,377,2,1
376,647,375,1,1
376,667,377,2,1
376,669,377,2,1
376,673,377,2,1
376,686,377,2,1
376,704,377,2,1
377,678,378,2,1
380,680,355,0,3
380,688,355,0,3
380,704,355,0,3
380,713,355,0,3
381,632,406,3,0
381,637,406,3,0
381,647,382,2,1
381,665,406,3,0
381,704,356,0,3
382,637,407,3,0
382,647,383,2,1
382,697,383,2,1
382,704,357,0,3
383,637,408,3,0
383,647,384,2,1
383,697,384,2,1
383,704,358,0,3
384,637,409,3,0
384,647,409,3,0
385,637,384,1,2
385,647,410,3,0
385,697,360,0,3
385,704,384,1,2
386,637,385,1,2
386,647,411,3,0
386,697,361,0,3
386,704,385,1,2
387,637,386,1,2
387,647,412,3,0
387,697,362,0,3
387,704,386,1,2
388,647,389,2,1
388,654,389,2,1
388,704,387,1,2
388,714,389,2,1
389,686,388,1,2
389,704,388,1,2
390,662,391,2,1
390,668,391,2,1
390,670,391,2,1
390,678,389,1,2
391,628,366,0,3
391,642,416,3,0
391,645,416,3,0
391,675,366,0,3
391,711,416,3,0
391,719,416,3,0
392,678,391,1,2
393,647,418,3,0
393,674,418,3,0
393,683,368,0,3
393,700,418,3,0
393,704,394,2,1
393,705,418,3,0
393,709,368,0,3
393,713,394,2,1
393,715,368,0,3
393,718,418,3,0
393,720,418,3,0
393,723,368,0,3
394,637,395,2,1
394,647,419,3,0
394,704,395,2,1
395,637,396,2,1
395,647,420,3,0
395,697,370,0,3
395,704,396,2,1
396,637,397,2,1
396,647,421,3,0
396,697,371,0,3
396,704,397,2,1
397,637,422,3,0
397,647,422,3,0
398,637,423,3,0
398,647,397,1,2
398,697,397,1,2
398,703,399,2,1
398,704,373,0,3
399,637,424,3,0
399,647,398,1,2
399,697,398,1,2
399,704,374,0,3
400,633,401,1,1
400,647,424,3,2
400,651,401,1,1
400,663,401,1,1
400,698,401,1,1
400,704,375,0,2
400,717,401,1,1
400,724,401,1,1
401,631,402,2,1
401,647,400,1,1
401,667,402,2,1
401,669,402,2,1
401,673,402,2,1
401,686,402,2,1
401,704,402,2,1
402,678,403,2,1
405,680,380,0,3
405,688,380,0,3
405,704,380,0,3
405,713,380,0,3
406,632,431,3,0
406,637,637,16,0
406,647,407,2,1
406,665,431,3,0
406,704,381,0,3
407,637,406,1,2
407,647,408,2,1
407,697,408,2,1
407,704,382,0,3
408,637,407,1,2
408,647,409,2,1
408,697,409,2,1
408,704,383,0,3
409,637,408,1,2
409,647,434,3,0
410,637,409,1,2
410,647,435,3,0
410,697,385,0,3
410,704,409,1,2
411,637,410,1,2
411,647,436,3,0
411,697,386,0,3
411,704,410,1,2
412,637,411,1,2
412,647,437,3,0
412,697,387,0,3
412,704,411,1,2
413,647,414,2,1
413,654,414,2,1
413,704,412,1,2
413,714,414,2,1
414,686,413,1,2
414,704,413,1,2
415,662,416,2,1
415,668,416,2,1
415,670,416,2,1
415,678,414,1,2
415,690,416,2,1
416,628,441,3,0
416,645,441,3,0
416,675,441,3,0
416,719,441,3,0
417,678,416,1,2
418,647,443,3,0
418,674,443,3,0
418,683,393,0,3
418,704,419,2,1
418,705,443,3,0
418,709,393,0,3
418,713,419,2,1
418,715,443,3,0
418,718,443,3,0
418,720,443,3,0
418,723,393,0,3
419,637,420,2,1
419,647,444,3,0
419,704,420,2,1
420,637,421,2,1
420,647,445,3,0
420,697,395,0,3
420,704,421,2,1
421,637,422,2,1
421,647,446,3,0
421,697,396,0,3
421,704,422,2,1
422,637,423,2,1
422,647,447,3,0
423,637,424,2,1
423,647,422,1,2
423,697,422,1,2
423,703,424,2,1
423,704,398,0,3
424,637,400,2,3
424,647,423,1,2
424,697,423,1,2
424,704,399,0,3
425,633,426,1,1
425,647,449,3,2
425,651,426,1,1
425,663,426,1,1
425,698,426,1,1
425,704,400,0,2
425,717,426,1,1
425,724,426,1,1
426,631,427,2,1
426,647,425,1,1
426,667,427,2,1
426,669,427,2,1
426,673,427,2,1
426,686,427,2,1
426,704,427,2,1
427,678,428,2,1
430,680,405,0,3
430,688,405,0,3
430,704,405,0,3
430,713,405,0,3
431,632,456,3,0
431,637,406,0,3
431,647,432,2,1
431,665,456,3,0
431,704,406,0,3
432,637,407,0,3
432,647,433,2,1
432,697,433,2,1
432,704,407,0,3
433,637,408,0,3
433,647,434,2,1
433,697,434,2,1
433,704,408,0,3
434,647,459,3,0
434,678,409,0,3
434,704,409,0,3
435,637,434,1,2
435,647,460,3,0
435,678,410,0,3
435,697,410,0,3
435,704,434,1,2
436,637,435,1,2
436,647,461,3,0
436,678,411,0,3
436,697,411,0,3
436,704,435,1,2
437,637,436,1,2
437,647,462,3,0
437,678,412,0,3
437,697,412,0,3
437,704,436,1,2
438,647,439,2,1
438,654,439,2,1
438,678,413,0,3
438,704,437,1,2
438,714,439,2,1
439,678,414,0,3
439,686,438,1,2
439,704,438,1,2
440,668,441,2,1
440,670,441,2,1
440,678,439,1,2
440,690,441,2,1
441,628,466,3,0
441,642,416,0,3
441,645,466,3,0
441,675,466,3,0
441,711,416,0,3
441,719,466,3,0
442,678,441,1,2
443,647,468,3,0
443,674,468,3,0
443,678,418,0,3
443,683,418,0,3
443,700,418,0,3
443,704,444,2,1
443,705,468,3,0
443,709,468,3,0
443,713,444,2,1
443,715,468,3,0
443,718,468,3,0
443,720,468,3,0
443,723,418,0,3
444,637,445,2,1
444,647,469,3,0
444,678,419,0,3
444,704,445,2,1
445,637,446,2,1
445,647,470,3,0
445,678,420,0,3
445,697,420,0,3
445,704,446,2,1
446,637,447,2,1
446,647,471,3,0
446,678,421,0,3
446,697,421,0,3
446,704,447,2,1
447,647,472,3,0
447,678,422,0,3
447,704,422,0,3
448,637,423,0,3
448,647,447,1,2
448,697,447,1,2
448,703,449,2,1
448,704,423,0,3
449,637,424,0,3
449,647,448,1,2
449,697,448,1,2
449,704,424,0,3
450,633,451,1,1
450,647,474,3,2
450,651,451,1,1
450,663,451,1,1
450,698,451,1,1
450,704,425,0,2
450,717,451,1,1
450,724,451,1,1
451,631,452,2,1
451,647,450,1,1
451,667,452,2,1
451,669,452,2,1
451,673,452,2,1
451,686,452,2,1
451,704,452,2,1
452,678,453,2,1
455,680,480,3,0
455,688,480,3,0
455,704,430,0,3
455,713,430,0,3
456,632,481,3,0
456,637,431,0,3
456,647,457,2,1
456,665,481,3,0
456,704,431,0,3
457,637,432,0,3
457,647,458,2,1
457,697,458,2,1
457,704,432,0,3
458,637,433,0,3
458,647,459,2,1
458,697,459,2,1
458,704,433,0,3
459,647,484,3,0
459,704,434,0,3
459,712,484,3,0
460,637,459,1,2
460,647,485,3,0
460,697,435,0,3
460,704,459,1,2
461,637,460,1,2
461,647,486,3,0
461,697,436,0,3
461,704,460,1,2
462,637,461,1,2
462,647,487,3,0
462,697,437,0,3
462,704,461,1,2
463,647,464,2,1
463,654,464,2,1
463,704,462,1,2
463,714,464,2,1
464,686,463,1,2
464,704,463,1,2
465,662,466,2,1
465,670,466,2,1
465,678,464,1,2
465,690,466,2,1
466,628,491,3,0
466,642,441,0,3
466,645,491,3,0
466,675,491,3,0
466,711,441,0,3
466,719,491,3,0
467,678,466,1,2
468,647,493,3,0
468,674,493,3,0
468,683,493,3,0
468,700,443,0,3
468,704,469,2,1
468,705,493,3,0
468,709,493,3,0
468,713,469,2,1
468,715,493,3,0
468,718,493,3,0
468,720,493,3,0
468,723,493,3,0
469,637,470,2,1
469,647,494,3,0
469,704,470,2,1
470,637,471,2,1
470,647,495,3,0
470,697,445,0,3
470,704,471,2,1
471,637,472,2,1
471,647,496,3,0
471,697,446,0,3
471,704,472,2,1
472,647,497,3,0
472,704,447,0,3
472,712,497,3,0
473,637,448,0,3
473,647,472,1,2
473,697,472,1,2
473,703,474,2,1
473,704,448,0,3
474,637,449,0,3
474,647,473,1,2
474,697,473,1,2
474,704,449,0,3
475,633,476,1,1
475,647,499,3,2
475,651,476,1,1
475,663,476,1,1
475,698,476,1,1
475,704,450,0,2
475,717,476,1,1
475,724,476,1,1
476,631,477,2,1
476,647,475,1,1
476,667,477,2,1
476,669,477,2,1
476,673,477,2,1
476,686,477,2,1
476,704,477,2,1
477,678,478,2,1
480,680,505,3,0
480,688,505,3,0
480,704,455,0,3
480,713,455,0,3
481,632,506,3,0
481,637,456,0,3
481,647,482,2,1
481,665,506,3,0
481,704,456,0,3
482,637,457,0,3
482,647,483,2,1
482,697,483,2,1
482,704,457,0,3
483,637,458,0,3
483,647,484,2,1
483,697,484,2,1
483,704,458,0,3
484,647,509,3,0
484,697,509,3,0
484,704,459,0,3
485,637,484,1,2
485,647,510,3,0
485,697,510,3,0
485,704,484,1,2
486,637,485,1,2
486,647,511,3,0
486,697,511,3,0
486,704,485,1,2
487,637,486,1,2
487,647,512,3,0
487,697,512,3,0
487,704,486,1,2
488,647,489,2,1
488,654,489,2,1
488,704,487,1,2
488,714,489,2,1
489,686,488,1,2
489,704,488,1,2
490,662,491,2,1
490,668,491,2,1
490,670,491,2,1
490,678,489,1,2
490,690,491,2,1
491,628,516,3,0
491,642,466,0,3
491,645,516,3,0
491,675,516,3,0
491,711,466,0,3
491,719,516,3,0
492,678,491,1,2
493,647,518,3,0
493,674,518,3,0
493,683,518,3,0
493,700,468,0,3
493,704,494,2,1
493,705,518,3,0
493,709,518,3,0
493,713,494,2,1
493,715,518,3,0
493,718,518,3,0
493,720,518,3,0
493,723,518,3,0
494,637,495,2,1
494,647,519,3,0
494,704,495,2,1
495,637,496,2,1
495,647,520,3,0
495,697,520,3,0
495,704,496,2,1
496,637,497,2,1
496,647,521,3,0
496,697,521,3,0
496,704,497,2,1
497,647,522,3,0
497,697,522,3,0
497,704,472,0,3
498,637,473,0,3
498,647,497,1,2
498,697,497,1,2
498,703,499,2,1
498,704,473,0,3
499,637,474,0,3
499,647,498,1,2
499,697,498,1,2
499,704,474,0,3
500,633,501,1,1
500,647,524,3,2
500,651,501,1,1
500,663,501,1,1
500,698,501,1,1
500,704,475,0,2
500,717,501,1,1
500,724,501,1,1
501,631,502,2,1
501,647,500,1,1
501,667,502,2,1
501,669,502,2,1
501,673,502,2,1
501,686,502,2,1
501,704,502,2,1
502,678,503,2,1
505,680,530,3,0
505,688,530,3,0
505,704,480,0,3
505,713,480,0,3
506,637,481,0,3
506,647,507,2,1
506,665,531,3,0
506,704,481,0,3
507,637,482,0,3
507,647,508,2,1
507,697,508,2,1
507,704,482,0,3
508,637,483,0,3
508,647,509,2,1
508,697,509,2,1
508,704,483,0,3
509,647,534,3,0
509,697,534,3,0
509,704,484,0,3
510,637,509,1,2
510,647,535,3,0
510,697,535,3,0
510,704,509,1,2
511,637,510,1,2
511,647,536,3,0
511,697,536,3,0
511,704,510,1,2
512,637,511,1,2
512,647,537,3,0
512,697,537,3,0
512,704,511,1,2
513,647,514,2,1
513,654,514,2,1
513,704,512,1,2
513,714,514,2,1
514,686,513,1,2
514,704,513,1,2
515,662,516,2,1
515,668,516,2,1
515,670,516,2,1
515,678,514,1,2
515,690,516,2,1
516,628,541,3,0
516,642,491,0,3
516,645,541,3,0
516,675,541,3,0
516,711,491,0,3
516,719,541,3,0
517,678,516,1,2
518,647,543,3,0
518,674,543,3,0
518,683,543,3,0
518,700,493,0,3
518,704,519,2,1
518,705,543,3,0
518,709,543,3,0
518,713,519,2,1
518,715,543,3,0
518,718,543,3,0
518,720,543,3,0
518,723,543,3,0
519,637,520,2,1
519,647,544,3,0
519,704,520,2,1
520,637,521,2,1
520,647,545,3,0
520,697,545,3,0
520,704,521,2,1
521,637,522,2,1
521,647,546,3,0
521,697,546,3,0
521,704,522,2,1
522,647,547,3,0
522,697,547,3,0
522,704,497,0,3
523,637,498,0,3
523,647,522,1,2
523,697,522,1,2
523,703,524,2,1
523,704,498,0,3
524,637,499,0,3
524,647,523,1,2
524,697,523,1,2
524,704,499,0,3
525,633,526,1,1
525,647,549,3,2
525,651,526,1,1
525,663,526,1,1
525,698,526,1,1
525,704,500,0,2
525,717,526,1,1
525,724,526,1,1
526,631,527,2,1
526,647,525,1,1
526,667,527,2,1
526,669,527,2,1
526,673,527,2,1
526,686,527,2,1
526,704,527,2,1
527,678,528,2,1
530,680,555,3,0
530,688,555,3,0
530,704,505,0,3
530,713,505,0,3
531,632,506,0,3
531,637,506,0,3
531,647,532,2,1
531,665,556,3,0
531,704,506,0,3
532,637,507,0,3
532,647,533,2,1
532,697,533,2,1
532,704,507,0,3
533,637,508,0,3
533,647,534,2,1
533,697,534,2,1
533,704,508,0,3
534,637,509,0,3
534,647,535,2,1
534,697,559,3,0
534,704,509,0,3
535,637,534,1,2
535,647,536,2,1
535,697,560,3,0
535,704,534,1,2
536,637,535,1,2
536,647,537,2,1
536,697,561,3,0
536,704,535,1,2
537,637,536,1,2
537,647,538,2,1
537,697,562,3,0
537,704,536,1,2
538,647,539,2,1
538,654,539,2,1
538,704,537,1,2
538,714,539,2,1
539,686,538,1,2
539,704,538,1,2
540,662,541,2,1
540,668,541,2,1
540,670,541,2,1
540,678,539,1,2
540,690,541,2,1
541,628,566,3,0
541,642,516,0,3
541,645,566,3,0
541,675,566,3,0
541,711,516,0,3
541,719,566,3,0
542,678,541,1,2
543,647,647,26,0
543,674,568,3,0
543,683,568,3,0
543,700,518,0,3
543,704,544,2,1
543,705,568,3,0
543,709,568,3,0
543,713,544,2,1
543,715,568,3,0
543,718,568,3,0
543,720,568,3,0
543,723,568,3,0
544,637,545,2,1
544,647,543,1,2
544,704,545,2,1
545,637,546,2,1
545,647,544,1,2
545,697,570,3,0
545,704,546,2,1
546,637,547,2,1
546,647,545,1,2
546,697,571,3,0
546,704,547,2,1
547,637,522,0,3
547,647,546,1,2
547,697,572,3,0
547,704,522,0,3
548,637,523,0,3
548,647,547,1,2
548,697,547,1,2
548,703,549,2,1
548,704,523,0,3
549,637,524,0,3
549,647,548,1,2
549,697,548,1,2
549,704,524,0,3
550,630,575,2,0
550,633,551,1,1
550,647,574,3,2
550,651,551,1,1
550,663,551,1,1
550,698,551,1,1
550,704,525,0,2
550,717,551,1,1
550,724,551,1,1
551,630,576,3,0
551,631,552,2,1
551,647,550,1,1
551,667,552,2,1
551,669,552,2,1
551,673,552,2,1
551,686,552,2,1
551,704,552,2,1
552,630,577,3,0
552,678,553,2,1
555,630,580,3,0
555,680,580,3,0
555,688,580,3,0
555,704,530,0,3
555,713,530,0,3
556,630,581,3,0
556,632,531,0,3
556,637,531,0,3
556,647,557,2,1
556,704,531,0,3
557,630,582,3,0
557,637,532,0,3
557,647,558,2,1
557,697,558,2,1
557,704,532,0,3
558,630,583,3,0
558,637,533,0,3
558,647,559,2,1
558,697,559,2,1
558,704,533,0,3
559,630,584,3,0
559,637,534,0,3
559,697,584,3,0
559,704,534,0,3
560,637,559,1,2
560,647,535,0,3
560,697,585,3,0
560,704,559,1,2
561,637,560,1,2
561,647,536,0,3
561,697,586,3,0
561,704,560,1,2
562,637,561,1,2
562,647,537,0,3
562,697,587,3,0
562,704,561,1,2
563,647,564,2,1
563,654,564,2,1
563,704,562,1,2
563,714,564,2,1
564,686,563,1,2
564,704,563,1,2
565,662,566,2,1
565,668,566,2,1
565,678,564,1,2
565,690,566,2,1
566,628,591,3,0
566,642,541,0,3
566,645,591,3,0
566,675,591,3,0
566,711,541,0,3
566,719,591,3,0
567,678,566,1,2
568,647,543,0,3
568,674,593,3,0
568,683,593,3,0
568,700,543,0,3
568,704,569,2,1
568,705,593,3,0
568,709,593,3,0
568,713,569,2,1
568,715,593,3,0
568,718,593,3,0
568,720,593,3,0
568,723,593,3,0
569,637,570,2,1
569,647,544,0,3
569,704,570,2,1
570,637,571,2,1
570,647,545,0,3
570,697,595,3,0
570,704,571,2,1
571,637,572,2,1
571,647,546,0,3
571,697,596,3,0
571,704,572,2,1
572,630,597,3,0
572,637,547,0,3
572,697,597,3,0
572,704,547,0,3
573,630,598,3,0
573,637,548,0,3
573,647,572,1,2
573,697,572,1,2
573,703,574,2,1
573,704,548,0,3
574,630,599,3,0
574,637,549,0,3
574,647,573,1,2
574,697,573,1,2
574,704,549,0,3
575,633,576,1,1
575,647,599,3,2
575,651,576,1,1
575,663,576,1,1
575,698,576,1,1
575,704,550,0,2
575,717,576,1,1
575,724,576,1,1
576,631,577,2,1
576,647,575,1,1
576,667,577,2,1
576,669,577,2,1
576,673,577,2,1
576,686,577,2,1
576,704,577,2,1
577,678,578,2,1
580,680,605,3,0
580,688,605,3,0
580,704,555,0,3
580,713,555,0,3
581,632,556,0,3
581,637,556,0,3
581,647,582,2,1
581,665,556,0,3
581,704,556,0,3
582,637,557,0,3
582,647,583,2,1
582,697,583,2,1
582,704,557,0,3
583,637,558,0,3
583,647,584,2,1
583,697,584,2,1
583,704,558,0,3
584,637,559,0,3
584,686,559,0,3
584,697,609,3,0
584,704,559,0,3
585,637,584,1,2
585,647,560,0,3
585,686,560,0,3
585,697,610,3,0
585,704,584,1,2
586,637,585,1,2
586,647,561,0,3
586,686,561,0,3
586,697,611,3,0
586,704,585,1,2
587,637,586,1,2
587,647,562,0,3
587,686,562,0,3
587,697,612,3,0
587,704,586,1,2
588,647,589,2,1
588,654,589,2,1
588,686,563,0,3
588,704,587,1,2
588,714,589,2,1
589,686,588,1,2
589,704,588,1,2
590,662,591,2,1
590,668,591,2,1
590,670,591,2,1
590,678,589,1,2
590,690,591,2,1
591,628,616,3,0
591,642,566,0,3
591,645,616,3,0
591,675,616,3,0
591,711,566,0,3
591,719,616,3,0
592,678,591,1,2
593,647,568,0,3
593,683,618,3,0
593,686,568,0,3
593,700,568,0,3
593,704,594,2,1
593,705,618,3,0
593,709,618,3,0
593,713,594,2,1
593,715,618,3,0
593,718,618,3,0
593,720,618,3,0
593,723,618,3,0
594,637,595,2,1
594,647,569,0,3
594,686,569,0,3
594,704,595,2,1
595,637,596,2,1
595,647,570,0,3
595,686,570,0,3
595,697,620,3,0
595,704,596,2,1
596,637,597,2,1
596,647,571,0,3
596,686,571,0,3
596,697,621,3,0
596,704,597,2,1
597,637,572,0,3
597,686,572,0,3
597,697,622,3,0
597,704,572,0,3
598,637,573,0,3
598,647,597,1,2
598,697,597,1,2
598,703,599,2,1
598,704,573,0,3
599,637,574,0,3
599,647,598,1,2
599,697,598,1,2
599,704,574,0,3
600,633,601,1,1
600,647,624,3,2
600,651,601,1,1
600,698,601,1,1
600,704,575,0,2
600,717,601,1,1
600,724,601,1,1
601,631,602,2,1
601,647,600,1,1
601,667,602,2,1
601,669,602,2,1
601,673,602,2,1
601,686,602,2,1
601,704,602,2,1
602,678,603,2,1
605,680,5,3,3
605,688,5,3,3
605,704,580,0,3
605,713,5,3,3
606,632,581,0,3
606,637,581,0,3
606,647,607,2,1
606,665,581,0,3
606,704,581,0,3
607,637,582,0,3
607,647,608,2,1
607,697,608,2,1
607,704,582,0,3
608,637,583,0,3
608,647,609,2,1
608,697,609,2,1
608,704,583,0,3
609,637,584,0,3
609,647,584,0,3
609,697,9,3,3
609,704,584,0,3
610,637,609,1,2
610,647,585,0,3
610,697,10,3,3
610,704,609,1,2
611,637,610,1,2
611,647,586,0,3
611,697,11,3,3
611,704,610,1,2
612,637,611,1,2
612,647,587,0,3
612,697,12,3,3
612,704,611,1,2
613,647,614,2,1
613,654,614,2,1
613,704,612,1,2
613,714,614,2,1
614,686,613,1,2
614,704,613,1,2
615,662,616,2,1
615,668,616,2,1
615,670,616,2,1
615,678,614,1,2
615,690,616,2,1
616,628,16,3,3
616,642,591,0,3
616,645,16,3,3
616,675,16,3,3
616,711,591,0,3
617,678,616,1,2
618,647,593,0,3
618,674,593,0,3
618,683,18,3,3
618,700,593,0,3
618,704,619,2,1
618,709,18,3,3
618,713,619,2,1
618,715,18,3,3
618,718,18,3,3
618,720,18,3,3
618,723,18,3,3
619,637,620,2,1
619,647,594,0,3
619,704,620,2,1
620,637,621,2,1
620,647,595,0,3
620,697,20,3,3
620,704,621,2,1
621,637,622,2,1
621,647,596,0,3
621,697,21,3,3
621,704,622,2,1
622,637,597,0,3
622,647,597,0,3
622,697,22,3,3
622,704,597,0,3
623,637,598,0,3
623,647,622,1,2
623,697,622,1,2
623,703,624,2,1
623,704,598,0,3
624,637,599,0,3
624,647,623,1,2
624,697,623,1,2
624,704,599,0,3
630,625,227,0,9
630,626,227,0,9
630,627,227,0,9
630,628,227,0,9
630,629,227,0,9
630,631,227,0,9
630,632,227,0,9
630,633,227,0,9
630,634,227,0,9
630,635,227,0,9
630,636,227,0,9
630,637,227,0,9
630,638,227,0,9
630,639,227,0,9
630,640,227,0,9
630,641,227,0,9
630,642,227,0,9
630,643,227,0,9
630,644,227,0,9
630,645,227,0,9
630,646,227,0,9
630,647,227,0,9
630,648,227,0,9
630,649,227,0,9
630,650,227,0,9
630,651,227,0,9
630,652,227,0,9
630,653,227,0,9
630,654,227,0,9
630,655,227,0,9
630,656,227,0,9
630,657,227,0,9
630,658,227,0,9
630,659,227,0,9
630,660,227,0,9
630,661,227,0,9
630,662,227,0,9
630,663,227,0,9
630,664,227,0,9
630,665,227,0,9
630,666,227,0,9
630,667,227,0,9
630,668,227,0,9
630,669,227,0,9
630,670,227,0,9
630,671,227,0,9
630,672,227,0,9
630,673,227,0,9
630,674,227,0,9
630,675,227,0,9
630,676,227,0,9
630,677,227,0,9
630,678,227,0,9
630,679,227,0,9
630,680,227,0,9
630,681,227,0,9
630,682,227,0,9
630,683,227,0,9
630,684,227,0,9
630,685,227,0,9
630,686,227,0,9
630,687,227,0,9
630,688,227,0,9
630,689,227,0,9
630,690,227,0,9
630,691,227,0,9
630,692,227,0,9
630,693,227,0,9
630,694,227,0,9
630,695,227,0,9
630,696,227,0,9
630,697,227,0,9
630,698,227,0,9
630,699,227,0,9
630,700,227,0,9
630,701,227,0,9
630,702,227,0,9
630,703,227,0,9
630,704,227,0,9
630,705,227,0,9
630,706,227,0,9
630,707,227,0,9
630,708,227,0,9
630,709,227,0,9
630,710,227,0,9
630,711,227,0,9
630,712,227,0,9
630,713,227,0,9
630,714,227,0,9
630,715,227,0,9
630,716,227,0,9
630,717,227,0,9
630,718,227,0,9
630,719,227,0,9
630,720,227,0,9
630,721,227,0,9
630,722,227,0,9
630,723,227,0,9
630,724,227,0,9
637,625,406,0,16
637,626,406,0,16
637,627,406,0,16
637,628,406,0,16
637,629,406,0,16
637,630,406,0,16
637,631,406,0,16
637,632,406,0,16
637,633,406,0,16
637,634,406,0,16
637,635,406,0,16
637,636,406,0,16
637,638,406,0,16
637,639,406,0,16
637,640,406,0,16
637,641,406,0,16
637,642,406,0,16
637,643,406,0,16
637,644,406,0,16
637,645,406,0,16
637,646,406,0,16
637,647,406,0,16
637,648,406,0,16
637,649,406,0,16
637,650,406,0,16
637,651,406,0,16
637,652,406,0,16
637,653,406,0,16
637,654,406,0,16
637,655,406,0,16
637,656,406,0,16
637,657,406,0,16
637,658,406,0,16
637,659,406,0,16
637,660,406,0,16
637,661,406,0,16
637,662,406,0,16
637,663,406,0,16
637,664,406,0,16
637,665,406,0,16
637,666,406,0,16
637,667,406,0,16
637,668,406,0,16
637,669,406,0,16
637,670,406,0,16
637,671,406,0,16
637,672,406,0,16
637,673,406,0,16
637,674,406,0,16
637,675,406,0,16
637,676,406,0,16
637,677,406,0,16
637,678,406,0,16
637,679,406,0,16
637,680,406,0,16
637,681,406,0,16
637,682,406,0,16
637,683,406,0,16
637,684,406,0,16
637,685,406,0,16
637,686,406,0,16
637,687,406,0,16
637,688,406,0,16
637,689,406,0,16
637,690,406,0,16
637,691,406,0,16
637,692,406,0,16
637,693,406,0,16
637,694,406,0,16
637,695,406,0,16
637,696,406,0,16
637,697,406,0,16
637,698,406,0,16
637,699,406,0,16
637,700,406,0,16
637,701,406,0,16
637,702,406,0,16
637,703,406,0,16
637,704,406,0,16
637,705,406,0,16
637,706,406,0,16
637,707,406,0,16
637,708,406,0,16
637,709,406,0,16
637,710,406,0,16
637,711,406,0,16
637,712,406,0,16
637,713,406,0,16
637,714,406,0,16
637,715,406,0,16
637,716,406,0,16
637,717,406,0,16
637,718,406,0,16
637,719,406,0,16
637,720,406,0,16
637,721,406,0,16
637,722,406,0,16
637,723,406,0,16
637,724,406,0,16
647,625,543,0,26
647,626,543,0,26
647,627,543,0,26
647,628,543,0,26
647,629,543,0,26
647,630,543,0,26
647,631,543,0,26
647,632,543,0,26
647,633,543,0,26
647,634,543,0,26
647,635,543,0,26
647,636,543,0,26
647,637,543,0,26
647,638,543,0,26
647,639,543,0,26
647,640,543,0,26
647,641,543,0,26
647,642,543,0,26
647,643,543,0,26
647,644,543,0,26
647,645,543,0,26
647,646,543,0,26
647,648,543,0,26
647,649,543,0,26
647,650,543,0,26
647,651,543,0,26
647,652,543,0,26
647,653,543,0,26
647,654,543,0,26
647,655,543,0,26
647,656,543,0,26
647,657,543,0,26
647,658,543,0,26
647,659,543,0,26
647,660,543,0,26
647,661,543,0,26
647,662,543,0,26
647,663,543,0,26
647,664,543,0,26
647,665,543,0,26
647,666,543,0,26
647,667,543,0,26
647,668,543,0,26
647,669,543,0,26
647,670,543,0,26
647,671,543,0,26
647,672,543,0,26
647,673,543,0,26
647,674,543,0,26
647,675,543,0,26
647,676,543,0,26
647,677,543,0,26
647,678,543,0,26
647,679,543,0,26
647,680,543,0,26
647,681,543,0,26
647,682,543,0,26
647,683,543,0,26
647,684,543,0,26
647,685,543,0,26
647,686,543,0,26
647,687,543,0,26
647,688,543,0,26
647,689,543,0,26
647,690,543,0,26
647,691,543,0,26
647,692,543,0,26
647,693,543,0,26
647,694,543,0,26
647,695,543,0,26
647,696,543,0,26
647,697,543,0,26
647,698,543,0,26
647,699,543,0,26
647,700,543,0,26
647,701,543,0,26
647,702,543,0,26
647,703,543,0,26
647,704,543,0,26
647,705,543,0,26
647,706,543,0,26
647,707,543,0,26
647,708,543,0,26
647,709,543,0,26
647,710,543,0,26
647,711,543,0,26
647,712,543,0,26
647,713,543,0,26
647,714,543,0,26
647,715,543,0,26
647,716,543,0,26
647,717,543,0,26
647,718,543,0,26
647,719,543,0,26
647,720,543,0,26
647,721,543,0,26
647,722,543,0,26
647,723,543,0,26
647,724,543,0,26
678,625,139,0,57
678,626,139,0,57
678,627,139,0,57
678,628,139,0,57
678,629,139,0,57
678,630,139,0,57
678,631,139,0,57
678,632,139,0,57
678,633,139,0,57
678,634,139,0,57
678,635,139,0,57
678,636,139,0,57
678,637,139,0,57
678,638,139,0,57
678,639,139,0,57
678,640,139,0,57
678,641,139,0,57
678,642,139,0,57
678,643,139,0,57
678,644,139,0,57
678,645,139,0,57
678,646,139,0,57
678,647,139,0,57
678,648,139,0,57
678,649,139,0,57
678,650,139,0,57
678,651,139,0,57
678,652,139,0,57
678,653,139,0,57
678,654,139,0,57
678,655,139,0,57
678,656,139,0,57
678,657,139,0,57
678,658,139,0,57
678,659,139,0,57
678,660,139,0,57
678,661,139,0,57
678,662,139,0,57
678,663,139,0,57
678,664,139,0,57
678,665,139,0,57
678,666,139,0,57
678,667,139,0,57
678,668,139,0,57
678,669,139,0,57
678,670,139,0,57
678,671,139,0,57
678,672,139,0,57
678,673,139,0,57
678,674,139,0,57
678,675,139,0,57
678,676,139,0,57
678,677,139,0,57
678,679,139,0,57
678,680,139,0,57
678,681,139,0,57
678,682,139,0,57
678,683,139,0,57
678,684,139,0,57
678,685,139,0,57
678,686,139,0,57
678,687,139,0,57
678,688,139,0,57
678,689,139,0,57
678,690,139,0,57
678,691,139,0,57
678,692,139,0,57
678,693,139,0,57
678,694,139,0,57
678,695,139,0,57
678,696,139,0,57
678,697,139,0,57
678,698,139,0,57
678,699,139,0,57
678,700,139,0,57
678,701,139,0,57
678,702,139,0,57
678,703,139,0,57
678,704,139,0,57
678,705,139,0,57
678,706,139,0,57
678,707,139,0,57
678,708,139,0,57
678,709,139,0,57
678,710,139,0,57
678,711,139,0,57
678,712,139,0,57
678,713,139,0,57
678,714,139,0,57
678,715,139,0,57
678,716,139,0,57
678,717,139,0,57
678,718,139,0,57
678,719,139,0,57
678,720,139,0,57
678,721,139,0,57
678,722,139,0,57
678,723,139,0,57
678,724,139,0,57
686,625,288,0,65
686,626,288,0,65
686,627,288,0,65
686,628,288,0,65
686,629,288,0,65
686,630,288,0,65
686,631,288,0,65
686,632,288,0,65
686,633,288,0,65
686,634,288,0,65
686,635,288,0,65
686,636,288,0,65
686,637,288,0,65
686,638,288,0,65
686,639,288,0,65
686,640,288,0,65
686,641,288,0,65
686,642,288,0,65
686,643,288,0,65
686,644,288,0,65
686,645,288,0,65
686,646,288,0,65
686,647,288,0,65
686,648,288,0,65
686,649,288,0,65
686,650,288,0,65
686,651,288,0,65
686,652,288,0,65
686,653,288,0,65
686,654,288,0,65
686,655,288,0,65
686,656,288,0,65
686,657,288,0,65
686,658,288,0,65
686,659,288,0,65
686,660,288,0,65
686,661,288,0,65
686,662,288,0,65
686,663,288,0,65
686,664,288,0,65
686,665,288,0,65
686,666,288,0,65
686,667,288,0,65
686,668,288,0,65
686,669,288,0,65
686,670,288,0,65
686,671,288,0,65
686,672,288,0,65
686,673,288,0,65
686,674,288,0,65
686,675,288,0,65
686,676,288,0,65
686,677,288,0,65
686,678,288,0,65
686,679,288,0,65
686,680,288,0,65
686,681,288,0,65
686,682,288,0,65
686,683,288,0,65
686,684,288,0,65
686,685,288,0,65
686,687,288,0,65
686,688,288,0,65
686,689,288,0,65
686,690,288,0,65
686,691,288,0,65
686,692,288,0,65
686,693,288,0,65
686,694,288,0,65
686,695,288,0,65
686,696,288,0,65
686,697,288,0,65
686,698,288,0,65
686,699,288,0,65
686,700,288,0,65
686,701,288,0,65
686,702,288,0,65
686,703,288,0,65
686,704,288,0,65
686,705,288,0,65
686,706,288,0,65
686,707,288,0,65
686,708,288,0,65
686,709,288,0,65
686,710,288,0,65
686,711,288,0,65
686,712,288,0,65
686,713,288,0,65
686,714,288,0,65
686,715,288,0,65
686,716,288,0,65
686,717,288,0,65
686,718,288,0,65
686,719,288,0,65
686,720,288,0,65
686,721,288,0,65
686,722,288,0,65
686,723,288,0,65
686,724,288,0,65
697,625,162,0,76
697,626,162,0,76
697,627,162,0,76
697,628,162,0,76
697,629,162,0,76
697,630,162,0,76
697,631,162,0,76
697,632,162,0,76
697,633,162,0,76
697,634,162,0,76
697,635,162,0,76
697,636,162,0,76
697,637,162,0,76
697,638,162,0,76
697,639,162,0,76
697,640,162,0,76
697,641,162,0,76
697,642,162,0,76
697,643,162,0,76
697,644,162,0,76
697,645,162,0,76
697,646,162,0,76
697,647,162,0,76
697,648,162,0,76
697,649,162,0,76
697,650,162,0,76
697,651,162,0,76
697,652,162,0,76
697,653,162,0,76
697,654,162,0,76
697,655,162,0,76
697,656,162,0,76
697,657,162,0,76
697,658,162,0,76
697,659,162,0,76
697,660,162,0,76
697,661,162,0,76
697,662,162,0,76
697,663,162,0,76
697,664,162,0,76
697,665,162,0,76
697,666,162,0,76
697,667,162,0,76
697,668,162,0,76
697,669,162,0,76
697,670,162,0,76
697,671,162,0,76
697,672,162,0,76
697,673,162,0,76
697,674,162,0,76
697,675,162,0,76
697,676,162,0,76
697,677,162,0,76
697,678,162,0,76
697,679,162,0,76
697,680,162,0,76
697,681,162,0,76
697,682,162,0,76
697,683,162,0,76
697,684,162,0,76
697,685,162,0,76
697,686,162,0,76
697,687,162,0,76
697,688,162,0,76
697,689,162,0,76
697,690,162,0,76
697,691,162,0,76
697,692,162,0,76
697,693,162,0,76
697,694,162,0,76
697,695,162,0,76
697,696,162,0,76
697,698,162,0,76
697,699,162,0,76
697,700,162,0,76
697,701,162,0,76
697,702,162,0,76
697,703,162,0,76
697,704,162,0,76
697,705,162,0,76
697,706,162,0,76
697,707,162,0,76
697,708,162,0,76
697,709,162,0,76
697,710,162,0,76
697,711,162,0,76
697,712,162,0,76
697,713,162,0,76
697,714,162,0,76
697,715,162,0,76
697,716,162,0,76
697,717,162,0,76
697,718,162,0,76
697,719,162,0,76
697,720,162,0,76
697,721,162,0,76
697,722,162,0,76
697,723,162,0,76
697,724,162,0,76
704,625,355,0,83
704,626,355,0,83
704,627,355,0,83
704,628,355,0,83
704,629,355,0,83
704,630,355,0,83
704,631,355,0,83
704,632,355,0,83
704,633,355,0,83
704,634,355,0,83
704,635,355,0,83
704,636,355,0,83
704,637,355,0,83
704,638,355,0,83
704,639,355,0,83
704,640,355,0,83
704,641,355,0,83
704,642,355,0,83
704,643,355,0,83
704,644,355,0,83
704,645,355,0,83
704,646,355,0,83
704,647,355,0,83
704,648,355,0,83
704,649,355,0,83
704,650,355,0,83
704,651,355,0,83
704,652,355,0,83
704,653,355,0,83
704,654,355,0,83
704,655,355,0,83
704,656,355,0,83
704,657,355,0,83
704,658,355,0,83
704,659,355,0,83
704,660,355,0,83
704,661,355,0,83
704,662,355,0,83
704,663,355,0,83
704,664,355,0,83
704,665,355,0,83
704,666,355,0,83
704,667,355,0,83
704,668,355,0,83
704,669,355,0,83
704,670,355,0,83
704,671,355,0,83
704,672,355,0,83
704,673,355,0,83
704,674,355,0,83
704,675,355,0,83
704,676,355,0,83
704,677,355,0,83
704,678,355,0,83
704,679,355,0,83
704,680,355,0,83
704,681,355,0,83
704,682,355,0,83
704,683,355,0,83
704,684,355,0,83
704,685,355,0,83
704,686,355,0,83
704,687,355,0,83
704,688,355,0,83
704,689,355,0,83
704,690,355,0,83
704,691,355,0,83
704,692,355,0,83
704,693,355,0,83
704,694,355,0,83
704,695,355,0,83
704,696,355,0,83
704,697,355,0,83
704,698,355,0,83
704,699,355,0,83
704,700,355,0,83
704,701,355,0,83
704,702,355,0,83
704,703,355,0,83
704,705,355,0,83
704,706,355,0,83
704,707,355,0,83
704,708,355,0,83
704,709,355,0,83
704,710,355,0,83
704,711,355,0,83
704,712,355,0,83
704,713,355,0,83
704,714,355,0,83
704,715,355,0,83
704,716,355,0,83
704,717,355,0,83
704,718,355,0,83
704,719,355,0,83
704,720,355,0,83
704,721,355,0,83
704,722,355,0,83
704,723,355,0,83
704,724,355,0,83
712,625,134,0,91
712,626,134,0,91
712,627,134,0,91
712,628,134,0,91
712,629,134,0,91
712,630,134,0,91
712,631,134,0,91
712,632,134,0,91
712,633,134,0,91
712,634,134,0,91
712,635,134,0,91
712,636,134,0,91
712,637,134,0,91
712,638,134,0,91
712,639,134,0,91
712,640,134,0,91
712,641,134,0,91
712,642,134,0,91
712,643,134,0,91
712,644,134,0,91
712,645,134,0,91
712,646,134,0,91
712,647,134,0,91
712,648,134,0,91
712,649,134,0,91
712,650,134,0,91
712,651,134,0,91
712,652,134,0,91
712,653,134,0,91
712,654,134,0,91
712,655,134,0,91
712,656,134,0,91
712,657,134,0,91
712,658,134,0,91
712,659,134,0,91
712,660,134,0,91
712,661,134,0,91
712,662,134,0,91
712,663,134,0,91
712,664,134,0,91
712,665,134,0,91
712,666,134,0,91
712,667,134,0,91
712,668,134,0,91
712,669,134,0,91
712,670,134,0,91
712,671,134,0,91
712,672,134,0,91
712,673,134,0,91
712,674,134,0,91
712,675,134,0,91
712,676,134,0,91
712,677,134,0,91
712,678,134,0,91
712,679,134,0,91
712,680,134,0,91
712,681,134,0,91
712,682,134,0,91
712,683,134,0,91
712,684,134,0,91
712,685,134,0,91
712,686,134,0,91
712,687,134,0,91
712,688,134,0,91
712,689,134,0,91
712,690,134,0,91
712,691,134,0,91
712,692,134,0,91
712,693,134,0,91
712,694,134,0,91
712,695,134,0,91
712,696,134,0,91
712,697,134,0,91
712,698,134,0,91
712,699,134,0,91
712,700,134,0,91
712,701,134,0,91
712,702,134,0,91
712,703,134,0,91
712,704,134,0,91
712,705,134,0,91
712,706,134,0,91
712,707,134,0,91
712,708,134,0,91
712,709,134,0,91
712,710,134,0,91
712,711,134,0,91
712,713,134,0,91
712,714,134,0,91
712,715,134,0,91
712,716,134,0,91
712,717,134,0,91
712,718,134,0,91
712,719,134,0,91
712,720,134,0,91
712,721,134,0,91
712,722,134,0,91
712,723,134,0,91
712,724,134,0,91
713,625,280,0,92
713,626,280,0,92
713,627,280,0,92
713,628,280,0,92
713,629,280,0,92
713,630,280,0,92
713,631,280,0,92
713,632,280,0,92
713,633,280,0,92
713,634,280,0,92
713,635,280,0,92
713,636,280,0,92
713,637,280,0,92
713,638,280,0,92
713,639,280,0,92
713,640,280,0,92
713,641,280,0,92
713,642,280,0,92
713,643,280,0,92
713,644,280,0,92
713,645,280,0,92
713,646,280,0,92
713,647,280,0,92
713,648,280,0,92
713,649,280,0,92
713,650,280,0,92
713,651,280,0,92
713,652,280,0,92
713,653,280,0,92
713,654,280,0,92
713,655,280,0,92
713,656,280,0,92
713,657,280,0,92
713,658,280,0,92
713,659,280,0,92
713,660,280,0,92
713,661,280,0,92
713,662,280,0,92
713,663,280,0,92
713,664,280,0,92
713,665,280,0,92
713,666,280,0,92
713,667,280,0,92
713,668,280,0,92
713,669,280,0,92
713,670,280,0,92
713,671,280,0,92
713,672,280,0,92
713,673,280,0,92
713,674,280,0,92
713,675,280,0,92
713,676,280,0,92
713,677,280,0,92
713,678,280,0,92
713,679,280,0,92
713,680,280,0,92
713,681,280,0,92
713,682,280,0,92
713,683,280,0,92
713,684,280,0,92
713,685,280,0,92
713,686,280,0,92
713,687,280,0,92
713,688,280,0,92
713,689,280,0,92
713,690,280,0,92
713,691,280,0,92
713,692,280,0,92
713,693,280,0,92
713,694,280,0,92
713,695,280,0,92
713,696,280,0,92
713,697,280,0,92
713,698,280,0,92
713,699,280,0,92
713,700,280,0,92
713,701,280,0,92
713,702,280,0,92
713,703,280,0,92
713,704,280,0,92
713,705,280,0,92
713,706,280,0,92
713,707,280,0,92
713,708,280,0,92
713,709,280,0,92
713,710,280,0,92
713,711,280,0,92
713,712,280,0,92
713,714,280,0,92
713,715,280,0,92
713,716,280,0,92
713,717,280,0,92
713,718,280,0,92
713,719,280,0,92
713,720,280,0,92
713,721,280,0,92
713,722,280,0,92
713,723,280,0,92
713,724,280,0,92
