0,625,1,0,0
0,641,25,1,0
0,647,25,1,0
0,659,24,2,1
0,669,25,1,0
0,709,600,3,2
0,723,600,3,2
0,724,600,3,2
1,641,2,1,0
1,659,0,0,0
1,666,2,1,0
2,642,3,1,0
2,653,3,1,0
2,659,1,0,1
4,659,5,1,0
5,625,625,4,0
5,641,30,2,0
5,659,6,1,0
5,669,30,2,0
5,709,605,3,3
5,723,605,3,3
5,724,605,3,3
6,625,5,0,1
6,641,31,2,0
6,647,31,2,0
6,649,606,3,3
6,659,7,1,0
6,669,31,2,0
6,709,606,3,3
6,723,606,3,3
7,625,6,0,1
7,641,32,2,0
7,647,32,2,0
7,649,607,3,3
7,659,8,1,0
7,669,32,2,0
7,709,607,3,3
7,723,607,3,3
8,625,7,0,1
8,641,33,2,0
8,647,33,2,0
8,649,608,3,3
8,655,33,2,0
8,659,9,1,0
8,669,33,2,0
8,709,608,3,3
8,723,608,3,3
9,625,8,0,1
9,641,34,2,0
9,647,34,2,0
9,649,609,3,3
9,659,34,2,0
9,669,34,2,0
9,708,10,1,0
9,709,609,3,3
9,723,609,3,3
10,625,9,0,1
10,641,9,0,1
10,647,9,0,1
10,649,9,0,1
10,659,35,2,0
10,701,9,0,1
10,708,11,1,0
10,709,9,0,1
10,721,9,0,1
10,723,9,0,1
11,625,10,0,1
11,641,10,0,1
11,647,10,0,1
11,649,10,0,1
11,659,36,2,0
11,708,708,87,0
11,709,10,0,1
11,723,10,0,1
12,625,11,0,1
12,641,11,0,1
12,647,11,0,1
12,649,11,0,1
12,659,37,2,0
12,708,11,0,1
12,709,11,0,1
12,722,11,0,1
12,723,11,0,1
13,625,12,0,1
13,641,12,0,1
13,659,38,2,0
13,709,12,0,1
13,723,12,0,1
14,641,13,0,1
14,659,39,2,0
14,666,13,0,1
15,642,14,0,1
15,653,14,0,1
16,642,15,0,1
16,653,15,0,1
16,659,41,2,0
17,641,16,0,1
17,659,42,2,0
17,666,16,0,1
18,625,19,1,0
18,641,19,1,0
18,647,19,1,0
18,659,43,2,0
18,709,19,1,0
18,723,19,1,0
18,724,19,1,0
19,625,20,1,0
19,641,20,1,0
19,647,20,1,0
19,649,20,1,0
19,659,44,2,0
19,708,18,0,1
19,709,20,1,0
19,722,18,0,1
19,723,20,1,0
20,625,21,1,0
20,641,21,1,0
20,647,21,1,0
20,649,21,1,0
20,659,45,2,0
20,708,19,0,1
20,709,21,1,0
20,723,21,1,0
21,625,22,1,0
21,641,22,1,0
21,647,22,1,0
21,649,22,1,0
21,655,22,1,0
21,659,46,2,0
21,701,20,0,1
21,708,20,0,1
21,709,22,1,0
21,721,20,0,1
21,723,22,1,0
22,625,23,1,0
22,641,47,2,0
22,647,47,2,0
22,649,622,3,3
22,655,47,2,0
22,659,47,2,0
22,669,47,2,0
22,701,23,1,0
22,708,21,0,1
22,709,622,3,3
22,721,23,1,0
22,723,622,3,3
23,625,24,1,0
23,641,48,2,0
23,647,48,2,0
23,649,623,3,3
23,659,22,0,1
23,669,48,2,0
23,709,623,3,3
23,723,623,3,3
24,625,0,1,2
24,641,49,2,0
24,647,49,2,0
24,649,624,3,3
24,659,23,0,1
24,669,49,2,0
24,708,0,1,2
24,709,624,3,3
24,722,0,1,2
24,723,624,3,3
25,625,0,0,1
25,641,50,2,0
25,647,50,2,0
25,659,49,3,2
25,709,0,0,1
25,723,0,0,1
25,724,0,0,1
26,641,27,2,1
26,659,25,1,1
26,666,27,2,1
27,642,28,2,1
27,653,28,2,1
27,659,26,1,2
29,659,30,2,1
30,625,5,0,2
30,641,55,3,0
30,659,31,2,1
30,709,5,0,2
30,723,5,0,2
30,724,5,0,2
31,625,6,0,2
31,641,56,3,0
31,647,56,3,0
31,649,6,0,2
31,659,32,2,1
31,709,6,0,2
31,723,6,0,2
32,625,7,0,2
32,641,57,3,0
32,647,57,3,0
32,649,7,0,2
32,659,33,2,1
32,709,7,0,2
32,723,7,0,2
33,625,8,0,2
33,641,58,3,0
33,647,58,3,0
33,649,8,0,2
33,655,58,3,0
33,659,34,2,1
33,709,8,0,2
33,723,8,0,2
34,641,59,3,0
34,647,59,3,0
34,649,9,0,2
34,659,59,3,0
34,701,59,3,0
34,709,9,0,2
34,723,9,0,2
35,625,34,1,2
35,641,34,1,2
35,647,34,1,2
35,649,34,1,2
35,659,60,3,0
35,701,34,1,2
35,709,34,1,2
35,721,34,1,2
35,723,34,1,2
36,625,35,1,2
36,641,35,1,2
36,647,35,1,2
36,649,35,1,2
36,659,61,3,0
36,709,35,1,2
36,723,35,1,2
37,625,36,1,2
37,641,36,1,2
37,647,36,1,2
37,649,36,1,2
37,659,62,3,0
37,708,36,1,2
37,709,36,1,2
37,722,36,1,2
37,723,36,1,2
38,625,37,1,2
38,641,37,1,2
38,659,63,3,0
38,709,37,1,2
38,723,37,1,2
39,641,38,1,2
39,659,64,3,0
39,666,38,1,2
40,642,39,1,2
40,653,39,1,2
41,642,40,1,2
41,653,40,1,2
41,659,66,3,0
42,641,41,1,2
42,659,67,3,0
42,666,41,1,2
43,625,44,2,1
43,641,44,2,1
43,647,44,2,1
43,659,68,3,0
43,709,44,2,1
43,723,44,2,1
43,724,44,2,1
44,625,45,2,1
44,641,45,2,1
44,647,45,2,1
44,649,45,2,1
44,659,69,3,0
44,708,43,1,2
44,709,45,2,1
44,722,43,1,2
44,723,45,2,1
45,625,46,2,1
45,641,46,2,1
45,647,46,2,1
45,649,46,2,1
45,659,70,3,0
45,709,46,2,1
45,723,46,2,1
46,625,47,2,1
46,641,47,2,1
46,647,47,2,1
46,649,47,2,1
46,655,47,2,1
46,659,71,3,0
46,709,47,2,1
46,721,45,1,2
46,723,47,2,1
47,641,72,3,0
47,647,72,3,0
47,649,22,0,2
47,655,72,3,0
47,659,72,3,0
47,701,48,2,1
47,709,22,0,2
47,721,48,2,1
47,723,22,0,2
48,625,23,0,2
48,641,73,3,0
48,647,73,3,0
48,649,23,0,2
48,659,47,1,2
48,709,23,0,2
48,723,23,0,2
49,625,24,0,2
49,641,74,3,0
49,647,74,3,0
49,649,24,0,2
49,659,48,1,2
49,708,25,2,3
49,709,24,0,2
49,722,25,2,3
49,723,24,0,2
50,625,25,0,2
50,641,51,1,1
50,647,75,2,0
50,659,74,3,2
50,709,75,2,0
50,723,25,0,2
50,724,75,2,0
51,641,52,2,1
51,659,50,1,1
51,666,52,2,1
52,642,53,2,1
52,653,53,2,1
52,659,51,1,2
54,659,55,2,1
55,625,30,0,3
55,641,641,20,0
55,659,56,2,1
55,709,80,3,0
55,723,30,0,3
55,724,80,3,0
56,625,31,0,3
56,641,55,1,2
56,647,81,3,0
56,649,81,3,0
56,659,57,2,1
56,709,81,3,0
56,723,31,0,3
57,625,32,0,3
57,641,56,1,2
57,647,82,3,0
57,649,82,3,0
57,659,58,2,1
57,709,82,3,0
57,723,32,0,3
58,625,33,0,3
58,641,57,1,2
58,647,83,3,0
58,649,83,3,0
58,655,83,3,0
58,659,59,2,1
58,709,83,3,0
58,723,33,0,3
59,641,58,1,2
59,647,84,3,0
59,659,84,3,0
59,701,701,80,0
59,723,34,0,3
60,625,59,1,2
60,641,59,1,2
60,647,59,1,2
60,649,59,1,2
60,659,85,3,0
60,701,59,1,2
60,709,59,1,2
60,721,59,1,2
60,723,59,1,2
61,625,60,1,2
61,641,60,1,2
61,647,60,1,2
61,649,60,1,2
61,659,86,3,0
61,709,60,1,2
61,723,60,1,2
62,625,61,1,2
62,641,61,1,2
62,647,61,1,2
62,649,61,1,2
62,659,87,3,0
62,708,61,1,2
62,709,61,1,2
62,722,61,1,2
62,723,61,1,2
63,625,62,1,2
63,641,62,1,2
63,659,88,3,0
63,666,666,45,0
63,709,62,1,2
63,723,62,1,2
64,641,63,1,2
64,659,89,3,0
64,666,63,1,2
65,642,64,1,2
65,653,64,1,2
66,642,65,1,2
66,653,65,1,2
66,659,91,3,0
67,641,66,1,2
67,659,92,3,0
68,625,69,2,1
68,641,69,2,1
68,647,69,2,1
68,659,93,3,0
68,709,69,2,1
68,723,69,2,1
68,724,69,2,1
69,625,70,2,1
69,641,70,2,1
69,647,70,2,1
69,649,70,2,1
69,659,94,3,0
69,708,68,1,2
69,709,70,2,1
69,722,68,1,2
69,723,70,2,1
70,625,71,2,1
70,641,71,2,1
70,647,71,2,1
70,649,71,2,1
70,659,95,3,0
70,709,71,2,1
70,723,71,2,1
71,625,72,2,1
71,641,72,2,1
71,647,72,2,1
71,649,72,2,1
71,655,72,2,1
71,659,96,3,0
71,701,70,1,2
71,709,72,2,1
71,721,70,1,2
71,723,72,2,1
72,641,73,2,1
72,647,97,3,0
72,655,97,3,0
72,659,97,3,0
72,701,73,2,1
72,721,73,2,1
72,723,47,0,3
73,625,48,0,3
73,641,74,2,1
73,647,98,3,0
73,649,98,3,0
73,659,72,1,2
73,709,98,3,0
73,723,48,0,3
74,625,49,0,3
74,641,50,2,3
74,647,99,3,0
74,649,99,3,0
74,659,73,1,2
74,708,50,2,3
74,709,99,3,0
74,722,50,2,3
74,723,49,0,3
75,625,50,0,2
75,641,50,0,2
75,647,100,2,0
75,659,99,3,2
75,709,100,2,0
75,723,100,2,0
75,724,100,2,0
76,641,77,2,1
76,659,75,1,1
76,666,77,2,1
77,642,78,2,1
77,653,78,2,1
77,659,76,1,2
79,659,80,2,1
80,625,55,0,3
80,641,55,0,3
80,659,81,2,1
80,709,105,3,0
80,723,105,3,0
80,724,105,3,0
81,625,56,0,3
81,641,56,0,3
81,647,106,3,0
81,649,106,3,0
81,659,82,2,1
81,709,106,3,0
81,723,106,3,0
82,625,57,0,3
82,641,57,0,3
82,647,107,3,0
82,649,107,3,0
82,659,83,2,1
82,709,107,3,0
82,723,107,3,0
83,625,58,0,3
83,641,58,0,3
83,647,108,3,0
83,649,108,3,0
83,655,108,3,0
83,659,84,2,1
83,709,108,3,0
83,723,108,3,0
84,625,59,0,3
84,647,109,3,0
84,655,109,3,0
84,659,85,2,1
84,721,109,3,0
84,722,109,3,0
85,625,84,1,2
85,641,84,1,2
85,647,84,1,2
85,649,84,1,2
85,659,86,2,1
85,701,84,1,2
85,709,84,1,2
85,721,84,1,2
85,722,110,3,0
85,723,84,1,2
86,625,85,1,2
86,641,85,1,2
86,647,85,1,2
86,649,85,1,2
86,659,87,2,1
86,709,85,1,2
86,722,111,3,0
86,723,85,1,2
87,625,86,1,2
87,641,86,1,2
87,647,86,1,2
87,649,86,1,2
87,659,88,2,1
87,708,86,1,2
87,709,86,1,2
87,722,86,1,2
87,723,86,1,2
88,625,87,1,2
88,641,87,1,2
88,659,89,2,1
88,709,87,1,2
88,723,87,1,2
89,641,88,1,2
89,659,90,2,1
89,666,88,1,2
90,642,89,1,2
90,653,89,1,2
91,642,90,1,2
91,653,90,1,2
91,659,659,38,0
92,641,91,1,2
92,659,91,1,2
92,666,91,1,2
93,625,94,2,1
93,641,94,2,1
93,647,94,2,1
93,659,92,1,2
93,709,94,2,1
93,723,94,2,1
93,724,94,2,1
94,625,95,2,1
94,641,95,2,1
94,647,95,2,1
94,649,95,2,1
94,659,93,1,2
94,708,93,1,2
94,709,95,2,1
94,723,95,2,1
95,625,96,2,1
95,641,96,2,1
95,647,96,2,1
95,649,96,2,1
95,659,94,1,2
95,709,96,2,1
95,722,120,3,0
95,723,96,2,1
96,625,97,2,1
96,641,97,2,1
96,647,97,2,1
96,649,97,2,1
96,655,97,2,1
96,659,95,1,2
96,701,95,1,2
96,709,97,2,1
96,722,121,3,0
96,723,97,2,1
97,625,72,0,3
97,647,122,3,0
97,655,122,3,0
97,659,96,1,2
97,701,98,2,1
97,721,98,2,1
97,722,122,3,0
98,625,73,0,3
98,641,73,0,3
98,647,123,3,0
98,649,123,3,0
98,659,97,1,2
98,709,123,3,0
98,723,123,3,0
99,625,74,0,3
99,641,74,0,3
99,647,124,3,0
99,649,124,3,0
99,659,98,1,2
99,708,75,2,3
99,709,124,3,0
99,722,75,2,3
99,723,124,3,0
100,625,75,0,2
100,641,75,0,2
100,647,125,2,0
100,659,124,3,2
100,709,125,2,0
100,723,125,2,0
100,724,125,2,0
101,641,102,2,1
101,659,100,1,1
101,666,102,2,1
102,642,103,2,1
102,653,103,2,1
102,659,101,1,2
104,659,105,2,1
105,625,80,0,3
105,641,80,0,3
105,659,106,2,1
105,709,130,3,0
105,723,130,3,0
105,724,130,3,0
106,625,81,0,3
106,641,81,0,3
106,647,131,3,0
106,649,131,3,0
106,659,107,2,1
106,709,131,3,0
106,723,131,3,0
107,625,82,0,3
107,641,82,0,3
107,647,132,3,0
107,649,132,3,0
107,659,108,2,1
107,709,132,3,0
107,723,132,3,0
108,625,83,0,3
108,641,83,0,3
108,647,133,3,0
108,649,133,3,0
108,655,655,34,0
108,659,109,2,1
108,709,133,3,0
108,723,133,3,0
109,625,84,0,3
109,641,84,0,3
109,642,84,0,3
109,647,134,3,0
109,655,108,1,2
109,659,84,0,3
109,709,134,3,0
109,721,134,3,0
109,722,110,2,1
110,625,109,1,2
110,641,109,1,2
110,642,85,0,3
110,647,109,1,2
110,649,109,1,2
110,659,85,0,3
110,701,109,1,2
110,709,109,1,2
110,721,109,1,2
110,722,111,2,1
110,723,109,1,2
111,625,110,1,2
111,641,110,1,2
111,642,86,0,3
111,647,110,1,2
111,649,110,1,2
111,659,86,0,3
111,709,110,1,2
111,722,722,101,0
111,723,110,1,2
112,625,111,1,2
112,641,111,1,2
112,642,87,0,3
112,647,111,1,2
112,649,111,1,2
112,659,87,0,3
112,708,111,1,2
112,709,111,1,2
112,722,111,1,2
112,723,111,1,2
113,625,112,1,2
113,641,112,1,2
113,642,88,0,3
113,659,88,0,3
113,709,112,1,2
113,723,112,1,2
114,641,113,1,2
114,642,89,0,3
114,659,89,0,3
114,666,113,1,2
115,642,114,1,2
115,653,114,1,2
116,642,115,1,2
116,653,115,1,2
116,659,91,0,3
117,641,116,1,2
117,642,92,0,3
117,659,92,0,3
117,666,116,1,2
118,625,119,2,1
118,641,119,2,1
118,642,93,0,3
118,647,119,2,1
118,659,93,0,3
118,709,119,2,1
118,723,119,2,1
118,724,119,2,1
119,625,120,2,1
119,641,120,2,1
119,642,94,0,3
119,647,120,2,1
119,649,120,2,1
119,659,94,0,3
119,708,118,1,2
119,709,120,2,1
119,722,118,1,2
119,723,120,2,1
120,625,121,2,1
120,641,121,2,1
120,642,95,0,3
120,647,121,2,1
120,649,121,2,1
120,659,95,0,3
120,709,121,2,1
120,722,119,1,2
120,723,121,2,1
121,625,122,2,1
121,641,122,2,1
121,642,96,0,3
121,647,122,2,1
121,649,122,2,1
121,655,122,2,1
121,659,96,0,3
121,701,120,1,2
121,709,122,2,1
121,721,120,1,2
121,722,120,1,2
121,723,122,2,1
122,625,97,0,3
122,641,97,0,3
122,642,97,0,3
122,647,147,3,0
122,659,97,0,3
122,701,123,2,1
122,709,147,3,0
122,721,123,2,1
122,722,121,1,2
123,625,98,0,3
123,641,98,0,3
123,647,148,3,0
123,649,148,3,0
123,659,122,1,2
123,709,148,3,0
123,723,148,3,0
124,625,99,0,3
124,641,99,0,3
124,647,149,3,0
124,649,149,3,0
124,659,123,1,2
124,708,100,2,3
124,709,149,3,0
124,722,100,2,3
124,723,149,3,0
125,625,100,0,2
125,641,100,0,2
125,647,150,2,0
125,659,149,3,2
125,709,150,2,0
125,723,150,2,0
125,724,150,2,0
126,641,127,2,1
126,659,125,1,1
126,666,127,2,1
127,642,128,2,1
127,653,128,2,1
127,659,126,1,2
129,659,130,2,1
130,625,105,0,3
130,641,105,0,3
130,659,131,2,1
130,709,155,3,0
130,723,155,3,0
130,724,155,3,0
131,625,106,0,3
131,641,106,0,3
131,647,156,3,0
131,649,156,3,0
131,659,132,2,1
131,709,156,3,0
131,723,156,3,0
132,625,107,0,3
132,641,107,0,3
132,647,157,3,0
132,649,157,3,0
132,659,133,2,1
132,709,157,3,0
132,723,157,3,0
133,625,108,0,3
133,641,108,0,3
133,647,158,3,0
133,649,158,3,0
133,655,108,0,3
133,659,134,2,1
133,709,158,3,0
133,723,158,3,0
134,625,109,0,3
134,641,109,0,3
134,647,159,3,0
134,659,109,0,3
134,709,159,3,0
134,721,721,100,0
134,723,159,3,0
135,625,134,1,2
135,641,134,1,2
135,647,134,1,2
135,649,134,1,2
135,659,110,0,3
135,701,134,1,2
135,709,134,1,2
135,721,134,1,2
135,723,134,1,2
136,625,135,1,2
136,641,135,1,2
136,647,135,1,2
136,649,135,1,2
136,659,111,0,3
136,709,135,1,2
136,723,135,1,2
137,625,136,1,2
137,641,136,1,2
137,647,136,1,2
137,649,136,1,2
137,659,112,0,3
137,708,136,1,2
137,709,136,1,2
137,722,136,1,2
137,723,136,1,2
138,625,137,1,2
138,641,137,1,2
138,659,113,0,3
138,709,137,1,2
138,723,137,1,2
139,641,138,1,2
139,659,114,0,3
139,666,138,1,2
140,642,139,1,2
140,653,139,1,2
141,642,140,1,2
141,653,140,1,2
141,659,116,0,3
142,641,141,1,2
142,659,117,0,3
142,666,141,1,2
143,625,144,2,1
143,641,144,2,1
143,647,144,2,1
143,659,118,0,3
143,709,144,2,1
143,723,144,2,1
143,724,144,2,1
144,625,145,2,1
144,641,145,2,1
144,647,145,2,1
144,649,145,2,1
144,659,119,0,3
144,708,143,1,2
144,709,145,2,1
144,722,143,1,2
144,723,145,2,1
145,625,146,2,1
145,641,146,2,1
145,647,146,2,1
145,649,146,2,1
145,659,120,0,3
145,709,146,2,1
145,723,146,2,1
146,625,147,2,1
146,641,147,2,1
146,647,147,2,1
146,649,147,2,1
146,655,147,2,1
146,659,121,0,3
146,701,145,1,2
146,709,147,2,1
146,721,145,1,2
146,723,147,2,1
147,625,122,0,3
147,641,122,0,3
147,647,172,3,0
147,655,122,0,3
147,659,122,0,3
147,701,148,2,1
147,709,172,3,0
147,721,148,2,1
147,723,172,3,0
148,625,123,0,3
148,641,123,0,3
148,647,173,3,0
148,649,173,3,0
148,659,147,1,2
148,709,173,3,0
148,723,173,3,0
149,625,124,0,3
149,641,124,0,3
149,647,174,3,0
149,649,174,3,0
149,659,148,1,2
149,708,125,2,3
149,709,174,3,0
149,722,125,2,3
149,723,174,3,0
150,625,125,0,2
150,641,125,0,2
150,647,175,2,0
150,659,174,3,2
150,709,175,2,0
150,723,175,2,0
150,724,175,2,0
151,641,152,2,1
151,659,150,1,1
151,666,152,2,1
152,642,153,2,1
152,653,153,2,1
152,659,151,1,2
154,659,155,2,1
155,625,130,0,3
155,641,130,0,3
155,659,156,2,1
155,709,180,3,0
155,723,180,3,0
155,724,180,3,0
156,625,131,0,3
156,641,131,0,3
156,647,181,3,0
156,649,181,3,0
156,659,157,2,1
156,709,181,3,0
156,723,181,3,0
157,625,132,0,3
157,641,132,0,3
157,647,182,3,0
157,649,182,3,0
157,659,158,2,1
157,709,182,3,0
157,723,182,3,0
158,625,133,0,3
158,641,133,0,3
158,647,183,3,0
158,649,183,3,0
158,655,133,0,3
158,659,159,2,1
158,709,183,3,0
158,723,183,3,0
159,625,134,0,3
159,641,134,0,3
159,647,184,3,0
159,649,184,3,0
159,659,134,0,3
159,709,184,3,0
159,723,184,3,0
160,625,159,1,2
160,641,159,1,2
160,647,159,1,2
160,649,159,1,2
160,659,135,0,3
160,701,159,1,2
160,709,159,1,2
160,721,159,1,2
160,723,159,1,2
161,625,160,1,2
161,641,160,1,2
161,647,160,1,2
161,649,160,1,2
161,659,136,0,3
161,709,160,1,2
161,723,160,1,2
162,625,161,1,2
162,641,161,1,2
162,647,161,1,2
162,649,161,1,2
162,659,137,0,3
162,708,161,1,2
162,709,161,1,2
162,722,161,1,2
162,723,161,1,2
163,625,162,1,2
163,641,162,1,2
163,659,138,0,3
163,709,162,1,2
163,723,162,1,2
164,641,163,1,2
164,659,139,0,3
164,666,163,1,2
165,642,164,1,2
165,653,164,1,2
166,642,165,1,2
166,653,165,1,2
166,659,141,0,3
167,641,166,1,2
167,659,142,0,3
167,666,166,1,2
168,625,169,2,1
168,641,169,2,1
168,647,169,2,1
168,659,143,0,3
168,709,169,2,1
168,723,169,2,1
168,724,169,2,1
169,625,170,2,1
169,641,170,2,1
169,647,170,2,1
169,649,170,2,1
169,659,144,0,3
169,708,168,1,2
169,709,170,2,1
169,722,168,1,2
169,723,170,2,1
170,625,171,2,1
170,641,171,2,1
170,647,171,2,1
170,649,171,2,1
170,659,145,0,3
170,709,171,2,1
170,723,171,2,1
171,625,172,2,1
171,641,172,2,1
171,647,172,2,1
171,649,172,2,1
171,655,172,2,1
171,659,146,0,3
171,701,170,1,2
171,709,172,2,1
171,721,170,1,2
171,723,172,2,1
172,625,147,0,3
172,641,147,0,3
172,647,197,3,0
172,649,197,3,0
172,655,147,0,3
172,659,147,0,3
172,701,173,2,1
172,709,197,3,0
172,721,173,2,1
172,723,197,3,0
173,625,148,0,3
173,641,148,0,3
173,647,198,3,0
173,649,198,3,0
173,659,172,1,2
173,709,198,3,0
173,723,198,3,0
174,625,149,0,3
174,641,149,0,3
174,647,199,3,0
174,649,199,3,0
174,659,173,1,2
174,708,150,2,3
174,709,199,3,0
174,722,150,2,3
174,723,199,3,0
175,625,150,0,2
175,641,150,0,2
175,647,200,2,0
175,659,199,3,2
175,709,200,2,0
175,723,200,2,0
175,724,200,2,0
176,641,177,2,1
176,659,175,1,1
176,666,177,2,1
177,642,178,2,1
177,653,178,2,1
177,659,176,1,2
179,659,180,2,1
180,625,155,0,3
180,641,155,0,3
180,659,181,2,1
180,709,205,3,0
180,723,205,3,0
180,724,205,3,0
181,625,156,0,3
181,641,156,0,3
181,647,206,3,0
181,649,206,3,0
181,659,182,2,1
181,709,206,3,0
181,723,206,3,0
182,625,157,0,3
182,641,157,0,3
182,647,207,3,0
182,649,207,3,0
182,659,183,2,1
182,709,207,3,0
182,723,207,3,0
183,625,158,0,3
183,641,158,0,3
183,647,208,3,0
183,649,208,3,0
183,655,158,0,3
183,659,184,2,1
183,709,208,3,0
183,723,208,3,0
184,625,159,0,3
184,641,159,0,3
184,647,209,3,0
184,649,209,3,0
184,659,159,0,3
184,709,209,3,0
184,723,209,3,0
185,625,184,1,2
185,641,184,1,2
185,647,184,1,2
185,649,184,1,2
185,659,160,0,3
185,701,184,1,2
185,709,184,1,2
185,721,184,1,2
185,723,184,1,2
186,625,185,1,2
186,641,185,1,2
186,647,185,1,2
186,649,185,1,2
186,659,161,0,3
186,709,185,1,2
186,723,185,1,2
187,625,186,1,2
187,641,186,1,2
187,647,186,1,2
187,649,186,1,2
187,659,162,0,3
187,708,186,1,2
187,709,186,1,2
187,722,186,1,2
187,723,186,1,2
188,625,187,1,2
188,641,187,1,2
188,659,163,0,3
188,709,187,1,2
188,723,187,1,2
189,641,188,1,2
189,659,164,0,3
189,666,188,1,2
190,642,189,1,2
190,653,189,1,2
191,642,190,1,2
191,653,190,1,2
191,659,166,0,3
192,641,191,1,2
192,659,167,0,3
192,666,191,1,2
193,625,194,2,1
193,641,194,2,1
193,647,194,2,1
193,659,168,0,3
193,709,194,2,1
193,723,194,2,1
193,724,194,2,1
194,625,195,2,1
194,641,195,2,1
194,647,195,2,1
194,649,195,2,1
194,659,169,0,3
194,708,193,1,2
194,709,195,2,1
194,722,193,1,2
194,723,195,2,1
195,625,196,2,1
195,641,196,2,1
195,647,196,2,1
195,649,196,2,1
195,659,170,0,3
195,709,196,2,1
195,723,196,2,1
196,625,197,2,1
196,641,197,2,1
196,647,197,2,1
196,649,197,2,1
196,655,197,2,1
196,659,171,0,3
196,701,195,1,2
196,709,197,2,1
196,721,195,1,2
196,723,197,2,1
197,625,172,0,3
197,641,172,0,3
197,647,222,3,0
197,649,222,3,0
197,655,172,0,3
197,659,172,0,3
197,701,198,2,1
197,709,222,3,0
197,721,198,2,1
197,723,222,3,0
198,625,173,0,3
198,641,173,0,3
198,647,223,3,0
198,649,223,3,0
198,659,197,1,2
198,709,223,3,0
198,723,223,3,0
199,625,174,0,3
199,641,174,0,3
199,647,224,3,0
199,649,224,3,0
199,659,198,1,2
199,708,175,2,3
199,709,224,3,0
199,722,175,2,3
199,723,224,3,0
200,625,175,0,2
200,641,175,0,2
200,647,225,2,0
200,659,224,3,2
200,709,225,2,0
200,723,225,2,0
200,724,225,2,0
201,641,202,2,1
201,659,200,1,1
201,666,202,2,1
202,642,203,2,1
202,653,203,2,1
202,659,201,1,2
204,659,205,2,1
205,625,180,0,3
205,641,180,0,3
205,659,206,2,1
205,709,230,3,0
205,723,230,3,0
205,724,230,3,0
206,625,181,0,3
206,641,181,0,3
206,647,231,3,0
206,649,231,3,0
206,659,207,2,1
206,709,231,3,0
206,723,231,3,0
207,625,182,0,3
207,641,182,0,3
207,647,232,3,0
207,649,232,3,0
207,659,208,2,1
207,709,232,3,0
207,723,232,3,0
208,625,183,0,3
208,641,183,0,3
208,647,233,3,0
208,649,233,3,0
208,655,183,0,3
208,659,209,2,1
208,709,233,3,0
208,723,233,3,0
209,625,184,0,3
209,641,184,0,3
209,647,234,3,0
209,649,234,3,0
209,659,184,0,3
209,709,234,3,0
209,723,234,3,0
210,625,209,1,2
210,641,209,1,2
210,647,209,1,2
210,649,209,1,2
210,659,185,0,3
210,701,209,1,2
210,709,209,1,2
210,721,209,1,2
210,723,209,1,2
211,625,210,1,2
211,641,210,1,2
211,647,210,1,2
211,649,210,1,2
211,659,186,0,3
211,709,210,1,2
211,723,210,1,2
212,625,211,1,2
212,641,211,1,2
212,647,211,1,2
212,649,211,1,2
212,659,187,0,3
212,708,211,1,2
212,709,211,1,2
212,722,211,1,2
212,723,211,1,2
213,625,212,1,2
213,641,212,1,2
213,659,188,0,3
213,709,212,1,2
213,723,212,1,2
214,641,213,1,2
214,659,189,0,3
214,666,213,1,2
215,642,214,1,2
215,653,214,1,2
216,642,215,1,2
216,653,215,1,2
216,659,191,0,3
217,641,216,1,2
217,659,192,0,3
217,666,216,1,2
218,625,219,2,1
218,641,219,2,1
218,647,219,2,1
218,659,193,0,3
218,709,219,2,1
218,723,219,2,1
218,724,219,2,1
219,625,220,2,1
219,641,220,2,1
219,647,220,2,1
219,649,220,2,1
219,659,194,0,3
219,708,218,1,2
219,709,220,2,1
219,722,218,1,2
219,723,220,2,1
220,625,221,2,1
220,641,221,2,1
220,647,221,2,1
220,649,221,2,1
220,659,195,0,3
220,709,221,2,1
220,723,221,2,1
221,625,222,2,1
221,641,222,2,1
221,647,222,2,1
221,649,222,2,1
221,655,222,2,1
221,659,196,0,3
221,701,220,1,2
221,709,222,2,1
221,721,220,1,2
221,723,222,2,1
222,625,197,0,3
222,641,197,0,3
222,647,247,3,0
222,649,247,3,0
222,655,197,0,3
222,659,197,0,3
222,701,223,2,1
222,709,247,3,0
222,721,223,2,1
222,723,247,3,0
223,625,198,0,3
223,641,198,0,3
223,647,248,3,0
223,649,248,3,0
223,659,222,1,2
223,709,248,3,0
223,723,248,3,0
224,625,199,0,3
224,641,199,0,3
224,647,249,3,0
224,649,249,3,0
224,659,223,1,2
224,708,200,2,3
224,709,249,3,0
224,722,200,2,3
224,723,249,3,0
225,625,200,0,2
225,641,200,0,2
225,647,250,2,0
225,659,249,3,2
225,709,250,2,0
225,723,250,2,0
225,724,250,2,0
226,641,227,2,1
226,659,225,1,1
226,666,227,2,1
227,642,228,2,1
227,653,228,2,1
227,659,226,1,2
229,659,230,2,1
230,625,205,0,3
230,641,205,0,3
230,659,231,2,1
230,709,255,3,0
230,723,255,3,0
230,724,255,3,0
231,625,206,0,3
231,641,206,0,3
231,647,256,3,0
231,649,256,3,0
231,659,232,2,1
231,709,256,3,0
231,723,256,3,0
232,625,207,0,3
232,641,207,0,3
232,647,257,3,0
232,649,257,3,0
232,659,233,2,1
232,709,257,3,0
232,723,257,3,0
233,625,208,0,3
233,641,208,0,3
233,647,258,3,0
233,649,258,3,0
233,655,208,0,3
233,659,234,2,1
233,709,258,3,0
233,723,258,3,0
234,625,209,0,3
234,641,209,0,3
234,649,259,3,0
234,659,209,0,3
234,709,259,3,0
234,723,259,3,0
235,625,234,1,2
235,641,234,1,2
235,647,234,1,2
235,649,234,1,2
235,659,210,0,3
235,701,234,1,2
235,709,234,1,2
235,721,234,1,2
235,723,234,1,2
236,625,235,1,2
236,641,235,1,2
236,647,235,1,2
236,649,235,1,2
236,659,211,0,3
236,709,235,1,2
236,723,235,1,2
237,625,236,1,2
237,641,236,1,2
237,647,236,1,2
237,649,236,1,2
237,659,212,0,3
237,708,236,1,2
237,709,236,1,2
237,722,236,1,2
237,723,236,1,2
238,625,237,1,2
238,641,237,1,2
238,659,213,0,3
238,709,237,1,2
238,723,237,1,2
239,641,238,1,2
239,659,214,0,3
239,666,238,1,2
240,642,239,1,2
240,653,239,1,2
241,642,240,1,2
241,653,240,1,2
241,659,216,0,3
242,641,241,1,2
242,659,217,0,3
242,666,241,1,2
243,625,244,2,1
243,641,244,2,1
243,647,244,2,1
243,659,218,0,3
243,709,244,2,1
243,723,244,2,1
243,724,244,2,1
244,625,245,2,1
244,641,245,2,1
244,647,245,2,1
244,649,245,2,1
244,659,219,0,3
244,708,243,1,2
244,709,245,2,1
244,722,243,1,2
244,723,245,2,1
245,625,246,2,1
245,641,246,2,1
245,647,246,2,1
245,649,246,2,1
245,659,220,0,3
245,709,246,2,1
245,723,246,2,1
246,625,247,2,1
246,641,247,2,1
246,647,247,2,1
246,649,247,2,1
246,655,247,2,1
246,659,221,0,3
246,701,245,1,2
246,709,247,2,1
246,721,245,1,2
246,723,247,2,1
247,625,222,0,3
247,641,222,0,3
247,649,272,3,0
247,655,222,0,3
247,659,222,0,3
247,701,248,2,1
247,709,272,3,0
247,721,248,2,1
247,723,272,3,0
248,625,223,0,3
248,641,223,0,3
248,647,273,3,0
248,649,273,3,0
248,659,247,1,2
248,709,273,3,0
248,723,273,3,0
249,625,224,0,3
249,641,224,0,3
249,647,274,3,0
249,649,274,3,0
249,659,248,1,2
249,708,225,2,3
249,709,274,3,0
249,722,225,2,3
249,723,274,3,0
250,625,225,0,2
250,641,225,0,2
250,647,275,2,0
250,659,274,3,2
250,709,275,2,0
250,723,275,2,0
250,724,275,2,0
251,641,252,2,1
251,659,250,1,1
251,666,252,2,1
252,642,253,2,1
252,653,253,2,1
252,659,251,1,2
254,659,255,2,1
255,625,230,0,3
255,641,230,0,3
255,659,256,2,1
255,709,280,3,0
255,723,280,3,0
255,724,280,3,0
256,625,231,0,3
256,641,231,0,3
256,647,281,3,0
256,649,281,3,0
256,659,257,2,1
256,709,281,3,0
256,723,281,3,0
257,625,232,0,3
257,641,232,0,3
257,647,282,3,0
257,649,282,3,0
257,659,258,2,1
257,709,282,3,0
257,723,282,3,0
258,625,233,0,3
258,641,233,0,3
258,647,283,3,0
258,649,283,3,0
258,655,233,0,3
258,659,259,2,1
258,709,283,3,0
258,723,283,3,0
259,625,234,0,3
259,641,234,0,3
259,649,284,3,0
259,659,234,0,3
259,709,284,3,0
259,723,284,3,0
260,625,259,1,2
260,641,259,1,2
260,647,259,1,2
260,649,259,1,2
260,659,235,0,3
260,701,259,1,2
260,709,259,1,2
260,721,259,1,2
260,723,259,1,2
261,625,260,1,2
261,641,260,1,2
261,647,260,1,2
261,649,260,1,2
261,659,236,0,3
261,709,260,1,2
261,723,260,1,2
262,625,261,1,2
262,641,261,1,2
262,647,261,1,2
262,649,261,1,2
262,659,237,0,3
262,708,261,1,2
262,709,261,1,2
262,722,261,1,2
262,723,261,1,2
263,625,262,1,2
263,641,262,1,2
263,659,238,0,3
263,709,262,1,2
263,723,262,1,2
264,641,263,1,2
264,659,239,0,3
264,666,263,1,2
265,642,264,1,2
265,653,264,1,2
266,642,265,1,2
266,653,265,1,2
266,659,241,0,3
267,641,266,1,2
267,659,242,0,3
267,666,266,1,2
268,625,269,2,1
268,641,269,2,1
268,647,269,2,1
268,659,243,0,3
268,709,269,2,1
268,723,269,2,1
268,724,269,2,1
269,625,270,2,1
269,641,270,2,1
269,647,270,2,1
269,649,270,2,1
269,659,244,0,3
269,708,268,1,2
269,709,270,2,1
269,722,268,1,2
269,723,270,2,1
270,625,271,2,1
270,641,271,2,1
270,647,271,2,1
270,649,271,2,1
270,659,245,0,3
270,709,271,2,1
270,723,271,2,1
271,625,272,2,1
271,641,272,2,1
271,647,272,2,1
271,649,272,2,1
271,655,272,2,1
271,659,246,0,3
271,701,270,1,2
271,709,272,2,1
271,721,270,1,2
271,723,272,2,1
272,625,247,0,3
272,641,247,0,3
272,649,297,3,0
272,655,247,0,3
272,659,247,0,3
272,701,273,2,1
272,709,297,3,0
272,721,273,2,1
272,723,297,3,0
273,625,248,0,3
273,641,248,0,3
273,647,298,3,0
273,649,298,3,0
273,659,272,1,2
273,709,298,3,0
273,723,298,3,0
274,625,249,0,3
274,641,249,0,3
274,647,299,3,0
274,649,299,3,0
274,659,273,1,2
274,708,250,2,3
274,709,299,3,0
274,722,250,2,3
274,723,299,3,0
275,625,250,0,2
275,641,250,0,2
275,647,300,2,0
275,659,299,3,2
275,709,300,2,0
275,723,300,2,0
275,724,300,2,0
276,641,277,2,1
276,659,275,1,1
276,666,277,2,1
277,642,278,2,1
277,653,278,2,1
277,659,276,1,2
279,659,280,2,1
280,625,255,0,3
280,641,255,0,3
280,659,281,2,1
280,709,305,3,0
280,723,305,3,0
280,724,305,3,0
281,625,256,0,3
281,641,256,0,3
281,647,306,3,0
281,649,306,3,0
281,659,282,2,1
281,709,306,3,0
281,723,306,3,0
282,625,257,0,3
282,641,257,0,3
282,647,307,3,0
282,649,307,3,0
282,659,283,2,1
282,709,307,3,0
282,723,307,3,0
283,625,258,0,3
283,641,258,0,3
283,647,308,3,0
283,649,308,3,0
283,655,258,0,3
283,659,284,2,1
283,709,308,3,0
283,723,308,3,0
284,625,259,0,3
284,641,259,0,3
284,649,309,3,0
284,659,259,0,3
284,709,309,3,0
284,723,309,3,0
285,625,284,1,2
285,641,284,1,2
285,647,284,1,2
285,649,284,1,2
285,659,260,0,3
285,701,284,1,2
285,709,284,1,2
285,721,284,1,2
285,723,284,1,2
286,625,285,1,2
286,641,285,1,2
286,647,285,1,2
286,649,285,1,2
286,659,261,0,3
286,709,285,1,2
286,723,285,1,2
287,625,286,1,2
287,641,286,1,2
287,647,286,1,2
287,649,286,1,2
287,659,262,0,3
287,708,286,1,2
287,709,286,1,2
287,722,286,1,2
287,723,286,1,2
288,625,287,1,2
288,641,287,1,2
288,659,263,0,3
288,709,287,1,2
288,723,287,1,2
289,641,288,1,2
289,659,264,0,3
289,666,288,1,2
290,642,289,1,2
290,653,289,1,2
291,642,290,1,2
291,653,290,1,2
291,659,266,0,3
292,641,291,1,2
292,659,267,0,3
292,666,291,1,2
293,625,294,2,1
293,641,294,2,1
293,647,294,2,1
293,659,268,0,3
293,709,294,2,1
293,723,294,2,1
293,724,294,2,1
294,625,295,2,1
294,641,295,2,1
294,647,295,2,1
294,649,295,2,1
294,659,269,0,3
294,708,293,1,2
294,709,295,2,1
294,722,293,1,2
294,723,295,2,1
295,625,296,2,1
295,641,296,2,1
295,647,296,2,1
295,649,296,2,1
295,659,270,0,3
295,709,296,2,1
295,723,296,2,1
296,625,297,2,1
296,641,297,2,1
296,647,297,2,1
296,649,297,2,1
296,655,297,2,1
296,659,271,0,3
296,701,295,1,2
296,709,297,2,1
296,721,295,1,2
296,723,297,2,1
297,625,272,0,3
297,641,272,0,3
297,649,322,3,0
297,655,272,0,3
297,659,272,0,3
297,701,298,2,1
297,709,322,3,0
297,721,298,2,1
297,723,322,3,0
298,625,273,0,3
298,641,273,0,3
298,647,323,3,0
298,649,323,3,0
298,659,297,1,2
298,709,323,3,0
298,723,323,3,0
299,625,274,0,3
299,641,274,0,3
299,647,324,3,0
299,649,324,3,0
299,659,298,1,2
299,708,275,2,3
299,709,324,3,0
299,722,275,2,3
299,723,324,3,0
300,625,275,0,2
300,641,275,0,2
300,647,647,26,0
300,659,324,3,2
300,669,301,1,1
300,709,325,2,0
300,723,325,2,0
300,724,325,2,0
301,641,302,2,1
301,659,300,1,1
301,666,302,2,1
302,642,303,2,1
302,653,303,2,1
302,659,301,1,2
304,659,305,2,1
305,625,280,0,3
305,641,280,0,3
305,659,306,2,1
305,669,669,48,0
305,709,330,3,0
305,723,330,3,0
305,724,330,3,0
306,625,281,0,3
306,641,281,0,3
306,647,305,1,2
306,649,331,3,0
306,659,307,2,1
306,669,305,1,2
306,709,331,3,0
306,723,331,3,0
307,625,282,0,3
307,641,282,0,3
307,647,306,1,2
307,649,332,3,0
307,659,308,2,1
307,669,306,1,2
307,709,332,3,0
307,723,332,3,0
308,625,283,0,3
308,641,283,0,3
308,647,307,1,2
308,649,333,3,0
308,655,283,0,3
308,659,309,2,1
308,669,307,1,2
308,709,333,3,0
308,723,333,3,0
309,625,284,0,3
309,641,284,0,3
309,647,308,1,2
309,649,334,3,0
309,659,284,0,3
309,669,308,1,2
309,708,284,0,3
309,709,334,3,0
309,723,334,3,0
310,625,309,1,2
310,641,309,1,2
310,647,309,1,2
310,649,309,1,2
310,659,285,0,3
310,701,309,1,2
310,708,285,0,3
310,709,309,1,2
310,721,309,1,2
310,723,309,1,2
311,625,310,1,2
311,641,310,1,2
311,647,310,1,2
311,649,310,1,2
311,659,286,0,3
311,708,286,0,3
311,709,310,1,2
311,723,310,1,2
312,625,311,1,2
312,641,311,1,2
312,647,311,1,2
312,649,311,1,2
312,659,287,0,3
312,708,311,1,2
312,709,311,1,2
312,722,311,1,2
312,723,311,1,2
313,625,312,1,2
313,641,312,1,2
313,659,288,0,3
313,709,312,1,2
313,723,312,1,2
314,641,313,1,2
314,659,289,0,3
314,666,313,1,2
315,642,314,1,2
315,653,314,1,2
316,642,315,1,2
316,653,315,1,2
316,659,291,0,3
317,641,316,1,2
317,659,292,0,3
317,666,316,1,2
318,625,319,2,1
318,641,319,2,1
318,647,319,2,1
318,659,293,0,3
318,709,319,2,1
318,723,319,2,1
318,724,319,2,1
319,625,320,2,1
319,641,320,2,1
319,647,320,2,1
319,649,320,2,1
319,659,294,0,3
319,708,318,1,2
319,709,320,2,1
319,722,318,1,2
319,723,320,2,1
320,625,321,2,1
320,641,321,2,1
320,647,321,2,1
320,649,321,2,1
320,659,295,0,3
320,708,295,0,3
320,709,321,2,1
320,723,321,2,1
321,625,322,2,1
321,641,322,2,1
321,647,322,2,1
321,649,322,2,1
321,655,322,2,1
321,659,296,0,3
321,701,320,1,2
321,708,296,0,3
321,709,322,2,1
321,721,320,1,2
321,723,322,2,1
322,625,297,0,3
322,641,297,0,3
322,647,323,2,1
322,649,347,3,0
322,655,297,0,3
322,659,297,0,3
322,669,323,2,1
322,701,323,2,1
322,708,297,0,3
322,709,347,3,0
322,721,323,2,1
322,723,347,3,0
323,625,298,0,3
323,641,298,0,3
323,647,324,2,1
323,649,348,3,0
323,659,322,1,2
323,669,324,2,1
323,709,348,3,0
323,723,348,3,0
324,625,299,0,3
324,641,299,0,3
324,647,300,2,3
324,649,349,3,0
324,659,323,1,2
324,669,300,2,3
324,708,300,2,3
324,709,349,3,0
324,722,300,2,3
324,723,349,3,0
325,625,350,2,0
325,641,300,0,2
325,647,300,0,2
325,659,349,3,2
325,669,300,0,2
325,709,350,2,0
325,723,350,2,0
325,724,350,2,0
326,641,327,2,1
326,659,325,1,1
326,666,327,2,1
327,642,328,2,1
327,653,328,2,1
327,659,326,1,2
329,659,330,2,1
330,625,355,3,0
330,641,305,0,3
330,659,331,2,1
330,669,305,0,3
330,709,355,3,0
330,723,355,3,0
330,724,355,3,0
331,625,356,3,0
331,641,306,0,3
331,647,306,0,3
331,649,356,3,0
331,659,332,2,1
331,669,306,0,3
331,709,356,3,0
331,723,356,3,0
332,625,357,3,0
332,641,307,0,3
332,647,307,0,3
332,649,357,3,0
332,659,333,2,1
332,669,307,0,3
332,709,357,3,0
332,723,357,3,0
333,625,358,3,0
333,641,308,0,3
333,647,308,0,3
333,649,358,3,0
333,655,308,0,3
333,659,334,2,1
333,669,308,0,3
333,709,358,3,0
333,723,358,3,0
334,641,309,0,3
334,647,309,0,3
334,649,359,3,0
334,659,309,0,3
334,669,309,0,3
334,709,359,3,0
334,723,359,3,0
335,625,334,1,2
335,641,334,1,2
335,647,334,1,2
335,649,334,1,2
335,659,310,0,3
335,701,334,1,2
335,709,334,1,2
335,721,334,1,2
335,723,334,1,2
336,625,335,1,2
336,641,335,1,2
336,647,335,1,2
336,649,335,1,2
336,659,311,0,3
336,709,335,1,2
336,723,335,1,2
337,625,336,1,2
337,641,336,1,2
337,647,336,1,2
337,649,336,1,2
337,659,312,0,3
337,708,336,1,2
337,709,336,1,2
337,722,336,1,2
337,723,336,1,2
338,625,337,1,2
338,641,337,1,2
338,659,313,0,3
338,709,337,1,2
338,723,337,1,2
339,641,338,1,2
339,659,314,0,3
339,666,338,1,2
340,642,339,1,2
340,653,339,1,2
341,642,340,1,2
341,653,340,1,2
341,659,316,0,3
342,641,341,1,2
342,659,317,0,3
342,666,341,1,2
343,625,344,2,1
343,641,344,2,1
343,647,344,2,1
343,659,318,0,3
343,709,344,2,1
343,723,344,2,1
343,724,344,2,1
344,625,345,2,1
344,641,345,2,1
344,647,345,2,1
344,649,345,2,1
344,659,319,0,3
344,708,343,1,2
344,709,345,2,1
344,722,343,1,2
344,723,345,2,1
345,625,346,2,1
345,641,346,2,1
345,647,346,2,1
345,649,346,2,1
345,659,320,0,3
345,709,346,2,1
345,723,346,2,1
346,625,347,2,1
346,641,347,2,1
346,647,347,2,1
346,649,347,2,1
346,655,347,2,1
346,659,321,0,3
346,701,345,1,2
346,709,347,2,1
346,721,345,1,2
346,723,347,2,1
347,641,322,0,3
347,647,322,0,3
347,649,372,3,0
347,655,322,0,3
347,659,322,0,3
347,669,322,0,3
347,701,348,2,1
347,709,372,3,0
347,721,348,2,1
347,723,372,3,0
348,625,373,3,0
348,641,323,0,3
348,647,323,0,3
348,649,373,3,0
348,659,347,1,2
348,669,323,0,3
348,709,373,3,0
348,723,373,3,0
349,625,374,3,0
349,641,324,0,3
349,647,324,0,3
349,649,374,3,0
349,659,348,1,2
349,669,324,0,3
349,708,325,2,3
349,709,374,3,0
349,722,325,2,3
349,723,374,3,0
350,625,375,2,0
350,641,325,0,2
350,647,325,0,2
350,659,374,3,2
350,709,351,1,1
350,723,375,2,0
351,641,352,2,1
351,659,350,1,1
351,666,352,2,1
352,642,353,2,1
352,653,353,2,1
352,659,351,1,2
354,659,355,2,1
355,625,380,3,0
355,641,330,0,3
355,659,356,2,1
355,709,709,88,0
355,723,380,3,0
355,724,724,103,0
356,625,381,3,0
356,641,331,0,3
356,647,331,0,3
356,649,649,28,0
356,659,357,2,1
356,709,355,1,2
356,723,381,3,0
356,724,355,1,2
357,625,382,3,0
357,641,332,0,3
357,647,332,0,3
357,649,356,1,2
357,659,358,2,1
357,709,356,1,2
357,723,382,3,0
358,625,383,3,0
358,641,333,0,3
358,647,333,0,3
358,649,357,1,2
358,655,333,0,3
358,659,359,2,1
358,709,357,1,2
358,723,383,3,0
359,641,334,0,3
359,647,334,0,3
359,649,358,1,2
359,659,334,0,3
359,701,334,0,3
359,709,358,1,2
359,723,384,3,0
360,625,359,1,2
360,641,359,1,2
360,647,359,1,2
360,649,359,1,2
360,659,335,0,3
360,701,359,1,2
360,709,359,1,2
360,721,359,1,2
360,723,359,1,2
361,625,360,1,2
361,641,360,1,2
361,647,360,1,2
361,649,360,1,2
361,659,336,0,3
361,709,360,1,2
361,723,360,1,2
362,625,361,1,2
362,641,361,1,2
362,647,361,1,2
362,649,361,1,2
362,659,337,0,3
362,708,361,1,2
362,709,361,1,2
362,722,361,1,2
362,723,361,1,2
363,625,362,1,2
363,641,362,1,2
363,659,338,0,3
363,709,362,1,2
363,723,362,1,2
364,641,363,1,2
364,659,339,0,3
364,666,363,1,2
365,642,364,1,2
365,653,364,1,2
366,642,365,1,2
366,653,365,1,2
366,659,341,0,3
367,641,366,1,2
367,659,342,0,3
367,666,366,1,2
368,625,369,2,1
368,641,369,2,1
368,647,369,2,1
368,659,343,0,3
368,709,369,2,1
368,723,369,2,1
368,724,369,2,1
369,625,370,2,1
369,641,370,2,1
369,647,370,2,1
369,649,370,2,1
369,659,344,0,3
369,708,368,1,2
369,709,370,2,1
369,722,368,1,2
369,723,370,2,1
370,625,371,2,1
370,641,371,2,1
370,647,371,2,1
370,649,371,2,1
370,659,345,0,3
370,709,371,2,1
370,723,371,2,1
371,625,372,2,1
371,641,372,2,1
371,647,372,2,1
371,649,372,2,1
371,655,372,2,1
371,659,346,0,3
371,701,370,1,2
371,709,372,2,1
371,721,370,1,2
371,723,372,2,1
372,641,347,0,3
372,647,347,0,3
372,649,373,2,1
372,655,347,0,3
372,659,347,0,3
372,701,373,2,1
372,709,373,2,1
372,721,373,2,1
372,723,397,3,0
373,625,398,3,0
373,641,348,0,3
373,647,348,0,3
373,649,374,2,1
373,659,372,1,2
373,709,374,2,1
373,723,398,3,0
374,625,399,3,0
374,641,349,0,3
374,647,349,0,3
374,649,350,2,3
374,659,373,1,2
374,708,350,2,3
374,709,350,2,3
374,722,350,2,3
374,723,399,3,0
375,625,400,2,0
375,641,400,2,0
375,647,350,0,2
375,659,399,3,2
375,709,350,0,2
375,723,376,1,1
375,724,350,0,2
376,641,377,2,1
376,659,375,1,1
376,666,377,2,1
377,642,378,2,1
377,653,378,2,1
377,659,376,1,2
379,659,380,2,1
380,625,405,3,0
380,641,405,3,0
380,659,381,2,1
380,709,355,0,3
380,723,723,102,0
380,724,355,0,3
381,625,406,3,0
381,641,406,3,0
381,647,356,0,3
381,649,356,0,3
381,659,382,2,1
381,709,356,0,3
381,723,380,1,2
382,625,407,3,0
382,641,407,3,0
382,647,357,0,3
382,649,357,0,3
382,659,383,2,1
382,709,357,0,3
382,723,381,1,2
383,625,408,3,0
383,641,408,3,0
383,647,358,0,3
383,649,358,0,3
383,655,358,0,3
383,659,384,2,1
383,709,358,0,3
383,723,382,1,2
384,625,409,3,0
384,647,359,0,3
384,659,359,0,3
384,723,383,1,2
385,625,384,1,2
385,641,384,1,2
385,647,384,1,2
385,649,384,1,2
385,659,360,0,3
385,701,384,1,2
385,709,384,1,2
385,721,384,1,2
385,723,384,1,2
386,625,385,1,2
386,641,385,1,2
386,647,385,1,2
386,649,385,1,2
386,659,361,0,3
386,709,385,1,2
386,723,385,1,2
387,625,386,1,2
387,641,386,1,2
387,647,386,1,2
387,649,386,1,2
387,659,362,0,3
387,708,386,1,2
387,709,386,1,2
387,722,386,1,2
387,723,386,1,2
388,625,387,1,2
388,641,387,1,2
388,659,363,0,3
388,709,387,1,2
388,723,387,1,2
389,641,388,1,2
389,659,364,0,3
389,666,388,1,2
390,642,389,1,2
390,653,389,1,2
391,642,390,1,2
391,653,390,1,2
391,659,366,0,3
392,641,391,1,2
392,659,367,0,3
392,666,391,1,2
393,625,394,2,1
393,641,394,2,1
393,647,394,2,1
393,659,368,0,3
393,709,394,2,1
393,723,394,2,1
393,724,394,2,1
394,625,395,2,1
394,641,395,2,1
394,647,395,2,1
394,649,395,2,1
394,659,369,0,3
394,708,393,1,2
394,709,395,2,1
394,722,393,1,2
394,723,395,2,1
395,625,396,2,1
395,641,396,2,1
395,647,396,2,1
395,649,396,2,1
395,659,370,0,3
395,709,396,2,1
395,723,396,2,1
396,625,397,2,1
396,641,397,2,1
396,647,397,2,1
396,649,397,2,1
396,655,397,2,1
396,659,371,0,3
396,701,395,1,2
396,709,397,2,1
396,721,395,1,2
396,723,397,2,1
397,625,422,3,0
397,647,372,0,3
397,655,372,0,3
397,659,372,0,3
397,701,398,2,1
397,721,398,2,1
397,723,398,2,1
398,625,423,3,0
398,641,423,3,0
398,647,373,0,3
398,649,373,0,3
398,659,397,1,2
398,709,373,0,3
398,723,399,2,1
399,625,424,3,0
399,641,424,3,0
399,647,374,0,3
399,649,374,0,3
399,659,398,1,2
399,708,375,2,3
399,709,374,0,3
399,722,375,2,3
399,723,375,2,3
400,625,425,2,0
400,641,425,2,0
400,647,375,0,2
400,659,424,3,2
400,709,375,0,2
400,723,375,0,2
400,724,375,0,2
401,641,402,2,1
401,659,400,1,1
401,666,402,2,1
402,642,403,2,1
402,653,403,2,1
402,659,401,1,2
404,659,405,2,1
405,625,430,3,0
405,641,430,3,0
405,659,406,2,1
405,709,380,0,3
405,723,380,0,3
405,724,380,0,3
406,625,431,3,0
406,641,431,3,0
406,647,381,0,3
406,649,381,0,3
406,659,407,2,1
406,709,381,0,3
406,723,381,0,3
407,625,432,3,0
407,641,432,3,0
407,647,382,0,3
407,649,382,0,3
407,659,408,2,1
407,709,382,0,3
407,723,382,0,3
408,625,433,3,0
408,641,433,3,0
408,647,383,0,3
408,649,383,0,3
408,655,383,0,3
408,659,409,2,1
408,709,383,0,3
408,723,383,0,3
409,625,434,3,0
409,641,434,3,0
409,642,434,3,0
409,647,384,0,3
409,655,384,0,3
409,659,434,3,0
409,721,384,0,3
409,722,384,0,3
410,625,409,1,2
410,641,409,1,2
410,642,435,3,0
410,647,409,1,2
410,649,409,1,2
410,659,435,3,0
410,701,409,1,2
410,709,409,1,2
410,721,409,1,2
410,722,385,0,3
410,723,409,1,2
411,625,410,1,2
411,641,410,1,2
411,642,436,3,0
411,647,410,1,2
411,649,410,1,2
411,659,436,3,0
411,709,410,1,2
411,722,386,0,3
411,723,410,1,2
412,625,411,1,2
412,641,411,1,2
412,642,437,3,0
412,647,411,1,2
412,649,411,1,2
412,659,437,3,0
412,708,411,1,2
412,709,411,1,2
412,722,411,1,2
412,723,411,1,2
413,625,412,1,2
413,641,412,1,2
413,642,438,3,0
413,659,438,3,0
413,709,412,1,2
413,723,412,1,2
414,641,413,1,2
414,642,439,3,0
414,659,439,3,0
414,666,413,1,2
415,642,414,1,2
415,653,414,1,2
416,653,415,1,2
416,659,441,3,0
417,642,442,3,0
417,659,442,3,0
417,666,416,1,2
418,625,419,2,1
418,641,419,2,1
418,642,443,3,0
418,647,419,2,1
418,659,443,3,0
418,709,419,2,1
418,723,419,2,1
418,724,419,2,1
419,625,420,2,1
419,641,420,2,1
419,642,444,3,0
419,647,420,2,1
419,649,420,2,1
419,659,444,3,0
419,708,418,1,2
419,709,420,2,1
419,722,418,1,2
419,723,420,2,1
420,625,421,2,1
420,641,421,2,1
420,642,445,3,0
420,647,421,2,1
420,649,421,2,1
420,659,445,3,0
420,709,421,2,1
420,722,395,0,3
420,723,421,2,1
421,625,422,2,1
421,641,422,2,1
421,642,446,3,0
421,647,422,2,1
421,649,422,2,1
421,655,422,2,1
421,659,446,3,0
421,701,420,1,2
421,709,422,2,1
421,721,420,1,2
421,722,396,0,3
421,723,422,2,1
422,625,447,3,0
422,641,447,3,0
422,642,447,3,0
422,647,397,0,3
422,655,397,0,3
422,659,447,3,0
422,701,423,2,1
422,721,423,2,1
422,722,397,0,3
423,625,448,3,0
423,641,448,3,0
423,647,398,0,3
423,649,398,0,3
423,659,422,1,2
423,709,398,0,3
423,723,398,0,3
424,625,449,3,0
424,641,449,3,0
424,647,399,0,3
424,649,399,0,3
424,659,423,1,2
424,708,400,2,3
424,709,399,0,3
424,722,400,2,3
424,723,399,0,3
425,625,450,2,0
425,641,450,2,0
425,647,400,0,2
425,659,449,3,2
425,709,400,0,2
425,723,400,0,2
425,724,400,0,2
426,641,427,2,1
426,659,425,1,1
426,666,427,2,1
427,642,428,2,1
427,653,428,2,1
427,659,426,1,2
429,659,430,2,1
430,625,455,3,0
430,641,455,3,0
430,659,431,2,1
430,709,405,0,3
430,723,405,0,3
430,724,405,0,3
431,625,456,3,0
431,641,456,3,0
431,647,406,0,3
431,649,406,0,3
431,659,432,2,1
431,709,406,0,3
431,723,406,0,3
432,625,457,3,0
432,641,457,3,0
432,647,407,0,3
432,649,407,0,3
432,659,433,2,1
432,709,407,0,3
432,723,407,0,3
433,625,458,3,0
433,641,458,3,0
433,647,408,0,3
433,649,408,0,3
433,655,458,3,0
433,659,434,2,1
433,709,408,0,3
433,723,408,0,3
434,625,459,3,0
434,641,459,3,0
434,642,435,2,1
434,647,409,0,3
434,659,459,3,0
434,709,409,0,3
434,721,409,0,3
435,625,434,1,2
435,641,434,1,2
435,642,436,2,1
435,647,434,1,2
435,649,434,1,2
435,659,460,3,0
435,701,434,1,2
435,709,434,1,2
435,721,434,1,2
435,723,434,1,2
436,625,435,1,2
436,641,435,1,2
436,642,437,2,1
436,647,435,1,2
436,649,435,1,2
436,659,461,3,0
436,709,435,1,2
436,723,435,1,2
437,625,436,1,2
437,641,436,1,2
437,642,438,2,1
437,647,436,1,2
437,649,436,1,2
437,659,462,3,0
437,708,436,1,2
437,709,436,1,2
437,722,436,1,2
437,723,436,1,2
438,625,437,1,2
438,641,437,1,2
438,642,439,2,1
438,659,463,3,0
438,709,437,1,2
438,723,437,1,2
439,641,438,1,2
439,642,642,21,0
439,659,464,3,0
439,666,438,1,2
440,642,439,1,2
440,653,439,1,2
441,642,440,1,2
441,653,440,1,2
441,659,466,3,0
442,641,441,1,2
442,642,441,1,2
442,659,467,3,0
442,666,441,1,2
443,625,444,2,1
443,641,444,2,1
443,642,442,1,2
443,647,444,2,1
443,659,468,3,0
443,709,444,2,1
443,723,444,2,1
443,724,444,2,1
444,625,445,2,1
444,641,445,2,1
444,642,443,1,2
444,647,445,2,1
444,649,445,2,1
444,659,469,3,0
444,708,443,1,2
444,709,445,2,1
444,722,443,1,2
444,723,445,2,1
445,625,446,2,1
445,641,446,2,1
445,642,444,1,2
445,647,446,2,1
445,649,446,2,1
445,659,470,3,0
445,709,446,2,1
445,723,446,2,1
446,625,447,2,1
446,641,447,2,1
446,642,445,1,2
446,647,447,2,1
446,649,447,2,1
446,655,447,2,1
446,659,471,3,0
446,701,445,1,2
446,709,447,2,1
446,721,445,1,2
446,723,447,2,1
447,625,472,3,0
447,641,472,3,0
447,642,446,1,2
447,647,422,0,3
447,655,472,3,0
447,659,472,3,0
447,701,448,2,1
447,709,422,0,3
447,721,448,2,1
448,625,473,3,0
448,641,473,3,0
448,647,423,0,3
448,649,423,0,3
448,659,447,1,2
448,709,423,0,3
448,723,423,0,3
449,625,474,3,0
449,641,474,3,0
449,647,424,0,3
449,649,424,0,3
449,659,448,1,2
449,708,425,2,3
449,709,424,0,3
449,722,425,2,3
449,723,424,0,3
450,625,475,2,0
450,641,475,2,0
450,647,425,0,2
450,659,474,3,2
450,709,425,0,2
450,723,425,0,2
450,724,425,0,2
451,641,452,2,1
451,659,450,1,1
451,666,452,2,1
452,642,453,2,1
452,653,453,2,1
452,659,451,1,2
454,659,455,2,1
455,625,480,3,0
455,641,480,3,0
455,659,456,2,1
455,709,430,0,3
455,723,430,0,3
455,724,430,0,3
456,625,481,3,0
456,641,481,3,0
456,647,431,0,3
456,649,431,0,3
456,659,457,2,1
456,709,431,0,3
456,723,431,0,3
457,625,482,3,0
457,641,482,3,0
457,647,432,0,3
457,649,432,0,3
457,659,458,2,1
457,709,432,0,3
457,723,432,0,3
458,625,483,3,0
458,641,483,3,0
458,647,433,0,3
458,649,433,0,3
458,655,483,3,0
458,659,459,2,1
458,709,433,0,3
458,723,433,0,3
459,625,484,3,0
459,641,484,3,0
459,647,434,0,3
459,659,484,3,0
459,709,434,0,3
459,723,434,0,3
460,625,459,1,2
460,641,459,1,2
460,647,459,1,2
460,649,459,1,2
460,659,485,3,0
460,701,459,1,2
460,709,459,1,2
460,721,459,1,2
460,723,459,1,2
461,625,460,1,2
461,641,460,1,2
461,647,460,1,2
461,649,460,1,2
461,659,486,3,0
461,709,460,1,2
461,723,460,1,2
462,625,461,1,2
462,641,461,1,2
462,647,461,1,2
462,649,461,1,2
462,659,487,3,0
462,708,461,1,2
462,709,461,1,2
462,722,461,1,2
462,723,461,1,2
463,625,462,1,2
463,641,462,1,2
463,659,488,3,0
463,709,462,1,2
463,723,462,1,2
464,641,463,1,2
464,659,489,3,0
464,666,463,1,2
465,642,464,1,2
465,653,464,1,2
466,642,465,1,2
466,653,465,1,2
466,659,491,3,0
467,641,466,1,2
467,659,492,3,0
467,666,466,1,2
468,625,469,2,1
468,641,469,2,1
468,647,469,2,1
468,659,493,3,0
468,709,469,2,1
468,723,469,2,1
468,724,469,2,1
469,625,470,2,1
469,641,470,2,1
469,647,470,2,1
469,649,470,2,1
469,659,494,3,0
469,708,468,1,2
469,709,470,2,1
469,722,468,1,2
469,723,470,2,1
470,625,471,2,1
470,641,471,2,1
470,647,471,2,1
470,649,471,2,1
470,659,495,3,0
470,709,471,2,1
470,723,471,2,1
471,625,472,2,1
471,641,472,2,1
471,647,472,2,1
471,649,472,2,1
471,655,472,2,1
471,659,496,3,0
471,701,470,1,2
471,709,472,2,1
471,721,470,1,2
471,723,472,2,1
472,625,497,3,0
472,641,497,3,0
472,647,447,0,3
472,655,497,3,0
472,659,497,3,0
472,701,473,2,1
472,709,447,0,3
472,721,473,2,1
472,723,447,0,3
473,625,498,3,0
473,641,498,3,0
473,647,448,0,3
473,649,448,0,3
473,659,472,1,2
473,709,448,0,3
473,723,448,0,3
474,625,499,3,0
474,641,499,3,0
474,647,449,0,3
474,649,449,0,3
474,659,473,1,2
474,708,450,2,3
474,709,449,0,3
474,722,450,2,3
474,723,449,0,3
475,625,500,2,0
475,641,500,2,0
475,647,450,0,2
475,659,499,3,2
475,709,450,0,2
475,723,450,0,2
475,724,450,0,2
476,641,477,2,1
476,659,475,1,1
476,666,477,2,1
477,642,478,2,1
477,653,478,2,1
477,659,476,1,2
479,659,480,2,1
480,625,505,3,0
480,641,505,3,0
480,659,481,2,1
480,709,455,0,3
480,723,455,0,3
480,724,455,0,3
481,625,506,3,0
481,641,506,3,0
481,647,456,0,3
481,649,456,0,3
481,659,482,2,1
481,709,456,0,3
481,723,456,0,3
482,625,507,3,0
482,641,507,3,0
482,647,457,0,3
482,649,457,0,3
482,659,483,2,1
482,709,457,0,3
482,723,457,0,3
483,625,508,3,0
483,641,508,3,0
483,647,458,0,3
483,649,458,0,3
483,655,508,3,0
483,659,484,2,1
483,709,458,0,3
483,723,458,0,3
484,625,509,3,0
484,641,509,3,0
484,647,459,0,3
484,649,459,0,3
484,659,509,3,0
484,709,459,0,3
484,723,459,0,3
485,625,484,1,2
485,641,484,1,2
485,647,484,1,2
485,649,484,1,2
485,659,510,3,0
485,701,484,1,2
485,709,484,1,2
485,721,484,1,2
485,723,484,1,2
486,625,485,1,2
486,641,485,1,2
486,647,485,1,2
486,649,485,1,2
486,659,511,3,0
486,709,485,1,2
486,723,485,1,2
487,625,486,1,2
487,641,486,1,2
487,647,486,1,2
487,649,486,1,2
487,659,512,3,0
487,708,486,1,2
487,709,486,1,2
487,722,486,1,2
487,723,486,1,2
488,625,487,1,2
488,641,487,1,2
488,659,513,3,0
488,709,487,1,2
488,723,487,1,2
489,641,488,1,2
489,659,514,3,0
489,666,488,1,2
490,642,489,1,2
490,653,489,1,2
491,642,490,1,2
491,653,490,1,2
491,659,516,3,0
492,641,491,1,2
492,659,517,3,0
492,666,491,1,2
493,625,494,2,1
493,641,494,2,1
493,647,494,2,1
493,659,518,3,0
493,709,494,2,1
493,723,494,2,1
493,724,494,2,1
494,625,495,2,1
494,641,495,2,1
494,647,495,2,1
494,649,495,2,1
494,659,519,3,0
494,708,493,1,2
494,709,495,2,1
494,722,493,1,2
494,723,495,2,1
495,625,496,2,1
495,641,496,2,1
495,647,496,2,1
495,649,496,2,1
495,659,520,3,0
495,709,496,2,1
495,723,496,2,1
496,625,497,2,1
496,641,497,2,1
496,647,497,2,1
496,649,497,2,1
496,655,497,2,1
496,659,521,3,0
496,701,495,1,2
496,709,497,2,1
496,721,495,1,2
496,723,497,2,1
497,625,522,3,0
497,641,522,3,0
497,647,472,0,3
497,649,472,0,3
497,655,522,3,0
497,659,522,3,0
497,701,498,2,1
497,709,472,0,3
497,721,498,2,1
497,723,472,0,3
498,625,523,3,0
498,641,523,3,0
498,647,473,0,3
498,649,473,0,3
498,659,497,1,2
498,709,473,0,3
498,723,473,0,3
499,625,524,3,0
499,641,524,3,0
499,647,474,0,3
499,649,474,0,3
499,659,498,1,2
499,708,475,2,3
499,709,474,0,3
499,722,475,2,3
499,723,474,0,3
500,625,525,2,0
500,641,525,2,0
500,647,475,0,2
500,659,524,3,2
500,709,475,0,2
500,723,475,0,2
500,724,475,0,2
501,641,502,2,1
501,659,500,1,1
501,666,502,2,1
502,642,503,2,1
502,653,503,2,1
502,659,501,1,2
504,659,505,2,1
505,625,530,3,0
505,641,530,3,0
505,659,506,2,1
505,709,480,0,3
505,723,480,0,3
505,724,480,0,3
506,625,531,3,0
506,641,531,3,0
506,647,481,0,3
506,649,481,0,3
506,659,507,2,1
506,709,481,0,3
506,723,481,0,3
507,625,532,3,0
507,641,532,3,0
507,647,482,0,3
507,649,482,0,3
507,659,508,2,1
507,709,482,0,3
507,723,482,0,3
508,625,533,3,0
508,641,533,3,0
508,647,483,0,3
508,649,483,0,3
508,655,533,3,0
508,659,509,2,1
508,709,483,0,3
508,723,483,0,3
509,625,534,3,0
509,641,534,3,0
509,647,484,0,3
509,649,484,0,3
509,659,534,3,0
509,709,484,0,3
509,723,484,0,3
510,625,509,1,2
510,641,509,1,2
510,647,509,1,2
510,649,509,1,2
510,659,535,3,0
510,701,509,1,2
510,709,509,1,2
510,721,509,1,2
510,723,509,1,2
511,625,510,1,2
511,641,510,1,2
511,647,510,1,2
511,649,510,1,2
511,659,536,3,0
511,709,510,1,2
511,723,510,1,2
512,625,511,1,2
512,641,511,1,2
512,647,511,1,2
512,649,511,1,2
512,659,537,3,0
512,708,511,1,2
512,709,511,1,2
512,722,511,1,2
512,723,511,1,2
513,625,512,1,2
513,641,512,1,2
513,659,538,3,0
513,709,512,1,2
513,723,512,1,2
514,641,513,1,2
514,653,653,32,0
514,659,539,3,0
514,666,513,1,2
515,642,514,1,2
515,653,514,1,2
516,642,515,1,2
516,659,541,3,0
517,641,516,1,2
517,659,542,3,0
517,666,516,1,2
518,625,519,2,1
518,641,519,2,1
518,647,519,2,1
518,659,543,3,0
518,709,519,2,1
518,723,519,2,1
518,724,519,2,1
519,625,520,2,1
519,641,520,2,1
519,647,520,2,1
519,649,520,2,1
519,659,544,3,0
519,708,518,1,2
519,709,520,2,1
519,722,518,1,2
519,723,520,2,1
520,625,521,2,1
520,641,521,2,1
520,647,521,2,1
520,649,521,2,1
520,659,545,3,0
520,709,521,2,1
520,723,521,2,1
521,625,522,2,1
521,641,522,2,1
521,647,522,2,1
521,649,522,2,1
521,655,522,2,1
521,659,546,3,0
521,701,520,1,2
521,709,522,2,1
521,721,520,1,2
521,723,522,2,1
522,625,547,3,0
522,641,547,3,0
522,647,497,0,3
522,649,497,0,3
522,655,547,3,0
522,659,547,3,0
522,701,523,2,1
522,709,497,0,3
522,721,523,2,1
522,723,497,0,3
523,625,548,3,0
523,641,548,3,0
523,647,498,0,3
523,649,498,0,3
523,659,522,1,2
523,709,498,0,3
523,723,498,0,3
524,625,549,3,0
524,641,549,3,0
524,647,499,0,3
524,649,499,0,3
524,659,523,1,2
524,708,500,2,3
524,709,499,0,3
524,722,500,2,3
524,723,499,0,3
525,625,550,2,0
525,641,550,2,0
525,647,500,0,2
525,659,549,3,2
525,709,500,0,2
525,723,500,0,2
525,724,500,0,2
526,641,527,2,1
526,659,525,1,1
526,666,527,2,1
527,642,528,2,1
527,653,528,2,1
527,659,526,1,2
529,659,530,2,1
530,625,555,3,0
530,641,555,3,0
530,659,531,2,1
530,709,505,0,3
530,723,505,0,3
530,724,505,0,3
531,625,556,3,0
531,641,556,3,0
531,647,506,0,3
531,649,506,0,3
531,659,532,2,1
531,709,506,0,3
531,723,506,0,3
532,625,557,3,0
532,641,557,3,0
532,647,507,0,3
532,649,507,0,3
532,659,533,2,1
532,709,507,0,3
532,723,507,0,3
533,625,558,3,0
533,641,558,3,0
533,647,508,0,3
533,649,508,0,3
533,655,558,3,0
533,659,534,2,1
533,709,508,0,3
533,723,508,0,3
534,625,559,3,0
534,641,559,3,0
534,647,509,0,3
534,649,509,0,3
534,659,559,3,0
534,709,509,0,3
534,723,509,0,3
535,625,534,1,2
535,641,534,1,2
535,647,534,1,2
535,649,534,1,2
535,659,560,3,0
535,701,534,1,2
535,709,534,1,2
535,721,534,1,2
535,723,534,1,2
536,625,535,1,2
536,641,535,1,2
536,647,535,1,2
536,649,535,1,2
536,659,561,3,0
536,709,535,1,2
536,723,535,1,2
537,625,536,1,2
537,641,536,1,2
537,647,536,1,2
537,649,536,1,2
537,659,562,3,0
537,708,536,1,2
537,709,536,1,2
537,722,536,1,2
537,723,536,1,2
538,625,537,1,2
538,641,537,1,2
538,659,563,3,0
538,709,537,1,2
538,723,537,1,2
539,641,538,1,2
539,659,564,3,0
539,666,538,1,2
540,642,539,1,2
540,653,539,1,2
541,642,540,1,2
541,653,540,1,2
541,659,566,3,0
542,641,541,1,2
542,659,567,3,0
542,666,541,1,2
543,625,544,2,1
543,641,544,2,1
543,647,544,2,1
543,659,568,3,0
543,709,544,2,1
543,723,544,2,1
543,724,544,2,1
544,625,545,2,1
544,641,545,2,1
544,647,545,2,1
544,649,545,2,1
544,659,569,3,0
544,708,543,1,2
544,709,545,2,1
544,722,543,1,2
544,723,545,2,1
545,625,546,2,1
545,641,546,2,1
545,647,546,2,1
545,649,546,2,1
545,659,570,3,0
545,709,546,2,1
545,723,546,2,1
546,625,547,2,1
546,641,547,2,1
546,647,547,2,1
546,649,547,2,1
546,655,547,2,1
546,659,571,3,0
546,701,545,1,2
546,709,547,2,1
546,721,545,1,2
546,723,547,2,1
547,625,572,3,0
547,641,572,3,0
547,647,522,0,3
547,649,522,0,3
547,655,572,3,0
547,659,572,3,0
547,701,548,2,1
547,709,522,0,3
547,721,548,2,1
547,723,522,0,3
548,625,573,3,0
548,641,573,3,0
548,647,523,0,3
548,649,523,0,3
548,659,547,1,2
548,709,523,0,3
548,723,523,0,3
549,625,574,3,0
549,641,574,3,0
549,647,524,0,3
549,649,524,0,3
549,659,548,1,2
549,708,525,2,3
549,709,524,0,3
549,722,525,2,3
549,723,524,0,3
550,625,575,2,0
550,641,575,2,0
550,647,525,0,2
550,659,574,3,2
550,709,525,0,2
550,723,525,0,2
550,724,525,0,2
551,641,552,2,1
551,659,550,1,1
551,666,552,2,1
552,642,553,2,1
552,653,553,2,1
552,659,551,1,2
554,659,555,2,1
555,625,580,3,0
555,641,580,3,0
555,659,556,2,1
555,709,530,0,3
555,723,530,0,3
555,724,530,0,3
556,625,581,3,0
556,641,581,3,0
556,647,531,0,3
556,649,531,0,3
556,659,557,2,1
556,709,531,0,3
556,723,531,0,3
557,625,582,3,0
557,641,582,3,0
557,647,532,0,3
557,649,532,0,3
557,659,558,2,1
557,709,532,0,3
557,723,532,0,3
558,625,583,3,0
558,641,583,3,0
558,647,533,0,3
558,649,533,0,3
558,655,583,3,0
558,659,559,2,1
558,709,533,0,3
558,723,533,0,3
559,625,584,3,0
559,641,584,3,0
559,649,534,0,3
559,659,584,3,0
559,709,534,0,3
559,723,534,0,3
560,625,559,1,2
560,641,559,1,2
560,647,559,1,2
560,649,559,1,2
560,659,585,3,0
560,701,559,1,2
560,709,559,1,2
560,721,559,1,2
560,723,559,1,2
561,625,560,1,2
561,641,560,1,2
561,647,560,1,2
561,649,560,1,2
561,659,586,3,0
561,709,560,1,2
561,723,560,1,2
562,625,561,1,2
562,641,561,1,2
562,647,561,1,2
562,649,561,1,2
562,659,587,3,0
562,708,561,1,2
562,709,561,1,2
562,722,561,1,2
562,723,561,1,2
563,625,562,1,2
563,641,562,1,2
563,659,588,3,0
563,709,562,1,2
563,723,562,1,2
564,641,563,1,2
564,659,589,3,0
564,666,563,1,2
565,642,564,1,2
565,653,564,1,2
566,642,565,1,2
566,653,565,1,2
566,659,591,3,0
567,641,566,1,2
567,659,592,3,0
567,666,566,1,2
568,625,569,2,1
568,641,569,2,1
568,647,569,2,1
568,659,593,3,0
568,709,569,2,1
568,723,569,2,1
568,724,569,2,1
569,625,570,2,1
569,641,570,2,1
569,647,570,2,1
569,649,570,2,1
569,659,594,3,0
569,708,568,1,2
569,709,570,2,1
569,722,568,1,2
569,723,570,2,1
570,625,571,2,1
570,641,571,2,1
570,647,571,2,1
570,649,571,2,1
570,659,595,3,0
570,709,571,2,1
570,723,571,2,1
571,625,572,2,1
571,641,572,2,1
571,647,572,2,1
571,649,572,2,1
571,655,572,2,1
571,659,596,3,0
571,701,570,1,2
571,709,572,2,1
571,721,570,1,2
571,723,572,2,1
572,625,597,3,0
572,641,597,3,0
572,649,547,0,3
572,655,597,3,0
572,659,597,3,0
572,701,573,2,1
572,709,547,0,3
572,721,573,2,1
572,723,547,0,3
573,625,598,3,0
573,641,598,3,0
573,647,548,0,3
573,649,548,0,3
573,659,572,1,2
573,709,548,0,3
573,723,548,0,3
574,625,599,3,0
574,641,599,3,0
574,647,549,0,3
574,649,549,0,3
574,659,573,1,2
574,708,550,2,3
574,709,549,0,3
574,722,550,2,3
574,723,549,0,3
575,625,600,2,0
575,641,600,2,0
575,647,550,0,2
575,659,599,3,2
575,709,550,0,2
575,723,550,0,2
575,724,550,0,2
576,641,577,2,1
576,659,575,1,1
576,666,577,2,1
577,642,578,2,1
577,653,578,2,1
577,659,576,1,2
579,659,580,2,1
580,625,605,3,0
580,641,605,3,0
580,659,581,2,1
580,709,555,0,3
580,723,555,0,3
580,724,555,0,3
581,625,606,3,0
581,641,606,3,0
581,647,556,0,3
581,649,556,0,3
581,659,582,2,1
581,709,556,0,3
581,723,556,0,3
582,625,607,3,0
582,641,607,3,0
582,647,557,0,3
582,649,557,0,3
582,659,583,2,1
582,709,557,0,3
582,723,557,0,3
583,625,608,3,0
583,641,608,3,0
583,647,558,0,3
583,649,558,0,3
583,655,608,3,0
583,659,584,2,1
583,709,558,0,3
583,723,558,0,3
584,625,609,3,0
584,641,609,3,0
584,649,559,0,3
584,659,609,3,0
584,709,559,0,3
584,723,559,0,3
585,625,584,1,2
585,641,584,1,2
585,647,584,1,2
585,649,584,1,2
585,659,610,3,0
585,701,584,1,2
585,709,584,1,2
585,721,584,1,2
585,723,584,1,2
586,625,585,1,2
586,641,585,1,2
586,647,585,1,2
586,649,585,1,2
586,659,611,3,0
586,709,585,1,2
586,723,585,1,2
587,625,586,1,2
587,641,586,1,2
587,647,586,1,2
587,649,586,1,2
587,659,612,3,0
587,708,586,1,2
587,709,586,1,2
587,722,586,1,2
587,723,586,1,2
588,625,587,1,2
588,641,587,1,2
588,659,613,3,0
588,709,587,1,2
588,723,587,1,2
589,641,588,1,2
589,659,614,3,0
589,666,588,1,2
590,642,589,1,2
590,653,589,1,2
591,642,590,1,2
591,653,590,1,2
591,659,616,3,0
592,641,591,1,2
592,659,617,3,0
592,666,591,1,2
593,625,594,2,1
593,641,594,2,1
593,647,594,2,1
593,659,618,3,0
593,709,594,2,1
593,723,594,2,1
593,724,594,2,1
594,625,595,2,1
594,641,595,2,1
594,647,595,2,1
594,649,595,2,1
594,659,619,3,0
594,708,593,1,2
594,709,595,2,1
594,722,593,1,2
594,723,595,2,1
595,625,596,2,1
595,641,596,2,1
595,647,596,2,1
595,649,596,2,1
595,659,620,3,0
595,709,596,2,1
595,723,596,2,1
596,625,597,2,1
596,641,597,2,1
596,647,597,2,1
596,649,597,2,1
596,655,597,2,1
596,659,621,3,0
596,701,595,1,2
596,709,597,2,1
596,721,595,1,2
596,723,597,2,1
597,625,622,3,0
597,641,622,3,0
597,649,572,0,3
597,655,622,3,0
597,659,622,3,0
597,701,598,2,1
597,709,572,0,3
597,721,598,2,1
597,723,572,0,3
598,625,623,3,0
598,641,623,3,0
598,647,573,0,3
598,649,573,0,3
598,659,597,1,2
598,709,573,0,3
598,723,573,0,3
599,625,624,3,0
599,641,624,3,0
599,647,574,0,3
599,649,574,0,3
599,659,598,1,2
599,708,575,2,3
599,709,574,0,3
599,722,575,2,3
599,723,574,0,3
600,625,0,2,3
600,641,0,2,3
600,647,575,0,2
600,659,624,3,2
600,709,575,0,2
600,723,575,0,2
600,724,575,0,2
601,641,602,2,1
601,659,600,1,1
601,666,602,2,1
602,642,603,2,1
602,653,603,2,1
602,659,601,1,2
604,659,605,2,1
605,625,5,3,3
605,641,5,3,3
605,659,606,2,1
605,709,580,0,3
605,723,580,0,3
605,724,580,0,3
606,625,6,3,3
606,641,6,3,3
606,647,581,0,3
606,649,581,0,3
606,659,607,2,1
606,709,581,0,3
606,723,581,0,3
607,625,7,3,3
607,641,7,3,3
607,647,582,0,3
607,649,582,0,3
607,659,608,2,1
607,709,582,0,3
607,723,582,0,3
608,625,8,3,3
608,641,8,3,3
608,647,583,0,3
608,649,583,0,3
608,655,8,3,3
608,659,609,2,1
608,709,583,0,3
608,723,583,0,3
609,625,9,3,3
609,641,9,3,3
609,649,584,0,3
609,659,9,3,3
609,708,9,3,3
609,709,584,0,3
609,723,584,0,3
610,625,609,1,2
610,641,609,1,2
610,647,609,1,2
610,649,609,1,2
610,659,10,3,3
610,701,609,1,2
610,708,10,3,3
610,709,609,1,2
610,721,609,1,2
610,723,609,1,2
611,625,610,1,2
611,641,610,1,2
611,647,610,1,2
611,649,610,1,2
611,659,11,3,3
611,708,11,3,3
611,709,610,1,2
611,723,610,1,2
612,625,611,1,2
612,641,611,1,2
612,647,611,1,2
612,649,611,1,2
612,659,12,3,3
612,708,611,1,2
612,709,611,1,2
612,722,611,1,2
612,723,611,1,2
613,625,612,1,2
613,641,612,1,2
613,659,13,3,3
613,709,612,1,2
613,723,612,1,2
614,641,613,1,2
614,659,14,3,3
614,666,613,1,2
615,642,614,1,2
615,653,614,1,2
616,642,615,1,2
616,653,615,1,2
616,659,16,3,3
617,641,616,1,2
617,659,17,3,3
617,666,616,1,2
618,625,619,2,1
618,641,619,2,1
618,647,619,2,1
618,659,18,3,3
618,709,619,2,1
618,723,619,2,1
618,724,619,2,1
619,625,620,2,1
619,641,620,2,1
619,647,620,2,1
619,649,620,2,1
619,659,19,3,3
619,709,620,2,1
619,722,618,1,2
619,723,620,2,1
620,625,621,2,1
620,641,621,2,1
620,647,621,2,1
620,649,621,2,1
620,659,20,3,3
620,708,20,3,3
620,709,621,2,1
620,723,621,2,1
621,625,622,2,1
621,641,622,2,1
621,647,622,2,1
621,649,622,2,1
621,655,622,2,1
621,659,21,3,3
621,701,620,1,2
621,708,21,3,3
621,709,622,2,1
621,721,620,1,2
621,723,622,2,1
622,625,22,3,3
622,641,22,3,3
622,649,597,0,3
622,655,22,3,3
622,659,22,3,3
622,701,623,2,1
622,708,22,3,3
622,709,597,0,3
622,721,623,2,1
622,723,597,0,3
623,625,23,3,3
623,641,23,3,3
623,647,598,0,3
623,649,598,0,3
623,659,622,1,2
623,709,598,0,3
623,723,598,0,3
624,625,24,3,3
624,641,24,3,3
624,647,599,0,3
624,649,599,0,3
624,659,623,1,2
624,708,600,2,3
624,709,599,0,3
624,722,600,2,3
624,723,599,0,3
625,626,5,0,4
625,627,5,0,4
625,628,5,0,4
625,629,5,0,4
625,630,5,0,4
625,631,5,0,4
625,632,5,0,4
625,633,5,0,4
625,634,5,0,4
625,635,5,0,4
625,636,5,0,4
625,637,5,0,4
625,638,5,0,4
625,639,5,0,4
625,640,5,0,4
625,641,5,0,4
625,642,5,0,4
625,643,5,0,4
625,644,5,0,4
625,645,5,0,4
625,646,5,0,4
625,647,5,0,4
625,648,5,0,4
625,649,5,0,4
625,650,5,0,4
625,651,5,0,4
625,652,5,0,4
625,653,5,0,4
625,654,5,0,4
625,655,5,0,4
625,656,5,0,4
625,657,5,0,4
625,658,5,0,4
625,659,5,0,4
625,660,5,0,4
625,661,5,0,4
625,662,5,0,4
625,663,5,0,4
625,664,5,0,4
625,665,5,0,4
625,666,5,0,4
625,667,5,0,4
625,668,5,0,4
625,669,5,0,4
625,670,5,0,4
625,671,5,0,4
625,672,5,0,4
625,673,5,0,4
625,674,5,0,4
625,675,5,0,4
625,676,5,0,4
625,677,5,0,4
625,678,5,0,4
625,679,5,0,4
625,680,5,0,4
625,681,5,0,4
625,682,5,0,4
625,683,5,0,4
625,684,5,0,4
625,685,5,0,4
625,686,5,0,4
625,687,5,0,4
625,688,5,0,4
625,689,5,0,4
625,690,5,0,4
625,691,5,0,4
625,692,5,0,4
625,693,5,0,4
625,694,5,0,4
625,695,5,0,4
625,696,5,0,4
625,697,5,0,4
625,698,5,0,4
625,699,5,0,4
625,700,5,0,4
625,701,5,0,4
625,702,5,0,4
625,703,5,0,4
625,704,5,0,4
625,705,5,0,4
625,706,5,0,4
625,707,5,0,4
625,708,5,0,4
625,709,5,0,4
625,710,5,0,4
625,711,5,0,4
625,712,5,0,4
625,713,5,0,4
625,714,5,0,4
625,715,5,0,4
625,716,5,0,4
625,717,5,0,4
625,718,5,0,4
625,719,5,0,4
625,720,5,0,4
625,721,5,0,4
625,722,5,0,4
625,723,5,0,4
625,724,5,0,4
641,625,55,0,20
641,626,55,0,20
641,627,55,0,20
641,628,55,0,20
641,629,55,0,20
641,630,55,0,20
641,631,55,0,20
641,632,55,0,20
641,633,55,0,20
641,634,55,0,20
641,635,55,0,20
641,636,55,0,20
641,637,55,0,20
641,638,55,0,20
641,639,55,0,20
641,640,55,0,20
641,642,55,0,20
641,643,55,0,20
641,644,55,0,20
641,645,55,0,20
641,646,55,0,20
641,647,55,0,20
641,648,55,0,20
641,649,55,0,20
641,650,55,0,20
641,651,55,0,20
641,652,55,0,20
641,653,55,0,20
641,654,55,0,20
641,655,55,0,20
641,656,55,0,20
641,657,55,0,20
641,658,55,0,20
641,659,55,0,20
641,660,55,0,20
641,661,55,0,20
641,662,55,0,20
641,663,55,0,20
641,664,55,0,20
641,665,55,0,20
641,666,55,0,20
641,667,55,0,20
641,668,55,0,20
641,669,55,0,20
641,670,55,0,20
641,671,55,0,20
641,672,55,0,20
641,673,55,0,20
641,674,55,0,20
641,675,55,0,20
641,676,55,0,20
641,677,55,0,20
641,678,55,0,20
641,679,55,0,20
641,680,55,0,20
641,681,55,0,20
641,682,55,0,20
641,683,55,0,20
641,684,55,0,20
641,685,55,0,20
641,686,55,0,20
641,687,55,0,20
641,688,55,0,20
641,689,55,0,20
641,690,55,0,20
641,691,55,0,20
641,692,55,0,20
641,693,55,0,20
641,694,55,0,20
641,695,55,0,20
641,696,55,0,20
641,697,55,0,20
641,698,55,0,20
641,699,55,0,20
641,700,55,0,20
641,701,55,0,20
641,702,55,0,20
641,703,55,0,20
641,704,55,0,20
641,705,55,0,20
641,706,55,0,20
641,707,55,0,20
641,708,55,0,20
641,709,55,0,20
641,710,55,0,20
641,711,55,0,20
641,712,55,0,20
641,713,55,0,20
641,714,55,0,20
641,715,55,0,20
641,716,55,0,20
641,717,55,0,20
641,718,55,0,20
641,719,55,0,20
641,720,55,0,20
641,721,55,0,20
641,722,55,0,20
641,723,55,0,20
641,724,55,0,20
642,625,439,0,21
642,626,439,0,21
642,627,439,0,21
642,628,439,0,21
642,629,439,0,21
642,630,439,0,21
642,631,439,0,21
642,632,439,0,21
642,633,439,0,21
642,634,439,0,21
642,635,439,0,21
642,636,439,0,21
642,637,439,0,21
642,638,439,0,21
642,639,439,0,21
642,640,439,0,21
642,641,439,0,21
642,643,439,0,21
642,644,439,0,21
642,645,439,0,21
642,646,439,0,21
642,647,439,0,21
642,648,439,0,21
642,649,439,0,21
642,650,439,0,21
642,651,439,0,21
642,652,439,0,21
642,653,439,0,21
642,654,439,0,21
642,655,439,0,21
642,656,439,0,21
642,657,439,0,21
642,658,439,0,21
642,659,439,0,21
642,660,439,0,21
642,661,439,0,21
642,662,439,0,21
642,663,439,0,21
642,664,439,0,21
642,665,439,0,21
642,666,439,0,21
642,667,439,0,21
642,668,439,0,21
642,669,439,0,21
642,670,439,0,21
642,671,439,0,21
642,672,439,0,21
642,673,439,0,21
642,674,439,0,21
642,675,439,0,21
642,676,439,0,21
642,677,439,0,21
642,678,439,0,21
642,679,439,0,21
642,680,439,0,21
642,681,439,0,21
642,682,439,0,21
642,683,439,0,21
642,684,439,0,21
642,685,439,0,21
642,686,439,0,21
642,687,439,0,21
642,688,439,0,21
642,689,439,0,21
642,690,439,0,21
642,691,439,0,21
642,692,439,0,21
642,693,439,0,21
642,694,439,0,21
642,695,439,0,21
642,696,439,0,21
642,697,439,0,21
642,698,439,0,21
642,699,439,0,21
642,700,439,0,21
642,701,439,0,21
642,702,439,0,21
642,703,439,0,21
642,704,439,0,21
642,705,439,0,21
642,706,439,0,21
642,707,439,0,21
642,708,439,0,21
642,709,439,0,21
642,710,439,0,21
642,711,439,0,21
642,712,439,0,21
642,713,439,0,21
642,714,439,0,21
642,715,439,0,21
642,716,439,0,21
642,717,439,0,21
642,718,439,0,21
642,719,439,0,21
642,720,439,0,21
642,721,439,0,21
642,722,439,0,21
642,723,439,0,21
642,724,439,0,21
647,625,300,0,26
647,626,300,0,26
647,627,300,0,26
647,628,300,0,26
647,629,300,0,26
647,630,300,0,26
647,631,300,0,26
647,632,300,0,26
647,633,300,0,26
647,634,300,0,26
647,635,300,0,26
647,636,300,0,26
647,637,300,0,26
647,638,300,0,26
647,639,300,0,26
647,640,300,0,26
647,641,300,0,26
647,642,300,0,26
647,643,300,0,26
647,644,300,0,26
647,645,300,0,26
647,646,300,0,26
647,648,300,0,26
647,649,300,0,26
647,650,300,0,26
647,651,300,0,26
647,652,300,0,26
647,653,300,0,26
647,654,300,0,26
647,655,300,0,26
647,656,300,0,26
647,657,300,0,26
647,658,300,0,26
647,659,300,0,26
647,660,300,0,26
647,661,300,0,26
647,662,300,0,26
647,663,300,0,26
647,664,300,0,26
647,665,300,0,26
647,666,300,0,26
647,667,300,0,26
647,668,300,0,26
647,669,300,0,26
647,670,300,0,26
647,671,300,0,26
647,672,300,0,26
647,673,300,0,26
647,674,300,0,26
647,675,300,0,26
647,676,300,0,26
647,677,300,0,26
647,678,300,0,26
647,679,300,0,26
647,680,300,0,26
647,681,300,0,26
647,682,300,0,26
647,683,300,0,26
647,684,300,0,26
647,685,300,0,26
647,686,300,0,26
647,687,300,0,26
647,688,300,0,26
647,689,300,0,26
647,690,300,0,26
647,691,300,0,26
647,692,300,0,26
647,693,300,0,26
647,694,300,0,26
647,695,300,0,26
647,696,300,0,26
647,697,300,0,26
647,698,300,0,26
647,699,300,0,26
647,700,300,0,26
647,701,300,0,26
647,702,300,0,26
647,703,300,0,26
647,704,300,0,26
647,705,300,0,26
647,706,300,0,26
647,707,300,0,26
647,708,300,0,26
647,709,300,0,26
647,710,300,0,26
647,711,300,0,26
647,712,300,0,26
647,713,300,0,26
647,714,300,0,26
647,715,300,0,26
647,716,300,0,26
647,717,300,0,26
647,718,300,0,26
647,719,300,0,26
647,720,300,0,26
647,721,300,0,26
647,722,300,0,26
647,723,300,0,26
647,724,300,0,26
649,625,356,0,28
649,626,356,0,28
649,627,356,0,28
649,628,356,0,28
649,629,356,0,28
649,630,356,0,28
649,631,356,0,28
649,632,356,0,28
649,633,356,0,28
649,634,356,0,28
649,635,356,0,28
649,636,356,0,28
649,637,356,0,28
649,638,356,0,28
649,639,356,0,28
649,640,356,0,28
649,641,356,0,28
649,642,356,0,28
649,643,356,0,28
649,644,356,0,28
649,645,356,0,28
649,646,356,0,28
649,647,356,0,28
649,648,356,0,28
649,650,356,0,28
649,651,356,0,28
649,652,356,0,28
649,653,356,0,28
649,654,356,0,28
649,655,356,0,28
649,656,356,0,28
649,657,356,0,28
649,658,356,0,28
649,659,356,0,28
649,660,356,0,28
649,661,356,0,28
649,662,356,0,28
649,663,356,0,28
649,664,356,0,28
649,665,356,0,28
649,666,356,0,28
649,667,356,0,28
649,668,356,0,28
649,669,356,0,28
649,670,356,0,28
649,671,356,0,28
649,672,356,0,28
649,673,356,0,28
649,674,356,0,28
649,675,356,0,28
649,676,356,0,28
649,677,356,0,28
649,678,356,0,28
649,679,356,0,28
649,680,356,0,28
649,681,356,0,28
649,682,356,0,28
649,683,356,0,28
649,684,356,0,28
649,685,356,0,28
649,686,356,0,28
649,687,356,0,28
649,688,356,0,28
649,689,356,0,28
649,690,356,0,28
649,691,356,0,28
649,692,356,0,28
649,693,356,0,28
649,694,356,0,28
649,695,356,0,28
649,696,356,0,28
649,697,356,0,28
649,698,356,0,28
649,699,356,0,28
649,700,356,0,28
649,701,356,0,28
649,702,356,0,28
649,703,356,0,28
649,704,356,0,28
649,705,356,0,28
649,706,356,0,28
649,707,356,0,28
649,708,356,0,28
649,709,356,0,28
649,710,356,0,28
649,711,356,0,28
649,712,356,0,28
649,713,356,0,28
649,714,356,0,28
649,715,356,0,28
649,716,356,0,28
649,717,356,0,28
649,718,356,0,28
649,719,356,0,28
649,720,356,0,28
649,721,356,0,28
649,722,356,0,28
649,723,356,0,28
649,724,356,0,28
653,625,514,0,32
653,626,514,0,32
653,627,514,0,32
653,628,514,0,32
653,629,514,0,32
653,630,514,0,32
653,631,514,0,32
653,632,514,0,32
653,633,514,0,32
653,634,514,0,32
653,635,514,0,32
653,636,514,0,32
653,637,514,0,32
653,638,514,0,32
653,639,514,0,32
653,640,514,0,32
653,641,514,0,32
653,642,514,0,32
653,643,514,0,32
653,644,514,0,32
653,645,514,0,32
653,646,514,0,32
653,647,514,0,32
653,648,514,0,32
653,649,514,0,32
653,650,514,0,32
653,651,514,0,32
653,652,514,0,32
653,654,514,0,32
653,655,514,0,32
653,656,514,0,32
653,657,514,0,32
653,658,514,0,32
653,659,514,0,32
653,660,514,0,32
653,661,514,0,32
653,662,514,0,32
653,663,514,0,32
653,664,514,0,32
653,665,514,0,32
653,666,514,0,32
653,667,514,0,32
653,668,514,0,32
653,669,514,0,32
653,670,514,0,32
653,671,514,0,32
653,672,514,0,32
653,673,514,0,32
653,674,514,0,32
653,675,514,0,32
653,676,514,0,32
653,677,514,0,32
653,678,514,0,32
653,679,514,0,32
653,680,514,0,32
653,681,514,0,32
653,682,514,0,32
653,683,514,0,32
653,684,514,0,32
653,685,514,0,32
653,686,514,0,32
653,687,514,0,32
653,688,514,0,32
653,689,514,0,32
653,690,514,0,32
653,691,514,0,32
653,692,514,0,32
653,693,514,0,32
653,694,514,0,32
653,695,514,0,32
653,696,514,0,32
653,697,514,0,32
653,698,514,0,32
653,699,514,0,32
653,700,514,0,32
653,701,514,0,32
653,702,514,0,32
653,703,514,0,32
653,704,514,0,32
653,705,514,0,32
653,706,514,0,32
653,707,514,0,32
653,708,514,0,32
653,709,514,0,32
653,710,514,0,32
653,711,514,0,32
653,712,514,0,32
653,713,514,0,32
653,714,514,0,32
653,715,514,0,32
653,716,514,0,32
653,717,514,0,32
653,718,514,0,32
653,719,514,0,32
653,720,514,0,32
653,721,514,0,32
653,722,514,0,32
653,723,514,0,32
653,724,514,0,32
655,625,108,0,34
655,626,108,0,34
655,627,108,0,34
655,628,108,0,34
655,629,108,0,34
655,630,108,0,34
655,631,108,0,34
655,632,108,0,34
655,633,108,0,34
655,634,108,0,34
655,635,108,0,34
655,636,108,0,34
655,637,108,0,34
655,638,108,0,34
655,639,108,0,34
655,640,108,0,34
655,641,108,0,34
655,642,108,0,34
655,643,108,0,34
655,644,108,0,34
655,645,108,0,34
655,646,108,0,34
655,647,108,0,34
655,648,108,0,34
655,649,108,0,34
655,650,108,0,34
655,651,108,0,34
655,652,108,0,34
655,653,108,0,34
655,654,108,0,34
655,656,108,0,34
655,657,108,0,34
655,658,108,0,34
655,659,108,0,34
655,660,108,0,34
655,661,108,0,34
655,662,108,0,34
655,663,108,0,34
655,664,108,0,34
655,665,108,0,34
655,666,108,0,34
655,667,108,0,34
655,668,108,0,34
655,669,108,0,34
655,670,108,0,34
655,671,108,0,34
655,672,108,0,34
655,673,108,0,34
655,674,108,0,34
655,675,108,0,34
655,676,108,0,34
655,677,108,0,34
655,678,108,0,34
655,679,108,0,34
655,680,108,0,34
655,681,108,0,34
655,682,108,0,34
655,683,108,0,34
655,684,108,0,34
655,685,108,0,34
655,686,108,0,34
655,687,108,0,34
655,688,108,0,34
655,689,108,0,34
655,690,108,0,34
655,691,108,0,34
655,692,108,0,34
655,693,108,0,34
655,694,108,0,34
655,695,108,0,34
655,696,108,0,34
655,697,108,0,34
655,698,108,0,34
655,699,108,0,34
655,700,108,0,34
655,701,108,0,34
655,702,108,0,34
655,703,108,0,34
655,704,108,0,34
655,705,108,0,34
655,706,108,0,34
655,707,108,0,34
655,708,108,0,34
655,709,108,0,34
655,710,108,0,34
655,711,108,0,34
655,712,108,0,34
655,713,108,0,34
655,714,108,0,34
655,715,108,0,34
655,716,108,0,34
655,717,108,0,34
655,718,108,0,34
655,719,108,0,34
655,720,108,0,34
655,721,108,0,34
655,722,108,0,34
655,723,108,0,34
655,724,108,0,34
659,625,91,0,38
659,626,91,0,38
659,627,91,0,38
659,628,91,0,38
659,629,91,0,38
659,630,91,0,38
659,631,91,0,38
659,632,91,0,38
659,633,91,0,38
659,634,91,0,38
659,635,91,0,38
659,636,91,0,38
659,637,91,0,38
659,638,91,0,38
659,639,91,0,38
659,640,91,0,38
659,641,91,0,38
659,642,91,0,38
659,643,91,0,38
659,644,91,0,38
659,645,91,0,38
659,646,91,0,38
659,647,91,0,38
659,648,91,0,38
659,649,91,0,38
659,650,91,0,38
659,651,91,0,38
659,652,91,0,38
659,653,91,0,38
659,654,91,0,38
659,655,91,0,38
659,656,91,0,38
659,657,91,0,38
659,658,91,0,38
659,660,91,0,38
659,661,91,0,38
659,662,91,0,38
659,663,91,0,38
659,664,91,0,38
659,665,91,0,38
659,666,91,0,38
659,667,91,0,38
659,668,91,0,38
659,669,91,0,38
659,670,91,0,38
659,671,91,0,38
659,672,91,0,38
659,673,91,0,38
659,674,91,0,38
659,675,91,0,38
659,676,91,0,38
659,677,91,0,38
659,678,91,0,38
659,679,91,0,38
659,680,91,0,38
659,681,91,0,38
659,682,91,0,38
659,683,91,0,38
659,684,91,0,38
659,685,91,0,38
659,686,91,0,38
659,687,91,0,38
659,688,91,0,38
659,689,91,0,38
659,690,91,0,38
659,691,91,0,38
659,692,91,0,38
659,693,91,0,38
659,694,91,0,38
659,695,91,0,38
659,696,91,0,38
659,697,91,0,38
659,698,91,0,38
659,699,91,0,38
659,700,91,0,38
659,701,91,0,38
659,702,91,0,38
659,703,91,0,38
659,704,91,0,38
659,705,91,0,38
659,706,91,0,38
659,707,91,0,38
659,708,91,0,38
659,709,91,0,38
659,710,91,0,38
659,711,91,0,38
659,712,91,0,38
659,713,91,0,38
659,714,91,0,38
659,715,91,0,38
659,716,91,0,38
659,717,91,0,38
659,718,91,0,38
659,719,91,0,38
659,720,91,0,38
659,721,91,0,38
659,722,91,0,38
659,723,91,0,38
659,724,91,0,38
666,625,63,0,45
666,626,63,0,45
666,627,63,0,45
666,628,63,0,45
666,629,63,0,45
666,630,63,0,45
666,631,63,0,45
666,632,63,0,45
666,633,63,0,45
666,634,63,0,45
666,635,63,0,45
666,636,63,0,45
666,637,63,0,45
666,638,63,0,45
666,639,63,0,45
666,640,63,0,45
666,641,63,0,45
666,642,63,0,45
666,643,63,0,45
666,644,63,0,45
666,645,63,0,45
666,646,63,0,45
666,647,63,0,45
666,648,63,0,45
666,649,63,0,45
666,650,63,0,45
666,651,63,0,45
666,652,63,0,45
666,653,63,0,45
666,654,63,0,45
666,655,63,0,45
666,656,63,0,45
666,657,63,0,45
666,658,63,0,45
666,659,63,0,45
666,660,63,0,45
666,661,63,0,45
666,662,63,0,45
666,663,63,0,45
666,664,63,0,45
666,665,63,0,45
666,667,63,0,45
666,668,63,0,45
666,669,63,0,45
666,670,63,0,45
666,671,63,0,45
666,672,63,0,45
666,673,63,0,45
666,674,63,0,45
666,675,63,0,45
666,676,63,0,45
666,677,63,0,45
666,678,63,0,45
666,679,63,0,45
666,680,63,0,45
666,681,63,0,45
666,682,63,0,45
666,683,63,0,45
666,684,63,0,45
666,685,63,0,45
666,686,63,0,45
666,687,63,0,45
666,688,63,0,45
666,689,63,0,45
666,690,63,0,45
666,691,63,0,45
666,692,63,0,45
666,693,63,0,45
666,694,63,0,45
666,695,63,0,45
666,696,63,0,45
666,697,63,0,45
666,698,63,0,45
666,699,63,0,45
666,700,63,0,45
666,701,63,0,45
666,702,63,0,45
666,703,63,0,45
666,704,63,0,45
666,705,63,0,45
666,706,63,0,45
666,707,63,0,45
666,708,63,0,45
666,709,63,0,45
666,710,63,0,45
666,711,63,0,45
666,712,63,0,45
666,713,63,0,45
666,714,63,0,45
666,715,63,0,45
666,716,63,0,45
666,717,63,0,45
666,718,63,0,45
666,719,63,0,45
666,720,63,0,45
666,721,63,0,45
666,722,63,0,45
666,723,63,0,45
666,724,63,0,45
669,625,305,0,48
669,626,305,0,48
669,627,305,0,48
669,628,305,0,48
669,629,305,0,48
669,630,305,0,48
669,631,305,0,48
669,632,305,0,48
669,633,305,0,48
669,634,305,0,48
669,635,305,0,48
669,636,305,0,48
669,637,305,0,48
669,638,305,0,48
669,639,305,0,48
669,640,305,0,48
669,641,305,0,48
669,642,305,0,48
669,643,305,0,48
669,644,305,0,48
669,645,305,0,48
669,646,305,0,48
669,647,305,0,48
669,648,305,0,48
669,649,305,0,48
669,650,305,0,48
669,651,305,0,48
669,652,305,0,48
669,653,305,0,48
669,654,305,0,48
669,655,305,0,48
669,656,305,0,48
669,657,305,0,48
669,658,305,0,48
669,659,305,0,48
669,660,305,0,48
669,661,305,0,48
669,662,305,0,48
669,663,305,0,48
669,664,305,0,48
669,665,305,0,48
669,666,305,0,48
669,667,305,0,48
669,668,305,0,48
669,670,305,0,48
669,671,305,0,48
669,672,305,0,48
669,673,305,0,48
669,674,305,0,48
669,675,305,0,48
669,676,305,0,48
669,677,305,0,48
669,678,305,0,48
669,679,305,0,48
669,680,305,0,48
669,681,305,0,48
669,682,305,0,48
669,683,305,0,48
669,684,305,0,48
669,685,305,0,48
669,686,305,0,48
669,687,305,0,48
669,688,305,0,48
669,689,305,0,48
669,690,305,0,48
669,691,305,0,48
669,692,305,0,48
669,693,305,0,48
669,694,305,0,48
669,695,305,0,48
669,696,305,0,48
669,697,305,0,48
669,698,305,0,48
669,699,305,0,48
669,700,305,0,48
669,701,305,0,48
669,702,305,0,48
669,703,305,0,48
669,704,305,0,48
669,705,305,0,48
669,706,305,0,48
669,707,305,0,48
669,708,305,0,48
669,709,305,0,48
669,710,305,0,48
669,711,305,0,48
669,712,305,0,48
669,713,305,0,48
669,714,305,0,48
669,715,305,0,48
669,716,305,0,48
669,717,305,0,48
669,718,305,0,48
669,719,305,0,48
669,720,305,0,48
669,721,305,0,48
669,722,305,0,48
669,723,305,0,48
669,724,305,0,48
701,625,59,0,80
701,626,59,0,80
701,627,59,0,80
701,628,59,0,80
701,629,59,0,80
701,630,59,0,80
701,631,59,0,80
701,632,59,0,80
701,633,59,0,80
701,634,59,0,80
701,635,59,0,80
701,636,59,0,80
701,637,59,0,80
701,638,59,0,80
701,639,59,0,80
701,640,59,0,80
701,641,59,0,80
701,642,59,0,80
701,643,59,0,80
701,644,59,0,80
701,645,59,0,80
701,646,59,0,80
701,647,59,0,80
701,648,59,0,80
701,649,59,0,80
701,650,59,0,80
701,651,59,0,80
701,652,59,0,80
701,653,59,0,80
701,654,59,0,80
701,655,59,0,80
701,656,59,0,80
701,657,59,0,80
701,658,59,0,80
701,659,59,0,80
701,660,59,0,80
701,661,59,0,80
701,662,59,0,80
701,663,59,0,80
701,664,59,0,80
701,665,59,0,80
701,666,59,0,80
701,667,59,0,80
701,668,59,0,80
701,669,59,0,80
701,670,59,0,80
701,671,59,0,80
701,672,59,0,80
701,673,59,0,80
701,674,59,0,80
701,675,59,0,80
701,676,59,0,80
701,677,59,0,80
701,678,59,0,80
701,679,59,0,80
701,680,59,0,80
701,681,59,0,80
701,682,59,0,80
701,683,59,0,80
701,684,59,0,80
701,685,59,0,80
701,686,59,0,80
701,687,59,0,80
701,688,59,0,80
701,689,59,0,80
701,690,59,0,80
701,691,59,0,80
701,692,59,0,80
701,693,59,0,80
701,694,59,0,80
701,695,59,0,80
701,696,59,0,80
701,697,59,0,80
701,698,59,0,80
701,699,59,0,80
701,700,59,0,80
701,702,59,0,80
701,703,59,0,80
701,704,59,0,80
701,705,59,0,80
701,706,59,0,80
701,707,59,0,80
701,708,59,0,80
701,709,59,0,80
701,710,59,0,80
701,711,59,0,80
701,712,59,0,80
701,713,59,0,80
701,714,59,0,80
701,715,59,0,80
701,716,59,0,80
701,717,59,0,80
701,718,59,0,80
701,719,59,0,80
701,720,59,0,80
701,721,59,0,80
701,722,59,0,80
701,723,59,0,80
701,724,59,0,80
708,625,11,0,87
708,626,11,0,87
708,627,11,0,87
708,628,11,0,87
708,629,11,0,87
708,630,11,0,87
708,631,11,0,87
708,632,11,0,87
708,633,11,0,87
708,634,11,0,87
708,635,11,0,87
708,636,11,0,87
708,637,11,0,87
708,638,11,0,87
708,639,11,0,87
708,640,11,0,87
708,641,11,0,87
708,642,11,0,87
708,643,11,0,87
708,644,11,0,87
708,645,11,0,87
708,646,11,0,87
708,647,11,0,87
708,648,11,0,87
708,649,11,0,87
708,650,11,0,87
708,651,11,0,87
708,652,11,0,87
708,653,11,0,87
708,654,11,0,87
708,655,11,0,87
708,656,11,0,87
708,657,11,0,87
708,658,11,0,87
708,659,11,0,87
708,660,11,0,87
708,661,11,0,87
708,662,11,0,87
708,663,11,0,87
708,664,11,0,87
708,665,11,0,87
708,666,11,0,87
708,667,11,0,87
708,668,11,0,87
708,669,11,0,87
708,670,11,0,87
708,671,11,0,87
708,672,11,0,87
708,673,11,0,87
708,674,11,0,87
708,675,11,0,87
708,676,11,0,87
708,677,11,0,87
708,678,11,0,87
708,679,11,0,87
708,680,11,0,87
708,681,11,0,87
708,682,11,0,87
708,683,11,0,87
708,684,11,0,87
708,685,11,0,87
708,686,11,0,87
708,687,11,0,87
708,688,11,0,87
708,689,11,0,87
708,690,11,0,87
708,691,11,0,87
708,692,11,0,87
708,693,11,0,87
708,694,11,0,87
708,695,11,0,87
708,696,11,0,87
708,697,11,0,87
708,698,11,0,87
708,699,11,0,87
708,700,11,0,87
708,701,11,0,87
708,702,11,0,87
708,703,11,0,87
708,704,11,0,87
708,705,11,0,87
708,706,11,0,87
708,707,11,0,87
708,709,11,0,87
708,710,11,0,87
708,711,11,0,87
708,712,11,0,87
708,713,11,0,87
708,714,11,0,87
708,715,11,0,87
708,716,11,0,87
708,717,11,0,87
708,718,11,0,87
708,719,11,0,87
708,720,11,0,87
708,721,11,0,87
708,722,11,0,87
708,723,11,0,87
708,724,11,0,87
709,625,355,0,88
709,626,355,0,88
709,627,355,0,88
709,628,355,0,88
709,629,355,0,88
709,630,355,0,88
709,631,355,0,88
709,632,355,0,88
709,633,355,0,88
709,634,355,0,88
709,635,355,0,88
709,636,355,0,88
709,637,355,0,88
709,638,355,0,88
709,639,355,0,88
709,640,355,0,88
709,641,355,0,88
709,642,355,0,88
709,643,355,0,88
709,644,355,0,88
709,645,355,0,88
709,646,355,0,88
709,647,355,0,88
709,648,355,0,88
709,649,355,0,88
709,650,355,0,88
709,651,355,0,88
709,652,355,0,88
709,653,355,0,88
709,654,355,0,88
709,655,355,0,88
709,656,355,0,88
709,657,355,0,88
709,658,355,0,88
709,659,355,0,88
709,660,355,0,88
709,661,355,0,88
709,662,355,0,88
709,663,355,0,88
709,664,355,0,88
709,665,355,0,88
709,666,355,0,88
709,667,355,0,88
709,668,355,0,88
709,669,355,0,88
709,670,355,0,88
709,671,355,0,88
709,672,355,0,88
709,673,355,0,88
709,674,355,0,88
709,675,355,0,88
709,676,355,0,88
709,677,355,0,88
709,678,355,0,88
709,679,355,0,88
709,680,355,0,88
709,681,355,0,88
709,682,355,0,88
709,683,355,0,88
709,684,355,0,88
709,685,355,0,88
709,686,355,0,88
709,687,355,0,88
709,688,355,0,88
709,689,355,0,88
709,690,355,0,88
709,691,355,0,88
709,692,355,0,88
709,693,355,0,88
709,694,355,0,88
709,695,355,0,88
709,696,355,0,88
709,697,355,0,88
709,698,355,0,88
709,699,355,0,88
709,700,355,0,88
709,701,355,0,88
709,702,355,0,88
709,703,355,0,88
709,704,355,0,88
709,705,355,0,88
709,706,355,0,88
709,707,355,0,88
709,708,355,0,88
709,710,355,0,88
709,711,355,0,88
709,712,355,0,88
709,713,355,0,88
709,714,355,0,88
709,715,355,0,88
709,716,355,0,88
709,717,355,0,88
709,718,355,0,88
709,719,355,0,88
709,720,355,0,88
709,721,355,0,88
709,722,355,0,88
709,723,355,0,88
709,724,355,0,88
721,625,134,0,100
721,626,134,0,100
721,627,134,0,100
721,628,134,0,100
721,629,134,0,100
721,630,134,0,100
721,631,134,0,100
721,632,134,0,100
721,633,134,0,100
721,634,134,0,100
721,635,134,0,100
721,636,134,0,100
721,637,134,0,100
721,638,134,0,100
721,639,134,0,100
721,640,134,0,100
721,641,134,0,100
721,642,134,0,100
721,643,134,0,100
721,644,134,0,100
721,645,134,0,100
721,646,134,0,100
721,647,134,0,100
721,648,134,0,100
721,649,134,0,100
721,650,134,0,100
721,651,134,0,100
721,652,134,0,100
721,653,134,0,100
721,654,134,0,100
721,655,134,0,100
721,656,134,0,100
721,657,134,0,100
721,658,134,0,100
721,659,134,0,100
721,660,134,0,100
721,661,134,0,100
721,662,134,0,100
721,663,134,0,100
721,664,134,0,100
721,665,134,0,100
721,666,134,0,100
721,667,134,0,100
721,668,134,0,100
721,669,134,0,100
721,670,134,0,100
721,671,134,0,100
721,672,134,0,100
721,673,134,0,100
721,674,134,0,100
721,675,134,0,100
721,676,134,0,100
721,677,134,0,100
721,678,134,0,100
721,679,134,0,100
721,680,134,0,100
721,681,134,0,100
721,682,134,0,100
721,683,134,0,100
721,684,134,0,100
721,685,134,0,100
721,686,134,0,100
721,687,134,0,100
721,688,134,0,100
721,689,134,0,100
721,690,134,0,100
721,691,134,0,100
721,692,134,0,100
721,693,134,0,100
721,694,134,0,100
721,695,134,0,100
721,696,134,0,100
721,697,134,0,100
721,698,134,0,100
721,699,134,0,100
721,700,134,0,100
721,701,134,0,100
721,702,134,0,100
721,703,134,0,100
721,704,134,0,100
721,705,134,0,100
721,706,134,0,100
721,707,134,0,100
721,708,134,0,100
721,709,134,0,100
721,710,134,0,100
721,711,134,0,100
721,712,134,0,100
721,713,134,0,100
721,714,134,0,100
721,715,134,0,100
721,716,134,0,100
721,717,134,0,100
721,718,134,0,100
721,719,134,0,100
721,720,134,0,100
721,722,134,0,100
721,723,134,0,100
721,724,134,0,100
722,625,111,0,101
722,626,111,0,101
722,627,111,0,101
722,628,111,0,101
722,629,111,0,101
722,630,111,0,101
722,631,111,0,101
722,632,111,0,101
722,633,111,0,101
722,634,111,0,101
722,635,111,0,101
722,636,111,0,101
722,637,111,0,101
722,638,111,0,101
722,639,111,0,101
722,640,111,0,101
722,641,111,0,101
722,642,111,0,101
722,643,111,0,101
722,644,111,0,101
722,645,111,0,101
722,646,111,0,101
722,647,111,0,101
722,648,111,0,101
722,649,111,0,101
722,650,111,0,101
722,651,111,0,101
722,652,111,0,101
722,653,111,0,101
722,654,111,0,101
722,655,111,0,101
722,656,111,0,101
722,657,111,0,101
722,658,111,0,101
722,659,111,0,101
722,660,111,0,101
722,661,111,0,101
722,662,111,0,101
722,663,111,0,101
722,664,111,0,101
722,665,111,0,101
722,666,111,0,101
722,667,111,0,101
722,668,111,0,101
722,669,111,0,101
722,670,111,0,101
722,671,111,0,101
722,672,111,0,101
722,673,111,0,101
722,674,111,0,101
722,675,111,0,101
722,676,111,0,101
722,677,111,0,101
722,678,111,0,101
722,679,111,0,101
722,680,111,0,101
722,681,111,0,101
722,682,111,0,101
722,683,111,0,101
722,684,111,0,101
722,685,111,0,101
722,686,111,0,101
722,687,111,0,101
722,688,111,0,101
722,689,111,0,101
722,690,111,0,101
722,691,111,0,101
722,692,111,0,101
722,693,111,0,101
722,694,111,0,101
722,695,111,0,101
722,696,111,0,101
722,697,111,0,101
722,698,111,0,101
722,699,111,0,101
722,700,111,0,101
722,701,111,0,101
722,702,111,0,101
722,703,111,0,101
722,704,111,0,101
722,705,111,0,101
722,706,111,0,101
722,707,111,0,101
722,708,111,0,101
722,709,111,0,101
722,710,111,0,101
722,711,111,0,101
722,712,111,0,101
722,713,111,0,101
722,714,111,0,101
722,715,111,0,101
722,716,111,0,101
722,717,111,0,101
722,718,111,0,101
722,719,111,0,101
722,720,111,0,101
722,721,111,0,101
722,723,111,0,101
722,724,111,0,101
723,625,380,0,102
723,626,380,0,102
723,627,380,0,102
723,628,380,0,102
723,629,380,0,102
723,630,380,0,102
723,631,380,0,102
723,632,380,0,102
723,633,380,0,102
723,634,380,0,102
723,635,380,0,102
723,636,380,0,102
723,637,380,0,102
723,638,380,0,102
723,639,380,0,102
723,640,380,0,102
723,641,380,0,102
723,642,380,0,102
723,643,380,0,102
723,644,380,0,102
723,645,380,0,102
723,646,380,0,102
723,647,380,0,102
723,648,380,0,102
723,649,380,0,102
723,650,380,0,102
723,651,380,0,102
723,652,380,0,102
723,653,380,0,102
723,654,380,0,102
723,655,380,0,102
723,656,380,0,102
723,657,380,0,102
723,658,380,0,102
723,659,380,0,102
723,660,380,0,102
723,661,380,0,102
723,662,380,0,102
723,663,380,0,102
723,664,380,0,102
723,665,380,0,102
723,666,380,0,102
723,667,380,0,102
723,668,380,0,102
723,669,380,0,102
723,670,380,0,102
723,671,380,0,102
723,672,380,0,102
723,673,380,0,102
723,674,380,0,102
723,675,380,0,102
723,676,380,0,102
723,677,380,0,102
723,678,380,0,102
723,679,380,0,102
723,680,380,0,102
723,681,380,0,102
723,682,380,0,102
723,683,380,0,102
723,684,380,0,102
723,685,380,0,102
723,686,380,0,102
723,687,380,0,102
723,688,380,0,102
723,689,380,0,102
723,690,380,0,102
723,691,380,0,102
723,692,380,0,102
723,693,380,0,102
723,694,380,0,102
723,695,380,0,102
723,696,380,0,102
723,697,380,0,102
723,698,380,0,102
723,699,380,0,102
723,700,380,0,102
723,701,380,0,102
723,702,380,0,102
723,703,380,0,102
723,704,380,0,102
723,705,380,0,102
723,706,380,0,102
723,707,380,0,102
723,708,380,0,102
723,709,380,0,102
723,710,380,0,102
723,711,380,0,102
723,712,380,0,102
723,713,380,0,102
723,714,380,0,102
723,715,380,0,102
723,716,380,0,102
723,717,380,0,102
723,718,380,0,102
723,719,380,0,102
723,720,380,0,102
723,721,380,0,102
723,722,380,0,102
723,724,380,0,102
724,625,355,0,103
724,626,355,0,103
724,627,355,0,103
724,628,355,0,103
724,629,355,0,103
724,630,355,0,103
724,631,355,0,103
724,632,355,0,103
724,633,355,0,103
724,634,355,0,103
724,635,355,0,103
724,636,355,0,103
724,637,355,0,103
724,638,355,0,103
724,639,355,0,103
724,640,355,0,103
724,641,355,0,103
724,642,355,0,103
724,643,355,0,103
724,644,355,0,103
724,645,355,0,103
724,646,355,0,103
724,647,355,0,103
724,648,355,0,103
724,649,355,0,103
724,650,355,0,103
724,651,355,0,103
724,652,355,0,103
724,653,355,0,103
724,654,355,0,103
724,655,355,0,103
724,656,355,0,103
724,657,355,0,103
724,658,355,0,103
724,659,355,0,103
724,660,355,0,103
724,661,355,0,103
724,662,355,0,103
724,663,355,0,103
724,664,355,0,103
724,665,355,0,103
724,666,355,0,103
724,667,355,0,103
724,668,355,0,103
724,669,355,0,103
724,670,355,0,103
724,671,355,0,103
724,672,355,0,103
724,673,355,0,103
724,674,355,0,103
724,675,355,0,103
724,676,355,0,103
724,677,355,0,103
724,678,355,0,103
724,679,355,0,103
724,680,355,0,103
724,681,355,0,103
724,682,355,0,103
724,683,355,0,103
724,684,355,0,103
724,685,355,0,103
724,686,355,0,103
724,687,355,0,103
724,688,355,0,103
724,689,355,0,103
724,690,355,0,103
724,691,355,0,103
724,692,355,0,103
724,693,355,0,103
724,694,355,0,103
724,695,355,0,103
724,696,355,0,103
724,697,355,0,103
724,698,355,0,103
724,699,355,0,103
724,700,355,0,103
724,701,355,0,103
724,702,355,0,103
724,703,355,0,103
724,704,355,0,103
724,705,355,0,103
724,706,355,0,103
724,707,355,0,103
724,708,355,0,103
724,709,355,0,103
724,710,355,0,103
724,711,355,0,103
724,712,355,0,103
724,713,355,0,103
724,714,355,0,103
724,715,355,0,103
724,716,355,0,103
724,717,355,0,103
724,718,355,0,103
724,719,355,0,103
724,720,355,0,103
724,721,355,0,103
724,722,355,0,103
724,723,355,0,103
