0,626,600,3,2
1,625,2,1,0
1,626,601,3,3
2,625,3,1,0
2,626,602,3,3
2,654,3,1,0
3,625,4,1,0
3,626,603,3,3
3,629,4,1,0
3,636,28,2,0
3,685,603,3,3
3,708,28,2,0
4,625,5,1,0
4,626,604,3,3
4,629,5,1,0
4,685,604,3,3
4,708,29,2,0
5,625,605,3,3
5,626,605,3,3
5,629,605,3,3
5,685,605,3,3
5,708,30,2,0
6,625,606,3,3
6,626,5,0,1
6,629,606,3,3
6,655,31,2,0
6,685,5,0,1
6,708,5,0,1
7,625,607,3,3
7,626,6,0,1
7,629,607,3,3
7,685,6,0,1
7,708,6,0,1
8,625,608,3,3
8,626,7,0,1
8,629,608,3,3
8,708,7,0,1
9,625,609,3,3
9,626,8,0,1
9,654,34,2,0
9,660,8,0,1
10,625,610,3,3
10,626,9,0,1
10,704,9,0,1
12,675,11,0,1
13,626,14,1,0
14,625,614,3,3
14,626,15,1,0
14,654,39,2,0
14,704,13,0,1
15,625,615,3,3
15,626,16,1,0
15,629,615,3,3
15,660,14,0,1
16,625,616,3,3
16,626,17,1,0
16,629,616,3,3
16,636,17,1,0
16,685,17,1,0
16,708,17,1,0
17,625,617,3,3
17,626,18,1,0
17,629,617,3,3
17,685,18,1,0
17,708,18,1,0
18,625,618,3,3
18,626,618,3,3
18,629,618,3,3
18,685,618,3,3
18,708,43,2,0
19,625,18,0,1
19,626,619,3,3
19,629,18,0,1
19,685,619,3,3
19,708,44,2,0
20,625,19,0,1
20,626,620,3,3
20,629,19,0,1
20,636,45,2,0
20,685,620,3,3
20,708,45,2,0
21,625,20,0,1
21,626,621,3,3
21,629,20,0,1
21,660,22,1,0
22,625,21,0,1
22,626,622,3,3
22,704,23,1,0
23,626,623,3,3
24,675,0,1,2
25,626,0,0,1
26,625,27,2,1
26,626,1,0,2
27,625,28,2,1
27,626,2,0,2
27,654,28,2,1
28,625,29,2,1
28,626,3,0,2
28,629,29,2,1
28,636,53,3,0
28,685,3,0,2
28,708,53,3,0
29,625,30,2,1
29,626,4,0,2
29,629,30,2,1
29,685,4,0,2
29,708,54,3,0
30,626,5,0,2
30,654,55,3,0
30,685,5,0,2
30,708,55,3,0
31,625,6,0,2
31,626,30,1,2
31,629,56,3,0
31,654,56,3,0
31,655,56,3,0
31,685,30,1,2
31,708,30,1,2
32,625,7,0,2
32,626,31,1,2
32,629,57,3,0
32,654,57,3,0
32,685,31,1,2
32,708,31,1,2
33,625,8,0,2
33,626,32,1,2
33,629,58,3,0
33,654,58,3,0
33,708,32,1,2
34,625,9,0,2
34,626,33,1,2
34,654,59,3,0
34,660,33,1,2
35,625,10,0,2
35,626,34,1,2
35,704,34,1,2
37,675,36,1,2
38,626,39,2,1
39,625,14,0,2
39,626,40,2,1
39,654,64,3,0
39,704,38,1,2
40,625,15,0,2
40,626,41,2,1
40,629,65,3,0
40,654,65,3,0
40,660,39,1,2
41,625,16,0,2
41,626,42,2,1
41,629,66,3,0
41,636,42,2,1
41,654,66,3,0
41,685,42,2,1
41,708,42,2,1
42,625,17,0,2
42,626,43,2,1
42,629,67,3,0
42,654,67,3,0
42,685,43,2,1
42,708,43,2,1
43,626,18,0,2
43,654,68,3,0
43,685,18,0,2
43,708,68,3,0
44,625,43,1,2
44,626,19,0,2
44,629,43,1,2
44,685,19,0,2
44,708,69,3,0
45,625,44,1,2
45,626,20,0,2
45,629,44,1,2
45,636,70,3,0
45,685,20,0,2
45,708,70,3,0
46,625,45,1,2
46,626,21,0,2
46,629,45,1,2
46,660,47,2,1
47,625,46,1,2
47,626,22,0,2
47,704,48,2,1
48,626,23,0,2
49,675,25,2,3
50,626,25,0,2
51,625,52,2,1
51,626,26,0,3
52,625,53,2,1
52,626,27,0,3
52,654,53,2,1
53,625,54,2,1
53,626,28,0,3
53,629,54,2,1
53,636,78,3,0
53,685,78,3,0
53,708,78,3,0
54,625,55,2,1
54,626,29,0,3
54,629,55,2,1
54,685,79,3,0
54,708,79,3,0
55,626,30,0,3
55,654,56,2,1
55,655,56,2,1
55,708,80,3,0
56,625,31,0,3
56,626,55,1,2
56,629,81,3,0
56,654,57,2,1
56,655,655,34,0
56,685,55,1,2
56,708,55,1,2
57,625,32,0,3
57,626,56,1,2
57,629,82,3,0
57,654,58,2,1
57,685,56,1,2
57,708,56,1,2
58,625,33,0,3
58,626,57,1,2
58,629,83,3,0
58,654,59,2,1
58,708,57,1,2
59,625,34,0,3
59,626,58,1,2
59,660,58,1,2
60,625,35,0,3
60,626,59,1,2
60,704,59,1,2
62,675,61,1,2
63,626,64,2,1
64,625,39,0,3
64,626,65,2,1
64,654,654,33,0
64,704,63,1,2
65,625,40,0,3
65,626,66,2,1
65,629,90,3,0
65,654,64,1,2
65,660,64,1,2
66,625,41,0,3
66,626,67,2,1
66,629,91,3,0
66,636,67,2,1
66,654,65,1,2
66,685,67,2,1
66,708,67,2,1
67,625,42,0,3
67,626,68,2,1
67,629,92,3,0
67,654,66,1,2
67,685,68,2,1
67,708,68,2,1
68,626,43,0,3
68,654,67,1,2
68,655,67,1,2
68,708,93,3,0
69,625,68,1,2
69,626,44,0,3
69,629,68,1,2
69,685,94,3,0
69,708,94,3,0
70,625,69,1,2
70,626,45,0,3
70,629,69,1,2
70,636,95,3,0
70,685,95,3,0
70,708,95,3,0
71,625,70,1,2
71,626,46,0,3
71,629,70,1,2
71,660,72,2,1
72,625,71,1,2
72,626,47,0,3
72,704,73,2,1
73,626,48,0,3
74,675,50,2,3
75,626,100,2,0
76,625,77,2,1
76,626,101,3,0
77,625,78,2,1
77,626,102,3,0
77,654,78,2,1
78,625,79,2,1
78,626,103,3,0
78,629,79,2,1
78,636,103,3,0
78,685,103,3,0
78,708,103,3,0
79,625,80,2,1
79,626,104,3,0
79,629,80,2,1
79,685,104,3,0
79,708,104,3,0
80,625,105,3,0
80,655,55,0,3
80,708,105,3,0
81,625,106,3,0
81,626,80,1,2
81,629,106,3,0
81,655,56,0,3
81,685,80,1,2
81,708,80,1,2
82,625,107,3,0
82,626,81,1,2
82,629,107,3,0
82,685,81,1,2
82,708,81,1,2
83,625,108,3,0
83,626,82,1,2
83,629,108,3,0
83,708,82,1,2
84,625,109,3,0
84,626,83,1,2
84,654,59,0,3
84,660,83,1,2
85,625,110,3,0
85,626,84,1,2
85,704,84,1,2
86,675,675,54,0
87,675,86,1,2
88,626,89,2,1
89,625,114,3,0
89,626,90,2,1
89,654,64,0,3
89,704,88,1,2
90,625,115,3,0
90,626,91,2,1
90,629,115,3,0
90,660,89,1,2
91,625,116,3,0
91,626,92,2,1
91,629,116,3,0
91,636,92,2,1
91,685,92,2,1
91,708,92,2,1
92,625,117,3,0
92,626,93,2,1
92,629,117,3,0
92,685,93,2,1
92,708,93,2,1
93,625,118,3,0
93,655,68,0,3
93,708,118,3,0
94,625,93,1,2
94,626,119,3,0
94,629,93,1,2
94,685,119,3,0
94,708,119,3,0
95,625,94,1,2
95,626,120,3,0
95,629,94,1,2
95,636,120,3,0
95,685,120,3,0
95,708,120,3,0
96,625,95,1,2
96,626,121,3,0
96,629,95,1,2
96,660,97,2,1
97,625,96,1,2
97,626,122,3,0
97,704,98,2,1
98,626,123,3,0
99,675,75,2,3
100,626,125,2,0
101,625,102,2,1
101,626,126,3,0
102,625,103,2,1
102,626,127,3,0
102,654,103,2,1
103,625,104,2,1
103,626,128,3,0
103,629,104,2,1
103,636,128,3,0
103,685,128,3,0
103,708,128,3,0
104,625,105,2,1
104,626,129,3,0
104,629,105,2,1
104,685,129,3,0
104,708,129,3,0
105,625,130,3,0
105,626,130,3,0
105,708,130,3,0
106,625,131,3,0
106,626,105,1,2
106,629,131,3,0
106,655,81,0,3
106,685,105,1,2
106,708,105,1,2
107,625,132,3,0
107,626,106,1,2
107,629,132,3,0
107,685,106,1,2
107,708,106,1,2
108,625,133,3,0
108,626,107,1,2
108,629,133,3,0
108,708,107,1,2
109,625,134,3,0
109,626,108,1,2
109,654,84,0,3
109,660,108,1,2
110,625,135,3,0
110,626,109,1,2
110,704,109,1,2
112,675,111,1,2
113,626,114,2,1
114,625,139,3,0
114,626,115,2,1
114,654,89,0,3
114,704,113,1,2
115,625,140,3,0
115,626,116,2,1
115,629,140,3,0
115,660,114,1,2
116,625,141,3,0
116,626,117,2,1
116,629,141,3,0
116,636,117,2,1
116,685,117,2,1
116,708,117,2,1
117,625,142,3,0
117,626,118,2,1
117,629,142,3,0
117,685,118,2,1
117,708,118,2,1
118,625,143,3,0
118,626,143,3,0
118,708,143,3,0
119,625,118,1,2
119,626,144,3,0
119,629,118,1,2
119,685,144,3,0
119,708,144,3,0
120,625,119,1,2
120,626,145,3,0
120,629,119,1,2
120,636,145,3,0
120,685,145,3,0
120,708,145,3,0
121,625,120,1,2
121,626,146,3,0
121,629,120,1,2
121,660,122,2,1
122,625,121,1,2
122,626,147,3,0
122,704,123,2,1
123,626,148,3,0
124,675,100,2,3
125,626,150,2,0
126,625,127,2,1
126,626,151,3,0
127,625,128,2,1
127,626,152,3,0
127,654,128,2,1
128,625,129,2,1
128,626,153,3,0
128,629,129,2,1
128,636,153,3,0
128,685,153,3,0
128,708,153,3,0
129,625,130,2,1
129,626,154,3,0
129,629,130,2,1
129,685,154,3,0
129,708,154,3,0
130,625,155,3,0
130,626,155,3,0
130,629,155,3,0
130,660,105,0,3
130,708,155,3,0
131,625,156,3,0
131,626,130,1,2
131,629,156,3,0
131,655,106,0,3
131,660,106,0,3
131,685,130,1,2
131,708,130,1,2
132,625,157,3,0
132,626,131,1,2
132,629,157,3,0
132,660,107,0,3
132,685,131,1,2
132,708,131,1,2
133,625,158,3,0
133,626,132,1,2
133,629,158,3,0
133,660,108,0,3
133,708,132,1,2
134,625,159,3,0
134,626,133,1,2
134,654,109,0,3
134,660,133,1,2
134,704,704,83,0
135,625,160,3,0
135,626,134,1,2
135,704,134,1,2
137,675,136,1,2
138,626,139,2,1
139,625,164,3,0
139,626,140,2,1
139,654,114,0,3
140,625,165,3,0
140,626,141,2,1
140,629,165,3,0
140,660,139,1,2
141,625,166,3,0
141,626,142,2,1
141,629,166,3,0
141,636,142,2,1
141,660,116,0,3
141,685,142,2,1
141,708,142,2,1
142,625,167,3,0
142,626,143,2,1
142,629,167,3,0
142,660,117,0,3
142,685,143,2,1
142,708,143,2,1
143,625,168,3,0
143,626,168,3,0
143,629,168,3,0
143,660,118,0,3
143,708,168,3,0
144,625,143,1,2
144,626,169,3,0
144,629,143,1,2
144,685,169,3,0
144,708,169,3,0
145,625,144,1,2
145,626,170,3,0
145,629,144,1,2
145,636,170,3,0
145,685,170,3,0
145,708,170,3,0
146,625,145,1,2
146,626,171,3,0
146,629,145,1,2
146,660,147,2,1
147,625,146,1,2
147,626,172,3,0
147,704,148,2,1
148,626,173,3,0
149,675,125,2,3
150,626,175,2,0
151,625,152,2,1
151,626,176,3,0
152,625,153,2,1
152,626,177,3,0
152,654,153,2,1
153,625,154,2,1
153,626,178,3,0
153,629,154,2,1
153,636,178,3,0
153,685,178,3,0
153,708,708,87,0
154,625,155,2,1
154,626,179,3,0
154,629,155,2,1
154,685,179,3,0
154,708,153,1,2
155,625,180,3,0
155,626,180,3,0
155,629,180,3,0
155,633,180,3,0
155,708,154,1,2
156,625,181,3,0
156,626,155,1,2
156,629,181,3,0
156,633,181,3,0
156,655,131,0,3
156,685,155,1,2
156,708,155,1,2
157,625,182,3,0
157,626,156,1,2
157,629,182,3,0
157,633,182,3,0
157,685,156,1,2
157,708,156,1,2
158,625,183,3,0
158,626,157,1,2
158,629,183,3,0
158,633,183,3,0
158,708,157,1,2
159,625,184,3,0
159,626,158,1,2
159,654,134,0,3
159,660,158,1,2
160,625,185,3,0
160,626,159,1,2
160,704,159,1,2
162,675,161,1,2
163,626,164,2,1
164,625,189,3,0
164,626,165,2,1
164,654,139,0,3
164,704,163,1,2
165,625,190,3,0
165,626,166,2,1
165,629,190,3,0
165,660,164,1,2
166,625,191,3,0
166,626,167,2,1
166,629,191,3,0
166,633,191,3,0
166,636,167,2,1
166,685,167,2,1
166,708,167,2,1
167,625,192,3,0
167,626,168,2,1
167,629,192,3,0
167,633,192,3,0
167,685,168,2,1
167,708,168,2,1
168,625,193,3,0
168,626,193,3,0
168,629,193,3,0
168,633,193,3,0
168,708,169,2,1
169,625,168,1,2
169,626,194,3,0
169,629,168,1,2
169,685,194,3,0
169,708,170,2,1
170,625,169,1,2
170,626,195,3,0
170,629,169,1,2
170,636,195,3,0
170,685,195,3,0
170,708,171,2,1
171,625,170,1,2
171,626,196,3,0
171,629,170,1,2
171,660,172,2,1
172,625,171,1,2
172,626,197,3,0
172,704,173,2,1
173,626,198,3,0
174,675,150,2,3
175,626,200,2,0
176,625,177,2,1
176,626,201,3,0
177,625,178,2,1
177,626,202,3,0
177,654,178,2,1
178,625,179,2,1
178,626,203,3,0
178,629,179,2,1
178,636,203,3,0
178,685,203,3,0
178,708,153,0,3
179,625,180,2,1
179,626,204,3,0
179,629,180,2,1
179,685,204,3,0
179,708,154,0,3
180,625,205,3,0
180,626,205,3,0
180,629,205,3,0
180,633,181,2,1
181,625,206,3,0
181,626,180,1,2
181,629,206,3,0
181,633,182,2,1
181,655,156,0,3
181,685,180,1,2
181,708,180,1,2
182,625,207,3,0
182,626,181,1,2
182,629,207,3,0
182,633,183,2,1
182,685,181,1,2
182,708,181,1,2
183,625,208,3,0
183,626,182,1,2
183,629,208,3,0
183,633,633,12,0
183,708,182,1,2
184,625,209,3,0
184,626,183,1,2
184,654,159,0,3
184,660,183,1,2
185,625,210,3,0
185,626,184,1,2
185,704,184,1,2
187,675,186,1,2
188,626,189,2,1
189,625,214,3,0
189,626,190,2,1
189,654,164,0,3
189,704,188,1,2
190,625,215,3,0
190,626,191,2,1
190,629,215,3,0
190,660,189,1,2
191,625,216,3,0
191,626,192,2,1
191,629,216,3,0
191,633,190,1,2
191,636,192,2,1
191,685,192,2,1
191,708,192,2,1
192,625,217,3,0
192,626,193,2,1
192,629,217,3,0
192,633,191,1,2
192,685,193,2,1
192,708,193,2,1
193,625,218,3,0
193,626,218,3,0
193,629,218,3,0
193,633,192,1,2
194,625,193,1,2
194,626,219,3,0
194,629,193,1,2
194,685,219,3,0
194,708,169,0,3
195,625,194,1,2
195,626,220,3,0
195,629,194,1,2
195,636,220,3,0
195,685,220,3,0
195,708,170,0,3
196,625,195,1,2
196,626,221,3,0
196,629,195,1,2
196,660,197,2,1
197,625,196,1,2
197,626,222,3,0
197,704,198,2,1
198,626,223,3,0
199,675,175,2,3
200,626,225,2,0
201,625,202,2,1
201,626,226,3,0
202,625,203,2,1
202,626,227,3,0
202,654,203,2,1
203,625,204,2,1
203,626,228,3,0
203,629,204,2,1
203,636,228,3,0
203,685,228,3,0
203,708,178,0,3
204,625,205,2,1
204,626,229,3,0
204,629,205,2,1
204,685,229,3,0
204,708,179,0,3
205,625,230,3,0
205,626,230,3,0
205,629,230,3,0
206,625,231,3,0
206,626,205,1,2
206,629,231,3,0
206,655,181,0,3
206,685,205,1,2
206,708,205,1,2
207,625,232,3,0
207,626,206,1,2
207,629,232,3,0
207,685,206,1,2
207,708,206,1,2
208,625,233,3,0
208,626,207,1,2
208,629,233,3,0
208,708,207,1,2
209,625,234,3,0
209,626,208,1,2
209,654,184,0,3
209,660,208,1,2
210,625,235,3,0
210,626,209,1,2
210,704,209,1,2
212,675,211,1,2
213,626,214,2,1
214,625,239,3,0
214,626,215,2,1
214,654,189,0,3
214,704,213,1,2
215,625,240,3,0
215,626,216,2,1
215,629,240,3,0
215,660,214,1,2
216,625,241,3,0
216,626,217,2,1
216,629,241,3,0
216,636,217,2,1
216,685,217,2,1
216,708,217,2,1
217,625,242,3,0
217,626,218,2,1
217,629,242,3,0
217,685,218,2,1
217,708,218,2,1
218,625,243,3,0
218,626,243,3,0
218,629,243,3,0
219,625,218,1,2
219,626,244,3,0
219,629,218,1,2
219,685,244,3,0
219,708,194,0,3
220,625,219,1,2
220,626,245,3,0
220,629,219,1,2
220,636,245,3,0
220,685,245,3,0
220,708,195,0,3
221,625,220,1,2
221,626,246,3,0
221,629,220,1,2
221,660,222,2,1
222,625,221,1,2
222,626,247,3,0
222,704,223,2,1
223,626,248,3,0
224,675,200,2,3
225,626,250,2,0
226,625,227,2,1
226,626,251,3,0
227,625,228,2,1
227,626,252,3,0
227,654,228,2,1
228,625,229,2,1
228,626,253,3,0
228,629,229,2,1
228,636,253,3,0
228,685,253,3,0
228,708,203,0,3
229,625,230,2,1
229,626,254,3,0
229,629,230,2,1
229,685,254,3,0
229,708,204,0,3
230,625,255,3,0
230,626,255,3,0
230,629,255,3,0
230,685,255,3,0
231,625,256,3,0
231,626,230,1,2
231,629,256,3,0
231,655,206,0,3
231,685,230,1,2
231,708,230,1,2
232,625,257,3,0
232,626,231,1,2
232,629,257,3,0
232,685,231,1,2
232,708,231,1,2
233,625,258,3,0
233,626,232,1,2
233,629,258,3,0
233,708,232,1,2
234,625,259,3,0
234,626,233,1,2
234,654,209,0,3
234,660,233,1,2
235,625,260,3,0
235,626,234,1,2
235,704,234,1,2
237,675,236,1,2
238,626,239,2,1
239,625,264,3,0
239,626,240,2,1
239,654,214,0,3
239,704,238,1,2
240,625,265,3,0
240,626,241,2,1
240,629,265,3,0
240,660,239,1,2
241,625,266,3,0
241,626,242,2,1
241,629,266,3,0
241,636,242,2,1
241,685,242,2,1
241,708,242,2,1
242,625,267,3,0
242,626,243,2,1
242,629,267,3,0
242,685,243,2,1
242,708,243,2,1
243,625,268,3,0
243,626,268,3,0
243,629,268,3,0
243,685,268,3,0
244,625,243,1,2
244,626,269,3,0
244,629,243,1,2
244,685,269,3,0
244,708,219,0,3
245,625,244,1,2
245,626,270,3,0
245,629,244,1,2
245,636,270,3,0
245,685,270,3,0
245,708,220,0,3
246,625,245,1,2
246,626,271,3,0
246,629,245,1,2
246,660,247,2,1
247,625,246,1,2
247,626,272,3,0
247,704,248,2,1
248,626,273,3,0
249,675,225,2,3
250,626,275,2,0
251,625,252,2,1
251,626,276,3,0
252,625,253,2,1
252,626,277,3,0
252,654,253,2,1
253,625,254,2,1
253,626,278,3,0
253,629,254,2,1
253,636,278,3,0
253,685,278,3,0
253,708,228,0,3
254,625,255,2,1
254,626,279,3,0
254,629,255,2,1
254,636,279,3,0
254,685,279,3,0
254,708,229,0,3
255,625,280,3,0
255,626,280,3,0
255,629,280,3,0
255,636,280,3,0
255,685,280,3,0
256,625,281,3,0
256,626,255,1,2
256,629,281,3,0
256,655,231,0,3
256,685,255,1,2
256,708,255,1,2
257,625,282,3,0
257,626,256,1,2
257,629,282,3,0
257,685,256,1,2
257,708,256,1,2
258,625,283,3,0
258,626,257,1,2
258,629,283,3,0
258,708,257,1,2
259,625,284,3,0
259,626,258,1,2
259,654,234,0,3
259,660,258,1,2
260,625,285,3,0
260,626,259,1,2
260,704,259,1,2
262,675,261,1,2
263,626,264,2,1
264,625,289,3,0
264,626,265,2,1
264,654,239,0,3
264,704,263,1,2
265,625,290,3,0
265,626,266,2,1
265,629,290,3,0
265,660,264,1,2
266,625,291,3,0
266,626,267,2,1
266,629,291,3,0
266,636,267,2,1
266,685,267,2,1
266,708,267,2,1
267,625,292,3,0
267,626,268,2,1
267,629,292,3,0
267,685,268,2,1
267,708,268,2,1
268,625,293,3,0
268,626,293,3,0
268,629,293,3,0
268,636,293,3,0
268,685,293,3,0
269,625,268,1,2
269,626,294,3,0
269,629,268,1,2
269,636,294,3,0
269,685,294,3,0
269,708,244,0,3
270,625,269,1,2
270,626,295,3,0
270,629,269,1,2
270,636,295,3,0
270,685,295,3,0
270,708,245,0,3
271,625,270,1,2
271,626,296,3,0
271,629,270,1,2
271,660,272,2,1
272,625,271,1,2
272,626,297,3,0
272,704,273,2,1
273,626,298,3,0
274,675,250,2,3
275,626,300,2,0
276,625,277,2,1
276,626,301,3,0
277,625,278,2,1
277,626,302,3,0
277,654,278,2,1
278,625,279,2,1
278,626,303,3,0
278,629,279,2,1
278,636,636,15,0
278,685,303,3,0
278,708,253,0,3
279,625,280,2,1
279,626,304,3,0
279,629,280,2,1
279,636,278,1,2
279,685,304,3,0
279,708,254,0,3
280,625,305,3,0
280,626,305,3,0
280,629,305,3,0
280,636,279,1,2
280,685,305,3,0
281,625,306,3,0
281,626,280,1,2
281,629,306,3,0
281,655,256,0,3
281,685,280,1,2
281,708,280,1,2
282,625,307,3,0
282,626,281,1,2
282,629,307,3,0
282,685,281,1,2
282,708,281,1,2
283,625,308,3,0
283,626,282,1,2
283,629,308,3,0
283,708,282,1,2
284,625,309,3,0
284,626,283,1,2
284,654,259,0,3
284,660,283,1,2
285,625,310,3,0
285,626,284,1,2
285,704,284,1,2
287,675,286,1,2
288,626,289,2,1
289,625,314,3,0
289,626,290,2,1
289,654,264,0,3
289,704,288,1,2
290,625,315,3,0
290,626,291,2,1
290,629,315,3,0
290,660,289,1,2
291,625,316,3,0
291,626,292,2,1
291,629,316,3,0
291,636,292,2,1
291,685,292,2,1
291,708,292,2,1
292,625,317,3,0
292,626,293,2,1
292,629,317,3,0
292,685,293,2,1
292,708,293,2,1
293,625,318,3,0
293,626,318,3,0
293,629,318,3,0
293,636,294,2,1
293,685,318,3,0
294,625,293,1,2
294,626,319,3,0
294,629,293,1,2
294,636,295,2,1
294,685,319,3,0
294,708,269,0,3
295,625,294,1,2
295,626,320,3,0
295,629,294,1,2
295,685,320,3,0
295,708,270,0,3
296,625,295,1,2
296,626,321,3,0
296,629,295,1,2
296,660,297,2,1
297,625,296,1,2
297,626,322,3,0
297,704,298,2,1
298,626,323,3,0
299,675,275,2,3
300,626,325,2,0
301,625,302,2,1
301,626,326,3,0
302,625,303,2,1
302,626,327,3,0
302,654,303,2,1
303,625,304,2,1
303,626,328,3,0
303,629,304,2,1
303,636,278,0,3
303,685,328,3,0
303,708,278,0,3
304,625,305,2,1
304,626,329,3,0
304,629,305,2,1
304,685,329,3,0
304,708,279,0,3
305,625,330,3,0
305,626,330,3,0
305,629,330,3,0
305,685,330,3,0
306,625,331,3,0
306,626,305,1,2
306,629,331,3,0
306,655,281,0,3
306,685,305,1,2
306,708,305,1,2
307,625,332,3,0
307,626,306,1,2
307,629,332,3,0
307,685,306,1,2
307,708,306,1,2
308,625,333,3,0
308,626,307,1,2
308,629,333,3,0
308,708,307,1,2
309,625,334,3,0
309,626,308,1,2
309,654,284,0,3
309,660,308,1,2
310,625,335,3,0
310,626,309,1,2
310,704,309,1,2
312,675,311,1,2
313,626,314,2,1
314,625,339,3,0
314,626,315,2,1
314,654,289,0,3
314,704,313,1,2
315,625,340,3,0
315,626,316,2,1
315,629,340,3,0
315,660,314,1,2
316,625,341,3,0
316,626,317,2,1
316,629,341,3,0
316,636,317,2,1
316,685,317,2,1
316,708,317,2,1
317,625,342,3,0
317,626,318,2,1
317,629,342,3,0
317,685,318,2,1
317,708,318,2,1
318,625,343,3,0
318,626,343,3,0
318,629,343,3,0
318,685,343,3,0
319,625,318,1,2
319,626,344,3,0
319,629,318,1,2
319,685,344,3,0
319,708,294,0,3
320,625,319,1,2
320,626,345,3,0
320,629,319,1,2
320,636,295,0,3
320,685,345,3,0
320,708,295,0,3
321,625,320,1,2
321,626,346,3,0
321,629,320,1,2
321,660,322,2,1
322,625,321,1,2
322,626,347,3,0
322,704,323,2,1
323,626,348,3,0
324,675,300,2,3
325,626,350,2,0
326,625,327,2,1
326,626,351,3,0
327,625,328,2,1
327,626,352,3,0
327,654,328,2,1
328,625,329,2,1
328,626,353,3,0
328,629,329,2,1
328,636,303,0,3
328,685,353,3,0
328,708,303,0,3
329,625,330,2,1
329,626,354,3,0
329,629,330,2,1
329,685,354,3,0
329,708,304,0,3
330,626,355,3,0
330,629,331,2,1
330,685,355,3,0
330,708,305,0,3
331,625,356,3,0
331,626,330,1,2
331,629,332,2,1
331,655,306,0,3
331,685,330,1,2
331,708,330,1,2
332,625,357,3,0
332,626,331,1,2
332,629,333,2,1
332,685,331,1,2
332,708,331,1,2
333,625,358,3,0
333,626,332,1,2
333,629,334,2,1
333,708,332,1,2
334,625,359,3,0
334,626,333,1,2
334,654,309,0,3
334,660,333,1,2
335,625,360,3,0
335,626,334,1,2
335,704,334,1,2
337,675,336,1,2
338,626,339,2,1
339,625,364,3,0
339,626,340,2,1
339,654,314,0,3
339,704,338,1,2
340,625,365,3,0
340,626,341,2,1
340,629,629,8,0
340,660,339,1,2
341,625,366,3,0
341,626,342,2,1
341,629,340,1,2
341,636,342,2,1
341,685,342,2,1
341,708,342,2,1
342,625,367,3,0
342,626,343,2,1
342,629,341,1,2
342,685,343,2,1
342,708,343,2,1
343,626,368,3,0
343,629,342,1,2
343,685,368,3,0
343,708,318,0,3
344,625,343,1,2
344,626,369,3,0
344,629,343,1,2
344,685,369,3,0
344,708,319,0,3
345,625,344,1,2
345,626,370,3,0
345,629,344,1,2
345,636,320,0,3
345,685,370,3,0
345,708,320,0,3
346,625,345,1,2
346,626,371,3,0
346,629,345,1,2
346,660,347,2,1
347,625,346,1,2
347,626,372,3,0
347,704,348,2,1
348,626,373,3,0
349,675,325,2,3
350,626,375,2,0
351,625,352,2,1
351,626,376,3,0
352,625,353,2,1
352,626,377,3,0
352,654,353,2,1
353,625,354,2,1
353,626,378,3,0
353,629,354,2,1
353,636,328,0,3
353,685,685,64,0
353,708,328,0,3
354,625,355,2,1
354,626,379,3,0
354,629,355,2,1
354,685,353,1,2
354,708,329,0,3
355,626,380,3,0
355,654,330,0,3
355,685,354,1,2
355,708,330,0,3
356,625,381,3,0
356,626,355,1,2
356,629,331,0,3
356,654,331,0,3
356,655,331,0,3
356,685,355,1,2
356,708,355,1,2
357,625,382,3,0
357,626,356,1,2
357,629,332,0,3
357,654,332,0,3
357,685,356,1,2
357,708,356,1,2
358,625,383,3,0
358,626,357,1,2
358,629,333,0,3
358,654,333,0,3
358,708,357,1,2
359,625,384,3,0
359,626,358,1,2
359,654,334,0,3
359,660,358,1,2
360,625,385,3,0
360,626,359,1,2
360,704,359,1,2
362,675,361,1,2
363,626,364,2,1
364,625,389,3,0
364,626,365,2,1
364,654,339,0,3
364,704,363,1,2
365,625,390,3,0
365,626,366,2,1
365,629,340,0,3
365,654,340,0,3
365,660,364,1,2
366,625,391,3,0
366,626,367,2,1
366,629,341,0,3
366,636,367,2,1
366,654,341,0,3
366,685,367,2,1
366,708,367,2,1
367,625,392,3,0
367,626,368,2,1
367,629,342,0,3
367,654,342,0,3
367,685,368,2,1
367,708,368,2,1
368,626,393,3,0
368,654,343,0,3
368,685,369,2,1
368,708,343,0,3
369,625,368,1,2
369,626,394,3,0
369,629,368,1,2
369,685,370,2,1
369,708,344,0,3
370,625,369,1,2
370,626,395,3,0
370,629,369,1,2
370,636,345,0,3
370,708,345,0,3
371,625,370,1,2
371,626,396,3,0
371,629,370,1,2
371,660,372,2,1
372,625,371,1,2
372,626,397,3,0
372,704,373,2,1
373,626,398,3,0
374,675,350,2,3
375,626,626,5,0
376,625,377,2,1
376,626,375,1,1
377,625,378,2,1
377,626,376,1,2
377,654,378,2,1
378,625,379,2,1
378,626,377,1,2
378,629,379,2,1
378,636,353,0,3
378,685,353,0,3
378,708,353,0,3
379,625,380,2,1
379,626,378,1,2
379,629,380,2,1
379,685,354,0,3
379,708,354,0,3
380,625,381,2,1
380,626,379,1,2
380,655,405,3,0
380,708,355,0,3
381,625,382,2,1
381,626,380,1,2
381,629,356,0,3
381,655,406,3,0
381,685,380,1,2
381,708,380,1,2
382,625,383,2,1
382,626,381,1,2
382,629,357,0,3
382,685,381,1,2
382,708,381,1,2
383,625,384,2,1
383,626,382,1,2
383,629,358,0,3
383,708,382,1,2
384,625,385,2,1
384,626,383,1,2
384,654,409,3,0
384,660,383,1,2
385,625,625,4,0
385,626,384,1,2
385,704,384,1,2
387,675,386,1,2
388,626,389,2,1
389,625,388,1,2
389,626,390,2,1
389,654,414,3,0
389,704,388,1,2
390,625,389,1,2
390,626,391,2,1
390,629,365,0,3
390,660,389,1,2
391,625,390,1,2
391,626,392,2,1
391,629,366,0,3
391,636,392,2,1
391,685,392,2,1
391,708,392,2,1
392,625,391,1,2
392,626,393,2,1
392,629,367,0,3
392,685,393,2,1
392,708,393,2,1
393,625,392,1,2
393,626,394,2,1
393,655,418,3,0
393,708,368,0,3
394,625,393,1,2
394,626,395,2,1
394,629,393,1,2
394,685,369,0,3
394,708,369,0,3
395,625,394,1,2
395,626,396,2,1
395,629,394,1,2
395,636,370,0,3
395,685,370,0,3
395,708,370,0,3
396,625,395,1,2
396,626,397,2,1
396,629,395,1,2
396,660,397,2,1
397,625,396,1,2
397,626,398,2,1
397,704,398,2,1
399,675,375,2,3
400,626,375,0,2
401,625,402,2,1
401,626,376,0,3
402,625,403,2,1
402,626,377,0,3
402,654,403,2,1
403,625,404,2,1
403,626,378,0,3
403,629,404,2,1
403,636,378,0,3
403,685,378,0,3
403,708,378,0,3
404,625,405,2,1
404,626,379,0,3
404,629,405,2,1
404,685,379,0,3
404,708,379,0,3
405,625,380,0,3
405,708,380,0,3
406,625,381,0,3
406,626,405,1,2
406,629,381,0,3
406,655,431,3,0
406,685,405,1,2
406,708,405,1,2
407,625,382,0,3
407,626,406,1,2
407,629,382,0,3
407,685,406,1,2
407,708,406,1,2
408,625,383,0,3
408,626,407,1,2
408,629,383,0,3
408,708,407,1,2
409,625,384,0,3
409,626,408,1,2
409,654,434,3,0
409,660,408,1,2
410,625,385,0,3
410,626,409,1,2
410,704,409,1,2
412,675,411,1,2
413,626,414,2,1
414,625,389,0,3
414,626,415,2,1
414,654,439,3,0
414,704,413,1,2
415,625,390,0,3
415,626,416,2,1
415,629,390,0,3
415,660,414,1,2
416,625,391,0,3
416,626,417,2,1
416,629,391,0,3
416,636,417,2,1
416,685,417,2,1
416,708,417,2,1
417,625,392,0,3
417,626,418,2,1
417,629,392,0,3
417,685,418,2,1
417,708,418,2,1
418,625,393,0,3
418,708,393,0,3
419,625,418,1,2
419,626,394,0,3
419,629,418,1,2
419,685,394,0,3
419,708,394,0,3
420,625,419,1,2
420,626,395,0,3
420,629,419,1,2
420,636,395,0,3
420,685,395,0,3
420,708,395,0,3
421,625,420,1,2
421,626,396,0,3
421,629,420,1,2
421,660,422,2,1
422,625,421,1,2
422,626,397,0,3
422,704,423,2,1
423,626,398,0,3
424,675,400,2,3
425,626,400,0,2
426,625,427,2,1
426,626,401,0,3
427,625,428,2,1
427,626,402,0,3
427,654,428,2,1
428,625,429,2,1
428,626,403,0,3
428,629,429,2,1
428,636,403,0,3
428,685,403,0,3
428,708,403,0,3
429,625,430,2,1
429,626,404,0,3
429,629,430,2,1
429,685,404,0,3
429,708,404,0,3
430,625,405,0,3
430,626,405,0,3
430,660,455,3,0
430,708,405,0,3
431,625,406,0,3
431,626,430,1,2
431,629,406,0,3
431,655,456,3,0
431,660,456,3,0
431,685,430,1,2
431,708,430,1,2
432,625,407,0,3
432,626,431,1,2
432,629,407,0,3
432,660,457,3,0
432,685,431,1,2
432,708,431,1,2
433,625,408,0,3
433,626,432,1,2
433,629,408,0,3
433,660,458,3,0
433,708,432,1,2
434,625,409,0,3
434,626,433,1,2
434,654,459,3,0
434,660,433,1,2
435,625,410,0,3
435,626,434,1,2
435,704,434,1,2
437,675,436,1,2
438,626,439,2,1
439,625,414,0,3
439,626,440,2,1
439,654,464,3,0
439,704,438,1,2
440,625,415,0,3
440,626,441,2,1
440,629,415,0,3
441,625,416,0,3
441,626,442,2,1
441,629,416,0,3
441,636,442,2,1
441,660,466,3,0
441,685,442,2,1
441,708,442,2,1
442,625,417,0,3
442,626,443,2,1
442,629,417,0,3
442,660,467,3,0
442,685,443,2,1
442,708,443,2,1
443,625,418,0,3
443,626,418,0,3
443,660,468,3,0
443,708,418,0,3
444,625,443,1,2
444,626,419,0,3
444,629,443,1,2
444,685,419,0,3
444,708,419,0,3
445,625,444,1,2
445,626,420,0,3
445,629,444,1,2
445,636,420,0,3
445,685,420,0,3
445,708,420,0,3
446,625,445,1,2
446,626,421,0,3
446,629,445,1,2
446,660,447,2,1
447,625,446,1,2
447,626,422,0,3
447,704,448,2,1
448,626,423,0,3
449,675,425,2,3
450,626,425,0,2
451,625,452,2,1
451,626,426,0,3
452,625,453,2,1
452,626,427,0,3
452,654,453,2,1
453,625,454,2,1
453,626,428,0,3
453,629,454,2,1
453,636,428,0,3
453,685,428,0,3
453,708,428,0,3
454,625,455,2,1
454,626,429,0,3
454,629,455,2,1
454,685,429,0,3
454,708,429,0,3
455,625,430,0,3
455,626,430,0,3
455,629,430,0,3
455,660,456,2,1
455,708,430,0,3
456,625,431,0,3
456,626,455,1,2
456,629,431,0,3
456,655,481,3,0
456,660,457,2,1
456,685,455,1,2
456,708,455,1,2
457,625,432,0,3
457,626,456,1,2
457,629,432,0,3
457,660,458,2,1
457,685,456,1,2
457,708,456,1,2
458,625,433,0,3
458,626,457,1,2
458,629,433,0,3
458,660,660,39,0
458,708,457,1,2
459,625,434,0,3
459,626,458,1,2
459,654,484,3,0
459,660,458,1,2
460,625,435,0,3
460,626,459,1,2
460,704,459,1,2
462,675,461,1,2
463,626,464,2,1
464,625,439,0,3
464,626,465,2,1
464,654,489,3,0
464,704,463,1,2
465,625,440,0,3
465,626,466,2,1
465,629,440,0,3
465,660,464,1,2
466,625,441,0,3
466,626,467,2,1
466,629,441,0,3
466,636,467,2,1
466,660,465,1,2
466,685,467,2,1
466,708,467,2,1
467,625,442,0,3
467,626,468,2,1
467,629,442,0,3
467,660,466,1,2
467,685,468,2,1
467,708,468,2,1
468,625,443,0,3
468,626,443,0,3
468,629,443,0,3
468,660,467,1,2
468,708,443,0,3
469,625,468,1,2
469,626,444,0,3
469,629,468,1,2
469,685,444,0,3
469,708,444,0,3
470,625,469,1,2
470,626,445,0,3
470,629,469,1,2
470,636,445,0,3
470,685,445,0,3
470,708,445,0,3
471,625,470,1,2
471,626,446,0,3
471,629,470,1,2
471,660,472,2,1
472,625,471,1,2
472,626,447,0,3
472,704,473,2,1
473,626,448,0,3
474,675,450,2,3
475,626,450,0,2
476,625,477,2,1
476,626,451,0,3
477,625,478,2,1
477,626,452,0,3
477,654,478,2,1
478,625,479,2,1
478,626,453,0,3
478,629,479,2,1
478,636,453,0,3
478,685,453,0,3
478,708,503,3,0
479,625,480,2,1
479,626,454,0,3
479,629,480,2,1
479,685,454,0,3
479,708,504,3,0
480,625,455,0,3
480,626,455,0,3
480,629,455,0,3
480,633,455,0,3
481,625,456,0,3
481,626,480,1,2
481,629,456,0,3
481,633,456,0,3
481,655,506,3,0
481,685,480,1,2
481,708,480,1,2
482,625,457,0,3
482,626,481,1,2
482,629,457,0,3
482,633,457,0,3
482,685,481,1,2
482,708,481,1,2
483,625,458,0,3
483,626,482,1,2
483,629,458,0,3
483,633,458,0,3
483,708,482,1,2
484,625,459,0,3
484,626,483,1,2
484,654,509,3,0
484,660,483,1,2
485,625,460,0,3
485,626,484,1,2
485,704,484,1,2
487,675,486,1,2
488,626,489,2,1
489,625,464,0,3
489,626,490,2,1
489,654,514,3,0
489,704,488,1,2
490,625,465,0,3
490,626,491,2,1
490,629,465,0,3
490,660,489,1,2
491,625,466,0,3
491,626,492,2,1
491,629,466,0,3
491,633,466,0,3
491,636,492,2,1
491,685,492,2,1
491,708,492,2,1
492,625,467,0,3
492,626,493,2,1
492,629,467,0,3
492,633,467,0,3
492,685,493,2,1
492,708,493,2,1
493,625,468,0,3
493,626,468,0,3
493,629,468,0,3
493,633,468,0,3
494,625,493,1,2
494,626,469,0,3
494,629,493,1,2
494,685,469,0,3
494,708,519,3,0
495,625,494,1,2
495,626,470,0,3
495,629,494,1,2
495,636,470,0,3
495,685,470,0,3
495,708,520,3,0
496,625,495,1,2
496,626,471,0,3
496,629,495,1,2
496,660,497,2,1
497,625,496,1,2
497,626,472,0,3
497,704,498,2,1
498,626,473,0,3
499,675,475,2,3
500,626,475,0,2
501,625,502,2,1
501,626,476,0,3
502,625,503,2,1
502,626,477,0,3
502,654,503,2,1
503,625,504,2,1
503,626,478,0,3
503,629,504,2,1
503,636,478,0,3
503,685,478,0,3
503,708,528,3,0
504,625,505,2,1
504,626,479,0,3
504,629,505,2,1
504,685,479,0,3
504,708,529,3,0
505,625,480,0,3
505,626,480,0,3
505,629,480,0,3
506,625,481,0,3
506,626,505,1,2
506,629,481,0,3
506,655,531,3,0
506,685,505,1,2
506,708,505,1,2
507,625,482,0,3
507,626,506,1,2
507,629,482,0,3
507,685,506,1,2
507,708,506,1,2
508,625,483,0,3
508,626,507,1,2
508,629,483,0,3
508,708,507,1,2
509,625,484,0,3
509,626,508,1,2
509,654,534,3,0
509,660,508,1,2
510,625,485,0,3
510,626,509,1,2
510,704,509,1,2
512,675,511,1,2
513,626,514,2,1
514,625,489,0,3
514,626,515,2,1
514,654,539,3,0
514,704,513,1,2
515,625,490,0,3
515,626,516,2,1
515,629,490,0,3
515,660,514,1,2
516,625,491,0,3
516,626,517,2,1
516,629,491,0,3
516,636,517,2,1
516,685,517,2,1
516,708,517,2,1
517,625,492,0,3
517,626,518,2,1
517,629,492,0,3
517,685,518,2,1
517,708,518,2,1
518,625,493,0,3
518,626,493,0,3
518,629,493,0,3
519,625,518,1,2
519,626,494,0,3
519,629,518,1,2
519,685,494,0,3
519,708,544,3,0
520,625,519,1,2
520,626,495,0,3
520,629,519,1,2
520,636,495,0,3
520,685,495,0,3
520,708,545,3,0
521,625,520,1,2
521,626,496,0,3
521,629,520,1,2
521,660,522,2,1
522,625,521,1,2
522,626,497,0,3
522,704,523,2,1
523,626,498,0,3
524,675,500,2,3
525,626,500,0,2
526,625,527,2,1
526,626,501,0,3
527,625,528,2,1
527,626,502,0,3
527,654,528,2,1
528,625,529,2,1
528,626,503,0,3
528,629,529,2,1
528,636,503,0,3
528,685,503,0,3
528,708,553,3,0
529,625,530,2,1
529,626,504,0,3
529,629,530,2,1
529,685,504,0,3
529,708,554,3,0
530,625,505,0,3
530,626,505,0,3
530,629,505,0,3
531,625,506,0,3
531,626,530,1,2
531,629,506,0,3
531,655,556,3,0
531,685,530,1,2
531,708,530,1,2
532,625,507,0,3
532,626,531,1,2
532,629,507,0,3
532,685,531,1,2
532,708,531,1,2
533,625,508,0,3
533,626,532,1,2
533,629,508,0,3
533,708,532,1,2
534,625,509,0,3
534,626,533,1,2
534,654,559,3,0
534,660,533,1,2
535,625,510,0,3
535,626,534,1,2
535,704,534,1,2
537,675,536,1,2
538,626,539,2,1
539,625,514,0,3
539,626,540,2,1
539,654,564,3,0
539,704,538,1,2
540,625,515,0,3
540,626,541,2,1
540,629,515,0,3
540,660,539,1,2
541,625,516,0,3
541,626,542,2,1
541,629,516,0,3
541,636,542,2,1
541,685,542,2,1
541,708,542,2,1
542,625,517,0,3
542,626,543,2,1
542,629,517,0,3
542,685,543,2,1
542,708,543,2,1
543,625,518,0,3
543,626,518,0,3
543,629,518,0,3
544,625,543,1,2
544,626,519,0,3
544,629,543,1,2
544,685,519,0,3
544,708,569,3,0
545,625,544,1,2
545,626,520,0,3
545,629,544,1,2
545,636,520,0,3
545,685,520,0,3
545,708,570,3,0
546,625,545,1,2
546,626,521,0,3
546,629,545,1,2
546,660,547,2,1
547,625,546,1,2
547,626,522,0,3
547,704,548,2,1
548,626,523,0,3
549,675,525,2,3
550,626,525,0,2
551,625,552,2,1
551,626,526,0,3
552,625,553,2,1
552,626,527,0,3
552,654,553,2,1
553,625,554,2,1
553,626,528,0,3
553,629,554,2,1
553,636,528,0,3
553,685,528,0,3
553,708,578,3,0
554,625,555,2,1
554,626,529,0,3
554,629,555,2,1
554,685,529,0,3
554,708,579,3,0
555,625,530,0,3
555,626,530,0,3
555,629,530,0,3
555,685,530,0,3
556,625,531,0,3
556,626,555,1,2
556,629,531,0,3
556,655,581,3,0
556,685,555,1,2
556,708,555,1,2
557,625,532,0,3
557,626,556,1,2
557,629,532,0,3
557,685,556,1,2
557,708,556,1,2
558,625,533,0,3
558,626,557,1,2
558,629,533,0,3
558,708,557,1,2
559,625,534,0,3
559,626,558,1,2
559,654,584,3,0
559,660,558,1,2
560,625,535,0,3
560,626,559,1,2
560,704,559,1,2
562,675,561,1,2
563,626,564,2,1
564,625,539,0,3
564,626,565,2,1
564,654,589,3,0
564,704,563,1,2
565,625,540,0,3
565,626,566,2,1
565,629,540,0,3
565,660,564,1,2
566,625,541,0,3
566,626,567,2,1
566,629,541,0,3
566,636,567,2,1
566,685,567,2,1
566,708,567,2,1
567,625,542,0,3
567,626,568,2,1
567,629,542,0,3
567,685,568,2,1
567,708,568,2,1
568,625,543,0,3
568,626,543,0,3
568,629,543,0,3
568,685,543,0,3
569,625,568,1,2
569,626,544,0,3
569,629,568,1,2
569,685,544,0,3
569,708,594,3,0
570,625,569,1,2
570,626,545,0,3
570,629,569,1,2
570,636,545,0,3
570,685,545,0,3
570,708,595,3,0
571,625,570,1,2
571,626,546,0,3
571,629,570,1,2
571,660,572,2,1
572,625,571,1,2
572,626,547,0,3
572,704,573,2,1
573,626,548,0,3
574,675,550,2,3
575,626,550,0,2
576,625,577,2,1
576,626,551,0,3
577,625,578,2,1
577,626,552,0,3
577,654,578,2,1
578,625,579,2,1
578,626,553,0,3
578,629,579,2,1
578,636,553,0,3
578,685,553,0,3
578,708,603,3,0
579,625,580,2,1
579,626,554,0,3
579,629,580,2,1
579,636,554,0,3
579,685,554,0,3
579,708,604,3,0
580,625,555,0,3
580,626,555,0,3
580,629,555,0,3
580,636,555,0,3
580,685,555,0,3
581,625,556,0,3
581,626,580,1,2
581,629,556,0,3
581,655,606,3,0
581,685,580,1,2
581,708,580,1,2
582,625,557,0,3
582,626,581,1,2
582,629,557,0,3
582,685,581,1,2
582,708,581,1,2
583,625,558,0,3
583,626,582,1,2
583,629,558,0,3
583,708,582,1,2
584,625,559,0,3
584,626,583,1,2
584,654,609,3,0
584,660,583,1,2
585,625,560,0,3
585,626,584,1,2
585,704,584,1,2
587,675,586,1,2
588,626,589,2,1
589,625,564,0,3
589,626,590,2,1
589,654,614,3,0
589,704,588,1,2
590,625,565,0,3
590,626,591,2,1
590,629,565,0,3
590,660,589,1,2
591,625,566,0,3
591,626,592,2,1
591,629,566,0,3
591,636,592,2,1
591,685,592,2,1
591,708,592,2,1
592,625,567,0,3
592,626,593,2,1
592,629,567,0,3
592,685,593,2,1
592,708,593,2,1
593,625,568,0,3
593,626,568,0,3
593,629,568,0,3
593,636,568,0,3
593,685,568,0,3
594,625,593,1,2
594,626,569,0,3
594,629,593,1,2
594,636,569,0,3
594,685,569,0,3
594,708,619,3,0
595,625,594,1,2
595,626,570,0,3
595,629,594,1,2
595,636,570,0,3
595,685,570,0,3
595,708,620,3,0
596,625,595,1,2
596,626,571,0,3
596,629,595,1,2
596,660,597,2,1
597,625,596,1,2
597,626,572,0,3
597,704,598,2,1
598,626,573,0,3
599,675,575,2,3
600,626,575,0,2
601,625,602,2,1
601,626,576,0,3
602,625,603,2,1
602,626,577,0,3
602,654,603,2,1
603,625,604,2,1
603,626,578,0,3
603,629,604,2,1
603,636,3,3,3
603,685,578,0,3
603,708,3,3,3
604,625,605,2,1
604,626,579,0,3
604,629,605,2,1
604,685,579,0,3
604,708,4,3,3
605,625,580,0,3
605,626,580,0,3
605,629,580,0,3
605,685,580,0,3
606,625,581,0,3
606,626,605,1,2
606,629,581,0,3
606,655,6,3,3
606,685,605,1,2
606,708,605,1,2
607,625,582,0,3
607,626,606,1,2
607,629,582,0,3
607,685,606,1,2
607,708,606,1,2
608,625,583,0,3
608,626,607,1,2
608,629,583,0,3
608,708,607,1,2
609,625,584,0,3
609,626,608,1,2
609,654,9,3,3
609,660,608,1,2
610,625,585,0,3
610,626,609,1,2
610,704,609,1,2
612,675,611,1,2
613,626,614,2,1
614,625,589,0,3
614,626,615,2,1
614,654,14,3,3
614,704,613,1,2
615,625,590,0,3
615,626,616,2,1
615,629,590,0,3
615,660,614,1,2
616,625,591,0,3
616,626,617,2,1
616,629,591,0,3
616,636,617,2,1
616,685,617,2,1
616,708,617,2,1
617,625,592,0,3
617,626,618,2,1
617,629,592,0,3
617,685,618,2,1
617,708,618,2,1
618,625,593,0,3
618,626,593,0,3
618,629,593,0,3
618,685,593,0,3
619,625,618,1,2
619,626,594,0,3
619,629,618,1,2
619,685,594,0,3
619,708,19,3,3
620,625,619,1,2
620,626,595,0,3
620,629,619,1,2
620,636,20,3,3
620,685,595,0,3
620,708,20,3,3
621,625,620,1,2
621,626,596,0,3
621,629,620,1,2
621,660,622,2,1
622,625,621,1,2
622,626,597,0,3
622,704,623,2,1
623,626,598,0,3
624,675,600,2,3
625,626,385,0,4
625,627,385,0,4
625,628,385,0,4
625,629,385,0,4
625,630,385,0,4
625,631,385,0,4
625,632,385,0,4
625,633,385,0,4
625,634,385,0,4
625,635,385,0,4
625,636,385,0,4
625,637,385,0,4
625,638,385,0,4
625,639,385,0,4
625,640,385,0,4
625,641,385,0,4
625,642,385,0,4
625,643,385,0,4
625,644,385,0,4
625,645,385,0,4
625,646,385,0,4
625,647,385,0,4
625,648,385,0,4
625,649,385,0,4
625,650,385,0,4
625,651,385,0,4
625,652,385,0,4
625,653,385,0,4
625,654,385,0,4
625,655,385,0,4
625,656,385,0,4
625,657,385,0,4
625,658,385,0,4
625,659,385,0,4
625,660,385,0,4
625,661,385,0,4
625,662,385,0,4
625,663,385,0,4
625,664,385,0,4
625,665,385,0,4
625,666,385,0,4
625,667,385,0,4
625,668,385,0,4
625,669,385,0,4
625,670,385,0,4
625,671,385,0,4
625,672,385,0,4
625,673,385,0,4
625,674,385,0,4
625,675,385,0,4
625,676,385,0,4
625,677,385,0,4
625,678,385,0,4
625,679,385,0,4
625,680,385,0,4
625,681,385,0,4
625,682,385,0,4
625,683,385,0,4
625,684,385,0,4
625,685,385,0,4
625,686,385,0,4
625,687,385,0,4
625,688,385,0,4
625,689,385,0,4
625,690,385,0,4
625,691,385,0,4
625,692,385,0,4
625,693,385,0,4
625,694,385,0,4
625,695,385,0,4
625,696,385,0,4
625,697,385,0,4
625,698,385,0,4
625,699,385,0,4
625,700,385,0,4
625,701,385,0,4
625,702,385,0,4
625,703,385,0,4
625,704,385,0,4
625,705,385,0,4
625,706,385,0,4
625,707,385,0,4
625,708,385,0,4
625,709,385,0,4
625,710,385,0,4
625,711,385,0,4
625,712,385,0,4
625,713,385,0,4
625,714,385,0,4
625,715,385,0,4
625,716,385,0,4
625,717,385,0,4
625,718,385,0,4
625,719,385,0,4
625,720,385,0,4
625,721,385,0,4
625,722,385,0,4
625,723,385,0,4
625,724,385,0,4
626,625,375,0,5
626,627,375,0,5
626,628,375,0,5
626,629,375,0,5
626,630,375,0,5
626,631,375,0,5
626,632,375,0,5
626,633,375,0,5
626,634,375,0,5
626,635,375,0,5
626,636,375,0,5
626,637,375,0,5
626,638,375,0,5
626,639,375,0,5
626,640,375,0,5
626,641,375,0,5
626,642,375,0,5
626,643,375,0,5
626,644,375,0,5
626,645,375,0,5
626,646,375,0,5
626,647,375,0,5
626,648,375,0,5
626,649,375,0,5
626,650,375,0,5
626,651,375,0,5
626,652,375,0,5
626,653,375,0,5
626,654,375,0,5
626,655,375,0,5
626,656,375,0,5
626,657,375,0,5
626,658,375,0,5
626,659,375,0,5
626,660,375,0,5
626,661,375,0,5
626,662,375,0,5
626,663,375,0,5
626,664,375,0,5
626,665,375,0,5
626,666,375,0,5
626,667,375,0,5
626,668,375,0,5
626,669,375,0,5
626,670,375,0,5
626,671,375,0,5
626,672,375,0,5
626,673,375,0,5
626,674,375,0,5
626,675,375,0,5
626,676,375,0,5
626,677,375,0,5
626,678,375,0,5
626,679,375,0,5
626,680,375,0,5
626,681,375,0,5
626,682,375,0,5
626,683,375,0,5
626,684,375,0,5
626,685,375,0,5
626,686,375,0,5
626,687,375,0,5
626,688,375,0,5
626,689,375,0,5
626,690,375,0,5
626,691,375,0,5
626,692,375,0,5
626,693,375,0,5
626,694,375,0,5
626,695,375,0,5
626,696,375,0,5
626,697,375,0,5
626,698,375,0,5
626,699,375,0,5
626,700,375,0,5
626,701,375,0,5
626,702,375,0,5
626,703,375,0,5
626,704,375,0,5
626,705,375,0,5
626,706,375,0,5
626,707,375,0,5
626,708,375,0,5
626,709,375,0,5
626,710,375,0,5
626,711,375,0,5
626,712,375,0,5
626,713,375,0,5
626,714,375,0,5
626,715,375,0,5
626,716,375,0,5
626,717,375,0,5
626,718,375,0,5
626,719,375,0,5
626,720,375,0,5
626,721,375,0,5
626,722,375,0,5
626,723,375,0,5
626,724,375,0,5
629,625,340,0,8
629,626,340,0,8
629,627,340,0,8
629,628,340,0,8
629,630,340,0,8
629,631,340,0,8
629,632,340,0,8
629,633,340,0,8
629,634,340,0,8
629,635,340,0,8
629,636,340,0,8
629,637,340,0,8
629,638,340,0,8
629,639,340,0,8
629,640,340,0,8
629,641,340,0,8
629,642,340,0,8
629,643,340,0,8
629,644,340,0,8
629,645,340,0,8
629,646,340,0,8
629,647,340,0,8
629,648,340,0,8
629,649,340,0,8
629,650,340,0,8
629,651,340,0,8
629,652,340,0,8
629,653,340,0,8
629,654,340,0,8
629,655,340,0,8
629,656,340,0,8
629,657,340,0,8
629,658,340,0,8
629,659,340,0,8
629,660,340,0,8
629,661,340,0,8
629,662,340,0,8
629,663,340,0,8
629,664,340,0,8
629,665,340,0,8
629,666,340,0,8
629,667,340,0,8
629,668,340,0,8
629,669,340,0,8
629,670,340,0,8
629,671,340,0,8
629,672,340,0,8
629,673,340,0,8
629,674,340,0,8
629,675,340,0,8
629,676,340,0,8
629,677,340,0,8
629,678,340,0,8
629,679,340,0,8
629,680,340,0,8
629,681,340,0,8
629,682,340,0,8
629,683,340,0,8
629,684,340,0,8
629,685,340,0,8
629,686,340,0,8
629,687,340,0,8
629,688,340,0,8
629,689,340,0,8
629,690,340,0,8
629,691,340,0,8
629,692,340,0,8
629,693,340,0,8
629,694,340,0,8
629,695,340,0,8
629,696,340,0,8
629,697,340,0,8
629,698,340,0,8
629,699,340,0,8
629,700,340,0,8
629,701,340,0,8
629,702,340,0,8
629,703,340,0,8
629,704,340,0,8
629,705,340,0,8
629,706,340,0,8
629,707,340,0,8
629,708,340,0,8
629,709,340,0,8
629,710,340,0,8
629,711,340,0,8
629,712,340,0,8
629,713,340,0,8
629,714,340,0,8
629,715,340,0,8
629,716,340,0,8
629,717,340,0,8
629,718,340,0,8
629,719,340,0,8
629,720,340,0,8
629,721,340,0,8
629,722,340,0,8
629,723,340,0,8
629,724,340,0,8
633,625,183,0,12
633,626,183,0,12
633,627,183,0,12
633,628,183,0,12
633,629,183,0,12
633,630,183,0,12
633,631,183,0,12
633,632,183,0,12
633,634,183,0,12
633,635,183,0,12
633,636,183,0,12
633,637,183,0,12
633,638,183,0,12
633,639,183,0,12
633,640,183,0,12
633,641,183,0,12
633,642,183,0,12
633,643,183,0,12
633,644,183,0,12
633,645,183,0,12
633,646,183,0,12
633,647,183,0,12
633,648,183,0,12
633,649,183,0,12
633,650,183,0,12
633,651,183,0,12
633,652,183,0,12
633,653,183,0,12
633,654,183,0,12
633,655,183,0,12
633,656,183,0,12
633,657,183,0,12
633,658,183,0,12
633,659,183,0,12
633,660,183,0,12
633,661,183,0,12
633,662,183,0,12
633,663,183,0,12
633,664,183,0,12
633,665,183,0,12
633,666,183,0,12
633,667,183,0,12
633,668,183,0,12
633,669,183,0,12
633,670,183,0,12
633,671,183,0,12
633,672,183,0,12
633,673,183,0,12
633,674,183,0,12
633,675,183,0,12
633,676,183,0,12
633,677,183,0,12
633,678,183,0,12
633,679,183,0,12
633,680,183,0,12
633,681,183,0,12
633,682,183,0,12
633,683,183,0,12
633,684,183,0,12
633,685,183,0,12
633,686,183,0,12
633,687,183,0,12
633,688,183,0,12
633,689,183,0,12
633,690,183,0,12
633,691,183,0,12
633,692,183,0,12
633,693,183,0,12
633,694,183,0,12
633,695,183,0,12
633,696,183,0,12
633,697,183,0,12
633,698,183,0,12
633,699,183,0,12
633,700,183,0,12
633,701,183,0,12
633,702,183,0,12
633,703,183,0,12
633,704,183,0,12
633,705,183,0,12
633,706,183,0,12
633,707,183,0,12
633,708,183,0,12
633,709,183,0,12
633,710,183,0,12
633,711,183,0,12
633,712,183,0,12
633,713,183,0,12
633,714,183,0,12
633,715,183,0,12
633,716,183,0,12
633,717,183,0,12
633,718,183,0,12
633,719,183,0,12
633,720,183,0,12
633,721,183,0,12
633,722,183,0,12
633,723,183,0,12
633,724,183,0,12
636,625,278,0,15
636,626,278,0,15
636,627,278,0,15
636,628,278,0,15
636,629,278,0,15
636,630,278,0,15
636,631,278,0,15
636,632,278,0,15
636,633,278,0,15
636,634,278,0,15
636,635,278,0,15
636,637,278,0,15
636,638,278,0,15
636,639,278,0,15
636,640,278,0,15
636,641,278,0,15
636,642,278,0,15
636,643,278,0,15
636,644,278,0,15
636,645,278,0,15
636,646,278,0,15
636,647,278,0,15
636,648,278,0,15
636,649,278,0,15
636,650,278,0,15
636,651,278,0,15
636,652,278,0,15
636,653,278,0,15
636,654,278,0,15
636,655,278,0,15
636,656,278,0,15
636,657,278,0,15
636,658,278,0,15
636,659,278,0,15
636,660,278,0,15
636,661,278,0,15
636,662,278,0,15
636,663,278,0,15
636,664,278,0,15
636,665,278,0,15
636,666,278,0,15
636,667,278,0,15
636,668,278,0,15
636,669,278,0,15
636,670,278,0,15
636,671,278,0,15
636,672,278,0,15
636,673,278,0,15
636,674,278,0,15
636,675,278,0,15
636,676,278,0,15
636,677,278,0,15
636,678,278,0,15
636,679,278,0,15
636,680,278,0,15
636,681,278,0,15
636,682,278,0,15
636,683,278,0,15
636,684,278,0,15
636,685,278,0,15
636,686,278,0,15
636,687,278,0,15
636,688,278,0,15
636,689,278,0,15
636,690,278,0,15
636,691,278,0,15
636,692,278,0,15
636,693,278,0,15
636,694,278,0,15
636,695,278,0,15
636,696,278,0,15
636,697,278,0,15
636,698,278,0,15
636,699,278,0,15
636,700,278,0,15
636,701,278,0,15
636,702,278,0,15
636,703,278,0,15
636,704,278,0,15
636,705,278,0,15
636,706,278,0,15
636,707,278,0,15
636,708,278,0,15
636,709,278,0,15
636,710,278,0,15
636,711,278,0,15
636,712,278,0,15
636,713,278,0,15
636,714,278,0,15
636,715,278,0,15
636,716,278,0,15
636,717,278,0,15
636,718,278,0,15
636,719,278,0,15
636,720,278,0,15
636,721,278,0,15
636,722,278,0,15
636,723,278,0,15
636,724,278,0,15
654,625,64,0,33
654,626,64,0,33
654,627,64,0,33
654,628,64,0,33
654,629,64,0,33
654,630,64,0,33
654,631,64,0,33
654,632,64,0,33
654,633,64,0,33
654,634,64,0,33
654,635,64,0,33
654,636,64,0,33
654,637,64,0,33
654,638,64,0,33
654,639,64,0,33
654,640,64,0,33
654,641,64,0,33
654,642,64,0,33
654,643,64,0,33
654,644,64,0,33
654,645,64,0,33
654,646,64,0,33
654,647,64,0,33
654,648,64,0,33
654,649,64,0,33
654,650,64,0,33
654,651,64,0,33
654,652,64,0,33
654,653,64,0,33
654,655,64,0,33
654,656,64,0,33
654,657,64,0,33
654,658,64,0,33
654,659,64,0,33
654,660,64,0,33
654,661,64,0,33
654,662,64,0,33
654,663,64,0,33
654,664,64,0,33
654,665,64,0,33
654,666,64,0,33
654,667,64,0,33
654,668,64,0,33
654,669,64,0,33
654,670,64,0,33
654,671,64,0,33
654,672,64,0,33
654,673,64,0,33
654,674,64,0,33
654,675,64,0,33
654,676,64,0,33
654,677,64,0,33
654,678,64,0,33
654,679,64,0,33
654,680,64,0,33
654,681,64,0,33
654,682,64,0,33
654,683,64,0,33
654,684,64,0,33
654,685,64,0,33
654,686,64,0,33
654,687,64,0,33
654,688,64,0,33
654,689,64,0,33
654,690,64,0,33
654,691,64,0,33
654,692,64,0,33
654,693,64,0,33
654,694,64,0,33
654,695,64,0,33
654,696,64,0,33
654,697,64,0,33
654,698,64,0,33
654,699,64,0,33
654,700,64,0,33
654,701,64,0,33
654,702,64,0,33
654,703,64,0,33
654,704,64,0,33
654,705,64,0,33
654,706,64,0,33
654,707,64,0,33
654,708,64,0,33
654,709,64,0,33
654,710,64,0,33
654,711,64,0,33
654,712,64,0,33
654,713,64,0,33
654,714,64,0,33
654,715,64,0,33
654,716,64,0,33
654,717,64,0,33
654,718,64,0,33
654,719,64,0,33
654,720,64,0,33
654,721,64,0,33
654,722,64,0,33
654,723,64,0,33
654,724,64,0,33
655,625,56,0,34
655,626,56,0,34
655,627,56,0,34
655,628,56,0,34
655,629,56,0,34
655,630,56,0,34
655,631,56,0,34
655,632,56,0,34
655,633,56,0,34
655,634,56,0,34
655,635,56,0,34
655,636,56,0,34
655,637,56,0,34
655,638,56,0,34
655,639,56,0,34
655,640,56,0,34
655,641,56,0,34
655,642,56,0,34
655,643,56,0,34
655,644,56,0,34
655,645,56,0,34
655,646,56,0,34
655,647,56,0,34
655,648,56,0,34
655,649,56,0,34
655,650,56,0,34
655,651,56,0,34
655,652,56,0,34
655,653,56,0,34
655,654,56,0,34
655,656,56,0,34
655,657,56,0,34
655,658,56,0,34
655,659,56,0,34
655,660,56,0,34
655,661,56,0,34
655,662,56,0,34
655,663,56,0,34
655,664,56,0,34
655,665,56,0,34
655,666,56,0,34
655,667,56,0,34
655,668,56,0,34
655,669,56,0,34
655,670,56,0,34
655,671,56,0,34
655,672,56,0,34
655,673,56,0,34
655,674,56,0,34
655,675,56,0,34
655,676,56,0,34
655,677,56,0,34
655,678,56,0,34
655,679,56,0,34
655,680,56,0,34
655,681,56,0,34
655,682,56,0,34
655,683,56,0,34
655,684,56,0,34
655,685,56,0,34
655,686,56,0,34
655,687,56,0,34
655,688,56,0,34
655,689,56,0,34
655,690,56,0,34
655,691,56,0,34
655,692,56,0,34
655,693,56,0,34
655,694,56,0,34
655,695,56,0,34
655,696,56,0,34
655,697,56,0,34
655,698,56,0,34
655,699,56,0,34
655,700,56,0,34
655,701,56,0,34
655,702,56,0,34
655,703,56,0,34
655,704,56,0,34
655,705,56,0,34
655,706,56,0,34
655,707,56,0,34
655,708,56,0,34
655,709,56,0,34
655,710,56,0,34
655,711,56,0,34
655,712,56,0,34
655,713,56,0,34
655,714,56,0,34
655,715,56,0,34
655,716,56,0,34
655,717,56,0,34
655,718,56,0,34
655,719,56,0,34
655,720,56,0,34
655,721,56,0,34
655,722,56,0,34
655,723,56,0,34
655,724,56,0,34
660,625,458,0,39
660,626,458,0,39
660,627,458,0,39
660,628,458,0,39
660,629,458,0,39
660,630,458,0,39
660,631,458,0,39
660,632,458,0,39
660,633,458,0,39
660,634,458,0,39
660,635,458,0,39
660,636,458,0,39
660,637,458,0,39
660,638,458,0,39
660,639,458,0,39
660,640,458,0,39
660,641,458,0,39
660,642,458,0,39
660,643,458,0,39
660,644,458,0,39
660,645,458,0,39
660,646,458,0,39
660,647,458,0,39
660,648,458,0,39
660,649,458,0,39
660,650,458,0,39
660,651,458,0,39
660,652,458,0,39
660,653,458,0,39
660,654,458,0,39
660,655,458,0,39
660,656,458,0,39
660,657,458,0,39
660,658,458,0,39
660,659,458,0,39
660,661,458,0,39
660,662,458,0,39
660,663,458,0,39
660,664,458,0,39
660,665,458,0,39
660,666,458,0,39
660,667,458,0,39
660,668,458,0,39
660,669,458,0,39
660,670,458,0,39
660,671,458,0,39
660,672,458,0,39
660,673,458,0,39
660,674,458,0,39
660,675,458,0,39
660,676,458,0,39
660,677,458,0,39
660,678,458,0,39
660,679,458,0,39
660,680,458,0,39
660,681,458,0,39
660,682,458,0,39
660,683,458,0,39
660,684,458,0,39
660,685,458,0,39
660,686,458,0,39
660,687,458,0,39
660,688,458,0,39
660,689,458,0,39
660,690,458,0,39
660,691,458,0,39
660,692,458,0,39
660,693,458,0,39
660,694,458,0,39
660,695,458,0,39
660,696,458,0,39
660,697,458,0,39
660,698,458,0,39
660,699,458,0,39
660,700,458,0,39
660,701,458,0,39
660,702,458,0,39
660,703,458,0,39
660,704,458,0,39
660,705,458,0,39
660,706,458,0,39
660,707,458,0,39
660,708,458,0,39
660,709,458,0,39
660,710,458,0,39
660,711,458,0,39
660,712,458,0,39
660,713,458,0,39
660,714,458,0,39
660,715,458,0,39
660,716,458,0,39
660,717,458,0,39
660,718,458,0,39
660,719,458,0,39
660,720,458,0,39
660,721,458,0,39
660,722,458,0,39
660,723,458,0,39
660,724,458,0,39
675,625,86,0,54
675,626,86,0,54
675,627,86,0,54
675,628,86,0,54
675,629,86,0,54
675,630,86,0,54
675,631,86,0,54
675,632,86,0,54
675,633,86,0,54
675,634,86,0,54
675,635,86,0,54
675,636,86,0,54
675,637,86,0,54
675,638,86,0,54
675,639,86,0,54
675,640,86,0,54
675,641,86,0,54
675,642,86,0,54
675,643,86,0,54
675,644,86,0,54
675,645,86,0,54
675,646,86,0,54
675,647,86,0,54
675,648,86,0,54
675,649,86,0,54
675,650,86,0,54
675,651,86,0,54
675,652,86,0,54
675,653,86,0,54
675,654,86,0,54
675,655,86,0,54
675,656,86,0,54
675,657,86,0,54
675,658,86,0,54
675,659,86,0,54
675,660,86,0,54
675,661,86,0,54
675,662,86,0,54
675,663,86,0,54
675,664,86,0,54
675,665,86,0,54
675,666,86,0,54
675,667,86,0,54
675,668,86,0,54
675,669,86,0,54
675,670,86,0,54
675,671,86,0,54
675,672,86,0,54
675,673,86,0,54
675,674,86,0,54
675,676,86,0,54
675,677,86,0,54
675,678,86,0,54
675,679,86,0,54
675,680,86,0,54
675,681,86,0,54
675,682,86,0,54
675,683,86,0,54
675,684,86,0,54
675,685,86,0,54
675,686,86,0,54
675,687,86,0,54
675,688,86,0,54
675,689,86,0,54
675,690,86,0,54
675,691,86,0,54
675,692,86,0,54
675,693,86,0,54
675,694,86,0,54
675,695,86,0,54
675,696,86,0,54
675,697,86,0,54
675,698,86,0,54
675,699,86,0,54
675,700,86,0,54
675,701,86,0,54
675,702,86,0,54
675,703,86,0,54
675,704,86,0,54
675,705,86,0,54
675,706,86,0,54
675,707,86,0,54
675,708,86,0,54
675,709,86,0,54
675,710,86,0,54
675,711,86,0,54
675,712,86,0,54
675,713,86,0,54
675,714,86,0,54
675,715,86,0,54
675,716,86,0,54
675,717,86,0,54
675,718,86,0,54
675,719,86,0,54
675,720,86,0,54
675,721,86,0,54
675,722,86,0,54
675,723,86,0,54
675,724,86,0,54
685,625,353,0,64
685,626,353,0,64
685,627,353,0,64
685,628,353,0,64
685,629,353,0,64
685,630,353,0,64
685,631,353,0,64
685,632,353,0,64
685,633,353,0,64
685,634,353,0,64
685,635,353,0,64
685,636,353,0,64
685,637,353,0,64
685,638,353,0,64
685,639,353,0,64
685,640,353,0,64
685,641,353,0,64
685,642,353,0,64
685,643,353,0,64
685,644,353,0,64
685,645,353,0,64
685,646,353,0,64
685,647,353,0,64
685,648,353,0,64
685,649,353,0,64
685,650,353,0,64
685,651,353,0,64
685,652,353,0,64
685,653,353,0,64
685,654,353,0,64
685,655,353,0,64
685,656,353,0,64
685,657,353,0,64
685,658,353,0,64
685,659,353,0,64
685,660,353,0,64
685,661,353,0,64
685,662,353,0,64
685,663,353,0,64
685,664,353,0,64
685,665,353,0,64
685,666,353,0,64
685,667,353,0,64
685,668,353,0,64
685,669,353,0,64
685,670,353,0,64
685,671,353,0,64
685,672,353,0,64
685,673,353,0,64
685,674,353,0,64
685,675,353,0,64
685,676,353,0,64
685,677,353,0,64
685,678,353,0,64
685,679,353,0,64
685,680,353,0,64
685,681,353,0,64
685,682,353,0,64
685,683,353,0,64
685,684,353,0,64
685,686,353,0,64
685,687,353,0,64
685,688,353,0,64
685,689,353,0,64
685,690,353,0,64
685,691,353,0,64
685,692,353,0,64
685,693,353,0,64
685,694,353,0,64
685,695,353,0,64
685,696,353,0,64
685,697,353,0,64
685,698,353,0,64
685,699,353,0,64
685,700,353,0,64
685,701,353,0,64
685,702,353,0,64
685,703,353,0,64
685,704,353,0,64
685,705,353,0,64
685,706,353,0,64
685,707,353,0,64
685,708,353,0,64
685,709,353,0,64
685,710,353,0,64
685,711,353,0,64
685,712,353,0,64
685,713,353,0,64
685,714,353,0,64
685,715,353,0,64
685,716,353,0,64
685,717,353,0,64
685,718,353,0,64
685,719,353,0,64
685,720,353,0,64
685,721,353,0,64
685,722,353,0,64
685,723,353,0,64
685,724,353,0,64
704,625,134,0,83
704,626,134,0,83
704,627,134,0,83
704,628,134,0,83
704,629,134,0,83
704,630,134,0,83
704,631,134,0,83
704,632,134,0,83
704,633,134,0,83
704,634,134,0,83
704,635,134,0,83
704,636,134,0,83
704,637,134,0,83
704,638,134,0,83
704,639,134,0,83
704,640,134,0,83
704,641,134,0,83
704,642,134,0,83
704,643,134,0,83
704,644,134,0,83
704,645,134,0,83
704,646,134,0,83
704,647,134,0,83
704,648,134,0,83
704,649,134,0,83
704,650,134,0,83
704,651,134,0,83
704,652,134,0,83
704,653,134,0,83
704,654,134,0,83
704,655,134,0,83
704,656,134,0,83
704,657,134,0,83
704,658,134,0,83
704,659,134,0,83
704,660,134,0,83
704,661,134,0,83
704,662,134,0,83
704,663,134,0,83
704,664,134,0,83
704,665,134,0,83
704,666,134,0,83
704,667,134,0,83
704,668,134,0,83
704,669,134,0,83
704,670,134,0,83
704,671,134,0,83
704,672,134,0,83
704,673,134,0,83
704,674,134,0,83
704,675,134,0,83
704,676,134,0,83
704,677,134,0,83
704,678,134,0,83
704,679,134,0,83
704,680,134,0,83
704,681,134,0,83
704,682,134,0,83
704,683,134,0,83
704,684,134,0,83
704,685,134,0,83
704,686,134,0,83
704,687,134,0,83
704,688,134,0,83
704,689,134,0,83
704,690,134,0,83
704,691,134,0,83
704,692,134,0,83
704,693,134,0,83
704,694,134,0,83
704,695,134,0,83
704,696,134,0,83
704,697,134,0,83
704,698,134,0,83
704,699,134,0,83
704,700,134,0,83
704,701,134,0,83
704,702,134,0,83
704,703,134,0,83
704,705,134,0,83
704,706,134,0,83
704,707,134,0,83
704,708,134,0,83
704,709,134,0,83
704,710,134,0,83
704,711,134,0,83
704,712,134,0,83
704,713,134,0,83
704,714,134,0,83
704,715,134,0,83
704,716,134,0,83
704,717,134,0,83
704,718,134,0,83
704,719,134,0,83
704,720,134,0,83
704,721,134,0,83
704,722,134,0,83
704,723,134,0,83
704,724,134,0,83
708,625,153,0,87
708,626,153,0,87
708,627,153,0,87
708,628,153,0,87
708,629,153,0,87
708,630,153,0,87
708,631,153,0,87
708,632,153,0,87
708,633,153,0,87
708,634,153,0,87
708,635,153,0,87
708,636,153,0,87
708,637,153,0,87
708,638,153,0,87
708,639,153,0,87
708,640,153,0,87
708,641,153,0,87
708,642,153,0,87
708,643,153,0,87
708,644,153,0,87
708,645,153,0,87
708,646,153,0,87
708,647,153,0,87
708,648,153,0,87
708,649,153,0,87
708,650,153,0,87
708,651,153,0,87
708,652,153,0,87
708,653,153,0,87
708,654,153,0,87
708,655,153,0,87
708,656,153,0,87
708,657,153,0,87
708,658,153,0,87
708,659,153,0,87
708,660,153,0,87
708,661,153,0,87
708,662,153,0,87
708,663,153,0,87
708,664,153,0,87
708,665,153,0,87
708,666,153,0,87
708,667,153,0,87
708,668,153,0,87
708,669,153,0,87
708,670,153,0,87
708,671,153,0,87
708,672,153,0,87
708,673,153,0,87
708,674,153,0,87
708,675,153,0,87
708,676,153,0,87
708,677,153,0,87
708,678,153,0,87
708,679,153,0,87
708,680,153,0,87
708,681,153,0,87
708,682,153,0,87
708,683,153,0,87
708,684,153,0,87
708,685,153,0,87
708,686,153,0,87
708,687,153,0,87
708,688,153,0,87
708,689,153,0,87
708,690,153,0,87
708,691,153,0,87
708,692,153,0,87
708,693,153,0,87
708,694,153,0,87
708,695,153,0,87
708,696,153,0,87
708,697,153,0,87
708,698,153,0,87
708,699,153,0,87
708,700,153,0,87
708,701,153,0,87
708,702,153,0,87
708,703,153,0,87
708,704,153,0,87
708,705,153,0,87
708,706,153,0,87
708,707,153,0,87
708,709,153,0,87
708,710,153,0,87
708,711,153,0,87
708,712,153,0,87
708,713,153,0,87
708,714,153,0,87
708,715,153,0,87
708,716,153,0,87
708,717,153,0,87
708,718,153,0,87
708,719,153,0,87
708,720,153,0,87
708,721,153,0,87
708,722,153,0,87
708,723,153,0,87
708,724,153,0,87
